#BLTrackFile NTuple/Z140
#x y z Px Py Pz t PDGid EventID TrackID ParentID Weight
#mm mm mm MeV/c MeV/c MeV/c ns - - - - -
0.0250666 -0.0274338 140 -0.0123841 -0.00344039 11.5281 23.4684 -13 1 0 0 1
-0.0190195 -0.0272602 140 -0.00379713 -0.00108167 12.5844 26.5485 -13 2 0 0 1
0.0117614 0.140852 140 0.0356696 0.0118233 9.88153 7.63273 -13 3 0 0 1
0.0124278 0.00227896 140 -0.0015071 -0.00710751 11.1675 8.74801 -13 4 0 0 1
-0.0441525 -0.0449425 140 -0.0335725 0.00628404 6.93711 14.576 -13 5 0 0 1
-0.0967032 0.0120752 140 -0.0329403 0.0187152 7.68664 28.6843 -13 6 0 0 1
0.00651896 0.000138657 140 0.00265001 -0.00903684 12.0529 17.6986 -13 7 0 0 1
0.0333198 0.0399857 140 0.0270304 -0.00279686 5.21363 24.4269 -13 8 0 0 1
-0.093809 0.0275479 140 -0.0118646 0.0513165 13.6575 27.1754 -13 9 0 0 1
-0.0523202 -0.0211171 140 -0.0020454 0.0143297 13.2436 8.80057 -13 10 0 0 1
0.00346082 -0.0115755 140 -0.00270244 -0.0111936 10.6563 7.54072 -13 11 0 0 1
-0.0219849 0.0546506 140 -0.0026932 -0.0204302 11.829 8.34736 -13 12 0 0 1
0.0334526 -0.100286 140 -0.00669106 0.0173336 3.99359 18.6448 -13 13 0 0 1
0.00889058 -0.0333111 140 0.00605537 -0.0128115 10.3425 7.92742 -13 14 0 0 1
0.184417 -0.034812 140 0.0351187 -0.0369398 5.35183 28.918 -13 15 0 0 1
-0.0153376 -0.0612033 140 -0.0262565 -0.00784701 8.47043 8.88582 -13 16 0 0 1
0.0310678 -0.0294976 140 -0.0016327 0.000177745 14.5175 10.6403 -13 17 0 0 1
-0.0371948 -0.0257178 140 0.00859175 0.0200058 13.0954 32.9011 -13 18 0 0 1
0.0120807 0.0260524 140 0.0195227 -0.00281385 8.30743 23.85 -13 19 0 0 1
0.678312 -0.651612 140 0.0968982 -0.133626 2.7542 36.2928 -13 20 0 0 1
0.0326864 -0.000669149 140 0.00133417 -0.00944465 14.43 26.3826 -13 21 0 0 1
-0.145655 -0.0216671 140 -0.0127518 0.000126278 10.4877 6.66742 -13 22 0 0 1
0.0378118 0.0325758 140 0.0108014 -0.00405255 11.7889 33.8643 -13 23 0 0 1
0.187557 0.132231 140 0.0134223 -0.058143 8.35622 33.3474 -13 24 0 0 1
0 0 140 0 0 14.3722 17.7758 -13 25 0 0 1
-0.0141398 0.0910928 140 0.00713402 0.0250947 8.96147 21.3639 -13 26 0 0 1
-0.060471 -0.0586295 140 -0.00637966 -0.00856397 8.4962 16.4277 -13 27 0 0 1
-0.00440176 -0.04371 140 -0.0222265 -0.00305893 11.5909 32.2662 -13 28 0 0 1
-0.044198 -0.0331381 140 -0.0207834 -0.00940343 7.08538 28.8248 -13 29 0 0 1
-0.0349981 -0.00476296 140 0.00274072 0.0676411 13.6239 6.18527 -13 30 0 0 1
0.0161743 0.0217442 140 -0.00362302 0.00390534 10.3785 9.30422 -13 31 0 0 1
-0.0428394 -0.0401537 140 -0.0114695 -0.0435386 8.53107 11.6807 -13 32 0 0 1
0.448982 0.200592 140 0.275375 0.0370649 3.72622 38.9143 -13 33 0 0 1
0.0657275 -0.1971 140 -0.0764697 -0.00875391 13.6524 25.4209 -13 34 0 0 1
0.0675447 0.229485 140 0.0252639 -0.0105564 5.29869 36.4819 -13 35 0 0 1
0.0560491 -0.0180443 140 -0.0495034 0.00483048 8.62712 30.2895 -13 36 0 0 1
0.019592 0.00660542 140 0.00853382 -0.00660602 10.4198 33.1803 -13 37 0 0 1
-0.0148104 0.00223717 140 -0.0243841 0.00369237 11.8613 27.935 -13 38 0 0 1
-0.000703992 -0.000456269 140 0.00171455 0.00140805 9.53554 15.7979 -13 39 0 0 1
-0.0057044 0.0250675 140 0.00975197 -0.00144529 10.952 25.4619 -13 40 0 0 1
-0.00870029 0.00129412 140 -0.0279007 0.00415536 8.93638 9.05874 -13 41 0 0 1
-0.000121563 -0.0135769 140 0.00133153 -0.00506277 9.93813 26.9897 -13 42 0 0 1
0.0366511 -0.0294625 140 0.00140894 -0.0177203 14.4262 15.594 -13 43 0 0 1
-0.0413261 -0.052988 140 0.00874956 -0.0422035 11.3157 23.5737 -13 44 0 0 1
0.0388702 0.0179502 140 0.0174127 0.000469705 10.8881 29.5249 -13 45 0 0 1
-0.0852327 0.066576 140 0.0633476 -0.0182387 5.17885 14.3699 -13 46 0 0 1
0.00301511 -0.00742372 140 -0.00216378 -0.0016769 11.4287 12.8053 -13 47 0 0 1
0.00434213 0.598006 140 0.11874 0.0676511 6.82396 17.8965 -13 48 0 0 1
0.0376835 -0.00333603 140 -0.0158668 -0.00799671 13.2777 10.4663 -13 49 0 0 1
-0.00821972 -0.0140832 140 -0.0109613 0.0297779 4.50527 38.6522 -13 50 0 0 1
-0.0462327 -0.017147 140 -0.0140722 0.000850606 8.42573 18.3191 -13 51 0 0 1
-0.0396017 -0.0652876 140 -0.112285 -0.0200138 2.961 39.5051 -13 52 0 0 1
-0.000181284 0.0454245 140 0.0167071 0.0155423 8.248 7.87843 -13 53 0 0 1
0.1666 -0.218 140 -0.00977348 -0.0388023 3.34477 19.8328 -13 54 0 0 1
-0.00422367 -0.0178137 140 -0.00620978 0.0134773 10.4173 24.6109 -13 55 0 0 1
0 0 140 0 0 14.1335 12.7791 -13 56 0 0 1
-0.00726166 0.0119837 140 0.000261956 0.00737074 9.81063 32.7543 -13 57 0 0 1
0.0277232 0.0208629 140 -0.00222752 -0.019659 8.33796 13.4733 -13 58 0 0 1
0.191114 0.111008 140 0.0159245 -0.0650802 7.13207 24.5363 -13 59 0 0 1
0.0485056 0.0751962 140 0.0268222 -0.0214174 8.33813 27.9196 -13 60 0 0 1
0.0607536 0.00888818 140 -0.00519673 -0.0198771 13.9554 19.3277 -13 61 0 0 1
-0.0171381 -0.0109197 140 0.0285314 -0.00899821 9.38501 18.4 -13 62 0 0 1
-0.0133182 0.0270161 140 0.027901 0.0156358 14.0296 32.0317 -13 63 0 0 1
0.0352326 0.0305316 140 0.0251146 0.0231884 8.92575 18.5965 -13 64 0 0 1
-0.185417 -0.0991762 140 0.00209042 0.0516415 5.22835 14.8284 -13 65 0 0 1
-0.0455044 0.0250508 140 -0.0209105 -0.0017746 7.43136 20.2373 -13 66 0 0 1
0 0 140 0 0 11.5463 17.111 -13 67 0 0 1
-0.0787136 -0.0122322 140 -0.0316502 0.0632294 10.6766 24.4985 -13 68 0 0 1
0.00472545 -0.13005 140 -0.037334 -0.0180837 5.54769 23.021 -13 69 0 0 1
-0.0184287 -0.00377834 140 -0.000989971 0.00849206 11.183 9.95693 -13 70 0 0 1
0.0392835 -0.00454173 140 -0.0108514 -0.00952066 11.6966 8.42891 -13 71 0 0 1
0.0654585 -0.0596054 140 0.0175651 -0.0394241 10.3915 6.6289 -13 72 0 0 1
0.0233163 0.103757 140 0.00841607 -0.017661 6.20474 30.0047 -13 73 0 0 1
0.0248989 -0.0395857 140 -0.0257114 -0.0257915 10.7525 19.6915 -13 74 0 0 1
0.0196891 0.0745661 140 -0.0246467 -0.0451968 7.84269 34.5242 -13 75 0 0 1
-0.0436616 -0.0563892 140 -0.00962383 0.0209462 12.5021 29.855 -13 76 0 0 1
-0.0533135 0.0518197 140 0.00987223 0.0237074 8.26475 32.4254 -13 77 0 0 1
-0.0112459 0.00699691 140 0.0116258 -0.00121456 13.5577 17.5473 -13 78 0 0 1
-0.0069536 0.0374941 140 0.0106395 -0.0190696 12.6891 29.2225 -13 79 0 0 1
0.0516442 0.00894684 140 0.0179103 -0.00412809 10.3236 33.0012 -13 80 0 0 1
-0.119957 0.11016 140 0.0296448 0.0544269 8.72212 29.0468 -13 81 0 0 1
0 0 140 0 0 13.2126 27.1987 -13 82 0 0 1
-0.0364088 0.0623424 140 0.0268006 -0.00109008 9.87694 24.2236 -13 83 0 0 1
-0.0151931 -0.14899 140 -0.0448496 -0.0338742 6.40963 21.6549 -13 84 0 0 1
0 0 140 0 0 13.6161 7.81984 -13 85 0 0 1
0.0420534 0.0329718 140 0.0144229 0.000651228 7.99477 19.5702 -13 86 0 0 1
0.194383 0.0173403 140 0.0457643 -0.0614479 2.8498 45.0239 -13 87 0 0 1
0.00167346 0.0117595 140 0.0169843 0.0229759 8.55118 14.5681 -13 88 0 0 1
0.0171694 -0.00576792 140 0.00956131 -0.00529335 10.0024 16.2049 -13 89 0 0 1
0.0805655 -0.0650037 140 -0.0267248 -0.0284164 6.7392 16.4297 -13 90 0 0 1
-0.175229 0.0622824 140 0.0490318 0.0201912 7.19946 34.6208 -13 91 0 0 1
0.0753712 0.0114398 140 -0.0111149 -0.013725 6.74385 35.4512 -13 92 0 0 1
0.513994 0.0494908 140 0.00385041 -0.124526 7.73086 32.6017 -13 93 0 0 1
0.040858 -0.0802704 140 -0.0186076 -0.0197868 5.92604 17.5963 -13 94 0 0 1
-0.083234 0.0311104 140 0.0341133 0.0044719 10.7938 16.7411 -13 95 0 0 1
0.554375 -0.0786688 140 0.200311 0.133495 2.81065 23.5385 -13 96 0 0 1
0.0260246 0.00425078 140 -0.00439392 -0.00594438 12.8769 19.2849 -13 97 0 0 1
-0.0282678 -0.011391 140 -0.0374798 0.00768779 9.59804 13.6172 -13 98 0 0 1
-0.0142291 0.0190768 140 0.00301173 0.0124607 14.0221 9.11429 -13 99 0 0 1
0.0571001 -0.0947214 140 -0.0138039 -0.0357238 12.3271 5.34225 -13 100 0 0 1
-0.0946709 0.124444 140 -0.0336632 0.0052257 4.89656 26.4767 -13 101 0 0 1
-0.121105 0.786244 140 -0.159893 -0.0218164 2.07184 34.7569 -13 102 0 0 1
-0.0117712 -0.00836578 140 -0.00731857 -0.00217936 9.98963 28.6407 -13 103 0 0 1
0.00458024 0.02355 140 -0.00304818 0.0122615 9.6288 18.5054 -13 104 0 0 1
0.0253648 2.71828e-05 140 0.00755321 -0.0042455 8.85287 12.7289 -13 105 0 0 1
0.0502698 0.00534379 140 0.0274027 -0.0129937 10.337 33.2218 -13 106 0 0 1
-0.0476329 -0.045889 140 -0.00664579 0.0113874 13.7669 21.7021 -13 107 0 0 1
-0.0136912 -0.0415054 140 -0.0178842 0.0162307 7.39479 19.7944 -13 108 0 0 1
-0.00279815 0.0152742 140 0.000271512 -0.0103157 13.5825 4.69661 -13 109 0 0 1
-0.0801559 0.084046 140 0.032522 -0.0131365 5.60422 12.3055 -13 110 0 0 1
0.0248339 0.022812 140 -0.00492042 0.0111606 9.86568 9.18983 -13 111 0 0 1
0.0298753 -0.0449844 140 0.0617303 -0.0883841 7.72876 10.8112 -13 112 0 0 1
0.0226437 -0.0089099 140 -0.00184479 -0.00845185 11.9699 14.7606 -13 113 0 0 1
0.154547 -0.074658 140 -0.0313674 -0.0419966 8.10356 13.2395 -13 114 0 0 1
0.127168 0.101461 140 0.0433537 -0.0490702 13.2384 23.7123 -13 115 0 0 1
0.0442076 0.0189151 140 0.0201699 -0.0298182 10.3272 34.3927 -13 116 0 0 1
-0.115236 0.0661264 140 0.0336166 0.0243136 11.5917 9.75771 -13 117 0 0 1
0.0132506 -0.276425 140 -0.0460965 -0.0378994 5.95832 13.9314 -13 118 0 0 1
0.0671863 -0.0441934 140 -0.0109726 -0.0113339 10.9934 24.5911 -13 119 0 0 1
-0.00800067 0.0195244 140 -0.00261412 0.00977502 7.55578 20.9638 -13 120 0 0 1
0.046992 -0.0416087 140 -0.0227805 -0.0175204 8.00689 34.5275 -13 121 0 0 1
0.0396482 -0.0649443 140 -0.0156902 -0.0364773 9.07469 12.3512 -13 122 0 0 1
0.0686772 0.0679708 140 0.00400713 -0.0663652 5.17769 32.4818 -13 123 0 0 1
-0.0128235 0.00189488 140 -0.00348141 -0.0216086 13.0026 19.4611 -13 124 0 0 1
0 0 140 0 0 11.4875 31.2092 -13 125 0 0 1
-0.0167642 -0.0229865 140 0.000315499 0.0012826 11.7399 29.6573 -13 126 0 0 1
-0.0678959 -0.0214007 140 -0.00257802 0.0203625 9.67458 11.435 -13 127 0 0 1
-0.00818756 0.00579635 140 -0.000123353 -0.0131539 13.5123 13.6966 -13 128 0 0 1
0.00965128 -0.112431 140 -0.046493 0.00450148 13.508 16.7632 -13 129 0 0 1
0.0238113 0.0366901 140 0.0234498 -0.00413804 10.4731 27.3808 -13 130 0 0 1
0.035201 -0.104386 140 -0.00501938 -0.0972019 9.21632 14.0495 -13 131 0 0 1
-0.420228 -0.2212 140 0.123497 0.167499 13.2483 26.5366 -13 132 0 0 1
0.100153 0.0348528 140 -0.0103066 -0.0573761 14.5323 22.7333 -13 133 0 0 1
0.0547716 -0.0757012 140 0.0661539 -0.0277762 7.31672 25.9994 -13 134 0 0 1
0.0620065 0.0112966 140 -0.0272961 -0.0328506 13.3704 8.40468 -13 135 0 0 1
0.0307234 -0.0185932 140 -0.0122014 -0.00869997 12.9898 16.0886 -13 136 0 0 1
-0.023469 0.195067 140 0.0123463 -0.0098281 7.31166 11.4434 -13 137 0 0 1
-0.0472725 -0.0303565 140 -0.0183281 0.00978331 4.74666 16.2722 -13 138 0 0 1
-0.165193 0.0385434 140 0.0189255 0.046234 11.5109 24.4012 -13 139 0 0 1
0.000824526 -0.0387253 140 -0.0112509 -0.0105515 14.152 28.9692 -13 140 0 0 1
-0.0160746 -0.0081231 140 0.00885995 0.0037271 13.8309 5.10422 -13 141 0 0 1
-0.045912 -0.0454519 140 -0.0116761 0.00147247 13.7613 15.6808 -13 142 0 0 1
0.0342922 -0.0253718 140 0.0100541 -0.0153588 11.0459 10.5032 -13 143 0 0 1
0 0 140 0 0 14.4015 24.4594 -13 144 0 0 1
-0.0497336 -0.00995156 140 0.00443946 0.0070728 9.88602 30.7273 -13 145 0 0 1
0.0879614 0.0313458 140 0.0378871 0.0238116 9.25279 16.4168 -13 146 0 0 1
0.0099573 -0.0641332 140 -0.0144931 -0.0485207 11.2499 20.0802 -13 147 0 0 1
-0.00806999 -0.0329308 140 -0.0013341 3.56734e-05 7.44011 20.3706 -13 148 0 0 1
0.00246969 -0.227122 140 -0.080425 -0.00881838 7.0712 16.0475 -13 149 0 0 1
0.0219202 0.0037085 140 -0.00223154 -0.0125532 13.8587 24.5416 -13 150 0 0 1
-0.076568 0.0201896 140 0.016055 0.00968176 8.13324 10.0064 -13 151 0 0 1
-0.0192001 0.0165318 140 0.000197623 0.0155117 14.1406 28.1425 -13 152 0 0 1
0.139326 0.0632334 140 -0.00798407 -0.0506535 13.7024 27.7009 -13 153 0 0 1
-0.0918659 0.0691829 140 0.0493763 0.0340267 9.48255 22.8604 -13 154 0 0 1
0.0101932 0.00333158 140 -0.00241685 -0.00978265 9.97999 30.6138 -13 155 0 0 1
0.0176537 0.0205554 140 0.0174866 0.0076393 11.9955 21.2813 -13 156 0 0 1
-0.013558 0.0354281 140 0.00610963 0.00550842 13.2519 13.3733 -13 157 0 0 1
0.0905874 -0.0595033 140 0.00908231 -0.0397983 8.49578 16.5569 -13 158 0 0 1
-0.0121004 0.00864382 140 0.00143359 0.00564324 14.3436 26.783 -13 159 0 0 1
-0.124197 0.0736386 140 0.0401665 -0.0081307 7.57555 15.7209 -13 160 0 0 1
0.00277144 -0.00604187 140 0.00303309 -0.00289424 14.1155 10.8765 -13 161 0 0 1
-0.0905569 0.105179 140 0.024324 0.0340095 9.78418 20.7838 -13 162 0 0 1
0.0623683 -0.0451462 140 -0.0224118 -0.0245554 9.7808 8.5227 -13 163 0 0 1
-0.0228853 -0.0359042 140 -0.00645636 0.0135865 14.2267 24.0383 -13 164 0 0 1
-0.0175924 -0.00949943 140 -0.00464645 0.00384557 12.3514 29.0895 -13 165 0 0 1
-0.00876486 -0.0575097 140 -0.0550022 0.0281741 11.0402 33.5788 -13 166 0 0 1
0.0161429 -0.00472909 140 -0.0110885 -0.014379 9.89768 10.3716 -13 167 0 0 1
-0.00571717 0.00669155 140 0.00550676 -0.00112392 11.4378 5.72052 -13 168 0 0 1
0.0302757 0.0052336 140 0.0315044 -0.00044855 13.0753 30.5975 -13 169 0 0 1
0.0206531 0.102599 140 0.0524231 -0.0252932 8.96397 24.9218 -13 170 0 0 1
-0.0409563 0.0246496 140 -0.00379458 0.0222568 14.5205 25.8445 -13 171 0 0 1
-0.00539641 0.0475523 140 0.0120117 0.0111783 11.8725 19.256 -13 172 0 0 1
-0.0884292 -0.00256899 140 -0.00282889 0.0234414 13.0525 5.38342 -13 173 0 0 1
-0.0131619 0.016764 140 -0.000750202 -0.000535147 9.81111 29.172 -13 174 0 0 1
0.00485652 -0.000462581 140 -0.000899705 0.00597964 10.6861 7.64772 -13 175 0 0 1
-0.0264586 0.0183876 140 0.00147615 0.00815761 10.8046 19.3487 -13 176 0 0 1
0.258173 -0.121095 140 0.00850026 0.0376993 3.74744 20.1262 -13 177 0 0 1
-0.0499107 -0.0198114 140 0.0692454 0.0226486 5.70302 20.6232 -13 178 0 0 1
0.157552 0.923603 140 0.315937 0.0660797 5.73397 25.7464 -13 179 0 0 1
-0.170832 0.206123 140 -0.000278873 -0.215594 7.20211 30.8561 -13 180 0 0 1
-0.104349 0.0598759 140 0.0583971 0.0354144 8.82112 32.5659 -13 181 0 0 1
0.0297351 -0.0162846 140 -0.0150201 -0.00693862 9.28826 23.283 -13 182 0 0 1
0.0396715 -0.0464113 140 -0.00492709 -0.0362666 14.0373 9.35332 -13 183 0 0 1
-0.0261033 0.0180237 140 0.0100763 0.000686596 12.3037 9.19483 -13 184 0 0 1
-0.00425301 -0.0875299 140 -0.0177527 -0.043976 11.5121 20.5935 -13 185 0 0 1
0.00953194 -0.00419484 140 -0.00511323 0.00568384 11.8931 33.7489 -13 186 0 0 1
0.0726074 0.0398113 140 0.0145514 -0.0186755 4.92392 14.4314 -13 187 0 0 1
0.0585474 -0.0559493 140 -0.0273491 -0.0420906 8.62909 22.8334 -13 188 0 0 1
-0.19215 -0.210392 140 -0.069673 0.0218953 5.95404 10.0744 -13 189 0 0 1
-0.0080426 0.0773803 140 0.0218867 -0.000185335 8.46231 12.0052 -13 190 0 0 1
0.0210828 0.00879 140 0.00351861 -0.00589292 12.2533 10.4922 -13 191 0 0 1
-0.0990918 0.0853756 140 -0.0256221 0.0472295 12.1009 10.2702 -13 192 0 0 1
-0.0564322 0.102517 140 -0.00634656 0.0441777 10.3733 12.2691 -13 194 0 0 1
0.00721002 0.00550337 140 0.010534 0.00766745 10.8794 26.9187 -13 195 0 0 1
0.0332468 -0.0121343 140 0.0120995 -0.00764078 11.7081 34.0332 -13 196 0 0 1
-0.527313 -0.0461237 140 -0.139754 -0.0853446 1.7667 46.1357 -13 197 0 0 1
0.00607343 0.0071538 140 0.00434905 -0.00530782 12.3357 8.96889 -13 198 0 0 1
0.00390198 0.0168628 140 0.0093151 -0.00837948 12.9412 18.5792 -13 199 0 0 1
0.0350924 0.555762 140 -0.00772719 -0.210545 2.57732 38.527 -13 200 0 0 1
-0.0137185 -0.0111162 140 0.0203141 0.00101855 11.6188 26.4299 -13 201 0 0 1
-0.0096672 -0.00520393 140 -0.0443186 0.0423107 12.0269 25.4451 -13 202 0 0 1
-0.0177161 0.0260183 140 0.00393243 0.00903428 14.4684 24.5693 -13 203 0 0 1
-0.141869 0.0772878 140 0.0187177 0.0386115 5.58012 18.3264 -13 204 0 0 1
0.0600778 -0.0358029 140 0.0155499 -0.0415204 7.24176 18.4589 -13 205 0 0 1
0.213725 0.14623 140 0.214162 0.00893889 2.21565 49.7083 -13 206 0 0 1
-0.111195 0.054801 140 0.0225057 0.0252324 9.2604 33.7561 -13 207 0 0 1
0.356871 0.444763 140 -0.0238331 0.00788668 2.43605 39.094 -13 208 0 0 1
-0.0472224 -0.0042206 140 -0.0157846 0.0324691 13.7187 16.93 -13 209 0 0 1
-0.388573 -0.198499 140 -0.0808471 0.13045 3.52767 36.3635 -13 210 0 0 1
-0.0569982 0.255612 140 0.0278724 0.0112634 6.66888 23.0937 -13 211 0 0 1
0.0545157 0.0301578 140 0.0385952 0.000490501 13.9555 5.31743 -13 212 0 0 1
0.0276619 -0.0195564 140 0.00470701 -0.00427033 8.99335 34.8752 -13 213 0 0 1
-0.00474828 0.0210243 140 0.00420257 0.0233348 9.82043 23.6774 -13 214 0 0 1
0.0939892 0.134479 140 0.0971378 0.0407535 4.26457 25.6772 -13 215 0 0 1
-0.0268842 0.0316829 140 -0.0108758 0.0253175 9.9225 17.6397 -13 216 0 0 1
0.0124043 -0.020143 140 -0.00247436 -0.00635225 9.46775 18.6792 -13 217 0 0 1
-0.0605877 -0.149925 140 -0.0187808 -0.00655668 5.34755 24.8587 -13 218 0 0 1
-0.0158878 0.012679 140 -3.58599e-05 0.00605362 9.7779 15.7951 -13 219 0 0 1
0.0154848 0.030764 140 0.0023492 -0.0219156 13.3315 15.8855 -13 220 0 0 1
-0.0405322 -0.0659667 140 0.0219922 0.0126066 3.90802 22.548 -13 221 0 0 1
-0.009277 0.0623127 140 0.0444102 -0.0103813 8.94413 12.9538 -13 222 0 0 1
-0.00055422 0.0104873 140 0.0153262 -0.00702815 8.70165 9.54747 -13 223 0 0 1
-0.00601658 0.0647248 140 0.0292685 0.0384938 6.20141 37.3375 -13 224 0 0 1
0.0150886 0.00348754 140 -0.0042294 0.000928899 12.3575 25.2752 -13 225 0 0 1
0.0927286 0.0761683 140 0.0340485 -0.0328807 10.1137 24.3159 -13 226 0 0 1
0.0465452 -0.0385712 140 -0.0189193 -0.00329023 12.6328 24.0269 -13 227 0 0 1
0.0469263 -0.062459 140 -0.0206513 -0.0249048 13.5138 17.3436 -13 228 0 0 1
0.00314998 0.0418558 140 0.0127277 0.00162159 13.4554 14.8578 -13 229 0 0 1
-0.0144836 0.00889465 140 -0.0111019 -0.00182009 11.988 5.98394 -13 230 0 0 1
0.0700589 -0.0173669 140 -0.0528557 -0.0149899 9.0464 32.0903 -13 231 0 0 1
0.0309821 0.152582 140 0.0295459 -0.0318642 6.37774 27.2048 -13 232 0 0 1
-0.0767573 0.0378006 140 0.0371678 -0.0879764 10.988 32.8289 -13 233 0 0 1
-0.121703 -0.0143077 140 0.0128157 0.0446114 12.4982 7.33845 -13 234 0 0 1
0.052636 0.0608875 140 -0.007419 0.0121374 6.39005 31.6445 -13 235 0 0 1
0.0191067 -0.00268209 140 -0.0494371 0.0125645 4.69217 31.184 -13 236 0 0 1
-0.0372545 -0.0609012 140 -0.0381537 -0.00088245 8.39749 21.3597 -13 237 0 0 1
-0.0237641 -0.0972675 140 -0.0532312 0.0136467 9.52504 10.6523 -13 238 0 0 1
0.0147566 -0.00122293 140 -0.00328026 0.000856951 12.7938 15.9551 -13 239 0 0 1
0.0354863 0.0135019 140 0.0245082 -0.0132481 12.7621 9.62864 -13 240 0 0 1
-0.0284401 0.0562807 140 0.0228446 -0.0491548 12.8158 6.43993 -13 241 0 0 1
-0.0171358 0.0386363 140 -0.00173737 0.00745149 10.941 21.2491 -13 242 0 0 1
-0.0775187 -0.0255857 140 -0.00966052 0.0212546 13.8148 31.8037 -13 243 0 0 1
-0.00919072 0.0115466 140 -0.0665379 0.0147293 8.68438 29.5843 -13 244 0 0 1
-0.0117127 0.034396 140 0.00588942 -3.62753e-05 12.9336 16.5791 -13 245 0 0 1
0.0727768 0.0164929 140 0.0324882 0.00123995 8.13087 15.4433 -13 246 0 0 1
-0.158577 0.089682 140 0.038725 0.0782522 11.6545 15.0996 -13 247 0 0 1
-0.0121304 0.0114719 140 0.00799182 -0.00069904 11.8498 32.0183 -13 248 0 0 1
0.0335856 0.0167711 140 0.0070471 -0.00161056 12.3661 15.1533 -13 249 0 0 1
0.0104339 -0.0136777 140 -0.00576981 0.0183515 10.3689 24.6007 -13 250 0 0 1
0.0148291 0.0277432 140 0.000881139 0.01325 8.37387 32.5276 -13 251 0 0 1
0.0148296 -0.00605451 140 -0.00118701 -0.00103358 12.9878 11.7692 -13 252 0 0 1
0.150465 -0.335952 140 -0.120464 0.0183975 11.9419 25.744 -13 253 0 0 1
0.0750567 0.00282004 140 0.00532334 0.00233414 8.35159 10.9 -13 254 0 0 1
0.0511893 -0.0332143 140 -0.0201562 -0.0179109 12.0847 12.1241 -13 255 0 0 1
-0.0216824 0.0324971 140 0.0386858 0.0326097 12.2594 5.17235 -13 256 0 0 1
0.0629806 -0.0473048 140 -0.0364617 -0.00821029 11.2953 15.9236 -13 257 0 0 1
0.035203 -0.0107904 140 -0.0225425 0.0109112 11.7433 21.3352 -13 258 0 0 1
0.000811213 0.0211447 140 0.00623515 -0.00140284 14.4662 9.19443 -13 259 0 0 1
-0.0199403 0.0111323 140 -0.00053098 -0.000354638 14.2229 27.5765 -13 260 0 0 1
0.0969215 -0.105801 140 -0.0534341 -0.0178629 13.8506 18.9841 -13 261 0 0 1
0.00106381 0.0164937 140 0.00905489 0.00115595 12.9695 23.4471 -13 262 0 0 1
0.0239437 0.0028076 140 0.0182827 -0.00439401 10.5498 12.6644 -13 263 0 0 1
0.19716 0.0810849 140 -0.107372 -0.0528328 3.90307 37.0528 -13 264 0 0 1
-0.00289226 -0.0050059 140 -0.00230259 -0.00100086 12.8148 27.9323 -13 265 0 0 1
-0.0202605 0.0240218 140 -0.00314051 0.00238448 11.3368 29.2612 -13 266 0 0 1
0.0562145 0.0070344 140 -0.000791465 -0.0128578 14.072 26.3752 -13 267 0 0 1
-0.0354069 -0.0594986 140 -0.00501147 0.0283433 12.2804 10.0102 -13 268 0 0 1
0.0431733 -0.0188768 140 -0.00361044 -0.0156827 11.9209 16.3972 -13 269 0 0 1
0.0236117 -0.1111 140 -0.0709395 0.0904709 3.61852 42.9161 -13 270 0 0 1
0.0938175 -0.00730704 140 0.00574792 0.00681665 7.3539 34.5587 -13 271 0 0 1
0 0 140 0 0 14.4742 13.7157 -13 272 0 0 1
-0.00641103 -0.0579382 140 0.0137319 0.00479156 8.14861 16.8481 -13 273 0 0 1
0.00661571 -0.0110622 140 0.000561787 -0.00738641 12.6229 31.3141 -13 274 0 0 1
-0.0633 0.013956 140 0.00331026 0.018557 8.8302 25.673 -13 275 0 0 1
0.0217444 0.0250913 140 0.0181381 0.0061064 11.5462 10.4109 -13 276 0 0 1
-0.0306227 0.0625618 140 0.00859044 0.0162225 9.64503 30.5984 -13 277 0 0 1
0.00389773 0.017198 140 0.00476006 -0.00110417 13.7645 16.7093 -13 278 0 0 1
0.00768838 -0.0180012 140 -0.00670586 -0.00329289 13.3575 24.7021 -13 279 0 0 1
-0.0422142 0.0543023 140 -0.006091 0.0758053 6.35727 14.5988 -13 280 0 0 1
-0.0317479 -0.0109049 140 -0.00652987 0.00981395 8.18989 26.4623 -13 281 0 0 1
-0.0107245 -0.028346 140 -0.00369073 0.0149755 9.55191 28.9056 -13 282 0 0 1
0 0 140 0 0 10.7319 12.2599 -13 283 0 0 1
-0.0798507 -0.0089263 140 0.0127648 0.0154334 7.25626 20.8055 -13 284 0 0 1
-0.268999 -0.351849 140 -0.0825962 -0.0127112 3.44557 42.3795 -13 285 0 0 1
-0.0349647 -0.0228319 140 -0.00805015 -0.0101832 6.84184 33.6537 -13 286 0 0 1
0.0800514 0.0378778 140 -0.0114472 -0.000740713 10.9028 33.1243 -13 287 0 0 1
0.00234908 -0.0234387 140 -0.00686471 0.00533997 11.9822 30.0099 -13 288 0 0 1
0.0281595 -0.00639118 140 0.0235171 -0.0127332 9.4932 23.1972 -13 289 0 0 1
0.118564 -0.0342987 140 -0.069803 -0.0134448 9.10033 14.4861 -13 290 0 0 1
0.0234663 -0.0863465 140 -0.0111753 -0.0135482 7.00014 26.2968 -13 291 0 0 1
0.0165512 0.0485741 140 0.0086331 -0.00713483 13.2796 7.37812 -13 292 0 0 1
-0.00763038 -0.02952 140 -0.0113061 0.00996908 7.44625 36.1349 -13 293 0 0 1
0.000498237 -0.0401441 140 -0.0273129 -0.00449513 13.8315 33.5033 -13 294 0 0 1
-0.143998 0.103229 140 0.0469622 0.0337099 7.30532 30.2623 -13 295 0 0 1
-0.0520647 -0.148787 140 -0.0171013 0.0487017 6.11077 23.687 -13 296 0 0 1
-0.0155152 -0.035424 140 -0.0133129 -0.014885 11.9953 9.3106 -13 297 0 0 1
-0.054785 -0.068319 140 0.155981 0.0520022 2.47673 48.4897 -13 298 0 0 1
-0.00709025 -0.00793942 140 -0.00200978 0.00165618 12.199 17.2124 -13 299 0 0 1
-0.134603 0.0925978 140 0.0796503 -0.0339684 3.571 40.9385 -13 300 0 0 1
-0.0731273 -0.131827 140 -0.034152 0.00846451 8.27135 32.9176 -13 301 0 0 1
-0.0966866 0.156566 140 0.033222 0.0730623 7.57925 22.9008 -13 302 0 0 1
-0.0114674 -0.0408808 140 -0.0179309 -0.00261723 11.6752 17.6776 -13 303 0 0 1
0.0350115 0.0319705 140 0.0575338 0.0309845 7.77115 24.0547 -13 304 0 0 1
0 0 140 0 0 11.1005 15.0438 -13 305 0 0 1
-0.0131666 -0.00905987 140 0.009788 0.00532118 9.73843 20.9603 -13 306 0 0 1
0.0516948 -0.194814 140 -0.0474958 -0.00216066 4.61292 22.7888 -13 307 0 0 1
0.0132772 0.000765379 140 0.00605209 0.0129004 12.3919 10.9579 -13 308 0 0 1
-0.181466 0.229091 140 0.0788326 0.0294239 9.5915 25.744 -13 309 0 0 1
0.0270788 0.0755169 140 0.00160446 0.0239651 5.79529 18.5035 -13 310 0 0 1
-0.000797895 -0.00732753 140 -0.00184438 0.00219131 14.0137 21.1253 -13 311 0 0 1
-0.0147918 -0.0094141 140 -0.00545077 0.00592273 12.1709 11.5146 -13 312 0 0 1
-0.00920126 0.00272199 140 0.000406672 0.0035989 13.0546 6.08876 -13 313 0 0 1
0.0542368 0.0269844 140 -0.000212363 -0.00926839 13.8297 5.64907 -13 314 0 0 1
0.016996 0.0058497 140 0.0217491 -0.00238006 11.6401 8.54679 -13 315 0 0 1
-0.0255321 0.00343681 140 0.00976396 -0.0263432 9.11416 12.4179 -13 316 0 0 1
-0.1903 0.305566 140 -0.00336114 -0.020383 3.12421 24.6966 -13 317 0 0 1
0.127486 -0.123697 140 -0.0332066 0.00594621 6.15605 14.1494 -13 318 0 0 1
-0.0212307 -0.0157082 140 -0.0056651 0.00553326 13.8164 9.80343 -13 320 0 0 1
0.0587628 -0.0454565 140 -0.022896 -0.0249245 10.0187 11.0158 -13 321 0 0 1
0.0460477 0.047585 140 0.0296488 0.0066388 12.7633 10.0884 -13 322 0 0 1
0.159166 -0.0930011 140 -0.00495782 -0.0503717 6.23067 16.0084 -13 323 0 0 1
-0.162087 0.312064 140 0.173903 0.18004 2.34308 44.2561 -13 324 0 0 1
-0.0539712 -0.184348 140 -0.0153309 0.096943 11.4677 31.5905 -13 325 0 0 1
-0.0124873 -0.0330195 140 -0.00496599 -0.0130072 10.7347 25.4592 -13 326 0 0 1
0.0022228 0.0109627 140 0.000260344 -0.00408513 12.4815 17.5213 -13 327 0 0 1
-0.244196 0.137368 140 0.107866 0.106896 4.46776 32.3797 -13 328 0 0 1
-0.0196623 0.0247153 140 0.005857 0.0087487 11.9998 26.8181 -13 329 0 0 1
0.00260667 0.0318047 140 0.0123068 -0.0020541 9.01847 14.1776 -13 330 0 0 1
0.015467 -0.0534853 140 -0.0243636 -0.0127657 5.6779 10.1675 -13 331 0 0 1
0.0994544 -0.000209083 140 -0.00244934 -0.0587848 5.09674 16.3513 -13 332 0 0 1
0.0436132 0.0335354 140 0.00643921 -0.0217926 9.89776 16.7644 -13 333 0 0 1
0 0 140 0 0 12.8614 6.92975 -13 334 0 0 1
0 0 140 0 0 14.2582 25.0685 -13 335 0 0 1
0.0196193 -0.0244218 140 0.036063 0.00409011 5.81106 22.8743 -13 336 0 0 1
0.0103857 0.0349049 140 0.0104707 0.00993488 13.7418 22.4444 -13 337 0 0 1
0.020802 -0.0313198 140 -0.0243358 0.0119887 9.67659 30.1446 -13 338 0 0 1
0.00599297 -0.0232828 140 0.00211404 0.0168495 9.36747 34.5032 -13 339 0 0 1
-0.109019 -0.692318 140 -0.0877153 -0.225501 2.16734 49.2633 -13 340 0 0 1
0.00243664 0.00775417 140 0.00550971 -0.00537701 12.4687 32.0013 -13 341 0 0 1
0.590787 -0.440113 140 -0.0506433 0.0264335 0.867756 59.9201 -13 342 0 0 1
0.135197 0.12134 140 -0.0284472 0.0280099 2.77465 46.4799 -13 343 0 0 1
0.0175098 -0.0108926 140 -0.0045411 -0.00556688 13.2588 10.5745 -13 344 0 0 1
0.0159344 0.0343773 140 0.0137481 0.00588757 9.74061 6.26952 -13 345 0 0 1
0.00116585 0.0258659 140 0.0119736 0.00170294 13.4641 19.272 -13 346 0 0 1
-0.0577187 0.0268079 140 0.00588632 0.0167163 12.1251 19.193 -13 347 0 0 1
0.053107 0.0688291 140 0.0152545 -0.0244506 13.8024 30.4215 -13 348 0 0 1
0.0895287 0.0244621 140 0.0261317 0.0153933 7.20028 21.5886 -13 349 0 0 1
0.0230196 -0.0448284 140 -0.00130294 0.00525552 7.82623 30.0445 -13 350 0 0 1
4.5323 -1.14801 140 -0.532925 -0.942266 4.59675 19.1122 -13 351 0 0 1
0.0607876 -0.901963 140 -0.227207 0.0174921 4.40014 23.5614 -13 352 0 0 1
-1.28035 -0.825552 140 0.333631 0.000480565 1.43196 35.8096 -13 353 0 0 1
0.152851 -0.195521 140 -0.058653 -0.0412836 10.8763 32.3071 -13 354 0 0 1
0.0300688 -0.234912 140 0.011651 -0.191039 3.53218 32.984 -13 355 0 0 1
0.0187634 -0.0114772 140 -0.0117094 -0.00993199 9.80034 33.3752 -13 356 0 0 1
-0.126395 0.0353435 140 -0.0170646 0.0344154 10.6992 32.4353 -13 357 0 0 1
0.0788464 -0.135081 140 -0.0593204 0.0111909 10.9242 22.487 -13 358 0 0 1
0.0102521 -0.00675185 140 0.00113362 0.014737 11.808 10.8823 -13 359 0 0 1
-0.0245006 0.0404222 140 0.0113296 0.000354066 13.5212 25.6892 -13 360 0 0 1
-0.151492 -0.173815 140 -0.0286771 0.0839727 4.07744 18.449 -13 361 0 0 1
-0.0103929 0.04573 140 -0.0127425 -0.00191453 8.78467 7.06076 -13 362 0 0 1
-0.00800065 -0.00397591 140 -0.00921804 -0.00261505 12.2195 32.9758 -13 363 0 0 1
-0.0575565 -0.0716116 140 -0.00863914 0.0321286 14.4634 8.66398 -13 364 0 0 1
0.040678 -0.0524122 140 -0.00749054 0.00712977 11.8592 9.42024 -13 365 0 0 1
-0.0918441 -0.0527074 140 -0.0352852 0.0236243 7.93629 7.70071 -13 366 0 0 1
-0.00958642 0.00605357 140 0.00864224 -0.00421112 11.7261 29.2978 -13 367 0 0 1
-0.0338665 -0.0336703 140 0.019222 0.0175547 6.12953 27.9245 -13 368 0 0 1
-0.366944 -0.241112 140 -0.194663 -0.031247 2.45299 40.8993 -13 369 0 0 1
-0.105014 0.0595598 140 0.00605787 0.0369925 6.55117 11.9786 -13 370 0 0 1
-0.206489 0.108317 140 -0.0637625 0.151274 14.5304 21.596 -13 371 0 0 1
0.490204 -0.429192 140 0.229259 -0.305389 2.83511 45.4042 -13 372 0 0 1
0.0166843 0.00333486 140 0.0125537 -0.00253168 14.2068 13.0874 -13 373 0 0 1
-0.326487 -0.152608 140 -0.00614928 0.0102 5.08632 16.1345 -13 374 0 0 1
-0.0162844 0.0504625 140 -0.00939418 0.0165103 13.3757 26.1206 -13 375 0 0 1
0.0844113 0.0455742 140 -0.0910835 0.0203912 6.70237 20.796 -13 376 0 0 1
0.00545202 -0.0115372 140 -0.000208678 -0.0102975 10.542 15.2874 -13 377 0 0 1
0.119148 0.474665 140 0.072589 -0.159335 2.42472 23.0517 -13 378 0 0 1
0.00644023 0.0515417 140 0.0102464 -0.0255392 7.47647 10.2361 -13 379 0 0 1
-0.0296445 0.109383 140 0.0198944 0.0401888 10.7403 10.3997 -13 380 0 0 1
-0.0729728 0.200859 140 0.0454157 0.0338645 7.8895 19.4642 -13 381 0 0 1
0.0270551 0.00219351 140 0.0012025 -0.0078491 13.4229 16.7371 -13 382 0 0 1
-0.402117 0.178868 140 0.0187744 -0.0559788 1.81969 49.5856 -13 383 0 0 1
0.0106531 -0.0020745 140 0.00156888 -0.00355065 14.1253 18.4799 -13 384 0 0 1
-0.0310141 -0.00254656 140 -0.019431 -0.0300551 14.4673 13.0989 -13 386 0 0 1
-0.0114102 0.00178685 140 0.00730942 0.00168882 14.4416 21.7501 -13 387 0 0 1
0.0163017 0.00801859 140 0.00502929 -0.000483446 9.42044 29.4897 -13 388 0 0 1
0.0180494 0.0195792 140 0.00748753 -0.00292081 13.5102 22.7689 -13 389 0 0 1
0.0254948 -0.010282 140 0.00569228 -0.0104037 10.3372 14.5493 -13 390 0 0 1
-0.0443194 -0.103711 140 -0.0437459 -0.00959398 8.73973 34.4443 -13 391 0 0 1
0.104663 -0.202373 140 -0.0319909 -0.0188175 8.20202 33.8913 -13 392 0 0 1
0.0259544 -0.062705 140 0.00710385 -0.0684843 4.16116 15.6261 -13 393 0 0 1
-0.00168526 0.0223096 140 -0.011028 0.0340024 4.14629 22.2537 -13 394 0 0 1
0.0342532 -0.547199 140 -0.160385 -0.0435018 14.1144 12.9487 -13 395 0 0 1
-0.0598727 -0.000599626 140 -0.0128201 0.0301125 7.15593 23.6256 -13 396 0 0 1
-0.0695705 -0.0199131 140 -0.0278642 0.0191357 14.5293 11.3473 -13 397 0 0 1
0.031698 0.0218951 140 0.00625811 -0.00902552 13.3144 11.5973 -13 398 0 0 1
0.138934 -0.0121618 140 -0.00944632 -0.0388389 12.6478 7.87683 -13 399 0 0 1
-0.00719353 0.15725 140 0.0385357 -0.00209659 11.6687 16.2085 -13 400 0 0 1
-0.0367648 0.0225218 140 -0.00642232 0.000251614 11.1933 18.2156 -13 401 0 0 1
0.0482108 -0.0729655 140 -0.032499 -0.0196211 7.36129 8.86091 -13 402 0 0 1
0.0275606 0.068042 140 -0.0227132 0.0278281 5.80791 29.0562 -13 403 0 0 1
-0.00684703 0.113584 140 0.0364022 0.00472611 14.4003 12.3886 -13 404 0 0 1
-0.202754 -0.0509108 140 0.0644102 0.0661548 12.864 21.5679 -13 405 0 0 1
-0.0341402 -0.0113467 140 -0.00261584 0.00773132 7.18893 22.6571 -13 406 0 0 1
0.0182741 -0.0433782 140 -0.062833 0.0115619 4.89552 34.7244 -13 407 0 0 1
-0.00748071 0.00244952 140 -0.00108799 0.00764676 10.9365 26.5796 -13 408 0 0 1
0.0415175 -0.0383229 140 -0.00715651 -0.0160258 12.2192 8.12264 -13 409 0 0 1
-6.29056e-05 0.014157 140 0.00391804 0.00238061 7.24928 17.5761 -13 410 0 0 1
-0.117364 0.0309778 140 0.0315754 0.0459545 6.90569 12.8693 -13 411 0 0 1
0.0876648 0.0113485 140 -0.0177683 -0.0311558 7.34518 12.0496 -13 412 0 0 1
0.0349309 0.16206 140 0.0571382 0.0444374 5.79556 9.96534 -13 413 0 0 1
0 0 140 0 0 9.86055 12.1635 -13 414 0 0 1
0.0165433 -0.0414872 140 -0.0181231 -0.010678 8.33378 13.6699 -13 415 0 0 1
-0.0260697 -0.0214965 140 -0.011489 0.00113081 12.6613 18.2995 -13 416 0 0 1
0.0330521 -0.00983714 140 0.0173151 -0.0154597 6.61633 14.0114 -13 417 0 0 1
-0.0269353 -0.0267672 140 -0.00508051 -0.00280924 10.0619 31.836 -13 418 0 0 1
0.153392 0.0432991 140 0.0122396 0.00369315 7.73412 20.825 -13 419 0 0 1
-0.0280862 0.125857 140 0.0482783 0.0291361 12.4967 14.4407 -13 420 0 0 1
-0.0311885 -0.0165838 140 -0.0167996 9.82182e-05 13.2169 9.08078 -13 421 0 0 1
0.00250422 -0.00523184 140 -0.0120629 -0.0141308 7.1402 11.5205 -13 422 0 0 1
0.263239 0.52205 140 -0.0677249 -0.0278142 2.13306 41.0008 -13 423 0 0 1
0.0374593 -0.041462 140 -0.00803294 -0.0169201 9.35705 15.7828 -13 424 0 0 1
0.0233818 -0.109888 140 -0.0337246 -0.090951 5.23417 39.1648 -13 425 0 0 1
0.0606788 -0.07317 140 -0.010204 -0.0215698 5.21251 34.4788 -13 426 0 0 1
-0.00554845 -0.00150037 140 0.000524084 -0.00460642 10.8259 30.8422 -13 427 0 0 1
-0.0647487 0.0527818 140 0.00704321 0.0102236 7.07097 15.7822 -13 428 0 0 1
-0.0747054 -0.0223388 140 0.0193421 -0.0175568 7.85785 19.9235 -13 429 0 0 1
-0.0552395 0.0241004 140 0.00414509 0.0489383 9.96718 15.8394 -13 430 0 0 1
-0.00967663 0.00930192 140 0.00142038 -0.00605528 10.8636 15.0223 -13 431 0 0 1
0.0357567 -0.0943606 140 -0.0424907 -0.00379733 9.97894 23.6134 -13 432 0 0 1
-0.104339 -0.19525 140 -0.0625689 0.0352353 11.0654 30.1975 -13 433 0 0 1
0 0 140 0 0 13.7115 15.426 -13 434 0 0 1
-0.0482108 0.0151985 140 0.010049 0.0130816 11.4046 19.7879 -13 435 0 0 1
0.00965 -0.0314523 140 -0.00190387 -0.0371626 11.2643 11.675 -13 436 0 0 1
0.0943161 0.0129973 140 0.000883376 -0.0324119 10.7214 16.4343 -13 437 0 0 1
-0.00192057 -0.00186189 140 -0.00174322 -0.000575705 11.14 21.3428 -13 438 0 0 1
-0.0383637 0.018852 140 0.00836704 0.0121429 11.9607 33.1715 -13 439 0 0 1
0.0981839 0.08773 140 0.0121595 -0.00562032 8.87841 27.0677 -13 440 0 0 1
-0.154693 0.00741167 140 -0.00727407 0.0518051 11.4385 18.981 -13 441 0 0 1
0.038098 -0.122483 140 -0.0233936 -0.0311956 4.28663 14.535 -13 442 0 0 1
0.0455401 0.0109398 140 0.0399555 -0.0272871 7.62224 32.6214 -13 443 0 0 1
0.0565804 0.00316224 140 0.0148403 0.00459094 11.4063 15.6387 -13 444 0 0 1
0.0350465 -0.154069 140 -0.0328717 -0.0240549 8.03897 32.473 -13 445 0 0 1
-0.0217905 0.0087924 140 0.0142541 -0.000283999 13.4111 30.9137 -13 446 0 0 1
-0.00744065 -0.0169856 140 0.00673242 0.0176885 11.5998 16.8605 -13 447 0 0 1
0.110605 0.110423 140 0.064979 -0.0377144 9.82524 9.15276 -13 448 0 0 1
0.0245178 0.115388 140 0.0466174 0.0117179 8.21326 11.2765 -13 449 0 0 1
0.00311509 -0.110372 140 -0.0401248 0.0181729 12.3676 33.7366 -13 450 0 0 1
0.0184894 -0.042666 140 -0.0216104 -0.0098703 7.89729 27.3601 -13 451 0 0 1
0.0049041 -0.00395363 140 -0.0266735 0.0256738 11.8962 31.1636 -13 452 0 0 1
0.00396249 0.0115717 140 0.000938904 -0.00853959 12.9865 32.1471 -13 453 0 0 1
-0.0103758 0.0249502 140 0.00383497 0.00855139 9.58701 14.9932 -13 454 0 0 1
-0.182856 0.126281 140 0.0621207 -0.0147123 2.57781 23.8935 -13 455 0 0 1
-0.00358841 -0.0221407 140 -0.00477269 0.0122968 14.0192 7.8891 -13 456 0 0 1
0.00203118 -0.00456897 140 -0.00474267 -0.0323473 9.4684 7.40382 -13 457 0 0 1
0.0179885 0.043764 140 0.00290095 -0.0129851 11.6271 31.4807 -13 458 0 0 1
-0.0721608 -0.0235887 140 0.00462738 0.0165656 8.04178 15.5005 -13 459 0 0 1
-0.0150605 -0.0144238 140 0.00314034 0.0336232 10.6011 8.30726 -13 460 0 0 1
-0.0280061 0.00919033 140 0.00428747 0.000710039 13.4699 30.1486 -13 461 0 0 1
0.0112575 0.0347634 140 0.0045538 -0.0152774 13.6943 30.2842 -13 462 0 0 1
-0.00810604 -0.0255584 140 -0.0149073 0.0257269 7.72961 19.1949 -13 463 0 0 1
0.0621949 -0.0696225 140 0.0162281 -0.0411801 4.13103 40.2222 -13 464 0 0 1
0.116441 -0.0237599 140 0.00919389 -0.0601574 9.91191 11.1467 -13 465 0 0 1
-0.0621686 0.19423 140 0.0409433 0.00167537 7.44382 8.98595 -13 466 0 0 1
-0.0327551 -0.00108454 140 0.00798968 0.00975203 14.0889 7.29295 -13 467 0 0 1
-0.0523175 0.0183384 140 -0.0200727 -0.00385173 8.85114 16.6545 -13 468 0 0 1
0.288856 0.237662 140 0.00540702 -0.091789 5.03181 27.7105 -13 469 0 0 1
-0.120749 -0.166585 140 -0.0183701 0.0820045 6.53932 10.8701 -13 470 0 0 1
-0.114685 -0.729844 140 -0.246397 0.144669 2.31852 26.7912 -13 471 0 0 1
-0.00848749 0.0470714 140 0.0174588 0.0120007 10.0757 25.8461 -13 472 0 0 1
-0.229412 -0.3345 140 -0.0829022 0.108624 5.52147 11.5411 -13 473 0 0 1
-0.00915919 0.0486471 140 0.00347217 -0.0297291 8.28368 21.8555 -13 474 0 0 1
0.00698745 0.00113974 140 0.00401392 0.00168885 11.8055 15.0786 -13 475 0 0 1
0.0032967 0.00172779 140 0.0015779 -0.000383948 7.89571 7.98919 -13 476 0 0 1
0.0653943 0.0512127 140 0.0242281 0.00260764 9.54915 21.9878 -13 477 0 0 1
0.112326 -0.0364533 140 0.0414187 -0.0870555 9.77298 8.61543 -13 478 0 0 1
0.100222 0.159194 140 0.084907 0.0363287 5.51309 12.5066 -13 479 0 0 1
0.00621141 0.0241659 140 0.0191206 -0.00684985 10.7332 22.3507 -13 480 0 0 1
-0.103705 -0.191282 140 -0.053268 0.0107032 9.02862 20.5299 -13 481 0 0 1
-0.0423815 0.0729366 140 0.000230065 0.0309782 6.62085 37.2323 -13 482 0 0 1
0.00565036 -0.004975 140 -0.00199314 0.00784267 14.0554 33.1944 -13 483 0 0 1
0.0229401 -0.0243937 140 -0.00880473 0.0255544 7.54289 21.3197 -13 484 0 0 1
0.00547107 0.075879 140 0.0158972 0.0195339 11.386 8.55769 -13 485 0 0 1
-0.011823 -0.111818 140 -0.034799 -0.00144295 7.37347 15.1304 -13 486 0 0 1
0.101694 -0.0129978 140 0.00766481 -0.0286816 13.0309 22.5147 -13 487 0 0 1
-0.0361807 -0.0986727 140 -0.0296967 -0.111553 5.46044 30.332 -13 488 0 0 1
-0.0182507 0.00750188 140 0.00251608 -0.010284 13.8991 8.92294 -13 489 0 0 1
-0.283969 -0.116767 140 0.00624391 0.106565 4.11044 16.8856 -13 490 0 0 1
0.183484 0.102643 140 0.0602304 -0.0632692 7.62556 31.9574 -13 491 0 0 1
-0.0874737 0.055779 140 0.0223501 0.0216119 13.9428 8.31073 -13 492 0 0 1
0.0313396 -0.0434755 140 -0.00298175 -0.0288261 12.4434 29.3697 -13 493 0 0 1
-0.0406948 -0.0165465 140 0.00185924 0.0101145 12.9707 27.9195 -13 494 0 0 1
0.0884804 0.0921309 140 0.033409 -0.0262685 14.4574 5.36554 -13 495 0 0 1
0.121404 -0.00356089 140 0.0141855 -0.0366988 10.741 12.2585 -13 496 0 0 1
0.0109994 0.0608557 140 0.0304319 -0.00122333 14.0753 5.14328 -13 497 0 0 1
-0.0106138 0.0139478 140 -0.000863577 0.00393858 13.5753 20.5836 -13 498 0 0 1
0.0683033 0.00471421 140 0.0132372 -0.00958484 11.982 20.453 -13 499 0 0 1
0.0402966 0.0904777 140 0.0354091 0.000160132 12.6756 17.7901 -13 500 0 0 1
-0.0124258 -0.0130463 140 -0.00243121 0.00805913 10.9092 15.3635 -13 501 0 0 1
-0.0159797 0.0184564 140 0.00796876 0.00194036 14.441 9.19884 -13 502 0 0 1
-0.0157039 -0.00296213 140 0.0111202 0.00469147 10.2691 11.2416 -13 503 0 0 1
-0.0031966 -0.0543808 140 -0.0176636 -0.00267703 11.2009 21.9378 -13 504 0 0 1
-0.177565 -0.416124 140 -0.234534 -0.0261464 3.8958 30.1729 -13 505 0 0 1
0.0174395 -0.013048 140 0.00854671 -0.00192246 8.72957 14.277 -13 506 0 0 1
0.0138668 -0.0254263 140 0.0095339 -0.00445289 12.4719 16.3747 -13 507 0 0 1
0.00622286 -0.016267 140 -0.0216687 0.00167005 11.4451 30.4379 -13 508 0 0 1
0.0291427 0.0763977 140 0.0175147 0.0256016 8.24792 27.155 -13 509 0 0 1
0.00244177 0.00333942 140 -0.0147956 0.0117971 10.5751 15.2352 -13 510 0 0 1
0.000564219 -0.000141732 140 0.000832739 -0.00550403 10.4617 8.44531 -13 511 0 0 1
0.030203 -0.0431504 140 -0.0264376 -0.0277625 12.9019 22.3391 -13 512 0 0 1
0.0045852 -0.00630946 140 0.00220321 -0.00334414 13.356 5.01469 -13 513 0 0 1
-0.0204847 -0.0622139 140 -0.00229528 -0.00148749 8.00332 12.4636 -13 514 0 0 1
0.00301465 0.018836 140 0.0119871 -0.00485355 10.2543 29.1745 -13 515 0 0 1
-0.0479433 -0.118712 140 -0.0318057 -0.0527001 4.10643 21.4473 -13 516 0 0 1
0.0179253 0.0148878 140 0.00670806 -0.00342379 8.25549 9.67271 -13 517 0 0 1
0.0539353 0.0185879 140 0.00105018 -0.00358105 12.3915 9.67415 -13 518 0 0 1
0.0257813 -0.0294545 140 -0.00805331 -0.00477958 11.6798 23.5767 -13 519 0 0 1
-0.0475487 0.0249839 140 0.0010227 0.0143397 11.6559 21.9993 -13 520 0 0 1
-0.597199 0.522034 140 0.205205 0.00978012 0.484782 61.4922 -13 521 0 0 1
0 0 140 0 0 12.9609 15.8704 -13 522 0 0 1
0.0515686 -0.00727983 140 0.000904511 -0.0104962 13.5911 20.221 -13 523 0 0 1
0.207596 -0.0271579 140 -0.0729846 -0.0255069 4.11149 38.3174 -13 524 0 0 1
-0.00600373 -0.00326299 140 -0.0121506 0.0317447 9.73698 12.8487 -13 525 0 0 1
-0.0116222 0.0163442 140 0.0136806 0.00692379 11.7184 24.5185 -13 526 0 0 1
0.16597 0.313825 140 0.0159161 -0.0533221 3.49476 42.9079 -13 527 0 0 1
0 0 140 0 0 12.5067 20.5909 -13 528 0 0 1
-0.0199476 0.000656363 140 -0.0109915 0.0145016 11.2911 27.8285 -13 529 0 0 1
-0.023958 0.00232288 140 0.0100051 -0.00744103 8.3418 29.1409 -13 530 0 0 1
-0.0188976 0.00179043 140 0.00118873 -0.00402343 12.9645 18.0806 -13 531 0 0 1
0.0216732 -0.0180846 140 -0.0108217 -0.0017559 13.8509 33.2023 -13 532 0 0 1
0.0642841 0.0410528 140 0.00354826 -0.00814263 9.09518 29.0429 -13 533 0 0 1
-0.0321038 -0.0429754 140 -0.0534743 -0.0141414 9.18526 29.3086 -13 534 0 0 1
-0.00484307 -0.00248987 140 -0.00600201 -0.00325983 9.85882 8.28667 -13 535 0 0 1
0.0082055 0.00559605 140 -0.0191557 -0.0034431 13.0564 13.5015 -13 536 0 0 1
0.0104979 -0.0929179 140 -0.102301 -0.0411364 4.63896 25.6649 -13 537 0 0 1
-0.0502288 0.00105951 140 -0.010402 0.0197018 14.4826 22.1738 -13 538 0 0 1
0.286177 -0.0167686 140 -0.033702 -0.138692 11.296 10.6667 -13 539 0 0 1
0.0298455 -0.0498801 140 -0.0142884 -0.000791552 11.2808 30.5081 -13 540 0 0 1
-0.0483492 0.0089564 140 0.0527521 0.00408161 7.43026 29.028 -13 541 0 0 1
0.0440468 0.0030118 140 0.00702337 -0.0244413 12.8309 8.15224 -13 542 0 0 1
0.187616 0.165951 140 0.05388 -0.0378698 8.56665 19.033 -13 543 0 0 1
-0.00413103 -0.0138775 140 0.00147648 0.00551817 13.7414 32.0244 -13 544 0 0 1
-0.0880757 0.000331776 140 -0.0537918 0.0629442 5.0689 36.3006 -13 545 0 0 1
0.0868243 0.00239871 140 -0.00395186 -0.025737 6.7337 27.6361 -13 546 0 0 1
-0.0336605 -0.0479165 140 -0.0158 0.0111096 10.6975 24.7282 -13 547 0 0 1
-0.0315283 -0.0490507 140 0.00174518 0.00591834 9.88747 24.6459 -13 548 0 0 1
-0.00307322 0.0521044 140 0.0188588 0.021959 9.65036 31.2896 -13 549 0 0 1
0.0457944 0.0402335 140 0.00290793 -0.0188025 8.6355 22.8205 -13 550 0 0 1
0.0300216 0.0597537 140 -0.00227296 -0.0488785 10.6002 10.947 -13 551 0 0 1
-0.127105 0.0354173 140 0.000618927 0.0659407 11.3357 14.9726 -13 552 0 0 1
-0.14367 0.0591993 140 0.0162085 0.0721178 7.94138 18.4913 -13 553 0 0 1
0.047501 0.00321819 140 0.0194393 -0.148876 5.15644 11.5791 -13 554 0 0 1
0.0429459 -0.0197936 140 0.0037901 0.0202662 8.00768 34.1075 -13 555 0 0 1
0.0631687 -0.117898 140 -0.0413545 -0.0201586 6.23256 29.2725 -13 556 0 0 1
-0.0389199 0.0491369 140 0.00436155 0.0156571 13.5765 10.6036 -13 557 0 0 1
-0.148134 -0.237829 140 -0.0349909 -0.02938 1.38334 42.3194 -13 558 0 0 1
-0.0230251 0.0618352 140 0.0399241 -0.00241108 10.9496 33.242 -13 559 0 0 1
-0.0170325 -0.00319471 140 -0.0328776 -0.00662583 13.6114 4.88545 -13 560 0 0 1
-0.0162171 -0.00581923 140 -0.0241142 0.0421029 5.35968 36.4294 -13 561 0 0 1
-0.0165624 -0.0236079 140 -0.00770344 0.00591261 11.0621 8.60704 -13 562 0 0 1
0.000638884 -0.000835711 140 0.00062592 0.00916513 12.1218 19.9067 -13 563 0 0 1
-0.0268349 -0.00108141 140 0.0095026 -0.00805515 10.5898 33.3574 -13 564 0 0 1
-0.0196005 0.0408797 140 -0.0184249 0.0111388 14.2321 9.34611 -13 565 0 0 1
0.0733503 -0.0480588 140 -0.00788735 -0.00479032 9.45642 17.5603 -13 566 0 0 1
-0.0156755 -0.00580426 140 -0.00389584 0.00230895 10.5925 16.7434 -13 567 0 0 1
-6.79058e-05 0.0434483 140 0.0322103 0.0206862 11.8728 30.6671 -13 568 0 0 1
0 0 140 0 0 13.5576 15.3159 -13 569 0 0 1
0.0064953 0.0345793 140 0.0150689 -0.000780323 11.1174 30.6734 -13 570 0 0 1
-0.037458 0.0021431 140 0.0114179 -0.00558638 12.6612 17.8321 -13 571 0 0 1
-0.0401611 0.0726303 140 0.036 -0.00964234 9.90643 17.7925 -13 572 0 0 1
0.033746 -0.0479414 140 -0.00822941 -0.00306145 6.66464 20.8383 -13 573 0 0 1
0 0 140 0 0 13.7513 12.7871 -13 574 0 0 1
0.0469768 0.0611589 140 0.0149435 -0.00686325 7.13214 26.0391 -13 575 0 0 1
0.0123976 0.0308912 140 0.00382778 -0.0450063 10.627 24.1843 -13 576 0 0 1
-0.0105921 -0.00693836 140 -0.00519539 0.0179365 13.4097 6.80912 -13 577 0 0 1
0.334686 0.0407415 140 0.147216 -0.0600377 8.43142 17.6182 -13 578 0 0 1
-0.0032708 0.00269531 140 -0.00512 0.00422199 13.9781 20.056 -13 579 0 0 1
0.0365934 -0.0221515 140 -0.00536354 -0.0100683 12.7672 12.1648 -13 580 0 0 1
0.028391 0.00163989 140 0.000730808 -0.00603248 11.1044 32.8908 -13 581 0 0 1
-0.00139748 -0.0579659 140 -0.0430705 0.00816599 8.94864 18.4097 -13 582 0 0 1
-0.0207964 -0.059284 140 -0.00489135 -0.017484 7.73498 13.8494 -13 583 0 0 1
-0.0247965 -0.05941 140 -0.0155681 0.0121933 13.983 30.4353 -13 584 0 0 1
0 0 140 0 0 11.2647 12.9142 -13 585 0 0 1
0.013066 0.0109619 140 0.0052764 -0.00285638 9.40469 30.6117 -13 586 0 0 1
-0.0465538 -0.106044 140 -0.0220851 0.0122289 13.7729 23.4139 -13 587 0 0 1
0.0658289 0.0150748 140 0.0041903 -0.0187677 9.62825 15.28 -13 588 0 0 1
0.0130329 0.00464671 140 0.00247968 -0.0151392 13.2737 16.4803 -13 589 0 0 1
0.158605 0.165611 140 0.0046501 -0.0308048 1.67843 32.3691 -13 590 0 0 1
-0.132899 0.606764 140 0.14872 0.0866077 9.18394 17.7194 -13 591 0 0 1
0.0112736 -0.0261626 140 -0.00304097 -0.016964 8.35044 19.0765 -13 592 0 0 1
0.0382551 -0.0617438 140 0.0307142 -0.0512533 5.909 35.918 -13 593 0 0 1
0.00994517 -0.00883623 140 -0.00366282 0.00411071 10.7711 34.2818 -13 594 0 0 1
0.0236147 0.0186131 140 0.0309398 -0.0194745 10.0512 20.0304 -13 595 0 0 1
-0.00850904 0.220174 140 0.0273599 -0.00675903 8.15326 23.3102 -13 596 0 0 1
0.051416 -0.0861489 140 -0.00747001 -0.034267 10.4398 16.9743 -13 597 0 0 1
0.0756698 0.0320226 140 0.033292 0.018057 5.91328 15.8246 -13 599 0 0 1
0.288039 -0.20159 140 -0.0472548 0.0153401 2.35911 20.5456 -13 600 0 0 1
-0.0230844 -0.0253422 140 -0.0110382 0.00729098 12.563 22.3555 -13 601 0 0 1
0.047069 -0.0541167 140 -0.0265728 0.0504321 6.94896 29.3947 -13 602 0 0 1
0.093031 0.177645 140 0.0435162 -0.031096 9.24331 28.0839 -13 603 0 0 1
0.0521029 -0.0127788 140 -0.0178757 -0.00514725 7.6014 19.8795 -13 604 0 0 1
0.426306 -0.000549959 140 0.114689 -0.0320807 4.89196 17.8735 -13 605 0 0 1
0.0230478 0.01684 140 0.0137073 -0.00317523 12.4642 20.8353 -13 606 0 0 1
-0.0192657 -0.0574343 140 -0.0156194 0.00391444 11.8931 10.2661 -13 607 0 0 1
-0.206842 -0.0784155 140 0.00641018 0.070119 12.9329 19.0326 -13 608 0 0 1
-0.0244023 -0.0304754 140 -0.0464432 -0.000109828 11.8904 9.44723 -13 609 0 0 1
-0.00186645 0.00522445 140 0.0155654 0.00127479 8.8497 13.27 -13 610 0 0 1
0.00181376 0.0005248 140 2.92279e-05 -0.0005782 10.3485 10.1042 -13 611 0 0 1
-0.0165869 0.0454805 140 0.036063 -0.0168707 7.88942 18.5405 -13 612 0 0 1
-0.0115285 0.0295898 140 0.0141145 0.00611697 12.4764 18.8172 -13 613 0 0 1
0.016765 0.0200435 140 0.00193216 -0.00154885 12.1372 6.76001 -13 614 0 0 1
0.0939962 0.094162 140 0.00165457 -0.0616351 4.01924 30.4579 -13 615 0 0 1
0.127358 0.131386 140 -0.0300355 0.028208 4.17401 37.6804 -13 616 0 0 1
-0.00947184 0.0291559 140 0.0208245 0.00243884 10.8294 21.9239 -13 617 0 0 1
-0.0622318 0.0062484 140 -0.0154052 0.0104371 8.14186 26.2266 -13 618 0 0 1
0.24121 0.161803 140 -0.0124964 -0.0580491 4.9757 31.9799 -13 619 0 0 1
0.0100542 -0.0782271 140 -0.0126279 -0.031088 12.3689 23.9893 -13 620 0 0 1
-0.0442536 -0.127901 140 -0.0636449 0.000426241 5.29474 12.2069 -13 621 0 0 1
-0.0126153 -0.0182312 140 -0.00315421 0.00703835 11.1708 32.8399 -13 622 0 0 1
-0.0154629 0.0764625 140 0.0118317 0.0238438 9.73696 19.658 -13 623 0 0 1
0.0130993 -0.00742502 140 -0.00721611 -0.00109121 14.1821 5.11531 -13 624 0 0 1
0.036731 -0.00236339 140 -0.0178115 -0.00564335 9.15878 21.7013 -13 625 0 0 1
-0.0804353 0.0178429 140 0.0124557 0.0313127 6.16215 16.7826 -13 626 0 0 1
-0.0146111 0.0712033 140 0.0228475 -0.00327692 9.43855 23.2936 -13 627 0 0 1
0.109107 0.264912 140 -0.0912438 -0.102059 3.34779 33.2536 -13 628 0 0 1
0.0143481 0.0205095 140 0.00336701 0.00777425 10.4692 11.332 -13 629 0 0 1
-0.0137278 -0.0381738 140 -0.0195405 -0.0188739 11.7965 32.0784 -13 630 0 0 1
0.0936316 0.0427326 140 0.00348142 -0.104353 8.89006 33.5991 -13 631 0 0 1
-0.00159493 0.0148587 140 0.00442352 -0.00406372 14.0815 16.1405 -13 632 0 0 1
-0.146145 -0.0613632 140 -0.0217811 0.031323 8.38858 14.6429 -13 633 0 0 1
0.062671 0.124276 140 0.0244708 9.02866e-05 4.96907 13.2282 -13 634 0 0 1
0.176403 0.0318799 140 -0.000695813 -0.0479692 8.0851 23.8337 -13 635 0 0 1
-0.0473288 0.04526 140 0.0145662 0.00297125 14.1421 11.1862 -13 636 0 0 1
0.0298245 -0.0332746 140 -0.0042954 -0.0282994 8.03767 28.4613 -13 637 0 0 1
-0.0121472 -0.0315331 140 0.00996853 -0.00391964 12.72 20.1519 -13 638 0 0 1
-0.0143577 -0.0817001 140 -0.0235198 0.0175969 14.0076 9.38819 -13 639 0 0 1
-0.026637 -0.0316417 140 0.000432553 -0.0450373 10.8908 6.06393 -13 640 0 0 1
-0.0992204 -0.123862 140 -0.00212192 0.0839992 4.63523 21.3073 -13 641 0 0 1
0.415865 -0.140944 140 -0.0136459 -0.103826 7.22942 30.3093 -13 642 0 0 1
-0.0119388 -0.0257773 140 0.00415257 0.00842547 11.0793 5.52442 -13 643 0 0 1
-0.0279817 0.00166885 140 0.00631604 0.00187464 13.7427 22.462 -13 644 0 0 1
0.0194973 0.00427126 140 -0.00870021 0.00176403 9.74493 7.77259 -13 645 0 0 1
0.00343223 0.0184415 140 0.00310877 -0.00750949 13.7702 20.9429 -13 646 0 0 1
0.0128715 -0.00934211 140 0.0240186 -0.0256302 6.01839 35.5923 -13 647 0 0 1
0.176518 0.072397 140 -0.0351544 -0.0345372 4.31497 25.0944 -13 648 0 0 1
0.107753 -0.129302 140 -0.0403512 0.0159951 6.36851 18.5486 -13 649 0 0 1
-0.0592899 -0.0264532 140 0.00103955 0.024267 13.541 8.16373 -13 650 0 0 1
-0.0114803 -0.0249248 140 -0.0156207 -0.00391881 10.1042 18.2973 -13 651 0 0 1
0.0609465 -0.0570174 140 0.0293353 -0.0071686 10.5026 31.1883 -13 652 0 0 1
0.0439974 0.0169401 140 0.0283035 -0.00643237 11.9771 22.1192 -13 653 0 0 1
-0.0139803 -0.0386119 140 -0.00766189 0.0119239 12.3065 16.7557 -13 654 0 0 1
-0.00776591 0.0320305 140 0.0199858 0.00464586 14.3652 26.0456 -13 655 0 0 1
0.00757315 0.0164988 140 -0.00782562 -0.0127574 9.60521 21.7026 -13 656 0 0 1
-0.0535995 -0.0107095 140 0.0215079 0.0295481 8.01963 28.4793 -13 657 0 0 1
0.0973814 0.0318943 140 0.0121178 -0.0246969 5.1672 26.6198 -13 658 0 0 1
-0.0598598 -0.0328353 140 -0.00575966 0.00708407 14.4614 17.6539 -13 659 0 0 1
0.00830629 0.207591 140 -0.00263824 0.235773 11.7058 27.0334 -13 660 0 0 1
-0.0269839 0.0568357 140 0.0129266 0.0523697 10.6536 21.0521 -13 661 0 0 1
-0.0401198 -0.00782269 140 0.0150543 0.00749586 12.1389 15.863 -13 662 0 0 1
0.0391572 -0.00531886 140 -0.00964694 -0.0189906 9.56641 34.7634 -13 663 0 0 1
-0.0816543 0.151028 140 0.0192499 0.0287113 8.25265 35.5414 -13 664 0 0 1
-0.00696101 -0.00434266 140 0.00545165 0.005252 11.3627 6.73457 -13 665 0 0 1
-0.0456806 -0.0464577 140 -0.0158927 0.0459184 11.7972 19.2107 -13 666 0 0 1
-0.0382705 0.0355087 140 0.000626695 0.00379142 13.095 16.9825 -13 667 0 0 1
0.0949403 -0.0274973 140 -0.0121896 -0.0358632 6.72512 18.2091 -13 668 0 0 1
-0.0314648 -0.00642782 140 -0.0156766 0.00493232 9.60239 23.3629 -13 669 0 0 1
-0.0299423 -0.0233912 140 0.0216027 0.0246452 13.588 21.2362 -13 670 0 0 1
0 0 140 0 0 13.1534 23.8529 -13 671 0 0 1
-0.187673 0.398028 140 -0.00793574 -0.0886049 2.03136 37.5688 -13 672 0 0 1
0.0399779 -0.012266 140 0.00842437 0.0230499 4.04601 26.2924 -13 673 0 0 1
-0.0043073 -0.0189305 140 0.00294032 -0.0185555 12.5613 33.6152 -13 674 0 0 1
0.0452244 0.0522928 140 0.0220575 -0.0240453 7.23439 15.2867 -13 675 0 0 1
0.00309319 -0.0199425 140 -0.00901298 -0.00504009 12.9158 30.2752 -13 676 0 0 1
-0.00772472 -0.00872786 140 -0.00242557 0.00245704 11.8405 11.3434 -13 677 0 0 1
0.0107183 -0.0624368 140 -0.037441 -0.0402123 9.42845 21.3797 -13 678 0 0 1
0.102163 -0.0677542 140 -0.0538599 -0.0150532 8.14382 19.2241 -13 679 0 0 1
0.0100604 0.0234223 140 -0.00229253 -0.0246524 9.27312 24.3185 -13 680 0 0 1
0.00272248 0.000927821 140 0.00266965 0.000908729 14.0749 6.64878 -13 681 0 0 1
0.0116836 0.00960381 140 -0.00485705 -0.0118969 13.2719 5.22365 -13 682 0 0 1
0.0478801 -0.0469542 140 -0.0128473 -0.0151778 13.0071 29.1174 -13 683 0 0 1
0.312246 0.127359 140 0.00189545 -0.0821898 8.65227 22.5945 -13 684 0 0 1
0.0063388 -0.00237588 140 0.00138613 -0.00499331 8.08411 13.9433 -13 685 0 0 1
-0.128774 0.023717 140 -0.000554827 0.0348973 11.5956 31.7494 -13 686 0 0 1
0.0335244 -0.0272136 140 -0.0109703 -0.00297764 9.05165 12.405 -13 687 0 0 1
0.100792 0.0413714 140 0.000899063 -0.0271358 12.8543 27.1722 -13 688 0 0 1
-0.0494003 0.0245768 140 -0.0228025 0.0187474 9.91321 27.9236 -13 689 0 0 1
-0.181837 0.0864484 140 0.00281731 0.0406634 5.32799 29.1942 -13 690 0 0 1
0.0856674 -0.0751495 140 -0.0166742 -0.0275561 12.3261 21.4448 -13 691 0 0 1
-0.0538665 -0.02977 140 -0.0164335 0.00758743 7.50117 8.76531 -13 692 0 0 1
-0.000195356 0.000143006 140 -0.00329194 0.00240593 12.783 25.0841 -13 693 0 0 1
0.0427395 0.0296904 140 0.0125457 0.0358132 4.13756 23.2258 -13 694 0 0 1
-0.0570809 -0.0260727 140 0.0151385 -0.00135991 7.38997 18.0433 -13 695 0 0 1
-0.00365713 -0.0530369 140 0.0160772 0.0251285 6.71707 21.433 -13 696 0 0 1
-0.0124055 0.0495006 140 -0.000221993 0.0134929 10.0345 23.7904 -13 697 0 0 1
-0.030005 0.0889332 140 0.0572309 0.0179668 8.79077 13.8957 -13 698 0 0 1
-0.0182103 -0.00777994 140 -0.00946981 -0.00220505 13.3582 27.8097 -13 699 0 0 1
-0.0431157 0.0142544 140 0.000792478 -0.014561 8.82526 16.4774 -13 700 0 0 1
0.0537796 0.0101789 140 0.0189523 -0.0127907 9.09798 8.03388 -13 701 0 0 1
-0.0216964 0.0216063 140 0.00310472 0.0148456 12.3099 29.7397 -13 702 0 0 1
0.0481227 0.0808834 140 0.0417845 0.000114376 12.0869 26.706 -13 703 0 0 1
0.0451956 0.0502287 140 -0.00545351 0.0236726 9.43265 14.3643 -13 704 0 0 1
-0.0104307 -0.0414711 140 -0.0291404 -0.0025576 10.1121 11.8977 -13 705 0 0 1
-0.00478892 -0.00635744 140 -0.00582798 0.0107073 9.60536 21.0453 -13 706 0 0 1
-0.0141939 0.00179673 140 0.00469973 0.00706878 13.8805 5.35637 -13 707 0 0 1
-0.00467221 0.0301241 140 0.0113159 0.001404 10.5581 23.1401 -13 708 0 0 1
0.0447019 -0.0764243 140 -0.0108881 -0.0885005 3.92057 26.8728 -13 709 0 0 1
0.0126717 -0.0381346 140 -0.00458583 -0.032827 7.98119 26.4264 -13 710 0 0 1
-0.270705 -0.08551 140 -0.0364159 0.0596302 14.1692 5.53482 -13 711 0 0 1
0.00829697 -0.0704529 140 -0.00346327 0.00479906 11.6231 24.3595 -13 712 0 0 1
0.0535653 0.0413794 140 0.0245618 -0.031439 6.49534 30.0094 -13 713 0 0 1
0.052425 -0.0833139 140 0.00686303 -0.00801784 14.0583 25.0507 -13 714 0 0 1
-6.24755e-07 -8.91004e-07 140 -2.13352e-06 -3.04275e-06 12.3876 33.7213 -13 715 0 0 1
0.0136278 -0.0288698 140 -0.0237503 -0.0059549 13.1316 24.7623 -13 716 0 0 1
-0.0268165 0.00563676 140 -0.0100964 0.020854 10.6139 20.3571 -13 717 0 0 1
0.0115204 0.041277 140 0.00608412 0.0055762 8.72025 14.0706 -13 718 0 0 1
-0.0665985 -0.124385 140 -0.0395548 -0.0215505 10.6754 13.6696 -13 719 0 0 1
-0.00149217 0.0341657 140 0.00891383 0.00220743 11.2933 33.3602 -13 720 0 0 1
0.0165701 0.0436995 140 0.0189565 -0.00394912 9.71173 31.2332 -13 721 0 0 1
-0.0060915 0.254422 140 0.0222703 -0.0431381 5.34761 20.4223 -13 722 0 0 1
0.0781522 -0.0406529 140 0.00792469 -0.0218112 8.58252 9.60299 -13 723 0 0 1
0.0585998 -0.00955631 140 0.016144 0.00164385 5.02963 32.2954 -13 724 0 0 1
-0.0130552 -0.0195735 140 -0.00257167 -0.00301466 9.62719 17.3118 -13 725 0 0 1
-0.00645738 0.0826715 140 0.0258525 -0.000536845 13.6268 19.4523 -13 726 0 0 1
0.0704344 0.0687057 140 0.023969 -0.0200662 14.1552 8.80981 -13 727 0 0 1
0.0677985 -0.0627436 140 -0.0956499 -0.0494847 3.44769 37.5979 -13 728 0 0 1
0.0253668 -0.0305401 140 0.033517 -0.0278162 5.55347 20.1973 -13 729 0 0 1
-0.0108869 0.010914 140 0.0128707 0.00657251 11.2168 12.0392 -13 730 0 0 1
0.0209066 0.00732046 140 -0.0124008 0.0026587 10.9861 7.90667 -13 731 0 0 1
0.525103 0.918036 140 0.0374023 0.0376809 2.7541 36.8888 -13 732 0 0 1
0.0219693 0.0521536 140 0.00182621 -0.00587492 4.86342 22.6404 -13 733 0 0 1
0.0045919 0.134422 140 0.0577732 -0.0128471 7.93192 10.6465 -13 734 0 0 1
0.0472923 0.0762112 140 0.0169084 -0.0135082 10.9992 21.623 -13 735 0 0 1
-0.0280604 -0.00524883 140 -0.00626359 -0.0269135 11.0015 14.5704 -13 736 0 0 1
-0.0267021 0.0494331 140 0.0214385 0.0026385 8.28914 26.7273 -13 737 0 0 1
0.0451199 0.0977108 140 0.0311263 -0.0115604 8.45427 29.2958 -13 738 0 0 1
-0.0421352 -0.0557686 140 -0.0109956 0.0715438 11.9117 25.1999 -13 739 0 0 1
-0.17698 -0.0153901 140 0.0152443 0.0236382 13.0432 27.8476 -13 740 0 0 1
0.0586614 0.0305457 140 0.0369545 -0.0207403 8.73009 25.5507 -13 741 0 0 1
0.0707771 0.0156035 140 -0.0252368 -0.0444104 4.44537 35.1671 -13 742 0 0 1
-0.00725269 -0.029787 140 -0.00565143 -0.0264233 8.36204 8.12538 -13 743 0 0 1
-0.206819 0.0218284 140 -0.013828 0.106285 3.40184 22.1785 -13 744 0 0 1
0.0476055 0.0204892 140 0.0147621 -0.0090527 11.5113 19.4649 -13 745 0 0 1
-0.00900562 0.000250214 140 0.0169885 0.00997216 8.59251 32.0743 -13 746 0 0 1
-0.0196512 0.00332963 140 -0.0162686 -0.0181295 11.859 27.3939 -13 747 0 0 1
-0.0178925 0.0489133 140 0.0294296 0.0118066 10.5957 22.1446 -13 748 0 0 1
-0.00189252 -0.0166623 140 -0.0143774 0.00552051 12.1331 5.98938 -13 749 0 0 1
0.0162624 0.0190203 140 0.051879 -0.027397 10.4078 26.8669 -13 750 0 0 1
-0.0966013 0.162449 140 0.0550129 0.0163127 11.146 29.0697 -13 751 0 0 1
-0.0305901 0.118481 140 0.0411576 0.0166527 6.6467 12.2166 -13 752 0 0 1
0.148892 -0.0318711 140 -0.0102697 -0.0560379 10.8006 7.80479 -13 753 0 0 1
0.016754 -0.0131528 140 0.002885 -0.0101025 8.70444 31.5999 -13 754 0 0 1
0.0386281 0.0484428 140 0.0333084 -0.01068 7.96549 14.0025 -13 755 0 0 1
-0.223536 -0.187356 140 -0.0276559 -0.0237316 5.50401 21.3646 -13 756 0 0 1
-0.0188821 0.0562775 140 -0.0319587 -0.0306581 7.30783 19.8654 -13 757 0 0 1
0.122469 -0.022919 140 0.0197885 0.0116181 7.93164 9.32358 -13 758 0 0 1
0.00122893 0.000836798 140 0.000105012 -0.000436479 14.1828 19.4664 -13 759 0 0 1
0.05414 0.0721996 140 0.0564317 -0.00616751 8.13226 26.9362 -13 760 0 0 1
-0.0292476 0.133124 140 0.063526 0.0079025 6.50554 15.1142 -13 761 0 0 1
-0.0254861 0.0297309 140 0.00590763 0.00291919 13.8719 32.3864 -13 762 0 0 1
-0.00303649 0.0202155 140 -7.01854e-05 0.0142217 11.1663 31.0827 -13 763 0 0 1
0.0265205 0.0079497 140 0.0135489 -0.021203 9.88358 16.4638 -13 764 0 0 1
0.0277702 0.0667131 140 0.0145453 -0.0168374 5.91093 16.0689 -13 765 0 0 1
0.00710379 0.106818 140 0.0315495 -0.0272785 8.61434 11.4427 -13 766 0 0 1
0.0621665 0.0431832 140 -0.0182067 -0.0160967 12.6568 33.5854 -13 767 0 0 1
0.00316216 0.0030265 140 -0.00202821 -0.00493569 12.8844 25.221 -13 768 0 0 1
0.0878031 -0.0606374 140 -0.0182617 -0.000658448 7.04996 12.1261 -13 769 0 0 1
-0.0541126 0.0147088 140 -0.0216704 -0.0102599 13.6541 10.9305 -13 770 0 0 1
-0.0434743 -0.0108897 140 -0.0386157 -0.0367363 10.9081 11.1927 -13 771 0 0 1
0.12188 -0.00251674 140 0.0365149 -0.0258691 14.3447 6.26089 -13 772 0 0 1
0.0302071 0.0408897 140 0.00369273 -0.00567469 11.439 9.6882 -13 773 0 0 1
-0.010562 0.00519378 140 -0.00231406 0.00438691 13.4144 7.84262 -13 774 0 0 1
-0.0218781 -0.17186 140 0.0138218 0.105724 3.99193 16.0115 -13 775 0 0 1
-0.0212554 0.0361151 140 0.00847031 0.00874226 11.8578 16.3093 -13 776 0 0 1
-0.013007 0.0273593 140 -0.0136079 0.00556207 10.6963 17.6334 -13 777 0 0 1
0.0440627 -0.0127404 140 0.0014969 -0.0211769 8.65274 24.9261 -13 778 0 0 1
-0.0123161 0.00263083 140 -0.00320642 0.00380527 12.9501 4.89429 -13 779 0 0 1
0.115306 -0.0914833 140 -0.0288021 -0.0548827 9.61903 10.2234 -13 780 0 0 1
-0.0320836 0.0504191 140 0.0157526 0.028123 11.6517 9.1819 -13 781 0 0 1
0.0635924 -0.10473 140 -0.0315381 -0.00457111 10.0842 8.87498 -13 782 0 0 1
0.181787 0.0401613 140 0.0288368 0.0356255 7.01029 24.193 -13 783 0 0 1
0.135414 -0.254381 140 -0.0538106 -0.112662 6.93529 10.3495 -13 784 0 0 1
0.0824764 0.00617224 140 -0.0235982 -0.0555318 5.14462 24.6039 -13 785 0 0 1
-0.0920156 -0.14285 140 -0.0388301 0.0272023 9.61514 24.59 -13 786 0 0 1
-0.0210935 0.042461 140 -0.00570738 0.0124623 8.94172 22.8073 -13 787 0 0 1
-0.050422 0.0228293 140 0.00966844 -0.0587186 12.3402 22.7418 -13 788 0 0 1
0.0379058 0.0446785 140 0.0119774 -0.00806728 14.1719 19.1632 -13 789 0 0 1
-0.0445559 -0.0443754 140 0.000223559 0.0148243 9.97684 32.4531 -13 790 0 0 1
-0.0576415 0.0116354 140 -0.019511 0.0209936 5.01137 34.8647 -13 791 0 0 1
-0.0512685 0.00938908 140 0.0120121 0.0238437 11.7931 32.9346 -13 792 0 0 1
0.0039469 -0.00660424 140 -0.00646822 0.0419261 11.437 21.8246 -13 793 0 0 1
-0.0932787 -0.113151 140 -0.0129578 0.0279638 7.51254 19.5972 -13 794 0 0 1
-0.0997868 -0.0185497 140 0.118889 0.0093574 11.5069 13.3148 -13 795 0 0 1
-0.00553777 0.00402834 140 0.0100292 0.0113216 8.92244 28.9234 -13 796 0 0 1
0.0208731 0.0695912 140 0.0256244 -0.00123484 14.0207 28.8289 -13 797 0 0 1
0.0443636 -0.0828227 140 -0.0396696 -0.00641503 13.7232 29.2106 -13 798 0 0 1
0.0127373 0.0280472 140 -0.00222149 -7.59062e-05 9.40644 35.1265 -13 799 0 0 1
-0.00307684 0.00399945 140 -0.0033114 0.00430764 13.5615 6.57707 -13 800 0 0 1
0.0430551 0.0377814 140 -0.00134733 -0.0177458 5.89309 13.8907 -13 801 0 0 1
-0.295095 -2.61116 140 0.0536816 -0.0260518 0.5291 82.5779 -13 802 0 0 1
-0.111803 0.0668314 140 -0.0592096 -0.00822032 7.07632 27.3014 -13 803 0 0 1
0.0121709 0.105591 140 0.0332995 0.0139953 13.0197 11.9045 -13 804 0 0 1
-0.0106495 -0.00677719 140 0.00496893 0.00565021 12.5924 31.4017 -13 805 0 0 1
-0.255871 0.104842 140 -0.0267655 0.0389533 3.32083 22.8145 -13 806 0 0 1
-0.0122572 0.0142973 140 0.00344697 0.00464509 13.6587 14.7073 -13 807 0 0 1
-0.176204 0.0880392 140 -0.0431581 0.0350739 7.13502 17.1813 -13 808 0 0 1
-0.00327096 -0.0157172 140 -0.0022225 0.00567557 14.3152 17.6767 -13 809 0 0 1
0.0300173 0.0633429 140 0.0201349 -0.0197573 10.8344 21.1613 -13 810 0 0 1
-0.0690437 0.133737 140 -0.00262018 0.0773522 5.76654 12.1342 -13 811 0 0 1
-0.0396521 0.103004 140 0.0328704 -0.0679331 6.6084 10.1682 -13 812 0 0 1
0 0 140 0 0 13.2254 15.1128 -13 813 0 0 1
0.0104276 -0.107027 140 -0.0375699 -0.00134429 9.64381 16.4854 -13 814 0 0 1
-0.00528044 0.00327261 140 -0.000638101 0.00208422 11.6814 32.1834 -13 815 0 0 1
0.0215676 -0.131347 140 -0.019053 -0.00192128 6.13391 13.4623 -13 816 0 0 1
0.347538 0.258409 140 0.00694854 -0.331468 5.45424 34.1436 -13 817 0 0 1
0.0169297 0.0210619 140 0.0168513 -0.00796481 11.4914 33.6836 -13 818 0 0 1
-0.0392566 0.0195953 140 0.00614306 0.00614879 6.23288 35.1898 -13 819 0 0 1
0.00754413 0.061681 140 0.00362252 -0.0254618 13.4027 11.0009 -13 820 0 0 1
-0.00986138 -0.0117649 140 -0.0252898 0.00904497 8.49475 10.1885 -13 821 0 0 1
0.164066 -0.0127695 140 0.0262177 -0.0469316 11.711 33.3464 -13 822 0 0 1
-0.0063537 -0.00355978 140 0.0108561 -0.00323191 12.6271 27.6359 -13 823 0 0 1
-1.09378e-06 3.21885e-06 140 -5.76865e-06 1.69764e-05 14.566 24.8273 -13 824 0 0 1
0.0385187 -0.0157465 140 0.00662446 -0.0140948 14.4614 29.9462 -13 825 0 0 1
-0.149964 0.0501092 140 0.029693 0.0426664 7.64509 20.3411 -13 826 0 0 1
-0.0643872 0.0895435 140 0.0994834 0.00178452 4.01494 41.3567 -13 827 0 0 1
-0.0114502 -0.0259935 140 -0.00677733 0.0159469 8.66416 32.9688 -13 828 0 0 1
-0.00200182 0.0853945 140 0.0207315 0.033854 10.1085 31.8861 -13 829 0 0 1
-0.00308146 0.00259539 140 -0.00314961 0.00363353 14.0881 33.0859 -13 830 0 0 1
-0.0345394 0.0201525 140 0.0406037 0.0214766 8.44724 13.3672 -13 831 0 0 1
-0.00869192 -0.0110416 140 -0.00452317 0.000655714 13.8017 17.7233 -13 832 0 0 1
-0.0901673 0.142451 140 0.046257 0.0275432 9.06171 35.3491 -13 833 0 0 1
0.0550685 -0.0331762 140 -0.0150387 -0.0216127 5.49841 33.904 -13 834 0 0 1
-0.0259836 0.0557992 140 -0.0179944 0.0426565 7.87006 34.6736 -13 835 0 0 1
0.050899 0.020194 140 -0.0115212 -0.0253243 11.8739 26.406 -13 836 0 0 1
0.0109479 0.0362931 140 0.00574055 -0.0142969 10.8349 14.2821 -13 837 0 0 1
0.0270338 0.0605418 140 0.00152532 -0.0226956 12.8403 21.2417 -13 838 0 0 1
0.0104928 0.0363927 140 0.01038 -0.000683686 11.1456 26.5715 -13 839 0 0 1
0.0402498 -0.00151402 140 -0.0104038 -0.0140223 9.87534 27.1545 -13 840 0 0 1
-0.0526064 -0.11051 140 0.0467328 0.0208844 6.25372 35.3288 -13 842 0 0 1
-0.0747409 0.0094288 140 -0.0369826 0.0121881 8.33498 13.6046 -13 843 0 0 1
-0.152644 -0.205015 140 -0.0793408 0.0293503 4.50782 35.1489 -13 844 0 0 1
-0.0341227 -0.0728457 140 -0.00255573 0.0227389 13.4979 13.2161 -13 845 0 0 1
0.059694 0.0534182 140 0.0177677 -0.0147347 12.3117 21.2364 -13 846 0 0 1
0.0396819 0.0186504 140 0.0372658 0.00107598 4.82182 20.1713 -13 847 0 0 1
0.209615 0.00530193 140 -0.0949209 -0.060679 4.85627 38.0744 -13 848 0 0 1
-0.0139009 0.0482486 140 -0.00219062 -0.00319063 9.63697 8.05423 -13 849 0 0 1
-0.0091296 0.0883409 140 0.0250192 0.00210734 12.3907 26.6423 -13 850 0 0 1
0.0107204 -0.00681751 140 -0.000939069 0.0017275 8.92886 14.0642 -13 851 0 0 1
0.577272 -0.262926 140 -0.114797 -0.0140664 2.38821 41.5816 -13 852 0 0 1
0.11187 -0.125575 140 -0.115138 0.0509254 4.96723 14.3018 -13 853 0 0 1
0 0 140 0 0 11.4952 8.30095 -13 854 0 0 1
-0.000827173 -0.00244424 140 -0.00235036 -0.00693918 11.5724 28.4003 -13 855 0 0 1
0.461547 0.0219989 140 0.0520991 -0.0890497 0.891164 37.7377 -13 856 0 0 1
0 0 140 0 0 14.3403 12.1527 -13 857 0 0 1
-0.0372803 -0.029621 140 -0.00903744 0.0160523 10.2396 31.6326 -13 858 0 0 1
-0.000307003 -0.000850782 140 0.00114673 0.00143727 12.9628 16.0096 -13 859 0 0 1
0.00773352 -0.00291972 140 -0.0055944 -0.000528668 13.0622 29.1467 -13 860 0 0 1
-0.000120297 -0.0224239 140 -0.0159376 -0.00379862 11.1958 8.01025 -13 861 0 0 1
-0.138587 -0.0592396 140 -0.0396356 0.04724 5.96492 29.9541 -13 862 0 0 1
-0.0434067 -0.166039 140 -0.0245051 0.0388642 4.18739 19.358 -13 863 0 0 1
-0.198095 -0.424825 140 -0.0656763 0.00799656 1.18648 49.9939 -13 864 0 0 1
0.0744007 0.0124052 140 0.00375275 0.051049 6.92282 21.1224 -13 865 0 0 1
0.0585492 -0.0894724 140 -0.0626656 -0.0156614 5.61164 37.8375 -13 866 0 0 1
-0.0317626 0.0388227 140 0.0263826 0.051737 8.38578 16.6549 -13 868 0 0 1
0.00316928 0.0910303 140 0.0182467 0.0284477 9.21749 26.6802 -13 869 0 0 1
-0.0910716 0.107756 140 0.0843873 0.00704055 12.3817 19.7135 -13 870 0 0 1
0.0325983 0.00988832 140 0.00729587 -0.00853322 13.7429 26.3435 -13 871 0 0 1
0.366669 -0.121549 140 -0.0321707 -0.132625 5.35307 30.2053 -13 872 0 0 1
0.0209995 0.202702 140 0.110413 -0.121426 4.63092 16.7412 -13 873 0 0 1
-0.250507 0.285421 140 0.0846543 0.034405 5.00794 23.7936 -13 874 0 0 1
0.223854 -0.000832924 140 0.00610195 -0.0455299 3.67312 15.7896 -13 875 0 0 1
0.0375089 -0.00688039 140 -0.0118655 -0.0106924 11.7915 16.4112 -13 876 0 0 1
0 0 140 0 0 9.25098 28.8427 -13 877 0 0 1
-0.863249 -2.19758 140 -0.0972965 -0.158339 1.72394 30.9082 -13 878 0 0 1
0.0143096 0.0136231 140 0.00151994 -0.00623709 14.2514 30.0034 -13 879 0 0 1
-0.00382024 -0.0082772 140 -0.0127678 0.00197339 12.9471 9.77756 -13 880 0 0 1
-0.0377066 0.0177751 140 0.00143154 0.0112319 14.538 16.4801 -13 881 0 0 1
0.129982 -0.00126776 140 -0.0366326 -0.00851217 6.59837 29.3541 -13 882 0 0 1
0.0166054 0.0546935 140 -6.26346e-05 0.00942786 7.17685 31.5151 -13 883 0 0 1
0.052945 0.0799805 140 0.0766738 -0.0314859 5.7941 26.2054 -13 884 0 0 1
-0.00339662 0.0204989 140 0.0120114 -0.0294307 12.5811 6.08415 -13 885 0 0 1
-0.0539278 -0.0277087 140 -0.00138774 0.00662962 8.51417 13.0129 -13 886 0 0 1
-0.00506061 -0.0645555 140 -0.0167528 -0.0137768 8.56622 6.95997 -13 887 0 0 1
0.0713756 -0.0925821 140 -0.0475206 -0.0305092 8.55525 25.655 -13 888 0 0 1
-0.00226304 -0.0151893 140 -0.000375733 0.0134544 11.3334 29.5822 -13 889 0 0 1
-0.00356805 0.0127931 140 0.00593694 0.00244947 10.8537 16.8555 -13 890 0 0 1
0.0867499 -0.0756608 140 0.000820746 -0.0376658 7.60039 15.2908 -13 891 0 0 1
-0.000365089 -0.0216786 140 -0.0109012 0.00231912 14.0707 12.812 -13 892 0 0 1
0.00210606 0.0205673 140 0.00324747 -0.00293543 9.40084 9.43716 -13 893 0 0 1
-0.0596343 -0.0187579 140 -0.0242869 0.00590412 12.6219 22.8522 -13 894 0 0 1
0.0281612 -0.0205839 140 -0.000921679 -0.0121263 11.6237 21.6137 -13 895 0 0 1
-0.00835263 0.0812493 140 0.0190211 -0.0374536 6.84596 29.4571 -13 896 0 0 1
0.0218954 0.0728038 140 0.00986587 -0.0134055 10.374 12.5444 -13 897 0 0 1
0.0790486 -0.0111833 140 0.0561932 -0.0152604 8.41184 22.9739 -13 898 0 0 1
0.115356 -0.0906884 140 -0.00387722 -0.0452151 6.79238 17.5886 -13 899 0 0 1
0.04944 0.00619698 140 0.020841 -0.00117116 11.4569 6.63158 -13 900 0 0 1
0.0547811 0.00544429 140 0.0110622 -0.0141564 5.47983 37.8873 -13 901 0 0 1
-0.0699671 0.0658453 140 -0.0401928 -0.0469968 8.60684 8.66216 -13 902 0 0 1
0.0801903 0.0315904 140 0.0324122 -0.0621629 6.71188 15.7227 -13 903 0 0 1
0.0346125 0.0297548 140 0.00207194 -0.0103561 12.5642 12.0348 -13 904 0 0 1
-0.0879403 -0.0306712 140 0.0506095 -0.0206952 5.23371 27.976 -13 905 0 0 1
-0.0209966 -0.0658328 140 -0.0549655 -0.0201364 10.4743 25.1138 -13 906 0 0 1
-0.116681 0.0964518 140 0.087164 -0.0015616 11.6455 31.1767 -13 907 0 0 1
0 0 140 0 0 12.96 7.75211 -13 908 0 0 1
-0.0217395 0.0429419 140 0.00579594 0.0139366 7.30766 22.3236 -13 909 0 0 1
-0.00932226 0.00354731 140 0.0125558 -0.00958853 9.32308 7.57939 -13 910 0 0 1
-0.0709472 -0.203462 140 -0.0733757 0.00349182 2.67371 40.4283 -13 911 0 0 1
0.0132402 -0.0252262 140 -0.00762319 -0.00798256 11.8523 6.69384 -13 912 0 0 1
-0.0135634 -0.0382408 140 0.00410789 0.00336155 10.3157 7.34795 -13 914 0 0 1
-0.0483341 0.229978 140 0.0550707 0.0338234 9.13305 12.3112 -13 915 0 0 1
0.0592005 -0.061027 140 0.0110492 -0.0392115 13.8173 22.8933 -13 916 0 0 1
0 0 140 0 0 12.5051 24.0307 -13 917 0 0 1
-0.0130534 -0.0166162 140 -0.00154735 0.011676 12.8608 28.475 -13 918 0 0 1
0.15243 0.068638 140 0.0530655 0.046892 4.00478 18.41 -13 919 0 0 1
-0.00609838 -0.0105124 140 -0.0015636 0.00369027 8.66867 9.47535 -13 920 0 0 1
0.00669158 0.0122815 140 0.00790155 0.00091936 14.0872 10.2657 -13 921 0 0 1
0.0520528 -0.017276 140 -0.00758341 -0.0135944 12.8825 25.4037 -13 922 0 0 1
0.246312 -0.0971601 140 0.0168452 0.026043 4.25147 40.8243 -13 923 0 0 1
-0.0544854 -0.0229638 140 -0.0193504 0.0110346 13.6258 18.0169 -13 924 0 0 1
-0.035162 0.0562534 140 -0.0119746 0.0290888 13.9752 32.4772 -13 925 0 0 1
0.0262015 -0.0659983 140 -0.022462 -0.00189445 12.8176 5.20535 -13 926 0 0 1
0.228719 0.038602 140 -0.00172282 -0.0406563 4.9393 25.4737 -13 927 0 0 1
0 0 140 0 0 11.7943 28.3626 -13 928 0 0 1
0.0119161 0.0129364 140 0.0235822 -0.000662215 13.5651 10.7712 -13 929 0 0 1
0.0804949 0.000450541 140 -0.00928053 -0.0187165 12.7461 22.6199 -13 930 0 0 1
-0.0016856 0.0544831 140 0.0218589 -0.0125487 13.323 25.4896 -13 931 0 0 1
0.0412856 0.028532 140 -0.00589226 -0.00855263 11.4618 33.872 -13 932 0 0 1
0.134064 0.227372 140 0.071062 -0.0387512 13.6176 17.5048 -13 933 0 0 1
0.0630729 -0.0175666 140 -0.0197263 0.00798433 8.66086 18.6291 -13 934 0 0 1
0.0230932 -0.00451535 140 -0.00521817 0.00280275 10.4543 26.6276 -13 935 0 0 1
0 0 140 0 0 12.4552 18.02 -13 936 0 0 1
0.00331926 0.00583643 140 0.0026259 0.00111725 12.5456 31.7671 -13 937 0 0 1
-0.0126075 0.0959108 140 0.00435984 -0.0222069 4.73368 14.9174 -13 938 0 0 1
0.0456138 -0.0110943 140 0.0402855 -0.0297353 13.8527 14.056 -13 939 0 0 1
-0.0332161 -0.0311225 140 0.0176472 0.00523723 6.04326 12.9504 -13 940 0 0 1
0 0 140 0 0 12.3012 20.4361 -13 941 0 0 1
0.245584 0.267434 140 0.0377434 0.00383873 3.0485 40.5749 -13 942 0 0 1
-0.000470387 0.00538329 140 -0.000776568 0.00531305 10.5459 30.1602 -13 943 0 0 1
0.0393831 -0.0301759 140 -0.0308701 0.01284 5.89667 32.3725 -13 944 0 0 1
-0.100708 0.127139 140 0.00628608 0.0363285 4.16592 38.9423 -13 945 0 0 1
0 0 140 0 0 14.3111 16.8057 -13 946 0 0 1
-0.0709234 -0.0419069 140 -0.0103445 0.0200618 10.485 10.3947 -13 947 0 0 1
-0.0815978 -0.140297 140 -0.0338614 0.0135627 7.78067 12.0016 -13 948 0 0 1
-0.0214721 0.0227183 140 0.0162018 -0.00936189 12.4968 25.4581 -13 949 0 0 1
-0.0134915 -0.502046 140 -0.165869 0.155634 3.61784 16.8359 -13 950 0 0 1
0.168525 -0.0701283 140 0.0221627 -0.0255412 5.39047 16.7264 -13 951 0 0 1
0.0233448 0.0333103 140 0.0431288 0.0739925 4.37492 37.52 -13 952 0 0 1
-0.00434707 0.0294302 140 0.00572401 0.0053189 9.89574 12.4155 -13 953 0 0 1
0.025682 -0.0734919 140 -0.0144458 -0.00430302 6.78169 27.6687 -13 954 0 0 1
-0.0294613 -0.0119367 140 -0.0173365 -0.0115586 7.44818 24.3021 -13 955 0 0 1
-0.0685274 -0.00192794 140 0.00331274 0.0443668 7.01577 14.9806 -13 956 0 0 1
0.0460925 0.0316728 140 0.0174936 0.0169159 14.0671 22.8552 -13 957 0 0 1
0.0278735 -0.0319752 140 -0.0197009 0.00329949 11.9019 18.9218 -13 958 0 0 1
-0.20048 -0.169809 140 -0.0630365 -0.0140955 10.4289 25.823 -13 959 0 0 1
0.0540119 -0.0595253 140 -0.015797 -0.0234804 14.4477 13.3667 -13 960 0 0 1
0.176653 0.281174 140 -0.0520951 0.119346 2.71532 31.2305 -13 961 0 0 1
-0.0693611 0.222847 140 0.0600787 0.0223725 11.8289 23.6993 -13 962 0 0 1
-0.00791701 -0.0205272 140 -0.00327999 -0.00409791 11.8819 27.5458 -13 963 0 0 1
0.0496478 0.0426365 140 -0.00313956 -0.0201311 10.5031 31.879 -13 964 0 0 1
-0.00429291 0.00338058 140 0.00385733 -0.00208677 11.3474 20.4938 -13 965 0 0 1
-0.0237635 0.0364906 140 0.00935043 0.000443101 9.43465 13.8247 -13 966 0 0 1
-0.0649673 -0.143173 140 -0.0351558 -0.0766423 3.18559 24.3497 -13 968 0 0 1
-0.0042587 0.0129818 140 0.0170173 0.0104095 8.96273 18.817 -13 969 0 0 1
-1.15398 2.38484 140 0.307489 -0.109515 1.50072 54.7864 -13 970 0 0 1
-0.012815 0.0162043 140 0.0146966 0.0026459 13.258 18.181 -13 971 0 0 1
-0.0196694 -0.00270358 140 0.00265687 0.00289041 14.4678 19.1091 -13 972 0 0 1
-0.0334993 -0.0132861 140 -0.00601524 0.00922215 13.7737 32.642 -13 973 0 0 1
0.146748 -0.176761 140 -0.0423893 -0.057107 14.4867 23.6804 -13 974 0 0 1
0.10447 0.0307196 140 -0.0241801 -0.0662512 10.3048 25.2893 -13 975 0 0 1
0.0832509 -0.0502661 140 0.00787256 -0.00423463 6.75155 14.1882 -13 976 0 0 1
0.884677 0.362539 140 0.106649 -0.0876399 0.788965 48.23 -13 977 0 0 1
-0.0864189 0.0640697 140 -0.0457434 0.0239553 9.0893 23.2762 -13 978 0 0 1
-0.0073566 0.0101322 140 0.00493315 -0.000566937 13.7291 22.7936 -13 979 0 0 1
-0.0191473 0.13437 140 0.037304 0.00800792 12.0951 8.41725 -13 980 0 0 1
-0.0704315 -0.092262 140 -0.0305244 0.00998398 9.70084 6.43034 -13 981 0 0 1
0.0478716 0.0171432 140 -0.00529955 -0.0190935 13.6339 16.9309 -13 982 0 0 1
-0.145395 0.0811374 140 0.0167115 0.0566813 5.797 32.8575 -13 983 0 0 1
0 0 140 0 0 10.1147 8.03676 -13 984 0 0 1
-0.107376 0.155397 140 0.0957257 -0.0272749 11.2714 20.2543 -13 985 0 0 1
0.0591049 -0.0657193 140 -0.0166003 -0.0192237 8.42141 25.1647 -13 986 0 0 1
0.00293691 0.0676128 140 0.0255404 0.0325683 14.2448 28.5831 -13 987 0 0 1
0.0851203 -0.00316876 140 0.0195634 -0.025418 6.73263 29.7488 -13 988 0 0 1
-0.158397 -0.0530338 140 -0.0728217 -0.0375647 3.05002 33.998 -13 989 0 0 1
0.0176507 -0.0600057 140 -0.0181364 -0.0105717 14.4755 12.1129 -13 990 0 0 1
0.0133861 -0.000642662 140 0.00567376 0.00152178 10.9 25.1453 -13 991 0 0 1
-0.033834 -0.00390677 140 -0.034846 0.0221682 13.1033 29.7358 -13 992 0 0 1
-0.00295231 -0.00191284 140 0.0170627 -0.00461676 11.2877 33.9037 -13 993 0 0 1
0.00191327 0.00290739 140 0.000342299 -0.00136228 12.8382 29.0296 -13 994 0 0 1
-0.0364265 0.00798501 140 -0.0233206 0.0153127 13.9152 15.9847 -13 995 0 0 1
0.00285472 0.0180219 140 0.0146362 -0.00960592 13.0568 29.5523 -13 996 0 0 1
-1.63681e-06 2.00237e-06 140 -1.08466e-05 1.3269e-05 14.5259 12.6794 -13 997 0 0 1
-0.0210353 -0.0129482 140 -0.012053 0.00477231 10.274 30.4836 -13 998 0 0 1
0.10446 0.139847 140 0.0297171 -0.000681877 7.40803 12.1721 -13 999 0 0 1
-0.0565879 0.0652691 140 -0.000782971 0.0216042 8.4783 28.1263 -13 1000 0 0 1
