#BLTrackFile NTuple/Z160
#x y z Px Py Pz t PDGid EventID TrackID ParentID Weight
#mm mm mm MeV/c MeV/c MeV/c ns - - - - -
0.00441718 -0.0221819 160 -0.00923434 0.00893989 11.5271 24.0835 -13 1 0 0 1
-0.0249405 -0.0260668 160 -0.00308127 0.00246821 12.5831 27.1126 -13 2 0 0 1
0.0803224 0.120651 160 0.023553 -0.0292794 9.87968 8.34917 -13 3 0 0 1
0.00401682 -0.00682632 160 -0.00696423 -0.00206334 11.1635 9.38274 -13 4 0 0 1
-0.109995 0.0487145 160 0.0112658 0.0631912 6.93405 15.5946 -13 5 0 0 1
-0.107561 0.150606 160 0.0336717 0.0613539 7.68503 29.6038 -13 6 0 0 1
0.00336259 -0.0145154 160 -0.00613634 -0.00714433 12.0529 18.2872 -13 7 0 0 1
0.0592941 -0.0385933 160 -0.0200714 -0.0183587 5.21025 25.7805 -13 8 0 0 1
-0.0781126 0.100556 160 0.0319084 0.0419032 13.6568 27.6958 -13 9 0 0 1
-0.0662057 0.0128036 160 -0.00912065 0.0234544 13.2436 9.33698 -13 10 0 0 1
-0.0118874 -0.0250182 160 -0.0134098 0.000355957 10.6554 8.20557 -13 11 0 0 1
-0.0418556 0.0278436 160 -0.0187648 -0.00851542 11.8281 8.94697 -13 12 0 0 1
0.101422 -0.0659656 160 0.0181385 0.0168407 3.98407 20.4124 -13 13 0 0 1
0.00365002 -0.0548265 160 0.000599034 0.00189733 10.3415 8.61221 -13 14 0 0 1
0.141394 -0.170365 160 -0.0452648 0.00856519 5.35062 30.2368 -13 15 0 0 1
-0.0523482 0.0161324 160 -0.00231568 0.0557766 8.46834 9.72067 -13 16 0 0 1
0.0291613 -0.0284023 160 -0.000975949 0.0013209 14.5171 11.1305 -13 17 0 0 1
-0.0121529 -0.00192184 160 0.0228183 0.0132403 13.0954 33.4435 -13 18 0 0 1
0.0517247 0.00495551 160 0.00810531 -0.00403469 8.30618 24.7012 -13 19 0 0 1
0.174028 -0.609442 160 0.0953032 0.16214 2.71893 38.8627 -13 20 0 0 1
0.029197 -0.0130292 160 -0.00607643 -0.00735211 14.4293 26.8756 -13 21 0 0 1
-0.18088 -0.00271058 160 -0.011712 0.0197 10.4861 7.34291 -13 22 0 0 1
0.0491701 0.0185966 160 0.00123193 -0.0109079 11.7889 34.4659 -13 23 0 0 1
0.121679 0.0343508 160 -0.0502601 -0.0156957 8.35191 34.1937 -13 24 0 0 1
0 0 160 0 0 14.3715 18.2707 -13 25 0 0 1
0.0312997 0.125002 160 0.0275829 0.000966052 8.95949 22.1533 -13 26 0 0 1
-0.0809525 -0.0987839 160 -0.0140104 -0.0183976 8.49145 17.2601 -13 27 0 0 1
-0.0387651 -0.0299669 160 -0.0139837 0.0175415 11.5887 32.8779 -13 28 0 0 1
-0.0964192 -0.0107718 160 -0.00755665 0.0186932 7.07744 29.822 -13 29 0 0 1
0.0092426 0.0808574 160 0.0540752 0.0411135 13.6233 6.70694 -13 30 0 0 1
0.0145295 0.0313078 160 0.00211107 0.00489134 10.378 9.98666 -13 31 0 0 1
-0.122365 -0.0958227 160 -0.0448472 0.00414492 8.53083 12.5097 -13 32 0 0 1
0.546751 -0.731112 160 -0.270931 -0.0223676 3.72239 40.8073 -13 33 0 0 1
-0.0377178 -0.162225 160 -0.0555591 0.0532703 13.6524 25.9415 -13 34 0 0 1
0.0204241 0.205057 160 -0.0415963 0.00710771 5.29522 37.8139 -13 35 0 0 1
-0.018585 0.0575719 160 -0.00416438 0.0495735 8.62598 31.1092 -13 36 0 0 1
0.019104 -0.0143031 160 -0.0122434 -0.0100527 10.4195 33.8601 -13 37 0 0 1
-0.0397928 0.0327011 160 -0.00190823 0.0300251 11.86 28.533 -13 38 0 0 1
0.00364116 -0.000199748 160 0.00186831 -0.00119721 9.53531 16.5401 -13 39 0 0 1
0.00744794 0.0141125 160 0.00318342 -0.00933107 10.9518 26.109 -13 40 0 0 1
-0.0486717 0.0440078 160 -0.00228663 0.0281047 8.93055 9.85038 -13 41 0 0 1
-0.0219183 -0.0170935 160 -0.0154231 0.00665326 9.93759 27.7021 -13 42 0 0 1
0.0287517 -0.0520625 160 -0.0121402 -0.012982 14.4243 16.0871 -13 43 0 0 1
-0.0636568 -0.121972 160 -0.0155516 -0.0307492 11.3142 24.2002 -13 44 0 0 1
0.0652004 0.00274822 160 0.0082975 -0.0153169 10.8877 30.1757 -13 45 0 0 1
-0.0688853 -0.119151 160 -0.0612338 -0.0267339 5.17818 15.7326 -13 46 0 0 1
-0.00151722 -0.00803819 160 -0.00253215 0.0010406 11.4285 13.4256 -13 47 0 0 1
0.332757 0.474241 160 0.0444365 -0.128985 6.80935 18.9316 -13 48 0 0 1
0.000783937 -0.00190798 160 -0.0439742 0.0121206 13.2767 11.0013 -13 49 0 0 1
0.0770482 0.043426 160 0.0235081 -0.0213363 4.50292 40.2181 -13 50 0 0 1
-0.0682431 0.00426777 160 -0.0012292 0.0140395 8.41983 19.1585 -13 51 0 0 1
0.119154 0.330428 160 0.105948 -0.0516537 2.92851 41.8907 -13 52 0 0 1
0.0503904 0.0465764 160 0.0173916 -0.0147744 8.24504 8.73563 -13 53 0 0 1
0.0450529 -0.0358632 160 0.0446459 0.070328 3.32172 21.9415 -13 54 0 0 1
-0.000366116 0.00885086 160 0.00977702 0.0111633 10.4164 25.2908 -13 55 0 0 1
0 0 160 0 0 14.1321 13.2823 -13 56 0 0 1
0.000878879 0.0172966 160 0.00637381 -0.00819637 9.80891 33.4759 -13 57 0 0 1
-0.00354096 -0.00925201 160 -0.0172699 -0.00281902 8.33711 14.3213 -13 58 0 0 1
0.0982426 -0.0436711 160 -0.0657733 -0.0193968 7.12815 25.5269 -13 59 0 0 1
0.0602434 -0.00157348 160 -0.0194298 -0.0321595 8.33301 28.7676 -13 60 0 0 1
0.0426857 -0.0132127 160 -0.0184472 -0.00904344 13.9548 19.8371 -13 61 0 0 1
0.0177567 -0.0591188 160 -0.000367985 -0.0299159 9.38351 19.154 -13 62 0 0 1
0.0307466 0.0306989 160 0.0301013 -0.0107874 14.0259 32.5386 -13 63 0 0 1
0.105999 0.0357834 160 0.0282574 -0.0192379 8.92383 19.389 -13 64 0 0 1
-0.0397082 -0.0402776 160 0.0374037 -0.0357219 5.22814 16.1782 -13 65 0 0 1
-0.0618252 0.0579826 160 0.00563133 0.0145643 7.42945 21.1882 -13 66 0 0 1
-0.00612059 0.00531654 160 -0.00494034 0.00429519 11.545 17.7251 -13 67 0 0 1
-0.0669753 0.112277 160 0.0341813 0.0462854 10.6757 25.1621 -13 68 0 0 1
0.125415 -0.137325 160 0.02012 -0.0412852 5.53087 24.2934 -13 69 0 0 1
-0.0124882 0.00952359 160 0.00698567 0.00493021 11.183 10.5908 -13 70 0 0 1
0.0161738 -0.00941005 160 -0.013768 0.00433488 11.6946 9.03523 -13 71 0 0 1
0.0531231 -0.137165 160 -0.0289386 -0.032028 10.3915 7.3105 -13 72 0 0 1
0.077513 0.132333 160 0.0245027 -0.00560531 6.18372 31.1456 -13 73 0 0 1
-0.0376937 -0.0542056 160 -0.0344436 0.0117394 10.7515 20.3505 -13 74 0 0 1
-0.0952355 0.0411978 160 -0.0521252 0.0321276 7.84215 35.4255 -13 75 0 0 1
-0.0419304 -0.0209555 160 0.0116095 0.0198797 12.5016 30.4227 -13 76 0 0 1
-0.00702194 0.0682756 160 0.0167033 -0.0172935 8.24906 33.2809 -13 77 0 0 1
0.0030121 -0.00167239 160 0.00642778 -0.00976341 13.5577 18.0714 -13 78 0 0 1
0.00470428 0.0137835 160 0.00234977 -0.00936892 12.6886 29.782 -13 79 0 0 1
0.0749068 -0.0153523 160 0.00334035 -0.0180729 10.3218 33.6873 -13 80 0 0 1
0.000961801 0.155547 160 0.0553734 -0.0269733 8.71549 29.8582 -13 81 0 0 1
0 0 160 0 0 13.2126 27.7364 -13 82 0 0 1
0.00309382 0.0321626 160 -0.00331907 -0.0196164 9.87495 24.9403 -13 83 0 0 1
-0.188973 -0.067825 160 -0.0255262 0.0801745 6.38918 22.7585 -13 84 0 0 1
0 0 160 0 0 13.6161 8.3418 -13 85 0 0 1
0.0541058 0.0166047 160 -0.00761163 -0.0108423 7.9945 20.4544 -13 86 0 0 1
-0.0149244 -0.00652243 160 0.0366803 0.0603612 2.82342 47.4983 -13 87 0 0 1
0.061489 0.0259796 160 0.0255073 -0.0128876 8.55009 15.3951 -13 88 0 0 1
0.0169736 -0.0475732 160 -0.00881484 -0.0210049 10.0021 16.9128 -13 89 0 0 1
-0.0128075 -0.0519617 160 -0.016935 0.0361669 6.73637 17.4778 -13 90 0 0 1
-0.0569221 0.00637817 160 0.0154959 -0.0507277 7.19553 35.6023 -13 91 0 0 1
0.0336403 0.0113331 160 0.000743437 0.0188945 6.74059 36.4985 -13 92 0 0 1
0.316916 -0.164523 160 -0.124437 -0.00632221 7.72707 33.5162 -13 93 0 0 1
0.0116583 -0.011059 160 0.00924738 0.0357009 5.92431 18.7877 -13 94 0 0 1
-0.0280976 0.00615416 160 0.0191486 -0.0285851 10.7931 17.3975 -13 95 0 0 1
0.605515 -0.82098 160 -0.190486 0.104493 2.77665 26.0484 -13 96 0 0 1
0.0137649 0.0012259 160 -0.00942793 0.00166742 12.8763 19.8364 -13 97 0 0 1
-0.0788099 0.0435203 160 -0.00453672 0.0379665 9.59657 14.3547 -13 98 0 0 1
-0.00329088 0.0330339 160 0.0113799 0.00590217 14.0217 9.62138 -13 99 0 0 1
0.012039 -0.133905 160 -0.0372773 -0.00872767 12.327 5.91795 -13 100 0 0 1
-0.0986586 0.213976 160 0.0410924 0.00539606 4.87545 27.9178 -13 101 0 0 1
0.0051866 0.841859 160 -0.114748 -0.0784708 2.01822 38.1741 -13 102 0 0 1
-0.0254692 -0.00396836 160 -0.0046813 0.00603317 9.98838 29.3494 -13 103 0 0 1
0.0237469 0.0372418 160 0.0133091 -0.00111791 9.62733 19.2405 -13 104 0 0 1
0.0280269 -0.00871742 160 -0.0113036 0.00479659 8.85111 13.5279 -13 105 0 0 1
0.0791587 -0.0419762 160 -0.00097035 -0.0303135 10.3364 33.9069 -13 106 0 0 1
-0.049352 -0.0274142 160 0.00443127 0.0124177 13.7664 22.2185 -13 107 0 0 1
-0.0150757 0.01687 160 0.0171108 0.017052 7.39113 20.75 -13 108 0 0 1
-0.00872895 0.00181693 160 -0.00779707 -0.00675909 13.5817 5.21986 -13 109 0 0 1
-0.0680283 -0.0178746 160 -0.0285544 -0.020384 5.59762 13.565 -13 110 0 0 1
0.0292755 0.0456152 160 0.00875059 0.00849485 9.86297 9.90746 -13 111 0 0 1
-0.0117182 -0.286069 160 -0.0924792 -0.057094 7.72746 11.7257 -13 112 0 0 1
0.0141886 -0.0250888 160 -0.00728287 -0.0104852 11.9696 15.3532 -13 113 0 0 1
0.0387811 -0.0969031 160 -0.0446965 0.0274094 8.10197 14.1119 -13 114 0 0 1
0.151773 0.00903313 160 -0.351085 -0.192712 13.2314 24.2489 -13 115 0 0 1
0.045148 -0.0469442 160 -0.0193122 -0.0303724 10.3239 35.0785 -13 116 0 0 1
-0.0459359 0.0748941 160 0.0412995 -0.0131119 11.5887 10.3695 -13 117 0 0 1
-0.146544 -0.223933 160 -0.0146214 0.0579041 5.95763 15.1163 -13 118 0 0 1
0.0194789 -0.0497542 160 -0.0337015 0.00569232 10.9929 25.2357 -13 119 0 0 1
-0.00281377 0.0413143 160 0.00495226 0.00319432 7.55304 21.899 -13 120 0 0 1
-0.0179874 -0.0355634 160 -0.0191537 0.0214411 8.00626 35.4104 -13 121 0 0 1
-0.0315251 -0.104206 160 -0.0392246 0.00619813 9.07303 13.1309 -13 122 0 0 1
-0.0908447 -0.0289812 160 -0.0434466 0.0288148 5.16592 33.8453 -13 123 0 0 1
-0.04157 -0.037943 160 -0.0275265 -0.0214396 13.0021 20.0073 -13 124 0 0 1
0 0 160 0 0 11.4863 31.8265 -13 125 0 0 1
-0.0242901 -0.0265207 160 -0.00507361 0.000227974 11.7398 30.2614 -13 126 0 0 1
-0.0490537 0.0136181 160 0.0184162 0.00906375 9.67326 12.1666 -13 127 0 0 1
-0.0168323 -0.0121782 160 -0.0107808 -0.00951543 13.5119 14.2225 -13 128 0 0 1
-0.0552147 -0.0772705 160 -0.0338673 0.0396955 13.5073 17.2893 -13 129 0 0 1
0.0553835 0.00745857 160 0.00592825 -0.0230297 10.4718 28.0571 -13 130 0 0 1
-0.0917585 -0.254532 160 -0.0950376 -0.0210774 9.21568 14.8173 -13 131 0 0 1
-0.151399 -0.0802396 160 0.207996 0.00631252 13.2471 27.0728 -13 132 0 0 1
0.0567532 -0.0299226 160 -0.0491442 -0.031352 14.5317 23.223 -13 133 0 0 1
0.122702 -0.192519 160 -0.0155473 -0.0496313 7.31494 26.9651 -13 134 0 0 1
0.00583691 -0.0144015 160 -0.0427026 0.000827831 13.3699 8.93607 -13 135 0 0 1
0.0364012 -0.0504799 160 -0.00310734 -0.023931 12.9898 16.6353 -13 136 0 0 1
-0.0204228 0.156701 160 -0.0106535 -0.0116503 7.30902 12.4097 -13 137 0 0 1
-0.013378 0.00216797 160 0.0271642 -0.00707331 4.73598 17.7588 -13 138 0 0 1
-0.0997544 0.0894834 160 0.0494614 0.00699707 11.5093 25.0172 -13 139 0 0 1
-0.0191911 -0.0455722 160 -0.0153674 0.00145124 14.1512 29.4718 -13 140 0 0 1
-0.00287361 -0.00828909 160 0.00261772 0.00276302 13.8309 5.61821 -13 141 0 0 1
-0.0622669 -0.0294503 160 -0.0113198 0.0251174 13.7613 16.1974 -13 142 0 0 1
0.0354587 -0.0569783 160 -0.00889798 -0.0160551 11.0457 11.1448 -13 143 0 0 1
0 0 160 0 0 14.4014 24.9534 -13 144 0 0 1
-0.0351344 -0.0037113 160 0.00817911 -0.00168041 9.88366 31.4435 -13 145 0 0 1
0.177725 0.0235312 160 0.0332286 -0.0300467 9.2524 17.1816 -13 146 0 0 1
-0.0562103 -0.123218 160 -0.0572057 -0.0125332 11.2478 20.7104 -13 147 0 0 1
0.00093431 1.73114e-05 160 0.00666677 0.0193029 7.43824 21.3204 -13 148 0 0 1
-0.147284 -0.0909939 160 0.00119521 0.0809617 7.07031 17.0466 -13 149 0 0 1
0.0117266 -0.0109218 160 -0.0110024 -0.00644054 13.8571 25.0546 -13 150 0 0 1
-0.0425526 0.00647469 160 0.00674111 -0.0150684 8.13095 10.8756 -13 151 0 0 1
-0.010195 0.0358231 160 0.0117644 0.0101125 14.1406 28.6455 -13 152 0 0 1
0.106067 0.00133147 160 -0.0246068 -0.0312038 13.7011 28.2197 -13 153 0 0 1
0.026299 0.0657902 160 0.0473417 -0.0368233 9.48251 23.6068 -13 154 0 0 1
-0.00399205 -0.00930951 160 -0.00999512 -0.00127587 9.97797 31.3234 -13 155 0 0 1
0.0480429 0.017877 160 0.015872 -0.0105755 11.9944 21.8727 -13 156 0 0 1
-0.00203356 0.038758 160 0.00810595 -0.0014014 13.2515 13.9094 -13 157 0 0 1
0.045077 -0.142993 160 -0.0634351 -0.0166378 8.49368 17.3892 -13 158 0 0 1
0.00309933 0.0164936 160 0.0138162 0.000952776 14.343 27.279 -13 159 0 0 1
-0.0708909 -0.00769072 160 -0.00860022 -0.0400782 7.5724 16.6539 -13 160 0 0 1
0.00493322 -0.0113813 160 -0.000159071 -0.00417034 14.1155 11.3803 -13 161 0 0 1
-0.0147805 0.13175 160 0.0404479 -0.0113097 9.78283 21.5074 -13 162 0 0 1
7.8739e-05 -0.0589531 160 -0.0306854 0.0128154 9.78009 9.24646 -13 163 0 0 1
-0.0233408 -0.0153828 160 0.00584791 0.0138596 14.2267 24.5382 -13 164 0 0 1
-0.0211964 -0.000831549 160 0.000550683 0.00600648 12.3514 29.664 -13 165 0 0 1
-0.0648461 0.033062 160 -0.000696715 0.0617944 11.0393 34.2208 -13 166 0 0 1
-0.0280306 -0.0122716 160 -0.0267237 0.00874389 9.89646 11.087 -13 167 0 0 1
0.00130343 0.000465645 160 0.00177358 -0.0053332 11.4372 6.34041 -13 168 0 0 1
0.0600015 -0.0216693 160 0.00535814 -0.0326919 13.074 31.1407 -13 169 0 0 1
0.069496 -0.00229133 160 -0.0163742 -0.0534148 8.96329 25.711 -13 170 0 0 1
-0.0336541 0.0539761 160 0.013789 0.0178783 14.5202 26.3345 -13 171 0 0 1
0.0203001 0.0539617 160 0.0158789 -0.00423781 11.8725 19.8534 -13 172 0 0 1
-0.0768094 0.0303611 160 0.0169155 0.0164743 13.0525 5.92756 -13 173 0 0 1
-0.0112375 0.013538 160 0.00350156 -0.00319042 9.80862 29.8936 -13 174 0 0 1
0.0091508 0.00937372 160 0.00499773 0.00340467 10.6856 8.3107 -13 175 0 0 1
-0.0165719 0.0281973 160 0.0103311 0.00279982 10.8042 20.0045 -13 176 0 0 1
0.353251 -0.0945861 160 0.00308281 -0.0235419 3.71246 22.0209 -13 177 0 0 1
0.106356 -0.239979 160 -0.0157307 -0.100159 5.69598 21.8617 -13 178 0 0 1
0.779591 0.22875 160 -0.100127 -0.309484 5.73334 26.9776 -13 179 0 0 1
-0.564634 -0.151436 160 -0.214591 0.0205258 7.1994 31.8371 -13 180 0 0 1
0.0691038 0.0413158 160 0.0660077 -0.0493088 8.82024 33.3678 -13 181 0 0 1
-0.0027207 -0.0092804 160 -0.0108197 0.0125205 9.2876 24.0448 -13 182 0 0 1
0.0120606 -0.090858 160 -0.031607 -0.0226862 14.037 9.85988 -13 183 0 0 1
-0.0116943 0.0116023 160 0.00622598 -0.00795262 12.3034 9.7716 -13 184 0 0 1
-0.0661296 -0.136186 160 -0.0469262 -0.00687574 11.5121 21.2094 -13 185 0 0 1
0.00674123 0.00780388 160 0.00208073 0.00735608 11.8915 34.3454 -13 186 0 0 1
0.0335529 -0.0231273 160 -0.0231612 0.00477006 4.90993 15.8663 -13 187 0 0 1
-0.0750673 -0.0654642 160 -0.0706133 0.0417441 8.62717 23.653 -13 188 0 0 1
-0.24633 -0.0201673 160 0.0449744 0.0288241 5.952 11.2602 -13 189 0 0 1
0.0268265 0.0557224 160 0.00153411 -0.00513032 8.45734 12.841 -13 190 0 0 1
0.0475964 0.0117748 160 0.0181075 -0.00497371 12.2531 11.0713 -13 191 0 0 1
-0.0992318 0.170592 160 0.0254706 0.0473099 12.1001 10.8565 -13 192 0 0 1
-0.0221444 0.176271 160 0.0378361 0.0236059 10.3717 12.9519 -13 194 0 0 1
0.0298979 0.00728046 160 0.011599 -0.00593583 10.8789 27.57 -13 195 0 0 1
0.0443682 -0.0327113 160 -0.000238158 -0.0143076 11.707 34.6389 -13 196 0 0 1
-0.660456 0.0074754 160 -0.156903 0.0432439 1.60899 50.1737 -13 197 0 0 1
0.00820229 -0.00332462 160 -0.00193365 -0.00658426 12.3357 9.54419 -13 198 0 0 1
0.0122324 0.00568997 160 0.00114692 -0.00310857 12.9412 19.128 -13 199 0 0 1
-0.304646 0.905833 160 0.211253 -0.02234 2.5569 41.2674 -13 200 0 0 1
0.0161917 -0.0261546 160 0.0112964 -0.0169138 11.6179 27.0402 -13 201 0 0 1
-0.0377049 0.0891445 160 0.024224 0.0693759 12.0259 26.035 -13 202 0 0 1
-0.00799607 0.0349987 160 0.00931685 0.00320626 14.4683 25.0611 -13 203 0 0 1
-0.0161248 0.0830589 160 0.0221578 -0.0367344 5.57601 19.5915 -13 204 0 0 1
0.00545045 -0.125833 160 -0.0490688 -0.00338142 7.21751 19.4347 -13 205 0 0 1
0.0304451 -0.0586951 160 0.0925185 0.17964 2.15693 52.8994 -13 206 0 0 1
-0.0444612 0.0679968 160 0.0304154 -0.0147792 9.25971 34.5202 -13 207 0 0 1
0.391612 0.436813 160 -0.0261106 -0.0437434 2.36691 41.9916 -13 208 0 0 1
-0.0480111 0.0467463 160 0.0147741 0.0329413 13.7184 17.4481 -13 209 0 0 1
0.0737006 0.0113362 160 0.044848 -0.146336 3.51831 38.3628 -13 210 0 0 1
0.0113562 0.217038 160 0.00472327 -0.0296986 6.66349 24.1527 -13 211 0 0 1
0.103552 0.00844129 160 0.0255725 -0.028909 13.9545 5.82691 -13 212 0 0 1
0.0298483 -0.0324823 160 -0.00304306 -0.00558063 8.99233 35.6619 -13 213 0 0 1
0.0274152 0.0529848 160 0.0233652 0.00404996 9.82024 24.3983 -13 214 0 0 1
0.289607 -0.245552 160 -0.0767953 -0.0920433 4.23353 27.3316 -13 215 0 0 1
0.00366902 0.0850945 160 0.0311734 0.0142666 9.92246 18.3532 -13 216 0 0 1
0.0035638 -0.0325125 160 -0.0052478 -0.00273027 9.46748 19.4267 -13 217 0 0 1
-0.164841 -0.150705 160 -0.0198993 0.0014302 5.33574 26.1785 -13 218 0 0 1
-0.00925824 0.0222233 160 0.00568642 0.00207849 9.77733 16.519 -13 219 0 0 1
0.00473743 0.000662308 160 -0.0156992 -0.0154714 13.3313 16.4184 -13 220 0 0 1
0.00719915 -0.149943 160 -0.0195434 -0.0194916 3.87696 24.3533 -13 221 0 0 1
0.0466962 -0.00670114 160 -0.0106584 -0.0263014 8.94304 13.7447 -13 222 0 0 1
0.0150674 -0.0216782 160 -0.00395957 -0.0163937 8.70116 10.3603 -13 223 0 0 1
0.113394 0.0497993 160 0.0179247 -0.046998 6.19909 38.4761 -13 224 0 0 1
0.00994206 0.00783419 160 -0.0016232 0.00401462 12.3574 25.8495 -13 225 0 0 1
0.111128 -0.0101056 160 -0.0176823 -0.043909 10.1128 25.0161 -13 226 0 0 1
0.0185999 -0.0298534 160 -0.0136916 0.0134647 12.6322 24.5888 -13 227 0 0 1
0.0113715 -0.0770715 160 -0.0258196 0.0021941 13.5124 17.8694 -13 228 0 0 1
0.0206666 0.0360731 160 0.0092595 -0.00888041 13.454 15.3859 -13 229 0 0 1
-0.0314639 0.0148553 160 -0.00752738 0.00836038 11.987 6.5757 -13 230 0 0 1
-0.0317637 0.0287325 160 -0.023362 0.0531635 9.04474 32.8723 -13 231 0 0 1
0.0801873 0.0817943 160 -0.00687117 -0.0164283 6.33588 28.3177 -13 232 0 0 1
-0.100786 -0.125781 160 -0.0609156 -0.0735737 10.988 33.4738 -13 233 0 0 1
-0.0725032 0.0375169 160 0.0438881 0.0151114 12.498 7.90637 -13 234 0 0 1
0.067117 0.0963119 160 0.0138206 0.00345467 6.38989 32.7496 -13 235 0 0 1
0.0118588 0.160084 160 0.048068 0.0168625 4.68387 32.6877 -13 236 0 0 1
-0.101523 -0.00780484 160 -0.0063174 0.0376484 8.3967 22.2017 -13 237 0 0 1
-0.0538418 -0.0202781 160 0.0229181 0.0506188 9.52264 11.3953 -13 238 0 0 1
0.0158968 0.00105675 160 0.0112196 0.000374371 12.7938 16.5101 -13 239 0 0 1
0.0592451 -0.0210982 160 0.00252206 -0.0276538 12.7619 10.185 -13 240 0 0 1
-0.0311102 -0.0252123 160 -0.0260174 -0.0475537 12.8158 6.99396 -13 241 0 0 1
-0.0129676 0.0512629 160 0.00583328 0.00495215 10.9408 21.8968 -13 242 0 0 1
-0.0746654 0.00592462 160 0.0171361 0.017696 13.8057 32.3183 -13 243 0 0 1
-0.0945576 0.123702 160 0.0041024 0.06697 8.6839 30.3987 -13 244 0 0 1
-0.00387943 0.0304199 160 0.00350506 -0.00473248 12.9323 17.1282 -13 245 0 0 1
0.126952 -0.0257626 160 -6.67383e-05 -0.0252912 8.12907 16.3128 -13 246 0 0 1
-0.0400471 0.170228 160 0.0870128 0.00718295 11.6537 15.7081 -13 247 0 0 1
-0.00137636 0.00422195 160 0.00364319 -0.00714373 11.8443 32.6169 -13 248 0 0 1
0.0421122 0.00944975 160 0.00265568 -0.00671878 12.3584 15.7272 -13 249 0 0 1
0.0199069 0.0200905 160 0.0144752 0.01267 10.3676 25.2837 -13 250 0 0 1
0.0508382 0.0578484 160 0.0229885 0.00690512 8.37281 33.372 -13 251 0 0 1
0.0125666 -0.00664396 160 -0.00154035 0.000323278 12.9871 12.316 -13 252 0 0 1
-0.00484258 -0.217009 160 -0.0491472 0.111516 11.9418 26.338 -13 253 0 0 1
0.0788244 0.00833133 160 0.00241416 0.00128647 8.35053 11.7466 -13 254 0 0 1
0.00950363 -0.0429917 160 -0.0260178 0.00708337 12.0843 12.7112 -13 255 0 0 1
0.0558446 0.049131 160 0.0486587 -0.0138742 12.2592 5.75117 -13 256 0 0 1
0.00286164 -0.028096 160 -0.0249429 0.0278345 11.2946 16.5512 -13 257 0 0 1
0.0137468 0.0220129 160 -0.00154434 0.0239666 11.7431 21.9392 -13 258 0 0 1
0.00771887 0.0160471 160 0.00317844 -0.00554426 14.4653 9.68624 -13 259 0 0 1
-0.0168281 0.00868018 160 0.0127629 -0.00761622 14.2229 28.0765 -13 260 0 0 1
0.0185625 -0.0971267 160 -0.0482319 0.029119 13.8502 19.4973 -13 261 0 0 1
0.0145877 0.00925783 160 0.0142429 -0.0376063 12.9689 23.9947 -13 262 0 0 1
0.0473645 -0.0215051 160 0.00370469 -0.0184343 10.5484 13.3359 -13 263 0 0 1
0.00620872 0.412672 160 0.108242 0.0546004 3.87409 38.86 -13 264 0 0 1
0.0256321 -0.0234931 160 0.0265907 -0.0156476 12.8148 28.4863 -13 265 0 0 1
-0.0231363 0.0302102 160 -0.000502247 0.00408202 11.3368 29.8865 -13 266 0 0 1
0.0478948 -0.00865607 160 -0.0101979 -0.00786775 14.0696 26.8806 -13 267 0 0 1
-0.0215312 -0.0166535 160 0.0206757 0.0200208 12.2787 10.5881 -13 268 0 0 1
0.0259336 -0.0381727 160 -0.0151799 -0.00534607 11.9209 16.9923 -13 269 0 0 1
0.347447 0.12116 160 0.071794 -0.0901422 3.61245 44.8652 -13 270 0 0 1
0.115435 -0.00610185 160 0.00647053 -0.00614466 7.3539 35.5196 -13 271 0 0 1
0.00216633 -0.000111343 160 0.00779161 -0.000402088 14.4735 14.2073 -13 272 0 0 1
0.0235838 -0.0706078 160 0.00613217 -0.013188 8.14507 17.7157 -13 273 0 0 1
0.00222508 -0.0214749 160 -0.00568137 -0.00475372 12.6226 31.8765 -13 274 0 0 1
-0.0335008 0.0398592 160 0.0188174 0.000686129 8.82572 26.4741 -13 275 0 0 1
0.0528281 0.0189691 160 0.0144664 -0.0125302 11.5455 11.025 -13 276 0 0 1
0.00240808 0.0793914 160 0.0214247 -0.000182135 9.64484 31.3323 -13 277 0 0 1
0.00931621 0.0129621 160 0.00222025 -0.00435289 13.7641 17.2258 -13 278 0 0 1
-0.00349911 -0.0200697 160 -0.00750338 -0.000777266 13.3571 25.234 -13 279 0 0 1
0.122632 0.207867 160 0.0723983 -0.00723852 6.35731 15.7095 -13 280 0 0 1
-0.0279604 0.0151029 160 0.00906378 0.00754121 8.1884 27.3257 -13 281 0 0 1
0.000647509 -0.000352935 160 0.0130927 0.00815659 9.55135 29.6466 -13 282 0 0 1
-0.0108006 0.00456692 160 -0.00823813 0.00348802 10.7314 12.9201 -13 283 0 0 1
-0.022466 -0.00621014 160 0.0214881 -0.0157506 7.25281 21.7793 -13 284 0 0 1
-0.258032 -0.0827506 160 0.0799566 -0.0171615 3.41893 44.4265 -13 285 0 0 1
-0.0644262 -0.0280788 160 -0.00686621 0.00778798 6.83987 34.6862 -13 286 0 0 1
0.0623618 0.0472049 160 -0.00585471 0.00986545 10.9025 33.7742 -13 287 0 0 1
-0.00319059 -0.0106703 160 0.000791151 0.00866138 11.982 30.602 -13 288 0 0 1
0.0364304 -0.0581149 160 -0.013233 -0.0224969 9.49169 23.9427 -13 289 0 0 1
-0.00650287 0.0122974 160 -0.0242536 0.0377118 9.08951 15.2642 -13 290 0 0 1
-0.00872182 -0.0679358 160 0.0027984 0.0393744 6.99655 27.306 -13 291 0 0 1
0.023326 0.0337485 160 -0.000272346 -0.0111985 13.2796 7.91309 -13 292 0 0 1
-0.0103444 0.0192058 160 0.0137065 0.0159182 7.43221 37.0841 -13 293 0 0 1
-0.0375396 -0.0322181 160 -0.0218063 0.0153381 13.8315 34.0173 -13 294 0 0 1
-0.056248 0.0636621 160 -0.0212362 -0.0657487 7.30258 31.2296 -13 295 0 0 1
0.0561193 -0.0143873 160 0.0619818 0.00644871 6.10935 24.8424 -13 296 0 0 1
-0.0456004 -0.0461105 160 -0.0197204 0.00315362 11.9953 9.902 -13 297 0 0 1
-0.258971 -0.410573 160 -0.0634241 0.10898 2.40528 51.342 -13 298 0 0 1
-0.00864935 -0.00414766 160 0.000263704 0.00259099 12.199 17.7941 -13 299 0 0 1
-0.243324 -0.0391104 160 -0.00987865 0.0570912 3.5626 42.9135 -13 300 0 0 1
-0.117284 -0.0677483 160 0.00426838 0.0349385 8.27103 33.7724 -13 301 0 0 1
0.0907371 0.21352 160 0.0782935 -0.0396776 7.57822 23.8332 -13 302 0 0 1
-0.0452088 -0.0248491 160 -0.0166543 0.0185324 11.674 18.285 -13 303 0 0 1
0.181791 -0.00603243 160 0.0342202 -0.0526348 7.76688 24.9642 -13 304 0 0 1
0 0 160 0 0 11.1005 15.6823 -13 305 0 0 1
0.00814713 -0.0115771 160 0.00827817 -0.00745771 9.73778 21.6871 -13 306 0 0 1
0.00932052 -0.0620848 160 0.0328611 0.0396852 4.60356 24.3188 -13 307 0 0 1
0.0309016 0.0141175 160 0.0140573 0.00233292 12.3915 11.5306 -13 308 0 0 1
-0.0230661 0.185645 160 0.0527803 -0.0655487 9.59113 26.4819 -13 309 0 0 1
0.120718 0.135524 160 0.0449263 -0.0139469 5.79501 19.7216 -13 310 0 0 1
0.00572933 -0.0219348 160 0.00798907 -0.0196066 14.0134 21.6327 -13 311 0 0 1
-0.0179484 0.00288372 160 0.00192982 0.00780996 12.1703 12.0976 -13 312 0 0 1
-0.0294376 0.0180306 160 -0.00790154 0.00956609 13.0533 6.63282 -13 313 0 0 1
0.048511 0.0153233 160 -0.00720361 -0.0058347 13.8284 6.16311 -13 314 0 0 1
0.0373409 -0.0207561 160 -0.0242944 -0.0410665 11.6382 9.15602 -13 315 0 0 1
-0.0426104 -0.0512571 160 -0.0230274 -0.0161017 9.11325 13.1942 -13 316 0 0 1
-0.244289 0.335068 160 0.0188207 0.0100162 3.061 26.9539 -13 317 0 0 1
-0.0240495 -0.0313883 160 -0.0123405 0.0624018 6.14759 15.2964 -13 318 0 0 1
-0.0251769 -0.00532619 160 0.000559805 0.00789936 13.8164 10.3179 -13 320 0 0 1
-0.00317111 -0.0599242 160 -0.0315624 0.0122069 10.0161 11.7225 -13 321 0 0 1
0.0905057 0.036259 160 0.0228572 -0.0200175 12.763 10.6447 -13 322 0 0 1
0.0384199 -0.160891 160 -0.0456062 0.0219984 6.22283 17.1417 -13 323 0 0 1
-0.242233 -0.114978 160 -0.101402 0.239417 2.27354 47.2681 -13 324 0 0 1
0.00452343 -0.0316917 160 0.0761673 0.0618445 11.4629 32.2087 -13 325 0 0 1
-0.0321154 -0.0478683 160 -0.0138664 -0.0012382 10.7327 26.1192 -13 326 0 0 1
-0.000330947 0.00519278 160 -0.00319913 -0.00255389 12.4813 18.09 -13 327 0 0 1
0.184191 -0.160034 160 -0.0484344 -0.192936 4.42934 33.9594 -13 328 0 0 1
-0.0047462 0.0325044 160 0.0105564 -0.000187054 11.9994 27.4093 -13 329 0 0 1
0.0312444 0.0215263 160 0.00791162 -0.00711158 9.01819 14.962 -13 330 0 0 1
-0.0543681 -0.0177304 160 -0.000427747 0.0351786 5.67378 11.4109 -13 331 0 0 1
-0.0721743 -0.0221938 160 -0.0404745 0.0562465 5.08961 17.736 -13 332 0 0 1
0.0301038 -0.00745523 160 -0.0181374 -0.0136889 9.89594 17.4798 -13 333 0 0 1
0 0 160 0 0 12.861 7.48185 -13 334 0 0 1
0 0 160 0 0 14.258 25.5674 -13 335 0 0 1
0.0865298 -0.101682 160 -0.00724466 -0.0197856 5.80183 24.0891 -13 336 0 0 1
0.0296816 0.0413603 160 0.0143408 -0.00163498 13.7412 22.9617 -13 337 0 0 1
-0.00409602 0.0149579 160 0.00341297 0.026916 9.67594 30.8761 -13 338 0 0 1
0.029414 0.00113021 160 0.0167492 0.0028062 9.36606 35.2586 -13 339 0 0 1
-0.265513 -0.790855 160 0.0569714 -0.30129 2.0978 52.5388 -13 340 0 0 1
0.0112336 -0.00514487 160 0.00609562 -0.00992364 12.4685 32.5705 -13 341 0 0 1
0.565242 -0.383096 160 0.162846 0.0198286 0.780633 68.2167 -13 342 0 0 1
0.318882 0.114126 160 -0.0234838 -0.0558021 2.67872 49.0302 -13 343 0 0 1
0.00820346 -0.0153173 160 -0.00563675 -1.74237e-05 13.2587 11.1103 -13 344 0 0 1
0.0488605 0.0415436 160 0.0147414 0.00177817 9.73511 6.99626 -13 345 0 0 1
0.0247541 0.0133709 160 0.0113986 -0.0151488 13.4637 19.7998 -13 346 0 0 1
-0.0369583 0.0456793 160 0.0171999 0.00426778 12.1238 19.7782 -13 347 0 0 1
0.0524412 0.0279082 160 -0.0151096 -0.0282925 13.8022 30.9365 -13 348 0 0 1
0.171852 -0.00794702 160 0.0191428 -0.0334515 7.19747 22.5699 -13 349 0 0 1
0.0147895 -0.0243262 160 -0.00862585 0.00147373 7.8238 30.9477 -13 350 0 0 1
1.14288 -0.35204 160 -0.0349949 1.00738 4.60704 20.6472 -13 351 0 0 1
-0.0451667 -0.172242 160 0.206608 0.0685717 4.39836 25.1647 -13 352 0 0 1
-0.81656 -1.65467 160 -0.153536 -0.193528 1.3587 40.7947 -13 353 0 0 1
0.0277805 -0.203303 160 -0.063319 0.0337068 10.8763 32.9587 -13 354 0 0 1
-0.577461 -0.380602 160 0.0402485 0.123708 3.52282 34.9831 -13 355 0 0 1
-0.00894002 -0.0174303 160 -0.0112005 0.00324948 9.79889 34.0975 -13 356 0 0 1
-0.114591 0.112136 160 0.0283117 0.0388376 10.6992 33.0974 -13 357 0 0 1
0.000930204 -0.0646174 160 -0.0170693 0.0579017 10.923 23.1357 -13 358 0 0 1
0.0234795 0.0132413 160 0.0131212 0.006806 11.808 11.4829 -13 359 0 0 1
-0.0096368 0.0339236 160 0.00743315 -0.00855803 13.5212 26.2148 -13 360 0 0 1
0.112971 -0.0438967 160 0.0467471 -0.0669392 4.07011 20.1794 -13 361 0 0 1
-0.0337417 0.0595081 160 -0.00448008 0.0120824 8.78253 7.86594 -13 362 0 0 1
-0.0154644 -0.000294678 160 0.0208717 0.00806716 12.2187 33.5564 -13 363 0 0 1
-0.050795 -0.0274268 160 0.0178525 0.0280731 14.4627 9.15588 -13 364 0 0 1
0.0356686 -0.0364744 160 0.00206571 0.0101327 11.8583 10.0184 -13 365 0 0 1
-0.111961 0.0338468 160 0.0223679 0.0321674 7.93631 8.59138 -13 366 0 0 1
-0.071189 -0.0645646 160 -0.0590827 -0.0237783 11.7249 29.9026 -13 367 0 0 1
0.0294041 -0.0714962 160 0.00405451 -0.0226052 6.12235 29.0764 -13 368 0 0 1
0.0102701 0.0357348 160 -0.0419233 -0.231054 2.42341 43.7818 -13 369 0 0 1
-0.0322767 0.0996307 160 0.0259958 -0.0192671 6.54673 13.0567 -13 370 0 0 1
-0.203477 0.327896 160 0.0678912 0.149456 14.5293 22.0857 -13 371 0 0 1
-0.664497 -0.588185 160 0.121155 0.309402 2.81231 47.8973 -13 372 0 0 1
0.0309153 -0.00684666 160 0.00644885 -0.0110643 14.2066 13.588 -13 373 0 0 1
-0.303705 -0.112986 160 0.0140269 0.0184311 5.08625 17.5219 -13 374 0 0 1
-0.0181799 0.0778588 160 0.00703223 0.0176468 13.3757 26.6518 -13 375 0 0 1
-0.0226317 0.263542 160 0.0396047 0.0845651 6.70044 21.8499 -13 376 0 0 1
-0.00482566 -0.0269239 160 -0.00943416 -0.00413515 10.5419 15.9593 -13 377 0 0 1
0.115332 0.762773 160 0.2525 0.0438956 2.33692 25.9825 -13 378 0 0 1
-0.0204435 -0.00870193 160 -0.0258748 -0.00941906 7.4762 11.1812 -13 379 0 0 1
0.0377804 0.150999 160 0.0448384 -0.000238124 10.7382 11.0593 -13 380 0 0 1
0.0470996 0.192988 160 0.02561 -0.0349555 7.88851 20.3601 -13 381 0 0 1
0.0237323 -0.00875536 160 -0.00536197 -0.00585611 13.4215 17.2665 -13 382 0 0 1
-0.628319 -0.0197328 160 -0.00846127 -0.129794 1.666 53.5148 -13 383 0 0 1
-0.00324668 -0.00950769 160 -0.0205232 -0.0186661 14.1244 18.9834 -13 384 0 0 1
-0.0711593 -0.0289899 160 -0.035286 -0.00598464 14.4673 13.5906 -13 386 0 0 1
-0.00149479 -0.000100519 160 0.00617734 -0.00425613 14.4406 22.2427 -13 387 0 0 1
0.00893995 0.0294374 160 -0.00710164 0.0181863 9.40802 30.2413 -13 388 0 0 1
0.0259386 0.0111968 160 0.00246145 -0.0076507 13.5096 23.2949 -13 389 0 0 1
0.023778 -0.0318933 160 -0.00726502 -0.00937267 10.3355 15.2345 -13 390 0 0 1
-0.145213 -0.0537688 160 -0.022659 0.0487103 8.73841 35.2536 -13 391 0 0 1
0.00839815 -0.206042 160 -0.0346957 0.0133722 8.20004 34.7533 -13 392 0 0 1
-0.222163 -0.0952218 160 -0.0425399 0.0628139 4.15039 17.3221 -13 393 0 0 1
0.0856991 0.108289 160 -0.00730015 0.00226184 4.13759 23.955 -13 394 0 0 1
-0.189935 -0.510965 160 -0.134841 0.0913321 14.1144 13.4525 -13 395 0 0 1
0.037147 0.0709284 160 0.0849112 -0.00276272 7.14957 24.6135 -13 396 0 0 1
-0.0934532 0.0184937 160 -0.00485109 0.0335013 14.5288 11.837 -13 397 0 0 1
0.0341751 0.00614292 160 -0.00318662 -0.0105105 13.3141 12.1309 -13 398 0 0 1
0.0991406 -0.0582165 160 -0.0370594 -0.0149788 12.6476 8.43812 -13 399 0 0 1
0.0461415 0.123206 160 0.0181219 -0.0340733 11.668 16.8162 -13 400 0 0 1
-0.0459494 0.0284704 160 -0.0028555 0.00575825 11.1927 18.8488 -13 401 0 0 1
-0.0372855 -0.0534631 160 -0.0149849 0.0292705 7.35818 9.82091 -13 402 0 0 1
0.06862 0.164001 160 0.0362366 0.00509082 5.80076 30.2717 -13 403 0 0 1
0.0406455 0.099554 160 0.0279887 -0.0237496 14.3998 12.8827 -13 404 0 0 1
-0.0694779 -0.0049084 160 0.102275 -0.0087913 12.8639 22.1199 -13 405 0 0 1
-0.0243517 0.00628442 160 0.00794371 0.00187481 7.1836 23.6398 -13 406 0 0 1
0.0320107 0.172337 160 0.0698378 0.0427607 4.8943 36.1659 -13 407 0 0 1
-0.00216719 0.014781 160 0.00630433 0.00445898 10.9328 27.2276 -13 408 0 0 1
0.0197259 -0.0552413 160 -0.0172998 -0.00295977 12.2186 8.70334 -13 409 0 0 1
0.0117831 0.0117274 160 0.00534927 -0.00191439 7.24638 18.5508 -13 410 0 0 1
0.0802979 0.0866434 160 0.0686073 -0.0457363 6.90089 13.8924 -13 411 0 0 1
0.00509135 0.011271 160 -0.0231856 0.0261873 7.3415 13.0115 -13 412 0 0 1
0.220585 0.0780636 160 0.00834212 -0.0752051 5.79536 11.1834 -13 413 0 0 1
-0.000859757 0.000523309 160 -0.00374205 0.00227803 9.85795 12.8814 -13 414 0 0 1
-0.027538 -0.0330263 160 0.00738697 0.0148213 8.33088 14.5183 -13 415 0 0 1
-0.040839 -0.0119932 160 -0.00578944 0.00999578 12.6611 18.8602 -13 416 0 0 1
0.026978 -0.0722061 160 -0.024651 -0.0169415 6.61622 15.0788 -13 417 0 0 1
-0.0377592 -0.0257832 160 -0.00449026 0.00368068 10.0614 32.5398 -13 418 0 0 1
0.202156 0.0891286 160 0.0294247 0.00137927 7.71825 21.7404 -13 419 0 0 1
0.0585609 0.131346 160 0.0515606 -0.0228158 12.4967 15.0087 -13 420 0 0 1
-0.0546982 -0.0102987 160 -0.0127274 0.00574712 13.2169 9.61826 -13 421 0 0 1
-0.0436174 -0.00640107 160 -0.0127626 0.0135217 7.13945 12.5099 -13 422 0 0 1
0.374557 0.605288 160 -0.0221845 -0.0394024 2.0619 44.3404 -13 423 0 0 1
0.00922752 -0.0534883 160 -0.0112577 0.0111441 9.35649 16.5391 -13 424 0 0 1
-0.270627 -0.130544 160 -0.0445275 0.0889265 5.23381 40.5132 -13 425 0 0 1
-0.022174 -0.0525231 160 -0.0172788 0.04382 5.21228 35.8327 -13 426 0 0 1
-0.00901626 -0.00885779 160 -0.00388699 -0.00252696 10.825 31.4967 -13 427 0 0 1
-0.0333864 0.0586338 160 0.0125999 0.00497775 7.06932 16.7814 -13 428 0 0 1
-0.0928157 -0.120827 160 -0.0362326 -0.0275643 7.8564 20.8232 -13 429 0 0 1
0.00873112 0.0857357 160 0.0530187 -0.000858745 9.96716 16.5498 -13 430 0 0 1
-0.013113 -0.00101889 160 -0.00476772 -0.00399477 10.8633 15.6746 -13 431 0 0 1
-0.034392 -0.0549787 160 -0.0188772 0.0382615 9.97861 24.3229 -13 432 0 0 1
-0.169283 -0.0919431 160 -0.00149162 0.0707161 11.0647 30.8379 -13 433 0 0 1
0 0 160 0 0 13.7107 15.9444 -13 434 0 0 1
-0.0215633 0.0236829 160 0.0185899 -0.00632195 11.4035 20.4096 -13 435 0 0 1
-0.0250517 -0.0840253 160 -0.0334243 -0.0163524 11.263 12.3044 -13 436 0 0 1
0.0652154 -0.0364562 160 -0.0287665 -0.0149626 10.7208 17.0951 -13 437 0 0 1
-0.00554074 -0.000638291 160 -0.00203056 0.00193966 11.1392 21.9791 -13 438 0 0 1
-0.0172483 0.0294779 160 0.0147366 -0.000517479 11.9595 33.7646 -13 439 0 0 1
0.110655 0.0627349 160 -0.00282722 -0.0130976 8.87841 27.8645 -13 440 0 0 1
-0.121923 0.0883675 160 0.0412623 0.0321509 11.4368 19.6009 -13 441 0 0 1
-0.0783174 -0.063478 160 0.00511979 0.0395932 4.27123 16.1809 -13 442 0 0 1
0.0835429 -0.0974676 160 -0.0168004 -0.0374872 7.61941 33.5488 -13 443 0 0 1
0.076998 -0.000592447 160 0.00415109 -0.00758688 11.4063 16.2603 -13 444 0 0 1
-0.0582275 -0.127 160 -0.017217 0.05257 8.03735 33.3524 -13 445 0 0 1
-0.00343163 -0.000463282 160 0.00870403 -0.0112911 13.4104 31.4435 -13 446 0 0 1
0.016615 0.00288048 160 0.0186438 0.0032651 11.5998 17.4718 -13 447 0 0 1
0.171105 -0.0198291 160 -0.0131182 -0.073989 9.82524 9.87327 -13 448 0 0 1
0.128546 0.0707645 160 0.0437277 -0.0304607 8.21253 12.1373 -13 449 0 0 1
-0.0389074 -0.0563082 160 -0.0077065 0.0433538 12.3632 34.3104 -13 450 0 0 1
-0.0331108 -0.0249734 160 -0.0109991 0.0210688 7.89625 28.2553 -13 451 0 0 1
-0.0127516 0.0530126 160 0.00748257 0.03626 11.8962 31.7598 -13 452 0 0 1
-0.00044056 -0.000410519 160 -0.00624508 -0.00589921 12.9857 32.6939 -13 453 0 0 1
0.00547117 0.0341073 160 0.00933754 -0.00094992 9.58672 15.7315 -13 454 0 0 1
-0.374969 0.0152633 160 -0.0119564 0.0633343 2.51302 26.64 -13 455 0 0 1
-0.00254087 -0.00392148 160 0.00615097 0.0116681 14.0184 8.3963 -13 456 0 0 1
-0.0432904 -0.0505093 160 -0.0322836 -0.00517248 9.46717 8.15126 -13 457 0 0 1
0.0116085 0.022829 160 -0.00965099 -0.00915942 11.6266 32.0906 -13 458 0 0 1
-0.0390465 -0.00313823 160 0.0168816 -0.00328986 8.0377 16.3797 -13 459 0 0 1
0.0114112 0.0299037 160 0.0215672 0.00815289 10.6008 8.97551 -13 460 0 0 1
-0.0206606 -0.00277452 160 0.00458087 -0.0145292 13.4622 30.6764 -13 461 0 0 1
0.00793042 0.0124649 160 -0.00881558 -0.0132818 13.6936 30.8033 -13 462 0 0 1
0.00907123 0.0417313 160 0.0254368 0.0154267 7.72909 20.1092 -13 463 0 0 1
-0.0345721 -0.136764 160 -0.0103234 0.0500943 4.12321 41.9313 -13 464 0 0 1
0.0632842 -0.13382 160 -0.0569692 -0.0392442 9.9113 11.8609 -13 465 0 0 1
0.0202755 0.118449 160 0.0123906 -0.0467809 7.44092 9.93523 -13 466 0 0 1
-0.0171899 0.00660516 160 0.0125998 0.00041939 14.0883 7.79769 -13 467 0 0 1
-0.0846231 0.0327967 160 -0.00304665 0.0136443 8.8447 17.4537 -13 468 0 0 1
0.0455796 0.106714 160 -0.0562964 0.0470666 5.03039 29.113 -13 469 0 0 1
0.0340197 0.0714756 160 0.106782 0.0120631 6.5146 11.953 -13 470 0 0 1
0.401771 -0.74945 160 -0.251736 -0.182511 2.2674 29.8507 -13 471 0 0 1
0.0311258 0.0473596 160 0.0176302 -0.0117498 10.0749 26.5488 -13 472 0 0 1
-0.0806421 0.036821 160 0.119998 0.0129158 5.52167 12.8194 -13 473 0 0 1
-0.0468864 -0.00564643 160 -0.0290749 -0.00709784 8.27966 22.7093 -13 474 0 0 1
0.0167997 0.00693043 160 0.00728595 0.000838649 11.7995 15.6794 -13 475 0 0 1
0.00693392 0.0037836 160 0.00101307 0.00255698 7.89438 8.88441 -13 476 0 0 1
0.10682 0.0274675 160 0.00998823 -0.022225 9.54666 22.729 -13 477 0 0 1
0.0941222 -0.23332 160 -0.0660811 -0.078962 9.77174 9.33976 -13 478 0 0 1
0.311841 -0.0129774 160 -0.018306 -0.0904634 5.50749 13.7869 -13 479 0 0 1
0.0276936 -0.00447294 160 -0.00221855 -0.0228171 10.7305 23.0108 -13 480 0 0 1
-0.169653 -0.093585 160 -0.00411649 0.0531901 9.02457 21.3135 -13 481 0 0 1
0.0358494 0.151664 160 0.0522649 0.0415502 6.61758 38.2991 -13 482 0 0 1
0.00762441 0.0060175 160 0.00459754 0.00665869 14.0546 33.7003 -13 483 0 0 1
0.0575427 0.0269744 160 0.0324127 0.00994329 7.53687 22.2567 -13 484 0 0 1
0.0488744 0.0937791 160 0.0280842 0.0040106 11.3848 9.18036 -13 485 0 0 1
-0.0714502 -0.0630001 160 -0.00218987 0.0312239 7.37317 16.0887 -13 486 0 0 1
0.0930019 -0.0561048 160 -0.0181841 -0.0234764 13.0294 23.0597 -13 487 0 0 1
-0.339247 -0.160413 160 -0.0585663 0.096988 5.45942 31.6247 -13 488 0 0 1
-0.0210598 -0.00699477 160 -0.00617565 -0.00859931 13.8986 9.43444 -13 489 0 0 1
-0.00622387 -0.126317 160 0.0219296 -0.0802211 4.08888 18.6026 -13 490 0 0 1
0.223074 -0.0893918 160 -0.0455471 -0.0686828 7.62405 32.8841 -13 491 0 0 1
-0.0466939 0.0701404 160 0.0309608 -0.00283916 13.9428 8.82066 -13 492 0 0 1
0.00660701 -0.0808263 160 -0.0253751 -0.0139952 12.4423 29.94 -13 493 0 0 1
-0.0315095 -0.00431239 160 0.00919408 0.00460686 12.9699 28.467 -13 494 0 0 1
0.115352 0.041725 160 0.00318628 -0.0423797 14.4572 5.85763 -13 495 0 0 1
0.111843 -0.0770998 160 -0.0163997 -0.0443575 10.7405 12.9181 -13 496 0 0 1
0.0481757 0.0423613 160 0.0170394 -0.0213185 14.0748 5.6485 -13 497 0 0 1
-0.00932664 0.019551 160 0.002496 0.0031668 13.5751 21.1071 -13 498 0 0 1
0.0795323 -0.0189075 160 -0.000926058 -0.0163176 11.982 21.045 -13 499 0 0 1
0.0883093 0.0661822 160 0.0208416 -0.0286272 12.6754 18.3502 -13 500 0 0 1
-0.0087194 0.0011336 160 0.00603344 0.00580681 10.9082 16.0131 -13 501 0 0 1
-0.00336755 0.00767742 160 0.00946352 -0.0180338 14.4394 9.69149 -13 502 0 0 1
0.00611224 -0.00703411 160 0.00867795 -0.00838929 10.2685 11.9313 -13 503 0 0 1
-0.0347528 -0.0440099 160 -0.0148399 0.0129821 11.2006 22.5707 -13 504 0 0 1
-0.267339 0.378557 160 0.235491 0.0456185 3.88091 31.9839 -13 505 0 0 1
0.0296876 -0.032395 160 0.00105686 -0.0158944 8.72774 15.0873 -13 506 0 0 1
0.0388724 -0.0401292 160 0.0216433 -0.0127481 12.4708 16.9438 -13 507 0 0 1
-0.0236925 0.00423109 160 -0.00937736 0.0196054 11.4441 31.0574 -13 508 0 0 1
0.0944767 0.0901128 160 0.0255639 -0.0184163 8.24647 28.0123 -13 509 0 0 1
-0.00856947 0.0354022 160 0.0044292 0.0183987 10.5747 15.905 -13 510 0 0 1
-0.00356765 -0.00932377 160 -0.00467266 -0.0030265 10.4614 9.12239 -13 511 0 0 1
-0.0237285 -0.0625411 160 -0.0380632 0.00457455 12.9017 22.8895 -13 512 0 0 1
-0.00232886 -0.00722235 160 -0.0205637 0.00834898 13.3541 5.54667 -13 513 0 0 1
-0.0310934 -0.0598652 160 -0.00566161 0.00573301 8.00114 13.347 -13 514 0 0 1
0.0164878 -0.000795621 160 0.000215412 -0.0129306 10.253 29.8652 -13 515 0 0 1
-0.277623 -0.0163189 160 -0.00223647 0.059811 4.10215 23.1656 -13 516 0 0 1
0.024004 -0.000651163 160 -0.00260995 -0.00708052 8.25411 10.5291 -13 517 0 0 1
0.052793 0.0129108 160 -0.00235299 -0.002895 12.3869 10.2469 -13 518 0 0 1
0.0245245 -0.0175412 160 0.00345648 0.00684168 11.6781 24.1839 -13 519 0 0 1
-0.0345116 0.0446424 160 0.0128052 0.00650244 11.6557 22.6077 -13 520 0 0 1
0 0 160 0 0 12.9605 16.4184 -13 522 0 0 1
0.0463506 -0.0213482 160 -0.00753051 -0.00736707 13.5904 20.7439 -13 523 0 0 1
0.0957888 0.232784 160 0.0802816 0.0426805 4.10973 40.0332 -13 524 0 0 1
0.00510213 0.0577585 160 0.022467 0.0222676 9.73663 13.5757 -13 525 0 0 1
0.0110098 0.00533508 160 0.0112835 -0.015342 11.7175 25.1237 -13 526 0 0 1
-0.107584 0.280614 160 -0.00325934 0.0677825 3.4916 44.9263 -13 527 0 0 1
0 0 160 0 0 12.5055 21.1585 -13 528 0 0 1
-0.0187518 0.0309618 160 0.0116321 0.0164644 11.2908 28.4564 -13 529 0 0 1
-0.0181718 -0.0244443 160 -0.00604445 -0.0109077 8.33966 29.9886 -13 530 0 0 1
-0.025315 0.0111428 160 -0.0103327 0.0194449 12.9636 18.6284 -13 531 0 0 1
0.00689665 -0.0139632 160 -0.00835047 0.00710379 13.8507 33.7155 -13 532 0 0 1
0.0596631 0.0236864 160 -0.0092031 -0.00247863 9.09036 29.8207 -13 533 0 0 1
-0.135582 4.34275e-05 160 -0.0276753 0.047893 9.18342 30.0789 -13 534 0 0 1
-0.0177811 -0.00105499 160 -0.00514118 0.00449718 9.85788 9.00474 -13 535 0 0 1
-0.00430487 0.0242983 160 0.00187679 0.0243123 13.0558 14.0455 -13 536 0 0 1
-0.200437 0.180181 160 0.0746007 0.0761311 4.61377 27.1908 -13 537 0 0 1
-0.0523733 0.0308781 160 0.00747674 0.0209876 14.4826 22.665 -13 538 0 0 1
0.115595 -0.194702 160 -0.144359 -0.0490245 11.2952 11.2943 -13 539 0 0 1
0.00834301 -0.0387919 160 -0.0076386 0.0121 11.2792 31.1365 -13 540 0 0 1
0.0466935 -0.0759526 160 0.00182758 -0.052901 7.42818 29.9792 -13 541 0 0 1
0.0395906 -0.0370113 160 -0.0109202 -0.0244248 12.8305 8.70563 -13 542 0 0 1
0.223802 0.0291541 160 -0.0281374 -0.0595578 8.5654 19.8585 -13 543 0 0 1
0.00384414 -0.00337166 160 0.0110483 0.0114971 13.7409 32.5417 -13 544 0 0 1
0.0169935 0.208177 160 0.080491 -0.0181843 5.06212 37.6928 -13 545 0 0 1
0.0285476 -0.031674 160 -0.0243544 0.00920326 6.72814 28.6853 -13 546 0 0 1
-0.0430087 -0.0171587 160 0.00630925 0.0183915 10.6964 25.3905 -13 547 0 0 1
-0.0238005 -0.0417568 160 0.00433989 0.000361058 9.88604 25.362 -13 548 0 0 1
0.100034 0.0663692 160 0.0633434 -0.0101791 9.64949 32.0231 -13 549 0 0 1
0.0339774 0.0156409 160 -0.00750466 0.0102708 8.63198 23.6395 -13 550 0 0 1
-0.020151 -0.0122342 160 -0.0427802 -0.030032 10.6 11.6153 -13 551 0 0 1
-0.0702053 0.130721 160 0.0577615 0.0318244 11.3357 15.598 -13 552 0 0 1
-0.0101251 0.141771 160 0.064029 -0.0289234 7.94142 19.3814 -13 553 0 0 1
-0.35327 -0.213833 160 -0.124912 0.099941 5.15472 12.9477 -13 554 0 0 1
0.122317 0.0248793 160 0.0443201 0.00728297 8.00524 34.9903 -13 555 0 0 1
-0.0465939 -0.0951675 160 -0.0186894 0.0169744 6.19887 30.4078 -13 556 0 0 1
-0.025014 0.0639633 160 0.0134403 0.00350345 13.5763 11.127 -13 557 0 0 1
-0.225751 -0.211045 160 0.0304291 0.0384201 1.24516 47.4951 -13 558 0 0 1
0.0339944 0.0221692 160 0.0161396 -0.0365962 10.9487 33.8892 -13 559 0 0 1
-0.0633489 0.00821837 160 -0.0260331 0.0211436 13.6107 5.40759 -13 560 0 0 1
0.0636757 0.114033 160 0.0657972 -0.00944794 5.33578 37.7463 -13 561 0 0 1
-0.0226712 -0.00805453 160 0.00162206 0.00957506 11.0618 9.24772 -13 562 0 0 1
0.00839974 0.0114674 160 0.00800269 0.00451184 12.1218 20.492 -13 563 0 0 1
-0.0202148 -0.0223654 160 -0.00325956 -0.0120236 10.5889 34.0264 -13 564 0 0 1
-0.0363229 0.0650226 160 -0.00394901 0.0211644 14.2315 9.84585 -13 565 0 0 1
0.0512423 -0.046981 160 -0.0119558 0.00542904 9.45184 18.3088 -13 566 0 0 1
-0.0193434 0.00141916 160 0.000435198 0.00450803 10.5921 17.4122 -13 567 0 0 1
0.0615766 0.0475195 160 0.0346506 -0.0162746 11.8725 31.2646 -13 568 0 0 1
0 0 160 0 0 13.5571 15.8401 -13 569 0 0 1
0.0279562 0.0201747 160 0.00642495 -0.013646 11.1119 31.3112 -13 570 0 0 1
-0.0274172 -0.00973929 160 -0.000308048 -0.00681901 12.6554 18.3928 -13 571 0 0 1
0.0113724 0.0188154 160 0.012921 -0.0369355 9.90623 18.5071 -13 572 0 0 1
-0.000104192 -0.0250494 160 -0.0103502 0.0159024 6.66212 21.898 -13 573 0 0 1
-0.00155664 0.00188175 160 -0.0026788 0.00324044 13.7508 13.304 -13 574 0 0 1
0.059073 0.0221208 160 -0.00846031 -0.0141112 7.12974 27.0297 -13 575 0 0 1
-0.0247538 -0.0406008 160 -0.0390344 -0.0227289 10.626 24.8509 -13 576 0 0 1
-0.00756633 0.0262914 160 0.00705641 0.0327776 13.409 7.33899 -13 577 0 0 1
0.492315 -0.267421 160 -0.037547 -0.154524 8.43003 18.4569 -13 578 0 0 1
-0.00729453 0.0109762 160 -0.000154888 0.00663451 13.978 20.5647 -13 579 0 0 1
0.0224955 -0.0320413 160 -0.011293 -0.00161539 12.7668 12.7209 -13 580 0 0 1
0.0145953 -0.0267566 160 -0.014911 -0.0252415 11.1029 33.5291 -13 581 0 0 1
-0.0612584 0.0165554 160 -0.00217595 0.0475839 8.94813 19.2002 -13 582 0 0 1
-0.0575027 -0.0804686 160 -0.0175845 0.00452229 7.73109 14.7631 -13 583 0 0 1
-0.0374025 -0.0350536 160 -0.000964352 0.0197512 13.9826 30.9438 -13 584 0 0 1
0 0 160 0 0 11.2646 13.5435 -13 585 0 0 1
0.0180216 0.000256256 160 -0.00272695 -0.00441108 9.40306 31.3642 -13 586 0 0 1
-0.0674695 -0.0773458 160 -0.00487777 0.0247688 13.7725 23.93 -13 587 0 0 1
0.0511609 -0.0193421 160 -0.0164456 -0.00997299 9.62825 16.0152 -13 588 0 0 1
0.00666022 -0.0167617 160 -0.0103553 -0.011317 13.2722 17.0155 -13 589 0 0 1
0.148686 0.105801 160 -0.00844484 -0.0342683 1.49113 36.65 -13 590 0 0 1
0.213089 0.563192 160 0.122563 -0.120811 9.18155 18.4898 -13 591 0 0 1
-0.0182298 -0.0498207 160 -0.0171786 0.000722471 8.34259 19.9233 -13 592 0 0 1
-0.0314539 -0.236788 160 -0.0648317 -0.0129656 5.89212 37.1128 -13 593 0 0 1
0.00829116 0.000725229 160 0.0020698 0.00510171 10.7696 34.9396 -13 594 0 0 1
0.0510844 -0.0441425 160 -0.0067021 -0.0359091 10.0489 20.735 -13 595 0 0 1
0.0388389 0.16348 160 -0.000990058 -0.0329845 8.15283 24.1773 -13 596 0 0 1
0.00632288 -0.130934 160 -0.034289 -0.00722667 10.4383 17.6527 -13 597 0 0 1
0.169023 -0.0207579 160 0.00164465 -0.037897 5.91025 17.0185 -13 599 0 0 1
0.353106 -0.215217 160 -0.0372235 -0.0645432 2.29933 23.5484 -13 600 0 0 1
-0.0329767 -0.00765069 160 -0.000430653 0.0132223 12.563 22.9205 -13 601 0 0 1
0.10028 0.0801043 160 0.0538152 0.018416 6.93574 30.4125 -13 602 0 0 1
0.125078 0.0747403 160 -0.0181836 -0.050307 9.24254 28.8494 -13 603 0 0 1
0.026627 -0.0124959 160 -0.00653104 0.00623891 7.59649 20.8096 -13 604 0 0 1
0.453402 -0.373446 160 -0.108757 -0.0482922 4.88501 19.3159 -13 605 0 0 1
0.0395361 0.00270729 160 0.0052333 -0.0130608 12.4637 21.4047 -13 606 0 0 1
-0.0382997 -0.0468174 160 -0.00710815 0.0112087 11.8924 10.8625 -13 607 0 0 1
-0.151127 0.0227889 160 0.0638013 0.0456216 12.9328 19.5817 -13 608 0 0 1
-0.0912697 0.00479077 160 -0.0292198 0.03664 11.8889 10.0438 -13 609 0 0 1
0.0227995 -0.0115556 160 0.0019793 -0.0132416 8.84861 14.0693 -13 610 0 0 1
0.00128039 -0.000388129 160 -0.000518103 -0.000258375 10.3476 10.7886 -13 611 0 0 1
0.0344289 -0.0613629 160 -0.0152382 -0.049654 7.88086 19.4372 -13 612 0 0 1
0.00855796 0.022896 160 0.00674113 -0.0169096 12.4762 19.3861 -13 613 0 0 1
0.0351984 -0.003232 160 0.00576771 -0.0213714 12.1371 7.34459 -13 614 0 0 1
-0.0438419 0.22214 160 0.0391698 0.0745876 4.01448 32.213 -13 615 0 0 1
0.189025 0.269713 160 0.0257432 -0.000768966 4.1479 39.372 -13 616 0 0 1
0.0238455 0.0135922 160 0.0114905 -0.0175375 10.8283 22.5782 -13 617 0 0 1
-0.0723166 0.0477478 160 0.00787772 0.0212994 8.14038 27.095 -13 618 0 0 1
0.0787753 0.125841 160 -0.0322892 0.0613821 4.97491 33.3981 -13 619 0 0 1
-0.0298288 -0.111837 160 -0.0327784 -0.00717381 12.3682 24.563 -13 620 0 0 1
-0.124226 0.0225639 160 0.0444096 0.03967 5.29456 13.5399 -13 621 0 0 1
-0.0111013 -0.00516332 160 0.0046809 0.00613032 11.1703 33.4745 -13 622 0 0 1
0.0272711 0.105518 160 0.0218311 0.00579457 9.73629 20.385 -13 623 0 0 1
0.00925447 0.00785678 160 0.00306417 0.0273272 14.1817 5.61679 -13 624 0 0 1
0.00163098 0.0296851 160 -0.00954181 0.0311148 9.15777 22.4738 -13 625 0 0 1
0.000575503 0.0440642 160 0.0241512 -0.0182506 6.15869 17.9287 -13 626 0 0 1
0.0179065 0.0380583 160 0.00355553 -0.0248275 9.43734 24.0434 -13 627 0 0 1
0.0166282 0.525549 160 0.174648 0.00877424 3.28006 35.3683 -13 628 0 0 1
0.0270776 0.0290235 160 0.00847051 0.000141768 10.4676 12.0085 -13 629 0 0 1
-0.0563491 -0.0495039 160 -0.0263229 0.00667967 11.7915 32.6796 -13 630 0 0 1
-0.0373084 -0.119529 160 -0.104657 -0.0117977 8.8881 34.3948 -13 631 0 0 1
0.0016431 0.00724249 160 -0.000143062 -0.00600498 14.081 16.6454 -13 632 0 0 1
-0.137249 0.0215685 160 0.0279104 0.0259469 8.37584 15.486 -13 633 0 0 1
0.0269146 0.0888559 160 -0.00692583 0.00394089 4.96292 14.6483 -13 634 0 0 1
0.102282 -0.0467925 160 -0.0478485 -0.00352548 8.08205 24.7081 -13 635 0 0 1
-0.0274329 0.040754 160 0.0118645 -0.00895805 14.1421 11.6891 -13 636 0 0 1
-0.0283918 -0.0797606 160 -0.0309792 0.000387672 8.03665 29.3409 -13 637 0 0 1
-0.00138974 -0.0436793 160 0.00268582 -0.0103697 12.72 20.71 -13 638 0 0 1
-0.0338725 -0.0460166 160 -0.00212444 0.0292967 14.0071 9.8958 -13 639 0 0 1
-0.0669516 -0.0992569 160 -0.0401037 -0.0208628 10.8895 6.71458 -13 640 0 0 1
0.155775 -0.0462192 160 0.04217 -0.0746563 4.63263 22.8295 -13 641 0 0 1
0.189658 -0.273402 160 -0.109999 0.0307359 7.22655 31.2866 -13 642 0 0 1
0.00163426 -0.0170429 160 0.00938938 0.000287233 11.0791 6.16411 -13 643 0 0 1
0.0017083 0.000684763 160 0.0264801 -0.00324884 13.7427 22.9792 -13 644 0 0 1
0.03146 0.0315269 160 0.0141988 0.00877043 9.7429 8.49904 -13 645 0 0 1
0.00294191 0.00701701 160 -0.0037412 -0.0072155 13.7702 21.4591 -13 646 0 0 1
-0.0106231 -0.104833 160 -0.0332583 -0.0115187 6.01657 36.7654 -13 647 0 0 1
0.0392348 0.172934 160 0.0223611 0.0475226 4.31196 26.7299 -13 648 0 0 1
0.0666286 -0.012714 160 0.014507 0.0369905 6.36497 19.6577 -13 649 0 0 1
-0.0430882 0.00424845 160 0.0194464 0.0145517 13.54 8.68854 -13 650 0 0 1
-0.0397242 -0.014696 160 -0.0094862 0.0130147 10.1029 18.9982 -13 651 0 0 1
0.0967033 -0.0966293 160 -0.000877829 -0.030285 10.499 31.8628 -13 652 0 0 1
0.0788095 -0.0138405 160 0.00984735 -0.0273037 11.9765 22.7115 -13 653 0 0 1
-0.0158368 -0.0165566 160 0.00556209 0.0130369 12.3065 17.3323 -13 654 0 0 1
0.0194852 0.0268189 160 0.0168611 -0.0116935 14.3652 26.5408 -13 655 0 0 1
-0.0248092 0.00536497 160 -0.0212425 0.00354783 9.60517 22.4395 -13 656 0 0 1
0.0265131 0.0018508 160 0.0295722 -0.0235861 8.01927 29.3608 -13 657 0 0 1
0.0590805 -0.0198158 160 -0.0240844 0.0129983 5.14159 27.9895 -13 658 0 0 1
-0.0855493 -0.0386556 160 -0.017732 -0.0116013 14.4614 18.1459 -13 659 0 0 1
0.193438 0.545692 160 0.20008 0.124758 11.7052 27.6393 -13 660 0 0 1
0.0763851 0.135789 160 0.0759011 0.0077195 10.6531 21.7172 -13 661 0 0 1
-0.0135384 -0.00867072 160 0.0145458 -0.00844194 12.1389 16.4475 -13 662 0 0 1
0.00208312 -0.0243484 160 -0.0210553 0.00323822 9.56574 35.5032 -13 663 0 0 1
-0.153901 0.02797 160 -0.0821576 -0.125388 8.25116 36.3982 -13 664 0 0 1
0.0054124 -0.001328 160 0.0135838 -0.00111148 11.3626 7.35849 -13 665 0 0 1
-0.0319493 0.031214 160 0.0306755 0.0376813 11.7959 19.812 -13 666 0 0 1
-0.0505805 0.0445577 160 -0.00580389 0.0094032 13.0943 17.5249 -13 667 0 0 1
0.00269345 -0.0614586 160 -0.0325439 0.0194464 6.72319 19.2595 -13 668 0 0 1
-0.0506489 0.0192442 160 -0.000284101 0.0164343 9.60207 24.1 -13 669 0 0 1
0.0134535 -0.00128483 160 0.0371933 0.0330442 13.5777 21.7593 -13 670 0 0 1
0 0 160 0 0 13.1522 24.3929 -13 671 0 0 1
-0.309738 0.378025 160 0.0165778 -0.0878039 1.94427 41.0521 -13 672 0 0 1
0.112061 -0.0193409 160 -0.000569168 -0.0212109 4.02938 28.0359 -13 673 0 0 1
-0.0133672 -0.0462572 160 -0.0134443 -0.0131226 12.5608 34.1803 -13 674 0 0 1
0.0284987 -0.0253262 160 -0.0267215 -0.0187402 7.23416 16.2633 -13 675 0 0 1
-0.0123129 -0.0206471 160 -0.00943542 0.00419718 12.9158 30.825 -13 676 0 0 1
-0.0236147 -0.00650046 160 -0.00876476 -0.0200735 11.8405 11.9424 -13 677 0 0 1
-0.096268 -0.0824966 160 -0.0494637 0.0239336 9.42751 22.1303 -13 678 0 0 1
-0.00989829 -0.0117782 160 -0.0202975 0.0521371 8.14382 20.0922 -13 679 0 0 1
-0.023455 -0.0133512 160 -0.0243414 -0.00455713 9.27312 25.0816 -13 680 0 0 1
0.00659101 0.000547963 160 0.00244178 -0.00141072 14.0743 7.15401 -13 681 0 0 1
-0.0022423 -0.00289528 160 -0.0123513 -0.00354715 13.2719 5.75893 -13 682 0 0 1
0.00132672 -0.057637 160 -0.0382447 0.00307374 13.0071 29.6634 -13 683 0 0 1
0.197734 -0.00316247 160 -0.077559 0.00314433 8.65129 23.4119 -13 684 0 0 1
0.00104598 -0.0127844 160 -0.00485326 -0.0018193 8.0818 14.8178 -13 685 0 0 1
-0.101126 0.0741918 160 0.0297084 0.0183179 11.5949 32.361 -13 686 0 0 1
0.010809 -0.0175743 160 -0.0147143 0.0145937 9.04892 13.1866 -13 687 0 0 1
0.0836925 0.00440665 160 -0.0212645 -0.016883 12.8543 27.7246 -13 688 0 0 1
-0.0647672 0.0784181 160 0.00946677 0.0279878 9.91321 28.6378 -13 689 0 0 1
0.0182046 0.129127 160 0.049153 -0.0540848 5.3256 30.519 -13 690 0 0 1
0.0145383 -0.135397 160 -0.0586799 -0.0138668 12.3252 22.0206 -13 691 0 0 1
-0.104577 -0.000312707 160 -0.0133341 0.00955742 7.49887 9.70747 -13 692 0 0 1
-0.00298334 0.00562261 160 -6.45231e-06 0.00407752 12.7829 25.6396 -13 693 0 0 1
0.0964452 0.0541067 160 0.00486887 -0.0264811 4.12078 24.9308 -13 694 0 0 1
-0.0337006 -0.0799072 160 0.00045685 -0.0394799 7.38555 18.9994 -13 695 0 0 1
0.0777075 -0.0429772 160 0.0271071 -0.0189332 6.71602 22.4846 -13 696 0 0 1
0.00301469 0.0634437 160 0.0134426 0.00052952 10.0334 24.4961 -13 697 0 0 1
0.0872445 0.0424332 160 0.0293502 -0.0523341 8.79075 14.7003 -13 698 0 0 1
-0.0319446 -0.00470811 160 -0.00762685 0.00602892 13.3563 28.3416 -13 699 0 0 1
-0.0609852 -0.0105381 160 -0.0140529 -0.00384913 8.82526 17.2788 -13 700 0 0 1
0.068396 -0.0341772 160 -0.00764126 -0.0215458 9.09417 8.81155 -13 701 0 0 1
-0.00656648 0.0398213 160 0.0140228 0.00577897 12.3097 30.3162 -13 702 0 0 1
0.118469 0.0579202 160 0.0320983 -0.0284375 12.0864 27.293 -13 703 0 0 1
0.0648448 0.0794065 160 0.0169098 0.00578698 9.43246 15.1146 -13 704 0 0 1
-0.0581422 -0.0150789 160 -0.0133118 0.0260445 10.1096 12.598 -13 705 0 0 1
-0.0133091 0.0251754 160 -0.000202519 0.0148177 9.60507 21.7822 -13 706 0 0 1
-0.00410113 0.00801395 160 0.00842647 0.00101704 13.8787 5.86856 -13 707 0 0 1
0.0137986 0.0213305 160 0.0060426 -0.0096699 10.557 23.8111 -13 708 0 0 1
-0.244382 0.0497903 160 0.00565842 0.117996 3.90143 28.6734 -13 709 0 0 1
-0.00571064 -0.0560988 160 -0.0110998 -0.000690904 7.98125 27.3121 -13 710 0 0 1
-0.302973 0.0274585 160 0.00169891 0.0834515 14.1676 6.03675 -13 711 0 0 1
0.00238082 -0.0555284 160 -0.00903727 0.012217 11.622 24.9697 -13 712 0 0 1
0.0264445 -0.0612197 160 -0.0369494 -0.0151755 6.49434 31.0966 -13 713 0 0 1
0.0564704 -0.0973043 160 -0.00152538 -0.0104434 14.0583 25.5565 -13 714 0 0 1
-0.00182187 -0.00136702 160 -0.00145768 -0.000271141 12.3869 34.2942 -13 715 0 0 1
-0.0215844 -0.0213318 160 -0.0192305 0.0151576 13.1315 25.3032 -13 716 0 0 1
-0.022114 0.0467423 160 0.0145498 0.0180345 10.6139 21.0245 -13 717 0 0 1
0.0289658 0.0422306 160 0.00665525 -0.00488335 8.71941 14.8816 -13 718 0 0 1
-0.146463 -0.119373 160 -0.0365437 0.0263309 10.6737 14.3333 -13 719 0 0 1
0.0142906 0.0272515 160 0.00720751 -0.00928501 11.2924 33.9879 -13 720 0 0 1
0.0420082 0.0162955 160 0.00252518 -0.0191999 9.71094 31.9621 -13 721 0 0 1
-0.0957068 0.129712 160 -0.0504585 -0.00172571 5.34618 21.7424 -13 722 0 0 1
0.0610908 -0.0874222 160 -0.0201176 -0.0115797 8.58186 10.427 -13 723 0 0 1
0.0838073 -0.0549708 160 -0.00738769 -0.0182745 5.024 33.6989 -13 724 0 0 1
-0.0205406 -0.0214199 160 -0.00367758 0.00147378 9.62391 18.0471 -13 725 0 0 1
0.0265172 0.0660928 160 0.0217504 -0.0407434 13.6263 19.9738 -13 726 0 0 1
0.0890855 0.0301189 160 0.000832846 -0.0312486 14.155 9.31222 -13 727 0 0 1
0.0282789 0.296371 160 0.130919 0.0220479 3.38854 39.6438 -13 728 0 0 1
0.127956 -0.0654381 160 -0.00292573 -0.0373071 5.54947 21.4683 -13 729 0 0 1
-0.000281949 0.0227762 160 0.00719582 0.00448313 11.216 12.6712 -13 730 0 0 1
0.00544762 0.0226142 160 -0.00105455 0.0132123 10.9853 8.55176 -13 731 0 0 1
0.533323 0.759951 160 -0.0852792 0.00885531 2.7214 39.4536 -13 732 0 0 1
0.00651472 0.0405188 160 -0.00514809 0.00339851 4.85713 24.0926 -13 733 0 0 1
0.0821358 0.0271855 160 -0.00440092 -0.0526659 7.9314 11.5377 -13 734 0 0 1
0.0601873 0.0410712 160 -0.00416106 -0.0212398 10.9992 22.2673 -13 735 0 0 1
-0.061447 -0.0394349 160 -0.02676 -0.0068952 11.0011 15.2146 -13 736 0 0 1
0.0129685 0.0230115 160 0.00851358 -0.0199543 8.28857 27.5803 -13 737 0 0 1
0.0801006 0.0346339 160 -0.00669337 -0.0325327 8.45385 30.1322 -13 738 0 0 1
-0.00210963 0.0536035 160 0.0545814 0.0475393 11.9107 25.7954 -13 739 0 0 1
-0.141242 0.0059531 160 0.0280394 0.00220979 13.0423 28.3921 -13 740 0 0 1
0.0913145 -0.0561756 160 -0.0154306 -0.0350871 8.7279 26.3609 -13 741 0 0 1
-0.044448 0.0518921 160 0.0233493 0.0546767 4.42711 36.7579 -13 742 0 0 1
-0.0411743 -0.0598831 160 -0.0197774 0.000229132 8.35918 8.97096 -13 743 0 0 1
0.468758 0.539257 160 0.198887 0.291356 3.36887 24.2585 -13 744 0 0 1
0.0522897 -0.0198294 160 -0.0101392 -0.0234571 11.5099 20.0809 -13 745 0 0 1
0.0326293 -0.00675329 160 0.0127856 -0.0149872 8.59003 32.8973 -13 746 0 0 1
-0.0570123 -0.00947238 160 -0.0313521 0.00799592 11.8573 27.992 -13 747 0 0 1
0.0378576 0.0385245 160 0.0231991 -0.0216189 10.595 22.8132 -13 748 0 0 1
-0.0177602 0.00180319 160 -0.00324135 0.0150026 12.1328 6.57415 -13 749 0 0 1
0.0682088 -0.0740734 160 -0.00393836 -0.0585397 10.4072 27.5474 -13 750 0 0 1
-0.00533775 0.139863 160 0.0339692 -0.0378055 11.1458 29.7056 -13 751 0 0 1
0.0708784 0.0641853 160 0.00693593 -0.0426425 6.64218 13.2793 -13 752 0 0 1
0.0810843 -0.104196 160 -0.0557125 -0.0124146 10.7996 8.46082 -13 753 0 0 1
0.00856239 -0.0364241 160 -0.00803616 -0.0102059 8.70267 32.4124 -13 754 0 0 1
0.0774477 -0.0212363 160 -0.00846719 -0.0339438 7.9627 14.8899 -13 755 0 0 1
-0.401836 -0.169713 160 -0.0396236 0.0241023 5.49527 22.6474 -13 756 0 0 1
-0.10374 0.0548288 160 -0.00990084 0.0280393 7.30545 20.8323 -13 757 0 0 1
0.160761 -0.0190074 160 0.000226666 -0.00386978 7.9306 10.2148 -13 758 0 0 1
0.00111493 0.000233087 160 -0.000256963 -0.00036813 14.1828 19.9679 -13 759 0 0 1
0.13856 -0.0230788 160 -0.000701553 -0.0567636 8.12867 27.8056 -13 760 0 0 1
0.100458 0.0128893 160 -0.000436985 -0.0732717 6.50208 16.1998 -13 761 0 0 1
-0.016282 0.0299771 160 0.00605491 -0.00259931 13.8711 32.8989 -13 762 0 0 1
0.0210208 0.0464043 160 0.0215096 0.00667089 11.1663 31.7175 -13 763 0 0 1
0.0283898 -0.0472847 160 -0.00797853 -0.0345174 9.88233 17.1801 -13 764 0 0 1
0.0114729 0.00798429 160 -0.0190892 -0.00410678 5.90258 17.2632 -13 765 0 0 1
0.0204151 0.0246215 160 -0.0228381 -0.0272789 8.61244 12.2636 -13 766 0 0 1
0.0263374 0.0340254 160 -0.0236943 0.00538783 12.6548 34.1464 -13 767 0 0 1
-0.00278273 -0.00238776 160 -0.0012473 -0.00946204 12.8829 25.7722 -13 768 0 0 1
0.0563316 -0.0273467 160 0.00169791 0.0182009 7.04589 13.1282 -13 769 0 0 1
-0.0877592 0.0157029 160 -0.0204167 0.0141971 13.6537 11.4511 -13 770 0 0 1
-0.134292 -0.0303313 160 -0.050268 0.0177155 10.9071 11.8423 -13 771 0 0 1
0.162492 -0.0581452 160 0.0139965 -0.0596282 14.3433 6.7568 -13 772 0 0 1
0.0239491 0.0312494 160 -0.0259352 -0.000535316 11.4389 10.308 -13 773 0 0 1
-0.010837 0.0123395 160 0.00197029 0.00455156 13.4138 8.3723 -13 774 0 0 1
0.337874 -0.155695 160 0.0385133 -0.108905 3.95904 17.7803 -13 775 0 0 1
-0.00274766 0.0476733 160 0.00809418 0.046048 11.8291 16.9076 -13 776 0 0 1
-0.0282044 0.048542 160 -0.000906968 0.0146726 10.6952 18.2957 -13 777 0 0 1
0.00455594 -0.0680783 160 -0.0308112 -0.00851313 8.6527 25.7434 -13 778 0 0 1
-0.0140584 0.0098365 160 0.001114 0.00484994 12.9501 5.44267 -13 779 0 0 1
0.00740304 -0.145524 160 -0.0611799 0.00984112 9.61666 10.9593 -13 780 0 0 1
0.0106294 0.0868723 160 0.0238745 0.0307777 11.6517 9.79052 -13 781 0 0 1
0.00998994 -0.0788002 160 -0.0159831 0.0275763 10.0814 9.57714 -13 782 0 0 1
0.297098 0.0443087 160 0.0313024 -0.0334989 7.00649 25.2008 -13 783 0 0 1
-0.138052 -0.302447 160 -0.0825806 0.071799 6.9321 11.368 -13 784 0 0 1
-0.134382 0.00342944 160 -0.0397955 0.0528093 5.13787 25.976 -13 785 0 0 1
-0.122491 -0.0556757 160 0.0134379 0.0454741 9.61497 25.3262 -13 786 0 0 1
-0.0182217 0.0670652 160 0.00464963 0.00366848 8.94057 23.5984 -13 787 0 0 1
-0.0798132 -0.0650847 160 -0.0430434 -0.0410948 12.34 23.3169 -13 788 0 0 1
0.0483271 0.02787 160 0.00189925 -0.0143156 14.1718 19.665 -13 789 0 0 1
-0.0284015 -0.0215498 160 0.0139082 0.00513796 9.97601 33.1628 -13 790 0 0 1
-0.173152 0.144664 160 -0.0407665 0.0163856 5.00779 36.2736 -13 791 0 0 1
-0.00631902 0.0467943 160 0.0373548 0.0163131 11.7931 33.536 -13 792 0 0 1
0.0265694 0.0437944 160 0.0314315 0.0133734 11.4357 22.4445 -13 793 0 0 1
-0.0318511 -0.0320321 160 0.0553544 0.0219147 7.51022 20.5378 -13 794 0 0 1
0.077714 -0.102942 160 0.0672401 -0.0972559 11.5067 13.931 -13 795 0 0 1
0.030068 0.0142462 160 0.0167083 -0.00654936 8.92012 29.7163 -13 796 0 0 1
0.0524212 0.0533363 160 0.0158782 -0.0201506 14.0207 29.3361 -13 797 0 0 1
-0.0103433 -0.0674942 160 -0.0304774 0.0263852 13.7225 29.7285 -13 798 0 0 1
0.00910321 0.0305498 160 -0.000720826 0.00210275 9.40489 35.8788 -13 799 0 0 1
-0.00471823 0.0115781 160 0.00123267 0.00529167 13.5611 7.1011 -13 800 0 0 1
-0.00977541 0.012456 160 -0.0191924 0.00805683 5.8568 15.0887 -13 801 0 0 1
-0.211382 0.15744 160 0.00664138 0.0562022 7.07404 28.2998 -13 803 0 0 1
0.0548281 0.102034 160 0.0198383 -0.0182613 13.0189 12.45 -13 804 0 0 1
6.19678e-05 -0.00258112 160 0.00748443 -0.000772294 12.5917 31.9654 -13 805 0 0 1
-0.114259 0.155124 160 0.0035391 -0.0479245 3.286 24.9386 -13 806 0 0 1
-0.00503514 0.0181816 160 0.00577556 0.00031481 13.658 15.2277 -13 807 0 0 1
-0.182406 0.21074 160 0.0411945 0.0106162 7.13303 18.1715 -13 808 0 0 1
-0.0254586 -0.0150891 160 -0.0148889 0.00674309 14.3152 18.1736 -13 809 0 0 1
0.0418471 0.0153227 160 -0.00865806 -0.0268491 10.8338 21.8153 -13 810 0 0 1
0.121011 0.23956 160 0.0648408 -0.0237435 5.74598 13.3584 -13 811 0 0 1
-0.130071 -0.0556439 160 -0.0756625 -0.00491248 6.60653 11.237 -13 812 0 0 1
0 0 160 0 0 13.2251 15.6499 -13 813 0 0 1
-0.0331465 -0.0715723 160 0.000453015 0.0349178 9.64329 17.2193 -13 814 0 0 1
-0.00565041 -0.00125933 160 -0.00161872 -0.00293217 11.6798 32.7905 -13 815 0 0 1
-0.00855213 -0.0996141 160 0.00892345 0.0100009 6.13111 14.6134 -13 816 0 0 1
-0.537325 -0.2087 160 -0.287001 0.18947 5.40894 35.4402 -13 817 0 0 1
0.0575159 -0.040355 160 0.00858611 -0.0533546 11.4776 34.3011 -13 818 0 0 1
-0.0264448 0.0171314 160 0.0018433 -0.00449557 6.22215 36.3228 -13 819 0 0 1
-0.00363504 0.0262954 160 -0.0175917 -0.0187458 13.4027 11.531 -13 820 0 0 1
-0.0388306 0.0386139 160 0.0049157 0.02641 8.4933 11.0209 -13 821 0 0 1
0.140619 -0.0113971 160 -0.044506 0.0342522 11.7103 33.952 -13 822 0 0 1
0.00611778 -0.015512 160 0.0036894 -0.0107089 12.6262 28.1981 -13 823 0 0 1
-0.000419612 0.00901045 160 0.00233077 0.00676352 14.566 25.3158 -13 824 0 0 1
0.039037 -0.0366669 160 -0.00591909 -0.0144056 14.4614 30.4382 -13 825 0 0 1
-0.0333913 0.0930901 160 0.0489138 -0.0179105 7.63955 21.2656 -13 826 0 0 1
-0.0243474 -0.262478 160 -0.112123 -0.00407368 3.99634 43.1137 -13 827 0 0 1
0.0357291 0.0540455 160 0.0443846 0.0189389 8.66095 33.7851 -13 828 0 0 1
0.0653289 0.116137 160 0.0391529 -0.00651459 10.1055 32.5866 -13 829 0 0 1
-0.00496623 0.00894375 160 0.000656818 0.00476341 14.0874 33.5906 -13 830 0 0 1
0.0628375 -0.00192282 160 0.0273621 -0.0369066 8.44591 14.2044 -13 831 0 0 1
-0.014065 -0.00753389 160 -0.00242001 0.00387731 13.8017 18.2383 -13 832 0 0 1
0.00546956 0.132184 160 0.033096 -0.0325575 9.06175 36.1298 -13 833 0 0 1
-0.0304168 -0.0375338 160 -0.0121132 0.0198378 5.49603 35.188 -13 834 0 0 1
0.0429026 0.144335 160 0.0749034 0.00812403 7.86922 35.5718 -13 835 0 0 1
0.01486 -0.00657953 160 -0.0275742 -0.0037158 11.8739 27.0034 -13 836 0 0 1
0.00633905 0.00968045 160 -0.010215 -0.0115312 10.833 14.9361 -13 837 0 0 1
0.0137388 0.0290788 160 -0.017339 -0.0147238 12.84 21.7947 -13 838 0 0 1
0.0258165 0.0260549 160 0.0068766 -0.010372 11.1455 27.2075 -13 839 0 0 1
0.00876587 -0.0121394 160 -0.0167699 0.00485362 9.87258 27.8714 -13 840 0 0 1
0.0591816 -0.175202 160 -0.00478355 -0.0437628 6.22688 36.4594 -13 842 0 0 1
-0.118179 0.083135 160 0.00727483 0.0381778 8.31575 14.4543 -13 843 0 0 1
-0.141357 0.0854859 160 0.0708208 0.0224947 4.48784 36.714 -13 844 0 0 1
-0.0234243 -0.041839 160 0.0160348 0.0163237 13.4974 13.7425 -13 845 0 0 1
0.072692 0.021207 160 -0.00498649 -0.0189162 12.3117 21.8128 -13 846 0 0 1
0.0808341 -0.0917152 160 -0.0288841 -0.0235789 4.81788 21.6347 -13 847 0 0 1
-0.0684861 0.224737 160 0.0366811 0.105204 4.80102 39.531 -13 848 0 0 1
-0.0208074 0.0453879 160 9.49216e-05 -0.00573909 9.63574 8.78871 -13 849 0 0 1
0.026761 0.0731744 160 0.0159248 -0.0194112 12.3901 27.215 -13 850 0 0 1
0.0114243 -0.00279814 160 0.00147067 0.00130504 8.92633 14.8566 -13 851 0 0 1
0.712606 -0.131229 160 -0.0317395 -0.109929 2.29451 44.5474 -13 852 0 0 1
0.100932 0.373145 160 0.0939786 0.0904707 4.96125 15.7225 -13 853 0 0 1
0 0 160 0 0 11.4938 8.91777 -13 854 0 0 1
-0.00987677 -0.0104806 160 -0.00716853 -0.00151294 11.5717 29.0131 -13 855 0 0 1
0.485549 -0.197485 160 -0.0694365 -0.0260592 0.66938 45.8235 -13 856 0 0 1
-0.0121608 0.00980228 160 -0.0233748 0.0248503 14.3308 12.6489 -13 857 0 0 1
-0.0348155 0.00424887 160 0.0112692 0.0145729 10.2385 32.3242 -13 858 0 0 1
0.00217505 0.000302163 160 0.00183799 -5.09631e-05 12.9625 16.5575 -13 859 0 0 1
-0.000715929 -0.00233281 160 -0.00966197 -0.0159841 13.0608 29.6904 -13 860 0 0 1
-0.0267516 -0.0141427 160 -0.0109722 0.0121689 11.1956 8.64336 -13 861 0 0 1
-0.096446 0.104939 160 0.049105 0.0143716 5.95262 31.1376 -13 862 0 0 1
0.086072 -0.147447 160 0.0397346 -0.0710703 4.18611 21.0427 -13 863 0 0 1
0.0050078 -0.134234 160 0.0352461 -0.126147 0.992344 55.9742 -13 864 0 0 1
0.179317 0.0892826 160 0.0498315 -0.0118537 6.92063 22.1427 -13 865 0 0 1
-0.0886623 0.0703694 160 0.01233 0.0704831 5.61022 39.0954 -13 866 0 0 1
0.0809321 0.0927296 160 0.0376231 0.00267935 8.37929 17.4982 -13 868 0 0 1
0.0656719 0.122975 160 0.000665772 0.0215044 9.19334 27.448 -13 869 0 0 1
0.0329636 0.0581908 160 0.0566403 -0.0637534 12.3812 20.2867 -13 870 0 0 1
0.037438 -0.0042265 160 -0.000646007 -0.0088168 13.7429 26.8607 -13 871 0 0 1
0.0084412 -0.236583 160 -0.0686796 0.0970784 5.34776 31.5237 -13 872 0 0 1
-0.221236 -0.271598 160 -0.135559 0.0170583 4.62031 18.2671 -13 873 0 0 1
0.0162838 0.113977 160 -0.0144868 -0.071159 5.00599 25.2027 -13 874 0 0 1
0.0911164 -0.013988 160 -0.00193486 0.0355358 3.66572 17.7112 -13 875 0 0 1
0.0117664 -0.00898743 160 -0.016723 0.015654 11.7909 17.0127 -13 876 0 0 1
0 0 160 0 0 9.25098 29.6076 -13 877 0 0 1
-1.10119 -2.41191 160 -0.206549 -0.10291 1.61053 35.1015 -13 878 0 0 1
0.0127296 0.00502137 160 -0.00363747 -0.00528961 14.251 30.5025 -13 879 0 0 1
-0.0204589 0.00548663 160 -0.00805204 0.0169414 12.945 10.3261 -13 880 0 0 1
-0.0310599 0.034773 160 0.0081613 0.0103458 14.5375 16.9695 -13 881 0 0 1
0.0530177 0.060882 160 0.000649942 0.0376057 6.59046 30.4249 -13 882 0 0 1
0.0259517 0.0428278 160 6.35671e-05 -0.0102187 7.17638 32.4995 -13 883 0 0 1
0.0876132 -0.155165 160 -0.0643039 -0.0522023 5.78679 27.4243 -13 884 0 0 1
-0.00993108 -0.0306653 160 -0.0217962 -0.0326839 12.5808 6.64838 -13 885 0 0 1
-0.0577685 0.000814651 160 -0.00325498 0.0163215 8.51261 13.8435 -13 886 0 0 1
-0.0516632 -0.0640258 160 -0.0164346 0.0141649 8.56589 7.78553 -13 887 0 0 1
-0.0345834 -0.0739551 160 -0.0242217 0.0444905 8.55529 26.4816 -13 888 0 0 1
0.0115546 0.00886839 160 0.0146599 0.0114072 11.3327 30.2077 -13 889 0 0 1
0.0101249 0.0140756 160 0.00871995 -0.00546574 10.8527 17.5084 -13 890 0 0 1
-0.00518018 -0.122716 160 -0.0431448 0.0143351 7.59885 16.2206 -13 891 0 0 1
-0.0127297 -0.0125547 160 -0.00543018 0.00973222 14.0698 13.3174 -13 892 0 0 1
-0.00441164 0.0121099 160 -0.00728625 -0.00391528 9.40084 10.1899 -13 893 0 0 1
-0.0884657 0.00619745 160 -0.00932403 0.023191 12.6219 23.4146 -13 894 0 0 1
0.0214537 -0.0429668 160 -0.00184687 -0.0169817 11.623 22.2238 -13 895 0 0 1
-0.0319759 -0.00820643 160 -0.0184338 -0.00222672 6.84327 30.4889 -13 896 0 0 1
0.0204627 0.0466519 160 -0.0123188 -0.00914169 10.3723 13.2272 -13 897 0 0 1
0.150054 -0.116497 160 -0.00694917 -0.0578184 8.40957 23.8145 -13 898 0 0 1
0.0190933 -0.157067 160 -0.0436385 0.0124914 6.78639 18.6285 -13 899 0 0 1
0.0785587 -0.0128559 160 0.00941673 -0.0186302 11.4566 7.25044 -13 900 0 0 1
0.0213104 -0.0694695 160 -0.0254681 -0.0181841 5.4744 39.1754 -13 901 0 0 1
-0.20048 0.0438488 160 -0.0533639 0.0312482 8.60399 9.48386 -13 902 0 0 1
-0.0176309 -0.133773 160 -0.0694555 -0.0177742 6.70922 16.775 -13 903 0 0 1
0.0301454 0.0142028 160 -0.00725262 -0.00767744 12.5638 12.5998 -13 904 0 0 1
-0.105787 -0.209226 160 -0.0703452 -0.0302566 5.22944 29.3249 -13 905 0 0 1
-0.124188 -0.0426305 160 -0.0410461 0.0417321 10.4726 25.7901 -13 906 0 0 1
0.00666814 0.0237285 160 0.0435561 -0.0755188 11.645 31.7857 -13 907 0 0 1
0 0 160 0 0 12.96 8.30008 -13 908 0 0 1
0.0127661 0.0558112 160 0.0135099 -0.00675126 7.3064 23.2905 -13 909 0 0 1
-0.000718664 -0.0268569 160 -0.00566399 -0.0147129 9.32186 8.33844 -13 910 0 0 1
-0.0571531 -0.0415449 160 -0.0193173 -0.0634702 2.63329 43.0725 -13 911 0 0 1
-0.00379045 -0.0305431 160 -0.0108092 0.00222836 11.8502 7.29228 -13 912 0 0 1
-0.00389536 -0.0372248 160 0.0047154 -0.0024344 10.312 8.03451 -13 914 0 0 1
0.0856239 0.220436 160 0.0466926 -0.0458281 9.13161 13.0859 -13 915 0 0 1
0.0501405 -0.117438 160 -0.022774 -0.0337786 13.8171 23.4078 -13 916 0 0 1
0.000694879 0.000337611 160 0.00975568 0.00474703 12.5049 24.5983 -13 917 0 0 1
-0.00722774 0.000126971 160 0.00876327 0.00884664 12.8608 29.0272 -13 918 0 0 1
0.379443 -0.0861291 160 -0.025208 -0.047494 4.00284 20.1714 -13 919 0 0 1
0.00709568 0.0156981 160 0.0254586 0.0273065 8.66838 10.2912 -13 920 0 0 1
0.018734 0.000995878 160 0.00882261 -0.0235398 14.0866 10.7705 -13 921 0 0 1
0.0327745 -0.0303684 160 -0.0154319 -0.00203524 12.8813 25.9549 -13 922 0 0 1
0.364332 -0.0944291 160 0.00764179 -0.0328017 4.23691 42.4837 -13 923 0 0 1
-0.0721159 0.00475782 160 -0.00296739 0.0246962 13.6258 18.5385 -13 924 0 0 1
-0.0400265 0.0964267 160 0.00868884 0.0276475 13.9746 32.986 -13 925 0 0 1
-0.00511835 -0.0528397 160 -0.0146691 0.0176754 12.8175 5.75932 -13 926 0 0 1
0.100703 -0.0123997 160 -0.0356859 0.0347547 4.92614 26.9044 -13 927 0 0 1
0 0 160 0 0 11.7943 28.9639 -13 928 0 0 1
0.0419262 -0.00230987 160 0.0144394 -0.0186553 13.5643 11.2951 -13 929 0 0 1
0.055163 -0.0184146 160 -0.0205899 -0.0035276 12.7449 23.1769 -13 930 0 0 1
0.0189537 0.0242914 160 0.00375546 -0.024923 13.3223 26.0229 -13 931 0 0 1
0.0256601 0.0210899 160 -0.0103543 0.000816293 11.4616 34.4906 -13 932 0 0 1
0.195049 0.132335 160 0.0047883 -0.0827279 13.6163 18.0267 -13 933 0 0 1
0.0366527 0.0203477 160 -0.0012503 0.0186902 8.65846 19.4456 -13 934 0 0 1
0.0179115 0.00486965 160 0.000409214 0.00590884 10.4527 27.3051 -13 935 0 0 1
0 0 160 0 0 12.4545 18.5899 -13 936 0 0 1
0.00768486 0.00550575 160 0.00242752 -0.00150023 12.5451 32.3329 -13 937 0 0 1
-0.0796401 0.0514536 160 -0.019759 0.0126921 4.72311 16.4081 -13 938 0 0 1
0.0702372 -0.0963786 160 -0.00760252 -0.0789808 13.8523 14.5692 -13 939 0 0 1
0.0221745 -0.0839525 160 0.000979085 -0.0347549 6.03875 14.1187 -13 940 0 0 1
3.80311e-06 -1.1093e-05 160 2.53463e-05 -7.39309e-05 12.3012 21.013 -13 941 0 0 1
0.202734 0.169363 160 -0.0374192 0.0182445 3.01215 42.9055 -13 942 0 0 1
0.00855851 0.0182537 160 0.0120181 0.00209292 10.5454 30.8319 -13 943 0 0 1
0.0240626 0.0634162 160 0.0252289 0.0220108 5.89261 33.5698 -13 944 0 0 1
0.00742683 0.133263 160 -0.000495909 -0.033404 4.13678 40.6381 -13 945 0 0 1
0 0 160 0 0 14.3111 17.3028 -13 946 0 0 1
-0.0677279 0.00337961 160 0.0127636 0.0241838 10.4846 11.0703 -13 947 0 0 1
-0.138095 -0.0709765 160 -0.003532 0.0301962 7.77977 12.9101 -13 948 0 0 1
-0.00599512 -0.00158288 160 0.00163107 -0.0186407 12.4961 26.0261 -13 949 0 0 1
0.495186 -0.0259688 160 0.127642 -0.18312 3.61556 18.7853 -13 950 0 0 1
0.124494 -0.14802 160 -0.0368342 0.00746904 5.38349 18.0357 -13 951 0 0 1
0.284219 -0.0480218 160 -0.0116194 -0.0803964 4.35754 39.1325 -13 952 0 0 1
0.0158585 0.0247433 160 0.00782047 -0.00865697 9.89534 13.1309 -13 953 0 0 1
-0.00653556 -0.0517655 160 0.000120955 0.0123501 6.77084 28.7104 -13 954 0 0 1
-0.078121 -0.00147505 160 -0.010749 0.0176295 7.44739 25.2509 -13 955 0 0 1
0.0210847 0.0651586 160 0.043528 -0.00936142 7.01436 15.9875 -13 956 0 0 1
0.0777042 0.0429407 160 0.0242496 -0.00203797 14.0671 23.3607 -13 957 0 0 1
0.00265505 -0.0120103 160 -0.00773023 0.0184201 11.9019 19.5178 -13 958 0 0 1
-0.30989 -0.127051 160 -0.0380898 0.0542145 10.4282 26.5022 -13 959 0 0 1
0.021838 -0.0798584 160 -0.0279884 -0.00418945 14.4477 13.8591 -13 960 0 0 1
0.426667 0.224571 160 -0.112801 -0.0640405 2.62892 33.8339 -13 961 0 0 1
0.0332794 0.207299 160 0.0507528 -0.0391665 11.8281 24.2989 -13 962 0 0 1
-0.0157422 -0.0237552 160 -0.0052155 0.000593974 11.8819 28.1428 -13 963 0 0 1
0.0252828 0.0151598 160 -0.0196142 -0.00552213 10.5031 32.5534 -13 964 0 0 1
-0.00272659 -0.0019264 160 -0.000807088 -0.00321995 11.3464 21.1186 -13 965 0 0 1
0.0104586 0.0250416 160 0.0165789 -0.0121006 9.43365 14.5747 -13 966 0 0 1
-0.232226 -0.0198145 160 0.0722121 0.0392753 3.15582 26.576 -13 968 0 0 1
0.0367156 0.00805357 160 0.0140675 -0.0141523 8.96117 19.6063 -13 969 0 0 1
-0.899299 1.57035 160 -0.132085 -0.279016 1.36587 59.548 -13 970 0 0 1
0.00813906 0.010313 160 0.0111642 -0.00991782 13.258 18.7168 -13 971 0 0 1
-0.0181704 0.00345942 160 -0.00328723 0.00876274 14.4678 19.6009 -13 972 0 0 1
-0.0357016 0.00204399 160 0.00317645 0.0105426 13.7736 33.1581 -13 973 0 0 1
0.0684778 -0.225602 160 -0.0622041 -0.0103261 14.4863 24.1716 -13 974 0 0 1
0.000704184 -0.0463988 160 -0.0704122 -0.00403418 10.3038 25.9766 -13 975 0 0 1
0.0876264 -0.072981 160 -0.00574663 -0.0068546 6.74807 15.2346 -13 976 0 0 1
0.352733 0.0938769 160 -0.00810701 0.0626046 0.627893 57.548 -13 977 0 0 1
-0.130323 0.160054 160 0.0118124 0.0502051 9.08802 24.0545 -13 978 0 0 1
-0.00186928 0.00503473 160 0.00196872 -0.00502219 13.7291 23.3114 -13 979 0 0 1
0.0389615 0.117396 160 0.0271232 -0.02683 12.0937 9.00383 -13 980 0 0 1
-0.107342 -0.042352 160 -0.000597809 0.0321082 9.69857 7.16003 -13 981 0 0 1
0.0316444 -0.00833278 160 -0.0156518 -0.0128452 13.6333 17.4522 -13 982 0 0 1
0.0157843 0.109759 160 0.0335844 -0.0619585 5.79514 34.0753 -13 983 0 0 1
0 0 160 0 0 10.1141 8.73684 -13 984 0 0 1
0.00880375 0.0334884 160 0.0226145 -0.0969418 11.2714 20.8833 -13 985 0 0 1
0.0042702 -0.0737861 160 -0.0293568 0.021494 8.41784 26.0045 -13 986 0 0 1
0.0528445 0.0939047 160 0.0413042 0.00264414 14.2446 29.0824 -13 987 0 0 1
0.0630084 -0.0810778 160 -0.0375068 -0.00679368 6.72646 30.7979 -13 988 0 0 1
-0.168112 0.188092 160 0.0559721 0.0169387 3.0098 36.3131 -13 989 0 0 1
-0.0103498 -0.0631995 160 -0.0200508 0.00621676 14.4752 12.6044 -13 990 0 0 1
0.0232109 -0.00354325 160 0.00394001 -0.00434167 10.8992 25.7954 -13 991 0 0 1
-0.0654714 0.0480844 160 -0.00367275 0.0411353 13.1026 30.2778 -13 992 0 0 1
0.0179559 -0.0232412 160 0.00427422 -0.0171516 11.2868 34.5317 -13 993 0 0 1
0.00145124 0.000849108 160 -0.000891675 -0.00108508 12.8362 29.5827 -13 994 0 0 1
-0.0570377 0.0409389 160 -0.00356198 0.0276709 13.9152 16.4956 -13 995 0 0 1
0.0159583 -0.00430022 160 0.00125217 -0.0174623 13.0565 30.0962 -13 996 0 0 1
-0.0188251 -0.00441817 160 -0.0159211 -0.00543761 14.5259 13.1692 -13 997 0 0 1
-0.0316432 0.000917106 160 0.00419467 0.00452093 10.2736 31.1729 -13 998 0 0 1
0.142823 0.0979714 160 -0.009313 -0.0215314 7.40708 13.126 -13 999 0 0 1
-0.0383082 0.0849705 160 0.0140104 -0.00715592 8.47735 28.9603 -13 1000 0 0 1
