#BLTrackFile NTuple/Z480
#x y z Px Py Pz t PDGid EventID TrackID ParentID Weight
#mm mm mm MeV/c MeV/c MeV/c ns - - - - -
-0.0358761 0.0689006 480 0.0150278 -0.00883029 11.5102 33.9285 -13 1 0 0 1
-0.0803516 -0.00805063 480 0.024704 -0.00285049 12.5769 36.1406 -13 2 0 0 1
-0.0512045 0.468587 480 0.143361 -0.0315807 9.8581 19.8258 -13 3 0 0 1
-0.0191964 0.0253024 480 -0.00589445 0.00156031 11.1474 19.5502 -13 4 0 0 1
-0.0111065 0.196513 480 0.0241629 -0.0260968 6.8711 31.9755 -13 5 0 0 1
-0.0627809 0.268817 480 0.0741443 0.0232353 7.65296 44.346 -13 6 0 0 1
-0.1202 0.0790344 480 0.0175148 0.0545501 12.0342 27.7141 -13 7 0 0 1
0.0109673 -0.131071 480 -0.0117974 -0.0483588 5.1327 47.5908 -13 8 0 0 1
0.144577 -0.0187009 480 0.0168211 -0.0529862 13.6346 36.0312 -13 9 0 0 1
-0.0689281 0.0472718 480 0.0113918 0.0115276 13.2401 17.9205 -13 10 0 0 1
0.00652241 0.00536561 480 -0.00636471 -0.0316979 10.6061 18.856 -13 11 0 0 1
-0.290789 0.300314 480 0.140845 0.0320361 11.8167 18.5457 -13 12 0 0 1
0.422658 -0.276345 480 0.154575 -0.0337933 3.67419 49.8924 -13 13 0 0 1
0.0423706 -0.0460713 480 0.0146949 -0.013652 10.3205 19.5817 -13 14 0 0 1
0.0223043 -0.0308835 480 0.0146939 -0.0653999 5.25791 51.5227 -13 15 0 0 1
0.278169 -0.106915 480 -0.0492466 -0.159966 8.3625 23.1281 -13 16 0 0 1
0.0277335 -0.0563771 480 -0.00722103 -0.00262577 14.513 18.9731 -13 17 0 0 1
0.00219966 -0.0679617 480 -0.0035177 -0.0223324 13.089 42.1228 -13 18 0 0 1
0.228499 0.00496275 480 -0.0551661 -0.0320707 8.26931 38.3586 -13 19 0 0 1
-0.994624 -2.20714 480 -0.078232 0.132948 1.52569 89.8894 -13 20 0 0 1
0.0261163 0.105917 480 0.00812035 -0.0215636 14.4256 34.7649 -13 21 0 0 1
-0.18211 0.0182256 480 -0.0204943 0.0163207 10.4578 18.1685 -13 22 0 0 1
-0.131097 0.228134 480 0.0813787 -0.0106321 11.7814 44.0954 -13 23 0 0 1
0.128106 0.0877968 480 0.0235427 -0.0521294 8.30535 47.7767 -13 24 0 0 1
0.157584 0.0888878 480 0.00948555 -0.0493081 14.3665 26.1913 -13 25 0 0 1
0.171188 0.336828 480 0.104256 0.0252962 8.94293 34.7958 -13 26 0 0 1
-0.15613 -0.00308202 480 0.0154054 0.0139215 8.45863 30.6097 -13 27 0 0 1
0.0123412 -0.0487953 480 -0.0123857 -0.0355035 11.5709 42.6752 -13 28 0 0 1
0.078072 0.156559 480 0.0177679 -0.0255875 7.00272 45.8651 -13 29 0 0 1
0.1723 0.142254 480 -0.0240927 -0.177731 13.6153 15.0558 -13 30 0 0 1
-0.00130445 -0.0491336 480 -0.0346995 0.0267305 10.3551 20.9165 -13 31 0 0 1
-0.182239 -0.0805147 480 0.0070022 0.0751917 8.49314 25.7937 -13 32 0 0 1
0.898348 -0.0239972 480 0.123102 -0.225627 3.3046 72.7473 -13 33 0 0 1
-0.0561695 -0.025615 480 0.0211582 0.0763672 13.6431 34.2733 -13 34 0 0 1
0.071699 0.400667 480 -0.0159981 -0.0196004 5.12596 59.4811 -13 35 0 0 1
0.129697 -0.053147 480 -0.0588935 -0.00272001 8.58266 44.2615 -13 36 0 0 1
-0.100301 -0.0483358 480 -0.0376339 0.0296217 10.4028 44.7459 -13 37 0 0 1
0.0388193 0.0459415 480 0.00197999 -0.00121898 11.85 38.1052 -13 38 0 0 1
0.0216527 0.0257606 480 0.0357613 -0.000333517 9.51585 28.4293 -13 39 0 0 1
0.153025 0.121532 480 0.0636957 -0.0432213 10.8857 36.4729 -13 40 0 0 1
-0.0927988 0.328239 480 0.139264 -0.0398091 8.89155 22.5508 -13 41 0 0 1
-0.0841246 0.0443974 480 -0.00421427 0.0673314 9.92011 39.1109 -13 42 0 0 1
0.0725845 -0.0584467 480 -0.0391802 0.000592099 14.4182 23.9802 -13 43 0 0 1
-0.133558 -0.156723 480 0.00420192 -0.0224204 11.2882 34.2366 -13 44 0 0 1
0.171802 0.0966964 480 0.104851 -0.0442594 10.8573 40.6036 -13 45 0 0 1
-0.146687 -0.031835 480 -0.0284113 -0.00564574 4.99927 37.9969 -13 46 0 0 1
-0.0280361 0.0907836 480 0.0523941 0.00922391 11.4172 23.3559 -13 47 0 0 1
-0.00746448 0.319539 480 -0.122964 0.142323 6.66835 35.7136 -13 48 0 0 1
-0.0309974 0.125371 480 0.0155682 0.0311814 13.2729 19.5636 -13 49 0 0 1
0.287164 -0.271012 480 -0.00270461 -0.0995739 4.26145 65.7582 -13 50 0 0 1
-0.0835131 -0.10121 480 -0.0601922 -0.0381992 8.39437 32.6146 -13 51 0 0 1
0.0208675 0.665923 480 -0.0911085 -0.130537 1.96142 87.2136 -13 52 0 0 1
-0.0799393 0.12489 480 0.0788301 0.0335832 8.21785 22.4822 -13 53 0 0 1
0.235822 -0.228882 480 -0.0826185 0.0783509 2.94114 57.5202 -13 54 0 0 1
-0.0116842 -0.0119291 480 -0.010415 0.0371189 10.3983 36.1799 -13 55 0 0 1
0.0960703 -0.135641 480 -0.0185454 -0.0784753 14.0647 21.3436 -13 56 0 0 1
-0.0686537 0.0515334 480 0.027164 0.00991482 9.79031 45.0357 -13 57 0 0 1
0.0508674 0.19539 480 0.0992714 0.0125656 8.24933 27.9456 -13 58 0 0 1
-0.104488 -0.0770957 480 -0.0644722 0.126327 7.00275 41.5458 -13 59 0 0 1
-0.0754019 0.146898 480 0.0545135 0.0246864 8.24073 42.4482 -13 60 0 0 1
0.0189826 0.0419859 480 0.0250207 0.036744 13.9513 27.99 -13 61 0 0 1
-0.102509 0.0511736 480 -0.00454604 -0.00627192 9.3598 31.2354 -13 62 0 0 1
-0.00534462 -0.00353781 480 -0.00626412 0.011137 14.0069 40.658 -13 63 0 0 1
-0.160276 -0.132496 480 -0.0694265 0.0461611 8.89315 32.0928 -13 64 0 0 1
-0.108354 0.231291 480 0.123667 -0.0281751 5.08001 38.0927 -13 65 0 0 1
0.0171457 0.181295 480 0.0445655 -0.0236528 7.40025 36.4292 -13 66 0 0 1
0.0436046 -0.0228804 480 -0.0124914 -0.0176325 11.5238 27.5581 -13 67 0 0 1
-0.149745 0.0604144 480 -0.0373409 0.0362352 10.6475 35.788 -13 68 0 0 1
-0.141598 -0.151922 480 0.0274815 0.0340856 5.43066 44.9509 -13 69 0 0 1
-0.104197 0.102589 480 -0.0142595 0.0462277 11.1591 20.7455 -13 70 0 0 1
0.0928646 0.070212 480 0.0304667 -0.021448 11.6801 18.7436 -13 71 0 0 1
0.120466 -0.0381035 480 0.00527741 -0.0542236 10.3663 18.2274 -13 72 0 0 1
0.361962 -0.119029 480 0.0826461 -0.00930078 6.13157 49.5005 -13 73 0 0 1
-0.0512879 0.0252829 480 -0.016751 0.0163335 10.7249 30.8994 -13 74 0 0 1
0.0908443 0.236142 480 -0.00848512 0.0139052 7.8031 49.875 -13 75 0 0 1
-0.014129 -0.12423 480 -0.02602 -0.0293574 12.4897 39.5124 -13 76 0 0 1
-0.0580511 0.054649 480 -0.00749253 -0.0101562 8.21297 47.0172 -13 77 0 0 1
0.000555144 -0.11537 480 -0.0241694 -0.0194592 13.5517 26.4598 -13 78 0 0 1
-0.0185614 0.00788444 480 -0.00834048 -0.00669273 12.6841 38.7353 -13 79 0 0 1
0.065359 -0.00486383 480 -0.000231336 0.0139847 10.2911 44.6836 -13 80 0 0 1
0.0800159 -0.0342008 480 -0.0247366 -0.0205954 8.67733 42.8697 -13 81 0 0 1
-0.141954 -0.0928214 480 0.00548432 0.0513845 13.2042 36.3411 -13 82 0 0 1
-0.0233344 -0.0217399 480 -0.00547713 -0.0127724 9.86348 36.417 -13 83 0 0 1
0.25239 -0.0554179 480 0.0169578 0.0404535 6.3589 40.4855 -13 84 0 0 1
0.0607301 0.0420982 480 0.0141506 -0.0287064 13.6058 16.6966 -13 85 0 0 1
-0.0541454 -0.134236 480 -0.0721969 -0.0167716 7.97095 34.6198 -13 86 0 0 1
-0.192521 -0.544388 480 -0.253052 -0.194843 1.96963 93.4099 -13 87 0 0 1
-0.0817154 -0.150074 480 -0.0508522 0.080155 8.52067 28.6506 -13 88 0 0 1
0.246855 -0.149538 480 -0.0346205 -0.0265037 9.98022 28.2477 -13 89 0 0 1
0.0882289 0.263635 480 0.0436977 -0.03626 6.69498 34.3067 -13 90 0 0 1
-0.0358497 -0.104115 480 -0.0833742 -0.0196107 7.16067 51.3579 -13 91 0 0 1
-0.121046 0.0779364 480 0.0145688 0.060329 6.6773 53.3405 -13 92 0 0 1
0.448292 -0.239879 480 -0.229304 -0.0550691 7.67934 48.1912 -13 93 0 0 1
0.0686174 -0.208919 480 0.0407858 -0.0441763 5.77024 38.1366 -13 94 0 0 1
-0.0976562 -0.0440349 480 0.0459299 0.0272559 10.7625 27.9081 -13 95 0 0 1
-0.712348 0.912575 480 0.0802366 0.262706 1.71148 75.4446 -13 96 0 0 1
0.0499089 0.0023475 480 0.022757 -0.00370277 12.8594 28.6641 -13 97 0 0 1
-1.24973 1.03231 480 0.223791 0.478054 9.46177 26.2814 -13 98 0 0 1
0.048592 0.0505485 480 0.0056986 -0.0302239 14.0155 17.7365 -13 99 0 0 1
-0.068522 0.0757921 480 0.0933373 0.0264267 12.315 15.1344 -13 100 0 0 1
-0.214622 0.0439803 480 -0.0464924 -0.0624714 4.71042 51.4497 -13 101 0 0 1
-0.0802852 -0.010317 480 -0.00961628 0.0109302 9.96556 40.7029 -13 103 0 0 1
-0.0814261 -0.117656 480 -0.0341571 0.042391 9.60483 31.0145 -13 104 0 0 1
0.16458 0.0806735 480 0.00386887 -0.0274514 8.81554 26.3317 -13 105 0 0 1
-0.0503459 -0.0512239 480 -0.00547076 0.0102702 10.3115 44.8808 -13 106 0 0 1
-0.0619827 0.00530939 480 -0.00275396 0.0263577 13.7537 30.482 -13 107 0 0 1
0.24566 0.0283336 480 0.051373 -0.0708929 7.31497 36.1109 -13 108 0 0 1
-0.029568 0.059513 480 0.00400761 0.00336099 13.5706 13.5954 -13 109 0 0 1
0.0679859 0.290172 480 0.118441 -0.111152 5.48904 33.9053 -13 110 0 0 1
-0.00523344 0.069945 480 0.0109722 0.014219 9.83966 21.4008 -13 111 0 0 1
0.16138 -0.346286 480 -0.109996 -0.104587 7.67901 26.4129 -13 112 0 0 1
0.0521343 0.0308765 480 0.0164003 -0.00738228 11.9569 24.8416 -13 113 0 0 1
0.263382 0.0347201 480 -0.0432644 -0.0808242 8.07272 28.0955 -13 114 0 0 1
-0.904066 0.54888 480 -0.088781 0.431267 13.2231 32.842 -13 115 0 0 1
0.0119865 -0.0224642 480 -0.0193864 0.0346211 10.3054 46.0631 -13 116 0 0 1
-0.0913803 -0.159731 480 -0.0644662 -0.00230374 11.5683 20.1685 -13 117 0 0 1
-0.0697011 -0.19846 480 0.0103684 0.0783118 5.85838 34.2224 -13 118 0 0 1
0.122967 -0.00982065 480 0.0307738 -0.0304084 10.9723 35.5587 -13 119 0 0 1
0.356989 -0.167181 480 0.0645937 -0.0917578 7.51118 36.9023 -13 120 0 0 1
0.126551 -0.0278465 480 -0.0550467 -0.038902 7.96818 49.571 -13 121 0 0 1
0.103325 0.0400506 480 0.0423259 -0.00517561 8.98237 25.6679 -13 122 0 0 1
-0.446779 -1.6155e-05 480 -0.0435013 0.130134 5.01235 56.1177 -13 123 0 0 1
-0.157328 -0.0443312 480 -0.0330954 0.044545 12.9956 28.7487 -13 124 0 0 1
0.000491167 -0.0936005 480 -0.0269016 -0.0456592 11.4613 41.7184 -13 125 0 0 1
0.113763 -0.855304 480 -0.228289 -0.134619 11.7234 39.9323 -13 126 0 0 1
-0.0294588 -0.136931 480 0.00901599 -0.0235813 9.6371 23.8951 -13 127 0 0 1
-0.0906428 8.70873e-05 480 -0.0531599 0.0567767 13.5051 22.6394 -13 128 0 0 1
-0.074287 0.0573995 480 0.0164021 0.0455219 13.4938 25.7108 -13 129 0 0 1
0.050748 0.0103964 480 -0.00871928 -0.0249607 10.4583 38.8865 -13 130 0 0 1
-0.114062 -0.131723 480 0.000222842 0.037325 9.17826 27.1242 -13 131 0 0 1
0.221146 -0.533763 480 -0.0771328 -0.198062 13.241 35.6547 -13 132 0 0 1
0.0284725 -0.105414 480 -0.076088 0.0215815 14.5169 31.0612 -13 133 0 0 1
0.126715 -0.291904 480 -0.086675 0.0125171 7.2671 42.4678 -13 134 0 0 1
-0.0494675 -0.0312909 480 -0.0215191 0.0159571 13.3513 17.4467 -13 135 0 0 1
-0.0516957 -0.0143287 480 0.0113253 0.0423695 12.9804 25.3861 -13 136 0 0 1
-0.25799 0.072815 480 0.00624128 0.0495633 7.25269 27.9289 -13 137 0 0 1
-0.036396 -0.20537 480 -0.0345072 -0.0357669 4.53349 42.0055 -13 138 0 0 1
-0.133916 -0.0484909 480 -0.0426878 0.0258704 11.4943 34.8812 -13 139 0 0 1
-0.10177 -0.0270584 480 0.00792017 0.044445 14.1397 37.5143 -13 140 0 0 1
0.0661198 0.075111 480 0.0259339 -0.0116742 13.8215 13.845 -13 141 0 0 1
-0.0561609 0.0466281 480 0.025612 4.56929e-05 13.7529 24.4644 -13 142 0 0 1
-0.1366 -0.209317 480 -0.0473566 0.0606199 11.0317 21.4153 -13 143 0 0 1
0.0512914 0.0111436 480 0.00205813 -0.0316495 14.3915 32.8599 -13 144 0 0 1
-0.0649648 0.0703206 480 -0.0156829 -0.0192781 9.86735 42.9153 -13 145 0 0 1
0.23317 -0.0357664 480 -0.0382888 -0.0094203 9.2353 29.4265 -13 146 0 0 1
0.0348429 0.0209531 480 0.0306987 -0.0465773 11.2365 30.7977 -13 147 0 0 1
-0.0514151 0.116643 480 0.00827518 -0.0256542 7.3802 36.5663 -13 148 0 0 1
0.0162764 -0.0776594 480 0.0479921 0.00192256 7.01832 33.0814 -13 149 0 0 1
0.0251668 -0.0108752 480 -0.0148424 0.000545552 13.8481 33.266 -13 150 0 0 1
-0.0572819 -0.0949672 480 0.0117097 -0.0652698 8.09754 24.8158 -13 151 0 0 1
-0.00500741 0.0308026 480 0.0179445 0.00592569 14.1337 36.6942 -13 152 0 0 1
0.043182 0.119965 480 0.0017548 0.0532443 13.693 36.5223 -13 153 0 0 1
-0.0701456 -0.1476 480 -0.0143262 -0.0275858 9.46369 35.5601 -13 154 0 0 1
-0.0728973 -0.155228 480 -0.0269241 0.0698822 9.95145 42.6913 -13 155 0 0 1
-0.0753925 -0.0114279 480 -0.0253566 0.0482739 11.983 31.3396 -13 156 0 0 1
-0.0765274 -0.0958251 480 -0.0470621 -0.00728505 13.2459 22.4886 -13 157 0 0 1
0.000100243 0.0372859 480 0.0712325 0.0997817 8.44217 30.7639 -13 158 0 0 1
0.0223717 0.0247402 480 0.0208975 -0.00394738 14.3359 35.2157 -13 159 0 0 1
-0.124677 0.0275457 480 -0.0569012 -0.0185424 7.49807 31.6718 -13 160 0 0 1
0.163487 0.00101696 480 -0.0124408 -0.0857456 14.1098 19.4426 -13 161 0 0 1
-0.0897913 0.137737 480 0.0894888 0.0229566 9.73456 33.1096 -13 162 0 0 1
0.064061 -0.104401 480 0.02895 0.0443146 9.7575 20.8389 -13 163 0 0 1
-0.0140933 0.000958411 480 0.0105778 -0.000320518 14.2225 32.5384 -13 164 0 0 1
0.0113324 0.0621468 480 0.0139489 -0.0242852 12.3389 38.8622 -13 165 0 0 1
0.115192 -0.236626 480 -0.121591 -0.0221037 11.0225 44.5013 -13 166 0 0 1
-0.0695653 0.243889 480 0.0529156 -0.079574 9.84088 22.5631 -13 167 0 0 1
0.0155778 0.0302166 480 -0.00777495 0.0283683 11.4276 16.2621 -13 168 0 0 1
-0.0127924 -0.0930295 480 -0.0420182 0.0346261 13.0662 39.835 -13 169 0 0 1
-0.18291 -0.00137555 480 -0.0222052 0.0467243 8.93756 38.3545 -13 170 0 0 1
0.00189704 0.0873821 480 0.0152153 0.00760314 14.5122 34.1763 -13 171 0 0 1
0.0155034 -0.0454683 480 -0.00676511 0.000673089 11.8595 29.417 -13 172 0 0 1
-0.00587708 0.0540664 480 0.0117963 -0.0252947 13.0449 14.6359 -13 173 0 0 1
0.0709888 -0.105701 480 0.00258664 -0.0286433 9.76608 41.473 -13 174 0 0 1
0.0246051 -0.0102412 480 0.00645627 -0.0230824 10.6735 18.9239 -13 175 0 0 1
0.365014 -0.433205 480 -0.157675 -0.0721032 10.788 30.5053 -13 176 0 0 1
0.269451 -0.739472 480 0.0101842 -0.0456404 3.34384 54.0093 -13 177 0 0 1
-0.391012 0.048472 480 -0.0214871 0.1292 5.60164 41.8909 -13 178 0 0 1
-0.300744 0.0927214 480 -0.178459 0.297138 5.57712 46.9242 -13 179 0 0 1
-0.799351 0.311154 480 0.0242341 0.209995 7.13901 47.6017 -13 180 0 0 1
-0.138317 -0.258491 480 -0.0621561 0.0252922 8.78765 46.229 -13 181 0 0 1
0.0884562 0.0691448 480 0.0308476 -0.00414829 9.26417 36.2487 -13 182 0 0 1
-0.0904012 -0.00396811 480 -0.0171767 0.0822967 14.028 17.9667 -13 183 0 0 1
0.126507 -0.382413 480 -0.142023 -0.0215772 12.2827 19.0115 -13 184 0 0 1
0.00241525 -0.0500569 480 0.0245278 -0.0394944 11.5052 31.0669 -13 185 0 0 1
-0.0116619 -0.0109639 480 0.037051 -0.0189063 11.8791 43.8945 -13 186 0 0 1
-0.0153429 -0.00457811 480 0.0113953 0.000363041 4.75309 39.1832 -13 187 0 0 1
0.112498 0.0820842 480 0.0384623 -0.0762944 8.60782 36.7825 -13 188 0 0 1
0.0276548 -0.0347881 480 0.0501174 -0.0631048 5.86309 30.3869 -13 189 0 0 1
-0.0499313 0.0854296 480 0.0542922 0.0258666 8.41943 26.2541 -13 190 0 0 1
-0.865564 0.667024 480 0.220263 0.2061 12.2402 20.3426 -13 191 0 0 1
0.0796443 -0.021429 480 -0.0702409 -0.0201536 12.0783 20.2445 -13 192 0 0 1
-0.00508671 0.163245 480 0.00382959 -0.00329901 10.3528 23.8857 -13 194 0 0 1
0.0715544 0.118928 480 0.043685 -0.0300349 10.8715 37.9956 -13 195 0 0 1
-0.213809 -0.0385732 480 -0.050738 0.0647535 11.6936 44.337 -13 196 0 0 1
-0.0262352 0.0595198 480 0.00867967 -0.0374349 12.3038 18.7661 -13 198 0 0 1
0.0126572 0.0071135 480 0.00450376 -0.00245314 12.9306 27.9122 -13 199 0 0 1
-0.259589 -0.389948 480 0.172507 -0.195363 1.14904 97.7984 -13 200 0 0 1
-0.100303 -0.0963541 480 -0.0163091 0.0361539 11.6026 36.8145 -13 201 0 0 1
0.209758 -0.00557198 480 -0.0138115 -0.0706647 12.014 35.4776 -13 202 0 0 1
-0.00276407 0.0143721 480 0.00656172 -0.0138964 14.4604 32.9311 -13 203 0 0 1
-0.0100847 0.0960533 480 -0.0714763 0.0282719 5.48606 40.0104 -13 204 0 0 1
-0.0481249 -0.00491787 480 -0.0111292 -0.00656512 7.16798 35.1555 -13 205 0 0 1
0.045929 -0.0428355 480 -0.0389871 -0.0912261 9.2447 46.7543 -13 207 0 0 1
0.484934 0.388189 480 -0.0883205 -0.105512 0.710316 113.684 -13 208 0 0 1
-0.015013 0.0661983 480 0.0378861 -0.0203807 13.7136 25.7393 -13 209 0 0 1
1.42162 -2.20409 480 -0.337323 -0.829727 2.92957 73.1127 -13 210 0 0 1
-0.201594 0.34058 480 0.0668094 0.0899301 6.56575 41.2061 -13 211 0 0 1
0.323997 -0.595253 480 -0.150071 -0.209412 13.9471 13.9807 -13 212 0 0 1
-0.0163154 -0.00445326 480 0.0592243 0.081043 8.96382 48.2658 -13 213 0 0 1
0.0752382 0.0794772 480 0.0377759 -0.0187038 9.79776 35.9486 -13 214 0 0 1
0.102404 0.0872406 480 0.0184973 -0.0221377 4.05166 54.4513 -13 215 0 0 1
-0.036514 0.102146 480 0.0684727 0.017972 9.89762 29.7855 -13 216 0 0 1
-0.0298238 -0.0355862 480 -0.0204171 0.027671 9.45624 31.3935 -13 217 0 0 1
0.0388021 -0.178346 480 -0.0246635 0.0164068 5.1658 47.6784 -13 218 0 0 1
0.0211071 0.0147668 480 0.0100396 -0.0399817 9.7636 28.1101 -13 219 0 0 1
-0.0338293 -0.000361049 480 -0.017317 0.0216652 13.3242 24.9474 -13 220 0 0 1
0.0394657 -0.542913 480 -0.102261 -0.0279869 3.55217 54.7874 -13 221 0 0 1
-0.0974139 -0.0226668 480 -0.00327135 0.0238892 8.92784 26.4088 -13 222 0 0 1
-0.0541289 -0.102859 480 -0.0193527 0.0326113 8.64871 23.4117 -13 223 0 0 1
0.515616 0.0725505 480 0.0324287 -0.0864084 6.08895 56.8419 -13 224 0 0 1
-0.00809821 -0.0109141 480 -0.012303 0.00310079 12.3414 35.0457 -13 225 0 0 1
0.084103 -0.0192973 480 -0.0270787 -0.0323693 10.0986 36.2271 -13 226 0 0 1
-0.0358709 0.207566 480 0.0853896 0.0210481 12.6203 33.5845 -13 227 0 0 1
-0.029575 -0.0165837 480 0.0174273 0.0289874 13.503 26.2868 -13 228 0 0 1
-0.00108646 0.00244702 480 -0.020271 0.000602064 13.4439 23.8385 -13 229 0 0 1
-0.102637 0.146587 480 0.0387298 0.00699026 11.9676 16.0523 -13 230 0 0 1
0.138553 0.210699 480 0.0827888 -0.039362 9.00442 45.4119 -13 231 0 0 1
-0.0521262 -0.00589807 480 -0.0504791 -0.026005 6.2789 46.2095 -13 232 0 0 1
-0.0888159 0.0285382 480 0.0584413 -0.105211 10.9663 43.802 -13 233 0 0 1
-0.0271791 -0.0603805 480 -0.032551 0.000659006 12.4877 16.9971 -13 234 0 0 1
0.243067 0.260632 480 0.0101345 -0.0465326 6.33443 50.5239 -13 235 0 0 1
0.0589486 0.00540054 480 -0.0885611 -0.00420003 4.50573 57.2936 -13 236 0 0 1
0.00865646 -0.0560474 480 -0.0253249 -0.0351031 8.36318 35.7006 -13 237 0 0 1
0.131726 -0.108795 480 0.0257309 -0.0461411 9.4576 23.3064 -13 238 0 0 1
-0.0114389 -0.027408 480 -0.0418063 -0.0109329 12.7773 25.395 -13 239 0 0 1
-0.0285527 -0.0165769 480 -0.0022796 0.0245598 12.7561 19.0885 -13 240 0 0 1
-0.192612 0.00643133 480 -0.0404672 0.075963 12.7929 15.8621 -13 241 0 0 1
-0.0864282 -0.0679155 480 -0.0117516 0.0430018 10.927 32.2657 -13 242 0 0 1
-0.136659 -0.0399987 480 -0.0467801 0.0380428 13.8002 40.5589 -13 243 0 0 1
0.228092 0.10799 480 0.000420026 -0.0965732 8.6534 43.4496 -13 244 0 0 1
0.149358 -0.00410343 480 -0.0234716 -0.045865 12.9142 25.916 -13 245 0 0 1
0.0469697 -0.0538838 480 -0.0446604 0.0202729 8.08568 30.2697 -13 246 0 0 1
-0.0250711 -0.0390316 480 -0.0517833 0.0200054 11.6364 25.4499 -13 247 0 0 1
-0.075109 0.0664919 480 0.0370272 0.0207971 11.8267 42.2037 -13 248 0 0 1
0.0152992 0.00910077 480 -0.00366303 0.00207043 12.3501 24.9186 -13 249 0 0 1
0.0146234 0.0910538 480 0.0484794 0.027952 10.3519 36.2214 -13 250 0 0 1
-0.0698646 -0.150613 480 -0.0152017 0.0487392 8.3039 46.9157 -13 251 0 0 1
0.0652135 -0.0290218 480 -0.016089 0.00839816 12.9741 21.0703 -13 252 0 0 1
0.477518 -0.306077 480 -0.0468233 -0.143115 11.9086 35.8526 -13 253 0 0 1
0.402351 -0.126979 480 0.00279252 -0.0659797 8.31601 25.3262 -13 254 0 0 1
0.0462978 0.0291087 480 0.0192794 -0.0107885 12.0685 22.1096 -13 255 0 0 1
-0.0642316 -0.107694 480 -0.0521591 0.0137057 12.2408 15.0175 -13 256 0 0 1
0.122723 -0.0128406 480 -0.00185371 -0.0200504 11.2847 26.5975 -13 257 0 0 1
0.0576992 0.0404047 480 -0.0231012 -0.0559169 11.7289 31.608 -13 258 0 0 1
0.027245 0.0763734 480 0.0211593 -0.00778501 14.4572 17.5566 -13 259 0 0 1
-0.0479183 0.0513158 480 0.00428426 -0.00383185 14.2185 36.0788 -13 260 0 0 1
-0.0023774 0.000921811 480 0.0154772 0.0619578 13.8434 27.7112 -13 261 0 0 1
-0.130945 -0.112926 480 -0.0588585 0.0465196 12.9566 32.7606 -13 262 0 0 1
0.0414343 -0.026082 480 0.00949878 -0.0372153 10.5346 24.0875 -13 263 0 0 1
0.619991 0.318695 480 -0.0645606 -0.0948243 3.43067 69.5989 -13 264 0 0 1
-0.0771509 -0.0480563 480 -0.0131727 0.00449274 12.8083 37.3538 -13 265 0 0 1
0.23202 0.131181 480 0.0225618 -0.0663892 11.3267 39.8965 -13 266 0 0 1
0.049591 -0.0115092 480 -0.0284541 -0.0167262 14.0584 34.9707 -13 267 0 0 1
0.0424736 -0.123229 480 -0.0154399 -0.0273737 12.256 19.8438 -13 268 0 0 1
0.143106 0.30776 480 0.0348385 -0.0503056 11.9067 26.5179 -13 269 0 0 1
0.0533181 -0.573214 480 -0.142737 0.103615 3.33163 77.4648 -13 270 0 0 1
-0.258076 -0.0421248 480 0.0545037 0.0562786 7.26725 50.9964 -13 271 0 0 1
0.0426828 -0.040096 480 -0.0087964 -0.0278292 14.4664 22.0743 -13 272 0 0 1
0.140637 -0.0455451 480 -0.00152249 -0.028236 8.04855 31.6718 -13 273 0 0 1
0.00108606 -0.0264204 480 0.000186984 0.0372528 12.6109 40.8794 -13 274 0 0 1
-0.0678935 0.0870924 480 -0.00902047 -0.0095644 8.78601 39.3223 -13 275 0 0 1
0.0842783 -0.0636161 480 0.0141657 -0.0119358 11.5298 20.8583 -13 276 0 0 1
0.0468542 0.0327674 480 0.034884 -0.0810384 9.62765 43.0841 -13 277 0 0 1
0.0239673 -0.0457852 480 -0.00251513 -0.0214575 13.7556 25.4907 -13 278 0 0 1
-0.0233833 0.0537882 480 0.0201523 0.0385292 13.3473 33.7475 -13 279 0 0 1
-0.00662709 0.348852 480 0.112585 -0.00834895 6.30663 33.5377 -13 280 0 0 1
0.0729399 -0.142026 480 0.0222203 -0.0412942 8.16568 41.1604 -13 281 0 0 1
0.00608183 -0.0113015 480 0.00387954 0.00367194 9.51661 41.5204 -13 282 0 0 1
-0.00529625 -0.110361 480 -0.0512635 0.00770613 10.7086 23.4947 -13 283 0 0 1
0.148828 -0.161509 480 -0.0312205 -0.050857 7.20577 37.4194 -13 284 0 0 1
-0.312463 -0.641664 480 -0.141839 0.0560382 3.02106 79.3582 -13 285 0 0 1
0.163427 -0.0449319 480 -0.105413 -0.0133959 6.77295 51.3062 -13 286 0 0 1
0.0305867 0.139157 480 0.00753452 -0.0291501 10.876 44.1839 -13 287 0 0 1
-0.0508958 -0.0622917 480 -0.0327228 0.00631643 11.9567 40.0792 -13 288 0 0 1
0.0991287 -0.0311029 480 0.0095197 0.00278211 9.45657 35.8982 -13 289 0 0 1
0.176032 -0.119171 480 -0.00620149 -0.0706203 9.05065 27.7466 -13 290 0 0 1
0.217195 -0.231678 480 -0.0120122 0.00242049 6.90142 43.5597 -13 291 0 0 1
0.112254 -0.0100793 480 -0.0174418 -0.0136896 13.2716 16.475 -13 292 0 0 1
-0.0759387 0.0468735 480 0.0589808 0.021444 7.38869 52.3338 -13 293 0 0 1
-0.0851123 0.00377073 480 -0.0133031 0.0234099 13.8219 42.2432 -13 294 0 0 1
-0.179914 -0.0880732 480 -0.118172 -0.0112022 7.26391 46.7501 -13 295 0 0 1
0.180501 -0.0650023 480 0.069632 0.0700023 6.02717 43.5198 -13 296 0 0 1
-0.14734 0.12736 480 0.0969726 -0.0149621 11.9784 19.3701 -13 297 0 0 1
-0.157918 0.619773 480 0.0527939 0.210974 0.622849 126.065 -13 298 0 0 1
0.0155671 -0.0281543 480 0.00900838 -0.0169481 12.1817 27.1092 -13 299 0 0 1
-0.0501909 0.187066 480 0.161716 0.166658 3.15632 76.3193 -13 300 0 0 1
0.030615 -0.276484 480 -0.0260772 0.0216148 8.22728 47.4865 -13 301 0 0 1
0.0819352 0.194305 480 0.0871752 -0.0945577 7.53036 38.8038 -13 302 0 0 1
0.198219 0.0340471 480 0.0105823 -0.0859316 11.6598 28.01 -13 303 0 0 1
0.185129 0.0365572 480 0.0578299 -0.0622192 7.70867 39.5579 -13 304 0 0 1
-0.0216526 0.018881 480 0.0153629 0.00385438 11.0901 25.9014 -13 305 0 0 1
-0.0282789 0.0314037 480 0.0290108 0.0103661 9.71756 33.3288 -13 306 0 0 1
0.0885548 -0.580417 480 -0.168291 0.21448 4.4424 49.2356 -13 307 0 0 1
0.0965629 0.0345365 480 0.0140899 -0.00250733 12.3851 20.6963 -13 308 0 0 1
-0.0877154 -0.0874798 480 -0.118952 -0.0719832 9.54276 38.3201 -13 309 0 0 1
-0.0419654 -0.00706652 480 -0.0496862 0.0745204 5.67342 39.4221 -13 310 0 0 1
-0.0880989 0.0696586 480 0.0542282 0.00979851 13.9916 29.7543 -13 311 0 0 1
-0.00934851 -0.00633517 480 -0.00634119 -0.00208173 12.1592 21.4298 -13 312 0 0 1
-0.0294661 0.137411 480 0.0433146 0.0235215 13.0456 15.3408 -13 313 0 0 1
0.0364405 0.0096579 480 0.0127082 0.0230739 13.8161 14.3916 -13 314 0 0 1
-0.0364346 0.0580776 480 0.0454818 -0.0184615 11.6261 18.9102 -13 315 0 0 1
-0.0643966 0.0678428 480 0.0195891 0.0100619 9.0824 25.6324 -13 316 0 0 1
0.129518 0.657194 480 0.0167654 -0.121281 2.39134 67.3273 -13 317 0 0 1
-0.341202 -0.33379 480 -0.0927575 0.160967 6.09603 33.7192 -13 318 0 0 1
-0.055074 -0.057614 480 0.00998295 0.0311746 13.8121 18.551 -13 320 0 0 1
-0.00528746 0.0408559 480 0.0629831 0.0268099 9.9947 23.0427 -13 321 0 0 1
0.0175295 -0.0414233 480 -0.0454702 0.00778205 12.7482 19.549 -13 322 0 0 1
-0.0224027 -0.0866249 480 0.0584678 0.010756 6.11152 35.432 -13 323 0 0 1
0.0985374 -0.31481 480 -0.0656935 0.011059 11.4436 42.1109 -13 325 0 0 1
0.0323794 0.0417479 480 0.017732 -0.0275667 10.7103 36.6874 -13 326 0 0 1
0.0299523 0.0799183 480 0.0230735 -0.0104616 12.4692 27.192 -13 327 0 0 1
0.00851494 -0.572367 480 -0.261405 -0.139926 4.14232 60.2493 -13 328 0 0 1
-0.0838221 -0.0625847 480 0.00823222 0.0583755 11.9805 36.8756 -13 329 0 0 1
0.0679804 0.165543 480 0.0210252 -0.0543946 8.93095 27.5641 -13 330 0 0 1
0.00518187 -0.221209 480 -0.0741116 0.0220427 5.54854 31.4999 -13 331 0 0 1
1.29164 0.13495 480 0.034054 -0.381909 4.87349 40.3381 -13 332 0 0 1
-0.0260177 0.024432 480 -0.0314555 0.0401908 9.86185 28.9512 -13 333 0 0 1
0.0963522 0.0142557 480 0.0387502 -0.0573753 12.8539 16.3186 -13 334 0 0 1
0.0533136 0.111363 480 -0.0231324 0.0385666 14.2503 33.5509 -13 335 0 0 1
0.125565 -0.28126 480 -0.039012 -0.0191423 5.71601 43.7288 -13 336 0 0 1
0.0364228 0.0601837 480 0.0198487 -0.018962 13.7352 31.2396 -13 337 0 0 1
0.0377024 -0.003424 480 0.0521967 0.00964474 9.65469 42.5908 -13 338 0 0 1
0.0192725 0.230233 480 0.129007 0.00147231 9.34556 47.3592 -13 339 0 0 1
0.0549924 -0.0930789 480 -0.000988529 -0.0345209 12.4598 41.6819 -13 341 0 0 1
2.86877 1.59316 480 0.238131 -0.142951 1.22855 106.525 -13 343 0 0 1
-0.0206051 0.00572222 480 0.00323603 0.0182209 13.2438 19.6864 -13 344 0 0 1
0.341441 -0.478057 480 -0.0109196 -0.183102 9.64213 18.7107 -13 345 0 0 1
-0.00383318 -0.00707153 480 -0.0114967 -0.00113854 13.4542 28.2471 -13 346 0 0 1
0.00223617 -0.0587574 480 -0.0221782 -0.0456884 12.1115 29.1461 -13 347 0 0 1
-0.0311209 -0.0902086 480 -0.0802972 0.0018288 13.7845 39.1824 -13 348 0 0 1
-0.154663 -0.294279 480 -0.131567 0.0896659 7.09775 38.4377 -13 349 0 0 1
-0.0292639 -0.0072157 480 0.0369153 -0.043649 7.75411 45.4881 -13 350 0 0 1
1.65829 -1.543 480 -0.846573 0.549522 4.36558 45.924 -13 351 0 0 1
-0.00804908 0.0502437 480 0.0853818 -0.210848 4.2295 51.3533 -13 352 0 0 1
0.158866 -0.217614 480 -0.0899593 -0.0612231 10.8513 43.3916 -13 354 0 0 1
-0.848632 -0.0918806 480 -0.0276796 -0.156182 3.13189 68.6831 -13 355 0 0 1
0.174265 -0.248841 480 -0.0785564 -0.0391048 9.77956 45.6688 -13 356 0 0 1
-0.0521548 0.204193 480 -0.0148887 -0.0104738 10.633 43.7143 -13 357 0 0 1
0.0955654 -0.0643333 480 -0.0528417 0.00857647 10.9088 33.5226 -13 358 0 0 1
0.0817831 -0.0681395 480 -0.0232565 -0.0139524 11.7961 21.0996 -13 359 0 0 1
0.0174611 -0.045374 480 -0.0171751 -0.01048 13.5123 34.6266 -13 360 0 0 1
-0.0529858 -0.129542 480 -0.0359222 0.0191651 3.75763 48.8584 -13 361 0 0 1
0.0445843 -0.0220306 480 -0.00908298 -0.0271091 8.75655 20.7699 -13 362 0 0 1
0.0192126 -0.00359233 480 -0.00577242 0.00935054 12.2077 42.8512 -13 363 0 0 1
0.03956 -0.0196995 480 0.00188101 -0.0313933 14.4531 17.0288 -13 364 0 0 1
0.0860865 -0.0142566 480 0.0030995 -0.00487439 11.8493 19.592 -13 365 0 0 1
-0.114569 -0.098799 480 -0.0249725 0.0348673 7.90174 22.8807 -13 366 0 0 1
-0.0686157 0.188942 480 0.0785558 -0.0268491 11.7145 39.5844 -13 367 0 0 1
-0.081578 0.0130002 480 0.103427 0.0334912 6.01929 47.6533 -13 368 0 0 1
-1.14927 1.23809 480 0.092481 -0.0453411 0.8845 107.138 -13 369 0 0 1
-0.140867 -0.0065262 480 0.0341117 -0.0194527 6.47318 30.4076 -13 370 0 0 1
-0.129311 0.496635 480 0.167322 0.0846758 14.5241 29.9226 -13 371 0 0 1
-1.09947 1.60378 480 -0.538719 -0.0962411 1.6402 101.769 -13 372 0 0 1
0.0622936 -0.0864947 480 0.043429 -0.0889399 14.1989 21.6006 -13 373 0 0 1
-0.602177 0.506235 480 0.156628 0.131779 4.99837 39.9473 -13 374 0 0 1
0.000245927 0.0986209 480 0.0316809 0.00631904 13.3717 35.1525 -13 375 0 0 1
0.166627 -0.0432466 480 -0.115358 -0.0894848 6.63986 38.8036 -13 376 0 0 1
-0.114683 -0.0657805 480 -0.00610093 0.0235896 10.5231 26.7161 -13 377 0 0 1
-0.186137 -0.280007 480 -0.0382252 -0.0287478 7.42252 26.3527 -13 379 0 0 1
0.00532519 0.098172 480 -0.00200458 0.0456715 10.716 21.6237 -13 380 0 0 1
0.0204049 0.15978 480 -0.00268667 -0.0420933 7.81327 34.7437 -13 381 0 0 1
-0.0222967 0.029982 480 0.00413496 0.0211958 13.4153 25.7385 -13 382 0 0 1
0.20443 -0.00104416 480 0.0452029 -0.104853 14.1034 27.0452 -13 384 0 0 1
-0.12663 0.00813357 480 -0.0148048 0.0264769 14.4637 21.4596 -13 386 0 0 1
0.000957756 -0.00288239 480 0.0242237 -0.015732 14.4324 30.1268 -13 387 0 0 1
0.0608201 0.121964 480 -0.00507922 0.00841961 9.38488 42.2922 -13 388 0 0 1
0.0834262 0.131063 480 -0.00656069 -0.0464127 13.4424 31.7408 -13 389 0 0 1
-0.0753908 0.0678702 480 -0.00596539 0.0499121 10.3209 26.2059 -13 390 0 0 1
-0.0144478 -0.0691806 480 -0.00343598 -0.0706824 8.68358 48.2187 -13 391 0 0 1
0.0266498 -0.119755 480 0.00907887 0.0096458 8.14127 48.5996 -13 392 0 0 1
-0.126844 0.0280595 480 -0.0205757 -0.137955 3.95898 45.2063 -13 393 0 0 1
0.188246 0.212977 480 -0.0713221 -0.0143972 3.91746 51.9338 -13 394 0 0 1
-0.231484 -0.3076 480 0.0021362 0.17735 14.1057 21.5163 -13 395 0 0 1
0.214105 -0.138475 480 -0.0467255 -0.064047 7.09048 40.4992 -13 396 0 0 1
0.0543068 -0.117427 480 -0.0418893 -0.00782437 14.5015 19.6822 -13 397 0 0 1
-0.00586633 -0.0165507 480 -0.0166532 0.00463378 13.309 20.6696 -13 398 0 0 1
0.0145137 0.0431956 480 0.0150642 0.0326544 12.6214 17.4262 -13 399 0 0 1
-0.140778 0.132596 480 0.0384606 0.0453659 11.6562 26.5462 -13 400 0 0 1
-0.0319192 0.044394 480 -0.00470911 -0.0114576 11.1802 28.9858 -13 401 0 0 1
0.156166 0.5953 480 0.119258 -0.0536032 7.31818 25.226 -13 402 0 0 1
0.146204 0.164514 480 -0.00937887 -0.0838458 5.73714 49.8544 -13 403 0 0 1
0.101217 0.0313405 480 -0.0112458 -0.0339 14.3953 20.7885 -13 404 0 0 1
0.271738 -0.385897 480 -0.105553 -0.159119 12.7787 30.9636 -13 405 0 0 1
0.206259 -0.0858181 480 0.000719722 -0.0603653 7.13867 39.4176 -13 406 0 0 1
0.424561 0.165799 480 -0.0462132 -0.0703678 4.79229 59.4273 -13 407 0 0 1
-0.216309 0.0495928 480 -0.0341185 0.0362397 10.8637 37.6288 -13 408 0 0 1
0.168817 -0.021293 480 0.0954313 -0.0695002 12.2045 17.9998 -13 409 0 0 1
0.0351816 -0.36241 480 -0.0595647 0.0128764 7.20831 34.1956 -13 410 0 0 1
-0.0799652 -0.167096 480 0.0238261 0.0846006 6.84396 30.3463 -13 411 0 0 1
-0.0226577 0.018317 480 -0.0394004 -0.0677778 7.28322 28.4472 -13 412 0 0 1
0.092043 -0.146719 480 -0.111335 -0.00180972 5.62124 30.903 -13 413 0 0 1
-0.0383619 0.051904 480 0.0539991 -0.0405625 9.82988 24.3943 -13 414 0 0 1
-0.082738 -0.155686 480 -0.0290617 0.045329 8.30297 28.1178 -13 415 0 0 1
-0.146585 -0.00512162 480 0.0137111 -0.00163301 12.6368 27.8409 -13 416 0 0 1
-0.518122 0.35786 480 0.0303789 0.293812 6.48114 32.3379 -13 417 0 0 1
-0.09493 -0.130869 480 -0.0769819 -0.000393023 9.96014 43.8883 -13 418 0 0 1
-0.0837294 0.190606 480 0.142953 0.130948 7.68426 36.4159 -13 419 0 0 1
0.0343774 -0.104576 480 -0.0722473 0.00369962 12.4795 24.1022 -13 420 0 0 1
-0.119692 0.0271166 480 -0.0147395 0.0137255 13.2127 18.2192 -13 421 0 0 1
-0.335855 0.433011 480 0.157165 0.0926468 7.09204 28.3949 -13 422 0 0 1
0.141008 0.041048 480 0.0337352 -0.0149218 9.33019 28.654 -13 424 0 0 1
-0.241303 -0.311729 480 -0.197996 0.0900945 5.15122 62.2289 -13 425 0 0 1
0.120536 0.170743 480 0.101633 -0.0369555 5.0389 57.8123 -13 426 0 0 1
-0.0151986 0.0262603 480 0.00721671 -0.0017629 10.8146 41.9746 -13 427 0 0 1
-0.157804 -0.050745 480 -0.026673 0.0131436 7.02401 32.8225 -13 428 0 0 1
-0.0112713 0.248087 480 -0.10984 -0.0630593 7.79121 35.2716 -13 429 0 0 1
-0.0579549 -0.0361296 480 0.0513819 -0.0142002 9.94663 27.926 -13 430 0 0 1
-0.154786 0.107434 480 0.0344239 0.0158165 10.8405 26.1266 -13 431 0 0 1
-0.03479 -0.104627 480 -0.0128577 0.0562865 9.95175 35.6906 -13 432 0 0 1
-0.028936 -0.122527 480 -0.0448241 -0.00416315 11.0357 41.0947 -13 433 0 0 1
0.00879459 0.0279466 480 0.0148296 0.000457516 13.7032 24.2414 -13 434 0 0 1
-0.139591 0.118619 480 0.0858378 -0.0372709 11.389 30.3635 -13 435 0 0 1
-0.0182367 -0.0434207 480 0.000141192 -0.064789 11.2534 22.3791 -13 436 0 0 1
0.0678739 0.026099 480 0.00181945 -0.00966516 10.7094 27.6739 -13 437 0 0 1
0.0392583 -0.0866154 480 -0.0161891 -0.0144749 11.1295 32.164 -13 438 0 0 1
-0.164337 0.030115 480 0.0573662 0.0506347 11.9508 43.2575 -13 439 0 0 1
0.0413157 0.065868 480 0.0381769 -0.0129315 8.85713 40.6278 -13 440 0 0 1
-0.250301 0.0545643 480 -0.018811 0.0523135 11.3932 29.5417 -13 441 0 0 1
-0.151034 0.0443306 480 0.104557 -0.0217408 3.96297 43.5706 -13 442 0 0 1
0.0397946 -0.0895282 480 0.047048 -0.0368227 7.582 48.4306 -13 443 0 0 1
0.28491 0.0503106 480 0.0342906 -0.0767742 11.3881 26.2115 -13 444 0 0 1
0.117575 -0.297958 480 -0.13515 0.0346025 8.00948 47.448 -13 445 0 0 1
-0.098335 -0.0483778 480 -0.00415149 0.0383383 13.4026 39.9227 -13 446 0 0 1
0.0665865 -0.0275201 480 0.00660462 -0.0139723 11.5845 27.2577 -13 447 0 0 1
0.192449 -0.185117 480 -0.0742479 -0.0600828 9.81025 21.4096 -13 448 0 0 1
0.11128 -0.144618 480 -0.0668852 0.0115526 8.18287 25.9349 -13 449 0 0 1
0.170938 -0.0524062 480 0.00337581 -0.038038 12.3435 43.5062 -13 450 0 0 1
-0.0492927 0.197017 480 0.0056115 0.0250291 7.85776 42.6086 -13 451 0 0 1
0.123111 -0.191581 480 -0.120354 -0.033081 11.8686 41.315 -13 452 0 0 1
-0.0443202 -0.0451121 480 -0.0134767 0.0359424 12.9776 41.4469 -13 453 0 0 1
0.00613415 -0.0212347 480 -0.00534694 -0.0375301 9.56583 27.5549 -13 454 0 0 1
3.78239 -0.299222 480 -0.0752989 -0.0675092 1.04938 86.0124 -13 455 0 0 1
0.0886589 -0.0346497 480 -0.000250975 -0.0182953 13.9984 16.5187 -13 456 0 0 1
-0.23374 0.0111133 480 0.0332343 0.0673731 9.44929 20.1216 -13 457 0 0 1
0.0185573 0.119018 480 -0.000930802 -0.0528643 11.5997 41.8655 -13 458 0 0 1
-0.0759195 -0.00550786 480 -0.00745231 0.0183426 7.99574 30.4814 -13 459 0 0 1
0.0259257 -0.0223927 480 -0.00267161 0.014791 10.5772 19.6826 -13 460 0 0 1
-0.0665506 -0.0292396 480 -0.0147242 -0.00815783 13.4499 39.1259 -13 461 0 0 1
0.00260076 -0.00221263 480 -0.022313 0.0587565 13.6783 39.1117 -13 462 0 0 1
0.0600079 0.080532 480 0.0209242 -0.0301733 7.6974 34.773 -13 463 0 0 1
0.736428 -0.173602 480 -0.082688 -0.289571 3.84049 70.1798 -13 464 0 0 1
-0.0243737 -0.164517 480 -0.0821593 0.0352159 9.8937 23.3015 -13 465 0 0 1
-0.133169 -0.0352613 480 -0.0394637 0.00363181 7.40475 25.1652 -13 466 0 0 1
-0.141285 -0.0274575 480 0.0431278 0.033077 14.0425 15.8834 -13 467 0 0 1
-0.010313 0.0803707 480 0.0359719 -0.00608485 8.81695 30.2671 -13 468 0 0 1
-0.0267347 -0.0653513 480 0.0203599 0.0443484 4.85037 52.0532 -13 469 0 0 1
-0.154607 -0.162865 480 -0.0733093 0.117408 6.40048 29.4372 -13 470 0 0 1
0.0748433 -0.0105145 480 -0.0202318 -0.0118387 9.96819 37.8358 -13 472 0 0 1
-0.279302 -0.464722 480 -0.158486 0.0662402 5.41046 33.4887 -13 473 0 0 1
-0.0541831 0.107881 480 0.103566 -0.132299 8.24988 36.3982 -13 474 0 0 1
0.00324401 -0.00948505 480 -0.010056 0.0231478 11.7924 25.2995 -13 475 0 0 1
-0.0609422 -0.0411157 480 -0.0177735 -0.0192312 7.85741 23.2407 -13 476 0 0 1
0.0386724 0.0776425 480 -0.0188244 0.0127785 9.52343 34.6006 -13 477 0 0 1
0.0366829 -0.33936 480 -0.11927 -0.0462441 9.7549 20.9399 -13 478 0 0 1
-0.145555 0.00656614 480 -0.117429 -0.104015 5.37208 34.5448 -13 479 0 0 1
0.0536643 0.0545922 480 0.0780213 0.0138853 10.7082 33.5828 -13 480 0 0 1
-0.0161599 -0.0274582 480 0.00666905 -0.125963 8.9767 33.8946 -13 481 0 0 1
0.0792232 -0.174964 480 -0.0795666 0.022567 6.54692 55.4627 -13 482 0 0 1
-0.0094207 -0.0141446 480 0.00391488 0.00283771 14.0438 41.7988 -13 483 0 0 1
0.0488482 0.104988 480 0.0755606 0.0226632 7.47956 37.3149 -13 484 0 0 1
-0.162235 -0.0829069 480 -0.00975373 0.0810126 11.3504 19.1552 -13 485 0 0 1
-0.140554 0.0870274 480 0.0861579 0.0591524 7.32977 31.4611 -13 486 0 0 1
-0.0683918 -0.0218466 480 -0.0217099 0.0538415 13.0211 31.7848 -13 487 0 0 1
0.792098 -0.348173 480 -0.101959 -0.345776 5.35531 52.4492 -13 488 0 0 1
-0.159906 0.11148 480 0.0112021 0.0432381 13.8912 17.6207 -13 489 0 0 1
-0.339731 -0.538228 480 0.0031082 -0.0955167 3.85503 47.0702 -13 490 0 0 1
-0.0145795 0.0775231 480 0.022792 -0.0257702 7.58991 47.7497 -13 491 0 0 1
-0.00803954 0.0515252 480 0.0234973 -0.027258 13.9359 16.9818 -13 492 0 0 1
-0.138433 -0.0264371 480 0.0241014 0.0284071 12.4298 39.0697 -13 493 0 0 1
-0.0502686 0.0121272 480 0.058386 -0.0107265 12.9644 37.2292 -13 494 0 0 1
0.152015 0.0388297 480 -0.0369754 -0.0559044 14.4503 13.733 -13 495 0 0 1
0.137981 -0.0332709 480 0.0283865 -0.0713452 10.7277 23.4778 -13 496 0 0 1
0.0737372 0.0898721 480 -0.0104603 -0.0618402 14.0561 13.74 -13 497 0 0 1
0.00327097 0.00908619 480 -0.0156759 0.0469366 13.5504 29.4948 -13 498 0 0 1
-0.0296621 0.0738587 480 0.120042 -0.0223298 11.9581 30.5247 -13 499 0 0 1
0.0613362 -0.00250097 480 -0.067138 0.00842952 12.6662 27.315 -13 500 0 0 1
0.0800867 0.00228669 480 -0.0343413 -0.0269069 10.8975 26.4111 -13 501 0 0 1
-0.0557878 -0.0596469 480 -0.00827254 -0.00136049 14.434 17.5761 -13 502 0 0 1
0.0371712 -0.153362 480 -0.0252472 0.0284887 10.2363 22.9822 -13 503 0 0 1
0.00164838 -0.010706 480 -0.0211849 -0.0181762 11.1785 32.7056 -13 504 0 0 1
-2.06814 -0.996865 480 -0.614847 0.167022 3.47195 62.6439 -13 505 0 0 1
-0.0782363 -0.0711362 480 0.0708725 0.044104 8.67429 28.0957 -13 506 0 0 1
-0.0345519 -0.0772707 480 -0.0190384 0.0163825 12.461 26.0538 -13 507 0 0 1
0.025333 -0.00793472 480 -0.0134541 -0.0287645 11.4304 40.9747 -13 508 0 0 1
0.0841838 0.1534 480 0.0473999 -0.0116842 8.19066 41.7704 -13 509 0 0 1
0.0908763 -0.149543 480 0.0515025 -0.214535 10.5545 26.6335 -13 510 0 0 1
0.00204884 0.0597991 480 0.0163377 0.018653 10.4438 19.9629 -13 511 0 0 1
-0.0759945 0.0566406 480 0.0218982 0.0103541 12.8889 31.6993 -13 512 0 0 1
-0.0264554 0.131742 480 0.0026679 0.0376027 13.3339 14.066 -13 513 0 0 1
-0.169351 -0.32978 480 -0.112943 0.0639203 7.95799 27.5147 -13 514 0 0 1
-0.00210468 0.120991 480 0.0333742 0.0121811 10.2393 40.9243 -13 515 0 0 1
0.101788 0.0180294 480 -0.0556769 -0.0931966 3.89288 51.3945 -13 516 0 0 1
0.140823 0.145071 480 0.0304625 -0.0304275 8.21718 24.2625 -13 517 0 0 1
0.846726 -0.741917 480 -0.0719454 -0.363574 12.3646 19.4248 -13 518 0 0 1
-0.010716 -0.345135 480 -0.0771519 0.0590799 11.6687 33.9033 -13 519 0 0 1
-0.0966566 0.0188652 480 0.0181335 0.0213435 11.643 32.3483 -13 520 0 0 1
0.0286655 -0.0688243 480 -0.0157341 -0.00797323 12.9503 25.1887 -13 522 0 0 1
0.031709 -0.0153066 480 -0.00920927 -0.00435943 13.5841 29.1125 -13 523 0 0 1
0.425238 0.61604 480 0.198322 0.0678553 3.79919 68.5815 -13 524 0 0 1
0.209013 0.120894 480 0.0413999 -0.0436529 9.71885 25.2208 -13 525 0 0 1
-0.0826363 -0.235722 480 -0.0384928 0.00277365 11.7059 34.8113 -13 526 0 0 1
-0.267196 0.0241495 480 -0.0160376 -0.108503 3.07576 79.2229 -13 527 0 0 1
-0.091971 -0.0424016 480 0.0103884 0.0509624 12.4937 30.2436 -13 528 0 0 1
-0.0230781 0.00277439 480 -0.0136112 0.023709 11.28 38.5059 -13 529 0 0 1
-0.108322 0.0251356 480 0.0316429 0.0277588 8.31303 43.5702 -13 530 0 0 1
0.103285 -0.00174048 480 0.00889695 -0.0362152 12.9558 27.3956 -13 531 0 0 1
0.324843 0.906032 480 0.25409 -0.191763 13.7314 41.9671 -13 532 0 0 1
0.168034 0.140095 480 0.016788 -0.0994002 9.0709 42.2845 -13 533 0 0 1
-0.0317932 0.0896956 480 0.0397652 -0.0379921 9.16331 42.4202 -13 534 0 0 1
-0.0241692 0.064368 480 -0.0425559 -0.0391853 9.85045 20.4992 -13 535 0 0 1
0.0760919 -0.00349931 480 -0.0456448 -0.0206965 13.0364 22.7581 -13 536 0 0 1
-0.714088 0.1209 480 -0.0174749 0.284443 4.41394 52.15 -13 537 0 0 1
-0.00719592 0.0191209 480 -0.0220867 0.0239958 14.4767 30.5263 -13 538 0 0 1
0.197169 0.190864 480 0.0980786 -0.0915688 11.281 21.3399 -13 539 0 0 1
0.0213644 0.109561 480 0.0697515 0.000374383 11.2496 41.2027 -13 540 0 0 1
-0.021341 0.00605724 480 0.0149732 -0.000303793 7.34588 45.2793 -13 541 0 0 1
-0.457712 0.0079579 480 -0.0158467 0.11677 12.7905 17.5818 -13 542 0 0 1
0.0623508 0.165856 480 0.0825927 0.0380707 8.52784 33.0953 -13 543 0 0 1
-0.018537 -0.137345 480 0.0393567 0.0539367 13.7305 40.8222 -13 544 0 0 1
0.199622 0.231556 480 0.0947187 -0.126292 4.88796 60.4318 -13 545 0 0 1
0.260433 0.0869834 480 0.0461167 -0.0483276 6.67067 45.551 -13 546 0 0 1
-0.0470642 0.0515679 480 -0.00309433 0.0234149 10.6759 35.9958 -13 547 0 0 1
-0.179413 -0.0333077 480 0.0138069 0.0201922 9.85849 36.8351 -13 548 0 0 1
0.159058 -0.000699793 480 -0.0166823 0.000475614 9.62209 43.7788 -13 549 0 0 1
-0.148211 0.0527133 480 -0.0449166 0.0753835 8.59225 36.7711 -13 550 0 0 1
0.0350159 0.123629 480 -0.0112598 -0.0410242 10.5849 22.3157 -13 551 0 0 1
-0.100031 -0.0493059 480 -0.0598834 0.0320062 11.3254 25.6093 -13 552 0 0 1
-0.205692 0.170759 480 0.137551 0.063507 7.90977 33.6533 -13 553 0 0 1
-0.773862 0.132484 480 0.080088 0.177393 4.86115 35.4902 -13 554 0 0 1
0.0273249 -0.109101 480 -0.0455198 0.06451 7.96795 49.1504 -13 555 0 0 1
0.0175411 -0.218895 480 0.00497085 0.0228933 6.0497 48.7383 -13 556 0 0 1
0.0535698 0.0559434 480 0.0141392 -0.0478825 13.5679 19.5055 -13 557 0 0 1
-0.072049 0.00667599 480 0.026085 0.00590925 10.933 44.2516 -13 559 0 0 1
-0.0776001 0.0833402 480 0.021751 0.0237162 13.6026 13.7646 -13 560 0 0 1
0.17865 0.229257 480 0.0485912 0.0393086 5.20084 59.2503 -13 561 0 0 1
-0.0904409 -0.122099 480 -0.0566397 0.0337725 11.0447 19.5057 -13 562 0 0 1
-0.0529819 -0.0335956 480 0.0446917 0.00568031 12.1093 29.8611 -13 563 0 0 1
0.0659256 -0.0785934 480 -0.0239764 -0.0162597 10.5728 44.7351 -13 564 0 0 1
-0.0164429 0.11815 480 0.0220857 0.00536137 14.2267 17.8428 -13 565 0 0 1
0.0949069 -0.1308 480 -0.0605951 0.023048 9.4242 30.3065 -13 566 0 0 1
0.0684002 -0.0307726 480 -0.00955016 -0.0237572 10.5784 28.1201 -13 567 0 0 1
-0.570665 0.531467 480 0.39734 -0.0978103 11.8528 40.8298 -13 568 0 0 1
-0.00577606 -0.0358115 480 0.00459345 0.0190382 13.545 24.2304 -13 569 0 0 1
0.00761112 0.109355 480 0.0516363 -0.063057 11.0961 41.5227 -13 570 0 0 1
-0.0196815 -0.0125205 480 -0.0251109 0.00155324 12.6403 27.3749 -13 571 0 0 1
0.034433 0.0874486 480 0.0261585 -0.00956846 9.86025 29.9543 -13 572 0 0 1
0.0834197 -0.0123513 480 -0.00952121 -0.0286092 6.60497 38.9188 -13 573 0 0 1
-0.0409182 0.0106584 480 0.0180545 -0.00715076 13.7396 21.5784 -13 574 0 0 1
0.0806613 0.161238 480 0.0124022 -0.0369581 7.04413 42.9602 -13 575 0 0 1
0.167481 -0.0377027 480 -0.0362095 -0.0711077 10.608 35.5262 -13 576 0 0 1
0.101968 0.0959578 480 0.0458671 -0.0164911 13.3945 15.8205 -13 577 0 0 1
0.11804 -0.108684 480 0.151823 0.123626 8.40944 31.8905 -13 578 0 0 1
-0.0406158 0.0419243 480 -0.0173024 0.0627901 13.9529 28.716 -13 579 0 0 1
0.0559302 0.00461216 480 0.00746156 -0.00998198 12.7572 21.6222 -13 580 0 0 1
0.0590986 0.0460264 480 0.0335284 -0.0410444 11.0795 43.755 -13 581 0 0 1
0.227933 0.0342489 480 -0.0145022 -0.0581843 8.90346 31.8875 -13 582 0 0 1
-0.0581327 0.0905795 480 0.0488743 0.00285982 7.70605 29.4118 -13 583 0 0 1
-0.0369213 0.0656985 480 0.0425742 0.0243726 13.9769 39.0819 -13 584 0 0 1
0.0708979 0.00893434 480 -0.0251417 -0.0424072 11.2229 23.6309 -13 585 0 0 1
-0.116983 0.0220864 480 -0.00746415 0.0341757 9.36951 43.4254 -13 586 0 0 1
-0.0570756 -0.0448796 480 0.00641514 0.0125037 13.7667 32.19 -13 587 0 0 1
0.00129611 -0.0184462 480 -0.0229726 0.0332055 9.606 27.791 -13 588 0 0 1
-0.00828852 0.045971 480 0.0440646 0.00393893 13.2554 25.5862 -13 589 0 0 1
0.0444414 0.00698488 480 -0.204196 -0.0970287 9.15718 30.834 -13 591 0 0 1
0.183031 0.0867031 480 0.069667 -0.102375 8.25551 33.5306 -13 592 0 0 1
-0.142436 -0.269456 480 -0.0511948 0.0348895 5.81425 56.3745 -13 593 0 0 1
-0.0502143 -0.045017 480 -0.0111885 0.0130977 10.753 45.4754 -13 594 0 0 1
-0.0106343 -0.0320387 480 0.00918122 -0.0532733 10.04 32.0129 -13 595 0 0 1
0.0120069 0.330312 480 0.0471886 -0.0147607 8.12354 38.0753 -13 596 0 0 1
0.236319 -0.116538 480 -0.0133935 -0.0656134 10.4206 28.5166 -13 597 0 0 1
0.137888 0.0341862 480 -0.00163247 -0.0529115 5.84974 36.2119 -13 599 0 0 1
0.550989 -2.391 480 0.0407193 0.108797 0.589376 100.272 -13 600 0 0 1
0.0435113 -0.0320621 480 0.000892663 -0.0418854 12.558 31.9628 -13 601 0 0 1
0.0952788 -0.148746 480 -0.0800199 -0.00187638 6.88688 46.7698 -13 602 0 0 1
-0.0936131 -0.0388458 480 -0.0560074 0.0473111 9.22204 41.1093 -13 603 0 0 1
0.0827943 -0.00323875 480 -0.00539064 0.0810371 7.55932 35.7366 -13 604 0 0 1
0.0617367 0.134215 480 0.149925 0.112275 4.67971 42.9754 -13 605 0 0 1
-0.127631 0.1123 480 -0.000169902 0.0791518 12.3552 30.5604 -13 606 0 0 1
0.0180878 -0.0948299 480 -0.0139017 -0.00964015 11.881 20.4091 -13 607 0 0 1
0.0293498 -0.0452267 480 -0.00782683 -0.0933352 12.9219 28.3704 -13 608 0 0 1
0.0523499 0.0981138 480 0.0404505 -0.0293738 11.8764 19.5944 -13 609 0 0 1
0.0589099 0.0578635 480 0.00471246 -0.00375999 8.80487 26.8823 -13 610 0 0 1
0.0328077 0.00804545 480 0.0148537 0.00366833 10.3244 21.7536 -13 611 0 0 1
0.0660338 0.135507 480 0.041414 -0.0710843 7.84663 33.8172 -13 612 0 0 1
-0.0613732 -0.0264969 480 -0.0243861 0.0195569 12.4698 28.491 -13 613 0 0 1
-0.134795 -0.0917927 480 -0.086126 0.0580135 12.1292 16.7005 -13 614 0 0 1
0.135577 0.492648 480 0.0167709 0.017948 3.76027 61.1599 -13 615 0 0 1
0.472628 0.344346 480 -0.166495 -0.0504185 3.94507 67.2713 -13 616 0 0 1
-0.0716556 0.0719579 480 0.122296 0.0153819 10.7825 33.0586 -13 617 0 0 1
0.00780059 0.0706591 480 -0.0265528 -0.0218775 8.09406 41.0251 -13 618 0 0 1
0.305607 0.142593 480 0.182862 0.124239 4.84044 56.4123 -13 619 0 0 1
-0.0860808 0.047279 480 0.0107407 0.0165598 12.3615 33.746 -13 620 0 0 1
-0.696454 0.260911 480 0.153198 0.16911 5.1717 35.1027 -13 621 0 0 1
0.0650604 -0.0650999 480 -0.0346631 -0.00946191 11.1542 43.6341 -13 622 0 0 1
0.0707884 0.158186 480 0.0332352 0.00384447 9.71352 32.0318 -13 623 0 0 1
0.0261168 0.000942516 480 -0.00148968 0.0278256 14.1794 13.6414 -13 624 0 0 1
0.119866 -0.0390263 480 0.0142293 -0.00391581 9.13513 34.8464 -13 625 0 0 1
0.161776 0.0422083 480 0.0154465 -0.0599434 6.08285 36.3797 -13 626 0 0 1
-0.146896 -0.0290352 480 0.00803381 0.00508006 9.34841 36.099 -13 627 0 0 1
0.389397 0.152777 480 -0.100941 -0.228041 2.64528 73.1303 -13 628 0 0 1
0.108673 0.175258 480 0.0357956 -0.0261266 10.4504 22.8455 -13 629 0 0 1
0.0106922 0.0156571 480 0.0240566 -0.0212015 11.7816 42.3068 -13 630 0 0 1
-0.0858843 0.217405 480 0.103334 -0.011695 8.8615 47.1432 -13 631 0 0 1
0.0168041 0.0161343 480 -0.000923312 -0.012379 14.0679 24.7302 -13 632 0 0 1
-0.00941653 -0.0282463 480 -0.0278067 0.00721407 8.33307 29.0132 -13 633 0 0 1
-0.42072 0.271468 480 -0.00773978 0.176398 4.80054 37.8006 -13 634 0 0 1
0.144216 -0.121091 480 -0.0105705 -0.0561951 8.05385 38.7262 -13 635 0 0 1
0.0880576 0.0070296 480 -0.068464 -0.0567517 14.0992 19.755 -13 636 0 0 1
-0.211548 0.06821 480 0.0500616 0.00265215 7.9581 43.4564 -13 637 0 0 1
-0.278598 0.117588 480 0.0557368 0.0626815 12.6978 29.6486 -13 638 0 0 1
0.184962 0.562868 480 0.216111 0.0308794 13.9946 18.022 -13 639 0 0 1
-0.075583 0.0605004 480 0.0331318 0.0147256 10.8765 17.1333 -13 640 0 0 1
0.187349 0.348862 480 0.175142 0.0538339 4.44867 47.6586 -13 641 0 0 1
0.153382 -0.127177 480 0.0123431 0.134523 7.18548 46.966 -13 642 0 0 1
0.0226671 -0.0531247 480 -0.0172048 0.00412078 11.0676 16.4054 -13 643 0 0 1
0.133524 -0.122732 480 -0.019887 -0.0556653 13.7363 31.2572 -13 644 0 0 1
0.0570085 0.00413249 480 -0.00443227 0.00517597 9.68878 20.159 -13 645 0 0 1
-0.00309238 0.0340233 480 0.0377939 -0.0156077 13.7547 29.7239 -13 646 0 0 1
-0.156882 0.0621289 480 0.170091 0.0417793 5.94072 55.6321 -13 647 0 0 1
0.247488 0.223908 480 0.00608724 -0.0631569 4.04892 53.8349 -13 648 0 0 1
-0.0317629 -0.0941882 480 -0.0154896 0.128565 6.29151 37.4806 -13 649 0 0 1
0.0550101 -0.0811194 480 -0.00797506 -0.0455226 13.5362 17.0875 -13 650 0 0 1
-0.137791 0.130057 480 0.0151094 0.0392288 10.0839 30.2213 -13 651 0 0 1
0.291914 0.0562869 480 0.0563895 -0.0746944 10.4644 42.6802 -13 652 0 0 1
-0.0453257 -0.102904 480 -0.0268554 0.0245516 11.9601 32.1952 -13 653 0 0 1
0.0841933 0.0964142 480 0.0238622 -0.0337181 12.2854 26.5617 -13 654 0 0 1
0.032384 -0.0735509 480 -0.00144304 -0.024189 14.3606 34.465 -13 655 0 0 1
-0.0339091 0.0478863 480 -0.00387199 -0.0162752 9.58675 34.2412 -13 656 0 0 1
-0.268167 -0.0388327 480 0.0118407 0.0632613 7.98332 43.4937 -13 657 0 0 1
-0.0801744 -0.182338 480 -0.143573 0.0795426 4.96593 50.2686 -13 658 0 0 1
-0.165219 -0.0884873 480 -0.0120354 0.0197968 14.4545 26.0191 -13 659 0 0 1
0.30619 -0.240981 480 -0.252974 0.0582108 11.6787 37.3413 -13 660 0 0 1
0.136173 0.268422 480 0.0846045 -0.0285803 10.6354 32.3635 -13 661 0 0 1
-0.067022 -0.0896999 480 -0.01695 0.00867356 12.1314 25.8021 -13 662 0 0 1
-0.113116 0.135557 480 0.0407566 0.0515761 9.54094 47.3581 -13 663 0 0 1
-0.238755 0.406686 480 0.149614 -0.104054 8.18213 50.1797 -13 664 0 0 1
-0.0133622 -0.0134375 480 -0.0189475 -0.0120128 11.34 17.3535 -13 665 0 0 1
0.0588326 0.0276453 480 -0.0112721 0.013281 11.7834 29.4385 -13 666 0 0 1
-0.0500414 0.0724329 480 0.00577882 0.00182188 13.0869 26.2064 -13 667 0 0 1
-0.151106 -0.342995 480 0.281601 0.993393 6.57547 36.1927 -13 668 0 0 1
0.0171329 -0.0303539 480 0.0275648 -0.0534076 9.58914 35.9001 -13 669 0 0 1
-0.0981867 0.194353 480 0.0356917 0.0390369 13.5732 30.1354 -13 670 0 0 1
0.00176138 -0.00801112 480 -0.0250183 0.00247179 13.1438 33.0367 -13 671 0 0 1
0.128582 -0.0939348 480 -0.095714 -0.0187509 3.77935 56.9267 -13 673 0 0 1
-0.173022 -0.0695787 480 -0.0463434 0.0229294 12.5449 43.2288 -13 674 0 0 1
0.0977557 -1.55297 480 -0.448004 -0.444768 7.13536 31.962 -13 675 0 0 1
-0.0451893 0.123296 480 0.0519539 0.0444906 12.8991 39.626 -13 676 0 0 1
-0.129138 -0.076267 480 -0.0159541 0.0289915 11.8242 21.5331 -13 677 0 0 1
-0.183115 -0.307019 480 -0.0943875 0.0160675 9.36243 34.1741 -13 678 0 0 1
0.333604 -0.182004 480 -0.121095 -0.0536839 8.10567 34.0101 -13 679 0 0 1
-0.0314191 0.0512361 480 -0.0306465 -0.0417009 9.24649 37.301 -13 680 0 0 1
-0.146097 -0.00551138 480 0.00492321 0.0490188 14.0683 15.2393 -13 681 0 0 1
-0.00904832 -0.000384955 480 -0.00892869 0.0104719 13.2519 14.3306 -13 682 0 0 1
-0.00199925 0.060951 480 0.0332293 0.0458324 12.9999 38.4017 -13 683 0 0 1
0.726591 0.950024 480 0.398897 -0.0146647 8.62757 36.5162 -13 684 0 0 1
-0.0942202 0.0962905 480 0.0377709 0.0495104 8.03278 28.8456 -13 685 0 0 1
-0.00202331 0.0334799 480 -0.0295229 -0.0214631 11.5702 42.1538 -13 686 0 0 1
0.0398475 0.177949 480 0.0997729 0.0297021 9.02329 25.7141 -13 687 0 0 1
0.0649361 0.11474 480 0.0210193 0.0389758 12.8439 36.5662 -13 688 0 0 1
-0.000907713 0.0592364 480 -0.231592 0.1626 9.8191 40.1565 -13 689 0 0 1
-0.259233 -0.810132 480 -0.290082 0.0559702 5.19003 51.9542 -13 690 0 0 1
-0.00217747 0.0786764 480 0.0530572 0.0244844 12.3083 31.2382 -13 691 0 0 1
-0.095027 0.0689064 480 -0.00428353 0.000138166 7.42951 24.8539 -13 692 0 0 1
0.0304401 0.031696 480 0.0107498 -0.0292267 12.7723 34.5295 -13 693 0 0 1
0.226363 0.115094 480 0.0257758 0.0483396 3.83423 53.2163 -13 694 0 0 1
-0.0950535 -0.12197 480 -0.0738624 -0.0166105 7.33636 34.3531 -13 695 0 0 1
-0.0974802 -0.0206728 480 0.0241703 0.0693535 6.62806 39.4472 -13 696 0 0 1
0.0435945 0.0277604 480 0.0283702 -0.0275237 10.0119 35.7986 -13 697 0 0 1
-0.0762961 -0.183819 480 -0.0686718 0.10676 8.71963 27.6309 -13 698 0 0 1
-0.0149879 0.0138607 480 0.0117068 -0.00432011 13.3449 36.8568 -13 699 0 0 1
-1.56994 -1.96188 480 -0.5056 0.603341 8.76358 30.1575 -13 700 0 0 1
0.0683101 -0.108052 480 -0.0765106 -0.0251944 9.0729 21.2731 -13 701 0 0 1
0.130901 0.0256549 480 -0.0154492 -0.0374363 12.2983 39.5445 -13 702 0 0 1
0.0378076 -0.0518459 480 -0.0202401 0.0181525 12.0656 36.6938 -13 703 0 0 1
0.195827 0.0830678 480 0.00705689 -0.0487937 9.40556 27.1376 -13 704 0 0 1
-0.0380991 -0.0294334 480 -0.0432277 0.0235609 10.0898 23.8135 -13 705 0 0 1
-0.15019 0.0654969 480 0.0191 -0.00319424 9.57777 33.5851 -13 706 0 0 1
-0.0214864 0.0223054 480 -0.00500511 0.0147264 13.8716 14.0667 -13 707 0 0 1
0.0257735 0.185381 480 0.0409549 -0.0055569 10.5414 34.5572 -13 708 0 0 1
0.00570035 0.0990394 480 0.158164 0.0459974 3.60617 58.7622 -13 709 0 0 1
-0.619414 0.227086 480 0.0596182 0.115602 7.94197 41.5158 -13 710 0 0 1
-0.214753 0.111483 480 0.0251304 0.027949 14.1596 14.0705 -13 711 0 0 1
0.120636 -0.0146395 480 0.0128532 -0.0231857 11.6069 34.7397 -13 712 0 0 1
0.0128114 -0.122753 480 0.0157546 -0.00111235 6.39389 48.6964 -13 713 0 0 1
0.0568856 -0.0908022 480 -0.00838844 -0.0185523 14.0518 33.6509 -13 714 0 0 1
0.0382279 0.0104991 480 0.0281002 -0.00656225 12.3706 43.4676 -13 715 0 0 1
-0.0712962 0.137625 480 0.0289361 0.0583665 13.1199 33.9629 -13 716 0 0 1
0.0259863 0.0628882 480 0.0232677 0.0226576 10.5949 31.7126 -13 717 0 0 1
0.00621825 -0.0659408 480 -0.0447264 -0.0198486 8.69095 27.8824 -13 718 0 0 1
-0.131174 -0.178947 480 -0.112824 -0.0194276 10.6366 24.9723 -13 719 0 0 1
-0.00230547 0.190744 480 0.0510781 0.016269 11.2737 44.0401 -13 720 0 0 1
-0.235771 0.577181 480 0.199235 0.0177241 9.67503 43.6475 -13 721 0 0 1
-0.207323 0.6616 480 0.171187 -0.0246511 5.23723 43.0646 -13 722 0 0 1
0.0923909 -0.0974384 480 0.0127651 -0.0285925 8.56229 23.6278 -13 723 0 0 1
0.0527257 -0.220346 480 -0.0269191 0.0410723 4.88386 56.4481 -13 724 0 0 1
-0.0121076 -0.076203 480 -0.00980618 -0.00426077 9.60511 29.8268 -13 725 0 0 1
0.085524 -0.10146 480 -0.0486855 -0.028178 13.6147 28.3232 -13 726 0 0 1
0.125643 0.0501892 480 0.033656 -0.00838907 14.125 17.356 -13 727 0 0 1
-0.033666 0.338626 480 0.120215 0.144539 2.70078 76.1035 -13 728 0 0 1
-0.0440618 -0.0149489 480 0.0300854 0.0496683 5.44232 42.0165 -13 729 0 0 1
-0.204001 0.236718 480 0.0739461 0.0403312 11.2049 22.7877 -13 730 0 0 1
-0.0802554 0.0202121 480 -0.00155793 0.0306667 10.9525 18.8877 -13 731 0 0 1
0.951114 0.868491 480 0.028504 0.231026 1.85829 88.3534 -13 732 0 0 1
0.16662 0.0742612 480 0.00527564 0.114802 4.73774 47.5791 -13 733 0 0 1
0.0284821 0.172449 480 0.0495374 0.0558852 7.82574 25.8416 -13 734 0 0 1
0.0153627 0.131907 480 0.0367005 -0.0387571 10.9819 32.585 -13 735 0 0 1
0.160982 0.094183 480 0.0598145 -0.0581411 10.9906 25.5265 -13 736 0 0 1
-0.258911 -0.0949314 480 -0.00477417 0.058013 8.23145 41.2669 -13 737 0 0 1
0.0429538 0.314126 480 0.0926536 0.071414 8.3823 43.5827 -13 738 0 0 1
-0.0562394 -0.197528 480 -0.0737402 0.0493075 11.8902 35.3304 -13 739 0 0 1
-0.109783 -0.0524705 480 -0.00231775 -0.0237626 13.0328 37.1082 -13 740 0 0 1
-0.0355904 0.0627918 480 0.0458261 0.032732 8.69957 39.3493 -13 741 0 0 1
0.16626 0.066035 480 0.240591 0.00522161 4.29763 62.6452 -13 742 0 0 1
-0.000653251 0.0269882 480 0.0484626 0.00499314 8.32326 22.529 -13 743 0 0 1
0.517017 0.408203 480 -0.015588 0.282625 2.80484 60.7858 -13 744 0 0 1
-0.0114228 0.0010628 480 0.00171323 0.00961776 11.5016 29.9409 -13 745 0 0 1
-0.0131283 -0.00125385 480 -0.00610828 0.0611167 8.56271 46.0925 -13 746 0 0 1
-0.0132755 0.109955 480 0.0290125 -0.0204945 11.8462 37.5675 -13 747 0 0 1
0.156483 -0.120896 480 0.00655286 -0.00617897 10.5516 33.5363 -13 748 0 0 1
0.00221299 -0.113926 480 0.00354918 -0.00974475 12.1199 15.9351 -13 749 0 0 1
-0.00253436 -0.00503089 480 0.035707 -0.0422995 10.384 38.4481 -13 750 0 0 1
-0.131191 0.148475 480 0.0248971 0.0598352 11.1303 39.8869 -13 751 0 0 1
-0.0969623 0.221002 480 0.0986161 0.0305457 6.52211 30.4527 -13 752 0 0 1
0.131679 -0.0872152 480 -0.0328013 -0.051041 10.7881 18.9628 -13 753 0 0 1
0.047658 -0.00626671 480 -0.00333599 -0.0289156 8.67809 45.4368 -13 754 0 0 1
-0.264544 0.22068 480 0.0895383 0.0465882 7.90795 29.1274 -13 755 0 0 1
-0.348153 -0.421642 480 0.198271 -0.283443 5.34129 43.4502 -13 756 0 0 1
-0.101264 0.0911725 480 0.00269578 -0.00334079 7.254 36.3522 -13 757 0 0 1
-0.146606 -0.176298 480 -0.015721 0.005018 7.8994 24.5017 -13 758 0 0 1
0.0753475 -0.0826798 480 -0.0251141 -0.0170985 14.1767 27.993 -13 759 0 0 1
0.0564594 -0.00759516 480 0.0449365 0.0215149 8.07675 41.7611 -13 760 0 0 1
-0.321008 -0.134532 480 -0.0319207 0.0740258 6.42907 33.6466 -13 761 0 0 1
-0.0919491 0.0784582 480 0.0432497 0.00684682 13.8654 41.101 -13 762 0 0 1
-0.0397454 -0.0495218 480 -0.019694 0.0404046 11.1517 41.8828 -13 763 0 0 1
-0.0173758 0.0049106 480 0.00210754 0.00449044 9.86591 28.6506 -13 764 0 0 1
-0.290577 0.288322 480 0.116791 0.0764415 5.81542 36.5522 -13 765 0 0 1
-0.0559582 -0.0434019 480 -0.0074261 -0.0200343 8.55705 25.4223 -13 766 0 0 1
-0.045656 0.154101 480 0.0472298 0.0196913 12.5914 43.1599 -13 767 0 0 1
0.0109686 -0.00598843 480 -0.000763091 0.0157678 12.8747 34.5935 -13 768 0 0 1
0.031507 0.104192 480 0.0591468 -0.0316486 6.99531 29.2464 -13 769 0 0 1
-0.0667166 0.111397 480 0.0255255 0.0041919 13.6415 19.7838 -13 770 0 0 1
0.0294425 0.0125231 480 -0.0318061 -0.0657523 10.8974 22.2415 -13 771 0 0 1
0.176459 -0.122297 480 -0.0247483 -0.0866501 14.3337 14.6944 -13 772 0 0 1
0.104638 0.0461551 480 0.0216169 -0.0510542 11.4226 20.2306 -13 773 0 0 1
0.204245 -0.133431 480 -0.0644279 -0.0714797 13.4062 16.8503 -13 774 0 0 1
0.0190821 -0.282776 480 0.0108521 0.0452407 3.66317 47.3121 -13 775 0 0 1
0.0529883 -0.037914 480 -0.0451506 -0.0264276 11.8154 26.5063 -13 776 0 0 1
-0.0707548 0.00388679 480 -0.0220697 0.0438166 10.6778 28.9008 -13 777 0 0 1
0.0978697 0.154686 480 0.0576442 -0.0504104 8.62739 38.8398 -13 778 0 0 1
0.0853942 0.282322 480 0.098264 -0.143243 12.9399 14.2207 -13 779 0 0 1
-0.278291 -0.294748 480 -0.0203986 0.148442 9.58563 22.7598 -13 780 0 0 1
-0.452772 -0.436043 480 -0.257725 0.00563218 11.5545 19.5712 -13 781 0 0 1
-0.00804818 -0.141453 480 -0.00818436 0.0230189 10.0669 20.823 -13 782 0 0 1
0.181428 -0.256402 480 -0.0562636 0.0266537 6.95352 41.386 -13 783 0 0 1
0.243042 -0.11604 480 0.152248 -0.0238017 6.86292 27.7544 -13 784 0 0 1
-0.188056 0.339005 480 0.0521405 0.026057 4.92987 48.4041 -13 785 0 0 1
-0.12342 0.0553696 480 0.0500315 -0.000951825 9.58106 37.1289 -13 786 0 0 1
-0.0150209 0.00169305 480 0.00105951 -0.0103006 8.90267 36.283 -13 787 0 0 1
-0.289093 0.0219812 480 0.0145801 0.0619913 12.3344 32.5216 -13 788 0 0 1
0.00117918 0.0310793 480 -0.0164421 -0.00883114 14.1663 27.6958 -13 789 0 0 1
-0.106111 -0.0212774 480 0.0170147 0.0269352 9.945 44.5355 -13 790 0 0 1
-0.236394 0.132491 480 0.0845681 0.00116377 4.89667 58.9971 -13 791 0 0 1
-0.163367 -0.0992495 480 -0.0585921 0.140315 11.7787 43.1635 -13 792 0 0 1
0.0901432 -0.0248957 480 -0.0417238 -0.0250875 11.4234 32.3689 -13 793 0 0 1
0.0972612 -0.0366297 480 0.0279926 0.0212178 7.46194 35.6427 -13 794 0 0 1
-0.282079 -0.15467 480 0.0310941 0.120814 11.4986 23.794 -13 795 0 0 1
-0.0233961 -0.0997798 480 -0.0483293 -0.00210828 8.89784 42.42 -13 796 0 0 1
0.0443944 0.0375481 480 -0.0110155 0.0115838 14.0127 37.4519 -13 797 0 0 1
-0.0177893 0.0815323 480 0.047287 0.0474755 13.7126 38.0193 -13 798 0 0 1
0.0198769 0.0261643 480 -0.00470761 -0.015294 9.37386 47.9381 -13 799 0 0 1
0.0233576 -0.00736276 480 -0.00446713 -0.0103958 13.5534 15.4878 -13 800 0 0 1
-0.155121 -0.150959 480 -0.0322996 0.0595485 5.76498 34.5547 -13 801 0 0 1
-0.218043 0.211963 480 -0.0146694 0.0341353 7.00431 44.3433 -13 803 0 0 1
0.0300491 0.00164868 480 -0.00994009 -0.0325683 13.0064 21.1814 -13 804 0 0 1
0.0525712 -0.0218828 480 0.00887485 -0.0157791 12.5813 40.9892 -13 805 0 0 1
-0.165298 0.387964 480 0.0566237 -0.0907734 2.9197 61.0123 -13 806 0 0 1
0.0729631 0.0386487 480 0.00876776 -0.0336846 13.6476 23.5562 -13 807 0 0 1
-0.120448 -0.239996 480 -0.0403423 -0.273778 7.0659 34.1009 -13 808 0 0 1
-0.0367677 0.0248642 480 -0.00104739 0.00665266 14.3073 26.1256 -13 809 0 0 1
0.144666 0.12219 480 0.0440775 -0.0607874 10.8117 32.293 -13 810 0 0 1
-0.159373 -0.111256 480 -0.125486 0.065367 5.6867 33.1017 -13 811 0 0 1
-0.015086 0.0892513 480 -0.047787 0.00394863 6.54472 28.4058 -13 812 0 0 1
0.265963 0.208321 480 0.136096 -0.0652788 13.205 24.2498 -13 813 0 0 1
0.0521499 0.127526 480 0.0578079 0.00203723 9.62314 28.9719 -13 814 0 0 1
-0.0153245 -0.0469553 480 -0.00940329 -0.0286521 11.65 42.5176 -13 815 0 0 1
-0.227981 -0.0246946 480 0.0856758 0.0846872 5.98858 33.2535 -13 816 0 0 1
0.200663 -0.051444 480 -0.179509 -0.285657 5.2256 56.6184 -13 817 0 0 1
0.34889 0.227676 480 0.0433927 -0.0838216 11.468 44.1889 -13 818 0 0 1
-0.113555 -0.0107767 480 0.0294462 0.00708341 6.16054 54.5455 -13 819 0 0 1
-0.0517985 0.0075882 480 -0.0111827 0.0470051 13.3945 20.0157 -13 820 0 0 1
-0.0961493 0.0784432 480 -0.0252443 0.0101321 8.40381 24.4196 -13 821 0 0 1
0.232934 0.0587308 480 -0.0196357 -0.0723771 11.6887 43.6521 -13 822 0 0 1
-0.00843887 -0.0674107 480 -0.0151583 -0.0177835 12.619 37.1956 -13 823 0 0 1
-0.0801068 0.0102511 480 -0.00899358 0.0288825 14.5614 33.1327 -13 824 0 0 1
-0.0343285 -0.0290185 480 -0.043703 -0.00280639 14.4481 38.3133 -13 825 0 0 1
0.0104253 0.0323239 480 -0.0412905 -0.0272888 7.57806 36.1113 -13 826 0 0 1
-0.321472 0.309621 480 -0.194663 0.181516 3.67197 72.4761 -13 827 0 0 1
0.0825093 -0.024214 480 -0.0374862 0.0278121 8.63601 46.8696 -13 828 0 0 1
0.0358495 0.029701 480 0.0300229 0.051254 10.0508 43.8281 -13 829 0 0 1
-0.0215835 0.024474 480 0.0160947 -0.00115527 14.0783 41.6701 -13 830 0 0 1
0.826794 -1.20309 480 0.643352 -0.78193 8.33939 27.6458 -13 831 0 0 1
-0.0199226 0.00410589 480 0.0179867 0.00752641 13.7975 26.4806 -13 832 0 0 1
0.00281562 0.0479592 480 -0.0546616 0.0378601 9.03195 48.6394 -13 833 0 0 1
0.165155 -0.0533006 480 0.0419383 -0.0823626 5.26912 56.1138 -13 834 0 0 1
-0.0279233 0.0214846 480 -0.0741756 0.0523483 7.79923 49.9997 -13 835 0 0 1
0.135632 0.00179649 480 -0.00120575 -0.0549375 11.8615 36.5673 -13 836 0 0 1
-0.0640786 -0.125172 480 -0.0473874 -0.0960173 10.8223 25.4055 -13 837 0 0 1
-0.0234387 0.1445 480 0.0086581 0.016095 12.8302 30.6463 -13 838 0 0 1
0.0365288 0.0241387 480 0.0100021 -0.0170837 11.1378 37.3864 -13 839 0 0 1
0.145087 -0.0115122 480 0.0345095 0.0149136 9.85274 39.3574 -13 840 0 0 1
-0.346551 -0.827137 480 -0.0974833 0.21021 6.15349 54.6776 -13 842 0 0 1
-0.123655 -0.0949962 480 -0.0910598 0.0279469 8.28816 28.0833 -13 843 0 0 1
-0.0567402 0.188874 480 0.0606721 0.01252 4.27671 62.4741 -13 844 0 0 1
0.366206 0.258256 480 0.103052 -0.120709 13.4707 22.1758 -13 845 0 0 1
0.125652 0.135917 480 -0.0362407 0.00140308 12.2814 31.045 -13 846 0 0 1
0.069992 0.47499 480 0.0903305 -0.0399735 4.53631 45.7694 -13 847 0 0 1
0.320628 0.0496292 480 -0.035454 -0.12905 4.68393 63.361 -13 848 0 0 1
0.0222689 -0.045474 480 -0.0138561 -0.0190539 9.61234 20.5511 -13 849 0 0 1
-0.116321 -0.0845889 480 -0.00400106 0.044209 12.3534 36.3939 -13 850 0 0 1
-0.0387157 -0.0113096 480 0.00597617 -0.00495073 8.89214 27.5557 -13 851 0 0 1
-0.608145 2.63921 480 -0.00459289 0.00842916 0.777552 113.893 -13 852 0 0 1
0.684375 -0.0336115 480 -0.0822869 -0.296715 4.81304 38.784 -13 853 0 0 1
0.0549404 0.14951 480 0.0508015 -0.00452358 11.4523 18.8063 -13 854 0 0 1
-0.0616475 0.0957603 480 -0.0186083 0.0299752 11.5556 38.8234 -13 855 0 0 1
0.067917 0.0868821 480 0.0612251 -0.0356536 14.3183 20.5943 -13 857 0 0 1
-0.395312 0.290788 480 0.0673618 0.134814 10.2182 43.4027 -13 858 0 0 1
-0.0104067 -0.0517208 480 -0.0554203 -0.00392377 12.9563 25.3252 -13 859 0 0 1
-0.0719247 0.125816 480 0.022482 0.0129112 13.0402 38.3998 -13 860 0 0 1
-0.00133788 -0.0103888 480 -0.0336193 0.0251563 11.1769 18.7832 -13 861 0 0 1
-0.163638 0.347063 480 0.0689551 0.0544504 5.84099 50.3224 -13 862 0 0 1
-0.87602 -0.208932 480 -0.025038 0.227771 3.8951 48.9617 -13 863 0 0 1
-0.0275879 0.0095495 480 -0.071561 0.0529607 6.86581 38.5407 -13 865 0 0 1
0.232251 -0.153174 480 0.0688422 -0.135915 5.52568 59.3802 -13 866 0 0 1
0.119926 0.00688651 480 -0.014586 0.0099132 8.33879 31.0313 -13 868 0 0 1
0.102517 0.159929 480 -0.0255863 -0.0291596 9.1723 39.7723 -13 869 0 0 1
-0.252888 -0.205567 480 -0.100387 0.0640841 12.3635 29.463 -13 870 0 0 1
0.016415 0.183471 480 0.0317902 -0.00175871 13.7032 35.1517 -13 871 0 0 1
0.434875 -0.158437 480 -0.0812243 -0.0457035 5.18155 52.9182 -13 872 0 0 1
0.0619499 -0.131105 480 0.0276052 -0.0963627 4.45498 43.1735 -13 873 0 0 1
0.195865 -0.177107 480 -0.192792 -0.0387789 4.81403 48.2826 -13 874 0 0 1
-0.239233 -0.031401 480 -0.0346395 0.0887152 3.36168 49.8628 -13 875 0 0 1
0.153355 -0.0443643 480 -0.0608453 -0.0667025 11.7777 26.6433 -13 876 0 0 1
-0.0670165 -0.114135 480 -0.0522313 0.0333405 9.20809 41.8782 -13 877 0 0 1
0.0188815 -0.0501795 480 -0.0141415 0.00578767 14.2416 38.4902 -13 879 0 0 1
-0.015344 0.0197972 480 0.00571328 -0.0407567 12.9331 19.1081 -13 880 0 0 1
0.0125942 0.00517624 480 0.00221983 -0.00556181 14.5317 24.8016 -13 881 0 0 1
0.207402 0.0672047 480 -0.0623719 -0.0351873 6.52274 47.6589 -13 882 0 0 1
0.0584265 -0.0129877 480 -0.0659103 -0.0405102 7.06973 48.3661 -13 883 0 0 1
-0.327317 -0.0611735 480 -0.104557 0.0589485 5.68443 47.0529 -13 884 0 0 1
-0.145485 -0.0187262 480 0.00318704 0.0351914 12.5698 15.6799 -13 885 0 0 1
-0.141538 -0.0859781 480 -0.0319723 0.00590213 8.47462 27.1751 -13 886 0 0 1
0.101341 0.147086 480 0.0517328 -0.0715467 8.51199 21.0467 -13 887 0 0 1
0.128654 0.100873 480 0.0887317 -0.0456079 8.52672 39.7275 -13 888 0 0 1
0.0714024 0.0173962 480 0.00177894 -0.023134 11.3207 40.2208 -13 889 0 0 1
-0.0251694 0.0188323 480 0.00823057 -0.00539741 10.821 27.972 -13 890 0 0 1
-0.0550601 -0.293735 480 9.32664e-05 0.101141 7.49381 31.2182 -13 891 0 0 1
-0.024587 -0.0206363 480 0.00910567 0.00846462 14.0599 21.4056 -13 892 0 0 1
-0.0500637 0.0130889 480 -0.0131959 0.00502024 9.3765 22.2486 -13 893 0 0 1
-0.119067 -0.0843077 480 -0.0982667 0.00230659 12.612 32.4172 -13 894 0 0 1
-0.0239013 0.0125662 480 0.0112096 0.0308114 11.6108 31.9891 -13 895 0 0 1
-0.0479332 -0.0431114 480 0.00373609 -0.000805655 6.79867 47.0549 -13 896 0 0 1
0.115397 0.0566274 480 -0.00707939 -0.0298518 10.3503 24.1615 -13 897 0 0 1
-0.260667 0.190663 480 0.173529 -0.0463857 8.37673 37.2928 -13 898 0 0 1
-0.0333039 -0.110884 480 0.2408 -0.0733724 6.70487 35.3615 -13 899 0 0 1
0.000236777 0.0356101 480 0.031381 0.0244845 11.4449 17.156 -13 900 0 0 1
0.382362 -0.0271304 480 0.0307373 -0.102226 5.38169 59.9641 -13 901 0 0 1
-0.226244 0.51378 480 0.139363 -0.00738475 8.55024 22.6658 -13 902 0 0 1
-0.056937 0.194862 480 0.10764 -0.0289647 6.64867 33.6837 -13 903 0 0 1
-0.0536938 0.0836739 480 0.00136461 -0.0311953 12.551 21.6428 -13 904 0 0 1
-0.0674337 -0.0157461 480 -0.0648595 -0.0878175 5.11488 51.092 -13 905 0 0 1
-0.0868896 -0.0637216 480 -0.0701423 0.0257891 10.4572 36.6196 -13 906 0 0 1
-0.248059 0.00807305 480 0.0049935 0.0943984 11.6336 41.5333 -13 907 0 0 1
-0.0146768 -0.0262915 480 -0.00651036 0.00675232 12.9523 17.0706 -13 908 0 0 1
0.0264151 0.0144475 480 0.00613859 -0.00254626 7.26342 38.8024 -13 909 0 0 1
-0.0354203 0.00379762 480 0.0338473 0.0985797 9.29102 20.5036 -13 910 0 0 1
0.414106 1.41085 480 0.0535219 0.15888 1.76844 93.2408 -13 911 0 0 1
0.138046 -0.630516 480 -0.234676 0.0558784 11.8373 16.8732 -13 912 0 0 1
-0.0727129 -0.0494915 480 -0.0144608 0.0154651 10.2981 19.0308 -13 914 0 0 1
-0.0596781 0.167367 480 -0.0280179 -0.00579733 9.11297 25.4932 -13 915 0 0 1
-0.0149886 -0.154533 480 -0.0392377 0.0166818 13.8046 31.6434 -13 916 0 0 1
0.0936018 -0.0170313 480 0.0521833 -0.0202241 12.4951 33.6838 -13 917 0 0 1
-0.0226225 -0.0262756 480 -0.00462867 -0.00079436 12.8516 37.8635 -13 918 0 0 1
0.296229 -0.324108 480 0.0580758 -0.0558055 3.72881 49.1733 -13 919 0 0 1
0.31831 -0.0846495 480 -0.0558661 -0.0618252 8.6434 23.3668 -13 920 0 0 1
0.0781352 -0.0187162 480 -0.00912509 -0.0459282 14.082 18.8485 -13 921 0 0 1
-0.00742609 0.00706584 480 -0.0144306 0.00522339 12.8516 34.7851 -13 922 0 0 1
0.121243 -0.161744 480 -0.0552361 0.109718 3.99527 69.9233 -13 923 0 0 1
0.0387547 0.0691244 480 -0.0157636 -0.0306311 13.5882 26.8937 -13 924 0 0 1
-0.00419606 0.0495075 480 0.00348641 -0.0421804 13.9407 41.1434 -13 925 0 0 1
-0.0121115 -0.0195926 480 0.0277381 0.0543419 12.8109 14.6247 -13 926 0 0 1
0.100388 -0.0345587 480 -0.035786 0.00843578 4.78167 50.0553 -13 927 0 0 1
0.0128326 0.015171 480 -0.00540674 0.0231375 11.7804 38.5904 -13 928 0 0 1
0.0152712 -0.043049 480 -0.0159607 0.00506951 13.5532 19.6801 -13 929 0 0 1
-0.106478 0.0449842 480 0.0515739 0.0370407 12.7343 32.0926 -13 930 0 0 1
0.030891 -0.0773543 480 -0.0284992 -0.00349116 13.316 34.5568 -13 931 0 0 1
0.105494 0.0715343 480 0.033433 -0.0121019 11.4527 44.3919 -13 932 0 0 1
0.0611141 -0.00776349 480 -0.0979278 0.0024795 13.6096 26.3808 -13 933 0 0 1
0.255642 0.0572338 480 0.0440092 -0.0690656 8.60284 32.5436 -13 934 0 0 1
-0.261842 -0.123498 480 -0.0152694 0.0889646 10.3335 38.2062 -13 935 0 0 1
-0.0275792 0.00259354 480 -0.0164339 -0.0133898 12.4232 27.7208 -13 936 0 0 1
0.0132423 0.00853279 480 -0.00562332 0.00696391 12.5369 41.3891 -13 937 0 0 1
0.0571688 0.385569 480 0.0535286 -0.0538038 4.5764 40.6527 -13 938 0 0 1
-0.12764 -0.0787593 480 -0.0270504 0.0320994 13.8482 22.782 -13 939 0 0 1
-0.0419868 -0.0491218 480 -0.00475912 -0.0314765 5.9174 32.9713 -13 940 0 0 1
-0.228296 -0.121984 480 -0.0822919 0.032732 12.2532 30.2725 -13 941 0 0 1
1.19078 0.761515 480 0.107027 -0.0201929 2.24339 85.5008 -13 942 0 0 1
-0.102044 -0.0143061 480 0.00931327 0.0512234 10.5256 41.5876 -13 943 0 0 1
0.250514 0.142877 480 -0.0294251 0.0920732 5.75932 52.9623 -13 944 0 0 1
0.285582 -0.274683 480 -0.188131 0.0369866 3.95645 68.3595 -13 945 0 0 1
-0.0180844 -0.000715673 480 0.0242403 -0.0237681 14.3065 25.2567 -13 946 0 0 1
0.230952 -0.0895014 480 -0.00416765 -0.133638 10.4581 21.8918 -13 947 0 0 1
-0.0619768 -0.168941 480 -0.15175 0.0306071 7.75328 27.4672 -13 948 0 0 1
-0.0766808 -0.0492145 480 -0.018887 0.00858349 12.4858 35.1174 -13 949 0 0 1
0.360111 0.413454 480 0.336078 -0.210073 3.24996 51.6543 -13 950 0 0 1
0.0915689 -0.0896554 480 -0.0515803 0.0219777 5.26885 39.2991 -13 951 0 0 1
0.521498 -0.391215 480 -0.115825 -0.0988227 4.17605 65.6006 -13 952 0 0 1
0.0212492 0.0536502 480 -0.0178319 -0.0314665 9.82964 24.6125 -13 953 0 0 1
0.0408716 0.149796 480 0.0390212 -0.0453164 6.71901 45.4705 -13 954 0 0 1
0.0920655 0.0384306 480 -0.0217121 -0.0705063 7.34804 40.4891 -13 955 0 0 1
0.405024 0.00765987 480 0.0134843 -0.156254 6.95077 32.1844 -13 956 0 0 1
0.207322 -0.0031311 480 -0.00303661 -0.00719472 14.0584 31.4506 -13 957 0 0 1
0.0905194 0.0816971 480 0.0342035 -0.0423033 11.8913 29.0584 -13 958 0 0 1
-0.320341 -0.14232 480 -0.0745869 0.0180001 10.4184 37.3736 -13 959 0 0 1
0.00274723 -0.0410004 480 -0.0353661 -0.0143111 14.4297 21.7411 -13 960 0 0 1
-0.433269 -0.537193 480 -0.167194 0.013476 0.924296 93.0835 -13 961 0 0 1
-0.180269 0.0850982 480 -0.0614188 0.0886286 11.7986 33.9027 -13 962 0 0 1
-0.0203711 -2.45993e-05 480 -0.00108621 -0.0237819 11.8753 37.6961 -13 963 0 0 1
0.0250987 -0.0550427 480 -0.0176298 -0.0261467 10.4826 43.3543 -13 964 0 0 1
0.0118959 -0.0958299 480 -0.00480062 0.0335427 11.3351 31.1196 -13 965 0 0 1
-0.0437223 -0.0598134 480 -0.0860176 0.0149098 9.40042 26.6012 -13 966 0 0 1
0.0330209 0.295279 480 -0.163107 -0.00124547 2.57224 65.3664 -13 968 0 0 1
-0.05119 -0.117074 480 -0.0257773 0.0759139 8.88961 32.3033 -13 969 0 0 1
-0.183573 0.0497889 480 0.00423955 0.0642399 13.2531 27.2916 -13 971 0 0 1
-0.0565811 -0.00850526 480 -0.0366659 -0.0529687 14.4641 27.4696 -13 972 0 0 1
-0.0266847 0.103169 480 0.0262903 0.00881228 13.7674 41.4175 -13 973 0 0 1
-0.0578031 -0.233184 480 -0.0604981 0.0334233 14.4821 32.0305 -13 974 0 0 1
0.0160273 -0.0498818 480 -0.110589 -0.0431996 10.2884 36.9835 -13 975 0 0 1
0.0401322 -0.0705899 480 0.0508395 -0.0413608 6.69942 32.0442 -13 976 0 0 1
-0.0488067 0.204632 480 0.00864838 -0.00468062 9.0656 36.5281 -13 978 0 0 1
-0.0487361 0.0327559 480 0.00850592 -0.00031331 13.7191 31.5978 -13 979 0 0 1
-0.0555866 0.0734635 480 -0.0161067 0.036292 12.0851 18.3925 -13 980 0 0 1
-0.0447405 -0.0235141 480 0.032345 0.00679753 9.67717 18.8487 -13 981 0 0 1
0.0494663 -0.0161441 480 -0.0199282 -0.00630461 13.6263 25.7954 -13 982 0 0 1
-0.212109 -0.31045 480 -0.191698 -0.0148908 5.65887 53.7638 -13 983 0 0 1
0.0418848 0.0291442 480 0.0187047 -0.0347914 10.007 19.9829 -13 984 0 0 1
-0.156842 0.153319 480 0.0763896 0.0427014 11.2563 30.9523 -13 985 0 0 1
-0.13449 0.0995895 480 0.0750154 -0.00269642 8.32711 39.5352 -13 986 0 0 1
0.124664 0.0181502 480 0.0021362 -0.0456362 14.2393 37.0729 -13 987 0 0 1
0.12117 0.347944 480 0.143114 -0.0451806 6.68899 47.6347 -13 988 0 0 1
-0.608379 0.991323 480 0.086252 0.0739581 2.28847 78.2563 -13 989 0 0 1
-0.0707653 0.0224755 480 0.0422741 -0.00632935 14.4686 20.4693 -13 990 0 0 1
-0.0257647 -0.0185203 480 0.00410101 0.0232599 10.8769 36.2098 -13 991 0 0 1
0.0395275 0.154509 480 0.0452945 -0.0302568 13.0904 38.9531 -13 992 0 0 1
-0.0856847 -0.102684 480 -0.0838086 0.00826904 11.2494 44.589 -13 993 0 0 1
-0.00434397 0.00376026 480 0.00967174 -0.000673904 12.8205 38.4397 -13 994 0 0 1
0.0207724 0.0831509 480 0.0490578 -0.00119679 13.8921 24.6773 -13 995 0 0 1
-0.0286178 -0.121865 480 -0.0474137 0.0137611 13.0408 38.8039 -13 996 0 0 1
-0.120295 -0.188273 480 -0.0864083 0.0485973 14.5163 21.0086 -13 997 0 0 1
0.103394 0.226742 480 -0.0156406 -0.103681 10.2077 42.238 -13 998 0 0 1
0.305322 0.0875011 480 -0.00936402 -0.0269846 7.36787 28.4329 -13 999 0 0 1
0.0649776 -0.0900923 480 -0.0200819 -0.0289356 8.44193 42.3326 -13 1000 0 0 1
