#BLTrackFile NTuple/Z640
#x y z Px Py Pz t PDGid EventID TrackID ParentID Weight
#mm mm mm MeV/c MeV/c MeV/c ns - - - - -
-0.032107 0.0146029 640 -0.0188944 -0.00980935 11.5041 38.8579 -13 1 0 0 1
0.00136084 -0.042523 640 0.0349277 -0.0239447 12.5619 40.6593 -13 2 0 0 1
-0.219047 -0.014838 640 -0.137688 0.0677053 9.83471 25.5776 -13 3 0 0 1
-0.00623569 0.120302 640 0.0112648 0.0251509 11.1369 24.638 -13 4 0 0 1
0.00469587 0.100316 640 -0.0331082 -0.0601896 6.85197 40.2116 -13 5 0 0 1
-0.00830916 0.293806 640 0.0794437 0.00668848 7.63614 51.7409 -13 6 0 0 1
0.0218941 0.124815 640 0.0562788 -0.0344677 12.0283 32.4311 -13 7 0 0 1
0.0168894 -0.0868451 640 -0.0104939 -0.0501624 5.08832 58.6334 -13 8 0 0 1
0.141833 -0.0862286 640 -0.0146446 -0.0462019 13.619 40.2042 -13 9 0 0 1
-0.0290836 0.0927775 640 0.0433988 0.00351926 13.2386 22.2131 -13 10 0 0 1
-0.100636 0.119796 640 0.0178915 0.0393748 10.6017 24.2003 -13 11 0 0 1
0.0205025 0.0485 640 -0.00923103 -0.148635 11.8059 23.3495 -13 12 0 0 1
0.61826 -0.74842 640 -0.024981 -0.149288 3.39459 65.8581 -13 13 0 0 1
0.000135206 -0.0253273 640 0.00376941 0.0136763 10.3125 25.0738 -13 14 0 0 1
0.088292 0.00569813 640 0.0660856 -0.0700866 5.13937 62.4055 -13 15 0 0 1
0.204312 0.262495 640 0.14733 -0.105486 8.33358 29.8993 -13 16 0 0 1
0.0454464 -0.0914842 640 -0.00674686 -0.0235978 14.5104 22.8954 -13 17 0 0 1
-0.0451442 -0.143786 640 -0.0467782 0.000536359 13.0779 46.4653 -13 18 0 0 1
0.348564 0.362601 640 0.0746973 -0.0757908 8.25984 45.2026 -13 19 0 0 1
0.0146481 0.089593 640 0.00324216 -0.0187486 14.4236 38.7104 -13 21 0 0 1
-0.115546 0.0986749 640 0.0160971 -0.0197023 10.4507 23.5885 -13 22 0 0 1
-0.00925031 0.041097 640 -0.0257819 -0.0514382 11.7718 48.9134 -13 23 0 0 1
0.0283939 0.139204 640 0.056801 0.0129463 8.29311 54.5926 -13 24 0 0 1
0.129612 0.103952 640 0.00149899 -0.0300735 14.3656 30.1526 -13 25 0 0 1
0.188805 0.0696045 640 -0.059871 0.0622523 8.93303 41.1274 -13 26 0 0 1
-0.163393 -0.0980295 640 -0.0323655 -0.00401093 8.4369 37.304 -13 27 0 0 1
-0.0347277 -0.0610017 640 -0.0357712 0.0105479 11.5638 47.5792 -13 28 0 0 1
0.14693 0.00997855 640 -0.0350382 -0.0503487 6.97077 53.9505 -13 29 0 0 1
0.0270341 -0.070209 640 -0.143998 -0.10031 13.6144 19.2318 -13 30 0 0 1
0.0374673 0.0674934 640 -0.00713968 0.0123664 10.3465 26.3905 -13 31 0 0 1
-0.138382 -0.231376 640 -0.0947134 0.116628 8.48029 32.4578 -13 32 0 0 1
0.301213 0.312871 640 0.182309 0.11459 3.06552 90.4703 -13 33 0 0 1
-0.0230135 -0.0174233 640 0.0636297 0.0654161 13.6401 38.4413 -13 34 0 0 1
-0.0025845 0.59728 640 0.0756301 -0.0201943 5.01592 70.5959 -13 35 0 0 1
0.206595 -0.0220549 640 -0.0222475 -0.0785243 8.56592 50.8592 -13 36 0 0 1
-0.0740585 0.082674 640 0.0263318 -0.00561527 10.3948 50.1942 -13 37 0 0 1
0.0395043 0.0398725 640 -0.00165899 -0.00162962 11.8464 42.8944 -13 38 0 0 1
-0.000693319 0.0244184 640 0.000151267 0.0161109 9.50118 34.3848 -13 39 0 0 1
1.70827 -1.16421 640 -0.933486 0.176537 10.8304 41.6947 -13 40 0 0 1
-0.461377 0.193575 640 -0.0215255 0.110083 8.87963 28.919 -13 41 0 0 1
0.105949 -0.0402974 640 -0.0563786 -0.099524 9.9096 44.8235 -13 42 0 0 1
0.125653 -0.0777173 640 -0.0568153 -0.0105956 14.416 27.9278 -13 43 0 0 1
-0.245461 -0.102739 640 -0.00857697 0.0554049 11.2554 39.2728 -13 44 0 0 1
0.162557 -0.334353 640 -0.138399 -0.0484177 10.8532 45.8255 -13 45 0 0 1
-0.253959 0.0303643 640 -0.0315888 0.0420946 4.94263 49.3438 -13 46 0 0 1
0.0804232 -0.0304121 640 -0.0151027 -0.0523778 11.4098 28.3257 -13 47 0 0 1
0.320247 0.813003 640 0.158035 0.018317 6.64616 44.1986 -13 48 0 0 1
-0.00273768 0.132012 640 0.0287133 0.00273498 13.2707 23.8459 -13 49 0 0 1
0.0372574 0.0748319 640 0.0563123 0.0838751 4.17283 79.0922 -13 50 0 0 1
-0.0167371 -0.0224343 640 0.0922974 -0.0801222 8.37829 39.3618 -13 51 0 0 1
-1.02253 2.75256 640 0.0153231 -0.203525 0.86262 124.535 -13 52 0 0 1
-0.278121 0.159848 640 0.0457078 0.107947 8.19724 29.3736 -13 53 0 0 1
0.414398 0.615227 640 0.119732 -0.0373432 2.5729 77.8251 -13 54 0 0 1
0.0944969 -0.00435634 640 -0.00653086 -0.0408019 10.3916 41.6312 -13 55 0 0 1
0.0703262 -0.219191 640 -0.0720533 -0.026978 14.0604 25.3887 -13 56 0 0 1
0.0695213 -0.0521405 640 -0.0232053 -0.0221646 9.78433 50.8218 -13 57 0 0 1
0.0149838 0.0569549 640 0.0235854 0.0536433 8.22835 34.8079 -13 58 0 0 1
-0.0527499 0.0390936 640 0.0409324 0.199077 6.97731 49.6309 -13 59 0 0 1
-0.132023 0.132782 640 0.0457566 0.0460928 8.23324 49.3147 -13 60 0 0 1
0.0528407 0.0691227 640 0.0412932 0.016442 13.9464 32.0676 -13 61 0 0 1
-0.145195 0.0235202 640 -0.0035875 0.00862961 9.34971 37.287 -13 62 0 0 1
0.00508189 -0.00890709 640 -0.005613 0.00497193 14.0036 44.7194 -13 63 0 0 1
-0.0487232 -0.19646 640 -0.0670854 -0.035451 8.87593 38.4626 -13 64 0 0 1
-0.0708645 0.150176 640 0.104512 -0.0277167 5.05173 49.2347 -13 65 0 0 1
0.0809958 0.0679223 640 0.0179546 -0.0222609 7.3741 44.0853 -13 66 0 0 1
-0.0317849 -0.0409436 640 -0.0108679 0.0257563 11.5167 32.4818 -13 67 0 0 1
-0.200661 0.0781667 640 0.0584095 0.0310166 10.6246 41.12 -13 68 0 0 1
-0.323603 -0.3843 640 -0.0676373 0.143544 5.35039 55.4101 -13 69 0 0 1
0.0832889 0.0483803 640 -0.0360553 0.000971528 11.1512 25.8286 -13 70 0 0 1
0.0886432 -0.0286275 640 -0.030108 -0.0293469 11.674 23.6019 -13 71 0 0 1
-0.00475706 -0.0817576 640 -0.000625179 0.0326298 10.3657 23.6933 -13 72 0 0 1
0.316449 -0.390012 640 -0.0856735 0.00579932 6.07929 58.7428 -13 73 0 0 1
-0.0590643 0.0247187 640 -0.00730333 -0.00241021 10.717 36.1862 -13 74 0 0 1
0.0715135 0.288637 640 -0.00129356 0.0179497 7.77416 57.139 -13 75 0 0 1
-0.0735664 -0.200761 640 -0.040905 0.0055846 12.4839 44.0599 -13 76 0 0 1
0.0158518 -0.138854 640 -0.0899056 0.0382197 8.18445 53.9145 -13 77 0 0 1
-0.0877424 -0.125304 640 -0.0245758 0.02085 13.546 30.6555 -13 78 0 0 1
-0.0311436 -0.0818274 640 -0.012784 -0.0378687 12.6608 43.2161 -13 79 0 0 1
0.0573447 0.0642993 640 0.0147427 0.00423621 10.2819 50.1919 -13 80 0 0 1
0.0586504 0.070068 640 0.00870369 -0.0312279 8.65797 49.3965 -13 81 0 0 1
-0.0606466 -0.0638361 640 0.0483142 0.00203534 13.2013 40.6455 -13 82 0 0 1
-0.0893013 0.0275268 640 0.0282379 0.0283053 9.84797 42.1637 -13 83 0 0 1
0.420232 -0.0161703 640 0.00311964 -0.0816549 6.31225 49.4017 -13 84 0 0 1
0.0558552 0.033216 640 0.00602206 -0.0467182 13.6022 20.8759 -13 85 0 0 1
0.0908338 -0.15146 640 -0.0377715 -0.0971174 7.93307 41.7244 -13 86 0 0 1
-0.422943 -0.307972 640 0.0505962 0.121335 0.87952 132.517 -13 87 0 0 1
0.312535 -0.240842 640 -0.0897553 -0.036692 8.45897 35.3158 -13 88 0 0 1
0.21525 0.0176139 640 0.0392872 -0.0023909 9.96216 33.9303 -13 89 0 0 1
0.0753695 0.0894461 640 -0.0573871 -0.0129573 6.66078 42.7655 -13 90 0 0 1
-0.116704 -0.110933 640 -0.0969901 0.0658213 7.13914 59.2632 -13 91 0 0 1
-0.161381 0.252393 640 0.0428352 0.0480873 6.64982 61.8163 -13 92 0 0 1
0.390521 -0.161219 640 -0.250832 0.013865 7.66653 55.5592 -13 93 0 0 1
0.12352 -0.248433 640 0.0295493 -0.0177278 5.66889 48.0043 -13 94 0 0 1
0.0989467 -0.0904992 640 -0.0219775 -0.0616547 10.7535 33.1761 -13 95 0 0 1
0.0441672 -0.00751687 640 -0.017074 -0.0121209 12.8563 33.082 -13 97 0 0 1
-0.130921 -0.167093 640 -0.469913 -0.195876 9.44042 32.2727 -13 98 0 0 1
0.0182761 0.0412877 640 -0.00349242 -0.0199843 14.0124 21.7957 -13 99 0 0 1
0.138602 -0.0369042 640 0.0312625 -0.0894909 12.309 19.7453 -13 100 0 0 1
-0.80227 0.154355 640 -0.0209976 0.146598 4.66087 63.487 -13 101 0 0 1
-0.0671748 0.132207 640 0.0336554 -0.00421134 9.95478 46.3896 -13 103 0 0 1
0.0309811 -0.0594024 640 0.0179151 -0.018943 9.5978 36.9123 -13 104 0 0 1
0.105841 0.124966 640 0.0251997 0.00688052 8.79225 32.7575 -13 105 0 0 1
-0.0173915 -0.0549475 640 -0.00388912 -0.0446291 10.3017 50.3779 -13 106 0 0 1
-0.0685039 0.0109572 640 0.00886735 0.0205615 13.75 34.617 -13 107 0 0 1
0.337067 -0.000316822 640 0.0223134 -0.0991281 7.2719 43.8544 -13 108 0 0 1
-0.0179165 0.132834 640 0.0298287 -0.00287375 13.5684 17.7851 -13 109 0 0 1
-0.24696 0.705721 640 0.189447 0.12177 5.43863 44.2313 -13 110 0 0 1
0.0862846 0.011953 640 -0.0289962 -0.0017979 9.82946 27.159 -13 111 0 0 1
0.0778826 -0.31481 640 -0.107783 -0.0865347 7.66016 33.7821 -13 112 0 0 1
0.0669268 0.0157449 640 0.0150603 -0.0329339 11.9433 29.5904 -13 113 0 0 1
0.333601 0.18372 640 0.0379884 -0.115688 8.03954 35.1181 -13 114 0 0 1
-0.717933 1.2116 640 0.308962 0.316903 13.2199 37.1402 -13 115 0 0 1
0.096665 -0.0104825 640 0.0259474 -0.026403 10.284 51.5675 -13 116 0 0 1
-0.112433 -0.0357293 640 0.0575705 0.0212298 11.5621 25.0738 -13 117 0 0 1
0.0526845 -0.45001 640 -0.0503615 -0.069916 5.81419 43.892 -13 118 0 0 1
0.137879 -0.219951 640 -0.0768416 -0.0101966 10.9657 40.7273 -13 119 0 0 1
0.411879 -0.266762 640 0.035444 -0.085242 7.49098 44.4379 -13 120 0 0 1
0.182062 0.0411538 640 -0.00374243 -0.0878857 7.94821 56.6732 -13 121 0 0 1
0.0513251 -0.069862 640 -0.00016322 0.028865 8.97638 31.9704 -13 122 0 0 1
-0.323456 -0.17188 640 0.0417809 0.0152901 4.96608 67.4271 -13 123 0 0 1
-0.139263 0.0784103 640 0.0398874 0.0517243 12.9928 33.121 -13 124 0 0 1
-0.128228 -0.0897825 640 -0.0351158 0.0418917 11.4537 46.6684 -13 125 0 0 1
-0.526211 -0.579078 640 -0.0617696 0.2328 11.7192 44.7729 -13 126 0 0 1
-0.104084 -0.298909 640 -0.0085133 0.0587757 9.60167 29.7805 -13 127 0 0 1
-0.140938 0.0729971 640 -0.00333706 0.0799833 13.5006 26.8496 -13 128 0 0 1
-0.0311452 0.271489 640 0.0952659 0.0297748 13.4889 29.9242 -13 129 0 0 1
0.0123311 0.0243629 640 0.0160863 0.000453404 10.454 44.3055 -13 130 0 0 1
0.0525171 -0.182602 640 -0.0146862 -0.0386279 9.13623 33.3108 -13 131 0 0 1
-0.487562 -0.708078 640 -0.258121 0.0908423 13.2396 39.947 -13 132 0 0 1
-0.0154493 -0.0989018 640 -0.0657121 0.043446 14.5117 34.9829 -13 133 0 0 1
-0.0106939 -0.204984 640 -0.0475112 0.0794263 7.24488 50.2564 -13 134 0 0 1
-0.0221469 0.00615835 640 0.00479292 0.0172851 13.3468 21.7045 -13 135 0 0 1
-0.0127622 0.0301067 640 0.0387709 0.0104184 12.9772 29.7634 -13 136 0 0 1
-0.145974 0.362071 640 0.0673932 -0.0295579 7.20404 35.7451 -13 137 0 0 1
0.0178876 0.0616371 640 0.0460422 -0.0232703 4.48357 54.5073 -13 138 0 0 1
-0.160852 0.0531883 640 0.0226685 0.0178454 11.4805 39.8185 -13 139 0 0 1
-0.0936062 -0.00328245 640 0.0294969 0.0429791 14.1387 41.5381 -13 140 0 0 1
0.00929576 0.0874841 640 0.0133416 -0.000498733 13.8173 17.9604 -13 141 0 0 1
-0.00657903 0.0309941 640 0.0248672 -0.0334331 13.7465 28.6004 -13 142 0 0 1
-0.0637057 -0.0323121 640 0.0828237 -0.0043538 11.0265 26.5557 -13 143 0 0 1
0.0327967 -0.0191296 640 0.00519502 -0.0295837 14.3892 36.8147 -13 144 0 0 1
-0.0509095 0.24104 640 0.0369303 0.0167312 9.86192 48.6565 -13 145 0 0 1
0.196721 0.0970656 640 0.015887 0.00467059 9.21792 35.5591 -13 146 0 0 1
-0.061554 -0.0440936 640 -0.0244232 -0.00301615 11.2283 35.8456 -13 147 0 0 1
-0.0404481 0.123061 640 0.0271235 -0.0155975 7.35166 44.2409 -13 148 0 0 1
0.0351943 -0.179286 640 0.0103176 -0.00334084 6.99952 41.1444 -13 149 0 0 1
-0.0296861 0.0313773 640 0.0105142 0.0116381 13.8441 37.3735 -13 150 0 0 1
-0.163588 -0.0940022 640 0.0254484 -0.0383071 8.07614 31.8072 -13 151 0 0 1
0.0107027 0.0318447 640 0.0185704 -0.00349485 14.1305 40.7199 -13 152 0 0 1
0.089096 0.237171 640 0.0387176 0.0468049 13.6898 40.6754 -13 153 0 0 1
-0.115276 -0.136765 640 0.0202385 0.0207115 9.44877 41.5479 -13 154 0 0 1
0.172844 0.00476963 640 0.051001 -0.101379 9.93675 48.3865 -13 155 0 0 1
0.00468269 0.0778051 640 0.0423437 0.0166314 11.9772 36.077 -13 156 0 0 1
-0.137233 -0.0438228 640 -0.0359951 0.0256685 13.2406 26.7799 -13 157 0 0 1
0.0417781 -0.11819 640 -0.0533394 0.160788 8.42634 37.4708 -13 158 0 0 1
0.0745058 -0.0163559 640 0.00180212 -0.0178005 14.3345 39.1854 -13 159 0 0 1
-0.123786 0.0767045 640 -0.0362666 -0.0236824 7.47654 39.2211 -13 160 0 0 1
0.0851674 -0.139555 640 -0.0955399 -0.0519703 14.1052 23.4753 -13 161 0 0 1
0.014882 -0.0766706 640 -0.0707677 0.0223745 9.72431 38.9295 -13 162 0 0 1
0.17632 -0.219955 640 -0.0410541 -0.0118121 9.73336 26.6504 -13 163 0 0 1
-0.0300091 0.00334573 640 -0.044349 -0.00813344 14.219 36.5394 -13 164 0 0 1
-0.0515419 -0.0671032 640 -0.0412389 -0.012765 12.3368 43.4637 -13 165 0 0 1
-0.0855775 0.065887 640 0.0659579 0.103695 11.0086 49.6465 -13 166 0 0 1
-0.362026 0.122595 640 -0.0310223 0.0945297 9.82758 28.3223 -13 167 0 0 1
0.0574726 0.00302738 640 0.0100246 -0.0095562 11.421 21.227 -13 168 0 0 1
-0.0553744 -0.0178679 640 0.0095901 0.060075 13.0608 44.1843 -13 169 0 0 1
-0.0924454 -0.0712345 640 -0.0536223 -0.0211821 8.92915 44.6901 -13 170 0 0 1
0.0365741 0.12852 640 0.0170003 0.00435026 14.5079 38.0991 -13 171 0 0 1
0.0633825 -0.221624 640 0.0183911 -0.0953216 11.8511 34.2038 -13 172 0 0 1
0.0584595 0.0273383 640 -0.0204535 -0.0420748 13.0426 18.9919 -13 173 0 0 1
-0.000778899 -0.110999 640 0.00534383 0.0320161 9.73605 47.2822 -13 174 0 0 1
-0.0484724 -0.110302 640 -0.0280104 -0.0157863 10.6681 24.2353 -13 175 0 0 1
-0.00247842 -0.0143378 640 0.112197 0.135657 10.7773 35.7619 -13 176 0 0 1
0.510434 -0.692294 640 -0.0129675 -0.0317034 3.15596 71.3902 -13 177 0 0 1
-0.176384 -0.00209485 640 -0.155704 -0.0595838 5.52793 52.0277 -13 178 0 0 1
0.498399 -0.317009 640 -0.279766 -0.112576 5.46956 57.1393 -13 179 0 0 1
-0.764656 0.871865 640 0.261755 0.214793 7.11052 55.5292 -13 180 0 0 1
0.0092532 -0.166861 640 -0.0173421 -0.0676661 8.7697 52.6762 -13 181 0 0 1
0.0557224 0.0739885 640 0.0493061 0.0222014 9.25718 42.3614 -13 182 0 0 1
-0.0315831 0.0549109 640 0.049385 0.0535484 14.0249 22.0224 -13 183 0 0 1
-0.145497 -0.188053 640 -0.0125764 0.10144 12.262 23.6392 -13 184 0 0 1
-0.113457 -0.140601 640 -0.0358719 -0.00974959 11.5032 35.9975 -13 185 0 0 1
0.0318067 -0.11691 640 -0.049428 -0.0448431 11.8719 48.6722 -13 186 0 0 1
-0.0746762 -0.0482086 640 -0.0581425 0.0836251 4.66111 51.1605 -13 187 0 0 1
0.0188534 0.144419 640 0.0416726 0.00551501 8.59809 43.3583 -13 188 0 0 1
-0.240723 -0.154153 640 0.00112555 0.109618 5.79154 40.0334 -13 189 0 0 1
-0.0948825 -0.0538981 640 -0.0160713 0.0474025 8.40045 32.9794 -13 190 0 0 1
-0.181097 0.615041 640 0.203333 -0.219812 12.2335 24.9814 -13 191 0 0 1
-0.0987565 0.111273 640 -0.0133874 0.0680339 12.075 24.9442 -13 192 0 0 1
0.0385805 0.227284 640 0.0234716 0.0283764 10.327 29.3678 -13 194 0 0 1
0.0374708 -0.0691646 640 -0.0592357 -0.0111705 10.8523 43.2126 -13 195 0 0 1
0.0322003 0.25249 640 0.0772097 -0.0351663 11.686 49.1902 -13 196 0 0 1
0.00329748 -0.0233072 640 -0.0514227 -0.049649 12.2994 23.3809 -13 198 0 0 1
0.0222837 -0.0153082 640 0.00321244 -0.0199789 12.9255 32.3061 -13 199 0 0 1
-0.0180509 -0.022954 640 0.0214118 0.00151244 11.5966 41.7049 -13 201 0 0 1
0.0210009 -0.207437 640 -0.0849206 0.0229445 12.0085 40.2023 -13 202 0 0 1
0.0712636 0.0335264 640 0.0173175 -0.0410594 14.458 36.8673 -13 203 0 0 1
-0.0122397 0.0805832 640 -0.116499 0.000811707 5.4343 50.3328 -13 204 0 0 1
-0.044752 -0.00241586 640 -0.013292 -0.00392728 7.14289 43.0502 -13 205 0 0 1
-0.232058 0.128658 640 0.101594 0.0563586 9.23568 52.8797 -13 207 0 0 1
0.0180344 0.0285944 640 0.0153393 -0.0401932 13.7112 29.8861 -13 209 0 0 1
-0.817268 -0.872313 640 0.332099 0.760764 2.68368 93.4176 -13 210 0 0 1
0.0862072 0.238407 640 0.00729156 -0.146095 6.50148 49.8495 -13 211 0 0 1
0.113514 -0.771766 640 -0.243214 -0.0904452 13.9441 18.0592 -13 212 0 0 1
0.0419446 -0.246864 640 -0.0813934 0.019273 8.95586 54.5816 -13 213 0 0 1
0.0305782 -0.0750823 640 -0.00667446 0.0178853 9.78572 41.732 -13 214 0 0 1
0.0557386 0.0270042 640 -0.015895 0.0291079 3.92451 68.6015 -13 215 0 0 1
-0.0112006 -0.255417 640 -0.0917762 -0.0178807 9.88813 35.5103 -13 216 0 0 1
-0.0502015 -0.0240465 640 -0.0720921 -0.128922 9.44796 37.3836 -13 217 0 0 1
0.000725239 -0.238542 640 -0.0102853 -0.00207238 5.09323 58.6941 -13 218 0 0 1
-0.0490518 -0.0976808 640 0.00507773 0.0534405 9.74691 33.9138 -13 219 0 0 1
-0.0150336 -0.0192657 640 -0.0238696 0.0452902 13.3207 29.2136 -13 220 0 0 1
-0.0146092 -0.43626 640 0.110193 0.102725 3.38631 71.0672 -13 221 0 0 1
-0.0278412 -0.102763 640 -0.042219 -0.0216305 8.91595 32.7515 -13 222 0 0 1
-0.0821844 -0.158485 640 0.0177304 -0.00624937 8.63494 29.9591 -13 223 0 0 1
0.265692 -0.014159 640 -0.00910072 0.0723425 6.06674 66.1319 -13 224 0 0 1
-0.0494061 -0.0158033 640 -0.0162639 0.00805606 12.3372 39.6462 -13 225 0 0 1
-0.0368383 0.112205 640 0.0663768 0.0462174 10.0829 41.8398 -13 226 0 0 1
0.150972 0.160858 640 0.0509638 -0.0765479 12.6166 38.0849 -13 227 0 0 1
0.0216914 0.0774892 640 0.0431036 0.00423396 13.4997 30.4974 -13 228 0 0 1
-0.0124225 0.0471245 640 -0.00922438 0.0403248 13.4343 28.0673 -13 229 0 0 1
-0.0926965 0.0527807 640 -0.0525982 -0.116059 11.95 20.7994 -13 230 0 0 1
-0.0500164 0.0920756 640 0.0105708 0.078476 8.99539 51.6991 -13 231 0 0 1
-0.179868 7.93789e-05 640 0.0272434 0.0313442 6.25345 55.2179 -13 232 0 0 1
-0.351052 -0.245047 640 -0.110208 0.0488934 10.9595 48.9735 -13 233 0 0 1
-0.0714819 0.0410484 640 0.0165005 0.0404759 12.485 21.5446 -13 234 0 0 1
0.143689 0.144672 640 -0.0636101 0.0729572 6.28819 59.466 -13 235 0 0 1
-0.249458 0.144395 640 0.00364979 0.0827562 4.41721 69.9794 -13 236 0 0 1
0.107538 0.00782717 640 0.0088155 -0.0690455 8.35537 42.4683 -13 237 0 0 1
-0.134627 -0.0790308 640 0.0224007 0.0895767 9.42222 29.308 -13 238 0 0 1
-0.0858706 0.00883368 640 -0.0293089 0.0254807 12.7732 29.8413 -13 239 0 0 1
-0.0606045 0.0208218 640 0.0220906 0.0293966 12.7515 23.5419 -13 240 0 0 1
-0.186511 0.174252 640 0.062481 0.0564339 12.7873 20.3032 -13 241 0 0 1
0.259057 0.0590514 640 0.0926448 -0.0820551 10.92 37.455 -13 242 0 0 1
-0.141301 0.0230491 640 0.0291077 0.058079 13.7934 44.6802 -13 243 0 0 1
0.116185 0.283437 640 0.0362476 -0.015021 8.64217 49.9933 -13 244 0 0 1
0.0476163 -0.0694448 640 -0.0688912 0.00335634 12.9082 30.3162 -13 245 0 0 1
0.090091 -0.0561521 640 -0.0574622 0.0095208 8.07002 37.2709 -13 246 0 0 1
-0.055729 0.054014 640 0.00771832 -0.0108704 11.6273 30.3265 -13 247 0 0 1
0.0281455 0.0224208 640 0.0105985 -0.0411201 11.8202 47.0027 -13 248 0 0 1
0.0141761 0.0175824 640 0.0012376 0.00608782 12.3358 29.5172 -13 249 0 0 1
0.291875 -0.207187 640 -0.0691461 -0.111529 10.2824 41.7071 -13 250 0 0 1
-0.0446778 -0.254459 640 -0.0589455 0.0233301 8.28792 53.7334 -13 251 0 0 1
0.0413105 0.0176015 640 0.00262476 0.0269931 12.9702 25.4501 -13 252 0 0 1
0.0777912 -0.425212 640 -0.111073 0.0667345 11.9042 40.6182 -13 253 0 0 1
0.224738 -0.130093 640 0.0369626 -0.00133011 8.30703 32.1317 -13 254 0 0 1
-0.0774861 -0.0121382 640 -0.00649168 0.00159207 12.0514 26.8151 -13 255 0 0 1
-0.243935 0.0162549 640 -0.0733272 0.11973 12.2369 19.6556 -13 256 0 0 1
0.0878216 0.0596104 640 -0.020228 0.024078 11.2797 31.6236 -13 257 0 0 1
-0.0841539 -0.0207006 640 -0.0710384 0.0602696 11.723 36.4463 -13 258 0 0 1
0.0756548 0.138983 640 0.0362802 0.00947164 14.4524 21.4943 -13 259 0 0 1
-0.122786 0.0445358 640 0.00208151 0.0139186 14.216 40.0809 -13 260 0 0 1
0.0343353 0.101374 640 0.0499952 0.0382673 13.8391 31.8201 -13 261 0 0 1
-0.254499 0.0828766 640 0.0685784 0.0908104 12.9534 37.146 -13 262 0 0 1
-0.0664019 -0.0771632 640 -0.0131836 0.0290493 10.5264 29.4683 -13 263 0 0 1
0.969479 0.154705 640 -0.0107428 -0.0554004 3.24157 86.3965 -13 264 0 0 1
-0.0554878 -0.0525536 640 -0.00535214 0.00926397 12.805 41.7894 -13 265 0 0 1
0.132366 0.105028 640 -0.0403877 0.00745734 11.3186 44.9056 -13 266 0 0 1
0.0528849 -0.0439636 640 -0.0357271 -0.00394944 14.0545 39.0177 -13 267 0 0 1
-0.039061 -0.198656 640 -0.032616 -0.0558915 12.2517 24.4764 -13 268 0 0 1
0.123635 0.153005 640 -0.0538587 -0.0442925 11.9005 31.285 -13 269 0 0 1
0.503869 -0.183511 640 -0.163105 -0.12974 2.98837 95.1865 -13 270 0 0 1
-0.15572 0.0390753 640 0.088112 0.0313898 7.24986 58.781 -13 271 0 0 1
-0.0285022 -0.0247575 640 -0.00412442 0.0293197 14.4569 26.0093 -13 272 0 0 1
0.116423 0.00332769 640 0.0408755 -0.0185015 8.03539 38.7044 -13 273 0 0 1
-0.0410994 0.149096 640 0.0834043 0.0892861 12.6059 45.3836 -13 274 0 0 1
0.110848 0.0194657 640 -0.0401313 -0.0647787 8.70966 45.8079 -13 275 0 0 1
0.0828352 -0.139661 640 -0.02139 -0.018751 11.5253 25.7792 -13 276 0 0 1
-0.235268 -0.026899 640 0.0054728 0.085311 9.61171 48.9724 -13 277 0 0 1
0.0034799 -0.0724273 640 -0.0203593 -0.0127607 13.7533 29.6251 -13 278 0 0 1
0.0459704 0.0914698 640 0.0396325 0.00311911 13.3451 38.0062 -13 279 0 0 1
0.347249 -0.199269 640 -0.193629 -0.11779 6.28362 42.5093 -13 280 0 0 1
0.0384335 -0.0699219 640 0.056797 -0.0170611 8.12795 48.1062 -13 281 0 0 1
0.0396943 -0.0288379 640 0.0201566 0.0170884 9.50646 47.4729 -13 282 0 0 1
0.001671 0.0314282 640 0.0263044 0.0183538 10.6929 28.7935 -13 283 0 0 1
0.103085 -0.204065 640 -0.0880346 -0.0383761 7.18556 45.2753 -13 284 0 0 1
-0.453291 -0.467394 640 -0.0747052 0.091327 2.76146 98.7897 -13 285 0 0 1
0.0452827 0.0665594 640 0.0319185 0.0713988 6.72439 59.6893 -13 286 0 0 1
-0.117831 0.269926 640 0.00514252 0.0590398 10.8633 49.3969 -13 287 0 0 1
-0.0813749 -0.0162632 640 0.00971833 0.0444484 11.953 44.8261 -13 288 0 0 1
-0.00059335 0.0272739 640 0.00585372 0.0498684 9.44975 41.8872 -13 289 0 0 1
-0.0676203 0.0852447 640 0.0783345 0.0199993 9.03936 34.0044 -13 290 0 0 1
0.294229 -0.181911 640 -0.00585804 -0.00250425 6.85645 51.7608 -13 291 0 0 1
0.0776211 -0.0694465 640 -0.0339796 -0.0125148 13.2663 20.7576 -13 292 0 0 1
-0.00741857 0.116198 640 0.0427 -0.00125783 7.37394 59.9913 -13 293 0 0 1
0.0201529 0.0965729 640 0.0332755 -0.00151234 13.8185 46.3581 -13 294 0 0 1
-0.379268 -0.113021 640 -0.11006 0.168414 7.20402 54.5625 -13 295 0 0 1
0.291366 0.0500522 640 0.0147793 0.0436928 5.9854 52.9192 -13 296 0 0 1
-0.0356262 -0.143399 640 -0.0691866 -0.0980022 11.9726 24.109 -13 297 0 0 1
0.0265847 0.0801592 640 0.0245421 -0.0229042 12.1776 31.7695 -13 299 0 0 1
0.00537811 0.201447 640 0.104721 0.155995 2.93184 94.7174 -13 300 0 0 1
0.0536449 -0.287588 640 -0.0392673 0.00111634 8.20459 54.3673 -13 301 0 0 1
0.0575311 0.299588 640 0.16771 -0.106145 7.50042 46.3275 -13 302 0 0 1
0.020486 -0.129951 640 -0.085064 0.0182984 11.6562 32.8764 -13 303 0 0 1
0.243284 -0.0240224 640 0.0719574 -0.0665414 7.634 46.929 -13 304 0 0 1
0.00116047 0.00893075 640 0.00846969 -0.0137145 11.0819 31.0153 -13 305 0 0 1
-0.0101593 -0.0713268 640 -0.0504045 0.00713802 9.70258 39.1608 -13 306 0 0 1
0.55631 0.00754863 640 0.222012 -0.246508 4.24324 62.2134 -13 307 0 0 1
0.154225 0.00999405 640 -0.0196759 -0.0304587 12.3834 25.2809 -13 308 0 0 1
-0.155445 0.320119 640 0.138179 -0.021926 9.5353 44.2548 -13 309 0 0 1
0.077173 -0.200576 640 -0.111446 -0.0547507 5.62205 49.42 -13 310 0 0 1
-0.0146089 0.0576195 640 0.0555657 -0.0335102 13.9763 33.8229 -13 311 0 0 1
0.0290199 0.0339626 640 0.00901032 0.00024384 12.1545 26.0987 -13 312 0 0 1
0.0427939 0.135933 640 0.0323263 -0.0241114 13.042 19.6966 -13 313 0 0 1
0.0395673 0.0555465 640 0.0304902 0.0182947 13.8074 18.5087 -13 314 0 0 1
0.00577582 -0.0636847 640 -0.0158793 -0.0386967 11.6202 23.7914 -13 315 0 0 1
-0.23272 0.0444186 640 -0.0417212 0.0425627 9.07091 31.8686 -13 316 0 0 1
-0.294872 0.332506 640 -0.00231315 0.0341169 1.86232 93.8747 -13 317 0 0 1
0.0364462 -0.145322 640 0.0605364 -0.14677 6.07096 43.0046 -13 318 0 0 1
-0.0303952 -0.0754708 640 0.0359518 -0.0209356 13.8089 22.6687 -13 320 0 0 1
0.0816441 -0.196402 640 -0.0504766 0.00218989 9.98756 28.7109 -13 321 0 0 1
0.0442585 0.0377087 640 -0.0234773 0.0201752 12.7423 24.0056 -13 322 0 0 1
0.0554747 -0.29154 640 -0.0431442 0.00741525 6.03785 44.7228 -13 323 0 0 1
0.0176178 -0.1249 640 0.0445464 0.0495952 11.436 47.0683 -13 325 0 0 1
-0.0405285 -0.0201276 640 -0.0170767 0.0120595 10.7034 41.981 -13 326 0 0 1
-0.000442277 0.0386679 640 0.0279896 -0.0267467 12.4468 31.7516 -13 327 0 0 1
0.258802 -0.208482 640 0.058511 -0.209255 4.04432 74.0337 -13 328 0 0 1
-0.144341 -0.0681138 640 0.051981 0.0454297 11.9761 41.6133 -13 329 0 0 1
-0.460187 0.470159 640 0.153314 0.131077 8.91917 33.9053 -13 330 0 0 1
0.214415 -0.0878483 640 -0.0330521 -0.0749908 5.51449 41.7024 -13 331 0 0 1
0.973155 -0.359463 640 -0.310847 -0.157819 4.74687 52.1027 -13 332 0 0 1
0.0643985 0.0963779 640 -0.00993668 -0.0447926 9.83645 34.6994 -13 333 0 0 1
0.0713043 -0.176639 640 -0.0589905 -0.0516981 12.8525 20.7382 -13 334 0 0 1
0.0537764 0.13613 640 0.00109701 0.0529706 14.248 37.544 -13 335 0 0 1
0.115659 -0.301934 640 0.0339729 0.0277287 5.66434 53.6509 -13 336 0 0 1
0.117439 0.0404511 640 0.00388673 -0.0468779 13.7327 35.3801 -13 337 0 0 1
0.0263843 -0.139983 640 -0.0220411 -0.00733438 9.64471 48.4579 -13 338 0 0 1
-0.202205 -0.0630677 640 -0.0719801 0.125557 9.31537 53.4319 -13 339 0 0 1
-0.0436867 -0.120367 640 -0.0272419 -0.000717487 12.4555 46.2399 -13 341 0 0 1
0.0599939 0.0898053 640 0.0537514 0.0141721 13.2397 23.9783 -13 344 0 0 1
-0.256749 -0.268281 640 0.103061 0.135039 9.6361 24.5848 -13 345 0 0 1
0.0976502 -0.106035 640 -0.0157987 -0.0398341 13.4519 32.4726 -13 346 0 0 1
-0.11652 -0.0908639 640 -0.0422546 0.010561 12.1074 33.8332 -13 347 0 0 1
-0.0983043 -0.0611876 640 -0.044866 0.0524901 13.7831 43.308 -13 348 0 0 1
-0.276735 -0.0799861 640 -0.00507494 0.18082 7.08 46.4117 -13 349 0 0 1
-0.129735 0.0277739 640 0.0654536 -0.0257024 7.73408 52.7896 -13 350 0 0 1
4.29133 1.11724 640 0.552986 -0.917508 4.20427 59.1339 -13 351 0 0 1
-0.500838 -0.249156 640 0.0757916 0.146054 4.10747 64.8536 -13 352 0 0 1
-0.117447 0.00237395 640 0.0400379 0.102425 10.8458 48.6168 -13 354 0 0 1
-0.821188 -0.269292 640 -0.0410181 -0.195121 2.89004 87.2671 -13 355 0 0 1
0.119166 -0.068802 640 0.0868591 -0.0453368 9.76522 51.4645 -13 356 0 0 1
-0.0877604 0.314732 640 0.0121111 0.00425303 10.626 49.0466 -13 357 0 0 1
0.0369178 0.168871 640 0.0522506 0.045149 10.9 38.7214 -13 358 0 0 1
0.031287 -0.0677762 640 -0.0160048 0.00572098 11.7915 25.9104 -13 359 0 0 1
-0.0144605 -0.0474197 640 -0.0306338 0.0087496 13.506 38.8349 -13 360 0 0 1
-0.0812141 -0.436444 640 -0.0171171 0.0436216 3.62869 64.0859 -13 361 0 0 1
0.0204803 0.0662856 640 0.0467455 -0.00287789 8.74447 27.2355 -13 362 0 0 1
-0.103597 -0.218224 640 -0.0437572 0.0600446 12.1637 47.51 -13 363 0 0 1
0.0630739 -0.00490897 640 0.00595552 -0.0306102 14.4487 20.9674 -13 364 0 0 1
0.0463353 -0.0150302 640 -0.0146198 0.0124305 11.8448 24.3816 -13 365 0 0 1
-0.0698735 -0.149414 640 -0.0644979 0.0247252 7.8804 30.0481 -13 366 0 0 1
-0.00652987 -0.0455955 640 -0.0672401 -0.0566475 11.7104 44.4284 -13 367 0 0 1
-0.0709204 -0.356809 640 -0.104632 0.0448893 5.96076 57.0658 -13 368 0 0 1
-0.0203545 -0.0885415 640 -0.0495129 -0.0204312 6.44253 39.1579 -13 370 0 0 1
-0.0292836 0.511022 640 0.211456 -0.0423634 14.52 33.8421 -13 371 0 0 1
0.329522 3.13401 640 0.167977 -0.140802 0.572296 155.883 -13 372 0 0 1
0.101255 -0.170155 640 -0.00302849 -0.108313 14.197 25.608 -13 373 0 0 1
-0.43548 0.551425 640 0.208096 0.0487624 4.92715 51.3056 -13 374 0 0 1
0.0513134 0.014384 640 -0.0166672 -0.00822 13.3695 39.4035 -13 375 0 0 1
0.678717 0.707775 640 0.304953 0.154142 6.59179 47.3389 -13 376 0 0 1
-0.0116203 -0.0243775 640 0.0355898 -0.0301273 10.5084 32.103 -13 377 0 0 1
-0.383474 -0.234168 640 -0.0470425 0.00462175 7.40209 33.976 -13 379 0 0 1
0.0702751 0.0353968 640 -0.0250802 -0.101693 10.7091 26.9143 -13 380 0 0 1
-0.0129054 0.173527 640 0.0104177 -0.028689 7.78825 41.9896 -13 381 0 0 1
-0.0165423 0.0457063 640 0.0477086 0.0370737 13.398 29.9799 -13 382 0 0 1
0.248299 -0.104746 640 -0.0103003 -0.122896 14.1007 31.0794 -13 384 0 0 1
-0.132416 0.0247913 640 -0.00480249 0.0299366 14.4591 25.3953 -13 386 0 0 1
0.00337045 -0.0180569 640 0.0185529 -0.0196341 14.4292 34.0705 -13 387 0 0 1
0.167123 0.0336342 640 -0.0624726 -0.0118936 9.34585 48.3362 -13 388 0 0 1
0.131408 0.0366142 640 -0.0484206 -0.051222 13.4397 35.9697 -13 389 0 0 1
0.0722643 0.07593 640 -0.0165394 -0.14502 10.3143 31.6971 -13 390 0 0 1
-0.208238 0.027753 640 0.0340128 0.078986 8.67282 54.7373 -13 391 0 0 1
-0.0131828 -0.116349 640 0.000227691 -0.00817939 8.12542 55.5536 -13 392 0 0 1
-0.126372 0.175988 640 0.0616168 -0.157907 3.89169 59.5893 -13 393 0 0 1
0.935626 1.36864 640 -0.318818 -0.595976 3.66327 66.77 -13 394 0 0 1
-0.108153 -0.161215 640 0.0935894 0.127943 14.1017 25.55 -13 395 0 0 1
0.0468141 -0.122134 640 -0.0378173 -0.0031141 7.06581 48.4853 -13 396 0 0 1
0.0270743 -0.143756 640 -0.0364133 0.00240491 14.4977 23.6077 -13 397 0 0 1
0.0478836 0.0883788 640 0.0140208 -0.00862995 13.3049 24.9409 -13 398 0 0 1
0.0751531 0.00442147 640 0.00839617 -0.0369633 12.6143 21.9266 -13 399 0 0 1
-0.000996198 0.108865 640 0.0554833 -0.0477156 11.6514 31.4144 -13 400 0 0 1
-0.0292502 0.0803069 640 -0.0175594 -0.0268842 11.1755 34.0587 -13 401 0 0 1
0.319411 0.294419 640 0.00412876 -0.0937617 7.30235 32.9566 -13 402 0 0 1
-0.0414884 0.361413 640 0.0813653 0.0485973 5.69562 59.7221 -13 403 0 0 1
0.0901626 0.0116451 640 -0.0230585 -0.0272727 14.3922 24.7423 -13 404 0 0 1
-0.0247627 -0.551598 640 -0.200542 0.0357294 12.7765 35.409 -13 405 0 0 1
0.0886023 -0.219352 640 -0.0649928 -0.0229823 7.1105 47.3476 -13 406 0 0 1
0.253005 0.164874 640 -0.0911145 0.00660165 4.7002 71.3005 -13 407 0 0 1
-0.136273 0.192304 640 0.0430312 -0.00698104 10.8593 42.8477 -13 408 0 0 1
0.242388 -0.279449 640 -0.0611514 -0.0903708 12.2009 22.6518 -13 409 0 0 1
-0.0934704 -0.269438 640 -0.00267223 0.0621337 7.1842 42.0521 -13 410 0 0 1
0.130762 -0.0406671 640 0.0922547 -0.0184167 6.82528 38.6164 -13 411 0 0 1
0.0477866 0.0647598 640 -0.0498887 -0.0523474 7.23512 36.2265 -13 412 0 0 1
0.298242 0.0223177 640 -0.0112224 -0.114665 5.58628 40.9831 -13 413 0 0 1
-0.124902 -0.10557 640 -0.0220521 0.00668165 9.82009 30.159 -13 414 0 0 1
-0.0621334 -0.193825 640 -0.0968054 0.032619 8.24546 34.9514 -13 415 0 0 1
-0.237801 -0.00502708 640 -0.0176557 0.024203 12.6214 32.339 -13 416 0 0 1
0.243516 0.645832 640 0.209926 -0.147266 6.44105 41.0835 -13 417 0 0 1
0.0700501 0.114445 640 0.119424 -0.0645716 9.95218 49.5776 -13 418 0 0 1
-0.0444525 0.168302 640 0.107308 0.149068 7.66697 43.7802 -13 419 0 0 1
-0.0859 0.0147801 640 -0.0044736 0.0734417 12.4757 28.6531 -13 420 0 0 1
-0.102154 0.0975042 640 0.0217138 0.0260021 13.2059 22.5214 -13 421 0 0 1
0.0912713 0.485439 640 0.213398 -0.0622524 7.02911 36.403 -13 422 0 0 1
0.277089 -0.182842 640 0.066442 -0.0584435 9.32205 34.7241 -13 424 0 0 1
-0.36204 -0.315791 640 -0.188958 0.0866672 5.05944 73.2771 -13 425 0 0 1
0.00702452 0.179799 640 0.0566234 -0.0188353 4.9561 69.0999 -13 426 0 0 1
0.00268981 0.0304698 640 -0.00904386 0.0230874 10.8065 47.2175 -13 427 0 0 1
-0.229628 -0.224196 640 -0.0629381 0.0279757 6.99595 40.8792 -13 428 0 0 1
0.0211606 0.225731 640 -0.103449 -0.0861017 7.77588 42.5353 -13 429 0 0 1
-0.138603 -0.144157 640 -0.0252013 0.0342956 9.9384 33.6229 -13 430 0 0 1
-0.0980534 -0.0297322 640 -0.0446581 -0.0278645 10.8345 31.357 -13 431 0 0 1
0.155421 -0.082457 640 0.000431459 -0.0577589 9.94395 41.3837 -13 432 0 0 1
-0.0909468 0.00330082 640 0.0306249 0.0330032 11.0298 46.2335 -13 433 0 0 1
0.0439895 0.00763721 640 -0.00789072 -0.0280832 13.6998 28.3913 -13 434 0 0 1
-0.113133 -0.174316 640 -0.0690309 -0.0605227 11.3782 35.3456 -13 435 0 0 1
-0.160532 -0.201766 640 -0.0458554 -0.0128836 11.2136 27.4314 -13 436 0 0 1
0.0524017 0.0140568 640 -0.00577303 0.00378725 10.6984 32.9679 -13 437 0 0 1
-0.122673 -0.0865442 640 -0.00909082 0.0546043 11.1243 37.2594 -13 438 0 0 1
0.0217569 -0.022733 640 0.0313036 -0.0708046 11.9468 48.0069 -13 439 0 0 1
-0.14457 -0.0458988 640 0.0145752 0.0873336 8.85163 47.0188 -13 440 0 0 1
-0.143382 0.17602 640 0.0536153 -0.0125522 11.3893 34.5206 -13 441 0 0 1
-0.154231 -0.117043 640 0.0836165 0.060742 3.802 57.9844 -13 442 0 0 1
0.0887318 -0.134665 640 0.0413331 -0.0889597 7.56401 55.8935 -13 443 0 0 1
0.267288 -0.0481966 640 -0.0452663 -0.0572191 11.3826 31.1925 -13 444 0 0 1
0.284498 -0.247054 640 -0.0737633 -0.0994027 7.95679 54.531 -13 445 0 0 1
-0.0986122 0.0145056 640 0.00523442 0.0412223 13.3959 44.1649 -13 446 0 0 1
0.078505 -0.0709233 640 -0.0173738 -0.0106609 11.5771 32.1563 -13 447 0 0 1
0.0861581 0.125616 640 0.110648 0.0246127 9.80252 27.1846 -13 448 0 0 1
0.174211 -0.137609 640 -0.0682252 -0.0330202 8.15657 32.8576 -13 449 0 0 1
0.114413 -0.13334 640 -0.0175832 0.00403468 12.3412 48.1062 -13 450 0 0 1
0.0166452 0.201312 640 0.00684894 -0.0148774 7.83959 49.8117 -13 451 0 0 1
-0.135808 0.0117616 640 4.67117e-05 0.127281 11.8563 46.0986 -13 452 0 0 1
-0.00582448 0.00408457 640 0.0309354 0.0200436 12.9748 45.8253 -13 453 0 0 1
-0.0503543 0.0133451 640 0.0211476 0.0162885 9.54443 33.4785 -13 454 0 0 1
0.132759 -0.108885 640 -0.036536 -0.0256235 13.9934 20.5829 -13 456 0 0 1
-0.0753329 -0.239568 640 -0.092317 -0.0149538 9.44318 26.1148 -13 457 0 0 1
-0.185232 -0.0252185 640 -0.0883345 0.0171439 11.5935 46.7573 -13 458 0 0 1
0.113157 -0.11697 640 -0.0283043 -0.0232076 7.97608 37.5624 -13 459 0 0 1
0.117591 0.0480185 640 0.0303236 -0.0297854 10.5704 25.0421 -13 460 0 0 1
-0.105856 -0.0260957 640 -0.0150015 0.0129681 13.4481 43.3527 -13 461 0 0 1
-0.0465126 0.00200645 640 0.0142511 0.0830013 13.676 43.269 -13 462 0 0 1
0.0322582 -0.0148715 640 0.00121636 0.0214969 7.6797 42.126 -13 463 0 0 1
0.700885 -0.187977 640 -0.168405 -0.30879 3.65889 85.1003 -13 464 0 0 1
0.194433 0.0873752 640 0.0742849 -0.0681583 9.88277 29.0292 -13 465 0 0 1
-0.21715 0.114417 640 -0.0167574 0.0324914 7.37688 32.813 -13 466 0 0 1
-0.101279 0.0145733 640 0.0646868 0.0116506 14.0411 19.9346 -13 467 0 0 1
-0.0498512 -0.00814734 640 -0.0179968 0.0484961 8.80172 36.6914 -13 468 0 0 1
0.21404 -0.0512382 640 0.0893621 -0.00850416 4.78319 63.7603 -13 469 0 0 1
0.173406 0.162018 640 0.164879 -0.0497548 6.36726 38.2858 -13 470 0 0 1
0.0738683 0.0521256 640 0.000890715 0.0101478 9.95241 43.5234 -13 472 0 0 1
0.145149 -0.614742 640 -0.188783 -0.10708 5.34741 43.9992 -13 473 0 0 1
-0.243817 0.27876 640 0.174851 0.0101977 8.23296 43.2595 -13 474 0 0 1
0.0448046 0.0580459 640 0.0381798 -0.022719 11.7902 30.1116 -13 475 0 0 1
0.167778 -0.0255587 640 -0.0197296 -0.103951 7.83311 30.4496 -13 476 0 0 1
0.121776 0.0378425 640 -0.017067 -0.0298512 9.48433 40.561 -13 477 0 0 1
0.0180529 0.0501753 640 0.120803 -0.0156594 9.74625 26.7481 -13 478 0 0 1
-0.235776 0.129537 640 -0.0209904 -0.101268 5.3352 45.0771 -13 479 0 0 1
0.203291 -0.128917 640 -0.0272333 -0.0760999 10.7007 38.8775 -13 480 0 0 1
-0.28782 0.187719 640 0.152156 0.0584957 8.96835 40.2017 -13 481 0 0 1
0.0320951 0.0681469 640 0.0668624 0.0390045 6.50852 64.1128 -13 482 0 0 1
-0.023708 -0.00597867 640 -0.00169513 0.00847013 14.0418 45.8496 -13 483 0 0 1
0.0639478 0.116848 640 0.0891145 0.0240066 7.44999 44.8831 -13 484 0 0 1
0.0474959 0.0341092 640 0.0642016 -0.0229193 11.3385 24.154 -13 485 0 0 1
-0.357065 0.0827019 640 0.0634723 0.0642244 7.31477 39.1785 -13 486 0 0 1
-0.0688049 0.0593774 640 0.0205912 0.0513861 13.0169 36.1489 -13 487 0 0 1
0.565634 0.174206 640 0.155218 -0.259452 5.32108 63.0354 -13 488 0 0 1
-0.054687 0.149841 640 0.0578864 -0.00306285 13.8873 21.7156 -13 489 0 0 1
-0.799525 -0.281817 640 -0.0909357 -0.0453425 3.64958 62.0604 -13 490 0 0 1
0.162916 0.0239632 640 0.0195377 -0.0896681 7.51063 55.244 -13 491 0 0 1
0.00785124 0.0243781 640 0.00658744 -0.0330396 13.933 21.0637 -13 492 0 0 1
-0.0683205 -0.00793013 640 -0.00517213 -0.0220924 12.4283 43.6379 -13 493 0 0 1
-0.0230125 0.0505468 640 0.0431592 -0.0374912 12.9604 41.6118 -13 494 0 0 1
0.0785896 -0.004713 640 -0.0547448 -0.0379387 14.4486 17.6719 -13 495 0 0 1
-0.104142 -0.3265 640 -0.105255 0.0563402 10.7217 28.7626 -13 496 0 0 1
-0.0437725 0.0391659 640 -0.0221313 -0.0438501 14.0531 17.7874 -13 497 0 0 1
0.0104965 0.0648408 640 0.0171265 0.0317747 13.5471 33.6907 -13 498 0 0 1
0.0751354 -0.196381 640 -0.043185 -0.100343 11.9471 35.2735 -13 499 0 0 1
-0.036967 0.0857968 640 -0.0301964 0.0730931 12.6553 31.8 -13 500 0 0 1
-0.092272 0.0384053 640 -0.00084488 0.0539707 10.8774 31.6185 -13 501 0 0 1
-0.122312 -0.0351228 640 0.0120075 0.0131575 14.432 21.5195 -13 502 0 0 1
0.0821588 -0.13506 640 0.00580759 -0.0160392 10.2308 28.5182 -13 503 0 0 1
-0.106492 0.0614083 640 0.0103753 0.0299479 11.174 37.7792 -13 504 0 0 1
-1.65187 0.635496 640 0.46658 -0.14479 3.28948 79.3673 -13 505 0 0 1
-0.19359 -0.249981 640 -0.0360577 0.0497113 8.66433 34.6219 -13 506 0 0 1
0.0119177 0.02708 640 0.0466453 0.0216892 12.4584 30.6108 -13 507 0 0 1
-0.0624792 -0.0400114 640 -0.0139612 0.0319412 11.4273 45.9374 -13 508 0 0 1
0.12412 0.140751 640 0.0456851 -0.0174699 8.17592 48.6814 -13 509 0 0 1
-0.485079 -0.387555 640 -0.10828 0.191027 10.5335 32.0095 -13 510 0 0 1
0.0715055 0.00787238 640 -0.0148823 -0.0229917 10.4376 25.3901 -13 511 0 0 1
-0.0288163 0.0726011 640 0.0189352 -0.0201126 12.8869 36.107 -13 512 0 0 1
0.00673385 0.163593 640 0.0317846 0.0158919 13.3284 18.3296 -13 513 0 0 1
-0.0137196 -0.431587 640 -0.146454 -0.0148332 7.93772 34.6291 -13 514 0 0 1
0.121603 -0.0207364 640 -0.0442014 -0.0390543 10.2209 46.4608 -13 515 0 0 1
0.04804 -0.0412058 640 -0.0469283 -0.0670462 3.79023 66.0889 -13 516 0 0 1
-0.0823034 0.207703 640 0.0215036 0.121083 8.17705 31.1639 -13 517 0 0 1
0.192986 -1.25468 640 -0.360364 0.0162773 12.3626 24.0169 -13 518 0 0 1
0.00484046 -0.0793572 640 0.0819228 0.0519815 11.649 38.7672 -13 519 0 0 1
0.0531345 0.0488466 640 0.019035 -0.0496133 11.6274 37.223 -13 520 0 0 1
-0.0296159 -0.112706 640 -0.0288371 0.0123041 12.9461 29.5761 -13 522 0 0 1
-0.025887 -0.0642272 640 -0.0242042 0.00223399 13.5797 33.2985 -13 523 0 0 1
0.706636 0.647107 640 0.305076 -0.153017 3.6265 83.7244 -13 524 0 0 1
0.0587242 0.0130967 640 -0.0269242 0.0621591 9.70527 31.0522 -13 525 0 0 1
-0.13942 -0.131549 640 0.0152341 0.0482831 11.6963 39.6596 -13 526 0 0 1
-0.380765 -0.261219 640 -0.210688 0.000695475 2.80936 98.5322 -13 527 0 0 1
0.039089 0.0317028 640 0.0536137 -0.0535451 12.4316 34.7936 -13 528 0 0 1
0.0594395 0.145789 640 0.039826 -0.0254623 11.2716 43.5356 -13 529 0 0 1
-0.151209 -0.0907099 640 -0.00291205 0.0435015 8.29441 50.3814 -13 530 0 0 1
0.144055 -0.00798516 640 -0.0280725 -0.0759574 12.9516 31.7813 -13 531 0 0 1
0.513817 0.585629 640 0.066208 -0.296794 13.7282 46.1087 -13 532 0 0 1
-0.0511958 0.444689 640 0.194943 -0.124929 9.0508 48.5299 -13 533 0 0 1
-0.252215 0.0229241 640 -0.00362752 0.092455 9.14621 48.601 -13 534 0 0 1
-0.107627 0.0431168 640 0.0128991 0.00931316 9.84247 26.2506 -13 535 0 0 1
-0.0638942 -0.00850572 640 -0.0242696 0.0551485 13.035 27.1167 -13 536 0 0 1
1.67967 0.411879 640 0.105734 -0.48419 4.25395 65.2249 -13 537 0 0 1
-0.0330426 0.0341574 640 -0.00438713 0.0357282 14.4695 34.4591 -13 538 0 0 1
-0.013762 -0.180014 640 -0.124013 0.00979446 11.2757 26.3681 -13 539 0 0 1
-0.00152871 -0.0175648 640 -0.0253712 -0.02074 11.2371 46.246 -13 540 0 0 1
0.161001 0.0255299 640 0.0188243 -0.0366488 7.3072 52.9845 -13 541 0 0 1
-0.36025 0.21492 640 0.0981409 0.0663704 12.7876 22.0233 -13 542 0 0 1
-0.177984 0.0469296 640 -0.0278416 0.150244 8.49711 39.7363 -13 543 0 0 1
0.102915 -0.131988 640 0.0480814 0.00241274 13.7293 44.9637 -13 544 0 0 1
0.380213 -0.33861 640 -0.0649756 -0.235793 4.7928 72.1089 -13 545 0 0 1
0.23841 -0.11208 640 -0.0379742 -0.074448 6.63742 54.0352 -13 546 0 0 1
-0.0416434 0.082917 640 0.0128993 0.00689061 10.6598 41.3094 -13 547 0 0 1
-0.124699 -0.0139822 640 -0.00427427 -0.00513462 9.8492 42.5823 -13 548 0 0 1
0.130847 0.0622647 640 0.0104775 0.00350627 9.61631 49.6653 -13 549 0 0 1
-0.0118719 -0.108449 640 -0.140258 -0.0333441 8.58147 43.361 -13 550 0 0 1
-0.0610293 0.231515 640 0.0648041 0.0115792 10.5788 27.6715 -13 551 0 0 1
-0.0605937 0.128511 640 0.0645297 0.0161546 11.3156 30.619 -13 552 0 0 1
-0.29283 0.110219 640 0.10356 0.145959 7.8963 40.8085 -13 553 0 0 1
-0.582837 -0.00751103 640 0.119219 0.143024 4.76639 47.2214 -13 554 0 0 1
0.0376672 -0.253071 640 -0.0814552 0.0580537 7.94373 56.2568 -13 555 0 0 1
-0.142849 -0.233497 640 -0.054483 0.0954979 5.96109 58.1266 -13 556 0 0 1
0.0498161 -0.00171276 640 -0.0310595 -0.0414732 13.5597 23.6966 -13 557 0 0 1
-0.042419 0.193523 640 0.0478109 -0.0177595 10.9301 49.4375 -13 559 0 0 1
-0.0511213 0.0898396 640 0.0331431 0.00943795 13.5994 17.9448 -13 560 0 0 1
0.0566134 0.260799 640 0.0313801 0.0644043 5.14204 70.1691 -13 561 0 0 1
-0.129724 0.011162 640 0.0536406 0.040192 11.0416 24.64 -13 562 0 0 1
0.0463066 -0.1023 640 0.00620768 -0.0500468 12.1043 34.5492 -13 563 0 0 1
0.212167 -0.0268328 640 0.0686856 -0.0433406 10.5554 50.1008 -13 564 0 0 1
-0.00513305 0.129752 640 0.035461 -0.002399 14.221 21.843 -13 565 0 0 1
0.227506 0.0276385 640 0.0297573 -0.0601897 9.41325 36.3167 -13 566 0 0 1
0.0182481 0.0610593 640 0.0343683 0.0315388 10.5642 33.4824 -13 567 0 0 1
-0.149266 -0.439457 640 -0.194509 -0.350144 11.8487 45.6179 -13 568 0 0 1
0.166953 0.0635495 640 0.0804557 -0.0612624 13.5432 28.428 -13 569 0 0 1
-0.117041 -0.101097 640 -0.0828873 0.00754386 11.0903 46.6337 -13 570 0 0 1
0.0432853 0.140126 640 0.0611202 0.00768382 12.6346 31.8684 -13 571 0 0 1
0.0502373 0.0267236 640 -0.021011 0.0377245 9.83094 35.7092 -13 572 0 0 1
-0.218616 0.0277505 640 0.00453648 0.0701735 6.54831 47.5023 -13 573 0 0 1
-0.0658059 -0.0358962 640 -0.0226172 -0.0331601 13.7364 25.7179 -13 574 0 0 1
0.075182 0.14703 640 -0.0489995 -0.011152 7.02078 50.9917 -13 575 0 0 1
-0.11825 -0.0270431 640 -0.037041 0.0760228 10.5988 40.8707 -13 576 0 0 1
0.100604 0.0332901 640 0.0192314 -0.0227315 13.3894 20.0651 -13 577 0 0 1
0.119339 -0.52382 640 -0.102645 0.182336 8.36178 38.6449 -13 578 0 0 1
-0.0286022 0.0987753 640 0.0217026 0.0567572 13.9493 32.7932 -13 579 0 0 1
0.105723 -0.0119595 640 -0.00198776 -0.0245778 12.7525 26.0753 -13 580 0 0 1
-0.0220279 -0.0922581 640 -0.0537102 -0.00264361 11.0691 48.8747 -13 581 0 0 1
0.100242 0.135589 640 0.050216 0.00661706 8.89166 38.2468 -13 582 0 0 1
-0.14136 0.183942 640 0.0876891 0.0365576 7.68274 36.7583 -13 583 0 0 1
0.0500413 -0.0574631 640 0.0369279 -0.0745294 13.9728 43.1522 -13 584 0 0 1
-0.132398 0.032275 640 -0.0145411 0.0524687 11.2201 28.6843 -13 585 0 0 1
-0.175258 -0.101422 640 -0.0240163 -0.0623036 9.35912 49.4699 -13 586 0 0 1
-0.0313961 -0.0570885 640 -0.0130327 -0.0063327 13.7538 36.3226 -13 587 0 0 1
0.157613 0.0572437 640 -0.00713953 -0.053175 9.57955 33.6951 -13 588 0 0 1
0.0763578 -0.0264842 640 0.012748 -0.0361066 13.2519 29.8741 -13 589 0 0 1
0.124095 0.545724 640 0.123339 -0.146854 9.06801 37.026 -13 591 0 0 1
-0.0167172 0.193256 640 0.128451 -0.0171502 8.24264 40.3877 -13 592 0 0 1
-0.000850783 -0.133462 640 0.057804 -0.00458467 5.76264 66.1239 -13 593 0 0 1
0.0208433 0.0178224 640 -0.00988434 -0.0377198 10.7348 50.754 -13 594 0 0 1
-0.372972 -0.0929456 640 -0.10798 0.146804 9.98707 37.671 -13 595 0 0 1
0.0263184 0.284241 640 0.0378788 0.0290562 8.1075 45.0435 -13 596 0 0 1
0.0411025 -0.148331 640 -0.00594898 0.0389237 10.4115 33.9572 -13 597 0 0 1
-0.112454 0.0738442 640 -0.136406 0.0239242 5.80789 45.895 -13 599 0 0 1
0.0910594 -0.238292 640 -0.0991747 -0.0229118 12.5468 36.4869 -13 601 0 0 1
-0.0695595 -0.145296 640 -0.0404647 0.037095 6.85372 54.9906 -13 602 0 0 1
0.0996332 -0.0167203 640 -0.0880856 -0.0840067 9.21108 47.251 -13 603 0 0 1
0.0881671 0.108759 640 0.0394065 0.0887207 7.47742 43.2815 -13 604 0 0 1
0.540845 0.181694 640 0.0813373 -0.176617 4.58108 55.1164 -13 605 0 0 1
-0.00292922 0.248587 640 0.0675614 0.00185541 12.3486 35.1565 -13 606 0 0 1
-0.0610796 -0.120342 640 -0.0220233 0.0143886 11.8751 25.1865 -13 607 0 0 1
-0.0358893 -0.237571 640 -0.105081 -0.0538338 12.918 32.7674 -13 608 0 0 1
0.0984356 -0.0162876 640 -0.0245381 -0.04355 11.8634 24.3753 -13 609 0 0 1
0.0737382 0.139466 640 0.0415975 -0.0194973 8.79635 33.3116 -13 610 0 0 1
0.0202912 0.0444397 640 0.00765193 -0.0130192 10.3181 27.2422 -13 611 0 0 1
0.0324438 0.142716 640 0.0605164 -0.0443714 7.83046 41.0303 -13 612 0 0 1
-0.0734492 0.0430002 640 0.0189731 0.0324442 12.4656 33.0449 -13 613 0 0 1
-0.150612 0.140358 640 0.0590541 0.084131 12.1248 21.3811 -13 614 0 0 1
0.178214 0.519416 640 -0.015622 0.0054749 3.65127 76.3067 -13 615 0 0 1
0.534855 0.220922 640 -0.0748214 -0.0640886 3.74122 81.9448 -13 616 0 0 1
0.0796128 -0.318859 640 -0.0940441 -0.0977156 10.7771 38.317 -13 617 0 0 1
0.0134385 0.0202336 640 0.000184956 -0.0641945 8.08163 48.0161 -13 618 0 0 1
0.786531 0.192422 640 0.217742 -0.0874641 4.68543 68.2613 -13 619 0 0 1
-0.103413 0.0902476 640 0.0367397 -0.00285451 12.356 38.3401 -13 620 0 0 1
-0.72519 0.167598 640 0.104875 0.180842 5.09767 46.0961 -13 621 0 0 1
-0.0141929 -0.00373636 640 0.00626528 0.032852 11.1469 48.719 -13 622 0 0 1
0.0643203 0.0545208 640 -0.0245843 0.0117606 9.70256 37.8637 -13 623 0 0 1
0.00373512 0.00360713 640 0.00985872 0.0360292 14.1755 17.6546 -13 624 0 0 1
0.180917 -0.0052891 640 0.0319886 0.0139327 9.12026 41.0477 -13 625 0 0 1
-0.0346684 0.152176 640 0.039652 0.133906 6.02338 45.7141 -13 626 0 0 1
-0.0656157 -0.0308443 640 -0.00542462 -0.00882539 9.32658 42.1638 -13 627 0 0 1
-0.126196 0.134371 640 -0.0662415 0.203111 2.16069 96.7084 -13 628 0 0 1
0.00628225 0.0222705 640 -0.0502818 0.0151672 10.4408 28.2704 -13 629 0 0 1
-0.0862498 -0.147845 640 -0.0499367 0.0103606 11.77 47.1244 -13 630 0 0 1
-0.156454 -0.0329889 640 -0.0171916 0.0926681 8.83283 53.5343 -13 631 0 0 1
0.0522918 0.0607181 640 0.0171965 -0.019354 14.0656 28.7743 -13 632 0 0 1
0.0444514 -0.00525155 640 -0.0228857 -0.00571565 8.30939 35.8048 -13 633 0 0 1
-0.294756 0.447542 640 0.233258 0.0396644 4.71571 49.681 -13 634 0 0 1
0.203059 -0.0578977 640 0.0202367 -0.0684062 8.04084 45.7526 -13 635 0 0 1
0.0186995 -0.0237303 640 -0.0873231 -0.0157437 14.0937 23.7905 -13 636 0 0 1
-0.276113 0.0613086 640 0.0473579 0.020134 7.93139 50.5781 -13 637 0 0 1
-0.342028 0.22553 640 0.0349895 0.0596269 12.6942 34.1221 -13 638 0 0 1
0.35937 0.574992 640 0.198494 -0.0703203 13.9863 22.0873 -13 639 0 0 1
0.00505654 -0.0394293 640 -0.0193253 -0.0355314 10.8691 22.3468 -13 640 0 0 1
0.558097 0.124167 640 -0.0637005 -0.254194 4.31533 60.4428 -13 641 0 0 1
-0.0226736 0.052881 640 0.109053 0.147566 7.15194 54.848 -13 642 0 0 1
-0.0110872 0.115914 640 0.038914 0.0244187 11.0584 21.5304 -13 643 0 0 1
0.0739209 -0.171472 640 -0.0474002 -0.0299467 13.734 35.3972 -13 644 0 0 1
0.0306029 -0.117482 640 -0.0175693 0.00250495 9.66389 26.014 -13 645 0 0 1
0.0215089 -0.00571457 640 0.0295596 -0.0332086 13.7517 33.8587 -13 646 0 0 1
0.595941 -0.750403 640 -0.424772 -0.0847083 5.89222 65.1674 -13 647 0 0 1
0.131025 0.159421 640 0.0320112 0.0524825 3.90374 68.0593 -13 648 0 0 1
0.407066 0.0304626 640 0.0994776 -0.13045 6.23508 46.4783 -13 649 0 0 1
-0.00233209 -0.188726 640 -0.0385149 -0.0503247 13.5309 21.2881 -13 650 0 0 1
-0.132099 0.249289 640 -0.179718 0.0596755 10.0765 35.8407 -13 651 0 0 1
0.0451676 -0.222362 640 -0.0885218 0.0725828 10.4513 48.1 -13 652 0 0 1
0.145565 -0.0362868 640 0.0219813 -0.0446552 11.8792 36.9541 -13 653 0 0 1
0.0297903 -0.0198971 640 -0.0466699 -0.0234654 12.2808 31.1835 -13 654 0 0 1
0.057789 -0.127723 640 -0.0373921 -0.00816018 14.3572 38.4283 -13 655 0 0 1
-0.0640486 0.0724809 640 -0.00457753 0.0291946 9.57617 40.1504 -13 656 0 0 1
-0.27782 -0.112218 640 0.0239069 0.0647214 7.96717 50.5851 -13 657 0 0 1
-0.0036391 -0.201266 640 -0.026058 0.135946 4.84569 61.7445 -13 658 0 0 1
-0.154437 -0.0581699 640 -0.00838365 0.033094 14.4509 29.957 -13 659 0 0 1
0.0703201 0.422401 640 0.143493 0.207924 11.6722 42.1997 -13 660 0 0 1
0.129707 -0.0370176 640 -0.0909981 -0.0176892 10.615 37.6978 -13 661 0 0 1
-0.0499725 -0.0783204 640 0.00781154 -8.01784e-06 12.1256 30.4825 -13 662 0 0 1
0.0871518 0.0178012 640 -0.0496343 -0.0400511 9.52954 53.296 -13 663 0 0 1
-0.443775 0.47596 640 0.195589 0.0352122 8.15138 57.1023 -13 664 0 0 1
-0.0800811 0.0139721 640 0.00773362 0.0138676 11.3362 22.3555 -13 665 0 0 1
0.107076 0.0695233 640 0.017948 -0.00466838 11.778 34.2546 -13 666 0 0 1
-0.0401715 0.0702437 640 0.00446486 -0.00409585 13.083 30.5485 -13 667 0 0 1
2.86937 0.31362 640 0.717442 -0.684357 6.54496 44.805 -13 668 0 0 1
-0.161186 -0.0042362 640 0.0233688 0.0511807 9.57814 41.808 -13 669 0 0 1
-0.0175864 0.229779 640 0.0531549 -0.00401852 13.5693 34.3247 -13 670 0 0 1
-0.0586745 -0.017046 640 -0.0204671 0.0232076 13.1376 37.3611 -13 671 0 0 1
-0.232488 -0.126789 640 -0.0602671 0.0984224 3.66125 72.0386 -13 673 0 0 1
-0.229096 0.0575107 640 0.0155463 0.0496702 12.5331 47.7569 -13 674 0 0 1
-0.965131 -1.78525 640 -0.661233 0.11401 7.07205 39.9141 -13 675 0 0 1
0.138602 0.18423 640 0.0658737 -0.0512701 12.8916 44.0309 -13 676 0 0 1
-0.0940438 0.00392567 640 0.0321263 0.00795006 11.8202 26.3328 -13 677 0 0 1
-0.0741242 -0.0098924 640 0.0186434 -0.0364988 9.35578 40.2218 -13 678 0 0 1
0.40876 -0.178266 640 -0.0420865 -0.0968035 8.08139 40.9982 -13 679 0 0 1
-0.112796 0.183901 640 0.047405 -0.00231567 9.22717 43.4289 -13 680 0 0 1
-0.126259 0.0339982 640 0.0276782 0.0389242 14.0653 19.2834 -13 681 0 0 1
-0.00613417 0.0226598 640 -0.0270117 0.00547775 13.2409 18.6216 -13 682 0 0 1
0.0960328 0.118067 640 0.0577135 -0.0156576 12.9971 42.7727 -13 683 0 0 1
0.0808604 0.33816 640 0.0540256 0.337577 8.61174 43.0795 -13 684 0 0 1
-0.168895 0.0684819 640 -0.0117797 0.094939 8.00302 35.8996 -13 685 0 0 1
-0.116205 0.0687594 640 -0.013867 0.0393533 11.5623 47.0581 -13 686 0 0 1
-0.258217 -0.00461189 640 -0.0779801 0.178212 9.002 31.9952 -13 687 0 0 1
0.120317 0.145299 640 0.0409799 -0.00492515 12.8407 40.9897 -13 688 0 0 1
0.62096 0.792295 640 0.17891 -0.202934 9.79312 45.9328 -13 689 0 0 1
-0.0448694 -0.765476 640 -0.323219 -0.0161575 5.13228 62.8717 -13 690 0 0 1
0.194896 0.0415549 640 -0.00330551 -0.0881856 12.2868 35.8575 -13 691 0 0 1
-0.0778263 0.0459369 640 0.00672562 0.0369115 7.40813 32.4743 -13 692 0 0 1
0.0269302 -0.0712093 640 -0.0455811 -0.0206062 12.7655 38.9777 -13 693 0 0 1
0.100902 0.0931054 640 0.0302846 0.0544745 3.67268 68.2124 -13 694 0 0 1
-0.187345 -0.116288 640 -0.0506858 0.0206447 7.31899 42.0712 -13 695 0 0 1
-0.187899 0.351058 640 0.0674481 0.0745651 6.57142 48 -13 696 0 0 1
0.0951284 -0.0428887 640 0.0283788 -0.0186953 10.0043 41.4583 -13 697 0 0 1
0.193524 -0.176751 640 -0.0855765 -0.0569567 8.70844 34.1242 -13 698 0 0 1
0.0601591 0.0359744 640 0.00685661 -0.0282589 13.3409 41.1165 -13 699 0 0 1
1.02507 -1.23756 640 -0.22768 -0.596769 8.76298 36.6122 -13 700 0 0 1
0.0869802 -0.0146193 640 0.0408413 -0.0607106 9.05623 27.5166 -13 701 0 0 1
0.0412047 0.00537575 640 -0.0435456 0.00919847 12.293 44.1617 -13 702 0 0 1
0.023448 0.0173482 640 0.0282756 0.00725481 12.0594 41.3991 -13 703 0 0 1
0.0168901 0.0979695 640 0.0214402 0.04218 9.39715 33.1584 -13 704 0 0 1
0.0133152 0.0848707 640 0.0493166 -0.0251637 10.0791 29.4302 -13 705 0 0 1
-0.295217 -0.0399416 640 -0.0574768 0.0651713 9.56682 39.4985 -13 706 0 0 1
-0.0399686 0.076049 640 0.0196204 0.0127332 13.8622 18.1679 -13 707 0 0 1
0.0234176 0.0476722 640 -0.0472516 -0.0100111 10.5358 39.934 -13 708 0 0 1
0.159342 -0.125385 640 -0.0821181 -0.0410967 3.28593 75.1775 -13 709 0 0 1
-0.807471 0.410121 640 0.107977 0.147002 7.90904 48.6488 -13 710 0 0 1
-0.176804 0.110832 640 0.0338975 0.00355286 14.1533 18.0889 -13 711 0 0 1
0.0410826 0.0214743 640 0.0149802 0.0221809 11.6027 39.6281 -13 712 0 0 1
-0.0691237 -0.276484 640 -0.0557577 0.0913788 6.36941 57.5407 -13 713 0 0 1
0.0450609 -0.104868 640 -0.0168099 -0.0114679 14.0415 37.7014 -13 714 0 0 1
0.0627197 -0.0310431 640 -0.0165068 -0.0144479 12.3541 48.0582 -13 715 0 0 1
0.065666 0.236236 640 0.058483 -0.03139 13.1148 38.2945 -13 716 0 0 1
0.0849451 0.0109682 640 0.0169603 -0.0205361 10.5885 37.063 -13 717 0 0 1
0.0959667 -0.0836691 640 0.0427443 -0.122778 8.65425 34.4074 -13 718 0 0 1
-0.31817 0.0814709 640 0.0697344 0.0702741 10.6037 30.3051 -13 719 0 0 1
0.0665745 0.00966131 640 -0.0393045 -0.0680791 11.2711 49.0711 -13 720 0 0 1
-0.3033 -0.100034 640 -0.194531 0.0692227 9.66138 49.5043 -13 721 0 0 1
-0.143587 0.764876 640 0.232138 0.0404658 5.17724 53.9056 -13 722 0 0 1
0.0951925 -0.0657198 640 -0.00337886 0.0253648 8.54094 30.2409 -13 723 0 0 1
-0.0580347 -0.0819025 640 0.059928 0.138224 4.81898 68.0769 -13 724 0 0 1
0.0184031 0.0477064 640 0.0352921 0.00807667 9.59427 35.7249 -13 725 0 0 1
0.0193773 -0.103713 640 -0.055305 0.0262791 13.6077 32.5007 -13 726 0 0 1
0.289703 0.0654766 640 0.0263763 -0.0667962 14.1223 21.3842 -13 727 0 0 1
0.414861 0.41977 640 0.225584 0.0121989 2.19074 98.8648 -13 728 0 0 1
0.172015 -0.0973285 640 -0.0185606 -0.0361362 5.35199 52.4517 -13 729 0 0 1
0.0493357 0.083974 640 -0.00602731 -0.090601 11.1971 27.8498 -13 730 0 0 1
0.117755 0.120334 640 0.0172064 -0.0135223 10.9112 24.0731 -13 731 0 0 1
1.12834 0.456586 640 -0.00514614 -0.081885 0.701617 132.509 -13 732 0 0 1
0.366257 0.251734 640 0.146197 -0.0107839 4.70029 59.5449 -13 733 0 0 1
-0.00903226 0.0957127 640 0.0598544 0.0870694 7.80392 33.075 -13 734 0 0 1
-0.115337 -0.0422652 640 -0.0701274 0.00854239 10.9657 37.7531 -13 735 0 0 1
0.0685936 -0.169279 640 -0.097427 0.00789292 10.9844 30.6864 -13 736 0 0 1
-0.173583 -0.134421 640 0.00396692 0.0147104 8.19887 48.1508 -13 737 0 0 1
0.00163906 0.0823067 640 -0.0214189 0.103338 8.36349 50.3378 -13 738 0 0 1
-0.0715166 0.0281617 640 0.067712 0.06661 11.886 40.1039 -13 739 0 0 1
-0.040796 -0.0266159 640 -0.0152991 -0.0436216 13.0295 41.4686 -13 740 0 0 1
-0.0874286 -0.0595337 640 -0.0303718 0.0571413 8.68954 45.8574 -13 741 0 0 1
0.514981 -1.54297 640 -0.453477 0.0443695 4.20382 75.9009 -13 742 0 0 1
-0.0623421 0.122759 640 0.0241621 0.101444 8.31085 29.3302 -13 743 0 0 1
0.638369 -0.0671905 640 -0.0827899 0.078587 2.32271 82.5159 -13 744 0 0 1
0.0396045 0.0210516 640 0.00448783 -0.0153113 11.4972 34.8734 -13 745 0 0 1
-0.00191835 -0.0607937 640 -0.0636786 0.0316015 8.47563 52.7181 -13 746 0 0 1
-0.0986568 0.0245794 640 -0.0186009 -0.00240011 11.8409 42.3587 -13 747 0 0 1
0.178277 -0.111016 640 0.0094225 -0.0175537 10.5447 38.9085 -13 748 0 0 1
0.0275696 -0.168266 640 -0.0244024 -0.0238184 12.1143 20.6193 -13 749 0 0 1
-0.201833 -0.105532 640 -0.0214861 0.0489723 10.3657 43.9084 -13 750 0 0 1
0.242913 0.00672541 640 -0.0148313 -0.135317 11.0613 45.0078 -13 751 0 0 1
0.0694081 0.0345377 640 -0.04015 -0.0688347 6.4781 39.1438 -13 752 0 0 1
-0.036984 0.00833125 640 0.012094 0.0629346 10.7845 24.2177 -13 753 0 0 1
-0.0668177 0.0449402 640 0.010719 0.0154779 8.65841 51.962 -13 754 0 0 1
-0.320544 0.182752 640 0.0675673 0.099259 7.88679 36.2863 -13 755 0 0 1
-0.462378 -0.211046 640 0.341218 -0.137811 5.2381 54.1394 -13 756 0 0 1
-0.153662 0.0161645 640 -0.0124303 0.0272844 7.21084 44.1593 -13 757 0 0 1
-0.0969062 -0.161869 640 -0.0224705 -0.0103065 7.87496 31.6691 -13 758 0 0 1
0.0474445 -0.0968 640 -0.0330232 -0.0031983 14.1743 32.0065 -13 759 0 0 1
-0.0693691 -0.0335608 640 0.0174733 0.089019 8.06274 48.7687 -13 760 0 0 1
-0.0740076 0.168299 640 0.106339 -0.072533 6.37181 42.4514 -13 761 0 0 1
-0.0389623 0.0789916 640 0.0377475 -0.0260194 13.8628 45.2033 -13 762 0 0 1
0.146762 0.161601 640 0.0262326 -0.0524523 11.1462 46.969 -13 763 0 0 1
-0.131882 0.116121 640 0.00360616 0.0245893 9.85679 34.394 -13 764 0 0 1
-0.192197 -0.091428 640 -0.0526348 0.0518379 5.76842 46.2931 -13 765 0 0 1
0.035451 0.0824585 640 0.124418 0.0232329 8.54216 32.0388 -13 766 0 0 1
0.0548585 0.00613571 640 0.0230433 -0.0347972 12.5219 47.6875 -13 767 0 0 1
0.000995678 0.0482229 640 0.0239832 0.0131889 12.8678 39.007 -13 768 0 0 1
0.196949 0.0250418 640 0.00133026 -0.100171 6.97136 37.3389 -13 769 0 0 1
-0.121531 0.147316 640 0.0307318 0.00448433 13.636 23.9527 -13 770 0 0 1
-0.177865 0.1734 640 0.068354 0.0734109 10.8603 27.4519 -13 771 0 0 1
0.0466361 -0.323737 640 -0.0572442 0.0246602 14.3295 18.6648 -13 772 0 0 1
0.0266887 -0.129344 640 -0.0798117 -0.00176456 11.4129 25.1987 -13 773 0 0 1
0.096447 -0.162671 640 -0.0904967 -0.00897471 13.4031 21.0908 -13 774 0 0 1
0.222159 -0.394405 640 -0.0265693 -0.0512366 3.5549 62.935 -13 775 0 0 1
-0.0970647 0.0103698 640 -0.0412008 0.0644101 11.8099 31.3094 -13 776 0 0 1
0.0744341 0.0864214 640 0.0400441 -0.0421504 10.6594 34.2121 -13 777 0 0 1
-0.0116738 0.283076 640 0.142588 0.0594285 8.61455 45.4011 -13 778 0 0 1
0.102167 -0.0428575 640 -0.0856781 -0.194053 12.9354 18.6116 -13 779 0 0 1
0.186747 -0.405582 640 -0.0458235 -0.163792 9.57735 28.6681 -13 780 0 0 1
-0.81811 0.153036 640 0.124321 0.227345 11.547 24.4821 -13 781 0 0 1
0.0464431 -0.111545 640 -0.00326311 -0.00671834 10.0585 26.4517 -13 782 0 0 1
0.0629205 -0.171431 640 -0.000156218 0.0257658 6.93815 49.5219 -13 783 0 0 1
0.485305 -0.346722 640 0.00600012 -0.157521 6.8334 36.0064 -13 784 0 0 1
-0.378339 0.25692 640 0.0984505 0.0773242 4.82197 59.9134 -13 785 0 0 1
-0.229593 0.0265115 640 -0.00449808 0.062059 9.55931 43.0451 -13 786 0 0 1
-0.149423 -0.0488917 640 -0.0544518 0.0293728 8.88768 42.6453 -13 787 0 0 1
-0.168825 0.0944625 640 0.0610866 -0.00500716 12.3329 37.1248 -13 788 0 0 1
-0.037518 0.0328431 640 -0.012148 0.00601945 14.1622 31.7124 -13 789 0 0 1
0.00268862 -0.0867357 640 -0.0395124 -0.0409075 9.93782 50.2323 -13 790 0 0 1
-0.126162 0.254171 640 0.159671 -0.0544598 4.83967 70.5948 -13 791 0 0 1
0.0535472 0.26247 640 0.153183 0.0220407 11.7705 47.982 -13 792 0 0 1
-0.0416277 0.0231238 640 -0.00823323 0.054997 11.4103 37.3371 -13 793 0 0 1
0.15653 -0.0295414 640 0.00723517 -0.0210579 7.44021 43.2315 -13 794 0 0 1
0.203861 -0.130887 640 0.0771904 -0.12709 11.4958 28.7278 -13 795 0 0 1
0.0704917 0.0147542 640 0.0125407 -0.038597 8.8841 48.7849 -13 796 0 0 1
0.0612617 0.0637801 640 0.0190031 0.0278881 14.011 41.5115 -13 797 0 0 1
0.00886041 0.111622 640 0.0634432 0.00688291 13.709 42.1666 -13 798 0 0 1
0.00110126 0.0403849 640 0.00866743 -0.0162781 9.34375 53.9871 -13 799 0 0 1
0.00777507 0.00193975 640 -0.00451038 -0.00339938 13.552 19.6827 -13 800 0 0 1
0.136508 0.0263262 640 0.012343 -0.061095 5.7222 44.3905 -13 801 0 0 1
-0.196772 0.269732 640 0.0270131 0.0342728 6.96783 52.4342 -13 803 0 0 1
0.024473 0.0158215 640 -0.058093 -0.0044141 13.0012 25.5508 -13 804 0 0 1
-0.000124092 -0.124655 640 -0.0221117 -0.00628702 12.5707 45.505 -13 805 0 0 1
-0.552715 -0.525197 640 -0.0732016 0.120591 2.55019 81.4003 -13 806 0 0 1
0.0822326 0.0389907 640 -0.00113825 -0.0321376 13.6443 27.7227 -13 807 0 0 1
-0.52173 -0.710045 640 -0.303594 -0.0539583 7.02156 42.1183 -13 808 0 0 1
-0.0438781 0.0265549 640 -0.0104992 0.000207538 14.3005 30.104 -13 809 0 0 1
0.0751618 -0.0417449 640 -0.0617854 0.0114632 10.8057 37.537 -13 810 0 0 1
0.118513 -0.0249875 640 -0.0216091 -0.11917 5.6354 43.0796 -13 811 0 0 1
-0.0505678 -0.0216855 640 -0.031678 0.0355075 6.50847 37.0613 -13 812 0 0 1
0.400572 0.0563667 640 0.0402219 -0.161883 13.2013 28.5539 -13 813 0 0 1
0.0104672 -0.119899 640 -0.103472 0.0231471 9.5948 34.8669 -13 814 0 0 1
-0.0811272 -0.0286653 640 -0.016581 -0.00891583 11.6466 47.3878 -13 815 0 0 1
0.0740629 -0.325465 640 -0.0912268 -0.0274792 5.96492 42.7152 -13 816 0 0 1
0.315789 -0.00917921 640 -0.00572479 -0.34603 5.18092 67.4703 -13 817 0 0 1
0.187947 -0.0297136 640 -0.0713336 0.015306 11.4633 49.1357 -13 818 0 0 1
-0.0511327 -0.119528 640 -0.0604063 -0.0479045 6.12796 63.7384 -13 819 0 0 1
-0.0301251 0.0753598 640 0.0296291 0.0363239 13.3905 24.26 -13 820 0 0 1
-0.0975354 0.0136282 640 -0.0656084 -0.00698152 8.36493 31.1678 -13 821 0 0 1
0.0718548 -0.049532 640 -0.061039 0.0259984 11.6834 48.5069 -13 822 0 0 1
-0.0521366 -0.0838521 640 -0.0213692 0.00586217 12.6132 41.6969 -13 823 0 0 1
-0.0786381 0.0285094 640 -0.00499653 0.0244403 14.5576 37.0422 -13 824 0 0 1
-0.0900821 -0.0554604 640 -0.056884 0.0254228 14.4466 42.2527 -13 825 0 0 1
0.00600054 0.0183944 640 -0.052675 -0.0361221 7.56466 43.5773 -13 826 0 0 1
-0.155926 1.35668 640 0.328667 0.253733 3.43562 88.3862 -13 827 0 0 1
0.157834 -0.0364017 640 -0.0343798 -0.0273011 8.62485 53.4243 -13 828 0 0 1
0.182775 -0.0778864 640 -0.0347664 -0.0394891 10.0356 49.4685 -13 829 0 0 1
-0.126623 0.0155881 640 -0.0117368 0.0299808 14.0742 45.7116 -13 830 0 0 1
-0.817978 -0.630459 640 1.00013 0.186266 8.32289 34.4357 -13 831 0 0 1
-0.0458716 -0.0242425 640 0.00347044 0.00688334 13.7895 30.6028 -13 832 0 0 1
0.125543 0.0913684 640 -0.0232007 -0.0568269 9.02479 54.9084 -13 833 0 0 1
0.036464 0.175752 640 0.133396 -0.0718648 5.21908 66.8745 -13 834 0 0 1
0.0634295 0.0319515 640 -0.0759584 0.0276036 7.78058 57.2576 -13 835 0 0 1
0.0310158 -0.088753 640 -0.0630556 0.0306399 11.857 41.3521 -13 836 0 0 1
-0.443258 -0.118273 640 -0.0147515 0.114983 10.8103 30.646 -13 837 0 0 1
0.00509739 0.145433 640 0.0254488 0.0102627 12.829 35.0738 -13 838 0 0 1
0.0299317 0.0449316 640 0.0273057 0.0153085 11.1359 42.4776 -13 839 0 0 1
0.200137 0.0494903 640 0.0361648 -0.0133371 9.84286 45.108 -13 840 0 0 1
0.328034 -0.425972 640 0.135729 -0.184172 6.09507 63.8819 -13 842 0 0 1
0.0704304 -0.0679003 640 -0.0529023 -0.0790745 8.27623 34.9135 -13 843 0 0 1
0.0280409 -0.0941557 640 -0.000908541 0.0481462 4.1711 75.8297 -13 844 0 0 1
0.427778 0.0368272 640 -0.025756 -0.158332 13.4669 26.3966 -13 845 0 0 1
-0.0440786 0.236187 640 -0.0356632 0.121118 12.2757 35.6684 -13 846 0 0 1
0.0931521 0.288493 640 -0.0505945 -0.0273818 4.4169 58.4008 -13 847 0 0 1
0.14434 -0.15695 640 -0.106119 0.00824257 4.61057 75.4774 -13 848 0 0 1
-0.17336 0.236861 640 0.11699 -0.00642108 9.60707 26.443 -13 849 0 0 1
-0.0519399 0.00226925 640 0.0511256 0.00202744 12.349 40.9904 -13 850 0 0 1
-0.0553967 -0.0445358 640 -0.0277699 -0.049586 8.88353 33.9229 -13 851 0 0 1
-0.118319 -0.587899 640 -0.164656 0.0217771 4.62091 50.7537 -13 853 0 0 1
0.109652 -0.00110018 640 -0.0400102 -0.0510275 11.4413 23.7598 -13 854 0 0 1
0.0142154 0.179282 640 0.0458081 -0.00694954 11.5517 43.7331 -13 855 0 0 1
0.215978 0.0443022 640 -0.02684 -0.0792582 14.3141 24.5691 -13 857 0 0 1
0.0373889 0.124231 640 -0.0720291 -0.123229 10.2126 48.9485 -13 858 0 0 1
-0.152187 0.0439244 640 -0.0476528 0.0286572 12.9293 29.716 -13 859 0 0 1
-0.05313 0.151092 640 0.0488025 -0.00485132 13.0378 42.7573 -13 860 0 0 1
0.0142273 0.0915653 640 0.0413517 0.0481185 11.1706 23.8578 -13 861 0 0 1
-0.176471 0.121772 640 -0.102306 0.10503 5.77262 60.0382 -13 862 0 0 1
-1.01655 0.0861228 640 -0.139943 0.294925 3.77959 63.6193 -13 863 0 0 1
-0.21577 0.322821 640 0.0578786 0.112452 6.8417 46.7847 -13 865 0 0 1
-0.0847745 -0.0613701 640 0.221676 -0.0265593 5.43902 69.6796 -13 866 0 0 1
0.18651 0.0479104 640 0.00260132 -0.0138567 8.31365 37.8251 -13 868 0 0 1
0.0838902 0.399674 640 0.0623004 -0.00189643 9.08747 45.9581 -13 869 0 0 1
-0.295418 0.0724966 640 0.0640779 0.100661 12.3542 34.0571 -13 870 0 0 1
0.0566044 0.177137 640 0.0299048 -0.0228401 13.6996 39.3019 -13 871 0 0 1
0.892207 -0.575017 640 -0.0999032 -0.245731 5.11934 63.8844 -13 872 0 0 1
-0.0746749 -0.456424 640 -0.138979 0.0597733 4.32903 55.9645 -13 873 0 0 1
-0.304153 0.0258277 640 -0.117405 0.200776 4.76296 60.0706 -13 874 0 0 1
-0.0896676 -0.191715 640 -0.0567291 -0.0699657 3.12439 67.2044 -13 875 0 0 1
-0.13489 -0.0393697 640 -0.0589423 0.11761 11.7701 31.4623 -13 876 0 0 1
0.157142 0.0305002 640 0.016273 -0.0623001 9.19419 48.031 -13 877 0 0 1
0.0101623 -0.0472303 640 -0.00337139 0.00558804 14.2379 42.4862 -13 879 0 0 1
-0.133508 0.0637864 640 0.00583865 0.00637477 12.931 23.5011 -13 880 0 0 1
-0.00380671 0.0465652 640 -0.00269563 -0.00815078 14.5287 28.719 -13 881 0 0 1
-0.0597755 0.173936 640 0.0224744 0.143786 6.49187 56.3329 -13 882 0 0 1
-0.0906658 0.038336 640 -0.046909 0.0373925 7.05257 56.3698 -13 883 0 0 1
-0.0391645 0.0748768 640 0.0128787 -0.0894279 5.65094 57.0011 -13 884 0 0 1
-0.0202109 0.0258114 640 0.0564912 -0.01363 12.5638 20.1985 -13 885 0 0 1
0.00314395 -0.11257 640 -0.0254068 -0.021783 8.46215 33.8552 -13 886 0 0 1
-0.187221 0.206997 640 0.0970858 0.0919439 8.49853 27.697 -13 887 0 0 1
-0.070505 0.0248033 640 0.0548936 0.0867087 8.49835 46.3687 -13 888 0 0 1
0.0145371 -0.0162396 640 -0.0157213 0.0180404 11.3098 45.2322 -13 889 0 0 1
-0.0293496 0.0137484 640 -0.0361477 -0.00720908 10.815 33.2112 -13 890 0 0 1
0.148054 -0.224456 640 0.00696055 0.057243 7.48207 38.7661 -13 891 0 0 1
-0.0386533 0.035184 640 0.0391167 -0.0349668 14.0577 25.452 -13 892 0 0 1
-0.104281 0.114838 640 0.0612361 -0.0027683 9.34324 28.2968 -13 893 0 0 1
-0.23997 0.0582196 640 -0.0312046 0.090469 12.6074 36.9207 -13 894 0 0 1
0.0621804 0.0551028 640 0.0281785 -0.0150578 11.6041 36.8765 -13 895 0 0 1
-0.22555 -0.124547 640 -0.0213228 0.0300051 6.76546 55.3898 -13 896 0 0 1
0.0368644 0.0563732 640 -0.0276838 0.043914 10.3426 29.6373 -13 897 0 0 1
-0.526049 -0.0464319 640 0.0723832 0.0831546 8.36682 44.0491 -13 898 0 0 1
0.0309481 -0.61425 640 -0.0620465 -0.190037 6.66619 43.8173 -13 899 0 0 1
0.125326 -0.098852 640 -0.0130785 -0.0529735 11.4387 22.1132 -13 900 0 0 1
0.359116 -0.0231261 640 0.107991 -0.0705482 5.34519 70.4815 -13 901 0 0 1
-0.499392 0.245912 640 0.0130037 0.132707 8.5418 29.2839 -13 902 0 0 1
0.120627 -0.226416 640 -0.109105 -0.119514 6.62162 42.2023 -13 903 0 0 1
-0.0975225 0.0456138 640 -0.0269824 -0.00297055 12.5468 26.1681 -13 904 0 0 1
-0.0787981 -0.0507288 640 -0.0666239 -0.0663225 5.09091 62.1612 -13 905 0 0 1
-0.0718821 0.228147 640 0.0693797 0.0255623 10.4355 42.0411 -13 906 0 0 1
-0.0243472 0.143124 640 0.0711533 -0.0699985 11.617 46.4144 -13 907 0 0 1
0.00436992 0.0034117 640 0.0117957 0.00987317 12.9474 21.4577 -13 908 0 0 1
0.157964 -0.0151271 640 0.00484661 -0.0360586 7.24236 46.5952 -13 909 0 0 1
0.151788 -0.228092 640 -0.0848718 -0.0179425 9.28398 26.5989 -13 910 0 0 1
-0.136127 0.00183813 640 0.126374 0.242064 11.8152 21.6731 -13 912 0 0 1
0.0356785 0.0132014 640 -0.00521219 -0.0268738 10.288 24.5352 -13 914 0 0 1
-0.045461 0.195932 640 0.00999864 -0.0107606 9.10508 31.7057 -13 915 0 0 1
-0.0402216 -0.114245 640 -0.0166121 -0.0320681 13.7955 35.7639 -13 916 0 0 1
0.129678 -0.0109269 640 0.011849 -0.0321962 12.4887 38.2294 -13 917 0 0 1
0.0339647 -0.00988112 640 -0.00211988 -0.0167744 12.8452 42.2851 -13 918 0 0 1
0.249936 -0.415458 640 0.001617 -0.0881646 3.56137 64.601 -13 919 0 0 1
0.315934 0.158775 640 0.0947504 -0.0417592 8.62731 29.9203 -13 920 0 0 1
0.0237651 -0.0510944 640 -0.0552416 -0.0266004 14.0779 22.889 -13 921 0 0 1
0.00240693 0.0341007 640 0.00236832 0.0150043 12.8463 39.206 -13 922 0 0 1
0.0756128 -0.325714 640 -0.130128 0.107726 3.76169 84.4633 -13 923 0 0 1
0.100871 -0.148294 640 -0.093944 -0.0303257 13.5285 31.0865 -13 924 0 0 1
-0.0286363 0.0130423 640 -0.0265838 -0.0437071 13.9311 45.2243 -13 925 0 0 1
0.118824 0.0621637 640 0.0693519 -0.00866008 12.8066 19.0592 -13 926 0 0 1
-0.0178914 0.027139 640 0.011886 0.0176713 4.6616 61.9686 -13 927 0 0 1
0.216345 0.141066 640 -0.059201 -0.0714634 11.7733 43.4083 -13 928 0 0 1
-0.0757584 -0.0402901 640 -0.0169179 0.0555469 13.5485 23.8756 -13 929 0 0 1
0.0838627 0.0109515 640 0.0420496 -0.0604641 12.7133 36.5564 -13 930 0 0 1
0.0197184 -0.0947155 640 -0.0365369 0.025311 13.312 38.8257 -13 931 0 0 1
0.122869 -0.0306986 640 -0.0305893 -0.0286392 11.447 49.3457 -13 932 0 0 1
-0.0500771 0.0378907 640 -0.0680092 0.0672426 13.6064 30.559 -13 933 0 0 1
0.0715172 0.0908004 640 0.0610274 0.0476771 8.58272 39.1276 -13 934 0 0 1
0.0300481 -0.0526525 640 0.0271859 -0.0860868 10.3247 43.6926 -13 935 0 0 1
-0.0908908 0.0460523 640 -0.0031997 0.0309752 12.4214 32.2915 -13 936 0 0 1
0.0397846 -0.0174677 640 -0.0136202 0.018994 12.532 45.9196 -13 937 0 0 1
-0.366694 -0.267525 640 -0.0926807 0.114181 4.47465 53.1068 -13 938 0 0 1
-0.138832 -0.0345911 640 -0.00593078 0.0384766 13.8457 26.8891 -13 939 0 0 1
-1.88353 0.94427 640 0.12214 0.492291 5.74171 42.666 -13 940 0 0 1
-0.344569 0.0802148 640 0.0496711 0.0816701 12.247 34.9063 -13 941 0 0 1
1.90439 -1.22103 640 0.0845338 -0.216664 1.57864 113.681 -13 942 0 0 1
0.0882291 -0.0351211 640 0.00333003 -0.0606799 10.5158 46.9745 -13 943 0 0 1
0.621547 -0.0309196 640 -0.141227 -0.0995747 5.69107 62.8427 -13 944 0 0 1
0.542052 -0.570709 640 -0.112672 -0.00827539 3.82564 82.9283 -13 945 0 0 1
-0.0270195 -0.0750977 640 -0.00878457 -0.0330543 14.3021 29.2352 -13 946 0 0 1
-0.148669 -0.107518 640 -0.0164454 0.0977325 10.4309 27.322 -13 947 0 0 1
-0.262032 -0.240848 640 -0.171967 0.0637877 7.72166 34.7693 -13 948 0 0 1
-0.146122 -0.0104895 640 -0.0107362 0.0231723 12.4813 39.6659 -13 949 0 0 1
-0.270385 0.656753 640 0.362797 0.200278 3.02174 69.5923 -13 950 0 0 1
0.233368 -0.135149 640 -0.0303311 -0.0438366 5.20274 50.0759 -13 951 0 0 1
0.729602 0.186762 640 0.157805 -0.1159 4.01258 79.2799 -13 952 0 0 1
-0.16937 0.152041 640 0.0493321 0.0574785 9.81291 30.3767 -13 953 0 0 1
0.0414565 -0.00307044 640 -0.00320341 -0.0509108 6.7032 53.8895 -13 954 0 0 1
0.0072346 0.0345533 640 -0.032865 -0.0329018 7.31469 48.1965 -13 955 0 0 1
0.174276 -0.408845 640 -0.148692 -0.0429398 6.93031 40.3255 -13 956 0 0 1
0.863964 4.31771 640 1.09826 -0.738761 13.99 35.5085 -13 957 0 0 1
0.0605219 -0.0564853 640 -0.0486643 -0.0243286 11.883 33.8321 -13 958 0 0 1
-0.200721 0.147958 640 0.078766 -0.00262746 10.4109 42.8139 -13 959 0 0 1
0.0128011 -0.0539965 640 -0.0438063 -0.00883325 14.4234 25.6861 -13 960 0 0 1
-0.178955 0.314809 640 0.0710594 0.0581065 11.7864 38.714 -13 962 0 0 1
0.0427996 -0.020096 640 -0.0487017 0.0177008 11.8694 42.4758 -13 963 0 0 1
-0.0369821 -0.0554602 640 0.0126033 0.0343157 10.4746 48.7617 -13 964 0 0 1
0.0843536 -0.0309993 640 0.0320974 -0.0157261 11.3289 36.1248 -13 965 0 0 1
0.137294 0.168654 640 0.0291944 -0.0906129 9.38964 32.627 -13 966 0 0 1
0.235822 0.732829 640 0.0935956 -0.144446 2.02927 89.4492 -13 968 0 0 1
0.0211986 -0.219782 640 -0.0405245 0.0281659 8.86568 38.6777 -13 969 0 0 1
-0.13576 0.154161 640 0.054934 0.0149827 13.2507 31.5802 -13 971 0 0 1
-0.117088 0.000555701 640 -0.0584517 -0.0213191 14.4615 31.4049 -13 972 0 0 1
0.00440671 0.102562 640 0.0259263 -0.00982792 13.7641 45.5485 -13 973 0 0 1
-0.135511 -0.212328 640 -0.0535704 0.0594957 14.4791 35.961 -13 974 0 0 1
-0.13885 0.307935 640 0.101731 0.0641724 10.2781 42.494 -13 975 0 0 1
0.0749641 -0.247207 640 -0.0746078 -0.0768512 6.67233 40.4959 -13 976 0 0 1
-0.0434118 -0.00733908 640 -0.0453331 0.0296318 9.05374 42.7745 -13 978 0 0 1
-0.0338614 0.0290041 640 0.000300023 -0.00579367 13.7146 35.7433 -13 979 0 0 1
-0.0303733 0.14844 640 0.0297749 0.0156792 12.0815 23.0897 -13 980 0 0 1
-0.0297691 -0.100243 640 -0.0269701 0.00106901 9.67045 24.7017 -13 981 0 0 1
0.0427901 0.0671378 640 0.00975115 -0.013717 13.6149 29.9693 -13 982 0 0 1
-0.0975241 0.243022 640 0.0471599 -0.0649439 5.63258 63.7624 -13 983 0 0 1
-0.661463 0.22264 640 -0.0060796 0.259436 9.99554 25.6455 -13 984 0 0 1
0.00934109 0.0465321 640 -0.00850327 -0.102074 11.2471 35.9926 -13 985 0 0 1
-0.103582 0.130041 640 0.100557 0.0511496 8.31658 46.332 -13 986 0 0 1
0.0796528 0.00108806 640 -0.0188598 -0.0349211 14.2373 41.0691 -13 987 0 0 1
0.267651 0.0922546 640 -0.045271 -0.0966389 6.65053 56.1072 -13 988 0 0 1
-0.381333 1.21341 640 0.0249375 -0.0327175 1.62906 106.479 -13 989 0 0 1
0.0405392 0.102858 640 0.0620794 -0.0390617 14.4655 24.4036 -13 990 0 0 1
-0.0796208 -0.0261754 640 -0.0526785 0.0158574 10.8702 41.4228 -13 991 0 0 1
0.0521042 0.0805743 640 -0.0347023 -0.0363819 13.0747 43.2979 -13 992 0 0 1
-0.0384168 0.121557 640 0.0646271 -0.0255266 11.2422 49.6316 -13 993 0 0 1
-0.226477 0.0409797 640 -0.0386388 0.0790033 12.7649 42.8761 -13 994 0 0 1
0.051957 0.0712659 640 0.042164 -0.0253949 13.8899 28.7717 -13 995 0 0 1
-0.0998182 -0.069463 640 -0.00404677 0.0469116 13.0369 43.1613 -13 996 0 0 1
-0.127783 -0.0908609 640 -0.040912 0.0682633 14.5107 24.9303 -13 997 0 0 1
-0.194635 0.242023 640 0.0181751 0.0840913 10.1983 47.7905 -13 998 0 0 1
0.162589 -0.0141063 640 0.0602621 -0.0440563 7.33181 36.1305 -13 999 0 0 1
0.0975629 0.0422332 640 0.04785 -0.0256698 8.41665 49.0493 -13 1000 0 0 1
