#BLTrackFile NTuple/Z800
#x y z Px Py Pz t PDGid EventID TrackID ParentID Weight
#mm mm mm MeV/c MeV/c MeV/c ns - - - - -
-0.0886796 0.0880352 800 0.0103719 0.0387009 11.4889 43.7916 -13 1 0 0 1
-0.149078 -0.217967 800 -0.107578 -0.0525907 12.5527 45.1811 -13 2 0 0 1
0.111468 0.36255 800 0.104281 -0.119407 9.82714 31.3382 -13 3 0 0 1
-0.0520821 -0.036497 800 -0.0212039 0.00536499 11.1306 29.7309 -13 4 0 0 1
-0.236031 0.015052 800 -0.0534505 0.0936413 6.8223 48.4741 -13 5 0 0 1
-0.0107728 0.264713 800 0.0551333 0.00148133 7.6199 59.1521 -13 6 0 0 1
0.0204127 -0.0451381 800 -0.0263597 -0.0180591 12.0245 37.1507 -13 7 0 0 1
-0.0321616 -0.20805 800 -0.00518167 -0.0760624 5.03634 69.7814 -13 8 0 0 1
0.120449 -0.118483 800 -0.04873 -0.0388017 13.6164 44.3792 -13 9 0 0 1
0.0480934 0.157937 800 0.0515517 -0.0371156 13.2362 26.5063 -13 10 0 0 1
0.0632818 0.075948 800 -0.013493 -0.054459 10.595 29.5472 -13 11 0 0 1
-0.292875 -0.128013 800 -0.118457 0.0773257 11.7986 28.1572 -13 12 0 0 1
0.168587 -0.589353 800 0.0579914 0.208015 3.10256 82.9378 -13 13 0 0 1
0.00430485 -0.0818875 800 -0.027608 -0.00671026 10.3018 30.5709 -13 14 0 0 1
0.212717 -0.0890381 800 0.0983315 -0.0876286 5.08411 73.4569 -13 15 0 0 1
-0.156871 0.293356 800 0.17171 0.0893541 8.32172 36.6907 -13 16 0 0 1
0.0450983 -0.108828 800 -0.0142776 -0.0199803 14.5064 26.8185 -13 17 0 0 1
-0.110134 -0.102199 800 -0.0252364 0.0376394 13.0741 50.8104 -13 18 0 0 1
0.264746 0.470546 800 0.137068 -0.0033007 8.24841 52.054 -13 19 0 0 1
0.0191844 0.0330355 800 -0.0112439 -0.00144915 14.4198 42.6569 -13 21 0 0 1
-0.155795 0.12536 800 -0.0006163 0.028869 10.443 29.0122 -13 22 0 0 1
-0.121536 -0.0247792 800 0.000510534 0.0237385 11.7602 53.7359 -13 23 0 0 1
0.0615775 -0.0394822 800 0.00280442 0.00725025 8.28012 61.4178 -13 24 0 0 1
0.10466 0.00115279 800 -0.0437953 -0.00910149 14.364 34.1142 -13 25 0 0 1
0.375248 0.187255 800 -0.105214 -0.0347983 8.92116 47.4673 -13 26 0 0 1
-0.0308409 -0.117485 800 -0.0142699 -0.0571099 8.41632 44.0194 -13 27 0 0 1
-0.0531258 0.0439326 800 0.0205596 0.0303561 11.5589 52.4856 -13 28 0 0 1
0.053572 0.0370502 800 0.036722 0.0104145 6.90082 62.0975 -13 29 0 0 1
-0.176342 -0.115124 800 -0.164665 0.0367586 13.6115 23.4085 -13 30 0 0 1
0.0659829 0.120913 800 0.0138049 0.00373138 10.3334 31.87 -13 31 0 0 1
0.170326 -0.32359 800 -0.128857 -0.0612203 8.46385 39.1363 -13 32 0 0 1
0.738884 0.271962 800 0.00238514 -0.0965819 2.7963 109.693 -13 33 0 0 1
0.0706396 0.0295437 800 0.0849653 0.00768606 13.6374 42.6102 -13 34 0 0 1
-0.186275 0.670228 800 0.0671444 -0.0155344 4.95567 81.8939 -13 35 0 0 1
0.172228 0.218433 800 0.0852034 -0.0694749 8.54521 57.4755 -13 36 0 0 1
-0.362008 0.298342 800 0.0568138 0.108664 10.3771 55.6479 -13 37 0 0 1
0.0360528 0.0377196 800 0.000385617 -0.00154884 11.8409 47.6855 -13 38 0 0 1
-0.00373912 0.0997524 800 0.0101646 0.0197115 9.48549 40.3476 -13 39 0 0 1
1.5023 1.73726 800 0.882979 0.289044 10.8222 46.9314 -13 40 0 0 1
-0.195194 0.035376 800 -0.109955 -0.0659702 8.86927 35.2945 -13 41 0 0 1
-0.24518 0.273096 800 0.10175 0.108414 9.90346 50.5401 -13 42 0 0 1
0.0900101 -0.0776608 800 -0.0567797 0.0107776 14.4136 31.876 -13 43 0 0 1
-0.12281 -0.0128171 800 0.0456023 -0.023672 11.2511 44.3119 -13 44 0 0 1
-0.0332522 0.000564665 800 0.0887431 0.0848641 10.8498 51.0494 -13 45 0 0 1
-0.325325 0.156502 800 0.0164395 0.0852848 4.88935 60.8073 -13 46 0 0 1
0.00590004 -0.203237 800 -0.0767011 0.0236384 11.4036 33.2985 -13 47 0 0 1
0.749183 0.37226 800 -0.0729045 -0.203289 6.61424 52.7125 -13 48 0 0 1
0.0691098 0.0913077 800 0.0259613 -0.0379234 13.2648 28.1292 -13 49 0 0 1
0.317971 -0.253111 800 -0.0494397 -0.00356466 4.05352 92.7772 -13 50 0 0 1
-0.202822 -0.00219122 800 0.118435 0.0372276 8.36829 46.1186 -13 51 0 0 1
-0.272097 -0.00677934 800 -0.0459115 0.0948998 8.17215 36.2867 -13 53 0 0 1
0.0530073 -0.254522 800 0.0443679 0.0450959 2.0746 101.926 -13 54 0 0 1
-0.0475009 0.0746286 800 0.015027 0.0641998 10.3784 47.0866 -13 55 0 0 1
0.010958 -0.227923 800 -0.0783477 0.0142384 14.0571 29.435 -13 56 0 0 1
0.00508177 0.00648069 800 0.0101827 0.00699846 9.77979 56.611 -13 57 0 0 1
-0.0871796 -0.00906333 800 -0.0133823 0.123987 8.20831 41.6903 -13 58 0 0 1
0.298799 0.289606 800 0.152187 0.0543878 6.95448 57.7439 -13 59 0 0 1
-0.200917 0.030372 800 -0.0308032 0.0848676 8.21161 56.1967 -13 60 0 0 1
0.0962791 0.0726326 800 0.0433924 -0.00960016 13.9425 36.1467 -13 61 0 0 1
-0.0989159 -0.042609 800 -0.0165651 -0.00792934 9.33789 43.3442 -13 62 0 0 1
0.0257697 -0.050332 800 -0.0182144 0.00493402 14.0017 48.7817 -13 63 0 0 1
0.0136815 0.0854053 800 0.0907182 -0.119385 8.84731 44.8456 -13 64 0 0 1
-0.113814 0.180124 800 0.0981238 0.00467869 4.99797 60.461 -13 65 0 0 1
0.0866555 0.108271 800 -0.0110043 0.0113139 7.36035 51.7573 -13 66 0 0 1
0.101446 0.057009 800 0.0237082 -0.0345021 11.5112 37.408 -13 67 0 0 1
0.112758 -0.238673 800 -0.0557234 -0.121179 10.6154 46.457 -13 68 0 0 1
-0.0503151 -0.323902 800 -0.0854751 -0.0256783 5.28852 66.0067 -13 69 0 0 1
0.0822322 0.136502 800 0.0368354 0.0134025 11.1449 30.9141 -13 70 0 0 1
0.00991807 -0.0137588 800 0.0102584 0.056001 11.6654 28.4634 -13 71 0 0 1
0.110515 -0.0870687 800 0.0127289 -0.0266879 10.3426 29.1651 -13 72 0 0 1
0.33128 0.253232 800 0.20732 -0.0534633 6.03938 68.0534 -13 73 0 0 1
-0.0732862 0.0362299 800 0.025 0.0138029 10.708 41.4764 -13 74 0 0 1
0.13137 0.291887 800 -0.0257325 -0.00353986 7.75374 64.4238 -13 75 0 0 1
-0.127535 -0.168217 800 -0.0222503 0.0165551 12.4784 48.6099 -13 76 0 0 1
0.0286972 -0.041311 800 -0.0532566 0.0152116 8.12226 60.8505 -13 77 0 0 1
-0.0933815 -0.131786 800 -0.00164251 0.0315977 13.5423 34.8528 -13 78 0 0 1
-0.172714 -0.177472 800 -0.049348 0.0256236 12.6557 47.7029 -13 79 0 0 1
0.145075 -0.00300665 800 -0.0240332 -0.0488673 10.2783 55.7033 -13 80 0 0 1
-0.0749043 0.140372 800 0.0378397 0.101828 8.64365 55.9368 -13 81 0 0 1
0.0993604 -0.154025 800 0.057112 -0.0925337 13.1961 44.9509 -13 82 0 0 1
0.0888805 -0.024296 800 -0.0421129 -0.0636337 9.83813 47.9176 -13 83 0 0 1
0.264505 -0.100876 800 -0.0676346 0.084793 6.26311 58.3971 -13 84 0 0 1
0.0408248 -0.0238751 800 -0.028221 -0.0376993 13.5957 25.0565 -13 85 0 0 1
0.169033 -0.0600962 800 0.0227878 -0.144625 7.91266 48.8613 -13 86 0 0 1
0.39061 -0.204396 800 -0.0307468 -0.0753747 8.44475 42.008 -13 88 0 0 1
0.245856 -0.145941 800 -0.0644492 -0.014095 9.93659 39.6223 -13 89 0 0 1
-0.0750272 0.220804 800 0.0301947 0.0716162 6.64369 51.2572 -13 90 0 0 1
-0.105108 -0.0953964 800 -0.00197499 0.0742586 7.11157 67.1919 -13 91 0 0 1
0.0515331 0.257017 800 0.0402824 -0.0919996 6.60702 70.3411 -13 92 0 0 1
0.537333 -0.0978733 800 -0.225822 -0.00361374 7.6523 62.9406 -13 93 0 0 1
0.052813 -0.192477 800 0.00715434 -0.0231262 5.55714 58.0509 -13 94 0 0 1
-0.103651 -0.0872392 800 -0.00936779 0.0503359 10.7473 38.4479 -13 95 0 0 1
0.00566844 -0.0127648 800 -0.00811985 0.015467 12.8508 37.5013 -13 97 0 0 1
-0.353968 1.27694 800 0.444182 -0.135694 9.41826 38.2764 -13 98 0 0 1
0.0170187 0.0206346 800 -0.0194759 -0.014096 14.0066 25.8561 -13 99 0 0 1
0.0195538 -0.319312 800 -0.123007 -0.0476532 12.3047 24.3579 -13 100 0 0 1
-0.567494 0.209473 800 0.0956709 -0.00973132 4.59337 75.668 -13 101 0 0 1
-0.4091 -0.198024 800 -0.0721777 0.0957461 9.9471 52.0817 -13 103 0 0 1
-0.037809 -0.137125 800 -0.024123 -0.00894085 9.59211 42.8132 -13 104 0 0 1
0.0981555 0.0252197 800 -0.0224993 -0.0180292 8.77907 39.1973 -13 105 0 0 1
-0.195409 -0.0706187 800 -0.00606658 0.0510754 10.2943 55.8796 -13 106 0 0 1
-0.0393413 0.041886 800 0.0354293 0.0264422 13.7447 38.7533 -13 107 0 0 1
0.376396 -0.079492 800 -0.0355251 -0.0716366 7.24614 51.6425 -13 108 0 0 1
0.183854 0.18578 800 0.00927177 -0.0735377 13.5624 21.976 -13 109 0 0 1
-0.431029 0.451372 800 0.0126435 0.242771 5.38257 54.6435 -13 110 0 0 1
0.077619 0.103563 800 0.0296756 -0.007483 9.82065 32.9234 -13 111 0 0 1
0.103732 -0.302711 800 -0.0910412 -0.118207 7.63564 41.173 -13 112 0 0 1
-0.0192979 -0.0540268 800 -0.017898 0.0260622 11.9371 34.343 -13 113 0 0 1
0.244693 0.334093 800 0.145873 -0.0554464 8.01629 42.161 -13 114 0 0 1
0.0166763 1.42089 800 0.430307 -0.100731 13.2163 41.4397 -13 115 0 0 1
-0.00433418 -0.112261 800 -0.0310486 0.0326446 10.2703 57.0801 -13 116 0 0 1
0.0585988 -0.201918 800 -0.023536 -0.081249 11.5423 29.9837 -13 117 0 0 1
-0.154095 0.371451 800 0.130327 -0.133882 5.74032 53.631 -13 118 0 0 1
-0.0161286 0.13302 800 0.0372088 -0.00349904 10.9551 45.8998 -13 119 0 0 1
0.261209 -0.529463 800 -0.00386442 0.031625 7.46061 51.9948 -13 120 0 0 1
0.251042 0.166123 800 0.0313973 -0.109094 7.91244 63.7993 -13 121 0 0 1
0.060997 -0.106776 800 -0.0356068 0.00125224 8.96777 38.2772 -13 122 0 0 1
-0.149745 -0.0333035 800 0.0917413 0.0373221 4.92004 78.8383 -13 123 0 0 1
-0.0327461 0.118923 800 0.0641738 -0.0121455 12.9884 37.4942 -13 124 0 0 1
-0.0562302 0.0728941 800 0.0656968 0.0111697 11.45 51.6211 -13 125 0 0 1
-0.249665 -0.072968 800 0.212622 0.0125961 11.7177 49.6143 -13 126 0 0 1
0.0600412 -0.300247 800 -0.0391035 -0.0386681 9.59407 35.6798 -13 127 0 0 1
-0.0719304 0.212758 800 0.0891629 0.0581933 13.4982 31.0606 -13 128 0 0 1
0.144808 0.282018 800 0.0781149 -0.0395469 13.4848 34.1391 -13 129 0 0 1
0.0302216 -0.153525 800 -0.0506907 -0.0391401 10.4501 49.727 -13 130 0 0 1
0.0983656 -0.0788009 800 0.0660287 -0.0214737 9.11432 39.5154 -13 131 0 0 1
-0.764066 -0.456118 800 -0.0809023 0.244068 13.2378 44.2398 -13 132 0 0 1
-0.0592387 -0.0729581 800 -0.0449607 0.0670973 14.5005 38.9059 -13 133 0 0 1
-0.0810747 -0.114749 800 -0.00357326 0.115982 7.22396 58.0698 -13 134 0 0 1
0.0139648 0.0729918 800 0.0289665 0.00823128 13.3401 25.9642 -13 135 0 0 1
0.0500346 0.0151492 800 0.0282219 -0.0289959 12.9714 34.1422 -13 136 0 0 1
-0.0946202 0.283531 800 0.0218891 -0.0563594 7.18068 43.5996 -13 137 0 0 1
0.0716259 -0.0959136 800 0.00497934 0.0381686 4.38125 67.2188 -13 138 0 0 1
-0.0544438 0.0104318 800 0.00201238 -0.0406089 11.4743 44.7611 -13 139 0 0 1
-0.0839674 0.10554 800 0.0705296 0.0343109 14.1366 45.5621 -13 140 0 0 1
0.00768819 0.082789 800 0.00318387 -0.020103 13.8143 22.0765 -13 141 0 0 1
0.01221 0.00739617 800 0.00999824 -0.0459286 13.7447 32.7376 -13 142 0 0 1
0.0506666 -0.213235 800 -0.0355129 -0.0614245 11.0229 31.6979 -13 143 0 0 1
0.0301777 -0.0353905 800 -0.0113227 -0.0228068 14.3878 40.7699 -13 144 0 0 1
-0.0155583 0.17585 800 -0.0322809 -0.00915885 9.8454 54.4034 -13 145 0 0 1
0.240369 0.0717496 800 0.000155611 -0.0103982 9.20813 41.7019 -13 146 0 0 1
-0.0990629 0.0327871 800 0.0204359 0.0228969 11.2242 40.8967 -13 147 0 0 1
-0.0170029 0.135199 800 0.0262233 -0.0130443 7.33134 51.9419 -13 148 0 0 1
0.116766 -0.0930812 800 0.00640551 -0.0462745 6.96722 49.2394 -13 149 0 0 1
-0.0232381 0.01973 800 0.0166044 -0.0111874 13.8416 41.4818 -13 150 0 0 1
-0.225555 -0.0905884 800 0.0358218 -0.0229495 8.04931 38.8225 -13 151 0 0 1
0.0214992 0.00435642 800 -0.00222794 -0.0260912 14.1286 44.7463 -13 152 0 0 1
0.0596199 -0.203382 800 -0.0831359 0.0175511 13.6701 44.8315 -13 153 0 0 1
-0.0392191 -0.270313 800 -0.0305639 -0.027796 9.43837 47.5432 -13 154 0 0 1
-0.22044 -0.203964 800 -0.0853167 0.107554 9.92692 54.0883 -13 155 0 0 1
0.0605679 -0.0503002 800 0.0208411 -0.00879633 11.9755 40.8157 -13 156 0 0 1
-0.18698 0.0412055 800 -0.000291355 0.049944 13.2381 31.0725 -13 157 0 0 1
0.440836 -0.314927 800 -0.165674 0.00152879 8.37666 44.2163 -13 158 0 0 1
0.0294002 -0.0542945 800 -0.0234652 -0.0196768 14.3313 43.1557 -13 159 0 0 1
-0.111498 0.0206063 800 -0.0249578 -0.0346207 7.45818 46.7916 -13 160 0 0 1
0.0160961 -0.143401 800 -0.110202 -0.0105894 14.101 27.509 -13 161 0 0 1
0.0800631 0.124458 800 0.0572167 -0.0201211 9.71391 44.7558 -13 162 0 0 1
0.151909 -0.103875 800 0.0308195 -0.00570357 9.72248 32.472 -13 163 0 0 1
-0.0645414 0.00508783 800 -0.0433039 0.0125713 14.2177 40.5412 -13 164 0 0 1
-0.414551 -0.0416767 800 -0.0793885 0.107109 12.3311 48.0664 -13 165 0 0 1
0.18726 -0.0457811 800 0.00115533 -0.0994567 11.0038 54.7976 -13 166 0 0 1
-0.0367716 0.206779 800 -0.0167015 -0.0726825 9.81135 34.0872 -13 167 0 0 1
0.134744 -0.0524988 800 -0.0470407 0.00165442 11.4143 26.1948 -13 168 0 0 1
-0.0314315 0.0797421 800 0.0490617 0.0326872 13.0586 48.5348 -13 169 0 0 1
0.0343833 0.058235 800 0.0702721 -0.063052 8.90586 51.0351 -13 170 0 0 1
0.0393175 0.121832 800 0.0132751 -0.00152484 14.5052 42.0227 -13 171 0 0 1
-0.122248 -0.416395 800 -0.106115 0.013573 11.8411 38.9933 -13 172 0 0 1
-0.0790123 0.00234556 800 -0.033502 0.0148625 13.0404 23.3485 -13 173 0 0 1
0.0396364 -0.167103 800 -0.0166794 0.0113971 9.72625 53.1017 -13 174 0 0 1
-0.19983 0.0171964 800 0.0370772 0.0428072 10.6612 29.5496 -13 175 0 0 1
0.514484 -0.21691 800 -0.0127399 -0.190027 10.7659 41.0252 -13 176 0 0 1
0.172294 -1.19457 800 -0.0250472 -0.0323238 2.94697 89.7577 -13 177 0 0 1
-0.16955 0.5247 800 0.113941 -0.106528 5.49317 62.2628 -13 178 0 0 1
0.944024 0.180868 800 0.0332477 -0.32377 5.36066 67.5729 -13 179 0 0 1
-0.246843 1.11904 800 0.405965 -0.0879512 7.07982 63.4926 -13 180 0 0 1
-0.074269 -0.0271057 800 0.0723442 -0.0325551 8.75166 59.1341 -13 181 0 0 1
-0.0085887 -0.0694934 800 -0.0400833 0.0639282 9.24433 48.4808 -13 182 0 0 1
0.00609095 0.0740838 800 0.0601951 0.0283305 14.0225 26.0787 -13 183 0 0 1
-0.0417764 0.0090123 800 0.105666 0.0293286 12.257 28.2694 -13 184 0 0 1
0.164462 -0.0908192 800 0.118561 -0.0860207 11.4978 40.9295 -13 185 0 0 1
-0.153656 -0.0875881 800 -0.0297171 0.0534748 11.8678 53.4527 -13 186 0 0 1
0.078768 0.164435 800 0.0794848 0.0590583 4.58959 63.3612 -13 187 0 0 1
-0.0559313 0.00749146 800 -0.0594629 0.0458447 8.53349 49.964 -13 188 0 0 1
0.0387508 -0.24085 800 -0.0756496 -0.0333704 5.7156 49.8474 -13 189 0 0 1
-0.0165805 -0.116621 800 -0.0455114 -0.00839398 8.38295 39.719 -13 190 0 0 1
-0.242638 -0.0541276 800 -0.248276 -0.146657 12.1833 29.6242 -13 191 0 0 1
0.0212813 0.228128 800 0.0742683 0.0076613 12.0711 29.6454 -13 192 0 0 1
0.161427 0.118923 800 -0.0205249 -0.0303235 10.3125 34.8572 -13 194 0 0 1
-0.107699 0.168916 800 0.0751021 0.0864222 10.8476 48.4375 -13 195 0 0 1
0.0796575 0.0323995 800 -0.0437447 -0.0568763 11.6789 54.0465 -13 196 0 0 1
-0.156189 -0.0175721 800 -0.0469348 0.0358088 12.2963 27.997 -13 198 0 0 1
0.00665455 -0.047022 800 -0.0168993 -0.00591923 12.9201 36.7021 -13 199 0 0 1
0.0220254 -0.0733571 800 -0.00324146 -0.0223721 11.5901 46.5974 -13 201 0 0 1
-0.106767 0.0468996 800 0.069803 0.117059 12.0026 44.9294 -13 202 0 0 1
-0.221647 0.00858538 800 -0.0135195 0.0410447 14.4536 40.8046 -13 203 0 0 1
0.252173 0.243041 800 -0.0538125 -0.110788 5.34023 60.8192 -13 204 0 0 1
-0.131602 0.106075 800 0.0261276 0.0420464 7.12736 50.9682 -13 205 0 0 1
-0.32634 -0.0667483 800 -0.0455065 0.0701812 9.1852 59.021 -13 207 0 0 1
0.0189328 -0.0370517 800 -0.0151337 -0.0240081 13.708 34.0336 -13 209 0 0 1
-1.11754 -1.49069 800 0.317136 0.55604 2.36344 115.636 -13 210 0 0 1
-0.367374 0.0974919 800 -0.0719273 0.127347 6.45004 58.5704 -13 211 0 0 1
-0.184998 -0.802799 800 -0.266362 0.0631299 13.934 22.1404 -13 212 0 0 1
0.261276 -0.0397222 800 0.0211103 -0.0744647 8.94158 60.9063 -13 213 0 0 1
0.0908127 -0.0361716 800 0.0153314 -0.0246981 9.78023 47.5205 -13 214 0 0 1
0.229348 -0.0749849 800 -0.0227959 0.0370629 3.81752 83.1384 -13 215 0 0 1
-0.0322698 0.0825528 800 0.0800771 0.0326849 9.87724 41.2401 -13 216 0 0 1
-0.342425 0.330089 800 0.143682 0.0491575 9.43093 43.3833 -13 217 0 0 1
0.0872475 -0.161306 800 -0.0598033 0.0186995 5.01706 69.8386 -13 218 0 0 1
-0.0181884 -0.170561 800 -0.0187231 0.0231326 9.72727 39.7289 -13 219 0 0 1
-0.0263514 0.0484254 800 0.0328955 0.0346067 13.319 33.4806 -13 220 0 0 1
-0.0104681 -0.810723 800 -0.213725 0.017742 3.18187 88.2688 -13 221 0 0 1
-0.00763492 0.0712573 800 0.0536912 -0.0642107 8.90394 39.1011 -13 222 0 0 1
-0.174112 -0.148271 800 0.00671404 -0.000951228 8.61451 36.5172 -13 223 0 0 1
0.487235 0.0122975 800 -0.063 -0.0788513 5.98867 75.5058 -13 224 0 0 1
-0.101809 -0.0356587 800 0.00153127 0.0328908 12.3367 44.2481 -13 225 0 0 1
0.0895381 -0.141909 800 -0.106644 -0.06646 10.0691 47.4617 -13 226 0 0 1
0.110068 -0.0241523 800 -0.0608321 -0.0593478 12.6078 42.5879 -13 227 0 0 1
0.290706 0.14372 800 -0.0370208 -0.0819123 13.4962 34.709 -13 228 0 0 1
-0.0335461 0.0927263 800 0.0100727 0.0380945 13.4305 32.2993 -13 229 0 0 1
-0.406845 0.0107956 800 -0.091839 0.0779461 11.9412 25.55 -13 230 0 0 1
0.130835 -0.078542 800 -0.0781652 -0.0275415 8.98072 57.9947 -13 231 0 0 1
-0.0614179 -0.132282 800 -0.0475192 -0.0642958 6.23836 64.2644 -13 232 0 0 1
-0.261818 0.130528 800 0.130053 0.0135688 10.9516 54.1483 -13 233 0 0 1
0.0119142 0.0890518 800 0.0293382 0.0140731 12.4805 26.0934 -13 234 0 0 1
0.250587 0.239781 800 -0.0040658 -0.0454183 6.27087 68.4664 -13 235 0 0 1
0.236728 -0.0427847 800 0.0105191 -0.161194 4.2935 82.9259 -13 236 0 0 1
0.248027 -0.0280481 800 0.0293264 -0.0615434 8.33473 49.2456 -13 237 0 0 1
0.101275 -0.219709 800 -0.0709867 -0.0407028 9.40058 35.3229 -13 238 0 0 1
-0.1571 0.086874 800 0.0324627 0.062375 12.7605 34.2904 -13 239 0 0 1
-0.00158293 0.0582097 800 0.0142741 -0.0219639 12.7455 27.9976 -13 240 0 0 1
-0.0482306 0.192893 800 0.067022 -0.0212751 12.784 24.7454 -13 241 0 0 1
0.388481 -0.762805 800 -0.275533 -0.0741109 10.9014 42.6492 -13 242 0 0 1
-0.12476 0.0828902 800 0.0683344 0.0640387 13.7893 48.8038 -13 243 0 0 1
0.0333651 0.302735 800 0.0314993 0.0161981 8.62359 56.5435 -13 244 0 0 1
-0.11502 0.101305 800 -0.0914578 0.212171 12.9024 34.7184 -13 245 0 0 1
0.146845 0.0113694 800 -0.0310826 -0.00253396 8.00287 44.2883 -13 246 0 0 1
-0.0654585 0.0217386 800 -0.0175158 -0.0158398 11.624 35.2061 -13 247 0 0 1
0.00279211 -0.20425 800 -0.0745421 -0.0189143 11.8161 51.8035 -13 248 0 0 1
0.02039 0.020009 800 0.010415 0.00720632 12.3282 34.1208 -13 249 0 0 1
-0.0838408 0.0131385 800 0.0740308 0.11838 10.2711 47.2196 -13 250 0 0 1
-0.0173754 -0.344371 800 -0.0861407 -0.0278938 8.27275 60.5633 -13 251 0 0 1
0.0460105 0.0794848 800 0.02867 0.0152102 12.9674 29.8307 -13 252 0 0 1
-0.0334073 -0.118347 800 0.0806584 0.114673 11.8956 45.3869 -13 253 0 0 1
0.153238 -0.217944 800 0.0028191 0.00718546 8.29882 38.9431 -13 254 0 0 1
-0.0797451 0.0227822 800 0.00254286 -0.00328855 12.0472 31.5253 -13 255 0 0 1
-0.120156 0.183393 800 0.0752027 0.0634439 12.1937 24.3013 -13 256 0 0 1
0.135299 0.13603 800 0.0285507 -0.00148238 11.2738 36.6522 -13 257 0 0 1
-0.0241978 0.223867 800 0.078326 0.0270039 11.7194 41.2868 -13 258 0 0 1
0.0728795 0.126325 800 0.0482013 0.0078717 14.448 25.4332 -13 259 0 0 1
-0.120335 0.0597132 800 0.00988569 0.011189 14.2099 44.0837 -13 260 0 0 1
0.133659 0.135347 800 0.0876285 -0.00320923 13.8364 35.9299 -13 261 0 0 1
-0.0354199 0.163937 800 0.131033 -0.0408957 12.9455 41.5333 -13 262 0 0 1
0.0412745 -0.0206021 800 0.0294453 -0.0312841 10.5185 34.8539 -13 263 0 0 1
0.336173 1.51924 800 0.379108 -0.0159174 2.98731 104.538 -13 264 0 0 1
-0.0364185 0.00400713 800 0.00660963 0.0011323 12.8018 46.2259 -13 265 0 0 1
0.0701582 0.264074 800 0.0362192 0.0433307 11.3119 49.9177 -13 266 0 0 1
0.031066 -0.0219305 800 -0.0236298 0.00506463 14.052 43.0656 -13 267 0 0 1
-0.129672 -0.266902 800 -0.0473766 0.0109163 12.2492 29.1105 -13 268 0 0 1
-0.0707525 0.192342 800 -0.0422784 0.0709175 11.8954 36.0546 -13 269 0 0 1
0.281941 -0.757804 800 -0.107877 0.0251853 2.72758 114.728 -13 270 0 0 1
-0.0285786 0.0989551 800 0.120009 -0.0274832 7.21987 66.5944 -13 271 0 0 1
-0.0653098 0.0425517 800 0.0118476 0.0381281 14.4518 29.947 -13 272 0 0 1
0.0865876 0.000455143 800 0.044069 -0.00453972 8.01333 45.7519 -13 273 0 0 1
0.20616 0.0643557 800 0.0869903 -0.0928726 12.6029 49.8892 -13 274 0 0 1
0.0595611 0.163487 800 0.0550295 -0.031003 8.68785 52.3127 -13 275 0 0 1
0.0383017 -0.179854 800 -0.0368812 0.0341802 11.516 30.7024 -13 276 0 0 1
0.0388725 -0.0500773 800 -0.0592315 -0.0329067 9.56139 54.8845 -13 277 0 0 1
0.00898526 -0.0750821 800 -0.035382 0.00356716 13.747 33.7604 -13 278 0 0 1
0.0636849 0.0731732 800 0.0595243 -0.0221893 13.3276 42.2693 -13 279 0 0 1
-0.219449 0.37375 800 0.155528 0.188345 6.20382 51.5377 -13 280 0 0 1
-0.100755 -0.0763204 800 0.0439815 0.0484603 8.11912 55.0678 -13 281 0 0 1
0.0695785 -0.106521 800 -0.0264189 -0.000823601 9.49398 53.4325 -13 282 0 0 1
0.037215 -0.0071531 800 -0.0103064 -0.00664247 10.6757 34.0963 -13 283 0 0 1
-0.0542639 -0.237999 800 -0.0690246 0.0496388 7.13701 53.1624 -13 284 0 0 1
-0.464577 -0.273021 800 -0.181039 0.0136553 2.41022 120.272 -13 285 0 0 1
0.289478 0.125354 800 0.0481022 -0.0264599 6.6996 68.1033 -13 286 0 0 1
0.127841 0.255022 800 0.0270401 -0.0839341 10.8473 54.6189 -13 287 0 0 1
0.0116463 0.0731669 800 0.0639126 -0.0133543 11.9463 49.5755 -13 288 0 0 1
0.236812 -0.123262 800 -0.0275199 -0.0778698 9.37077 47.9151 -13 289 0 0 1
-0.0030014 -0.2398 800 -0.0422814 0.0415767 9.02955 40.2689 -13 290 0 0 1
0.30606 -0.147967 800 -0.0425426 0.00829861 6.83985 60.0128 -13 291 0 0 1
0.0101588 -0.0708944 800 -0.0638123 -0.00247008 13.26 25.0421 -13 292 0 0 1
0.015658 0.0638866 800 0.0621086 0.013056 7.35613 67.6675 -13 293 0 0 1
0.0674596 0.106568 800 0.0458996 -0.0167091 13.815 50.4739 -13 294 0 0 1
-0.353897 0.0560117 800 0.0662277 0.1524 7.17479 62.4285 -13 295 0 0 1
0.39456 -0.0600157 800 -0.0325106 -0.0505813 5.9519 62.3769 -13 296 0 0 1
-0.326744 -0.215353 800 -0.0975764 0.0762294 11.9703 28.8495 -13 297 0 0 1
0.0398562 0.0399371 800 -0.0141062 -0.0122083 12.1585 36.4344 -13 299 0 0 1
0.690431 -0.0528589 800 0.0501041 -0.2101 2.67006 114.62 -13 300 0 0 1
0.0999741 -0.252508 800 -0.0223217 -0.0189572 8.1811 61.2728 -13 301 0 0 1
0.060654 0.280606 800 0.147208 -0.122303 7.46437 53.873 -13 302 0 0 1
-0.100604 0.0881793 800 0.0495912 0.0750487 11.6511 37.7449 -13 303 0 0 1
0.236572 -0.0573121 800 0.0644015 -0.0412983 7.61697 54.3418 -13 304 0 0 1
-0.00516369 -0.0454316 800 -0.0162545 -0.00515925 11.0753 36.1331 -13 305 0 0 1
0.0456928 0.139926 800 0.0617014 -0.037247 9.68099 45.0053 -13 306 0 0 1
-0.222245 -0.485014 800 0.00230864 0.318833 4.14331 75.6286 -13 307 0 0 1
0.026063 -0.108559 800 -0.0622693 0.0151908 12.3637 29.8687 -13 308 0 0 1
-0.381616 -0.194232 800 -0.13135 0.0767989 9.52365 50.1951 -13 309 0 0 1
0.318973 -0.0211474 800 -0.00600362 -0.105895 5.58834 59.4932 -13 310 0 0 1
0.0321389 -0.00435576 800 0.021923 -0.0488344 13.9709 37.8934 -13 311 0 0 1
0.0404317 0.0318201 800 0.00161524 -0.000700396 12.1468 30.7703 -13 312 0 0 1
0.0205887 0.121866 800 -0.00255918 -0.0386565 13.0397 24.0534 -13 313 0 0 1
-0.0557215 0.059885 800 0.0494623 0.015689 13.7699 22.6337 -13 314 0 0 1
-0.0809552 -0.0528278 800 -0.0296177 0.0232964 11.5989 28.6775 -13 315 0 0 1
-0.0917335 0.163572 800 -0.0113416 -0.0400281 9.06624 38.1097 -13 316 0 0 1
-0.435126 0.555966 800 0.0384137 -0.155634 0.809183 137.366 -13 317 0 0 1
-0.375125 -0.153627 800 -0.0551289 0.106387 6.05377 52.3237 -13 318 0 0 1
0.0415279 -0.122007 800 -0.00880182 -0.055059 13.8034 26.7877 -13 320 0 0 1
0.120708 0.0145492 800 0.0369989 -0.0349622 9.97834 34.3855 -13 321 0 0 1
0.0380304 0.0786062 800 0.00754231 0.0242236 12.7397 28.4635 -13 322 0 0 1
-0.0743304 -0.174699 800 0.0387448 0.0331648 6.02243 54.0916 -13 323 0 0 1
0.114233 -0.226667 800 0.00293446 -0.0283329 11.4305 52.0291 -13 325 0 0 1
-0.0240025 0.0116307 800 0.0172811 0.00762535 10.6926 47.2784 -13 326 0 0 1
0.011429 -0.060215 800 0.000651942 -0.0365371 12.4432 36.3139 -13 327 0 0 1
0.334869 0.165898 800 0.239915 0.00592079 3.88427 88.2097 -13 328 0 0 1
0.0381722 -0.0924627 800 0.0389108 -0.0657179 11.9722 46.353 -13 329 0 0 1
-0.313872 -0.0322851 800 -0.138914 0.0643348 8.89299 40.2586 -13 330 0 0 1
0.261531 0.0728721 800 0.0614508 -0.0714843 5.45397 52.0161 -13 331 0 0 1
0.397096 1.065 800 0.0402541 0.0025554 4.70006 64.0191 -13 332 0 0 1
-0.161787 0.0319603 800 -0.01109 0.050625 9.79692 40.4746 -13 333 0 0 1
-0.0881079 -0.130384 800 -0.0794637 0.0466943 12.8503 25.1584 -13 334 0 0 1
0.0665193 0.259346 800 0.0552579 0.0543155 14.2444 41.5381 -13 335 0 0 1
0.00680348 -0.334109 800 -0.0388682 0.000748226 5.62565 63.6577 -13 336 0 0 1
0.0121662 -0.0152639 800 -0.0160741 -0.0130234 13.7301 39.5212 -13 337 0 0 1
0.151246 0.0209539 800 -0.109978 -0.0442665 9.63271 54.3326 -13 338 0 0 1
0.367397 -0.0874744 800 -0.0855034 -0.181879 9.30635 59.5112 -13 339 0 0 1
-0.0196797 -0.0594842 800 -0.00674551 0.0114677 12.451 50.7993 -13 341 0 0 1
0.125429 0.0653545 800 0.0520155 -0.0273186 13.2378 28.271 -13 344 0 0 1
-0.0274546 -0.791863 800 -0.192065 -0.0433908 9.62875 30.4624 -13 345 0 0 1
0.0533418 -0.146582 800 -0.0503661 -0.00574029 13.4505 36.6986 -13 346 0 0 1
-0.134913 0.0162374 800 0.0262338 0.0353784 12.0961 38.5239 -13 347 0 0 1
-0.185653 -0.00693944 800 0.00429934 0.079428 13.7782 47.4347 -13 348 0 0 1
-0.183156 0.131361 800 0.147745 0.140803 7.05749 54.406 -13 349 0 0 1
-0.129034 0.0675477 800 0.0762474 -0.026008 7.70596 60.1132 -13 350 0 0 1
1.17164 1.06475 800 0.518278 0.884434 4.12748 72.6934 -13 351 0 0 1
-0.370653 -0.344464 800 -0.109101 -0.0203435 3.90753 78.9619 -13 352 0 0 1
0.338279 0.0648753 800 0.0138333 -0.170552 10.8338 53.8458 -13 354 0 0 1
-1.23695 -0.605178 800 0.0564969 -0.0471168 2.51065 108.119 -13 355 0 0 1
-0.064423 -0.316571 800 -0.0657775 0.0728665 9.75129 57.2686 -13 356 0 0 1
-0.00560665 0.181616 800 -0.0339982 -0.0296391 10.6171 54.3825 -13 357 0 0 1
0.211353 0.0557371 800 -0.0322899 -0.101407 10.8746 43.9313 -13 358 0 0 1
-0.0148817 -0.0159734 800 0.00891531 0.0239606 11.78 30.7245 -13 359 0 0 1
-0.0421726 -0.017978 800 0.00147568 0.0361726 13.5004 43.045 -13 360 0 0 1
0.360212 -0.288152 800 -0.0459336 -0.185445 3.43365 80.036 -13 361 0 0 1
-0.0799111 0.0756982 800 0.0417214 0.0478469 8.73293 33.7093 -13 362 0 0 1
-0.0580673 -0.046105 800 0.0710043 0.0374401 12.1579 52.1776 -13 363 0 0 1
0.0529365 -0.0413398 800 -0.00786771 -0.024792 14.4458 24.9069 -13 364 0 0 1
0.101419 0.119305 800 0.0258969 -0.0091303 11.8401 29.1729 -13 365 0 0 1
0.000374672 -0.225511 800 0.0107148 -0.0220864 7.86501 37.232 -13 366 0 0 1
-0.234553 0.0519614 800 -0.00172782 0.152962 11.7048 49.2738 -13 367 0 0 1
0.157987 -0.13186 800 0.0766044 -0.107828 5.92721 66.5715 -13 368 0 0 1
-0.0631153 -0.00918703 800 0.0389339 -0.0132744 6.36835 47.9654 -13 370 0 0 1
0.0469732 0.447506 800 0.171445 -0.0848226 14.5166 37.7626 -13 371 0 0 1
0.101614 -0.163699 800 -0.029053 -0.0838105 14.1958 29.6157 -13 373 0 0 1
-0.0924984 0.496411 800 0.175603 -0.144177 4.86197 62.8303 -13 374 0 0 1
0.0279481 0.0148551 800 -0.00493936 -0.000136455 13.3649 43.6557 -13 375 0 0 1
1.50722 0.20231 800 -0.0120309 -0.347864 6.57345 55.922 -13 376 0 0 1
-0.07725 -0.0588348 800 -0.00425399 0.00444871 10.5013 37.4968 -13 377 0 0 1
-0.278063 -0.379135 800 -0.107704 0.0666287 7.37286 41.6291 -13 379 0 0 1
-0.295305 0.111555 800 -0.00975134 0.147959 10.7022 32.2085 -13 380 0 0 1
-0.0467806 0.133159 800 0.0465077 -0.0412882 7.77507 49.2561 -13 381 0 0 1
0.101613 0.0618729 800 0.0613708 -0.0252091 13.3942 34.2231 -13 382 0 0 1
0.213356 -0.166566 800 -0.0638495 -0.114734 14.0979 35.1143 -13 384 0 0 1
-0.0952179 -0.0504081 800 -0.0226511 0.0216684 14.4571 29.3318 -13 386 0 0 1
-0.0132098 -0.0419848 800 0.0123681 -0.0310016 14.4262 38.0153 -13 387 0 0 1
0.200854 0.203717 800 0.0605444 -0.0445174 9.33189 54.3979 -13 388 0 0 1
0.0859821 -0.036305 800 -0.0925187 -0.00752529 13.436 40.1998 -13 389 0 0 1
-0.406241 0.0768338 800 -0.00401246 0.13444 10.3073 37.1921 -13 390 0 0 1
-0.0937832 -0.208476 800 -0.0675133 0.0451775 8.65813 61.266 -13 391 0 0 1
-0.365851 -0.0756209 800 0.164475 0.0890023 8.10638 62.5226 -13 392 0 0 1
-0.197454 -0.110001 800 -0.037821 -0.129399 3.63708 74.5753 -13 393 0 0 1
-0.625881 0.855275 800 -0.396657 0.303216 3.46334 82.5031 -13 394 0 0 1
0.171929 -0.208132 800 0.130408 -0.0185945 14.0825 29.5862 -13 395 0 0 1
0.0235652 -0.0830338 800 -0.0145283 -0.0178523 7.0283 56.5005 -13 396 0 0 1
0.105948 -0.12655 800 -0.00551163 -0.00425164 14.4951 27.5341 -13 397 0 0 1
0.0204888 0.253865 800 0.0739777 0.00508702 13.2989 29.2135 -13 398 0 0 1
0.0512546 -0.105633 800 -0.0622183 -0.00696296 12.6131 26.4288 -13 399 0 0 1
-0.023433 -0.101775 800 -0.0708797 -0.0396569 11.6353 36.2875 -13 400 0 0 1
-0.111911 0.105678 800 -0.00828456 0.0247058 11.1606 39.1343 -13 401 0 0 1
0.341297 0.173375 800 -0.0458131 -0.0491185 7.28372 40.7048 -13 402 0 0 1
0.0093639 0.408743 800 0.00197096 0.147782 5.66478 69.6595 -13 403 0 0 1
0.103966 -0.0212648 800 -0.0463974 -0.0284408 14.3902 28.6969 -13 404 0 0 1
-0.387731 -0.155672 800 0.0115298 0.22529 12.7724 39.8553 -13 405 0 0 1
0.005791 -0.350622 800 -0.106934 0.00192213 7.07449 55.3193 -13 406 0 0 1
0.274277 0.266053 800 0.00314589 0.0506827 4.62381 83.3974 -13 407 0 0 1
-0.113065 0.0545147 800 -0.0421091 -0.0259438 10.8529 48.0694 -13 408 0 0 1
-0.0159305 -0.331116 800 -0.101468 0.0606507 12.1967 27.3053 -13 409 0 0 1
-0.101862 -0.261344 800 0.0339122 0.0816522 7.15045 49.934 -13 410 0 0 1
0.262793 -0.344829 800 -0.0168057 -0.0731038 6.79486 46.9106 -13 411 0 0 1
0.00580481 0.102237 800 -0.0600141 -0.0261523 7.19994 44.0512 -13 412 0 0 1
0.459899 0.568287 800 0.244865 -0.0815492 5.49548 51.134 -13 413 0 0 1
-0.078667 -0.0262131 800 0.0292116 -0.0289659 9.81271 35.9291 -13 414 0 0 1
0.0592056 -0.118625 800 -0.0797896 -0.0422148 8.22979 41.8163 -13 415 0 0 1
-0.21059 0.0197324 800 0.0182837 -0.0116584 12.6146 36.8401 -13 416 0 0 1
-0.0625236 -0.178151 800 -0.242996 -0.0183334 6.41769 49.8722 -13 417 0 0 1
-0.142772 -0.195943 800 -0.0662801 0.0646813 9.94526 55.2707 -13 418 0 0 1
0.130312 0.263898 800 0.114222 0.109771 7.64803 51.1586 -13 419 0 0 1
-0.0561578 0.0524925 800 0.0990431 0.0310105 12.4709 33.2053 -13 420 0 0 1
-0.149942 0.145767 800 0.0437642 0.0250882 13.1987 26.8261 -13 421 0 0 1
0.348414 0.216204 800 0.0450711 -0.220249 7.01318 44.4544 -13 422 0 0 1
-0.0227801 -0.319646 800 0.00593498 0.11701 9.3129 40.7994 -13 424 0 0 1
-0.598532 -0.0997349 800 -0.119777 0.143268 4.92113 84.5457 -13 425 0 0 1
0.076468 -0.0661495 800 -0.0315827 -0.108744 4.8838 80.5623 -13 426 0 0 1
0.133927 0.0458188 800 0.0267867 -0.0456418 10.8007 52.4645 -13 427 0 0 1
-0.558672 0.261083 800 0.154297 0.114742 6.93534 48.9833 -13 428 0 0 1
-0.0837553 0.206625 800 -0.0960213 -0.135698 7.73776 49.8252 -13 429 0 0 1
-0.00733341 -0.0177291 800 0.0129073 -0.0172197 9.92155 39.3287 -13 430 0 0 1
-0.233614 0.0352963 800 -0.0202906 0.101923 10.828 36.5905 -13 431 0 0 1
-0.0259291 -0.024881 800 0.0150586 0.0465074 9.93994 47.0805 -13 432 0 0 1
0.0350474 0.0113975 800 0.0162788 -0.0170336 11.0232 51.3757 -13 433 0 0 1
0.0191041 -0.0139132 800 -0.0263932 -0.00803617 13.6959 32.5424 -13 434 0 0 1
-0.320161 -0.124039 800 -0.0504491 0.0850065 11.3719 40.3314 -13 435 0 0 1
-0.2546 -0.16541 800 0.00917695 0.068468 11.2056 32.4894 -13 436 0 0 1
0.0441162 -0.0311341 800 -0.0146348 -0.0075488 10.6913 38.2669 -13 437 0 0 1
0.095159 -0.112875 800 0.0204819 -0.0487347 11.112 42.3597 -13 438 0 0 1
-0.0032605 -0.163548 800 0.0165476 0.0272442 11.9393 52.7586 -13 439 0 0 1
0.59018 -0.0314212 800 -0.175201 -0.161498 8.8378 53.4166 -13 440 0 0 1
-0.0639369 0.0232552 800 -0.0554582 -0.0539669 11.3832 39.5013 -13 441 0 0 1
-0.169202 -0.0163453 800 0.168456 0.0494283 3.63139 73.1603 -13 442 0 0 1
0.0861851 -0.169949 800 -0.0207222 -0.115928 7.542 63.3802 -13 443 0 0 1
0.0565319 -0.0114486 800 -0.0232266 0.0691464 11.3736 36.1773 -13 444 0 0 1
0.343592 -0.0980677 800 -0.00372634 -0.142438 7.93576 61.644 -13 445 0 0 1
-0.0923583 0.0800558 800 0.0413476 0.0288221 13.39 48.4091 -13 446 0 0 1
0.112461 -0.0665458 800 0.0527487 -0.019332 11.5454 37.0575 -13 447 0 0 1
0.150342 -0.295951 800 -0.102865 -0.00387688 9.79216 32.9652 -13 448 0 0 1
0.215773 -0.0520938 800 -0.0549372 -0.0526727 8.13188 39.7999 -13 449 0 0 1
0.096538 -0.130586 800 0.0053302 0.0062804 12.3373 52.7072 -13 450 0 0 1
-0.0400794 0.238233 800 0.0479957 -0.0301937 7.7919 57.0305 -13 451 0 0 1
0.110433 0.221587 800 0.111629 -0.0224305 11.8523 50.8851 -13 452 0 0 1
-0.0242664 -0.0100166 800 -0.0225938 0.00111325 12.9513 50.2055 -13 453 0 0 1
0.0975615 -0.0965623 800 0.00531524 -0.0496889 9.51212 39.4254 -13 454 0 0 1
0.125362 -0.128778 800 -0.0626857 -0.00824138 13.9922 24.648 -13 456 0 0 1
-0.012161 0.0600184 800 0.0841909 -0.0346892 9.433 32.1134 -13 457 0 0 1
-0.321234 0.14411 800 0.0417056 0.0663586 11.5772 51.6529 -13 458 0 0 1
0.281443 -0.190782 800 -0.016512 -0.0706447 7.95792 44.6591 -13 459 0 0 1
0.0520991 -0.040172 800 -0.0137862 0.0218014 10.5659 30.4044 -13 460 0 0 1
-0.0356022 0.031688 800 -0.0204628 -0.00196225 13.4443 47.5804 -13 461 0 0 1
-0.0270616 0.0532215 800 -0.0204901 -0.0231455 13.5723 47.4301 -13 462 0 0 1
0.0481785 -0.0897853 800 0.00843426 0.0194638 7.65369 49.5004 -13 463 0 0 1
-0.229501 -0.299605 800 -0.294414 0.150514 3.5142 100.843 -13 464 0 0 1
-0.191058 -0.270437 800 -0.11896 0.0921864 9.8756 34.7622 -13 465 0 0 1
-0.206311 0.259552 800 0.0378127 0.0326934 7.35217 40.4855 -13 466 0 0 1
-0.034485 0.00736238 800 0.077827 -0.0225146 14.0388 23.9863 -13 467 0 0 1
0.177931 0.0443238 800 -0.0111169 -0.0567856 8.7927 43.1232 -13 468 0 0 1
0.397438 -0.455361 800 0.0256922 -0.117149 4.70261 75.6624 -13 469 0 0 1
0.0714775 -0.351545 800 -0.198009 -0.000593216 6.32359 47.1965 -13 470 0 0 1
0.126886 0.0137209 800 -0.00614615 -0.0148287 9.94609 49.2161 -13 472 0 0 1
0.345624 -0.506415 800 -0.0410969 -0.132817 5.2573 54.6278 -13 473 0 0 1
-0.478775 0.0926847 800 0.081214 0.0868793 8.21654 50.1336 -13 474 0 0 1
0.0736961 -0.0717183 800 -0.0381007 -0.0392775 11.7802 34.9254 -13 475 0 0 1
0.199158 0.0371498 800 0.0235447 -0.108799 7.82285 37.6723 -13 476 0 0 1
0.0628633 0.0314624 800 -0.0142668 0.0231351 9.47679 46.5325 -13 477 0 0 1
-0.0940493 -0.329652 800 -0.103667 0.0571757 9.74136 32.56 -13 478 0 0 1
-0.487871 0.00835798 800 0.0290905 -0.0342676 5.29225 55.7017 -13 479 0 0 1
0.0401799 -0.220443 800 0.0147796 0.0070292 10.6964 44.1751 -13 480 0 0 1
-0.359538 -0.131772 800 -0.0244949 0.227293 8.95141 46.5171 -13 481 0 0 1
0.268456 -0.0765947 800 0.00477363 -0.0843045 6.44328 72.8214 -13 482 0 0 1
-0.0522012 -0.0464833 800 -0.0263618 -0.00154157 14.0409 49.9009 -13 483 0 0 1
0.123722 0.203325 800 0.143798 -0.0199066 7.42277 52.4828 -13 484 0 0 1
0.0639025 -0.132655 800 -0.0463534 -0.044756 11.3316 29.1574 -13 485 0 0 1
-0.380305 0.111202 800 0.122677 -0.00454225 7.28019 46.9232 -13 486 0 0 1
0.11161 0.116303 800 0.050179 -0.0377312 13.0054 40.5157 -13 487 0 0 1
0.522281 0.214131 800 0.260641 -0.15874 5.2024 73.808 -13 488 0 0 1
0.00965794 0.143747 800 0.0320127 -0.0312592 13.8834 25.8113 -13 489 0 0 1
-0.865364 -0.005036 800 -0.00151089 0.051681 3.47086 77.8928 -13 490 0 0 1
0.105624 0.00768754 800 0.0173785 -0.108829 7.48933 62.7797 -13 491 0 0 1
-0.0537804 0.0731097 800 0.0145355 -0.0343308 13.9315 25.1463 -13 492 0 0 1
-0.106281 -0.0376655 800 -0.0121235 -0.0100464 12.4247 48.2071 -13 493 0 0 1
-0.0133727 0.0869935 800 0.0182533 -0.0364799 12.9568 45.996 -13 494 0 0 1
0.0333455 -0.0168597 800 -0.053417 -0.0148452 14.4459 21.6114 -13 495 0 0 1
-0.0228673 0.0818932 800 0.136883 -0.0119034 10.7114 34.0527 -13 496 0 0 1
-0.0594486 0.00667464 800 -0.0233983 -0.0295207 14.0495 21.8358 -13 497 0 0 1
0.0451435 0.0878975 800 0.028942 0.0124969 13.5429 37.888 -13 498 0 0 1
-0.186865 -0.322961 800 -0.116873 0.0718582 11.9403 40.0254 -13 499 0 0 1
-0.0211398 0.263853 800 0.0636203 0.0599061 12.651 36.2884 -13 500 0 0 1
0.0736822 0.0917165 800 0.026687 -0.0416941 10.8659 36.8322 -13 501 0 0 1
-0.153771 -0.0255128 800 0.00225344 0.0176489 14.4279 25.4635 -13 502 0 0 1
0.046329 -0.142014 800 0.00690065 0.0231159 10.2219 34.0579 -13 503 0 0 1
0.0826023 0.103314 800 0.0239354 -0.0583604 11.1686 42.8553 -13 504 0 0 1
-2.13404 0.207372 800 0.36117 0.289558 3.02064 97.244 -13 505 0 0 1
-0.0596156 -0.31558 800 -0.0645844 -0.0167728 8.62861 41.1621 -13 506 0 0 1
0.166217 -0.0235705 800 0.0208912 -0.0745546 12.4519 35.1696 -13 507 0 0 1
0.0772545 0.0362823 800 0.0775445 -0.0308582 11.387 50.9037 -13 508 0 0 1
0.139901 0.156938 800 0.057019 0.0112922 8.15953 55.6074 -13 509 0 0 1
0.0244402 0.178871 800 0.196996 -0.110612 10.4977 37.3959 -13 510 0 0 1
-0.115512 0.0275723 800 -0.00372557 0.0341727 10.4168 30.8265 -13 511 0 0 1
-0.120779 -0.0250576 800 -0.043924 -0.0162654 12.8838 40.5158 -13 512 0 0 1
0.0656224 0.149095 800 0.0278424 -0.0180679 13.3262 22.5942 -13 513 0 0 1
0.0600868 -0.473398 800 -0.152457 -0.0716784 7.91704 41.7621 -13 514 0 0 1
0.0181909 0.139904 800 0.0308181 -0.00253781 10.1946 52.0108 -13 515 0 0 1
0.0447364 0.0458679 800 -0.0151389 -0.00571315 3.63256 81.2969 -13 516 0 0 1
0.0366822 0.0202732 800 -0.0645318 0.0522527 8.12531 38.0897 -13 517 0 0 1
-0.418975 -0.721837 800 -0.04508 0.357363 12.3578 28.6103 -13 518 0 0 1
0.240707 -0.192463 800 0.0167585 -0.0907294 11.6414 43.6386 -13 519 0 0 1
-0.0271542 -0.0812922 800 -0.0511436 0.00308949 11.6194 42.1039 -13 520 0 0 1
-0.0584339 -0.0837442 800 0.00739244 0.0387074 12.9408 33.9651 -13 522 0 0 1
-0.0589949 -0.0329034 800 -0.0078988 0.0131879 13.5722 37.4864 -13 523 0 0 1
0.995709 -0.0248354 800 -0.172311 -0.224178 3.4586 99.5643 -13 524 0 0 1
0.256644 -0.105117 800 -0.0403973 -0.056311 9.68826 36.8903 -13 525 0 0 1
-0.0213474 -0.0638616 800 0.0444958 -0.0202477 11.6875 44.5117 -13 526 0 0 1
2.87967 -1.55778 800 0.363028 0.0261209 2.40231 120.018 -13 527 0 0 1
-0.016366 -0.203427 800 -0.0639662 -0.0391824 12.4285 39.3615 -13 528 0 0 1
0.0410112 -0.0292507 800 -0.0576678 -0.0118182 11.2606 48.5687 -13 529 0 0 1
-0.145364 -0.113567 800 -0.0159775 0.022869 8.27926 57.207 -13 530 0 0 1
0.0539506 -0.0893218 800 -0.0882779 -0.000599996 12.9474 36.169 -13 531 0 0 1
0.538627 0.18331 800 -0.181586 -0.274609 13.7253 50.2514 -13 532 0 0 1
-0.554667 0.213881 800 0.0417807 0.195315 9.04172 54.786 -13 533 0 0 1
-0.0121343 -0.0895468 800 -0.0764439 -0.0522543 9.14046 54.7913 -13 534 0 0 1
-0.0902853 -0.0223561 800 -0.0293488 -0.0141045 9.83236 32.0082 -13 535 0 0 1
-0.0693912 0.0923758 800 0.000129732 0.0468813 13.0299 31.4762 -13 536 0 0 1
0.166737 0.96619 800 0.168839 0.36723 4.1862 78.5782 -13 537 0 0 1
-0.0287907 0.0497108 800 0.00897061 0.0300789 14.4688 38.3928 -13 538 0 0 1
-0.137218 0.166973 800 0.0789397 0.0579393 11.2713 31.3981 -13 539 0 0 1
-0.161956 0.0194029 800 -0.00112952 0.0567714 11.2291 51.2941 -13 540 0 0 1
0.094411 0.0716492 800 -0.00343744 -0.0257459 7.26751 60.7434 -13 541 0 0 1
-0.229645 0.233378 800 0.113581 -0.0452591 12.7831 26.4659 -13 542 0 0 1
0.0272644 -0.150511 800 -0.14836 -0.000641091 8.48371 46.3989 -13 543 0 0 1
0.166409 -0.114931 800 0.0450017 -0.0466674 13.7259 49.1059 -13 544 0 0 1
0.114679 -0.845752 800 -0.343795 0.00272422 4.72585 83.9406 -13 545 0 0 1
-0.0166074 -0.152968 800 -0.0217033 0.0570296 6.58897 62.5813 -13 546 0 0 1
0.0464016 0.00418129 800 -0.0263634 -0.0157893 10.6482 46.629 -13 547 0 0 1
-0.173514 0.0291949 800 0.00701832 0.0279657 9.83274 48.3357 -13 548 0 0 1
0.169479 0.00762709 800 -0.0126414 -0.0257285 9.59983 55.5585 -13 549 0 0 1
0.221289 0.13274 800 0.0156196 -0.140086 8.55745 49.9603 -13 550 0 0 1
0.052594 0.0428758 800 -0.0376365 -0.0520667 10.5675 33.0321 -13 551 0 0 1
0.0978975 0.0023354 800 -0.0370674 -0.0865801 11.3045 35.6329 -13 552 0 0 1
-0.361242 0.0189704 800 0.0448184 0.171041 7.88201 47.9777 -13 553 0 0 1
-0.58684 -0.0866979 800 0.0584913 0.0100521 4.70996 59.1436 -13 554 0 0 1
0.13188 -0.35164 800 -0.102256 0.0188814 7.92353 63.3848 -13 555 0 0 1
0.456798 -0.231605 800 0.0152621 -0.161057 5.91423 67.6242 -13 556 0 0 1
-0.00437783 -0.0371987 800 -0.0488079 -0.00951219 13.5566 27.8899 -13 557 0 0 1
-0.0227391 -0.00795596 800 -0.0483715 -0.0272626 10.9227 54.6257 -13 559 0 0 1
-0.0213684 0.0845943 800 0.0291176 -0.0124544 13.5932 22.1264 -13 560 0 0 1
-0.101746 0.283054 800 0.145945 0.0784777 5.04357 81.261 -13 561 0 0 1
0.0244756 -0.115888 800 -0.024785 -0.0646984 11.0367 29.776 -13 562 0 0 1
-0.0471287 -0.220907 800 -0.0467202 0.010194 12.0914 39.2393 -13 563 0 0 1
0.0622018 -0.272255 800 -0.0895753 0.0161692 10.5467 55.4711 -13 564 0 0 1
0.01882 0.115736 800 0.0314032 -0.0130571 14.2188 25.8443 -13 565 0 0 1
-0.0053546 0.0813486 800 0.0365853 0.0970475 9.37821 42.3377 -13 566 0 0 1
0.10512 -0.0398073 800 -0.0316282 -0.0451512 10.5465 38.8533 -13 567 0 0 1
-1.17064 -0.659476 800 -0.320997 0.279507 11.8424 50.4084 -13 568 0 0 1
0.204571 -0.036367 800 0.0320013 -0.0928475 13.5347 32.6269 -13 569 0 0 1
-0.152237 0.137367 800 0.0686927 0.0522504 11.0805 51.7485 -13 570 0 0 1
0.0927157 0.0622823 800 0.0196416 -0.0395158 12.6255 36.3653 -13 571 0 0 1
0.278963 -0.0857389 800 -0.0501084 -0.057071 9.82196 41.4723 -13 572 0 0 1
0.0205764 0.120266 800 0.114397 -0.0522404 6.51809 56.1509 -13 573 0 0 1
-0.0395655 -0.0542367 800 -0.0291943 -0.0302516 13.7345 29.8578 -13 574 0 0 1
0.00322516 0.16783 800 -0.0512101 0.0484778 6.99685 59.0555 -13 575 0 0 1
0.100608 0.227246 800 0.0900723 -0.0485604 10.5934 46.2192 -13 576 0 0 1
0.119371 -0.00443098 800 -0.00525086 -0.0307849 13.3861 24.3109 -13 577 0 0 1
0.411282 -0.731617 800 -0.213094 0.00945817 8.33893 45.4198 -13 578 0 0 1
0.00791873 0.145602 800 0.049775 0.0348546 13.9469 36.8712 -13 579 0 0 1
0.0818934 0.0137122 800 0.0296685 -0.0106659 12.7124 30.5314 -13 580 0 0 1
-0.0246317 0.0928912 800 0.0692475 0.0100698 11.0629 53.9981 -13 581 0 0 1
0.0107112 0.0580425 800 -0.00395602 0.049126 8.87717 44.6168 -13 582 0 0 1
-0.169303 0.174445 800 0.0945333 0.0540569 7.66776 44.1231 -13 583 0 0 1
0.0816121 -0.194156 800 -0.0428919 -0.0833002 13.9712 47.2232 -13 584 0 0 1
-0.000314667 0.0862349 800 0.0976276 -0.034096 11.2058 33.7413 -13 585 0 0 1
-0.292098 0.0337803 800 0.0553062 0.0644167 9.34926 55.5221 -13 586 0 0 1
-0.0469228 -0.0773031 800 -0.0113347 0.00201969 13.7513 40.4574 -13 587 0 0 1
-0.00854174 0.147593 800 -0.021603 0.0352399 9.56465 39.6097 -13 588 0 0 1
0.174387 0.0167591 800 -0.00647583 -0.0812629 13.2468 34.1638 -13 589 0 0 1
-0.22233 0.675602 800 0.13278 0.0899745 9.05438 43.2716 -13 591 0 0 1
-0.298161 0.225751 800 0.08153 0.116882 8.21819 47.2624 -13 592 0 0 1
-0.0930989 -0.346588 800 -0.0834386 0.0524353 5.72371 75.9596 -13 593 0 0 1
-3.60399e-05 0.0832025 800 -0.0019541 0.00319853 10.7242 56.0362 -13 594 0 0 1
0.175112 0.249415 800 0.0950251 -0.158196 9.97512 43.3446 -13 595 0 0 1
0.0478603 0.347971 800 0.0483702 0.01815 8.09417 52.0235 -13 596 0 0 1
0.224962 -0.177838 800 0.0246484 -0.084656 10.4011 39.4019 -13 597 0 0 1
0.212195 0.594329 800 0.0827376 -0.231395 5.76848 55.6474 -13 599 0 0 1
-0.13507 0.0432823 800 0.0175683 0.100001 12.5436 41.0133 -13 601 0 0 1
-0.181084 -0.180228 800 -0.000361258 0.0771661 6.83019 63.2499 -13 602 0 0 1
0.15439 0.124918 800 0.00611113 -0.0515422 9.12073 53.4188 -13 603 0 0 1
0.0992616 0.195705 800 0.0705887 0.0959742 7.4575 50.8499 -13 604 0 0 1
0.22373 -0.121608 800 -0.166019 -0.0117333 4.4883 67.533 -13 605 0 0 1
0.109863 0.216132 800 0.0195857 -0.0718031 12.3422 39.7553 -13 606 0 0 1
-0.161816 -0.04698 800 0.0452478 0.0636289 11.865 29.966 -13 607 0 0 1
-0.240471 -0.264572 800 -0.0884149 0.086375 12.9138 37.166 -13 608 0 0 1
-0.0308318 -0.0365379 800 -0.0366806 0.0339586 11.8579 29.1593 -13 609 0 0 1
0.116906 0.197993 800 0.0268305 0.00819366 8.78886 39.7473 -13 610 0 0 1
0.0231895 0.0893687 800 0.00291291 0.0319375 10.3079 32.7359 -13 611 0 0 1
-0.0689043 0.0779716 800 0.0352242 0.0343447 7.81304 48.26 -13 612 0 0 1
0.00236121 0.0482138 800 0.0279583 -0.0158817 12.4607 37.6008 -13 613 0 0 1
0.106818 0.0958785 800 0.0628504 -0.102576 12.105 26.0689 -13 614 0 0 1
0.164059 0.670468 800 0.0911781 0.00657419 3.48844 92.0546 -13 615 0 0 1
0.153889 0.0334557 800 -0.148554 0.0547805 3.58901 97.3188 -13 616 0 0 1
-0.350363 -0.0901769 800 0.0233055 0.137392 10.7585 43.582 -13 617 0 0 1
0.0573196 0.154241 800 0.0159017 -0.0626329 8.07404 55.019 -13 618 0 0 1
0.982635 -0.551261 800 -0.146618 -0.17501 4.62465 80.3649 -13 619 0 0 1
-0.0588274 0.0143119 800 0.0114162 -0.0208005 12.3498 42.936 -13 620 0 0 1
-0.505997 0.180384 800 0.105255 0.133919 5.03201 57.2506 -13 621 0 0 1
0.116981 0.0296625 800 0.0247481 -0.05802 11.1404 53.8074 -13 622 0 0 1
0.101286 0.0681085 800 -0.0135441 -0.0168566 9.67839 43.704 -13 623 0 0 1
0.0383784 -0.00128453 800 0.0146222 0.0249323 14.1708 21.6692 -13 624 0 0 1
0.0948048 -0.10719 800 -0.0493122 0.0388111 9.11069 47.2574 -13 625 0 0 1
0.300342 -0.0253119 800 -0.0717463 -0.0870155 5.96761 55.1415 -13 626 0 0 1
0.299078 0.216809 800 -0.0250168 -0.122227 9.3146 48.2351 -13 627 0 0 1
-0.891921 -0.311958 800 0.05878 -0.0513314 1.38852 128.917 -13 628 0 0 1
0.0259962 0.179368 800 0.0417515 -0.011086 10.4345 33.6998 -13 629 0 0 1
-0.107766 2.78068e-05 800 0.0155952 0.0274594 11.761 51.9469 -13 630 0 0 1
0.00416482 -0.131255 800 -0.0723459 -0.00355229 8.8244 59.9431 -13 631 0 0 1
0.108878 0.065306 800 0.0128837 -0.0381227 14.0614 32.8194 -13 632 0 0 1
0.15765 0.0416925 800 -0.000538785 -0.0408642 8.2992 42.6163 -13 633 0 0 1
0.0211286 0.169217 800 0.111459 -0.183647 4.66896 61.7079 -13 634 0 0 1
0.13159 -0.0441892 800 0.0176618 -0.0239028 8.01171 52.799 -13 635 0 0 1
-0.0673668 0.00400866 800 -0.0596493 0.0288732 14.0842 27.8276 -13 636 0 0 1
-0.535526 0.104653 800 0.0165812 0.0575898 7.91252 57.7165 -13 637 0 0 1
-0.208054 0.245164 800 0.0587374 -0.0171123 12.6889 38.5974 -13 638 0 0 1
0.520881 0.457506 800 0.128036 -0.167139 13.9813 26.1548 -13 639 0 0 1
0.091385 0.0391876 800 -0.0183324 -0.0343354 10.809 27.5755 -13 640 0 0 1
-0.10184 0.529252 800 0.182408 0.156168 4.09418 73.7491 -13 641 0 0 1
0.342711 0.160832 800 0.14849 -0.0101871 7.12407 62.7681 -13 642 0 0 1
0.0358088 0.0700049 800 -0.00833569 -0.0224253 11.0533 26.6587 -13 643 0 0 1
0.0110007 -0.185013 800 -0.0555188 0.00777889 13.7297 39.5381 -13 644 0 0 1
0.165018 -0.140593 800 -0.013023 -0.0283263 9.65426 31.8761 -13 645 0 0 1
0.0163055 -0.0507291 800 -0.0131452 -0.0371141 13.7425 37.9949 -13 646 0 0 1
1.03973 0.333933 800 0.362308 -0.275858 5.79769 74.8226 -13 647 0 0 1
-0.620267 0.889127 800 0.166345 0.274642 3.73845 82.781 -13 648 0 0 1
-0.0267855 -0.409643 800 -0.146859 0.140676 6.17722 55.5958 -13 649 0 0 1
-0.0932667 -0.208514 800 -0.0597461 0.00441848 13.5277 25.4902 -13 650 0 0 1
0.0303349 0.944428 800 0.18666 -0.00316225 10.0702 41.4638 -13 651 0 0 1
0.253975 0.0844216 800 0.0953524 -0.0488589 10.4289 53.5294 -13 652 0 0 1
0.0714597 -0.202045 800 -0.0952278 -0.0337445 11.8711 41.7324 -13 653 0 0 1
-0.131736 -0.0159022 800 -0.0332601 0.0506799 12.2781 35.8067 -13 654 0 0 1
-0.0103351 -0.0571937 800 -0.0267963 0.0331192 14.3534 42.3926 -13 655 0 0 1
0.0541699 0.11911 800 0.00466303 -0.0427941 9.5712 46.0644 -13 656 0 0 1
-0.379199 -0.151423 800 -0.0178048 0.0996354 7.9334 57.6938 -13 657 0 0 1
0.265177 0.175979 800 0.051264 0.0524847 4.73042 73.5661 -13 658 0 0 1
-0.125541 -8.79294e-05 800 0.0301162 0.0347711 14.4491 33.8957 -13 659 0 0 1
0.767564 0.458766 800 0.146015 -0.159284 11.6659 47.0615 -13 660 0 0 1
0.00185314 0.228836 800 0.106321 0.0699843 10.6076 43.0383 -13 661 0 0 1
-0.0542481 -0.110125 800 -0.00543899 0.00252778 12.1212 35.164 -13 662 0 0 1
0.0198149 0.290691 800 0.126409 -0.00587913 9.51812 59.2402 -13 663 0 0 1
-0.671527 0.314769 800 0.107393 0.171478 8.13716 64.0469 -13 664 0 0 1
-0.00176544 -0.00183953 800 0.0116997 -0.0135555 11.3219 27.3623 -13 665 0 0 1
0.130507 0.0246294 800 -0.0125212 -0.0177722 11.7721 39.0729 -13 666 0 0 1
-0.0371441 0.0605741 800 -0.00133268 -0.00591062 13.0798 34.8921 -13 667 0 0 1
1.99812 -2.4798 800 -0.937724 -0.170931 6.46271 53.4721 -13 668 0 0 1
-0.0236408 -0.0700779 800 -0.0159418 -0.0397819 9.55416 47.7276 -13 669 0 0 1
0.00985315 0.259099 800 0.0493027 -0.0384671 13.5652 38.5149 -13 670 0 0 1
-0.0175952 0.0306806 800 0.0279206 0.0280031 13.1364 41.6867 -13 671 0 0 1
-0.279229 0.432305 800 0.119333 0.033422 3.57273 87.5907 -13 673 0 0 1
-0.144026 0.15236 800 0.0645019 -0.0102783 12.5247 52.2894 -13 674 0 0 1
-1.75785 -0.969528 800 -0.218727 0.588915 7.02377 47.9376 -13 675 0 0 1
0.200923 0.0265588 800 -0.0421563 -0.0873077 12.8886 48.4382 -13 676 0 0 1
-0.0404974 -0.0530813 800 0.00602213 -0.0339564 11.8149 31.1341 -13 677 0 0 1
-0.229134 0.00379389 800 0.0130944 0.058599 9.34594 46.2761 -13 678 0 0 1
0.356728 -0.0365454 800 0.0224361 -0.0848836 8.0599 48.0038 -13 679 0 0 1
-0.246445 0.0186154 800 -0.0502718 0.055648 9.21594 49.5668 -13 680 0 0 1
-0.103857 0.0637743 800 0.0370223 0.0326743 14.0627 23.3282 -13 681 0 0 1
-0.0407121 0.0464654 800 -0.015632 0.0169618 13.2362 22.9144 -13 682 0 0 1
0.174196 0.0362901 800 0.0074088 -0.0547427 12.9929 47.1447 -13 683 0 0 1
0.44498 -0.193929 800 -0.303975 0.14705 8.59451 49.6548 -13 684 0 0 1
-0.0486581 0.0530915 800 -0.0602037 -0.000758632 7.97673 42.9764 -13 685 0 0 1
-0.063731 0.170216 800 0.0267553 0.0133392 11.5531 51.9656 -13 686 0 0 1
0.255184 -0.0939545 800 -0.140581 -0.121665 8.99133 38.2857 -13 687 0 0 1
0.198693 0.129652 800 0.033294 -0.069391 12.835 45.4144 -13 688 0 0 1
-0.136158 0.355271 800 -0.0845968 0.251801 9.76932 51.7237 -13 689 0 0 1
-0.00943933 -0.874279 800 -0.369307 0.00426372 5.08169 73.9297 -13 690 0 0 1
-0.00895702 -0.124566 800 -0.115061 0.00172005 12.2802 40.4793 -13 691 0 0 1
-0.0818965 0.0494246 800 0.0504676 0.0254784 7.35688 40.1287 -13 692 0 0 1
-0.210219 0.0116648 800 -0.0659171 0.0990849 12.7509 43.4286 -13 693 0 0 1
-0.259141 0.0156048 800 0.0577743 0.0431518 3.49982 83.8808 -13 694 0 0 1
-0.490174 -0.00598855 800 -0.0429251 0.101927 7.2967 49.8069 -13 695 0 0 1
0.0651347 0.434797 800 0.04211 -0.104008 6.54142 56.614 -13 696 0 0 1
-0.0333825 -0.172404 800 -0.0307182 0.0299188 9.98665 47.1257 -13 697 0 0 1
0.246926 0.0787648 800 0.0356198 -0.069479 8.6967 40.6261 -13 698 0 0 1
0.0456383 -0.0201684 800 -0.0244138 -0.0208191 13.3383 45.3774 -13 699 0 0 1
0.218378 0.212937 800 0.54097 -0.156371 8.7498 43.073 -13 700 0 0 1
-0.118399 -0.0981423 800 0.0279503 0.0509594 9.01147 33.7726 -13 701 0 0 1
0.131896 0.592108 800 0.125999 -0.0248576 12.2831 48.7816 -13 702 0 0 1
0.0531876 -0.0742187 800 -0.0250713 -0.0360772 12.0509 46.1071 -13 703 0 0 1
-0.0909774 -0.0785322 800 -0.0509795 0.0473849 9.38077 39.189 -13 704 0 0 1
0.0364876 -0.116382 800 -0.0610421 -0.00518663 10.069 35.0522 -13 705 0 0 1
-0.0514874 0.171975 800 0.0385153 -0.072897 9.55841 45.4197 -13 706 0 0 1
-0.044569 0.0573743 800 0.000704386 -0.0398831 13.8552 22.2721 -13 707 0 0 1
-0.0494583 0.249494 800 0.0423889 0.0273805 10.5274 45.3147 -13 708 0 0 1
0.134085 -0.1399 800 -0.00483437 0.0520016 2.98624 93.083 -13 709 0 0 1
-0.84894 0.358369 800 0.0266798 0.193501 7.88863 55.8072 -13 710 0 0 1
-0.0797144 0.119423 800 0.0279858 -0.0353879 14.1511 22.109 -13 711 0 0 1
0.11587 0.0202475 800 0.014246 -0.022661 11.5974 44.5184 -13 712 0 0 1
0.128468 -0.0552425 800 0.119821 -0.00661068 6.34282 66.4254 -13 713 0 0 1
0.0146927 -0.160806 800 -0.0379885 0.0110993 14.0332 41.7541 -13 714 0 0 1
0.0155164 -0.0293665 800 0.00180458 0.0238875 12.3501 52.6546 -13 715 0 0 1
0.156817 0.160581 800 -0.00276246 -0.0597469 13.1132 42.6273 -13 716 0 0 1
0.00989974 -0.0385718 800 -0.0159632 0.0023782 10.584 42.4161 -13 717 0 0 1
-0.177164 0.0380602 800 0.113531 0.0118478 8.64459 40.9485 -13 718 0 0 1
-0.0347026 -0.374009 800 -0.128537 -0.0540313 10.5964 35.6521 -13 719 0 0 1
-0.176005 0.0499755 800 -0.0204047 0.0763857 11.2612 54.104 -13 720 0 0 1
0.024663 0.437902 800 0.137412 -0.15749 9.64553 55.3688 -13 721 0 0 1
-0.104728 0.627258 800 0.16801 0.015967 5.15215 64.8397 -13 722 0 0 1
0.0486677 -0.123574 800 -0.0400978 0.0351008 8.531 36.8696 -13 723 0 0 1
-0.0166457 0.27835 800 0.259102 -0.0604251 4.72081 79.9334 -13 724 0 0 1
-0.0229466 -0.104985 800 -0.0400373 0.0100845 9.57925 41.6312 -13 725 0 0 1
-0.0239257 -0.0240672 800 -0.0141631 0.0644896 13.5999 36.6797 -13 726 0 0 1
0.290119 0.0110551 800 0.00159229 -0.0860643 14.1201 25.4131 -13 727 0 0 1
0.616433 1.86416 800 0.285156 -0.00505598 1.49387 128.757 -13 728 0 0 1
0.162462 -0.0538422 800 -0.0399218 -0.11158 5.29541 63.0388 -13 729 0 0 1
-0.185891 -0.0554979 800 -0.0849581 0.0544315 11.1891 32.9156 -13 730 0 0 1
0.0918401 -0.0139562 800 -0.0510979 -0.00355198 10.9069 29.2696 -13 731 0 0 1
0.515106 -0.418317 800 -0.103758 -0.0858316 4.57219 71.6996 -13 733 0 0 1
-0.0108551 0.11763 800 0.0381373 0.147113 7.79284 40.3234 -13 734 0 0 1
-0.158998 0.200352 800 0.0792842 0.0591733 10.9591 42.9244 -13 735 0 0 1
-0.00715496 0.131548 800 0.0833283 0.0583992 10.9784 35.8493 -13 736 0 0 1
-0.0982374 0.169495 800 0.099342 -0.0696072 8.17951 55.0575 -13 737 0 0 1
0.141289 0.0422085 800 -0.079684 0.042761 8.33727 57.1168 -13 738 0 0 1
0.164936 -0.024045 800 0.0419876 -0.073592 11.8735 44.8813 -13 739 0 0 1
-0.127762 -0.0927699 800 -0.0589505 0.0104554 13.0264 45.8298 -13 740 0 0 1
0.146932 -0.165487 800 -0.106505 -0.0228303 8.67917 52.3734 -13 741 0 0 1
1.15943 -0.545863 800 0.180418 -0.434281 4.08011 89.4941 -13 742 0 0 1
-0.0521343 -0.0250066 800 -0.0644298 0.0700583 8.28735 36.1471 -13 743 0 0 1
3.79812 -1.43293 800 0.170464 -0.190627 1.54909 110.443 -13 744 0 0 1
0.00968178 -0.0144539 800 -0.0116027 0.00399892 11.491 39.8082 -13 745 0 0 1
0.0542485 -0.0641372 800 -0.0793181 -0.0186108 8.46189 59.3971 -13 746 0 0 1
-0.114198 0.0654242 800 -0.00664592 0.0104862 11.837 47.1516 -13 747 0 0 1
0.117437 -0.119858 800 0.00188085 0.00962761 10.5374 44.2849 -13 748 0 0 1
-0.0605421 -0.161153 800 -0.0247329 0.0259016 12.1101 25.3053 -13 749 0 0 1
-0.0728792 -0.0187858 800 0.05204 -0.0441484 10.3577 49.3766 -13 750 0 0 1
-0.185573 -0.0651579 800 -0.0779512 0.109697 11.0518 50.136 -13 751 0 0 1
-0.159228 0.272244 800 0.0380269 0.0986858 6.45423 47.8788 -13 752 0 0 1
0.172034 -0.0218912 800 0.0077629 -0.0489826 10.7764 29.4759 -13 753 0 0 1
-0.0411003 0.00500937 800 -0.0261032 0.00703692 8.64254 58.5014 -13 754 0 0 1
-0.40797 0.0258627 800 0.00616814 0.168229 7.87094 43.4632 -13 755 0 0 1
-0.872606 0.067436 800 0.364791 0.00349264 5.1965 64.956 -13 756 0 0 1
-0.134618 -0.105089 800 -0.0365628 0.0409237 7.19874 52.0025 -13 757 0 0 1
-0.0138588 -0.512938 800 -0.0987666 -0.0383265 7.85241 38.8597 -13 758 0 0 1
0.0599553 -0.0976512 800 -0.00926538 -0.00190894 14.1732 36.0206 -13 759 0 0 1
0.0188631 -0.104979 800 -0.038239 0.0544123 8.0426 55.7896 -13 760 0 0 1
-0.238134 -0.144893 800 -0.0994812 0.0165342 6.27675 51.3674 -13 761 0 0 1
0.027484 0.0947417 800 0.0364984 -0.0621181 13.8608 49.3063 -13 762 0 0 1
0.0158323 0.010034 800 -0.0582223 0.02261 11.135 52.0597 -13 763 0 0 1
-0.158655 0.171763 800 0.0285369 0.00238159 9.82734 40.1477 -13 764 0 0 1
0.1508 -0.00797278 800 0.0625893 -0.118486 5.74244 56.1131 -13 765 0 0 1
-0.13028 -0.108093 800 0.00758688 0.123655 8.52272 38.6678 -13 766 0 0 1
0.0782465 -0.0765694 800 -0.0229243 -0.036624 12.5171 52.2231 -13 767 0 0 1
0.0858848 -0.000173635 800 -0.0126653 -0.00617343 12.8498 43.4255 -13 768 0 0 1
0.212671 -0.327759 800 -0.149265 -0.108812 6.93654 45.465 -13 769 0 0 1
-0.127827 0.130221 800 0.031926 -0.00469839 13.6336 28.1226 -13 770 0 0 1
-0.133907 -0.198736 800 0.0380852 0.0593542 10.8559 32.6719 -13 771 0 0 1
0.0155223 -0.307042 800 -0.0457353 0.0379995 14.3245 22.6367 -13 772 0 0 1
-0.11829 0.0957584 800 0.0547615 0.0796096 11.4071 30.1695 -13 773 0 0 1
-0.0191122 -0.120639 800 -0.0647802 0.0620151 13.3993 25.3322 -13 774 0 0 1
0.213817 -0.0899148 800 0.0458665 0.0692375 3.38702 79.2249 -13 775 0 0 1
-0.0321698 0.170564 800 0.0531104 0.0281002 11.7958 36.1185 -13 776 0 0 1
-0.0217615 -0.0447959 800 -0.0556919 0.0263803 10.6561 39.5298 -13 777 0 0 1
-0.139768 0.0763436 800 -0.0340976 0.168904 8.59545 51.978 -13 778 0 0 1
-0.207618 -0.177322 800 -0.174478 0.000510472 12.9282 23.0041 -13 779 0 0 1
-0.25223 -0.0746404 800 0.139225 0.116653 9.56962 34.5831 -13 780 0 0 1
-0.085474 0.202502 800 0.150516 -0.211967 11.5364 29.3957 -13 781 0 0 1
0.0151279 -0.0814884 800 0.0112922 0.0138949 10.0499 32.0849 -13 782 0 0 1
-0.136804 -0.256291 800 -0.0762808 0.046028 6.91426 57.6767 -13 783 0 0 1
0.292671 -0.564952 800 -0.146788 -0.0184236 6.81397 44.2851 -13 784 0 0 1
-0.144075 0.00984549 800 0.0989409 -0.0682748 4.74108 71.7391 -13 785 0 0 1
0.00623764 0.0138587 800 0.00933757 -0.000774125 9.55391 48.9694 -13 786 0 0 1
-0.0152081 -0.0330545 800 -0.0426678 -0.0488099 8.88132 49.0144 -13 787 0 0 1
-0.3045 -0.120689 800 -0.00368118 0.0159519 12.3293 41.7288 -13 788 0 0 1
-0.0906022 0.0872727 800 0.00581794 0.0113543 14.1604 35.7299 -13 789 0 0 1
-0.14671 0.20426 800 0.089045 0.0296776 9.9262 55.9356 -13 790 0 0 1
-0.0562093 0.0680828 800 -0.0434289 -0.125861 4.74923 82.3494 -13 791 0 0 1
0.314144 -0.0300227 800 -0.039743 -0.167982 11.7663 52.8029 -13 792 0 0 1
0.0858005 0.133315 800 0.0535874 -0.0215359 11.4046 42.3091 -13 793 0 0 1
0.178576 0.1175 800 0.0452342 -0.0722844 7.41252 50.8375 -13 794 0 0 1
0.0164691 -0.491009 800 -0.148776 0.0128058 11.4922 33.6627 -13 795 0 0 1
-0.0762466 0.124816 800 0.0737849 0.0297262 8.86744 55.1601 -13 796 0 0 1
0.0712009 0.0726179 800 0.0176113 0.0231279 14.0071 45.5716 -13 797 0 0 1
0.0825519 0.0969205 800 0.0360679 -0.0404568 13.7038 46.3151 -13 798 0 0 1
-0.0891172 0.118185 800 0.0404143 0.0596112 9.32367 60.0549 -13 799 0 0 1
-0.012816 -0.0109343 800 -0.0127434 0.00476443 13.5506 23.8779 -13 800 0 0 1
-0.0619187 0.00808711 800 0.083858 0.0381579 5.64437 54.3117 -13 801 0 0 1
0.0193245 0.36762 800 0.0975069 -0.0678618 6.94603 60.5546 -13 803 0 0 1
-0.0656935 0.0618179 800 -0.0305133 0.0496467 13.0008 29.9208 -13 804 0 0 1
-0.0501131 -0.110065 800 -0.0185801 0.02148 12.5666 50.0232 -13 805 0 0 1
0.192316 0.1802 800 0.0600485 -0.0676032 2.0559 105.539 -13 806 0 0 1
0.130757 -0.000381485 800 -0.0207006 -0.04101 13.6412 31.8903 -13 807 0 0 1
-1.00005 -0.520519 800 -0.216713 0.208454 6.99718 50.178 -13 808 0 0 1
0.0341064 0.113612 800 0.0338539 -0.0111136 14.2987 34.0835 -13 809 0 0 1
0.070588 0.191669 800 0.0569664 -0.0100827 10.784 42.7881 -13 810 0 0 1
-0.129061 0.258013 800 0.168124 -0.00777949 5.57855 53.1465 -13 811 0 0 1
-0.00610539 0.213331 800 0.106194 0.00336069 6.47198 45.7598 -13 812 0 0 1
0.286954 -0.268199 800 -0.117774 -0.0885442 13.1866 32.8616 -13 813 0 0 1
0.267446 0.0971448 800 0.0265764 -0.167419 9.5848 40.7718 -13 814 0 0 1
-0.100799 0.0313347 800 0.00235153 0.0344406 11.6365 52.2613 -13 815 0 0 1
-0.10235 0.0542952 800 0.104295 0.0503212 5.94914 52.2006 -13 816 0 0 1
0.364318 -0.0194967 800 -0.0344882 -0.183788 5.12818 78.4154 -13 817 0 0 1
0.128303 0.249057 800 0.0549001 0.061525 11.4527 54.0858 -13 818 0 0 1
-0.142288 0.165172 800 0.0886717 0.0369563 6.06378 73.0013 -13 819 0 0 1
0.0182295 0.0962915 800 0.0494091 -0.00162778 13.3891 28.505 -13 820 0 0 1
0.0522044 0.312223 800 0.0220471 -0.0819527 8.34944 37.936 -13 821 0 0 1
0.0442043 0.135575 800 0.0437885 0.0532871 11.6772 53.364 -13 822 0 0 1
-0.104026 -0.0349253 800 0.00863432 0.0310204 12.6108 46.1996 -13 823 0 0 1
0.0218457 -0.00424122 800 -0.0179032 -0.00420141 14.5559 40.9526 -13 824 0 0 1
-0.120361 -0.0342935 800 -0.0453464 0.0450066 14.4433 46.1926 -13 825 0 0 1
-0.111218 -0.0500164 800 -0.058899 0.00741125 7.54217 51.0591 -13 826 0 0 1
0.0845902 0.580815 800 -0.410336 0.0805123 3.20431 105.354 -13 827 0 0 1
0.149291 0.0786058 800 0.0192311 -0.027506 8.61212 59.9889 -13 828 0 0 1
0.131427 -0.0442192 800 0.030026 -0.027189 10.0304 55.114 -13 829 0 0 1
-0.161744 0.0130971 800 -0.0140796 0.0380385 14.0686 49.7539 -13 830 0 0 1
-1.98935 -1.86976 800 0.256825 0.95576 8.30633 41.2387 -13 831 0 0 1
0.014389 -0.0275379 800 0.0149358 -0.0136182 13.7851 34.7276 -13 832 0 0 1
-0.010415 0.339489 800 0.141228 -0.00827535 9.00945 61.1829 -13 833 0 0 1
-0.0824614 0.263402 800 0.154973 -0.0171242 5.16327 77.7338 -13 834 0 0 1
0.103435 0.177711 800 -0.0519752 -0.0739322 7.76422 64.5316 -13 835 0 0 1
-0.0778673 0.115415 800 0.0511133 0.0785878 11.8495 46.1386 -13 836 0 0 1
-0.0767616 0.0329794 800 0.0768552 -0.099585 10.8052 35.8903 -13 837 0 0 1
0.0836299 0.18091 800 0.0303404 -0.031385 12.825 39.5021 -13 838 0 0 1
0.0124787 0.0403352 800 0.000359765 -0.0157414 11.1162 47.5736 -13 839 0 0 1
0.201185 -0.0545784 800 -0.0212262 0.0112005 9.83903 50.8628 -13 840 0 0 1
-0.14947 -0.574468 800 -0.0117125 0.138062 5.95778 73.2656 -13 842 0 0 1
-0.0411842 0.100073 800 0.060934 -0.0554533 8.22978 41.7765 -13 843 0 0 1
0.0870233 -0.277193 800 -0.114065 -0.0550799 4.0097 89.6312 -13 844 0 0 1
0.31528 -0.221413 800 -0.151998 -0.141927 13.4187 30.6199 -13 845 0 0 1
0.0737726 0.445721 800 0.0879168 0.0160831 12.2662 40.2944 -13 846 0 0 1
-0.118869 0.361305 800 0.130364 0.0310743 4.28192 71.3145 -13 847 0 0 1
0.167087 -0.100573 800 0.0216502 0.0846408 4.51564 87.8235 -13 848 0 0 1
-0.296964 -0.112603 800 -0.0921574 0.0670584 9.59262 32.341 -13 849 0 0 1
0.0937797 -0.044403 800 0.00773885 -0.0662109 12.342 45.5894 -13 850 0 0 1
-0.179763 0.0898494 800 0.0381681 -0.0185895 8.87589 40.2953 -13 851 0 0 1
-0.309797 -0.316524 800 0.113316 0.133038 4.56598 63.0374 -13 853 0 0 1
-0.0113077 0.0982374 800 0.00118469 0.0501497 11.4361 28.718 -13 854 0 0 1
0.209159 0.089706 800 -0.0197005 -0.0749629 11.5378 48.6471 -13 855 0 0 1
0.255124 0.01631 800 -0.0281433 -0.0868597 14.3126 28.5448 -13 857 0 0 1
-0.521267 0.350101 800 -0.008413 0.175983 10.1582 54.5014 -13 858 0 0 1
-0.240121 0.133232 800 -0.0108369 0.0626545 12.9256 34.1104 -13 859 0 0 1
-0.0060533 0.0902535 800 0.0194533 -0.0367508 13.0358 47.1157 -13 860 0 0 1
0.159232 0.125406 800 0.0332326 -0.0639121 11.1662 28.9351 -13 861 0 0 1
0.337012 0.127412 800 0.0182332 -0.192881 5.70478 69.8587 -13 862 0 0 1
-1.6209 0.116154 800 0.0258431 0.392532 3.64735 78.7359 -13 863 0 0 1
0.0077671 0.438049 800 0.118307 -0.0528853 6.81619 55.0573 -13 865 0 0 1
-0.414559 -0.116315 800 0.140372 0.158683 5.35133 80.1287 -13 866 0 0 1
0.199829 0.0639817 800 0.0234202 -0.0365343 8.2978 44.6336 -13 868 0 0 1
-0.015341 0.245802 800 -0.030552 0.0420751 9.07932 52.1885 -13 869 0 0 1
-0.0782771 0.151297 800 0.130078 -0.0442002 12.3516 38.6529 -13 870 0 0 1
0.0790808 0.134938 800 -0.00842059 -0.0252198 13.6975 43.4528 -13 871 0 0 1
0.73885 -0.647199 800 -0.105332 -0.210495 5.02 75.0263 -13 872 0 0 1
-0.0292944 -0.186462 800 0.0931463 -0.114809 4.20034 69.2029 -13 873 0 0 1
-0.168706 0.489772 800 0.139693 0.145727 4.69405 71.9758 -13 874 0 0 1
-0.0154077 -0.372353 800 -0.180427 -0.00165296 2.84803 86.0518 -13 875 0 0 1
0.00777249 0.293808 800 0.147833 0.00924645 11.765 36.2836 -13 876 0 0 1
0.0269272 -0.0657457 800 -0.0120822 0.0201814 9.17507 54.1922 -13 877 0 0 1
-0.0206202 -0.0464785 800 0.00551024 0.0217502 14.2347 46.4829 -13 879 0 0 1
-0.150981 0.0414787 800 0.0170026 0.00574287 12.928 27.8949 -13 880 0 0 1
0.0120599 0.0875106 800 0.0102063 -0.00699662 14.5209 32.6376 -13 881 0 0 1
0.367213 0.242478 800 0.0528096 -0.11303 6.47265 65.0471 -13 882 0 0 1
-0.105069 0.150018 800 0.0428206 0.0404376 7.01729 64.4061 -13 883 0 0 1
-0.330184 0.217603 800 0.0560799 0.0157149 5.58544 67.0375 -13 884 0 0 1
0.0545069 -0.0661756 800 -0.000186403 -0.0591364 12.5609 24.7187 -13 885 0 0 1
-0.0540845 -0.114728 800 0.00659773 1.94881e-05 8.45004 40.5457 -13 886 0 0 1
-0.146398 -0.00665114 800 -0.0411807 0.0836323 8.48537 34.357 -13 887 0 0 1
-0.125913 -0.154043 800 -0.0736139 0.0984756 8.40193 53.0393 -13 888 0 0 1
0.0345234 0.0311414 800 0.0230009 2.92312e-05 11.2969 50.2505 -13 889 0 0 1
-0.0801767 0.146297 800 0.0352466 0.0268022 10.8054 38.4542 -13 890 0 0 1
0.113421 -0.200719 800 0.0413052 0.055596 7.45211 46.3375 -13 891 0 0 1
-0.0133699 -0.00430645 800 0.0154233 -0.0501264 14.0516 29.4995 -13 892 0 0 1
-0.193559 -0.0374197 800 -0.0323529 0.0553032 9.3329 34.3594 -13 893 0 0 1
-0.175639 0.244342 800 0.0803725 0.0518638 12.5974 41.4275 -13 894 0 0 1
0.149267 -0.00402114 800 -0.00913997 -0.0743164 11.5989 41.7663 -13 895 0 0 1
-0.20783 -0.137192 800 0.0262888 0.0274701 6.7009 63.7651 -13 896 0 0 1
0.153117 0.127476 800 0.0325264 -0.0508589 10.3339 35.1172 -13 897 0 0 1
-0.537394 -0.259568 800 -0.0675553 0.120147 8.35182 50.8175 -13 898 0 0 1
-0.495683 -0.733598 800 -0.0797047 0.177696 6.64845 52.3013 -13 899 0 0 1
0.0106629 -0.167776 800 -0.0479085 0.0375246 11.4336 27.0728 -13 900 0 0 1
0.252413 -0.0351901 800 0.142631 0.0391424 5.3048 81.0738 -13 901 0 0 1
-0.459855 -0.051186 800 -0.182535 0.0766591 8.53235 35.9109 -13 902 0 0 1
-0.360939 -0.198542 800 -0.108729 0.147915 6.54526 50.7817 -13 903 0 0 1
-0.113488 0.116362 800 0.0157007 0.0267488 12.5438 30.6945 -13 904 0 0 1
-0.0430861 0.0787956 800 -0.041789 -0.122221 5.00374 73.3242 -13 905 0 0 1
0.0263678 0.027081 800 -0.0559865 -0.0296316 10.4286 47.473 -13 906 0 0 1
-0.0608505 -0.132821 800 -0.0838566 -0.0430787 11.6116 51.2987 -13 907 0 0 1
0.0336917 0.0096834 800 0.00589491 -0.00657654 12.9448 25.8458 -13 908 0 0 1
0.238996 -0.0616911 800 -0.00457781 -0.00440652 7.22242 54.4116 -13 909 0 0 1
0.0750178 -0.0181053 800 -0.0343007 -0.0334763 9.27166 32.7007 -13 910 0 0 1
0.553591 0.152653 800 0.212137 -0.176707 11.8017 26.4783 -13 912 0 0 1
-0.0884071 0.0730703 800 -0.0108046 0.0185117 10.257 30.0496 -13 914 0 0 1
-0.0597102 0.209147 800 -0.00355287 0.0264792 9.08445 37.9285 -13 915 0 0 1
-0.0725264 -0.142482 800 -0.031963 -0.0135893 13.7934 39.8865 -13 916 0 0 1
0.112894 -0.110087 800 -0.0332738 -0.0382692 12.4839 42.777 -13 917 0 0 1
0.0529436 -0.0857807 800 -0.0172602 -0.0362592 12.8418 46.7079 -13 918 0 0 1
-0.0107805 -0.447907 800 -0.0420941 0.0895383 3.40177 80.7476 -13 919 0 0 1
0.123634 0.135988 800 0.06732 0.0762575 8.6173 36.4812 -13 920 0 0 1
-0.0235739 -0.048233 800 -0.0658898 -0.0119767 14.0762 26.9301 -13 921 0 0 1
0.0224581 0.0711774 800 0.0182773 -0.00482237 12.8423 43.6285 -13 922 0 0 1
-0.576641 0.124314 800 -0.0603144 0.226914 3.64355 99.6647 -13 923 0 0 1
-0.0211298 -0.0898596 800 -0.0746083 0.0562963 13.5259 35.2892 -13 924 0 0 1
-0.120422 -0.043578 800 -0.0171298 -0.00672001 13.9256 49.3075 -13 925 0 0 1
0.213275 -0.0422869 800 0.0120723 -0.0648832 12.8028 23.4952 -13 926 0 0 1
0.294079 -0.146717 800 -0.0405512 -0.136174 4.56772 74.163 -13 927 0 0 1
-0.0508062 0.154099 800 -0.0476398 0.0816334 11.7636 48.2292 -13 928 0 0 1
-0.0679129 0.0347317 800 0.0280549 0.0508191 13.5416 28.0733 -13 929 0 0 1
0.0420329 -0.129901 800 -0.0398535 -0.0496096 12.7092 41.0245 -13 930 0 0 1
0.0215764 0.0013595 800 -0.00638788 0.0208628 13.3059 43.0962 -13 931 0 0 1
-0.0289347 0.00471634 800 -0.00868273 0.039277 11.4406 54.3019 -13 932 0 0 1
-0.0973683 0.147726 800 -0.00215017 0.095601 13.6017 34.7383 -13 933 0 0 1
0.181466 0.199106 800 -0.0633705 0.0143904 8.56595 45.726 -13 934 0 0 1
-0.271443 -0.187008 800 -0.0646545 0.0504472 10.3105 49.1826 -13 935 0 0 1
-0.0512629 0.112057 800 0.0242876 0.000457833 12.4149 36.8639 -13 936 0 0 1
0.180031 -0.0855723 800 -0.0602643 0.0296884 12.5277 50.4515 -13 937 0 0 1
0.0379918 0.128683 800 0.0615363 -0.150209 4.38792 65.831 -13 938 0 0 1
-0.13338 0.00366795 800 0.0060377 0.0254695 13.8431 30.9972 -13 939 0 0 1
-1.01258 -0.0172755 800 -0.499522 -0.100163 5.71031 52.5335 -13 940 0 0 1
-0.100156 0.129155 800 0.0890311 -0.0564122 12.2412 39.5424 -13 941 0 0 1
-0.0799366 -0.107768 800 -0.0596824 0.0474515 10.4864 52.3708 -13 943 0 0 1
0.691677 0.555422 800 0.193376 -0.105753 5.61938 72.8327 -13 944 0 0 1
0.389391 -0.621743 800 -0.0707476 -0.00772338 3.74151 97.8227 -13 945 0 0 1
0.0548339 -0.0378753 800 0.00169015 -0.0562603 14.2955 33.2146 -13 946 0 0 1
0.109195 -0.07606 800 0.027093 -0.0718115 10.4213 32.7564 -13 947 0 0 1
-0.198616 -0.264521 800 -0.234308 0.0373677 7.69913 42.0998 -13 948 0 0 1
-0.14496 0.00496513 800 0.0472913 -0.0112139 12.4771 44.216 -13 949 0 0 1
0.788298 0.152699 800 0.212909 -0.371171 2.76299 88.9451 -13 950 0 0 1
-0.216494 -0.114333 800 0.05554 0.0988263 5.12875 60.9959 -13 951 0 0 1
0.332249 0.287289 800 0.246362 0.0707523 3.89885 93.567 -13 952 0 0 1
-0.0901309 0.00195898 800 -0.0630374 -0.0144283 9.7803 36.1593 -13 953 0 0 1
-0.108247 -0.00336204 800 0.0253974 0.0228322 6.62411 62.3457 -13 954 0 0 1
-0.0557712 0.00700614 800 -0.0513185 -0.00149406 7.27566 55.9359 -13 955 0 0 1
-0.0842003 -0.242611 800 -0.0979055 0.134812 6.91046 48.4924 -13 956 0 0 1
1.69035 3.33908 800 0.532146 -1.23346 13.9831 39.5755 -13 957 0 0 1
-0.0802862 -0.0523936 800 -0.00813195 0.0691165 11.8759 38.6084 -13 958 0 0 1
-0.193843 -0.0760071 800 -0.0599483 -0.00988316 10.3922 48.2648 -13 959 0 0 1
-0.0145036 -0.0544008 800 -0.0440471 0.0075391 14.4211 29.6323 -13 960 0 0 1
0.0652897 0.260123 800 0.0520982 -0.0883917 11.7795 43.5291 -13 962 0 0 1
-0.258051 -0.0933572 800 -0.061132 0.0977283 11.8625 47.2577 -13 963 0 0 1
0.0893427 -0.0716643 800 -0.00750257 -0.0461071 10.47 54.1723 -13 964 0 0 1
0.0386996 -0.196386 800 -0.0570745 -0.0174349 11.3246 41.1318 -13 965 0 0 1
-0.0825978 0.333757 800 0.0889202 0.070312 9.3261 38.6676 -13 966 0 0 1
-0.19111 0.811561 800 -0.0303836 0.0224408 1.08215 124.519 -13 968 0 0 1
0.195515 -0.0392518 800 0.00846484 -0.049327 8.85553 45.0632 -13 969 0 0 1
-0.0764115 0.0645406 800 0.0227645 -0.0317139 13.2483 35.8697 -13 971 0 0 1
-0.150127 0.0269698 800 -0.0341263 -0.00795159 14.459 35.3409 -13 972 0 0 1
-0.0563798 0.166289 800 0.0162953 0.0272628 13.662 49.6872 -13 973 0 0 1
-0.0258901 -0.100929 800 -0.0178131 0.0298115 14.4674 39.8927 -13 974 0 0 1
0.0198935 0.0583119 800 -0.0877844 -0.0479858 10.2705 48.0077 -13 975 0 0 1
-0.221135 -0.216691 800 -0.0492767 0.0938054 6.64963 48.9765 -13 976 0 0 1
0.156922 0.0559185 800 0.0138663 -0.0565484 9.03891 49.0319 -13 978 0 0 1
-0.00610175 0.0216794 800 0.0303419 -0.0373553 13.7084 39.89 -13 979 0 0 1
0.132731 0.110457 800 -0.0193049 -0.00974537 12.0407 27.7982 -13 980 0 0 1
0.0259764 0.0170608 800 0.0373829 -0.00866456 9.66072 30.5592 -13 981 0 0 1
0.0476625 0.0467393 800 -0.00248134 -0.0166349 13.6034 34.1472 -13 982 0 0 1
-0.368943 0.35813 800 0.12038 0.0485407 5.50841 73.8721 -13 983 0 0 1
0.287447 0.0853598 800 -0.0523508 -0.274154 9.98015 31.3177 -13 984 0 0 1
-0.249692 -0.0792985 800 -0.0739153 0.0588041 11.2381 41.0355 -13 985 0 0 1
-0.14553 -0.079163 800 0.00716166 0.0858156 8.30404 53.1369 -13 986 0 0 1
0.0578337 0.0243264 800 -0.0185592 -0.0248909 14.2345 45.0661 -13 987 0 0 1
-0.00510216 -0.0244293 800 -0.072733 0.0604764 6.63061 64.6146 -13 988 0 0 1
0.0535948 0.058752 800 0.0466606 -0.0527734 14.4625 28.3386 -13 990 0 0 1
-0.0435865 0.141632 800 0.0541622 0.0105524 10.8661 46.6387 -13 991 0 0 1
0.0209154 0.268551 800 0.00612269 -0.0337167 13.0312 47.6514 -13 992 0 0 1
-0.0237594 -0.0941222 800 -0.0613208 -0.00385541 11.2388 54.6764 -13 993 0 0 1
-0.199135 0.208397 800 0.0617426 0.0625966 12.7578 47.3266 -13 994 0 0 1
0.30204 0.0732936 800 0.0228427 -0.120504 13.8878 32.8667 -13 995 0 0 1
-0.0700906 0.00119561 800 0.0320718 0.0234148 13.018 47.5215 -13 996 0 0 1
-0.134438 -0.08098 800 -0.0466615 0.058962 14.5083 28.8532 -13 997 0 0 1
0.100905 0.234914 800 -0.00383765 -0.0760313 10.1809 53.3494 -13 998 0 0 1
0.184509 -0.197323 800 -0.0180472 -0.0447419 7.31294 43.8471 -13 999 0 0 1
-0.00111982 0.112549 800 0.060284 0.0269444 8.40101 55.7751 -13 1000 0 0 1
