#BLTrackFile NTuple/Z820
#x y z Px Py Pz t PDGid EventID TrackID ParentID Weight
#mm mm mm MeV/c MeV/c MeV/c ns - - - - -
-0.0416511 0.135228 820 0.0386678 0.0105029 11.4888 44.4087 -13 1 0 0 1
-0.332644 -0.21376 820 -0.105054 0.0574727 12.5524 45.7466 -13 2 0 0 1
0.144104 0.0613191 820 -0.0763256 -0.138963 9.82627 32.0586 -13 3 0 0 1
-0.0785198 -0.0100046 820 -0.00531775 0.0212147 11.1291 30.3677 -13 4 0 0 1
-0.153567 0.265761 820 0.0941322 0.0366873 6.82083 49.5095 -13 5 0 0 1
0.0837131 0.175023 820 0.00135608 -0.0551593 7.61828 60.0796 -13 6 0 0 1
-0.0302923 -0.050332 820 -0.0294681 0.0123409 12.0222 37.7407 -13 7 0 0 1
-0.275889 -0.263517 820 -0.0515609 0.0639263 5.03429 71.1826 -13 8 0 0 1
0.0342587 -0.13886 820 -0.0609473 0.0128766 13.6164 44.9011 -13 9 0 0 1
0.0920494 0.076283 820 0.00259095 -0.063468 13.2354 27.043 -13 10 0 0 1
0.00232717 0.0200783 820 -0.0423114 -0.0063682 10.5938 30.2159 -13 11 0 0 1
-0.399787 0.0751816 820 0.00337748 0.141413 11.7972 28.7584 -13 12 0 0 1
0.943447 -0.89173 820 -0.11305 -0.0830156 3.03925 85.2173 -13 13 0 0 1
-0.0463493 -0.0665229 820 -0.0221318 0.0158298 10.2997 31.2584 -13 14 0 0 1
0.0529417 -0.473418 820 -0.135616 0.00012355 5.07891 74.8453 -13 15 0 0 1
0.257844 0.192805 820 0.111782 -0.157866 8.31809 37.5405 -13 16 0 0 1
0.0168287 -0.125661 820 -0.0243691 -0.00303012 14.5058 27.309 -13 17 0 0 1
-0.118946 -0.0358631 820 0.0145371 0.0429223 13.0738 51.3537 -13 18 0 0 1
0.490416 0.274645 820 0.0146748 -0.13024 8.24851 52.9111 -13 19 0 0 1
0.00453684 0.0373684 820 -0.00864583 0.0073332 14.4195 43.1502 -13 21 0 0 1
-0.127082 0.170798 820 0.0273283 0.0133146 10.4428 29.6904 -13 22 0 0 1
-0.117108 -0.000921813 820 0.00719239 0.0100052 11.7588 54.3389 -13 23 0 0 1
0.0768304 -0.0315815 820 0.00753482 -0.00189485 8.27217 62.2718 -13 24 0 0 1
0.0455312 0.0139099 820 -0.0361455 0.0263506 14.3636 34.6094 -13 25 0 0 1
0.159126 0.276321 820 -0.0578598 0.101356 8.91928 48.2602 -13 26 0 0 1
-0.135753 -0.191419 820 -0.0585975 0.00579749 8.41574 44.8596 -13 27 0 0 1
0.00128713 0.0706763 820 0.0365914 -0.00227016 11.5577 53.0991 -13 28 0 0 1
0.138256 -0.0171226 820 0.0227336 -0.0377813 6.8991 63.1213 -13 29 0 0 1
-0.365898 0.032021 820 -0.0764384 0.150412 13.6114 23.9306 -13 30 0 0 1
0.0908372 0.112782 820 0.00892893 -0.011171 10.3326 32.5554 -13 31 0 0 1
-0.158691 -0.295818 820 -0.108381 0.107092 8.41602 39.9754 -13 32 0 0 1
0.499511 0.449662 820 0.0713744 0.0418936 2.77205 112.214 -13 33 0 0 1
0.184443 -0.0119222 820 0.0601029 -0.060549 13.6374 43.1314 -13 34 0 0 1
-0.147547 0.468262 820 -0.0607338 -0.0279456 4.93398 83.3179 -13 35 0 0 1
0.215866 -0.0142177 820 -0.0542935 -0.0956233 8.54347 58.3031 -13 36 0 0 1
-0.167192 0.407668 820 0.122352 -0.00814414 10.3761 56.3304 -13 37 0 0 1
0.0353833 0.0352257 820 -0.00110963 -0.00114734 11.8404 48.2845 -13 38 0 0 1
0.0312801 0.114145 820 0.0190796 -0.00721935 9.48506 41.0937 -13 39 0 0 1
3.08145 1.35408 820 0.647027 -0.660434 10.8208 47.5862 -13 40 0 0 1
-0.452826 0.0585723 820 -0.0791417 0.0867138 8.86793 36.0921 -13 41 0 0 1
0.0307652 0.332436 820 0.137312 -0.0570353 9.90215 51.255 -13 42 0 0 1
0.0258726 -0.0334474 820 -0.03027 0.0492335 14.4136 32.3695 -13 43 0 0 1
-0.0748893 -0.082642 820 0.00264665 -0.0483448 11.2473 44.9421 -13 44 0 0 1
0.176645 0.0416706 820 0.114917 -0.0491718 10.8474 51.7024 -13 45 0 0 1
-0.0602655 0.203141 820 0.0400469 -0.0620203 4.88837 62.2505 -13 46 0 0 1
-0.0853094 -0.104568 820 -0.0175395 0.0783256 11.4034 33.9203 -13 47 0 0 1
0.203404 0.222591 820 -0.184606 0.13833 6.61026 53.7804 -13 48 0 0 1
0.0790035 0.0250859 820 -0.0137563 -0.0438329 13.264 28.6648 -13 49 0 0 1
0.332229 -0.129683 820 0.0395726 -0.00243743 4.04916 94.5175 -13 50 0 0 1
0.0464339 -0.110985 820 0.053138 -0.112085 8.35802 46.9636 -13 51 0 0 1
-0.232436 0.200446 820 0.0686967 0.0429032 8.17242 37.1518 -13 53 0 0 1
-0.181909 -0.384151 820 -0.0525813 0.0383249 1.94331 105.363 -13 54 0 0 1
0.0393063 0.157648 820 0.0648617 0.0121196 10.3768 47.769 -13 55 0 0 1
-0.0793487 -0.165305 820 -0.0408027 0.068385 14.0571 29.9408 -13 56 0 0 1
0.0287966 0.00622275 820 0.0100354 -0.00722946 9.77934 57.3348 -13 57 0 0 1
0.0746574 0.216406 820 0.121802 0.0269384 8.2073 42.5517 -13 58 0 0 1
0.65314 0.0919059 820 0.0277392 -0.153088 6.95202 58.7597 -13 59 0 0 1
-0.12612 0.216795 820 0.0809549 0.0400109 8.20975 57.0577 -13 60 0 0 1
0.145564 0.0353413 820 0.0210329 -0.0391501 13.9424 36.6566 -13 61 0 0 1
-0.136094 -0.0326614 820 -0.0165155 0.0236741 9.3365 44.102 -13 62 0 0 1
0.00565638 -0.0336382 820 -0.00820316 0.0169928 14.0001 49.2896 -13 63 0 0 1
0.000952899 -0.24442 820 -0.0998744 -0.120129 8.84496 45.6452 -13 64 0 0 1
0.0100197 -0.0688304 820 -0.0676642 -0.0500276 4.99251 61.8736 -13 65 0 0 1
0.0882761 0.146534 820 0.0119338 0.0103388 7.35791 52.7173 -13 66 0 0 1
0.102718 -0.0237398 820 -0.0249626 -0.0421922 11.5112 38.0239 -13 67 0 0 1
-0.0870779 -0.368195 820 -0.133379 -0.00135787 10.615 47.1243 -13 68 0 0 1
-0.209171 -0.110112 820 0.0423868 0.0864249 5.2863 67.3413 -13 69 0 0 1
0.148318 0.124656 820 0.032135 -0.018557 11.1446 31.55 -13 70 0 0 1
0.0697166 0.0579474 820 0.053252 0.0201458 11.6652 29.0714 -13 71 0 0 1
0.103267 -0.140608 820 -0.0193699 -0.0223395 10.3412 29.8498 -13 72 0 0 1
0.546647 -0.338681 820 -0.117079 -0.183434 6.03455 69.2225 -13 73 0 0 1
-0.0227696 0.0334295 820 0.0233196 -0.0164865 10.7075 42.1381 -13 74 0 0 1
0.0747966 0.341912 820 -0.0146485 0.0540939 7.73564 65.3358 -13 75 0 0 1
-0.138958 -0.125608 820 0.00802152 0.0318505 12.4781 49.1787 -13 76 0 0 1
-0.0757642 0.0472041 820 -0.00877596 0.0597112 8.12101 61.7209 -13 77 0 0 1
-0.0761582 -0.0899788 820 0.0234241 0.0212703 13.542 35.3775 -13 78 0 0 1
-0.221754 -0.10851 820 -0.00799909 0.0550257 12.6552 48.2639 -13 79 0 0 1
0.0587714 -0.0536331 820 -0.0543817 0.00287897 10.2771 56.3923 -13 80 0 0 1
0.125952 0.255814 820 0.107016 -0.0186296 8.64231 56.755 -13 81 0 0 1
0.115039 -0.312444 820 -0.037873 -0.101933 13.196 45.4892 -13 82 0 0 1
-0.0465915 -0.0779175 820 -0.0742636 0.0175933 9.83813 48.6371 -13 83 0 0 1
0.339623 0.170635 820 0.0986809 0.0287892 6.2577 59.5245 -13 84 0 0 1
-0.0155811 -0.0564552 820 -0.0393425 -0.00539933 13.5954 25.5793 -13 85 0 0 1
0.078375 -0.328878 820 -0.0698031 -0.0267206 7.91239 49.7545 -13 86 0 0 1
0.233114 -0.285158 820 -0.0791658 0.0190611 8.44407 42.8454 -13 88 0 0 1
0.123271 -0.0671212 820 -0.0301456 0.0713483 9.93556 40.3348 -13 89 0 0 1
0.104506 0.315909 820 0.0619835 -0.0249731 6.64133 52.3203 -13 90 0 0 1
0.0130435 0.0301891 820 0.065552 -0.00714373 7.11027 68.1853 -13 91 0 0 1
-0.0919834 0.0301354 820 -0.106281 -0.0159581 6.60169 71.4101 -13 92 0 0 1
0.156153 0.271057 820 -0.00214689 0.231284 7.65065 63.8641 -13 93 0 0 1
0.0329152 -0.277816 820 -0.0119694 -0.00841391 5.55159 59.3212 -13 94 0 0 1
-0.0706357 -0.00306934 820 0.0410934 0.0305338 10.7453 39.1072 -13 95 0 0 1
0.00522542 0.0134428 820 0.00759383 0.0157326 12.8508 38.0539 -13 97 0 0 1
0.194479 0.537072 820 0.000559548 -0.464468 9.41683 39.0279 -13 98 0 0 1
-0.0156182 0.0140713 820 -0.02341 0.00547238 14.0059 26.3638 -13 99 0 0 1
-0.185052 -0.295133 820 -0.10851 0.0750252 12.3047 24.9347 -13 100 0 0 1
-0.518261 -0.0646327 820 -0.0876408 -0.0162631 4.55721 77.2053 -13 101 0 0 1
-0.425756 0.0538931 820 0.0615884 0.114848 9.94561 52.7934 -13 103 0 0 1
-0.085669 -0.121251 820 -0.014142 0.0290892 9.59163 43.5511 -13 104 0 0 1
0.0374629 0.0256516 820 -0.0222311 0.0183535 8.7754 40.003 -13 105 0 0 1
-0.153168 0.0137747 820 0.0445215 0.0257573 10.2924 56.5676 -13 106 0 0 1
0.0216622 0.0545671 820 0.0430321 -0.0101344 13.7446 39.2705 -13 107 0 0 1
0.190011 -0.138086 820 -0.0629419 0.0319455 7.24491 52.6176 -13 108 0 0 1
0.150918 0.0852621 820 -0.0509972 -0.0537897 13.5624 22.5 -13 109 0 0 1
0.240581 0.734412 820 0.191286 -0.163399 5.36356 55.9548 -13 110 0 0 1
0.119215 0.0624355 820 0.00580395 -0.0297892 9.81966 33.6442 -13 111 0 0 1
-0.245161 -0.348285 820 -0.118337 0.0909619 7.63374 42.0986 -13 112 0 0 1
-0.0243438 -0.0035065 820 0.0123932 0.0290876 11.9371 34.9373 -13 113 0 0 1
0.402588 0.0182596 820 -0.043635 -0.149307 8.01307 43.0429 -13 114 0 0 1
0.527654 1.00563 820 0.196553 -0.408859 13.2131 41.9772 -13 115 0 0 1
-0.0188931 -0.030717 820 0.0178433 0.0413729 10.27 57.7697 -13 116 0 0 1
-0.039039 -0.301259 820 -0.0772923 -0.0238739 11.541 30.598 -13 117 0 0 1
-0.300375 -0.155672 820 -0.186216 -0.0559512 5.73894 54.8608 -13 118 0 0 1
0.0365828 0.0963548 820 0.0186834 -0.0205696 10.9551 46.5466 -13 119 0 0 1
0.307683 -0.478612 820 0.0297221 -0.00757456 7.45678 52.942 -13 120 0 0 1
0.0691209 -0.020807 820 -0.122995 -0.00429401 7.91186 64.6927 -13 121 0 0 1
0.0655264 -0.0439784 820 0.0338117 0.0511357 8.96582 39.066 -13 122 0 0 1
-0.0792508 -0.267649 820 -0.0872193 -0.0924519 4.90077 80.2726 -13 123 0 0 1
0.0445837 0.0603021 820 0.0290218 -0.0585033 12.9866 38.041 -13 124 0 0 1
0.0479855 0.0342403 820 0.0425123 -0.0513082 11.4479 52.2404 -13 125 0 0 1
0.0632155 -0.225052 820 0.121431 -0.174997 11.7174 50.2196 -13 126 0 0 1
-0.0418018 -0.301703 820 -0.0446914 0.0406102 9.59204 36.4175 -13 127 0 0 1
0.0793218 0.233161 820 0.101392 -0.032494 13.4976 31.5871 -13 128 0 0 1
0.221584 0.182591 820 0.0184958 -0.0855728 13.484 34.666 -13 129 0 0 1
-0.0847159 -0.157198 820 -0.0559946 0.0351688 10.4479 50.4048 -13 130 0 0 1
0.224515 -0.195238 820 0.0155408 -0.0826349 9.11311 40.2917 -13 131 0 0 1
-0.714693 -0.0812007 820 0.142781 0.216425 13.2378 44.7764 -13 132 0 0 1
-0.0782883 0.0336055 820 0.0189293 0.0785014 14.4973 39.3966 -13 133 0 0 1
0.123485 0.0845778 820 0.11594 -0.00666878 7.22396 59.0478 -13 134 0 0 1
0.0569588 0.0654984 820 0.0244735 -0.0175473 13.3401 26.4968 -13 135 0 0 1
0.0683776 -0.0421773 820 -0.00615019 -0.039994 12.9714 34.6896 -13 136 0 0 1
-0.176595 0.146067 820 -0.0670123 -0.0184239 7.17345 44.5836 -13 137 0 0 1
0.204462 -0.0894289 820 0.0165477 -0.0392448 4.37413 68.829 -13 138 0 0 1
-0.0868145 -0.0631518 820 -0.0342685 -0.0295152 11.4725 45.379 -13 139 0 0 1
0.0187201 0.104691 820 0.0676754 -0.0339618 14.136 46.0652 -13 140 0 0 1
-0.000117677 0.0553259 820 -0.0132817 -0.0154217 13.8134 22.5911 -13 141 0 0 1
-0.00236685 -0.0572278 820 -0.0287493 -0.0371885 13.7447 33.2547 -13 142 0 0 1
-0.0566584 -0.27225 820 -0.0708932 0.00292578 11.0222 32.3409 -13 143 0 0 1
0.00479133 -0.058536 820 -0.0233872 -0.00818596 14.3878 41.2643 -13 144 0 0 1
-0.0722391 0.17773 820 -0.0148821 -0.00497001 9.84484 55.1225 -13 145 0 0 1
0.226393 0.0456999 820 -0.0133645 -0.00662063 9.20508 42.4703 -13 146 0 0 1
-0.0493941 0.0485894 820 0.0299092 -0.00688347 11.2236 41.5282 -13 147 0 0 1
0.00352466 0.0669358 820 -0.0147028 -0.0253415 7.32809 52.9057 -13 148 0 0 1
0.0386765 -0.181736 820 -0.0467473 0.000556125 6.96557 50.2535 -13 149 0 0 1
-0.0087111 -0.00424579 820 0.00222867 -0.0198968 13.841 41.9954 -13 150 0 0 1
-0.245251 -0.132812 820 -0.0422997 -0.011799 8.04593 39.7008 -13 151 0 0 1
0.00395338 -0.0270392 820 -0.0210775 -0.0155616 14.1283 45.2496 -13 152 0 0 1
-0.0379164 -0.125833 820 -0.0274975 0.103896 13.6693 45.3514 -13 153 0 0 1
-0.120144 -0.278716 820 -0.0347722 0.0209838 9.43809 48.293 -13 154 0 0 1
-0.230704 0.0544136 820 0.0868365 0.119352 9.92665 54.8015 -13 155 0 0 1
0.0830832 -0.0786727 820 0.00382893 -0.0222933 11.974 41.4081 -13 156 0 0 1
-0.155464 0.106944 820 0.0391243 0.0310471 13.2381 31.6092 -13 157 0 0 1
0.169081 -0.0806583 820 -0.0218625 0.155343 8.37254 45.0605 -13 158 0 0 1
-0.0104901 -0.065742 820 -0.0303285 0.00424073 14.3311 43.652 -13 159 0 0 1
-0.21296 0.00600798 820 -0.0336927 0.0262262 7.45625 47.7391 -13 160 0 0 1
-0.12805 -0.0941269 820 -0.0806582 0.0758382 14.101 28.0133 -13 161 0 0 1
0.147678 0.0288571 820 -0.000104414 -0.0606554 9.71287 45.4845 -13 162 0 0 1
0.194056 -0.147229 820 0.00482446 -0.0309714 9.72147 33.2001 -13 163 0 0 1
-0.111463 0.044949 820 -0.0194025 0.0407019 14.2168 41.0414 -13 164 0 0 1
-0.445946 0.163755 820 0.0437858 0.12593 12.3307 48.6419 -13 165 0 0 1
0.0998541 -0.193878 820 -0.0876413 -0.0470497 11.0038 55.4416 -13 166 0 0 1
-0.136011 0.116876 820 -0.0593537 0.00326314 9.80994 34.8087 -13 167 0 0 1
0.0626603 -0.0168935 820 -0.0268218 0.0360022 11.4136 26.8159 -13 168 0 0 1
0.0549997 0.0909194 820 0.0557603 -0.0191346 13.0579 49.0787 -13 169 0 0 1
0.0652123 -0.159215 820 -0.0567521 -0.0923632 8.90482 51.8295 -13 170 0 0 1
0.0522283 0.114628 820 0.00632177 -0.00855645 14.505 42.5132 -13 171 0 0 1
-0.277834 -0.318087 820 -0.0699753 0.090703 11.8407 39.5923 -13 172 0 0 1
-0.113691 0.0440658 820 -0.00848564 0.0356542 13.0397 23.8932 -13 173 0 0 1
0.0260917 -0.130575 820 0.0052222 0.0195183 9.72625 53.8294 -13 174 0 0 1
-0.112277 0.0470736 820 0.0480789 -0.0145221 10.6603 30.2142 -13 175 0 0 1
0.323066 -0.505601 820 -0.178371 -0.0825145 10.7655 41.6834 -13 176 0 0 1
0.118881 -1.132 820 0.075211 -0.0195452 2.91443 92.1512 -13 177 0 0 1
-0.290582 0.0773876 820 -0.1493 -0.0364591 5.49023 63.5478 -13 178 0 0 1
0.113929 -0.333482 820 -0.275046 0.17388 5.35862 68.8895 -13 179 0 0 1
0.267907 0.216492 820 -0.125596 -0.397327 7.07465 64.4906 -13 180 0 0 1
0.00053296 -0.176908 820 -0.0174783 -0.0774023 8.75116 59.9423 -13 181 0 0 1
0.00482137 0.0819515 820 0.0506958 0.0558569 9.24329 49.2462 -13 182 0 0 1
0.0981074 0.0752175 820 0.0608703 -0.0268407 14.0214 26.5858 -13 183 0 0 1
0.124588 -0.029292 820 0.0736547 -0.0784674 12.2569 28.8484 -13 184 0 0 1
0.264098 -0.312895 820 -0.0145921 -0.145761 11.4978 41.5462 -13 185 0 0 1
-0.153861 0.0111796 820 0.0295017 0.053596 11.8674 54.0504 -13 186 0 0 1
0.31498 -0.0283502 820 -0.0496813 -0.0884621 4.58657 64.8986 -13 187 0 0 1
-0.0899445 0.165724 820 0.0354063 0.0662297 8.53236 50.7927 -13 188 0 0 1
-0.152445 -0.192218 820 -0.0135481 0.0646691 5.71462 51.0826 -13 189 0 0 1
-0.0380084 -0.0535547 820 0.0185382 0.0294481 8.38143 40.5625 -13 190 0 0 1
-0.696075 -0.0761124 820 -0.25583 0.107609 12.1832 30.2065 -13 191 0 0 1
0.130874 0.182582 820 0.0469537 -0.0580442 12.0697 30.2331 -13 192 0 0 1
0.0994987 0.0931421 820 -0.0359807 0.0068071 10.3119 35.5439 -13 194 0 0 1
0.0986419 0.21391 820 0.114925 -0.0410657 10.8455 49.0908 -13 195 0 0 1
-0.0285272 -0.0135766 820 -0.0713113 0.00798968 11.6789 54.6537 -13 196 0 0 1
-0.194774 0.0662318 820 0.00331472 0.0589417 12.2957 28.5741 -13 198 0 0 1
-0.0198635 -0.0436328 820 -0.0148663 0.00998003 12.9193 37.2517 -13 199 0 0 1
-0.00672275 -0.109956 820 -0.0262126 -0.0151561 11.5894 47.2092 -13 201 0 0 1
0.0807304 0.15767 820 0.136216 0.00463812 12.0023 45.5204 -13 202 0 0 1
-0.216043 0.0664106 820 0.0211517 0.0376844 14.4536 41.2968 -13 203 0 0 1
-0.102433 0.233662 820 -0.0407852 0.102812 5.33879 62.1408 -13 204 0 0 1
-0.0292198 0.126324 820 0.032408 -0.0253679 7.11541 51.9594 -13 205 0 0 1
-0.313258 0.102211 820 0.0557987 0.0623379 9.1852 59.7913 -13 207 0 0 1
-0.0146136 -0.0557347 820 -0.0319565 -0.00587283 13.7079 34.5521 -13 209 0 0 1
-0.915358 -2.93655 820 -0.375126 0.43805 2.33401 118.636 -13 210 0 0 1
-0.204786 0.455989 820 0.144194 0.0315466 6.4497 59.6652 -13 211 0 0 1
-0.489627 -0.566749 820 -0.132531 0.245593 13.9339 22.6507 -13 212 0 0 1
0.193849 -0.212685 820 -0.0832 -0.0717809 8.87762 61.6991 -13 213 0 0 1
0.0778519 -0.0850784 820 -0.0301345 -0.0111339 9.77977 48.2443 -13 214 0 0 1
0.313859 0.0983915 820 0.0148082 -0.0167585 3.80578 84.987 -13 215 0 0 1
0.12843 0.0469311 820 0.0665832 -0.0480883 9.87518 41.9569 -13 216 0 0 1
-0.0556138 0.239501 820 0.0893258 -0.122807 9.42965 44.1337 -13 217 0 0 1
0.0681261 0.00587733 820 0.0487021 0.0283911 5.01132 71.2453 -13 218 0 0 1
-0.0253548 -0.0940282 820 0.0129516 0.0356212 9.72672 40.4566 -13 219 0 0 1
0.0451792 0.0613356 820 0.0672143 -0.0377488 13.3189 34.014 -13 220 0 0 1
0.199978 -0.185909 820 0.123079 -0.139971 3.09134 90.4851 -13 221 0 0 1
-0.00357741 -0.102812 820 -0.050678 -0.0666435 8.90394 39.8955 -13 222 0 0 1
-0.15412 -0.155679 820 0.00578505 -0.00836461 8.61294 37.3383 -13 223 0 0 1
0.202604 0.0505607 820 -0.0510711 0.0980956 5.98618 76.6847 -13 224 0 0 1
-0.0795226 0.00922366 820 0.021099 0.0185346 12.336 44.8233 -13 225 0 0 1
-0.157348 -0.119753 820 -0.103209 0.0843503 10.0662 48.165 -13 226 0 0 1
-0.0140204 -0.0622019 820 -0.0836416 0.0150529 12.6071 43.151 -13 227 0 0 1
0.192315 0.0604945 820 -0.0869135 -0.0229165 13.4949 35.2355 -13 228 0 0 1
0.00322405 0.13595 820 0.035989 0.0160477 13.4305 32.8283 -13 229 0 0 1
-0.482314 0.19577 820 0.0107534 0.123174 11.9405 26.1441 -13 230 0 0 1
-0.0305395 -0.0254515 820 -0.0417727 0.0583233 8.97822 58.7824 -13 231 0 0 1
-0.279959 -0.126476 820 -0.0439869 0.0667476 6.23318 65.3968 -13 232 0 0 1
-0.0488094 0.0451096 820 0.0773067 -0.100838 10.9514 54.7954 -13 233 0 0 1
0.159088 0.101212 820 0.487456 -0.175965 12.4696 26.6622 -13 234 0 0 1
0.143196 0.17727 820 -0.0414298 0.0189191 6.25331 69.5924 -13 235 0 0 1
-0.293327 -0.170762 820 -0.064981 0.147856 4.24468 84.5696 -13 236 0 0 1
0.207438 -0.172284 820 -0.0571519 -0.0372023 8.3339 50.094 -13 237 0 0 1
-0.0601364 -0.200735 820 -0.0595932 0.0560696 9.39817 36.0758 -13 238 0 0 1
-0.0707343 0.148674 820 0.0695164 0.0105913 12.7603 34.8468 -13 239 0 0 1
0.00260391 0.0188268 820 -0.00933888 -0.0244731 12.7449 28.5547 -13 240 0 0 1
0.0274122 0.118608 820 0.0224806 -0.0666288 12.7838 25.3008 -13 241 0 0 1
-0.0957624 -0.620055 820 -0.203263 0.21513 10.9011 43.2992 -13 242 0 0 1
0.00022667 0.124056 820 0.0930167 -0.0109013 13.7893 49.3193 -13 243 0 0 1
0.107001 0.285993 820 0.0163271 -0.0333693 8.61927 57.3636 -13 244 0 0 1
-0.0951148 0.446119 820 0.115256 0.200224 12.9014 35.2688 -13 245 0 0 1
0.0940298 0.0558174 820 0.00342951 0.0325594 8.00167 45.1717 -13 246 0 0 1
-0.103381 0.0132806 820 -0.0225857 0.00689842 11.6233 35.8162 -13 247 0 0 1
-0.117709 -0.17234 820 -0.0554096 0.0533361 11.8161 52.4037 -13 248 0 0 1
0.0399962 0.0223526 820 0.0118197 -0.00454953 12.3277 34.6964 -13 249 0 0 1
0.151528 0.114183 820 0.142537 -0.0353599 10.2704 47.9091 -13 250 0 0 1
-0.200914 -0.264339 820 -0.0381526 0.0821485 8.27226 61.418 -13 251 0 0 1
0.0942863 0.0807128 820 0.0294063 -0.0137353 12.9674 30.3784 -13 252 0 0 1
0.15234 -0.0131678 820 0.118161 0.000762732 11.8925 45.9833 -13 253 0 0 1
0.168379 -0.210162 820 0.00748378 -0.00189445 8.29671 39.7952 -13 254 0 0 1
-0.0786867 0.0162476 820 -0.00137515 -0.00392302 12.0467 32.1142 -13 255 0 0 1
0.0312588 0.215638 820 0.0875847 -0.0242382 12.1937 24.8832 -13 256 0 0 1
0.175653 0.10938 820 0.0125695 -0.0256758 11.2723 37.281 -13 257 0 0 1
0.108929 0.199705 820 0.0638362 -0.0528148 11.719 41.892 -13 258 0 0 1
0.150858 0.133249 820 0.0626226 -0.00644176 14.439 25.9258 -13 259 0 0 1
-0.101756 0.0681274 820 0.0149305 4.88749e-05 14.2097 44.5843 -13 260 0 0 1
0.243164 0.0797333 820 0.0542819 -0.0688667 13.8362 36.4437 -13 261 0 0 1
0.11206 0.0221728 820 0.0460312 -0.129318 12.9451 42.0818 -13 262 0 0 1
0.0555211 -0.0966243 820 -0.016111 -0.0398583 10.5173 35.5273 -13 263 0 0 1
-0.164815 0.591526 820 -0.22556 0.308612 2.9767 106.901 -13 264 0 0 1
-0.0267678 0.00103608 820 0.00482808 -0.00465397 12.8014 46.7805 -13 265 0 0 1
0.159799 0.296245 820 0.0555 -0.0104188 11.3101 50.5445 -13 266 0 0 1
0.00694951 -0.00640651 820 0.00646003 -0.0101485 14.0415 43.5716 -13 267 0 0 1
-0.187209 -0.216864 820 -0.0174231 0.0453845 12.2492 29.6898 -13 268 0 0 1
-0.0752283 0.328086 820 0.0374148 0.0798089 11.895 36.6509 -13 269 0 0 1
0.46445 -0.638268 820 0.0158953 -0.120755 2.68136 117.315 -13 270 0 0 1
0.12557 -0.162363 820 -0.0380217 -0.118764 7.21809 67.5731 -13 271 0 0 1
-0.0354513 0.0958598 820 0.0360511 0.027582 14.4505 30.4393 -13 272 0 0 1
0.152911 -0.0751031 820 -0.00123427 -0.044295 8.01127 46.634 -13 273 0 0 1
0.261767 -0.124866 820 -0.0118449 -0.140719 12.6018 50.4525 -13 274 0 0 1
0.115611 -0.00122664 820 -0.012933 -0.090921 8.68676 53.1268 -13 275 0 0 1
0.0134202 -0.100214 820 0.0108693 0.049096 11.5154 31.3181 -13 276 0 0 1
-0.0927994 -0.0342242 820 -0.0497043 0.0460639 9.56086 55.6248 -13 277 0 0 1
-0.0340835 -0.0494638 820 -0.020021 0.0293896 13.7466 34.2774 -13 278 0 0 1
0.127635 0.00709525 820 0.0200137 -0.0595022 13.3235 42.8024 -13 279 0 0 1
0.44857 0.316276 820 0.121068 -0.21219 6.20382 52.6759 -13 280 0 0 1
0.0511372 -0.0520031 820 0.0604554 -0.0244655 8.11384 55.9386 -13 281 0 0 1
0.0266227 -0.0771229 820 -0.00878997 0.0249262 9.49176 54.1779 -13 282 0 0 1
0.0154346 -0.00739102 820 -0.0104451 0.00641606 10.6719 34.76 -13 283 0 0 1
-0.0770349 -0.0280444 820 0.0567861 0.0631866 7.12526 54.1524 -13 284 0 0 1
-0.163934 0.0556264 820 -0.0610379 -0.131416 2.35347 123.198 -13 285 0 0 1
0.314238 -0.0153501 820 -0.0362321 -0.0412715 6.69408 69.1576 -13 286 0 0 1
0.105225 0.106363 820 -0.0384844 -0.0563165 10.8464 55.2721 -13 287 0 0 1
0.0971488 0.0171198 820 0.0279502 -0.050961 11.9458 50.1693 -13 288 0 0 1
0.100267 -0.214976 820 -0.0825082 0.00400009 9.37056 48.6702 -13 289 0 0 1
-0.00864289 -0.127486 820 0.0378766 0.0445638 9.0279 41.0524 -13 290 0 0 1
0.250613 -0.0813528 820 0.0150532 0.0233279 6.83171 61.0455 -13 291 0 0 1
-0.07507 -0.0335007 820 -0.0413906 0.0486317 13.2597 25.5778 -13 292 0 0 1
0.142192 -0.0240449 820 0.00940752 -0.0628884 7.35576 68.628 -13 293 0 0 1
0.123841 0.0594396 820 0.023914 -0.0447415 13.8135 50.9885 -13 294 0 0 1
0.0390669 0.194581 820 0.148583 -0.0733305 7.16773 63.4137 -13 295 0 0 1
0.224979 -0.0588176 820 -0.0317759 0.0510706 5.94885 63.5631 -13 296 0 0 1
-0.431431 -0.0177221 820 -0.0302738 0.148046 11.97 29.4421 -13 297 0 0 1
0.0111098 0.0334994 820 -0.017966 0.00502772 12.1583 37.018 -13 299 0 0 1
0.345781 0.159071 820 0.233097 0.092822 2.6268 117.268 -13 300 0 0 1
0.0346473 -0.250654 820 -0.0212066 0.0202085 8.1798 62.137 -13 301 0 0 1
0.0948567 -0.177518 820 -0.127492 -0.142784 7.46316 54.8198 -13 302 0 0 1
0.0309107 0.155371 820 0.0898783 -0.00380578 11.6511 38.3535 -13 303 0 0 1
0.274972 -0.233953 820 -0.0415034 -0.0643123 7.61577 55.2696 -13 304 0 0 1
-0.0406797 -0.0413164 820 -0.0297123 0.0063862 11.0752 36.773 -13 305 0 0 1
0.101128 0.0118539 820 -0.0150928 -0.0704808 9.68016 45.7365 -13 306 0 0 1
0.833215 -0.357407 820 0.0919065 -0.297424 4.13084 77.3312 -13 307 0 0 1
-0.0485909 -0.0425277 820 -0.0226767 0.0599516 12.3635 30.4427 -13 308 0 0 1
-0.501376 0.0795554 820 0.0327939 0.148538 9.51935 50.9382 -13 309 0 0 1
0.0289443 -0.201676 820 -0.10824 0.0472923 5.57897 60.7578 -13 310 0 0 1
0.0302949 -0.077444 820 -0.0254866 -0.0458632 13.9691 38.4023 -13 311 0 0 1
0.0421554 0.0296358 820 0.000305547 -0.00173376 12.1457 31.3544 -13 312 0 0 1
-0.00819863 0.0722665 820 -0.0322971 -0.0213953 13.0393 24.598 -13 313 0 0 1
0.011119 0.051933 820 0.0400378 -0.0250194 13.7692 23.15 -13 314 0 0 1
-0.108823 0.0179039 820 -0.00207967 0.0489243 11.5984 29.2889 -13 315 0 0 1
-0.160421 0.113109 820 -0.041591 0.00115575 9.06468 38.89 -13 316 0 0 1
-0.713444 0.317156 820 -0.0852066 -0.0809269 0.574552 146.378 -13 317 0 0 1
-0.208662 0.142537 820 0.142725 0.0495541 6.05297 53.4899 -13 318 0 0 1
-0.00220561 -0.186921 820 -0.0477078 -0.0288275 13.7989 27.3027 -13 320 0 0 1
0.140998 -0.0792818 820 -0.0192608 -0.0471281 9.97834 35.095 -13 321 0 0 1
0.0648117 0.106091 820 0.0240206 0.00816554 12.7392 29.0208 -13 322 0 0 1
0.0626049 -0.215054 820 0.0145476 -0.0489357 6.02196 55.2639 -13 323 0 0 1
0.0947749 -0.270091 820 -0.0231023 -0.0166661 11.4305 52.6494 -13 325 0 0 1
0.00915307 0.00678665 820 0.0143761 -0.0122537 10.6922 47.941 -13 326 0 0 1
-0.0138496 -0.110732 820 -0.0296356 -0.021379 12.4424 36.8843 -13 327 0 0 1
0.347102 -0.692747 820 -0.248853 -0.0383845 3.88142 90.0258 -13 328 0 0 1
0.0423093 -0.214711 820 -0.0343872 -0.0681985 11.9722 46.9455 -13 329 0 0 1
-0.462279 0.26855 820 0.0341645 0.157902 8.88693 41.054 -13 330 0 0 1
0.154251 -0.184851 820 -0.0846435 0.000606168 5.45339 53.3103 -13 331 0 0 1
0.44234 0.944454 820 -0.0320159 -0.0245632 4.69822 65.5203 -13 332 0 0 1
-0.131349 0.119018 820 0.0369637 0.0271373 9.79636 41.1972 -13 333 0 0 1
-0.163085 -0.0141732 820 -0.00978451 0.0916399 12.849 25.711 -13 334 0 0 1
0.165508 0.296142 820 0.0773186 -0.00503625 14.2441 42.0374 -13 335 0 0 1
-0.0463091 -0.233796 820 0.0212751 0.0325885 5.62467 64.9125 -13 336 0 0 1
-0.0161536 -0.0223224 820 -0.0203059 0.00395698 13.7298 40.0389 -13 337 0 0 1
-0.0858303 0.0700692 820 -0.085175 0.0911687 9.62995 55.0674 -13 338 0 0 1
0.0125354 -0.280265 820 -0.199367 0.0291297 9.30592 60.2716 -13 339 0 0 1
-0.0207112 -0.0389555 820 0.00556253 0.0120848 12.4495 51.3693 -13 341 0 0 1
0.176253 -0.00372571 820 0.010596 -0.0577914 13.2378 28.8076 -13 344 0 0 1
-0.380235 -0.642575 820 -0.102488 0.168132 9.62579 31.1975 -13 345 0 0 1
-0.0155752 -0.122802 820 -0.0361083 0.0355813 13.4505 37.2268 -13 346 0 0 1
-0.0716062 0.0458185 820 0.0439666 -0.00257942 12.0951 39.1104 -13 347 0 0 1
-0.133089 0.0917944 820 0.0634957 0.0479092 13.7775 47.9506 -13 348 0 0 1
0.309439 0.0725792 820 0.105693 -0.176851 7.05295 55.4072 -13 349 0 0 1
-0.0454912 -0.102073 820 -0.0260145 -0.0778654 7.7055 61.0303 -13 350 0 0 1
4.25622 -0.293767 820 -0.321352 -0.985498 4.07631 74.405 -13 351 0 0 1
-0.453667 0.000487291 820 0.0958902 0.029361 3.89965 80.7677 -13 352 0 0 1
0.20177 -0.202271 820 -0.146325 -0.0886919 10.8325 54.4999 -13 354 0 0 1
-1.79475 -0.72189 820 -0.0392698 0.0845244 2.45032 110.929 -13 355 0 0 1
-0.0869612 -0.129035 820 0.0466343 0.0863171 9.74417 57.9945 -13 356 0 0 1
-0.0851929 0.169394 820 -0.0413217 0.0180795 10.616 55.0497 -13 357 0 0 1
0.0704807 -0.0656572 820 -0.105072 -0.0169414 10.8742 44.5829 -13 358 0 0 1
0.0167491 0.0109768 820 0.0250743 0.0049953 11.78 31.3265 -13 359 0 0 1
-0.0250402 0.0307859 820 0.0185907 0.0258947 13.4998 43.5714 -13 360 0 0 1
-0.20929 -0.0740782 820 0.104472 0.138873 3.40059 82.1016 -13 361 0 0 1
0.0496423 0.0933241 820 0.0523521 -0.0363675 8.72911 34.5192 -13 362 0 0 1
0.0690252 -0.0510713 820 0.0707974 -0.0431763 12.1579 52.7612 -13 363 0 0 1
0.0263429 -0.0703835 820 -0.0332939 -0.0187378 14.4457 25.3994 -13 364 0 0 1
0.134979 0.0856636 820 0.0086902 -0.0283092 11.8399 29.772 -13 365 0 0 1
-0.00365348 -0.290935 820 -0.0124768 -0.0196894 7.86074 38.1307 -13 366 0 0 1
-0.114453 0.271338 820 0.129798 0.0809463 11.704 49.8797 -13 367 0 0 1
-0.0209702 -0.463213 820 -0.149643 -0.0140906 5.92175 67.7627 -13 368 0 0 1
-0.0269363 -0.111981 820 -0.0168379 -0.0254929 6.36601 49.0743 -13 370 0 0 1
0.211636 0.251354 820 0.0538355 -0.183552 14.5166 38.2528 -13 371 0 0 1
0.0204062 -0.253324 820 -0.0785369 -0.0362825 14.1955 30.1167 -13 373 0 0 1
-0.328637 -0.179034 820 -0.223303 0.00118558 4.86149 64.2817 -13 374 0 0 1
0.0214234 0.0177765 820 -0.00318776 0.00377564 13.3649 44.1873 -13 375 0 0 1
0.762199 -0.320634 820 -0.332871 0.106485 6.557 56.9965 -13 376 0 0 1
-0.0793693 -0.0479445 820 0.0022774 0.00570989 10.5013 38.1714 -13 377 0 0 1
-0.340329 -0.0786101 820 0.0724145 0.103852 7.36503 42.5875 -13 379 0 0 1
-0.18265 0.372789 820 0.11811 0.0990846 10.7011 32.8705 -13 380 0 0 1
-0.0348188 -0.0101551 820 -0.0383757 -0.0466186 7.77412 50.1651 -13 381 0 0 1
0.165738 -0.00928931 820 0.0187016 -0.0636554 13.3936 34.7535 -13 382 0 0 1
0.0686158 -0.274304 820 -0.127376 -0.0280064 14.0974 35.6188 -13 384 0 0 1
-0.111347 -0.0114858 820 0.000686134 0.0313388 14.4569 29.8239 -13 386 0 0 1
-0.0148276 -0.0869086 820 -0.0145669 -0.0300303 14.4256 38.5085 -13 387 0 0 1
0.244451 0.0599797 820 -0.025618 -0.0705984 9.3241 55.1562 -13 388 0 0 1
-0.0388436 0.0114018 820 -0.0639132 0.067317 13.4358 40.7287 -13 389 0 0 1
-0.260853 0.278828 820 0.138328 0.0505537 10.3063 37.8792 -13 390 0 0 1
-0.14687 -0.0402924 820 0.0293001 0.0765122 8.65754 62.0829 -13 391 0 0 1
0.0506584 -0.153037 820 0.128656 -0.156305 8.09048 63.3947 -13 392 0 0 1
-0.601541 0.0874983 820 0.0268066 0.121384 3.61865 76.5147 -13 393 0 0 1
0.497043 2.03725 820 0.242367 -0.387272 3.45666 84.5402 -13 394 0 0 1
0.324971 -0.305662 820 0.0719249 -0.11035 14.0816 30.0912 -13 395 0 0 1
-0.0175361 -0.0831723 820 -0.00774988 0.0176963 7.02505 57.5056 -13 396 0 0 1
0.0968905 -0.128799 820 -0.00686021 0.00117923 14.4946 28.0249 -13 397 0 0 1
0.192797 0.326155 820 0.435942 0.545732 13.2802 29.7478 -13 398 0 0 1
-0.0886705 -0.0565766 820 -0.0689429 0.0707565 12.6127 26.9916 -13 399 0 0 1
-0.155515 -0.104906 820 -0.0683514 0.0347317 11.6345 36.897 -13 400 0 0 1
-0.116691 0.173627 820 0.00656993 0.0384714 11.1602 39.7694 -13 401 0 0 1
0.177004 0.173732 820 -0.0455763 0.0493647 7.28008 41.6748 -13 402 0 0 1
0.38768 0.614061 820 0.134716 -0.0808308 5.65381 70.906 -13 403 0 0 1
0.0311512 -0.0310266 820 -0.0522463 0.0152172 14.389 29.1913 -13 404 0 0 1
-0.218434 0.13965 820 0.1886 0.123782 12.7723 40.4112 -13 405 0 0 1
-0.167764 -0.147156 820 0.0150611 0.10598 7.07426 56.3179 -13 406 0 0 1
0.425336 0.27833 820 0.0211525 -0.0516285 4.6193 84.9237 -13 407 0 0 1
-0.20043 0.0547741 820 -0.0503782 0.028527 10.8521 48.7223 -13 408 0 0 1
-0.111707 -0.171519 820 -0.00577551 0.11807 12.196 27.8871 -13 409 0 0 1
0.107385 -0.191243 820 0.0729223 -0.0451155 7.14918 50.922 -13 410 0 0 1
0.0899631 -0.431231 820 -0.0685973 0.0305163 6.79353 47.9501 -13 411 0 0 1
-0.141634 0.168249 820 -0.0204297 0.0622423 7.19885 45.0325 -13 412 0 0 1
0.602032 -0.212588 820 -0.201107 -0.16297 5.49437 52.4184 -13 413 0 0 1
-0.0646623 -0.103674 820 -0.0172219 -0.0373312 9.81272 36.6506 -13 414 0 0 1
-0.135448 -0.0706836 820 -0.0510312 0.0744776 8.22767 42.6754 -13 415 0 0 1
-0.201185 -0.0317704 820 -0.0078508 -0.033224 12.6127 37.4028 -13 416 0 0 1
-0.474747 0.312544 820 0.0645198 0.233473 6.41 50.9726 -13 417 0 0 1
-0.176693 -0.0240973 820 0.0367559 0.0850194 9.94525 55.9826 -13 418 0 0 1
0.50272 0.25703 820 0.109449 -0.114159 7.64734 52.0827 -13 419 0 0 1
0.101396 0.0280971 820 0.083232 -0.0606239 12.4705 33.7745 -13 420 0 0 1
-0.0762661 0.150657 820 0.0466941 -0.0190855 13.198 27.3643 -13 421 0 0 1
-0.00274295 -0.242131 820 -0.229152 -0.0145318 7.00957 45.4618 -13 422 0 0 1
0.108675 -0.154131 820 0.096565 0.0145558 9.31134 41.5592 -13 424 0 0 1
-0.367264 0.269261 820 0.15579 -0.0448858 4.91652 85.9794 -13 425 0 0 1
-0.278635 -0.0877256 820 -0.0444591 0.103974 4.87709 82.0072 -13 426 0 0 1
0.131666 -0.0471936 820 -0.028981 -0.0442844 10.8003 53.1205 -13 427 0 0 1
-0.0829316 0.152225 820 0.090815 -0.171362 6.92499 50.0019 -13 428 0 0 1
-0.465378 0.136919 820 -0.137809 0.0931223 7.73737 50.7386 -13 429 0 0 1
0.00848518 -0.0558513 820 0.00324604 -0.0154446 9.92088 40.0423 -13 430 0 0 1
-0.169889 0.206087 820 0.0821127 0.0637145 10.828 37.2449 -13 431 0 0 1
0.0433015 0.0388325 820 0.0491117 0.00697585 9.93873 47.7928 -13 432 0 0 1
0.0434478 -0.0299595 820 -0.0117006 -0.0383565 11.0215 52.0186 -13 433 0 0 1
-0.0195421 -0.00462352 820 -0.0235766 0.0324311 13.6956 33.0613 -13 434 0 0 1
-0.321552 0.0418754 820 0.0517898 0.0910102 11.371 40.9548 -13 435 0 0 1
-0.181799 -0.0731847 820 0.0644739 0.024818 11.2056 33.122 -13 436 0 0 1
0.0190293 -0.0298979 820 -0.00591041 0.00768887 10.6912 38.9296 -13 437 0 0 1
0.0823699 -0.202565 820 -0.0332949 -0.0410656 11.1118 42.9975 -13 438 0 0 1
0.0410822 -0.137991 820 0.0318708 0.000656938 11.9393 53.3527 -13 439 0 0 1
0.0924867 -0.0646043 820 -0.195069 0.1369 8.83655 54.217 -13 440 0 0 1
-0.189817 -0.00823429 820 -0.0743388 0.0215086 11.3832 40.1241 -13 441 0 0 1
-0.000231691 -0.591104 820 -0.159981 -0.0167059 3.60634 75.1026 -13 442 0 0 1
-0.15145 -0.327887 820 -0.127595 0.0234527 7.53581 64.3172 -13 443 0 0 1
0.0812135 0.108445 820 0.0486593 0.0543469 11.3735 36.8007 -13 444 0 0 1
0.0701838 -0.335964 820 -0.173953 -0.0159907 7.93332 62.5349 -13 445 0 0 1
-0.0200632 0.103216 820 0.0501359 -0.00101907 13.39 48.9397 -13 446 0 0 1
0.172393 -0.137664 820 0.0101067 -0.0552625 11.5445 37.6717 -13 447 0 0 1
-0.015329 -0.188711 820 -0.0385557 0.0954429 9.79039 33.6882 -13 448 0 0 1
0.0451592 -0.056785 820 -0.0577367 0.0496135 8.13001 40.6692 -13 449 0 0 1
0.0893211 -0.128816 820 -0.0073885 -0.00330269 12.3365 53.2824 -13 450 0 0 1
0.00695895 0.101116 820 -0.0159151 -0.0571624 7.78907 57.9376 -13 451 0 0 1
0.250707 0.102446 820 0.0401938 -0.106536 11.8523 51.4836 -13 452 0 0 1
-0.0527013 0.00870203 820 -0.0117345 0.0209704 12.951 50.7539 -13 453 0 0 1
0.0484386 -0.181649 820 -0.0457077 -0.0202242 9.51212 40.1694 -13 454 0 0 1
0.0415863 -0.103068 820 -0.0472707 0.041989 13.9922 25.1562 -13 456 0 0 1
0.0738591 -0.0920684 820 -0.0141547 -0.0890042 9.43162 32.8637 -13 457 0 0 1
-0.207152 0.205234 820 0.0783398 -0.00204314 11.575 52.2654 -13 458 0 0 1
0.143955 -0.282572 820 -0.0689391 0.0127279 7.95414 45.5474 -13 459 0 0 1
0.0522602 0.00607509 820 0.0139421 0.0217036 10.5653 31.0748 -13 460 0 0 1
-0.0633823 0.0418394 820 -0.0143757 0.0146942 13.444 48.1089 -13 461 0 0 1
-0.0675895 0.0358741 820 -0.0308905 0.00115444 13.5719 47.9537 -13 462 0 0 1
0.107822 -0.0638275 820 0.0255171 -0.0140394 7.6472 50.4239 -13 463 0 0 1
0.438923 0.518097 820 0.274252 -0.27305 3.48321 102.852 -13 464 0 0 1
-0.271613 0.0375428 820 0.0576946 0.165089 9.87519 35.4791 -13 465 0 0 1
-0.0882035 0.246307 820 0.0234394 -0.0420531 7.34959 41.4467 -13 466 0 0 1
0.0505054 -0.0654925 820 0.0341425 -0.0734711 14.0383 24.4928 -13 467 0 0 1
0.0881592 -0.0347918 820 -0.0526284 -0.00245036 8.78886 43.9277 -13 468 0 0 1
0.10591 -0.615949 820 -0.0138712 0.0835388 4.69486 77.1638 -13 469 0 0 1
-0.251636 0.0790013 820 0.0573767 0.182597 6.31346 48.3131 -13 470 0 0 1
0.101413 -0.00279393 820 -0.0160474 0.000444477 9.94559 49.9279 -13 472 0 0 1
-0.120458 -0.502457 820 -0.0737166 0.143056 5.2559 55.9704 -13 473 0 0 1
-0.217713 0.101039 820 0.0891725 -0.0684115 8.21546 50.9941 -13 474 0 0 1
-0.0114902 -0.0972966 820 -0.0534256 0.0117964 11.7777 35.5274 -13 475 0 0 1
0.0639378 -0.182014 820 -0.107829 -0.0276754 7.82005 38.5758 -13 476 0 0 1
0.0590158 0.0853418 820 0.0141501 0.023164 9.47448 47.2793 -13 477 0 0 1
-0.193522 -0.124491 820 0.0193441 0.116814 9.74105 33.2867 -13 478 0 0 1
-0.519086 -0.155132 820 -0.0287589 -0.0259794 5.28242 57.0366 -13 479 0 0 1
0.0722595 -0.235973 820 0.0172279 -0.0230009 10.6942 44.8375 -13 480 0 0 1
-0.107179 0.268787 820 0.215664 0.0759768 8.9509 47.3074 -13 481 0 0 1
0.0694863 -0.194236 820 -0.0834481 0.0325116 6.44197 73.9174 -13 482 0 0 1
-0.0862325 -0.033339 820 -0.0184807 0.0188631 14.0409 50.4073 -13 483 0 0 1
0.328829 -0.0802411 820 -0.0262112 -0.142818 7.41924 53.4348 -13 484 0 0 1
-0.0415097 -0.158318 820 -0.0617348 0.0184481 11.3305 29.7831 -13 485 0 0 1
-0.190442 -0.117827 820 -0.0169361 -0.122785 7.27917 47.8938 -13 486 0 0 1
0.153389 0.033034 820 0.000203191 -0.0628008 13.0041 41.0618 -13 487 0 0 1
0.40275 -0.708299 820 -0.291993 -0.0868513 5.19224 75.1649 -13 488 0 0 1
0.0319839 0.0854021 820 -0.00296988 -0.0446444 13.8831 26.3234 -13 489 0 0 1
-0.708765 -0.0345886 820 -0.0274091 -0.0222521 3.46587 79.9248 -13 490 0 0 1
-0.0769345 -0.227859 820 -0.12321 -0.0262972 7.48682 63.7233 -13 491 0 0 1
-0.0553285 0.021249 820 -0.0165585 -0.033401 13.9308 25.6566 -13 492 0 0 1
-0.130121 -0.0427333 820 -0.0151621 0.0042476 12.4247 48.7783 -13 493 0 0 1
-0.013299 0.0262511 820 -0.0181672 -0.0365225 12.9562 46.5442 -13 494 0 0 1
-0.0404553 -0.00616148 820 -0.0470005 0.0294034 14.4453 22.1039 -13 495 0 0 1
0.171391 -0.0646899 820 0.048962 -0.128407 10.7114 34.7141 -13 496 0 0 1
-0.105728 -0.0170592 820 -0.037628 -0.00178495 14.0495 22.3419 -13 497 0 0 1
0.090165 0.0863172 820 0.0279924 -0.0144963 13.5419 38.4128 -13 498 0 0 1
-0.295821 -0.131529 820 -0.00209013 0.137181 11.9397 40.6195 -13 499 0 0 1
0.10666 0.300803 820 0.0857746 -0.0167209 12.651 36.8495 -13 500 0 0 1
0.0872004 0.0119754 820 -0.0162732 -0.0375387 10.864 37.4843 -13 501 0 0 1
-0.141341 -0.00497204 820 0.0179142 0.011479 14.4272 25.9566 -13 502 0 0 1
0.0805589 -0.113517 820 0.0239874 0.00259214 10.2219 34.7507 -13 503 0 0 1
0.0726057 -0.00854385 820 -0.0258298 -0.0619512 11.1676 43.49 -13 504 0 0 1
-1.80489 -1.15789 820 -0.461174 0.0740623 2.99278 99.5807 -13 505 0 0 1
-0.188891 -0.251516 820 -0.0273343 0.0621955 8.62834 41.9818 -13 506 0 0 1
0.141487 -0.140596 820 -0.0492742 -0.059725 12.4516 35.7396 -13 507 0 0 1
0.164685 -0.0748132 820 0.0146386 -0.08582 11.3863 51.5263 -13 508 0 0 1
0.250684 0.0902322 820 0.0154915 -0.0555378 8.15344 56.474 -13 509 0 0 1
0.215496 -0.180955 820 -0.0187603 -0.225151 10.4968 38.0707 -13 510 0 0 1
-0.0874196 0.0833077 820 0.0296907 0.0173276 10.4161 31.5064 -13 511 0 0 1
-0.190454 -0.0173155 820 -0.0392292 0.0255007 12.8831 41.067 -13 512 0 0 1
0.0905955 0.107928 820 0.00315917 -0.0330414 13.3262 23.1274 -13 513 0 0 1
-0.306683 -0.352944 820 -0.080175 0.148122 7.9112 42.6549 -13 514 0 0 1
0.0630398 0.104359 820 0.00950419 -0.0294277 10.1939 52.7055 -13 515 0 0 1
0.0713575 0.0743057 820 0.0288739 -0.00415226 3.61019 83.2404 -13 516 0 0 1
0.00834478 0.204436 820 0.0458868 0.0692332 8.12412 38.9598 -13 517 0 0 1
-0.221764 -0.197347 820 0.269336 0.239064 12.355 29.1846 -13 518 0 0 1
0.191249 -0.335761 820 -0.069159 -0.061067 11.6404 44.2478 -13 519 0 0 1
-0.0978639 -0.0353405 820 -0.0235913 0.0454854 11.6193 42.7142 -13 520 0 0 1
-0.0197564 -0.0398091 820 0.0386004 0.0144029 12.9397 34.5139 -13 522 0 0 1
-0.0469236 -0.0112412 820 0.0278472 0.0142162 13.572 38.01 -13 523 0 0 1
0.392453 0.622977 820 0.246009 0.143073 3.42794 101.604 -13 524 0 0 1
0.129248 -0.147461 820 -0.0693359 0.025845 9.68675 37.6209 -13 525 0 0 1
0.0262312 -0.119035 820 0.00606906 -0.0404239 11.6866 45.1185 -13 526 0 0 1
2.26517 -1.93443 820 0.0884082 0.360776 2.34691 122.962 -13 527 0 0 1
-0.132187 -0.211224 820 -0.0686412 0.0302622 12.4285 39.9325 -13 528 0 0 1
-0.0532841 0.00307276 820 -0.0382871 0.0447198 11.2606 49.1982 -13 529 0 0 1
-0.13835 -0.0523156 820 0.0207488 0.0186602 8.27825 58.061 -13 530 0 0 1
-0.0641383 -0.031365 820 -0.053525 0.0702006 12.9467 36.7175 -13 531 0 0 1
0.142469 -0.0594267 820 -0.327114 -0.0370694 13.7245 50.7692 -13 532 0 0 1
-0.240243 0.47721 820 0.199664 0.00679141 9.0415 55.5684 -13 533 0 0 1
-0.210535 -0.0786962 820 -0.0787512 0.060763 9.1397 55.5654 -13 534 0 0 1
-0.13743 -0.00609904 820 0.0298029 0.0492109 9.83075 32.7282 -13 535 0 0 1
-0.0383857 0.154521 820 0.0373694 0.0283098 13.0296 32.0213 -13 536 0 0 1
1.41253 0.547794 820 -0.0752318 -0.411905 4.18164 80.2638 -13 537 0 0 1
-0.0626021 0.0696833 820 -0.0547788 0.016392 14.4137 38.8854 -13 538 0 0 1
0.000742836 0.23821 820 0.0846536 0.00845991 11.2351 32.0283 -13 539 0 0 1
-0.114567 0.103344 820 0.0491791 0.028353 11.2286 51.9254 -13 540 0 0 1
0.0388131 0.0336474 820 -0.0280367 0.00445873 7.26418 61.7157 -13 541 0 0 1
-0.107724 0.0950953 820 0.0306566 -0.118359 12.7831 27.0213 -13 542 0 0 1
-0.193585 0.0495774 820 -0.0132393 0.140082 8.48159 47.2324 -13 543 0 0 1
0.196093 -0.201471 820 -0.00688597 -0.064463 13.7254 49.6238 -13 544 0 0 1
-0.202016 0.201811 820 0.284453 0.19243 4.72095 85.4345 -13 545 0 0 1
0.0510075 -0.00643622 820 0.0513576 0.0125171 6.58878 63.6531 -13 546 0 0 1
-0.00576349 0.0187891 820 -0.02343 0.0283428 10.6463 47.2943 -13 547 0 0 1
-0.114635 0.0604609 820 0.0361768 -0.00463703 9.83184 49.0557 -13 548 0 0 1
0.120136 -0.0186728 820 -0.0284083 0.00385761 9.59899 56.2958 -13 549 0 0 1
0.0528171 -0.119283 820 -0.135512 -0.0391448 8.55745 50.7867 -13 550 0 0 1
-0.0538356 0.0177578 820 -0.0570317 0.0230705 10.5675 33.7024 -13 551 0 0 1
-0.029955 -0.0920578 820 -0.0936641 -0.00992172 11.3045 36.26 -13 552 0 0 1
-0.0403192 0.224194 820 0.14959 -0.0444672 7.88245 48.8745 -13 553 0 0 1
-0.323912 -0.121197 820 0.009075 0.00647086 4.67315 60.6416 -13 554 0 0 1
-0.00878115 -0.159506 820 0.0129563 0.103197 7.92113 64.277 -13 555 0 0 1
0.16228 -0.525691 820 -0.0963193 0.0447832 5.91549 68.8178 -13 556 0 0 1
-0.073167 -0.0196508 820 -0.0382847 0.0317313 13.556 28.4141 -13 557 0 0 1
-0.119318 -0.00451586 820 -0.0463071 0.0306434 10.9222 55.2744 -13 559 0 0 1
0.00855755 0.050854 820 0.00888686 -0.0303956 13.5923 22.6492 -13 560 0 0 1
0.278615 0.0535532 820 -0.0642538 -0.132599 5.02588 82.664 -13 561 0 0 1
-0.06977 -0.189302 820 -0.0687926 -0.00818884 11.035 30.4181 -13 562 0 0 1
-0.104652 -0.171399 820 -0.0170349 0.0446805 12.0904 39.826 -13 563 0 0 1
-0.0577331 -0.161195 820 -0.0229778 0.0880753 10.5456 56.1429 -13 564 0 0 1
0.0506428 0.0819236 820 0.0111297 -0.0321373 14.2186 26.3445 -13 565 0 0 1
0.168298 0.192942 820 0.103424 -0.00706737 9.37177 43.0922 -13 566 0 0 1
0.0136056 -0.0775688 820 -0.0542694 0.00971935 10.5465 39.525 -13 567 0 0 1
-1.40553 -0.0122727 820 0.0670553 0.420335 11.8422 51.0073 -13 568 0 0 1
0.188398 -0.175131 820 -0.0536364 -0.0809825 13.5348 33.1519 -13 569 0 0 1
-0.00483279 0.153535 820 0.0783799 -0.0361276 11.0795 52.3881 -13 570 0 0 1
0.0918031 -0.00501642 820 -0.0207009 -0.0389519 12.6201 36.9276 -13 571 0 0 1
0.137906 -0.120255 820 -0.070797 0.0275044 9.82102 42.1931 -13 572 0 0 1
0.127256 -0.231371 820 -0.0647749 -0.113319 6.51411 57.2344 -13 573 0 0 1
-0.0949179 -0.0754934 820 -0.0419395 0.00293692 13.7345 30.3754 -13 574 0 0 1
0.010907 0.345439 820 0.0552489 0.0438315 6.9909 60.0653 -13 575 0 0 1
0.188774 0.0710634 820 -0.00757678 -0.0968941 10.593 46.888 -13 576 0 0 1
0.0932744 -0.0412323 820 -0.0273079 -0.0151332 13.382 24.8416 -13 577 0 0 1
0.0763633 -0.419493 820 -0.0183422 0.209214 8.33813 46.2677 -13 578 0 0 1
0.091017 0.16081 820 0.0588927 -0.0149697 13.9467 37.381 -13 579 0 0 1
0.114606 -0.0211168 820 0.00878459 -0.0302764 12.7109 31.0899 -13 580 0 0 1
0.0863842 0.0462839 820 0.0412987 -0.0564886 11.0619 54.6388 -13 581 0 0 1
0.0487896 0.146823 820 0.026103 0.00225169 8.87387 45.4136 -13 582 0 0 1
0.110219 0.0735886 820 0.0569827 -0.117265 7.6654 45.0449 -13 583 0 0 1
-0.0206294 -0.274521 820 -0.0910742 -0.0219969 13.9707 47.7322 -13 584 0 0 1
0.131071 -0.0679649 820 0.0208116 -0.117654 11.2056 34.3738 -13 585 0 0 1
-0.128703 0.0759565 820 0.077823 -0.0303275 9.34807 56.279 -13 586 0 0 1
-0.0601954 -0.0679806 820 -0.0057451 0.00997773 13.7513 40.9743 -13 587 0 0 1
-0.00205871 0.21145 820 0.0264172 -0.0127447 9.56469 40.3497 -13 588 0 0 1
0.114053 -0.0857183 820 -0.0679191 -0.0450871 13.2467 34.7001 -13 589 0 0 1
0.105901 0.653778 820 0.119695 -0.106828 9.05438 44.0529 -13 591 0 0 1
0.0391838 0.273846 820 0.149078 -0.0884518 8.21419 48.1228 -13 592 0 0 1
-0.0781913 -0.0672254 820 0.0982598 0.0323565 5.72119 77.1929 -13 593 0 0 1
0.00118598 0.0894489 820 0.00310928 0.00279263 10.7238 56.6968 -13 594 0 0 1
0.154228 -0.0980778 820 -0.113315 -0.145644 9.97314 44.0544 -13 595 0 0 1
0.121835 0.289173 820 0.000108159 -0.0567408 8.09358 52.8969 -13 596 0 0 1
0.146051 -0.350242 820 -0.0997394 -0.0573435 10.4001 40.0829 -13 597 0 0 1
-0.236943 0.0528115 820 -0.231155 0.0426609 5.76734 56.8712 -13 599 0 0 1
-0.0287378 0.175937 820 0.110254 0.0570517 12.5434 41.5792 -13 601 0 0 1
-0.0230918 -0.0443716 820 0.0867672 0.00373903 6.82693 64.2842 -13 602 0 0 1
0.100079 0.0341319 820 -0.0483096 -0.018973 9.11827 54.1945 -13 603 0 0 1
0.391992 0.244871 820 0.103049 -0.0622899 7.45646 51.7974 -13 604 0 0 1
0.0620301 0.393086 820 0.142577 0.0849772 4.47463 69.1068 -13 605 0 0 1
0.0987909 0.113426 820 -0.0373184 -0.0486259 12.3414 40.3304 -13 606 0 0 1
-0.0787106 0.00368091 820 0.0524959 -0.00773193 11.8645 30.5638 -13 607 0 0 1
-0.300788 -0.0900782 820 0.0162089 0.12254 12.9138 37.7159 -13 608 0 0 1
-0.0561092 0.0401663 820 0.0093096 0.0491091 11.8566 29.7575 -13 609 0 0 1
0.171575 0.175804 820 0.0135234 -0.0245845 8.78774 40.5521 -13 610 0 0 1
0.0598023 0.135346 820 0.0304638 0.00997956 10.3024 33.423 -13 611 0 0 1
0.0449891 0.0785488 820 0.0354871 -0.0339749 7.79793 49.1659 -13 612 0 0 1
0.0292765 0.00650396 820 0.00292949 -0.0320222 12.46 38.1704 -13 613 0 0 1
0.1172 -0.0945713 820 -0.0513405 -0.108801 12.1049 26.6551 -13 614 0 0 1
0.143986 0.426512 820 -0.087738 0.0360467 3.46268 94.0769 -13 615 0 0 1
0.810918 1.24312 820 0.238887 0.0941785 3.57622 99.2873 -13 616 0 0 1
-0.195979 0.0957051 820 0.126272 0.0412129 10.7579 44.2406 -13 617 0 0 1
-0.0138175 0.017523 820 -0.0633193 -0.0301915 8.07263 55.8946 -13 618 0 0 1
0.314079 -0.250334 820 0.0337803 0.225619 4.61999 81.8905 -13 619 0 0 1
-0.0582178 -0.0226168 820 -0.0107249 -0.0211645 12.3489 43.5107 -13 620 0 0 1
0.0258473 0.0321667 820 0.0270397 -0.172443 5.03113 58.6531 -13 621 0 0 1
0.102472 -0.0772099 820 -0.0393292 -0.0493179 11.1398 54.4436 -13 622 0 0 1
0.0603618 0.0563882 820 -0.0243408 0.00522895 9.6774 44.4353 -13 623 0 0 1
0.0706594 0.0216296 820 0.0283612 0.00557703 14.1708 22.171 -13 624 0 0 1
0.0636108 0.0169767 820 0.0251333 0.0575024 9.10873 48.034 -13 625 0 0 1
-0.0147921 0.0136947 820 -0.048342 0.1019 5.96558 56.3245 -13 626 0 0 1
0.109491 0.0586681 820 -0.1284 0.00112179 9.31343 48.9948 -13 627 0 0 1
-0.995059 -0.523673 820 -0.0498791 -0.0211382 1.21779 134.102 -13 628 0 0 1
0.0786246 0.121362 820 0.00699566 -0.0426414 10.4342 34.3786 -13 629 0 0 1
-0.063796 0.0266569 820 0.0315596 0.00109531 11.7602 52.5499 -13 630 0 0 1
-0.118502 -0.0417981 820 -0.0187042 0.0699796 8.82222 60.7446 -13 631 0 0 1
0.103309 0.0100687 820 -0.0202358 -0.0347837 14.0614 33.3251 -13 632 0 0 1
0.0954336 -0.0257594 820 -0.0398519 0.00588607 8.29794 43.4683 -13 633 0 0 1
-0.494518 -0.340529 820 -0.20972 0.0887236 4.66391 63.2192 -13 634 0 0 1
0.114766 -0.118468 820 -0.0292191 -0.0245888 8.00775 53.6814 -13 635 0 0 1
-0.125778 0.074164 820 -0.0175844 0.0638927 14.0835 28.3325 -13 636 0 0 1
-0.417207 0.17449 820 0.0584372 -0.0133482 7.91016 58.6099 -13 637 0 0 1
-0.130179 0.189991 820 0.042495 -0.0394143 12.6882 39.1569 -13 638 0 0 1
0.585998 0.172828 820 -0.0426533 -0.206183 13.9813 26.6633 -13 639 0 0 1
0.0313982 0.0066387 820 -0.0415817 0.0083407 10.8089 28.231 -13 640 0 0 1
0.460244 0.224254 820 -0.0810457 -0.171605 4.09121 75.4714 -13 641 0 0 1
0.559504 -0.128034 820 -0.037236 -0.143085 7.1237 63.7598 -13 642 0 0 1
0.00849508 0.0368918 820 -0.0159109 -0.0149587 11.0529 27.2999 -13 643 0 0 1
-0.0553355 -0.141941 820 -0.0296919 0.0475506 13.729 40.0558 -13 644 0 0 1
0.112004 -0.176545 820 -0.0313312 -0.000736803 9.65426 32.6093 -13 645 0 0 1
-0.0172169 -0.0919486 820 -0.0208196 -0.0186713 13.7419 38.5122 -13 646 0 0 1
0.891105 -0.963069 820 -0.415316 -0.186696 5.79662 76.0403 -13 647 0 0 1
0.254856 0.275445 820 -0.192709 -0.274658 3.71752 84.6683 -13 648 0 0 1
0.0644001 0.142711 820 0.184017 0.0858535 6.16674 56.7389 -13 649 0 0 1
-0.167766 -0.166153 820 -0.0343436 0.0490843 13.5267 26.0155 -13 650 0 0 1
0.316156 0.743728 820 0.0663092 -0.174499 10.068 42.1669 -13 651 0 0 1
0.353178 -0.0822599 820 -0.00317197 -0.105095 10.4283 54.2086 -13 652 0 0 1
-0.0852608 -0.171975 820 -0.0761575 0.0651254 11.8701 42.3299 -13 653 0 0 1
-0.140498 0.0785576 820 0.0233766 0.0559335 12.2781 36.3847 -13 654 0 0 1
-0.0252979 -0.00151952 820 0.00658514 0.0420907 14.3534 42.8882 -13 655 0 0 1
0.0125084 0.0459593 820 -0.0391954 -0.0178138 9.57078 46.8039 -13 656 0 0 1
-0.252611 0.04246 820 0.098357 0.0237137 7.92635 58.5848 -13 657 0 0 1
0.473408 0.0701587 820 -0.0121478 -0.0720985 4.71207 75.0578 -13 658 0 0 1
-0.0696272 0.0263769 820 0.0459841 0.00124616 14.4491 34.3881 -13 659 0 0 1
0.842311 0.12221 820 -0.0615599 -0.200682 11.6658 47.6694 -13 660 0 0 1
0.229234 0.232706 820 0.10864 -0.0663488 10.6075 43.7061 -13 661 0 0 1
-0.0599286 -0.102513 820 -0.000875052 0.00593325 12.1201 35.7493 -13 662 0 0 1
0.180809 0.127984 820 0.0119618 -0.12667 9.51625 59.9838 -13 663 0 0 1
-0.235053 0.437844 820 0.181158 -0.0902315 8.13575 64.9158 -13 664 0 0 1
0.00788285 -0.0402328 820 -0.00300938 -0.0232905 11.3213 27.9885 -13 665 0 0 1
0.0986339 0.00932063 820 -0.0216993 0.00133823 11.7716 39.6753 -13 666 0 0 1
-0.0444486 0.0515939 820 -0.00762316 -0.00509541 13.0795 35.4351 -13 667 0 0 1
0.134055 -0.75031 820 0.099541 0.946652 6.46039 54.5652 -13 668 0 0 1
-0.0946569 -0.114829 820 -0.0427641 0.00279761 9.55198 48.4684 -13 669 0 0 1
0.0513869 0.179964 820 0.0036962 -0.0616482 13.5646 39.0388 -13 670 0 0 1
0.0373955 0.0495459 820 0.039232 -0.00496847 13.1364 42.2274 -13 671 0 0 1
-0.0715636 -0.0155704 820 -0.079387 -0.0289227 3.56467 89.5645 -13 673 0 0 1
-0.0633296 0.0926914 820 0.0287256 -0.0586629 12.5247 52.8561 -13 674 0 0 1
-0.999522 0.422849 820 0.615623 0.136906 7.01881 48.9435 -13 675 0 0 1
0.0856015 -0.062703 820 -0.102355 -0.0526456 12.8774 48.9891 -13 676 0 0 1
-0.0587128 -0.105934 820 -0.0256654 -0.0230325 11.8137 31.7344 -13 677 0 0 1
-0.139293 0.0812947 820 0.0590399 0.00359369 9.34366 47.0333 -13 678 0 0 1
0.264265 -0.211988 820 -0.0827615 -0.029434 8.05989 48.8809 -13 679 0 0 1
-0.263784 0.165885 820 0.0373708 0.0609691 9.21164 50.3348 -13 680 0 0 1
-0.0404831 0.0852252 820 0.0481419 -0.00475912 14.0626 23.8339 -13 681 0 0 1
-0.0503949 0.0787171 820 0.0037059 0.022767 13.2358 23.4511 -13 682 0 0 1
0.150699 -0.0339167 820 -0.0327174 -0.0247099 12.9929 47.6913 -13 683 0 0 1
0.146459 0.457248 820 0.0907156 0.319911 8.59234 50.4777 -13 684 0 0 1
-0.150059 0.14542 820 -0.00483969 0.060013 7.97363 43.8626 -13 685 0 0 1
-0.0143475 0.167427 820 0.0250814 -0.0162692 11.5522 52.5793 -13 686 0 0 1
-0.121439 -0.113902 820 -0.148766 0.105125 8.98902 39.0725 -13 687 0 0 1
0.196409 0.0140592 820 -0.0360217 -0.0680192 12.8349 45.9677 -13 688 0 0 1
0.0281434 0.836101 820 0.220533 0.159172 9.76856 52.4484 -13 689 0 0 1
-0.429452 0.182522 820 0.266673 0.246255 5.07177 75.3204 -13 690 0 0 1
-0.166698 -0.037746 820 -0.0630005 0.0962918 12.2793 41.0572 -13 691 0 0 1
0.0292132 -0.00123811 820 0.00631844 -0.0561312 7.35638 41.0891 -13 692 0 0 1
-0.256459 0.15909 820 0.015155 0.0983858 12.7509 43.9854 -13 693 0 0 1
-0.243977 -0.0151434 820 -0.0449989 0.000947252 3.48413 85.8974 -13 694 0 0 1
-0.379435 0.24042 820 0.104802 0.0354867 7.29435 50.7753 -13 695 0 0 1
-0.0159171 0.136761 820 -0.0624127 -0.0545809 6.53948 57.6936 -13 696 0 0 1
-0.0763703 -0.0990647 820 0.000726074 0.0444281 9.98602 47.8347 -13 697 0 0 1
0.199975 -0.0798806 820 -0.0743107 -0.0446476 8.69306 41.4394 -13 698 0 0 1
0.000655135 -0.0319719 820 -0.0314909 0.00615207 13.3383 45.91 -13 699 0 0 1
0.893274 -0.765141 820 -0.0496934 -0.559884 8.74936 43.8813 -13 700 0 0 1
-0.00814158 -0.0502624 820 0.0566547 -0.0151502 9.01077 34.5577 -13 701 0 0 1
0.287752 0.465332 820 0.0499864 -0.118307 12.2831 49.3593 -13 702 0 0 1
-0.00929694 -0.105645 820 -0.0439349 0.00137024 12.0509 46.6958 -13 703 0 0 1
-0.116177 0.0576459 820 0.030668 0.0624887 9.37991 39.9434 -13 704 0 0 1
-0.101228 -0.198288 820 -0.0515618 -0.0331977 10.0682 35.7554 -13 705 0 0 1
-0.074176 0.0121607 820 -0.0573047 -0.0592882 9.55769 46.1602 -13 706 0 0 1
-0.06707 0.00631241 820 -0.0299116 -0.0263919 13.8552 22.7852 -13 707 0 0 1
0.0434864 0.262949 820 0.0474716 -0.0212709 10.5272 45.9876 -13 708 0 0 1
0.26382 -0.267221 820 -0.032896 -0.059035 2.97404 95.4462 -13 709 0 0 1
-0.51071 0.620058 820 0.198528 -0.0321718 7.88715 56.7033 -13 710 0 0 1
-0.0646804 0.0594041 820 -0.00800129 -0.0443989 14.15 22.6116 -13 711 0 0 1
0.117825 -0.0238404 820 -0.0121884 -0.0238328 11.5974 45.1298 -13 712 0 0 1
0.32025 -0.313423 820 -0.0341883 -0.107471 6.34166 67.5387 -13 713 0 0 1
-0.0267391 -0.125086 820 -0.0165705 0.0359408 14.0329 42.2608 -13 714 0 0 1
0.035349 0.00220574 820 0.020731 0.0119751 12.3496 53.2293 -13 715 0 0 1
0.114327 0.0834304 820 -0.0490186 -0.0342686 13.1125 43.169 -13 716 0 0 1
-0.0126938 -0.0180393 820 -0.00693535 0.020364 10.5828 43.0854 -13 717 0 0 1
0.0291723 -0.0816087 820 0.0351213 -0.0988388 8.64398 41.7667 -13 718 0 0 1
-0.277874 -0.333141 820 -0.098421 0.0918824 10.5964 36.3207 -13 719 0 0 1
-0.140126 0.178955 820 0.0569212 0.0548655 11.2596 54.7335 -13 720 0 0 1
0.0695485 0.0358374 820 -0.100446 -0.181798 9.64535 56.1026 -13 721 0 0 1
0.142054 0.167723 820 -0.10993 -0.146633 5.15024 66.2095 -13 722 0 0 1
0.0353245 -0.0170929 820 0.0317038 0.0326693 8.5289 37.6986 -13 723 0 0 1
0.0596606 -0.569332 820 -0.233755 -0.0787897 4.69465 81.4324 -13 724 0 0 1
-0.076422 -0.0420967 820 -0.00585844 0.0431469 9.57899 42.37 -13 725 0 0 1
-0.00298919 0.0675543 820 0.0407718 0.0519364 13.5999 37.2023 -13 726 0 0 1
0.24339 -0.0976164 820 -0.0635408 -0.0580234 14.1146 25.9167 -13 727 0 0 1
0.996674 1.19503 820 -0.146012 -0.298939 1.35585 133.65 -13 728 0 0 1
-0.298891 -0.120222 820 -0.0919195 0.0886955 5.28417 64.3716 -13 729 0 0 1
-0.262984 0.0980835 820 0.00712672 0.100651 11.1886 33.5491 -13 730 0 0 1
0.0126721 0.0272823 820 -0.0263708 0.043914 10.9064 29.9193 -13 731 0 0 1
0.161689 -0.166021 820 0.0474116 0.125841 4.56436 73.2427 -13 733 0 0 1
0.290121 0.301459 820 0.148358 -0.0333478 7.79284 41.2304 -13 734 0 0 1
0.011916 0.21649 820 0.0889422 -0.043295 10.9568 43.5711 -13 735 0 0 1
0.175767 0.17417 820 0.101854 -0.0312238 10.9771 36.4948 -13 736 0 0 1
-0.0374378 -0.0886198 820 -0.0589509 -0.099701 8.1767 55.9219 -13 737 0 0 1
0.0587765 0.215858 820 0.026591 0.0759101 8.33577 57.9649 -13 738 0 0 1
0.166792 -0.16076 820 -0.0399847 -0.0747045 11.8735 45.4787 -13 739 0 0 1
-0.199139 -0.0400934 820 -0.0273652 0.0532496 13.0258 46.3751 -13 740 0 0 1
-0.0584775 -0.0587121 820 -0.0424691 0.100314 8.67717 53.1883 -13 741 0 0 1
-0.199379 -1.2999 820 -0.259836 0.384959 4.07623 91.223 -13 742 0 0 1
-0.0564341 0.185125 820 0.0615565 0.0726204 8.28563 37.0003 -13 743 0 0 1
3.82687 -2.00678 820 -0.0778431 -0.0802413 1.45796 115.015 -13 744 0 0 1
-0.00372901 0.000923774 820 -0.00238223 0.0120389 11.4901 40.4252 -13 745 0 0 1
-0.102795 0.0171752 820 -0.0305518 0.0755324 8.45935 60.2328 -13 746 0 0 1
-0.108295 0.0766333 820 0.0144102 -0.000120598 11.8311 47.7508 -13 747 0 0 1
0.129606 -0.107101 820 0.00952916 0.00233091 10.5367 44.9572 -13 748 0 0 1
-0.0755316 -0.106408 820 0.00809144 0.034887 12.1093 25.8912 -13 749 0 0 1
-0.0374453 -0.138176 820 -0.0195443 -0.065394 10.3577 50.0604 -13 750 0 0 1
-0.203027 0.165944 820 0.0606023 0.120139 11.0497 50.7773 -13 751 0 0 1
0.151993 0.327157 820 0.0896174 -0.0743821 6.45394 48.973 -13 752 0 0 1
0.125619 -0.116037 820 -0.0494313 -0.0383945 10.7737 30.1333 -13 753 0 0 1
-0.0743241 0.0521389 820 0.00215546 0.0269559 8.64195 59.3197 -13 754 0 0 1
-0.130509 0.296443 820 0.168364 0.00184307 7.86825 44.3613 -13 755 0 0 1
-0.427113 -0.942948 820 -0.2536 -0.268401 5.19571 66.3142 -13 756 0 0 1
-0.141929 0.0136731 820 0.0292504 0.0351978 7.19518 52.9839 -13 757 0 0 1
-0.239824 -0.419313 820 -0.0454464 0.0979704 7.85231 39.7598 -13 758 0 0 1
0.0483419 -0.0945057 820 -0.00400286 0.00678154 14.1718 36.5223 -13 759 0 0 1
0.049953 0.050237 820 0.0606707 0.047599 8.0414 56.6686 -13 760 0 0 1
-0.298223 0.0508995 820 0.0637526 0.0636011 6.27513 52.4924 -13 761 0 0 1
0.0374094 -0.00551426 820 -0.0236134 -0.0680685 13.8606 49.8191 -13 762 0 0 1
-0.0498425 0.0943057 820 -0.00769273 0.0619757 11.1328 52.6963 -13 763 0 0 1
-0.111343 0.144252 820 0.0119951 -0.0259377 9.82565 40.8681 -13 764 0 0 1
-0.061227 -0.350157 820 -0.149024 -0.0168759 5.72773 57.3429 -13 765 0 0 1
0.054745 0.0848568 820 0.122997 0.0126883 8.50334 39.4975 -13 766 0 0 1
0.0210192 -0.110296 820 -0.0431455 -0.00231031 12.5167 52.7902 -13 767 0 0 1
0.0647439 0.000101746 820 -0.0124992 0.00650185 12.8488 43.9781 -13 768 0 0 1
-0.246839 -0.21981 820 -0.0864869 0.163921 6.93397 46.4834 -13 769 0 0 1
-0.0896417 0.104882 820 0.0167318 -0.0275915 13.6326 28.6439 -13 770 0 0 1
-0.0226738 -0.145264 820 0.0701393 -0.00733901 10.8549 33.3246 -13 771 0 0 1
-0.0224112 -0.238698 820 -0.00544397 0.0540234 14.3241 23.1333 -13 772 0 0 1
0.0278384 0.165036 820 0.0962919 -0.0080075 11.4061 30.791 -13 773 0 0 1
-0.0646793 0.000508417 820 0.00785853 0.0893349 13.399 25.8625 -13 774 0 0 1
0.370244 -0.349508 820 -0.0510259 -0.06894 3.32871 81.3083 -13 775 0 0 1
0.065353 0.168457 820 0.0518446 -0.0303737 11.7953 36.7198 -13 776 0 0 1
-0.0805515 0.0477634 820 -0.000194684 0.0616262 10.6555 40.1947 -13 777 0 0 1
0.0365927 0.400697 820 0.160346 0.063147 8.59365 52.8008 -13 778 0 0 1
-0.440126 -0.0601882 820 -0.104244 0.139918 12.928 23.5534 -13 779 0 0 1
0.102124 -0.0494253 820 0.154334 -0.0958174 9.5691 35.3227 -13 780 0 0 1
-0.0434159 -0.226119 820 -0.106464 -0.237152 11.5348 30.0103 -13 781 0 0 1
0.0472634 -0.0718317 820 0.0170775 -0.00537163 10.0472 32.7894 -13 782 0 0 1
-0.174263 -0.0161388 820 0.0571278 0.0795283 6.91263 58.6984 -13 783 0 0 1
0.026131 -0.318388 820 0.0194615 0.141347 6.81291 45.3217 -13 784 0 0 1
-0.434192 -0.398899 820 -0.174203 -0.0139722 4.72576 73.2278 -13 785 0 0 1
0.0201656 0.00188872 820 0.00220267 -0.00913362 9.552 49.7103 -13 786 0 0 1
-0.146668 -0.0596609 820 -0.0553106 0.0209385 8.88094 49.8108 -13 787 0 0 1
-0.297952 -0.0960209 820 0.011108 0.0120245 12.3279 42.3044 -13 788 0 0 1
-0.0769388 0.0981841 820 0.0123597 0.00316162 14.1597 36.2322 -13 789 0 0 1
0.0240811 0.154747 820 0.0593555 -0.0727236 9.92582 56.6488 -13 790 0 0 1
-0.493958 0.0785475 820 -0.0454282 0.127463 4.72926 83.8352 -13 791 0 0 1
0.124372 -0.237096 820 -0.163901 -0.0541975 11.7663 53.4057 -13 792 0 0 1
0.145305 0.0571183 820 0.00790111 -0.0572127 11.4044 42.9307 -13 793 0 0 1
0.110204 -0.0635197 820 -0.081422 -0.0349176 7.4092 51.7908 -13 794 0 0 1
-0.185001 -0.350368 820 -0.0584634 0.132597 11.4922 34.2797 -13 795 0 0 1
0.0827304 0.0768687 820 0.0450152 -0.0655744 8.8639 55.9578 -13 796 0 0 1
0.106679 0.0916308 820 0.0290097 0.00185579 14.0064 46.0793 -13 797 0 0 1
0.104501 0.0235303 820 -0.00793577 -0.0536171 13.7038 46.8338 -13 798 0 0 1
0.0536651 0.162705 820 0.0775198 -0.0253718 9.32235 60.8139 -13 799 0 0 1
-0.025606 -0.00122487 820 -0.00511661 0.00977675 13.5496 24.4024 -13 800 0 0 1
0.14412 -0.142867 820 -0.0214164 -0.0889505 5.63521 55.5627 -13 801 0 0 1
0.0572921 0.040527 820 -0.0876138 -0.100026 6.92996 61.573 -13 803 0 0 1
-0.0734632 0.147971 820 0.0211425 0.0543048 13.0007 30.4671 -13 804 0 0 1
-0.0602878 -0.0677662 820 0.00678136 0.0275805 12.5666 50.588 -13 805 0 0 1
0.0301776 0.0608777 820 0.0604813 -0.0594243 1.97165 108.978 -13 806 0 0 1
0.0794001 -0.0405565 820 -0.044789 -0.0102169 13.6412 32.4113 -13 807 0 0 1
-0.960764 0.236688 820 0.237832 0.183963 6.99219 51.1876 -13 808 0 0 1
0.0794615 0.0914179 820 0.0240619 -0.0281131 14.2987 34.5809 -13 809 0 0 1
0.14641 0.123669 820 0.0161936 -0.0555419 10.7835 43.4452 -13 810 0 0 1
0.102984 -0.13204 820 -0.083815 -0.09688 5.57546 54.4118 -13 811 0 0 1
0.171285 -0.0076308 820 -0.0262879 -0.102986 6.47115 46.851 -13 812 0 0 1
0.0740478 -0.309468 820 -0.143291 0.0379744 13.1864 33.4003 -13 813 0 0 1
0.118103 -0.19835 820 -0.150575 -0.0778528 9.58279 41.5103 -13 814 0 0 1
-0.0695435 0.0786905 820 0.0307447 0.0156978 11.6357 52.8707 -13 815 0 0 1
0.178644 -0.124542 820 -0.000117545 -0.137183 5.94672 53.3873 -13 816 0 0 1
-0.189877 -0.139655 820 -0.104804 0.153836 5.12385 79.7924 -13 817 0 0 1
0.258885 0.292155 820 0.0807333 -0.0167682 11.4516 54.7049 -13 818 0 0 1
0.0796388 0.0154517 820 -0.00109785 -0.0960653 6.06112 74.1657 -13 819 0 0 1
0.0815388 0.0632746 820 0.0296063 -0.0395786 13.3862 29.0357 -13 820 0 0 1
-0.0296361 0.144909 820 -0.078248 -0.0328703 8.34672 38.7828 -13 821 0 0 1
0.143198 0.184582 820 0.0539171 0.00851697 11.6762 53.9713 -13 822 0 0 1
-0.0730536 -0.0215028 820 0.021039 -0.00311204 12.6108 46.7625 -13 823 0 0 1
-0.00231027 0.000189484 820 -0.0152447 0.0102815 14.5542 41.4414 -13 824 0 0 1
-0.14456 0.0415589 820 0.0203942 0.0595411 14.4424 46.6852 -13 825 0 0 1
-0.291461 0.095992 820 -0.0155498 0.0898326 7.53774 51.9962 -13 826 0 0 1
0.758587 1.71616 820 0.302244 -0.307878 3.17614 107.557 -13 827 0 0 1
0.143145 0.00707393 820 -0.023654 -0.0238167 8.61055 60.8101 -13 828 0 0 1
0.149304 -0.11813 820 -0.0142773 -0.0378695 10.0202 55.8199 -13 829 0 0 1
-0.162803 0.067643 820 0.011082 0.0336041 14.0674 50.2594 -13 830 0 0 1
-0.24582 -0.644072 820 0.930057 -0.122272 8.30882 42.0897 -13 831 0 0 1
0.0253626 -0.0537417 820 -0.000775611 -0.0201978 13.7851 35.2432 -13 832 0 0 1
0.20851 0.146836 820 0.0275873 -0.137962 9.00768 61.9682 -13 833 0 0 1
0.0797225 -0.171581 820 -0.109251 -0.087216 5.16087 79.1006 -13 834 0 0 1
-0.103256 0.138737 820 -0.0753378 0.049997 7.76365 65.442 -13 835 0 0 1
0.0559897 0.186506 820 0.0937315 -0.00167069 11.8487 46.7372 -13 836 0 0 1
-0.0541444 -0.18693 820 -0.0549962 -0.113142 10.8052 36.5461 -13 837 0 0 1
0.0846664 0.134204 820 -0.0187687 -0.0271212 12.825 40.0557 -13 838 0 0 1
-0.000841229 0.016878 820 -0.0137043 -0.00775477 11.1158 48.2112 -13 839 0 0 1
0.175882 -0.00983985 820 -0.00109323 0.0277853 9.83782 51.5823 -13 840 0 0 1
0.142653 -0.325689 820 0.118424 -0.0407858 5.95667 74.4507 -13 842 0 0 1
-0.0201733 -0.0843228 820 -0.0472286 -0.0676788 8.22915 42.6356 -13 843 0 0 1
-0.131914 0.0608955 820 0.0794076 0.0358675 4.00314 91.3912 -13 844 0 0 1
0.0293145 -0.311236 820 -0.205844 0.0295358 13.418 31.1494 -13 845 0 0 1
0.205476 0.38439 820 0.0560424 -0.0742511 12.2656 40.8729 -13 846 0 0 1
0.0855636 -0.030418 820 -0.103973 -0.0798002 4.2646 72.962 -13 847 0 0 1
0.477583 -0.101608 820 0.0334856 -0.0792672 4.50427 89.3859 -13 848 0 0 1
-0.366285 0.0987719 820 0.0345785 0.108618 9.59223 33.0788 -13 849 0 0 1
0.0562931 -0.141224 820 -0.0503136 -0.0437345 12.342 46.1644 -13 850 0 0 1
-0.0564499 -0.00312361 820 0.0466243 -0.0499002 8.8749 41.0923 -13 851 0 0 1
0.166903 -0.586962 820 -0.0401749 -0.193818 4.56412 64.5827 -13 853 0 0 1
0.0314539 0.170149 820 0.0418464 0.0250252 11.4355 29.338 -13 854 0 0 1
0.119178 -0.00187519 820 -0.0746076 -0.02101 11.5372 49.2617 -13 855 0 0 1
0.172301 -0.0758236 820 -0.0833853 -0.0372005 14.3126 29.0418 -13 857 0 0 1
-0.352882 0.629726 820 0.149998 0.0631095 10.1577 55.1985 -13 858 0 0 1
-0.212752 0.224095 820 0.0436359 0.0462361 12.9233 34.6598 -13 859 0 0 1
-0.00439584 0.0287051 820 -0.0174502 -0.0377446 13.0358 47.6605 -13 860 0 0 1
0.155364 0.00356752 820 -0.0380359 -0.0600718 11.1648 29.5699 -13 861 0 0 1
-0.0628483 -0.201404 820 -0.168114 0.0799112 5.69526 71.096 -13 862 0 0 1
-0.145047 -0.13259 820 -0.00823498 -0.386607 3.62898 80.6711 -13 863 0 0 1
0.100495 0.117233 820 -0.0639842 -0.106082 6.81392 56.0936 -13 865 0 0 1
0.177979 -0.269892 820 0.0205528 -0.192089 5.33743 81.4475 -13 866 0 0 1
0.185318 -0.0306397 820 -0.0333091 -0.0278246 8.29544 45.4858 -13 868 0 0 1
-0.0119289 0.352142 820 0.0332011 0.0400214 9.07755 52.9677 -13 869 0 0 1
0.0686952 -0.00400029 820 0.0369637 -0.132323 12.3516 39.2275 -13 870 0 0 1
0.0531827 0.107687 820 -0.0247598 -0.00969167 13.6975 43.9717 -13 871 0 0 1
0.0120687 -0.582567 820 -0.0662011 0.225306 5.0071 76.4339 -13 872 0 0 1
-0.390353 -0.535988 820 -0.132003 0.0869167 4.19638 70.8829 -13 873 0 0 1
0.416412 0.197117 820 -0.0136158 -0.204397 4.67287 73.4789 -13 874 0 0 1
0.388184 0.0230559 820 0.0948841 -0.173207 2.79472 88.5368 -13 875 0 0 1
0.219249 0.20562 820 0.0852508 -0.106178 11.7631 36.8864 -13 876 0 0 1
0.0327584 -0.0171692 820 0.0177299 0.0209207 9.17506 54.9634 -13 877 0 0 1
0.000951307 -0.0196306 820 0.0248807 0.0158538 14.2331 46.9826 -13 879 0 0 1
-0.119691 0.0360596 820 0.019465 -0.0118629 12.9272 28.4442 -13 880 0 0 1
0.0205804 0.0734548 820 -0.00484445 -0.0121462 14.5207 33.1276 -13 881 0 0 1
0.171405 -0.0833207 820 -0.14161 -0.0183248 6.46001 66.1384 -13 882 0 0 1
0.0514084 0.146842 820 0.0396151 -0.0474644 7.01307 65.4131 -13 883 0 0 1
-0.207033 0.0951945 820 -0.014935 -0.0551849 5.54735 68.3025 -13 884 0 0 1
0.0126227 -0.14654 820 -0.0483698 -0.0340217 12.5603 25.2838 -13 885 0 0 1
-0.0421938 -0.131678 820 0.00127989 -0.00630499 8.44982 41.3825 -13 886 0 0 1
-0.0967106 0.189029 820 0.076041 0.0537959 8.47645 35.1904 -13 887 0 0 1
-0.107903 0.110694 820 0.0837591 0.0784151 8.40205 53.8809 -13 888 0 0 1
0.068043 0.0115289 820 0.0112407 -0.020067 11.296 50.878 -13 889 0 0 1
-0.00148204 0.175863 820 0.0409197 0.00231469 10.8055 39.11 -13 890 0 0 1
0.281156 -0.1862 820 0.0552608 -0.0480251 7.45089 47.2857 -13 891 0 0 1
-0.0378035 -0.0721467 820 -0.0418207 -0.0389112 14.0514 30.0056 -13 892 0 0 1
-0.182695 0.0907358 820 0.037469 0.0483155 9.33097 35.1176 -13 893 0 0 1
-0.0301351 0.258522 820 0.0888721 -0.0353772 12.597 41.991 -13 894 0 0 1
0.0682344 -0.10022 820 -0.0750907 -0.0276207 11.5989 42.3777 -13 895 0 0 1
-0.110842 -0.174294 820 0.0201126 -0.0506305 6.69945 64.8192 -13 896 0 0 1
0.151891 0.0170908 820 -0.0336546 -0.0501132 10.3318 35.8026 -13 897 0 0 1
-0.446817 0.0506835 820 0.125298 0.080108 8.34755 51.6642 -13 898 0 0 1
-0.260345 -0.281555 820 0.191316 0.036587 6.64784 53.3636 -13 899 0 0 1
-0.029193 -0.0742875 820 -0.00343796 0.060031 11.4322 27.6929 -13 900 0 0 1
0.554576 -0.340368 820 -0.0510332 -0.107838 5.30061 82.4042 -13 901 0 0 1
-0.653466 0.329181 820 0.0455001 0.192746 8.53084 36.7397 -13 902 0 0 1
-0.225705 0.267952 820 0.170873 0.0667461 6.53982 51.861 -13 903 0 0 1
-0.0730226 0.141749 820 0.0403359 0.00378653 12.5438 31.2604 -13 904 0 0 1
-0.44406 0.061447 820 -0.0521823 0.118177 5.0029 74.7345 -13 905 0 0 1
-0.0880847 0.0371856 820 -0.0499233 0.0389936 10.4278 48.1522 -13 906 0 0 1
-0.215975 -0.126344 820 -0.0799633 0.0499252 11.6102 51.9094 -13 907 0 0 1
0.0371729 -0.00301056 820 -0.00171614 -0.00866346 12.9443 26.3944 -13 908 0 0 1
0.227735 -0.0512829 820 0.000385427 0.00699416 7.21691 55.3902 -13 909 0 0 1
-0.0181567 -0.0297039 820 -0.0400295 0.024172 9.26312 33.4639 -13 910 0 0 1
0.714883 -0.265323 820 -0.0384747 -0.273412 11.8016 27.0793 -13 912 0 0 1
-0.0861949 0.112462 820 0.0128116 0.0171818 10.2549 30.74 -13 914 0 0 1
-0.0322582 0.256389 820 0.0247695 0.0100163 9.08276 38.7073 -13 915 0 0 1
-0.121289 -0.140889 820 -0.0310079 0.0156483 13.7934 40.4019 -13 916 0 0 1
0.040169 -0.138705 820 -0.0504122 0.00533025 12.4839 43.3456 -13 917 0 0 1
0.0052989 -0.122732 820 -0.0394152 -0.00769204 12.8417 47.2609 -13 918 0 0 1
0.432229 -0.405202 820 0.0431661 -0.110023 3.39395 82.8213 -13 919 0 0 1
0.338613 0.168941 820 0.0870683 -0.0526402 8.61655 37.3019 -13 920 0 0 1
-0.113094 -0.0257442 820 -0.0524058 0.0416979 14.0762 27.4353 -13 921 0 0 1
0.0437045 0.0523615 820 0.00699533 -0.0175608 12.8419 44.1814 -13 922 0 0 1
0.235806 0.297438 820 0.0371428 -0.225393 3.61679 101.6 -13 923 0 0 1
-0.0843203 0.0297066 820 -0.00900456 0.0976931 13.5255 35.8146 -13 924 0 0 1
-0.148282 -0.0453341 820 -0.0204461 0.0027351 13.9246 49.8181 -13 925 0 0 1
0.185402 -0.137667 820 -0.0451162 -0.0481706 12.8028 24.0498 -13 926 0 0 1
-0.0764085 -0.0833983 820 -0.0078107 0.125837 4.56415 75.7075 -13 927 0 0 1
-0.0536725 0.307899 820 0.0445763 0.083352 11.7636 48.8321 -13 928 0 0 1
-0.0030277 0.0769146 820 0.0501743 -0.0377463 13.5415 28.5981 -13 929 0 0 1
-0.0561814 -0.171071 820 -0.0708006 0.00509276 12.7091 41.5831 -13 930 0 0 1
0.0264215 0.032684 820 0.0123938 0.0179578 13.3059 43.6302 -13 931 0 0 1
-0.00867859 0.0687328 820 0.0296988 0.0271286 11.4395 54.9216 -13 932 0 0 1
-0.0420837 0.27209 820 0.0723991 0.0624361 13.5981 35.2608 -13 933 0 0 1
0.0952638 0.292715 820 0.00573992 0.044511 8.56558 46.5515 -13 934 0 0 1
-0.318949 -0.0450971 820 0.0213476 0.0789988 10.3099 49.8695 -13 935 0 0 1
-0.0176125 0.0952145 820 0.0141892 -0.0197184 12.4149 37.4356 -13 936 0 0 1
0.118855 -0.00245597 820 -0.0104272 0.0663572 12.5255 51.0181 -13 937 0 0 1
-0.398219 -0.107721 820 -0.16479 0.15555 4.34842 67.4402 -13 938 0 0 1
-0.123599 0.0465348 820 0.0150404 0.0250428 13.8431 31.5107 -13 939 0 0 1
-2.00688 1.08048 820 0.149306 0.472491 5.7112 53.7697 -13 940 0 0 1
-0.0183287 -0.0182962 820 0.00385747 -0.126907 12.2395 40.122 -13 941 0 0 1
-0.1242 0.0225471 820 0.0184425 0.0739855 10.4851 53.0463 -13 943 0 0 1
0.693861 -0.0884291 820 -0.192673 -0.107038 5.61851 74.089 -13 944 0 0 1
0.405023 -0.30278 820 0.0798238 0.0297297 3.73678 99.7082 -13 945 0 0 1
0.0258106 -0.10861 820 -0.0407213 -0.0388583 14.2955 33.7122 -13 946 0 0 1
0.0795495 -0.212175 820 -0.0545195 -0.0540363 10.4213 33.4361 -13 947 0 0 1
-0.528011 0.183281 820 0.0340965 0.234567 7.69273 43.0178 -13 948 0 0 1
-0.101898 -0.0254893 820 -0.00124373 -0.0229217 12.4767 44.7849 -13 949 0 0 1
-0.419775 0.18474 820 0.255084 0.310623 2.70883 91.5056 -13 950 0 0 1
0.129159 -0.152965 820 0.0322213 -0.108526 5.12027 62.3737 -13 951 0 0 1
0.612458 -0.548924 820 -0.24655 -0.111306 3.88332 95.379 -13 952 0 0 1
-0.205023 0.0488996 820 -0.0348925 0.054459 9.78029 36.8831 -13 953 0 0 1
-0.0240939 -0.0449036 820 0.0229976 -0.0486744 6.58894 63.414 -13 954 0 0 1
-0.144467 0.104078 820 0.00161918 0.0606515 7.27157 56.907 -13 955 0 0 1
0.0195692 0.173266 820 0.150943 0.0769676 6.9038 49.5146 -13 956 0 0 1
1.65037 1.47645 820 -0.584644 -1.20945 13.9827 40.084 -13 957 0 0 1
-0.0378367 0.0515577 820 0.0541957 0.0436645 11.8759 39.2057 -13 958 0 0 1
-0.295078 -0.0315931 820 -0.033312 0.050806 10.3902 48.9463 -13 959 0 0 1
-0.0646885 -0.0211425 820 -0.0241059 0.0376292 14.4211 30.1256 -13 960 0 0 1
0.0692342 0.0933897 820 -0.0478693 -0.0907511 11.7788 44.1312 -13 962 0 0 1
-0.26919 0.0914094 820 0.0539803 0.10295 11.8604 47.8556 -13 963 0 0 1
0.0391594 -0.135239 820 -0.0386982 -0.0130895 10.47 54.8488 -13 964 0 0 1
-0.0564376 -0.167387 820 -0.0403586 0.0472444 11.3237 41.7578 -13 965 0 0 1
0.119124 0.316085 820 0.0758256 -0.0813511 9.3237 39.4264 -13 966 0 0 1
0.94513 6.52665 820 0.0376534 0.0497804 0.814586 131.877 -13 968 0 0 1
0.144746 -0.130695 820 -0.0463598 -0.0188853 8.85492 45.8619 -13 969 0 0 1
-0.0667755 0.00841985 820 -0.0108844 -0.0374906 13.248 36.4059 -13 971 0 0 1
-0.196408 0.0356661 820 -0.028912 0.019798 14.4589 35.8329 -13 972 0 0 1
-0.0190534 0.191455 820 0.0313838 0.00488197 13.6616 50.2074 -13 973 0 0 1
-0.0282585 -0.0685395 820 0.00953006 0.0189506 14.4675 40.3845 -13 974 0 0 1
-0.163924 0.0732301 820 -0.0800386 0.0607953 10.2705 48.6972 -13 975 0 0 1
-0.108729 0.0547938 820 0.102619 0.0369088 6.64608 50.0389 -13 976 0 0 1
0.107874 -0.0531454 820 -0.051521 -0.0271341 9.03752 49.8146 -13 978 0 0 1
0.0103787 -0.0442886 820 -0.00921111 -0.0472344 13.7078 40.4085 -13 979 0 0 1
0.0982925 0.111504 820 -0.0186749 0.0109022 12.0395 28.3874 -13 980 0 0 1
0.0784288 -0.0417756 820 0.0104711 -0.0442555 9.65833 31.2918 -13 981 0 0 1
0.0343701 0.0268351 820 -0.0144156 -0.0086649 13.6034 34.6696 -13 982 0 0 1
-0.0661729 0.107246 820 -0.0223696 -0.12748 5.49484 75.1554 -13 983 0 0 1
-0.0861531 -0.285282 820 -0.274513 -0.0501193 9.97672 32.0273 -13 984 0 0 1
-0.312862 0.0630403 820 0.010973 0.0871416 11.2373 41.6663 -13 985 0 0 1
-0.00870765 0.0524343 820 0.0859893 0.00377184 8.30047 53.9883 -13 986 0 0 1
0.0208543 0.00369454 820 -0.0309287 -0.00271857 14.234 45.5657 -13 987 0 0 1
0.00148287 0.223486 820 0.075905 0.0565168 6.62941 65.6798 -13 988 0 0 1
0.0824181 -0.0314006 820 -0.00739354 -0.0700554 14.4625 28.8305 -13 990 0 0 1
0.0467415 0.107713 820 0.0338202 -0.043589 10.8659 47.2908 -13 991 0 0 1
0.0150503 0.189047 820 -0.0147691 -0.0567055 13.0309 48.1964 -13 992 0 0 1
-0.116653 -0.0468612 820 -0.0329807 0.0518417 11.2382 55.3072 -13 993 0 0 1
-0.0731592 0.250471 820 0.0869686 -0.0129363 12.7577 47.8831 -13 994 0 0 1
0.260621 -0.0928138 820 -0.0767494 -0.0956636 13.887 33.3786 -13 995 0 0 1
-0.00302873 0.00271752 820 0.0457974 -0.0186232 13.0173 48.0671 -13 996 0 0 1
-0.159965 0.0164597 820 0.0117619 0.0742675 14.5083 29.3436 -13 997 0 0 1
0.0167608 0.121712 820 -0.0716904 -0.0255663 10.179 54.045 -13 998 0 0 1
0.0194292 -0.304666 820 -0.0793513 0.00744024 7.30949 44.8135 -13 999 0 0 1
0.136932 0.0709147 820 0.0353516 -0.0557477 8.39856 56.6168 -13 1000 0 0 1
