#BLTrackFile NTuple/Z900
#x y z Px Py Pz t PDGid EventID TrackID ParentID Weight
#mm mm mm MeV/c MeV/c MeV/c ns - - - - -
-0.0701387 0.0213253 900 -0.0317236 0.0276568 11.488 46.8774 -13 1 0 0 1
0.00477066 0.219692 900 0.0893949 -0.104623 12.5506 48.0087 -13 2 0 0 1
0.0222595 0.376275 900 0.124496 -0.0791559 9.82431 34.9406 -13 3 0 0 1
-0.0169175 -0.0453402 900 -0.0219804 -0.0127759 11.1236 32.9161 -13 4 0 0 1
0.082011 0.246937 900 0.15202 -0.0431407 6.81435 53.6531 -13 5 0 0 1
0.113822 0.195583 900 0.0113819 -0.0643147 7.60835 63.7922 -13 6 0 0 1
0.11736 -0.00819126 900 0.00197309 -0.0525186 12.0181 40.1015 -13 7 0 0 1
-0.00532016 -0.107385 900 0.0381103 -0.0779771 5.01361 76.7938 -13 8 0 0 1
0.113482 0.0491479 900 0.0517705 -0.0346294 13.6133 46.989 -13 9 0 0 1
-0.154896 0.14111 900 -0.0169082 0.0884145 13.2332 29.1902 -13 10 0 0 1
0.0271988 0.112837 900 0.00824212 -0.031081 10.5922 32.8909 -13 11 0 0 1
-0.0275024 -0.116181 900 -0.110724 -0.0940086 11.7936 31.1635 -13 12 0 0 1
0.783728 0.225973 900 0.129968 -0.349553 2.85573 94.6689 -13 13 0 0 1
0.0431328 0.0634413 900 0.0218843 -0.0222828 10.2527 34.0156 -13 14 0 0 1
-0.0107739 -0.119495 900 0.0777204 -0.0159668 5.05896 80.408 -13 15 0 0 1
0.131536 0.298856 900 0.175403 -0.0821089 8.31503 40.9413 -13 16 0 0 1
0.0134755 -0.0440983 900 0.0245356 -0.00102046 14.5048 29.271 -13 17 0 0 1
0.00456123 -0.112199 900 -0.0315402 -0.0240941 13.0729 53.5268 -13 18 0 0 1
0.512267 0.382092 900 0.0999042 -0.120276 8.20957 56.345 -13 19 0 0 1
0.0110413 0.0573963 900 0.00432771 -0.0123518 14.4181 45.1238 -13 21 0 0 1
-0.150014 0.132994 900 -0.00802552 0.0483962 10.44 32.4038 -13 22 0 0 1
-0.175395 0.0130447 900 -0.0122762 0.0322678 11.7578 56.7516 -13 23 0 0 1
0.0362507 -0.0182972 900 0.011724 0.00174325 8.24822 65.6942 -13 24 0 0 1
0.168297 0.114395 900 0.0346208 -0.0432976 14.3629 36.5905 -13 25 0 0 1
0.240143 0.0825084 900 -0.144075 0.0331458 8.91487 51.4335 -13 26 0 0 1
-0.0581848 -0.193156 900 -0.0659999 -0.0269551 8.40759 48.2218 -13 27 0 0 1
0.0064187 -0.0211993 900 -0.0217986 0.0170924 11.5554 55.5534 -13 28 0 0 1
0.255064 -0.076399 900 -0.0343934 -0.0506792 6.8868 67.2195 -13 29 0 0 1
0.151439 0.1973 900 -0.0231343 -0.123772 13.5734 26.0196 -13 30 0 0 1
0.0491171 0.119484 900 0.00822792 0.0137546 10.3293 35.2977 -13 31 0 0 1
-0.0217197 -0.361639 900 -0.136481 0.0349228 8.40966 43.3378 -13 32 0 0 1
0.0977107 0.790511 900 -0.071777 0.109236 2.6452 122.554 -13 33 0 0 1
0.0945078 -0.178083 900 -0.0139052 0.0296026 13.6299 45.2166 -13 34 0 0 1
0.219086 0.182551 900 -0.0432993 -0.124773 4.8546 89.0842 -13 35 0 0 1
0.247815 0.122568 900 0.00580509 -0.109927 8.53942 61.6148 -13 36 0 0 1
-0.338959 0.181761 900 -0.004208 0.105461 10.3695 59.0613 -13 37 0 0 1
0.0447104 0.0119184 900 -0.00689254 -0.00220846 11.8394 50.6808 -13 38 0 0 1
0.0019775 0.0951433 900 0.0137308 0.00943036 9.4787 44.0791 -13 39 0 0 1
0.461539 0.944154 900 0.448744 0.817098 10.818 50.2066 -13 40 0 0 1
-0.28968 -0.0113342 900 -0.124708 -0.00197327 8.86157 39.2838 -13 41 0 0 1
-0.184169 0.241921 900 0.141674 0.0897581 9.87146 54.1154 -13 42 0 0 1
0.197866 0.0503518 900 0.0201607 -0.0548541 14.4123 34.3439 -13 43 0 0 1
-0.0830822 0.017891 900 0.0669183 -0.00384539 11.2456 47.4633 -13 44 0 0 1
-0.103191 -0.133946 900 0.0175653 0.1167 10.8422 54.316 -13 45 0 0 1
-0.307708 0.214129 900 0.0260476 0.0775471 4.81263 68.0389 -13 46 0 0 1
0.134228 -0.1754 900 -0.0600094 -0.0532692 11.3968 36.4074 -13 47 0 0 1
0.11039 0.480949 900 0.0658041 0.187048 6.59675 58.0582 -13 48 0 0 1
-0.0205404 0.112743 900 0.0341432 0.0237387 13.2637 30.8072 -13 49 0 0 1
0.23177 -0.327091 900 0.0471962 0.0706087 3.98053 101.543 -13 50 0 0 1
0.0094414 0.0245637 900 0.11428 -0.0794745 8.35279 50.3484 -13 51 0 0 1
-0.462339 0.150253 900 0.0608827 0.101897 8.16473 40.6133 -13 53 0 0 1
-0.4266 -0.0513326 900 0.0111132 0.0203925 1.60877 120.842 -13 54 0 0 1
-0.184954 -0.0669719 900 -0.0205305 0.115984 10.3668 50.5008 -13 55 0 0 1
0.165233 -0.0716485 900 0.0187477 -0.0794636 14.0569 31.9643 -13 56 0 0 1
-0.0365147 -0.0458372 900 -0.00313839 0.0188028 9.77464 60.2308 -13 57 0 0 1
-0.025077 0.131109 900 0.0900175 0.0775799 8.20411 45.9981 -13 58 0 0 1
0.62453 -0.0664416 900 -0.0665253 -0.138158 6.93275 62.8289 -13 59 0 0 1
-0.1225 0.137469 900 0.0719365 0.0471002 8.20146 60.5042 -13 60 0 0 1
0.00754026 -0.0140373 900 -0.00857179 0.0436074 13.941 38.6965 -13 61 0 0 1
-0.0889924 0.036321 900 0.0160734 -0.0131689 9.33125 47.1338 -13 62 0 0 1
0.0574572 -0.0202722 900 -0.0175682 -0.0266034 13.9991 51.3212 -13 63 0 0 1
0.033318 -0.0558001 900 0.0118334 -0.178581 8.83516 48.8456 -13 64 0 0 1
0.0205353 -0.0360811 900 0.0352321 0.0260184 4.93905 67.5444 -13 65 0 0 1
0.0491676 0.210637 900 0.0328186 0.0244179 7.34569 56.5616 -13 66 0 0 1
0.0256449 0.102996 900 0.051245 -0.0010227 11.5085 40.4881 -13 67 0 0 1
0.128498 -0.102717 900 0.026861 -0.133583 10.6125 49.7941 -13 68 0 0 1
0.11454 -0.143819 900 -0.00712111 -0.108796 5.26396 72.6913 -13 69 0 0 1
0.0558845 0.0781859 900 0.00427739 0.036862 11.1413 34.0942 -13 70 0 0 1
0.0490157 -0.108779 900 -0.0467094 0.0325613 11.663 31.5032 -13 71 0 0 1
0.0567914 -0.0533927 900 0.00417507 -0.0322794 10.3392 32.5896 -13 72 0 0 1
0.146581 -0.473297 900 -0.172529 0.0710368 5.99692 73.9109 -13 73 0 0 1
0.0180192 0.0875914 900 0.0328654 -0.0223781 10.6739 44.7892 -13 74 0 0 1
0.0687868 0.335088 900 -0.0207689 0.0552572 7.72499 68.9921 -13 75 0 0 1
-0.0299834 -0.159843 900 -0.0147144 -0.0319083 12.4763 51.4541 -13 76 0 0 1
-0.0636074 0.0118284 900 -0.0300254 0.0524047 8.11228 65.2054 -13 77 0 0 1
-0.0232437 -0.178856 900 -0.0298657 -0.0104563 13.5418 37.4766 -13 78 0 0 1
-0.0488017 -0.13999 900 -0.0268804 -0.048674 12.6531 50.5079 -13 79 0 0 1
0.179158 -0.0395563 900 -0.00612112 -0.0676203 10.2743 59.1489 -13 80 0 0 1
-0.00126455 0.20867 900 0.0870539 0.0402603 8.6352 60.03 -13 81 0 0 1
-0.174751 -0.113123 900 0.0816413 0.0718174 13.1935 47.6426 -13 82 0 0 1
0.100289 -0.00360368 900 -0.0294477 -0.0710765 9.83647 51.5156 -13 83 0 0 1
0.538687 0.0970584 900 0.0498674 -0.0893063 6.21679 64.049 -13 84 0 0 1
0.0189528 0.0781733 900 0.038246 0.00242046 13.5954 27.6702 -13 85 0 0 1
0.0806291 -0.340011 900 -0.0587208 -0.0251415 7.90149 53.3295 -13 86 0 0 1
0.141424 -0.262064 900 -0.106189 0.0311114 8.43515 46.1969 -13 88 0 0 1
0.358698 -0.241302 900 -0.116297 -0.0288409 9.92964 43.1857 -13 89 0 0 1
0.171238 0.240573 900 0.0168055 -0.0649375 6.63353 56.5752 -13 90 0 0 1
0.0745464 -0.00704493 900 0.0493457 -0.0623998 7.09368 72.1636 -13 91 0 0 1
-0.206851 0.177795 900 -0.0312504 0.104014 6.58968 75.6925 -13 92 0 0 1
0.170958 0.331414 900 0.0015746 0.247174 7.64325 67.5605 -13 93 0 0 1
-0.0931005 -0.320436 900 -0.0288549 0.0345117 5.47828 64.4303 -13 94 0 0 1
0.125178 -0.0970024 900 -0.0478013 -0.0124062 10.738 41.7452 -13 95 0 0 1
0.0881188 0.0415804 900 0.0354035 0.0268831 12.7894 40.2664 -13 97 0 0 1
-0.325699 1.27466 900 0.439976 -0.164419 9.4119 42.0347 -13 98 0 0 1
0.0193872 0.0906432 900 0.0388709 -0.00433307 14.0052 28.3945 -13 99 0 0 1
0.155292 -0.0685184 900 0.027354 -0.129047 12.3019 27.2418 -13 100 0 0 1
-0.359954 0.112278 900 0.0546454 -0.0789432 4.50074 83.4293 -13 101 0 0 1
-0.43769 -0.181743 900 -0.122661 0.115017 9.91285 55.6437 -13 103 0 0 1
-0.0283532 -0.150891 900 -0.0319163 -0.00526462 9.58544 46.5033 -13 104 0 0 1
0.144986 0.0411018 900 -0.0452018 -0.0270843 8.76982 43.2281 -13 105 0 0 1
-0.281251 -0.107532 900 -0.0303911 0.0763784 10.2906 59.3201 -13 106 0 0 1
-0.0367454 -0.0799367 900 -0.0414057 0.0200354 13.7394 41.3394 -13 107 0 0 1
0.232716 -0.0149252 900 0.00205038 0.0319002 7.23766 56.5198 -13 108 0 0 1
0.00231083 0.279568 900 0.0601661 0.0298602 13.5617 24.596 -13 109 0 0 1
-0.187739 0.0185037 900 -0.252032 0.0749028 5.33636 61.2326 -13 110 0 0 1
-0.0500075 0.0482212 900 0.00267269 0.0308243 9.81129 36.5287 -13 111 0 0 1
-0.163426 -0.367846 900 -0.109859 0.112698 7.62523 45.8042 -13 112 0 0 1
0.0392729 -0.0746763 900 -0.0302832 -0.00905042 11.9303 37.3149 -13 113 0 0 1
0.474109 0.0876276 900 0.00111953 -0.17512 8.00192 46.5732 -13 114 0 0 1
-0.980268 0.544015 900 -0.0731225 0.38007 13.2108 44.128 -13 115 0 0 1
0.0232623 -0.130678 900 -0.0420866 0.0161053 10.2663 60.5283 -13 116 0 0 1
0.0181696 -0.119383 900 0.0514496 -0.054528 11.539 33.0558 -13 117 0 0 1
-0.692859 0.239601 900 0.100731 0.20797 5.679 59.8126 -13 118 0 0 1
-0.1235 0.0485969 900 0.00504956 0.054718 10.9512 49.1345 -13 119 0 0 1
0.296448 -0.486698 900 0.0275205 -0.00601697 7.44474 56.7329 -13 120 0 0 1
-0.0140933 -0.109899 900 -0.157643 -0.0310703 7.90499 68.2673 -13 121 0 0 1
0.0468616 -0.128232 900 -0.0150548 0.0565608 8.95856 42.223 -13 122 0 0 1
-0.439931 0.0812914 900 0.0773038 0.0665953 4.79538 86.0859 -13 123 0 0 1
-0.1644 0.00839174 900 0.000295199 0.0583502 12.9858 40.2285 -13 124 0 0 1
-0.168822 0.0326762 900 0.0294084 0.0729205 11.4449 54.7179 -13 125 0 0 1
-0.557747 -0.297551 900 0.078344 0.205031 11.7118 52.641 -13 126 0 0 1
0.0644727 -0.314457 900 -0.0570946 -0.0299995 9.58714 39.3697 -13 127 0 0 1
-0.0934395 -0.067175 900 -0.0797802 0.071505 13.493 33.6934 -13 128 0 0 1
-0.0686414 0.163296 900 0.0104642 0.0647392 13.4841 36.774 -13 129 0 0 1
0.0853877 -0.135671 900 -0.0256507 -0.074468 10.4419 53.1173 -13 130 0 0 1
0.132907 -0.10896 900 0.0720922 -0.0338798 9.10856 43.3979 -13 131 0 0 1
-0.128566 -0.693336 900 -0.222215 -0.129374 13.2374 46.923 -13 132 0 0 1
0.176498 -0.0508706 900 -0.0317218 -0.074258 14.4959 41.3597 -13 133 0 0 1
0.161684 0.138676 900 0.13752 -0.0697457 7.21173 62.9622 -13 134 0 0 1
-0.012621 0.0477888 900 0.00120749 0.0289323 13.34 28.6271 -13 135 0 0 1
-0.0427711 0.0358774 900 0.0325532 0.028543 12.9699 36.8798 -13 136 0 0 1
-0.1746 0.188477 900 -0.0443429 -0.0345145 7.16448 48.5241 -13 137 0 0 1
0.0766771 -0.0844253 900 0.271698 0.0516404 4.30037 75.3193 -13 138 0 0 1
-0.11072 0.0652708 900 0.0441653 -0.0147532 11.4663 47.8516 -13 139 0 0 1
-0.11975 -0.0996194 900 -0.0559521 0.0530113 14.1275 48.0784 -13 140 0 0 1
-0.0432134 0.0933298 900 0.0134944 0.00307485 13.8111 24.6497 -13 141 0 0 1
-0.0116171 0.149738 900 0.0795069 0.000853767 13.7296 35.3249 -13 142 0 0 1
0.0496506 -0.101055 900 0.0249815 -0.0577112 11.02 34.9132 -13 143 0 0 1
-0.0147973 0.0213561 900 0.0245179 0.00355513 14.3844 43.2423 -13 144 0 0 1
-0.054714 0.206767 900 0.00250787 -0.0154703 9.82737 58.0001 -13 145 0 0 1
0.272837 0.0870053 900 0.0085379 -0.0184776 9.19915 45.5458 -13 146 0 0 1
-0.102682 -0.0293136 900 -0.0103334 0.0295669 11.2222 44.0546 -13 147 0 0 1
-0.0321584 0.0954937 900 0.00767143 -0.0285827 7.32164 56.7642 -13 148 0 0 1
0.0194277 -0.18195 900 -0.0440142 0.0269034 6.95258 54.3133 -13 149 0 0 1
-0.0897154 0.0178707 900 0.0072573 0.0323049 13.8392 44.05 -13 150 0 0 1
-0.211774 -0.195768 900 -0.0253891 -0.0538035 8.00519 43.2209 -13 151 0 0 1
-0.0246884 0.0764665 900 0.038147 0.000212982 14.1258 47.2631 -13 152 0 0 1
0.321706 -0.106418 900 -0.0125654 -0.111912 13.669 47.4313 -13 153 0 0 1
-0.0545827 -0.306372 900 -0.0380751 -0.0179477 9.43397 51.2931 -13 154 0 0 1
-0.165436 -0.313377 900 -0.118991 0.0902528 9.92196 57.6549 -13 155 0 0 1
-0.0428591 0.088268 900 0.0460714 0.0530474 11.9678 43.7781 -13 156 0 0 1
-0.0878061 -0.0155231 900 -0.0414234 -0.00462326 13.2354 33.7557 -13 157 0 0 1
0.903168 -0.403217 900 -0.20643 -0.0402275 8.35941 48.4418 -13 158 0 0 1
0.0138285 0.0329111 900 0.0288205 -0.0103436 14.3286 45.6376 -13 159 0 0 1
-0.275087 0.127251 900 0.00614363 0.0456159 7.4475 51.5312 -13 160 0 0 1
0.152088 0.116087 900 0.0623351 -0.0972682 14.0997 30.0307 -13 161 0 0 1
0.0733873 0.140777 900 0.083008 -0.018075 9.70971 48.3998 -13 162 0 0 1
0.072602 -0.0706193 900 0.0452766 0.012459 9.71992 36.1129 -13 163 0 0 1
0.041961 0.0851214 900 0.00956387 -0.0491854 14.2158 43.0425 -13 164 0 0 1
-0.131757 -0.105717 900 -0.117797 -0.0624493 12.3287 50.9442 -13 165 0 0 1
0.119383 0.107878 900 0.0788745 -0.0502334 11.0014 58.018 -13 166 0 0 1
-0.018324 0.206179 900 -0.0100424 -0.0619483 9.80503 37.6959 -13 167 0 0 1
0.177837 -0.021577 900 -0.0275971 -0.0415842 11.4128 29.3006 -13 168 0 0 1
-0.0402921 -0.0599288 900 -0.0313324 0.0443861 13.0554 51.2545 -13 169 0 0 1
0.0858647 0.0170585 900 0.03316 -0.0975379 8.9008 55.0076 -13 170 0 0 1
0.056119 0.104378 900 -0.000345439 -0.00031704 14.5049 44.4753 -13 171 0 0 1
0.0552497 -0.161593 900 -0.00325717 -0.113614 11.8363 41.9888 -13 172 0 0 1
0.00859681 0.0423723 900 -0.0135607 -0.0348015 13.0376 26.0719 -13 173 0 0 1
-0.0607813 -0.12633 900 0.0183407 0.0311879 9.6558 56.7591 -13 174 0 0 1
-0.194541 -0.0463598 900 0.00844237 0.0336777 10.6566 32.8726 -13 175 0 0 1
0.482398 -0.103843 900 0.148305 -0.207894 10.7604 44.3165 -13 176 0 0 1
0.0282294 -1.2087 900 0.00936945 0.117721 2.84049 101.931 -13 177 0 0 1
-0.642546 0.561416 900 0.126299 0.1428 5.48043 68.6929 -13 178 0 0 1
0.487903 0.746719 900 0.312491 0.00755483 5.30833 74.188 -13 179 0 0 1
0.099467 -0.137085 900 -0.313642 -0.306057 7.05889 68.4882 -13 180 0 0 1
-0.0377209 -0.0895176 900 0.0371698 -0.0951728 8.74711 63.176 -13 181 0 0 1
-0.0453476 -0.0728503 900 -0.0343606 0.0526984 9.23684 52.3094 -13 182 0 0 1
-0.0153952 -0.0994424 900 -0.0378013 0.0549064 14.0209 28.6143 -13 183 0 0 1
-0.206718 -0.149476 900 -0.000703176 0.112728 12.2547 31.1644 -13 184 0 0 1
-0.0629872 -0.0535685 900 0.136848 0.0633937 11.4971 44.0129 -13 185 0 0 1
-0.0797952 -0.191623 900 -0.0491174 -0.0526337 11.8626 56.4418 -13 186 0 0 1
0.202507 0.232887 900 0.109333 -0.0141614 4.54553 71.0704 -13 187 0 0 1
-0.110115 0.144214 900 -0.0116749 0.0785596 8.52812 54.1084 -13 188 0 0 1
-0.0420188 -0.033497 900 0.0706058 -0.0356858 5.67528 56.0455 -13 189 0 0 1
-0.129114 -0.00274189 900 0.0434171 0.0780831 8.36983 43.9388 -13 190 0 0 1
-0.290719 0.653377 900 0.098147 -0.206101 12.1402 32.541 -13 191 0 0 1
-0.137702 0.0811546 900 0.00479182 0.0684374 12.0655 32.5848 -13 192 0 0 1
0.137747 0.136217 900 -0.00141936 -0.026329 10.3017 38.2923 -13 194 0 0 1
-0.172453 0.0867603 900 0.0192066 0.133958 10.8351 51.7055 -13 195 0 0 1
0.113293 0.0930295 900 0.0168657 -0.0757553 11.6763 57.0829 -13 196 0 0 1
-0.0637152 -0.0141833 900 -0.0467002 -0.0295563 12.288 30.8834 -13 198 0 0 1
-0.0130111 -0.0207035 900 -0.00599142 -0.00866636 12.9188 39.4504 -13 199 0 0 1
-0.0687783 -0.0702347 900 0.0106412 0.00313016 11.5883 49.6567 -13 201 0 0 1
-0.0778965 -0.224375 900 -0.0928504 0.0997679 11.9994 47.885 -13 202 0 0 1
-0.0975399 -0.0146654 900 -0.027462 -0.0333686 14.4531 43.2658 -13 203 0 0 1
0.135778 0.470312 900 0.102608 -0.0603604 5.30268 67.4474 -13 204 0 0 1
0.00964197 0.135893 900 0.0385966 -0.0480535 7.10623 55.9331 -13 205 0 0 1
-0.361874 -0.0201835 900 -0.0279838 0.0889325 9.17934 62.8736 -13 207 0 0 1
-0.0123362 0.0432011 900 0.0212726 -0.0044889 13.7058 36.6264 -13 209 0 0 1
0.501277 -1.39074 900 0.557285 -0.0643036 2.08978 131.215 -13 210 0 0 1
0.0138001 0.346329 900 0.0973537 -0.144703 6.43277 64.0462 -13 211 0 0 1
0.340788 -0.297405 900 0.0372018 -0.266511 13.9321 24.6917 -13 212 0 0 1
0.262979 -0.00375233 900 0.026495 -0.114904 8.86941 64.8873 -13 213 0 0 1
0.0948392 -0.0314186 900 0.00259909 -0.0269488 9.77524 51.1402 -13 214 0 0 1
0.260837 0.178597 900 0.00757277 -0.0130453 3.75973 92.4528 -13 215 0 0 1
0.0303131 0.00609233 900 0.0517282 0.035706 9.86684 44.8257 -13 216 0 0 1
-0.318291 0.368774 900 0.154826 0.0589163 9.42429 47.1363 -13 217 0 0 1
-0.0771932 0.0141315 900 -0.0778983 0.0550252 4.99844 76.8868 -13 218 0 0 1
0.0548699 -0.132479 900 -0.0368122 -0.0049247 9.7175 43.3686 -13 219 0 0 1
-0.130527 -0.102286 900 -0.038064 0.0664743 13.3186 36.1477 -13 220 0 0 1
-0.627023 -0.756301 900 0.0533743 0.1866 2.98869 99.7112 -13 221 0 0 1
-0.00317556 0.0396045 900 0.0253665 -0.0848889 8.90048 43.074 -13 222 0 0 1
-0.162163 -0.150258 900 0.00605479 -0.0100995 8.60269 40.6244 -13 223 0 0 1
0.254267 0.184308 900 0.0691438 0.0462779 5.95119 81.4155 -13 224 0 0 1
-0.0942834 -0.0322364 900 -0.0261651 0.0206608 12.3269 47.1258 -13 225 0 0 1
0.050661 -0.107401 900 -0.0883155 -0.0639868 10.0628 50.9788 -13 226 0 0 1
0.116761 0.171688 900 0.0566023 -0.0633813 12.6038 45.4037 -13 227 0 0 1
0.177244 0.35357 900 0.0888055 -0.0138835 13.4935 37.3419 -13 228 0 0 1
0.0206523 -0.0103982 900 -0.0435 -0.0135261 13.43 34.9446 -13 229 0 0 1
-0.166611 0.00177962 900 -0.107162 -0.0754684 11.9397 28.5205 -13 230 0 0 1
0.208631 -0.209891 900 0.0746526 -0.0899225 8.97523 61.9344 -13 231 0 0 1
-0.329835 -0.0721499 900 0.0797001 -0.0017959 6.20372 69.9366 -13 232 0 0 1
-0.373704 -0.0095027 900 0.0632941 0.105068 10.9501 57.3837 -13 233 0 0 1
-0.78699 -1.13761 900 -0.226964 0.426889 12.4702 28.939 -13 234 0 0 1
0.0737731 0.236499 900 0.0315943 0.0440079 6.16177 74.1209 -13 235 0 0 1
-0.0315725 -0.313988 900 -0.158672 -0.00288131 4.19406 91.2504 -13 236 0 0 1
0.193927 -0.147003 900 -0.0271697 -0.0376312 8.32711 53.4886 -13 237 0 0 1
0.165446 -0.289567 900 -0.0704169 -0.0808906 9.34662 39.0925 -13 238 0 0 1
-0.0868854 -0.094322 900 -0.0653917 0.0211386 12.7565 37.0729 -13 239 0 0 1
-0.178414 -0.0516517 900 -0.0404897 0.0214525 12.7414 30.7833 -13 240 0 0 1
-0.196256 0.114111 900 0.0197898 0.0674812 12.7827 27.5225 -13 241 0 0 1
0.701362 -0.433851 900 -0.115755 -0.2553 10.8986 45.8996 -13 242 0 0 1
-0.0991509 -0.16579 900 -0.0845621 0.0455157 13.7872 51.3815 -13 243 0 0 1
0.0465369 0.308927 900 0.0241379 -0.0109617 8.60819 60.6465 -13 244 0 0 1
0.391735 -0.0655865 900 -0.20267 -0.0998904 12.8985 37.4706 -13 245 0 0 1
0.0641621 0.039406 900 -0.0139068 0.040937 7.99419 48.7063 -13 246 0 0 1
-0.0359299 0.0434652 900 0.00293373 -0.0284832 11.6223 38.2566 -13 247 0 0 1
0.0986853 -0.0944634 900 -0.00872234 -0.0764141 11.8136 54.805 -13 248 0 0 1
0.0134235 -0.00662537 900 -0.00555401 0.0113826 12.3257 36.9992 -13 249 0 0 1
-0.161976 -0.0646133 900 0.0396118 0.124462 10.264 50.668 -13 250 0 0 1
-0.191224 -0.393414 900 -0.0953458 0.0698382 8.24939 64.8412 -13 251 0 0 1
0.02599 0.00217139 900 -0.0176853 0.0272146 12.9657 32.5691 -13 252 0 0 1
0.0629233 -0.269958 900 -0.0543033 0.0743293 11.8888 48.3695 -13 253 0 0 1
0.210814 -0.229521 900 -0.000468728 -0.0136096 8.28895 43.2052 -13 254 0 0 1
-0.0878865 0.0249445 900 0.00383958 0.0015924 12.0432 34.4701 -13 255 0 0 1
-0.141552 -0.00421502 900 -0.0442581 0.0794338 12.1908 27.211 -13 256 0 0 1
0.0863746 0.140403 900 0.0245977 0.0239952 11.2703 39.7966 -13 257 0 0 1
-0.116948 0.103201 900 0.00599646 0.0826252 11.7148 44.313 -13 258 0 0 1
0.110799 -0.0720173 900 -0.0604496 0.0175781 14.438 27.8967 -13 259 0 0 1
-0.10737 0.0189843 900 -0.0145336 0.00341627 14.2078 46.5864 -13 260 0 0 1
-0.0403321 0.00441286 900 -0.00841219 0.101848 13.8337 38.4991 -13 261 0 0 1
-0.325813 0.00893011 900 0.0340881 0.13543 12.9358 44.2769 -13 262 0 0 1
-0.0360864 -0.000712553 900 0.0554946 -0.00778414 10.5128 38.2222 -13 263 0 0 1
0.833629 0.893426 900 -0.0179022 -0.391215 2.87603 116.488 -13 264 0 0 1
-0.135256 0.0676662 900 0.0355214 0.0516405 12.7883 49.0008 -13 265 0 0 1
0.0786134 0.162521 900 -0.0167582 0.0482472 11.3079 53.0517 -13 266 0 0 1
-0.0306309 -0.0277968 900 -0.00601509 0.00812543 14.0403 45.5973 -13 267 0 0 1
-0.0598973 -0.163648 900 -0.00199548 -0.0543854 12.2444 32.0074 -13 268 0 0 1
0.100536 0.109382 900 -0.0848831 -0.0336967 11.8923 39.0364 -13 269 0 0 1
0.216836 -0.414449 900 0.0353741 -0.0295081 2.47537 128.207 -13 270 0 0 1
0.0428891 -0.175976 900 -0.0787319 -0.0988331 7.20822 71.4906 -13 271 0 0 1
0.0451841 -0.0315795 900 -0.040363 -0.0207627 14.4488 32.4087 -13 272 0 0 1
0.1898 -0.114671 900 -0.0235798 -0.0440716 8.00295 50.1643 -13 273 0 0 1
-0.145486 0.0552188 900 0.0961322 0.103452 12.6003 52.7058 -13 274 0 0 1
0.118436 0.148053 900 0.175372 0.0238119 8.67658 56.3855 -13 275 0 0 1
0.208042 -0.26493 900 -0.0634759 -0.0452102 11.5026 33.7829 -13 276 0 0 1
0.0407347 -0.073476 900 -0.0662576 -0.0258978 9.55706 58.5861 -13 277 0 0 1
0.0725139 0.00950181 900 0.0118412 -0.0296986 13.7426 36.346 -13 278 0 0 1
-0.0309793 0.0122019 900 0.0249772 0.0626844 13.3206 44.9355 -13 279 0 0 1
0.288071 -0.105776 900 -0.171835 -0.10078 6.19135 57.2321 -13 280 0 0 1
0.068693 -0.0467805 900 0.0600578 -0.00414724 8.10368 59.4257 -13 281 0 0 1
0.0680815 -0.106541 900 -0.0264316 7.47769e-05 9.48651 57.1611 -13 282 0 0 1
0.0213623 0.0498866 900 -0.00330466 0.0151743 10.6692 37.4155 -13 283 0 0 1
-0.00915409 0.0164868 900 0.0796901 0.0281091 7.09778 58.128 -13 284 0 0 1
-0.33472 0.0924466 900 0.00743305 0.0552231 2.07962 135.909 -13 285 0 0 1
0.297436 0.0398112 900 0.0115494 -0.055492 6.67874 73.3821 -13 286 0 0 1
0.166146 0.266075 900 0.0603362 -0.0596105 10.8382 57.8856 -13 287 0 0 1
0.0413334 -0.0206238 900 0.000582455 0.021156 11.9429 52.5448 -13 288 0 0 1
0.213809 -0.107289 900 -0.0231082 -0.0664324 9.36451 51.6914 -13 289 0 0 1
-0.00476286 -0.195368 900 -0.00660799 0.0543538 9.02305 44.1875 -13 290 0 0 1
0.272069 -0.0423144 900 0.0207349 -0.00666842 6.82219 65.1841 -13 291 0 0 1
0.107122 0.0483984 900 0.0124875 -0.06642 13.2586 27.721 -13 292 0 0 1
0.131038 -0.0529179 900 -0.0074939 -0.0903504 7.34523 72.4724 -13 293 0 0 1
-0.00192439 -0.0171967 900 -0.0102774 0.0405284 13.8083 53.0474 -13 294 0 0 1
0.228746 0.150648 900 0.122559 -0.148172 7.15964 67.3584 -13 295 0 0 1
0.315516 -0.0431325 900 0.0133401 0.00614451 5.91916 68.3154 -13 296 0 0 1
0.00859755 -0.148775 900 -0.105527 -0.12412 11.9657 31.813 -13 297 0 0 1
0.0182379 0.10036 900 -0.0406542 0.00884953 12.15 39.3529 -13 299 0 0 1
0.313736 0.04802 900 0.194358 0.0580376 2.46597 128.265 -13 300 0 0 1
0.0847513 -0.247945 900 -0.0247521 3.18324e-05 8.17373 65.5954 -13 301 0 0 1
0.0707545 -0.227008 900 -0.163099 -0.125123 7.44979 58.6104 -13 302 0 0 1
-0.102682 -0.0814088 900 -0.0495642 0.0768596 11.6467 40.7884 -13 303 0 0 1
0.333096 -0.22837 900 -0.0513838 -0.0870642 7.60028 58.9858 -13 304 0 0 1
0.0485193 0.00138462 900 0.0287554 -0.0432687 11.0689 39.3335 -13 305 0 0 1
-0.00435475 0.118941 900 0.0636946 -0.0160671 9.67278 48.6621 -13 306 0 0 1
0.48199 -0.144478 900 0.254833 -0.0840907 4.07213 84.2144 -13 307 0 0 1
0.16603 -0.0471566 900 -0.0189288 -0.060265 12.3587 32.739 -13 308 0 0 1
-0.398338 -0.184969 900 -0.123648 0.0847368 9.51599 53.9127 -13 309 0 0 1
0.0627505 0.20177 900 0.13287 0.019072 5.55467 65.8267 -13 310 0 0 1
-0.247277 0.15305 900 0.06696 0.0810393 13.9677 40.4383 -13 311 0 0 1
0.0682799 0.00886682 900 0.0111739 -0.0137167 12.1441 33.6913 -13 312 0 0 1
-0.046965 0.190655 900 0.0386892 0.00183963 13.0348 26.7771 -13 313 0 0 1
-0.273272 0.0421482 900 -0.0396516 0.109883 13.7668 25.2152 -13 314 0 0 1
-0.0100803 -0.0208146 900 -0.0286255 -0.0225452 11.5964 31.7347 -13 315 0 0 1
-0.0946755 0.133515 900 -0.0244292 -0.0389916 9.06294 42.0122 -13 316 0 0 1
0.105845 -0.0315247 900 0.0513666 -0.132711 6.04919 58.1563 -13 318 0 0 1
-0.0684509 -0.0574032 900 0.0423675 0.00720999 13.7974 29.3633 -13 320 0 0 1
0.0753376 0.0180037 900 0.0342563 -0.0241329 9.97449 37.9338 -13 321 0 0 1
0.0660814 0.0255604 900 -0.0242647 0.00740673 12.737 31.2503 -13 322 0 0 1
0.103957 -0.502145 900 -0.107054 -0.00382575 5.96651 59.9696 -13 323 0 0 1
0.094422 -0.192887 900 0.0268179 -0.0149314 11.4289 55.1307 -13 325 0 0 1
-0.0365285 -0.0443967 900 -0.0078404 -0.0373623 10.6822 50.593 -13 326 0 0 1
-0.0441127 -0.000595768 900 0.0364001 -0.0032366 12.4408 39.1661 -13 327 0 0 1
0.122766 -0.540364 900 -0.123697 -0.00181406 3.84494 97.3119 -13 328 0 0 1
-0.101526 -0.0336021 900 0.0742123 0.0180328 11.9687 49.316 -13 329 0 0 1
-0.398905 0.108737 900 -0.0864546 0.126302 8.87972 44.2388 -13 330 0 0 1
0.0584876 0.0984087 900 0.0785489 0.0316251 5.42824 58.5011 -13 331 0 0 1
0.40028 1.09028 900 0.0380765 0.00181357 4.63507 71.5759 -13 332 0 0 1
-0.151342 0.144447 900 0.0212408 0.07392 9.79128 44.0881 -13 333 0 0 1
0.115908 -0.071957 900 -0.0497541 -0.0745981 12.8467 27.9217 -13 334 0 0 1
0.132374 0.0282433 900 -0.077614 0.0171304 14.2417 44.0349 -13 335 0 0 1
0.0568263 -0.31202 900 0.00805191 -0.0493584 5.59146 69.9438 -13 336 0 0 1
0.0189347 0.0434901 900 0.0270535 -0.0119239 13.7293 42.1098 -13 337 0 0 1
0.14947 -0.0164894 900 -0.105914 -0.0471798 9.58994 58.0091 -13 338 0 0 1
0.457704 -0.102969 900 -0.125393 -0.198553 9.28851 63.3151 -13 339 0 0 1
0.00865443 -0.0684201 900 -0.0121045 -0.00552218 12.4485 53.6498 -13 341 0 0 1
-0.0246437 0.0173879 900 0.0200091 0.0595362 13.2281 30.9544 -13 344 0 0 1
0.0777721 -0.868581 900 -0.206054 -0.0688883 9.61923 34.1399 -13 345 0 0 1
0.0782592 -0.0189993 900 0.0226985 -0.035555 13.4477 39.3402 -13 346 0 0 1
-0.122878 -0.011788 900 -0.00757548 0.0433846 12.0928 41.4569 -13 347 0 0 1
-0.0367275 -0.104908 900 -0.0641282 -0.01714 13.7745 50.0145 -13 348 0 0 1
0.351696 -0.12883 900 0.00139732 -0.210733 7.04488 59.4159 -13 349 0 0 1
-0.0348366 -0.0693042 900 -0.0122838 -0.115528 7.69213 64.7021 -13 350 0 0 1
3.85259 1.21995 900 0.480382 -0.824354 4.06555 81.3465 -13 351 0 0 1
-0.503846 0.204406 900 0.246056 -0.0555277 3.80205 88.0676 -13 352 0 0 1
0.262285 0.203184 900 0.118193 -0.130205 10.8256 57.1167 -13 354 0 0 1
-1.51973 -0.693933 900 0.0326075 -0.0137129 2.1718 122.903 -13 355 0 0 1
-0.0526468 -0.325191 900 -0.0716291 0.0655445 9.73874 60.9006 -13 356 0 0 1
-0.0577082 0.300902 900 -0.0132057 0.0106191 10.6001 57.7201 -13 357 0 0 1
0.201221 0.188591 900 0.0473688 -0.0953317 10.8725 47.1896 -13 358 0 0 1
0.0510299 0.000293167 900 0.00392808 0.00204595 11.7764 33.7352 -13 359 0 0 1
0.0585974 -0.0181079 900 -0.0163767 -0.0162792 13.4977 45.6771 -13 360 0 0 1
1.11495 -0.32576 900 0.507651 -0.179953 3.25462 90.5194 -13 361 0 0 1
-0.0597994 0.0962294 900 0.0623958 0.0153011 8.71474 37.7635 -13 362 0 0 1
-0.131603 -0.203902 900 -0.0199658 0.0811971 12.1523 55.096 -13 363 0 0 1
-0.116733 -0.00232231 900 0.021762 0.0369223 14.4443 27.3694 -13 364 0 0 1
0.0473247 0.0995405 900 0.0170093 0.0242448 11.8386 32.1683 -13 365 0 0 1
-0.0324219 -0.308512 900 -0.0210441 -0.0176201 7.85234 41.7297 -13 366 0 0 1
-0.137518 -0.210023 900 -0.180578 0.0615618 11.6999 52.3039 -13 367 0 0 1
-0.284285 -0.239584 900 0.0213712 0.158525 5.90545 72.536 -13 368 0 0 1
-0.024869 -0.0777011 900 -0.0142416 -0.0241978 6.33572 53.5207 -13 370 0 0 1
-0.409596 0.11468 900 -0.0252654 0.186985 14.5154 40.2134 -13 371 0 0 1
-0.0681163 0.0192091 900 0.0848665 0.0167874 14.1941 32.1208 -13 373 0 0 1
-0.0921056 0.543147 900 0.187917 -0.127493 4.81195 70.1104 -13 374 0 0 1
0.035697 0.0251585 900 0.00123825 -0.00478332 13.3623 46.3141 -13 375 0 0 1
0.427858 0.160744 900 -0.0636861 0.312986 6.54691 61.3086 -13 376 0 0 1
-0.0648051 -0.0962805 900 -0.0209846 0.00384494 10.4953 40.8705 -13 377 0 0 1
-0.271289 -0.0136233 900 0.0932775 0.0673793 7.35366 46.4276 -13 379 0 0 1
-0.155151 -0.0529082 900 -0.123606 0.0809373 10.6989 35.519 -13 380 0 0 1
0.00838619 -0.0114518 900 -0.0328096 -0.0478938 7.76654 53.8027 -13 381 0 0 1
-0.0612011 -0.0238937 900 0.00243433 0.0686463 13.3919 36.8756 -13 382 0 0 1
0.0316084 0.155413 900 0.130278 -0.00583302 14.0951 37.6367 -13 384 0 0 1
-0.00419664 -0.0210884 900 -0.00163635 -0.0297566 14.4543 31.7925 -13 386 0 0 1
-0.123437 -0.0344252 900 0.0179592 0.0294288 14.4244 40.4812 -13 387 0 0 1
0.161345 0.174636 900 0.0544743 -0.0407559 9.3224 58.1921 -13 388 0 0 1
0.207055 0.152593 900 0.0264279 -0.0864904 13.4336 42.8442 -13 389 0 0 1
-0.397402 -0.0434555 900 -0.0559235 0.135481 10.3037 40.6281 -13 390 0 0 1
-0.190322 -0.200422 900 -0.0331547 0.12078 8.62899 65.3591 -13 391 0 0 1
-0.0644035 -0.0181665 900 0.183701 -0.0928188 8.08503 66.891 -13 392 0 0 1
-0.393086 0.220049 900 0.0720961 0.0512485 3.52955 84.4145 -13 393 0 0 1
0.304965 1.00106 900 -0.388246 -0.261586 3.36753 92.8092 -13 394 0 0 1
-0.0680943 -0.493242 900 -0.040503 0.125297 14.076 32.1113 -13 395 0 0 1
-0.0878698 -0.127816 900 -0.0289838 0.0115375 7.01086 61.5308 -13 396 0 0 1
0.102706 -0.106404 900 0.00656726 -0.00230768 14.4938 29.9883 -13 397 0 0 1
1.58464 -1.46142 900 -0.635922 -0.28876 13.2784 31.8878 -13 398 0 0 1
0.193085 0.0766348 900 0.010913 -0.0981743 12.6092 29.2432 -13 399 0 0 1
0.0238513 0.00331399 900 0.000806449 -0.0899625 11.6339 39.3351 -13 400 0 0 1
-0.0367346 0.0995268 900 -0.0378646 -0.00946177 11.1568 42.3101 -13 401 0 0 1
0.127629 0.20393 900 -0.0442117 0.0700641 7.27182 45.5585 -13 402 0 0 1
0.345515 0.13276 900 -0.186608 -0.0560821 5.60051 75.9193 -13 403 0 0 1
0.0980775 0.136796 900 0.0483799 -0.0249134 14.3881 31.169 -13 404 0 0 1
-0.035449 -0.571402 900 -0.231882 0.0102522 12.7669 42.6353 -13 405 0 0 1
-0.184105 -0.0890671 900 0.0190592 0.0613345 7.06592 60.314 -13 406 0 0 1
0.121464 -0.221744 900 -0.0994939 0.0323501 4.54612 91.0934 -13 407 0 0 1
-0.0716401 0.124538 900 -0.0108698 -0.0518759 10.85 51.3342 -13 408 0 0 1
0.218633 -0.292581 900 -0.0811986 -0.0830507 12.1935 30.2146 -13 409 0 0 1
0.134702 -0.241922 900 0.0727109 -0.0546479 7.14163 54.8768 -13 410 0 0 1
0.0107622 -0.384588 900 -0.0305877 0.0696762 6.77369 52.1132 -13 411 0 0 1
-0.175303 0.220053 900 0.00311709 0.0698943 7.18226 48.9607 -13 412 0 0 1
0.125218 0.24724 900 0.0697128 0.207865 5.47112 57.5703 -13 413 0 0 1
-0.108403 -0.0687673 900 0.00971962 -0.0149474 9.81135 39.5364 -13 414 0 0 1
-0.0781997 -0.203028 900 -0.0987172 0.00996152 8.22228 46.1134 -13 415 0 0 1
-0.2772 0.0374854 900 0.0327846 0.0278509 12.6097 39.6544 -13 416 0 0 1
-0.140143 0.596387 900 0.236941 0.027445 6.39645 55.3831 -13 417 0 0 1
-0.102685 -0.19684 900 -0.0696803 0.0539994 9.94195 58.8305 -13 418 0 0 1
0.420211 0.345316 900 0.163586 -0.103008 7.63914 55.7808 -13 419 0 0 1
-0.164761 -0.139141 900 -0.0138683 0.102451 12.4683 36.0513 -13 420 0 0 1
-0.158144 -0.0354051 900 -0.0317964 0.00982007 13.1967 29.5172 -13 421 0 0 1
-0.257038 -0.224399 900 -0.208799 0.117668 7.00436 49.4943 -13 422 0 0 1
-0.0245005 -0.320606 900 0.014155 0.0947043 9.30685 44.5991 -13 424 0 0 1
-0.327386 0.511342 900 0.107406 0.111928 4.88014 91.749 -13 425 0 0 1
0.027748 -0.0429233 900 -0.00874795 -0.0901231 4.85853 87.8017 -13 426 0 0 1
0.0946311 0.0800012 900 0.04472 -0.00586588 10.7981 55.745 -13 427 0 0 1
-0.0330199 -0.135994 900 -0.0687428 -0.241245 6.9109 54.0862 -13 428 0 0 1
-0.454345 0.0595704 900 -0.160089 0.0844919 7.72878 54.3935 -13 429 0 0 1
-0.113954 -0.0624494 900 -0.00686687 0.0275276 9.91923 42.8969 -13 430 0 0 1
-0.152071 -0.0610455 900 -0.0787501 0.0588305 10.826 39.8628 -13 431 0 0 1
-0.0242517 -0.0406155 900 0.00172197 0.0546423 9.93422 50.6426 -13 432 0 0 1
-0.00825097 0.102535 900 0.046871 0.0073524 11.0214 54.5907 -13 433 0 0 1
0.098929 0.0515242 900 0.0102693 -0.0414765 13.6919 35.1374 -13 434 0 0 1
-0.183991 -0.224487 900 -0.111837 -0.000633185 11.3687 43.4489 -13 435 0 0 1
-0.220309 -0.249148 900 -0.0455257 0.0469598 11.2009 35.6528 -13 436 0 0 1
0.165188 -0.084335 900 -0.0150516 -0.0507014 10.6784 41.582 -13 437 0 0 1
0.0387227 -0.0624141 900 0.0507376 -0.0148987 11.1108 45.549 -13 438 0 0 1
-0.0034966 -0.195839 900 -0.0120831 0.0262501 11.9357 55.7297 -13 439 0 0 1
0.494476 -0.170326 900 -0.265109 -0.0650729 8.78099 57.4336 -13 440 0 0 1
-0.0279005 0.143431 900 0.0166032 -0.0755862 11.3801 42.6158 -13 441 0 0 1
-0.305121 -0.15797 900 -0.0484135 0.0205787 3.53303 82.9744 -13 442 0 0 1
-0.195674 -0.266631 900 -0.106938 0.0397552 7.52387 68.0716 -13 443 0 0 1
0.145931 -0.0976223 900 -0.0724383 0.0151775 11.3663 39.2948 -13 444 0 0 1
0.132419 -0.314349 900 -0.162581 -0.0544986 7.92207 66.1005 -13 445 0 0 1
-0.0828485 -0.0352891 900 -0.0505846 0.047297 13.3893 51.0623 -13 446 0 0 1
0.0173486 -0.0917744 900 0.0574651 0.0279569 11.5375 40.1288 -13 447 0 0 1
0.181148 -0.301183 900 -0.103138 -0.0209322 9.78552 36.5812 -13 448 0 0 1
0.140959 -0.0251653 900 -0.0322394 -0.0104102 8.1241 44.1485 -13 449 0 0 1
0.692506 0.489178 900 0.327223 -0.0468339 12.3271 55.5842 -13 450 0 0 1
0.0112852 0.114102 900 0.000456661 -0.0534234 7.77705 61.5694 -13 451 0 0 1
-0.0569944 0.141052 900 0.0645033 0.0889374 11.8502 53.8775 -13 452 0 0 1
-0.0662027 0.0478721 900 0.00310918 0.00174089 12.95 52.9473 -13 453 0 0 1
0.0793876 -0.138955 900 -0.0109878 -0.0738571 9.50861 43.1459 -13 454 0 0 1
0.263193 0.0223158 900 0.0776956 -0.0792342 13.9664 27.1897 -13 456 0 0 1
-0.154414 0.0210081 900 0.0948122 0.00253252 9.42362 35.8658 -13 457 0 0 1
-0.322516 0.00711675 900 -0.0404295 0.0671244 11.571 54.716 -13 458 0 0 1
0.264013 -0.196632 900 0.155857 -0.101295 7.94109 49.1037 -13 459 0 0 1
0.0717065 -0.0567719 900 -0.0237475 0.0100494 10.5568 33.7579 -13 460 0 0 1
-0.00664487 0.0775106 900 0.0070118 -0.0193245 13.4429 50.2231 -13 461 0 0 1
-0.0168854 0.0765049 900 0.0231429 -0.0384836 13.5694 50.0485 -13 462 0 0 1
0.0890479 -0.041231 900 0.0321631 -0.00362725 7.62877 54.1241 -13 463 0 0 1
0.56838 -0.171598 900 -0.164152 -0.344509 3.43118 111.012 -13 464 0 0 1
-0.120511 -0.321173 900 -0.157302 0.0781301 9.87297 38.347 -13 465 0 0 1
-0.180903 0.271904 900 0.0526942 -0.0428836 7.33653 45.2947 -13 466 0 0 1
-0.205428 -0.143913 900 -0.0128739 0.0799862 14.0369 26.5191 -13 467 0 0 1
0.170146 -0.0246101 900 -0.042923 -0.040773 8.78393 47.1477 -13 468 0 0 1
0.326107 -0.59327 900 -0.0414923 -0.0282981 4.65886 83.1992 -13 469 0 0 1
0.0701993 0.342575 900 0.211464 -0.00461682 6.30643 52.7897 -13 470 0 0 1
0.117339 0.0124698 900 -0.0101089 -0.021323 9.93831 52.776 -13 472 0 0 1
0.302542 -0.207687 900 0.165849 -0.123843 5.17865 61.3816 -13 473 0 0 1
-0.383159 0.164072 900 0.104997 0.0245943 8.20865 54.4375 -13 474 0 0 1
0.091441 0.0292631 900 0.0230234 -0.0486894 11.775 37.9363 -13 475 0 0 1
0.100766 -0.189566 900 -0.108926 -0.0360543 7.81559 42.1917 -13 476 0 0 1
0.0219338 0.0350551 900 -0.0160727 0.0317961 9.46764 50.268 -13 477 0 0 1
-0.0644189 -0.349197 900 -0.116958 0.0379208 9.72988 36.195 -13 478 0 0 1
-0.677065 -0.0971457 900 -0.0559146 0.0289936 5.23505 62.3942 -13 479 0 0 1
-0.0275014 -0.256138 900 0.0183244 0.0192963 10.6918 47.4876 -13 480 0 0 1
-0.379167 0.0637386 900 -0.0312967 0.196929 8.93892 50.4697 -13 481 0 0 1
0.0656774 0.00434298 900 0.0100998 0.0945291 6.4146 78.3087 -13 482 0 0 1
-0.008886 0.0256324 900 0.0173106 -0.0260136 14.039 52.4332 -13 483 0 0 1
0.324049 -0.117459 900 -0.0524923 -0.144463 7.40648 57.2469 -13 484 0 0 1
0.091941 -0.0283258 900 0.0144737 -0.0607985 11.3163 32.2859 -13 485 0 0 1
-0.185692 -0.15038 900 -0.0346653 -0.123005 7.27013 51.7784 -13 486 0 0 1
-0.0784723 0.118884 900 0.0291366 0.0387624 13.0033 43.2464 -13 487 0 0 1
0.184683 0.159105 900 0.210131 0.168162 5.14707 80.6115 -13 488 0 0 1
-0.111738 0.118049 900 0.0166145 0.0415335 13.8788 28.3722 -13 489 0 0 1
-0.914754 -0.188112 900 -0.0780368 0.0188287 3.38157 88.1396 -13 490 0 0 1
-0.22764 -0.250783 900 -0.126989 0.0406875 7.47511 67.501 -13 491 0 0 1
-0.160058 0.0984204 900 0.0260505 0.0313493 13.9267 27.6982 -13 492 0 0 1
-0.106123 -0.00610481 900 -0.0129893 -0.039308 12.4229 51.0633 -13 493 0 0 1
-0.0279638 0.166102 900 0.0504691 -0.000967873 12.9538 48.7369 -13 494 0 0 1
0.0618557 0.135497 900 0.0379097 -0.0357033 14.4437 24.0741 -13 495 0 0 1
-0.177464 0.0845541 900 0.127101 0.0703881 10.7097 37.36 -13 496 0 0 1
-0.111594 0.107292 900 0.0372217 -0.00335503 14.0481 24.3665 -13 497 0 0 1
0.0296196 0.00586255 900 -0.0151302 0.0253415 13.5399 40.512 -13 498 0 0 1
0.124809 -0.323498 900 -0.108965 -0.117342 11.9374 42.9961 -13 499 0 0 1
-0.0300128 0.0608935 900 -0.0580767 0.0652618 12.645 39.0948 -13 500 0 0 1
0.028057 0.107756 900 0.041287 -0.00348247 10.8629 40.0934 -13 501 0 0 1
-0.108811 -0.0677164 900 -0.0197064 -0.00802559 14.4272 27.929 -13 502 0 0 1
0.0416868 -0.154993 900 -0.00366241 0.0260593 10.2144 37.5225 -13 503 0 0 1
-0.125736 0.109504 900 0.0676954 0.0298579 11.1633 46.0293 -13 504 0 0 1
-1.16782 0.0977052 900 0.306666 -0.252656 2.8637 109.207 -13 505 0 0 1
-0.211101 -0.415156 900 -0.0525204 0.0211095 8.62441 45.2612 -13 506 0 0 1
-0.0142536 0.0984504 900 0.0850259 0.0232315 12.449 38.0198 -13 507 0 0 1
-0.118204 -0.0223201 900 0.041912 0.0537738 11.3825 54.0173 -13 508 0 0 1
0.242835 0.108752 900 0.0424148 -0.0656858 8.13412 59.9484 -13 509 0 0 1
-0.205264 0.231777 900 0.224767 0.023525 10.4945 40.7701 -13 510 0 0 1
-0.0753779 0.032267 900 -0.00400229 0.0273167 10.414 34.2266 -13 511 0 0 1
-0.0113681 -0.042234 900 0.0213795 -0.0826727 12.8466 43.2739 -13 512 0 0 1
0.000789141 0.106543 900 0.0129234 0.00416967 13.325 25.26 -13 513 0 0 1
-0.290365 -0.485589 900 -0.147244 0.1537 7.8981 46.231 -13 514 0 0 1
0.0209044 0.119842 900 0.0250336 0.00371235 10.1918 55.4843 -13 515 0 0 1
0.158575 0.109806 900 0.0386409 0.00451895 3.54479 91.1111 -13 516 0 0 1
-0.0253869 0.161818 900 0.00334126 0.087735 8.12016 42.4411 -13 517 0 0 1
0.168011 -1.24713 900 -0.360067 0.00540718 12.352 31.4824 -13 518 0 0 1
0.120264 -0.0573293 900 0.0809878 -0.00877507 11.6388 46.6848 -13 519 0 0 1
0.0473223 -0.028145 900 -0.0135186 -0.012961 11.6153 45.1559 -13 520 0 0 1
0.0454704 -0.103533 900 -0.022949 -0.00845399 12.9349 36.7095 -13 522 0 0 1
-0.0201523 -0.110928 900 -0.0342295 -0.00606522 13.5716 40.1045 -13 523 0 0 1
0.976303 0.233828 900 0.14818 -0.221584 3.34014 109.903 -13 524 0 0 1
0.356552 -0.0785321 900 -0.0294495 -0.0843789 9.68391 40.5441 -13 525 0 0 1
-0.0318068 0.0508772 900 0.0604038 0.0025578 11.6755 47.5461 -13 526 0 0 1
3.50849 -2.10341 900 0.0801706 -0.325872 2.05336 135.623 -13 527 0 0 1
0.00851652 -0.0863031 900 0.0146035 -0.0739143 12.4265 42.2168 -13 528 0 0 1
0.117524 0.0079494 900 -0.038141 -0.0751109 11.2592 51.7164 -13 529 0 0 1
-0.0776288 -0.0885964 900 0.00268525 0.0133125 8.26382 61.4794 -13 530 0 0 1
0.193553 0.0817114 900 -0.00487218 -0.0653201 12.9448 38.9116 -13 531 0 0 1
0.201104 1.02111 900 0.305822 -0.0761415 13.7225 52.841 -13 532 0 0 1
-0.511616 0.320888 900 0.105971 0.1695 9.03781 58.6987 -13 533 0 0 1
-0.0654928 -0.0584196 900 -0.0591169 -0.0168845 9.13233 58.6626 -13 534 0 0 1
-0.00121545 -0.138254 900 -0.0557175 -0.0059355 9.82141 35.61 -13 535 0 0 1
0.0484738 0.0336942 900 -0.0434183 -0.0158999 13.0267 34.2018 -13 536 0 0 1
1.21755 1.22016 900 0.286542 -0.181321 4.12389 87.0607 -13 537 0 0 1
0.00852286 0.245768 900 0.0508096 -0.0262608 14.4135 40.8597 -13 538 0 0 1
-0.12269 0.0134325 900 -0.0503443 0.0746842 11.231 34.5524 -13 539 0 0 1
-0.0366598 -0.0739403 900 -0.0408116 -0.00431531 11.2268 54.4508 -13 540 0 0 1
-0.00997296 0.0223125 900 -0.0364366 0.0234905 7.25735 65.6079 -13 541 0 0 1
-0.470625 0.185652 900 0.0838016 0.105591 12.7822 29.2432 -13 542 0 0 1
-0.182796 -0.0507418 900 -0.0982789 0.132306 8.4665 50.5698 -13 543 0 0 1
-0.058615 -0.186387 900 0.0189442 0.0596613 13.7242 51.6953 -13 544 0 0 1
-0.109761 -0.887202 900 -0.302914 0.0197898 4.69738 91.4217 -13 545 0 0 1
0.108394 -0.0411274 900 0.00531052 -0.0373008 6.57942 67.9436 -13 546 0 0 1
0.090489 0.0349699 900 -0.0213636 -0.032238 10.6441 49.9563 -13 547 0 0 1
-0.166825 -0.00793395 900 -0.0151764 0.0390264 9.82783 51.9363 -13 548 0 0 1
0.16474 0.00172509 900 -0.0215652 -0.0297503 9.59527 59.2454 -13 549 0 0 1
0.266142 0.0630777 900 -0.0558619 -0.159249 8.52695 54.098 -13 550 0 0 1
-0.0196072 0.139352 900 0.0116442 -0.022473 10.5638 36.3842 -13 551 0 0 1
0.116339 0.163564 900 0.0644926 -0.0829306 11.3027 38.7685 -13 552 0 0 1
-0.077582 0.245889 900 0.157031 -0.0189715 7.86812 52.464 -13 553 0 0 1
-0.365609 -0.0832316 900 -0.0111666 0.0072304 4.61801 66.7119 -13 554 0 0 1
0.0607957 -0.168922 900 0.0155692 0.0894509 7.91317 67.8477 -13 555 0 0 1
0.0147779 -0.278534 900 0.0827773 0.0867165 5.87723 73.6004 -13 556 0 0 1
0.053246 0.0826369 900 0.0230445 -0.0440656 13.5552 30.5111 -13 557 0 0 1
-0.0243002 -0.00871633 900 -0.039015 -0.0586122 10.9178 57.8704 -13 559 0 0 1
-0.0969376 0.0329379 900 0.00271028 0.0219153 13.5888 24.7409 -13 560 0 0 1
-0.0635609 0.329611 900 0.0788809 0.116366 5.00957 88.2849 -13 561 0 0 1
0.0300739 0.0319964 900 0.0480913 -0.0567348 11.0287 32.9876 -13 562 0 0 1
0.0470315 -0.163974 900 -0.0143152 -0.0403117 12.0863 42.1735 -13 563 0 0 1
0.164105 -0.254762 900 -0.0761994 -0.0423629 10.5396 58.8301 -13 564 0 0 1
-0.0580226 0.0623084 900 0.000767055 0.0482788 14.2167 28.3454 -13 565 0 0 1
-0.0191416 0.0391797 900 0.022912 0.0795143 9.37068 46.1128 -13 566 0 0 1
0.0947713 0.0349441 900 0.0235255 -0.0453545 10.5406 42.212 -13 567 0 0 1
-0.368291 -0.742452 900 -0.373941 -0.2027 11.8407 53.4033 -13 568 0 0 1
-0.035919 0.0495333 900 0.0810644 0.053504 13.5327 35.2522 -13 569 0 0 1
-0.182001 0.0334442 900 0.00525899 0.0767579 11.0639 54.9483 -13 570 0 0 1
-0.00367253 0.0969574 900 0.0289726 0.0316131 12.6195 39.1776 -13 571 0 0 1
0.292286 -0.0675835 900 -0.0392291 -0.0650526 9.81643 45.0769 -13 572 0 0 1
0.041173 -0.32208 900 -0.0790945 -0.0344569 6.47795 61.5902 -13 573 0 0 1
-0.055183 0.0231601 900 0.0293889 -0.0224585 13.7326 32.4456 -13 574 0 0 1
0.168731 0.378528 900 0.199647 0.0766755 6.97318 64.1098 -13 575 0 0 1
0.00998175 0.244921 900 0.0966736 0.0103055 10.592 49.5631 -13 576 0 0 1
0.0579587 0.0626632 900 0.0304135 0.00584439 13.3788 26.9657 -13 577 0 0 1
0.177772 -0.569133 900 -0.115991 0.161627 8.32307 49.6611 -13 578 0 0 1
0.0690686 0.0289575 900 -0.0329952 0.0187125 13.946 39.4203 -13 579 0 0 1
0.0332956 -0.023577 900 0.0193492 0.0208323 12.7083 33.3242 -13 580 0 0 1
-0.129436 0.0213767 900 0.0322663 0.0638951 11.0604 57.2017 -13 581 0 0 1
-0.00434834 0.107487 900 0.0238054 0.0343437 8.86683 48.6034 -13 582 0 0 1
0.111687 0.0879491 900 0.0758618 -0.118164 7.6584 48.7342 -13 583 0 0 1
-0.0519778 0.0309847 900 0.0887984 -0.00866424 13.9678 49.7681 -13 584 0 0 1
-0.185374 0.0743226 900 0.101318 0.0704203 11.2032 36.9044 -13 585 0 0 1
-0.316443 -0.0119641 900 0.036936 0.0640324 9.34235 59.3077 -13 586 0 0 1
-0.00135869 -0.0594272 900 0.0277849 -0.0162021 13.75 43.042 -13 587 0 0 1
-0.0630699 0.228863 900 0.0259107 0.027596 9.56232 43.31 -13 588 0 0 1
0.00855748 0.181424 900 0.0833843 0.0171924 13.2447 36.8453 -13 589 0 0 1
-0.132691 0.726755 900 0.158441 0.0273242 9.0516 47.1788 -13 591 0 0 1
-0.149254 0.161893 900 0.147619 0.0235187 8.20499 51.5666 -13 592 0 0 1
0.174772 -0.170894 900 -0.00911351 -0.083769 5.68614 82.1504 -13 593 0 0 1
0.00190887 0.0785112 900 -0.00344763 0.00236013 10.7165 59.3401 -13 594 0 0 1
0.0774755 0.325803 900 0.141546 -0.114466 9.9712 46.8942 -13 595 0 0 1
0.0927534 0.328529 900 0.0238776 -0.0451765 8.07621 56.3927 -13 596 0 0 1
0.196377 -0.128936 900 0.0439806 -0.0846401 10.3961 42.8071 -13 597 0 0 1
-0.469638 0.65481 900 0.127682 0.196869 5.74674 61.7729 -13 599 0 0 1
-0.0125033 -0.183603 900 -0.126155 0.044295 12.5358 43.8433 -13 601 0 0 1
0.0643757 -0.118412 900 0.0600729 -0.0764973 6.81552 68.4257 -13 602 0 0 1
0.188251 0.106827 900 0.00568744 -0.0395366 9.10989 57.2992 -13 603 0 0 1
0.313853 0.352458 900 0.157171 -0.0959947 7.44681 55.5899 -13 604 0 0 1
-0.0465954 -0.0136586 900 -0.0197411 0.0813812 4.40757 75.4544 -13 605 0 0 1
0.000283397 0.276406 900 0.0604023 0.0104305 12.3393 42.6306 -13 606 0 0 1
-0.126788 -0.107698 900 -0.0194171 0.035839 11.8638 32.9553 -13 607 0 0 1
0.057622 -0.248776 900 -0.0842545 -0.0916758 12.9126 39.9156 -13 608 0 0 1
0.0642469 -0.0493292 900 -0.0443547 -0.0230516 11.8548 32.1506 -13 609 0 0 1
0.146447 0.198649 900 0.0324979 -0.00761063 8.7839 43.7719 -13 610 0 0 1
0.0372726 0.0521294 900 -0.0152972 0.0288999 10.2985 36.1732 -13 611 0 0 1
0.0563065 0.0690814 900 0.0312716 -0.035167 7.7872 52.7931 -13 612 0 0 1
-0.0617619 -0.000242157 900 0.00893265 0.0195704 12.459 40.449 -13 613 0 0 1
-0.140994 0.141739 900 0.101105 0.00666781 12.1034 28.9996 -13 614 0 0 1
0.104904 0.803934 900 0.0693641 0.0839065 3.35332 102.364 -13 615 0 0 1
1.17527 1.00512 900 0.150405 -0.179602 3.50637 107.263 -13 616 0 0 1
-0.256244 -0.210811 900 -0.0673561 0.0935581 10.7546 46.8753 -13 617 0 0 1
0.108298 0.00833259 900 0.0402492 -0.0732108 8.05239 59.3985 -13 618 0 0 1
0.84051 -0.598614 900 -0.188624 -0.0780955 4.58689 88.0054 -13 619 0 0 1
-0.107402 0.0323152 900 0.0222167 0.00832489 12.3459 45.8098 -13 620 0 0 1
-0.526124 0.0849312 900 0.0360561 0.208083 4.99163 64.2889 -13 621 0 0 1
0.0262734 0.0623975 900 0.0486971 -0.0151668 11.1306 56.9892 -13 622 0 0 1
0.119898 0.107849 900 -0.00153135 -0.0200036 9.67233 47.3616 -13 623 0 0 1
0.022253 -0.13222 900 -0.0746676 -0.0131827 14.1692 24.1786 -13 624 0 0 1
0.073807 -0.0865901 900 -0.0328059 0.0371056 9.10185 51.142 -13 625 0 0 1
0.152717 0.413192 900 0.149389 0.00475464 5.94361 61.0632 -13 626 0 0 1
0.224733 0.231065 900 -0.0380514 -0.0962747 9.31188 52.034 -13 627 0 0 1
-0.0739149 0.212512 900 0.0604934 0.0271384 10.4298 37.0944 -13 629 0 0 1
-0.103305 -0.0586037 900 -0.0195549 0.0247882 11.7553 54.9626 -13 630 0 0 1
-0.0890403 -0.132345 900 -0.0762752 0.0378278 8.81761 63.9521 -13 631 0 0 1
-0.001621 0.0918044 900 0.0287753 0.0281294 14.0597 35.348 -13 632 0 0 1
0.109281 0.0868992 900 -0.0088378 -0.000535495 8.27901 46.8817 -13 633 0 0 1
-0.0312579 0.0807683 900 0.0268912 -0.181747 4.59973 69.3097 -13 634 0 0 1
0.122112 -0.137594 900 -0.0812237 -0.0418267 8.00149 57.214 -13 635 0 0 1
0.0999691 0.10922 900 0.00527154 -0.0663773 14.0826 30.3523 -13 636 0 0 1
-0.441223 0.164263 900 0.054102 -0.00461529 7.89702 62.1867 -13 637 0 0 1
-0.287997 0.244393 900 0.0221069 0.121989 12.6867 41.395 -13 638 0 0 1
-0.0754975 0.360697 900 0.0832545 0.179821 13.9786 28.6976 -13 639 0 0 1
0.0629218 0.136381 900 -0.00500704 -0.0117502 10.8008 30.8546 -13 640 0 0 1
0.582328 0.356587 900 0.0524657 -0.26139 4.02372 82.4294 -13 641 0 0 1
0.470256 -0.208582 900 -0.119588 -0.0938326 7.07901 67.7299 -13 642 0 0 1
-0.000808483 0.09631 900 0.019716 -0.00938501 11.0478 29.8653 -13 643 0 0 1
0.16697 -0.136316 900 0.0130431 -0.0922107 13.7268 42.1269 -13 644 0 0 1
0.187508 -0.120927 900 -0.00843969 -0.0133867 9.65216 35.5422 -13 645 0 0 1
-0.065739 -0.0139503 900 0.0259474 0.010418 13.7382 40.5814 -13 646 0 0 1
-0.189111 -0.234321 900 0.019561 0.460318 5.72009 80.9477 -13 647 0 0 1
0.122165 0.162595 900 -0.249598 -0.170088 3.6431 92.3237 -13 648 0 0 1
0.5805 -0.00137275 900 0.0725385 -0.18837 6.14295 61.3246 -13 649 0 0 1
0.00640331 -0.0918738 900 0.0086012 -0.0587308 13.525 28.117 -13 650 0 0 1
0.0743885 0.921804 900 0.177318 0.01654 10.0615 44.981 -13 651 0 0 1
0.128691 0.0917103 900 0.0717928 0.00287443 10.4204 56.9269 -13 652 0 0 1
0.179035 -0.054514 900 -0.0053183 -0.0974182 11.8695 44.7202 -13 653 0 0 1
-0.00692433 -0.0531728 900 -0.0556022 -0.0241509 12.2756 38.6966 -13 654 0 0 1
0.111519 -0.0372284 900 -0.0148258 -0.039942 14.3531 44.8706 -13 655 0 0 1
0.103245 0.139611 900 0.0163942 -0.0581517 9.5653 49.7628 -13 656 0 0 1
-0.289582 0.0260903 900 0.0896974 0.0412552 7.91507 62.1538 -13 657 0 0 1
0.358813 0.1907 900 0.071173 0.0272792 4.6578 81.0572 -13 658 0 0 1
-0.111865 -0.111729 900 -0.044157 0.0176631 14.4482 36.3577 -13 659 0 0 1
0.370003 0.587686 900 0.21059 0.0695699 11.6646 50.1011 -13 660 0 0 1
-0.0749781 0.122525 900 0.0507826 0.115273 10.6038 46.3779 -13 661 0 0 1
-0.0712189 -0.061094 900 0.00248316 0.00977451 12.1176 38.0911 -13 662 0 0 1
0.00605688 0.308423 900 0.119278 -0.0256822 9.51005 62.9595 -13 663 0 0 1
-0.393715 0.421842 900 0.178304 -0.00567104 8.12905 68.3923 -13 664 0 0 1
-0.0442885 0.00162498 900 0.0220887 0.00798997 11.3206 30.4932 -13 665 0 0 1
0.131277 0.0652574 900 0.0118331 -0.0182338 11.7689 42.0855 -13 666 0 0 1
-0.0601305 0.101654 900 0.0122697 0.0182827 13.0751 37.6074 -13 667 0 0 1
1.33092 0.723186 900 0.952685 0.337964 6.43949 58.9393 -13 668 0 0 1
-0.00961091 -0.0051563 900 0.00246791 -0.0436874 9.54962 51.4324 -13 669 0 0 1
-0.144079 0.200502 900 0.0194406 0.0549193 13.5599 41.1345 -13 670 0 0 1
-0.0479341 -0.158788 900 -0.0874916 0.0265949 13.1358 44.3903 -13 671 0 0 1
-0.177462 0.0325965 900 -0.0750352 0.05442 3.4807 97.5494 -13 673 0 0 1
-0.287571 0.0688907 900 0.0107621 0.0694314 12.5231 55.1233 -13 674 0 0 1
-0.48645 0.398572 900 0.598591 -0.187793 7.00839 52.9729 -13 675 0 0 1
0.0011598 0.302607 900 0.117294 -0.0098234 12.8754 51.195 -13 676 0 0 1
-0.101161 0.0145711 900 0.0424681 0.00499336 11.812 34.1362 -13 677 0 0 1
-0.123903 -0.1165 900 -0.0053004 0.0118469 9.34146 50.063 -13 678 0 0 1
0.390224 -0.0129312 900 -0.0236906 -0.0914224 8.04758 52.3907 -13 679 0 0 1
-0.269304 0.0070781 900 -0.0487363 0.073116 9.20816 53.4077 -13 680 0 0 1
-0.0774398 -0.0703533 900 -0.0451389 0.0174016 14.0615 25.8566 -13 681 0 0 1
0.0183453 0.0494446 900 -0.0138478 -0.0184477 13.2344 25.5981 -13 682 0 0 1
0.105476 0.0945585 900 0.0436531 0.010376 12.9914 49.8778 -13 683 0 0 1
0.101397 0.0839705 900 -0.142676 0.333609 8.58446 53.7711 -13 684 0 0 1
-0.210264 0.110659 900 -0.0809372 0.0396574 7.96667 47.4106 -13 685 0 0 1
-0.0913228 0.126374 900 0.00047477 0.0298841 11.5461 55.035 -13 686 0 0 1
0.152805 -0.153117 900 -0.172319 -0.0592492 8.98251 42.2214 -13 687 0 0 1
-0.00771804 0.202202 900 0.0515346 0.0263344 12.8301 48.181 -13 688 0 0 1
-0.103433 0.278904 900 -0.110656 0.236736 9.75517 55.3491 -13 689 0 0 1
0.328804 -0.74096 900 -0.296691 -0.234261 5.02346 80.916 -13 690 0 0 1
0.182484 0.0319103 900 -0.0212584 -0.113073 12.2753 43.3691 -13 691 0 0 1
-0.0577567 0.0618032 900 -0.00213109 -0.0501152 7.34685 44.9329 -13 692 0 0 1
0.0122258 0.0365665 900 -0.062191 -0.0651211 12.7492 46.2128 -13 693 0 0 1
-0.330014 0.0468263 900 -0.00290875 0.0534049 3.43316 94.0465 -13 694 0 0 1
-0.266317 0.273005 900 0.0863699 -0.0504441 7.26228 54.6617 -13 695 0 0 1
-0.151288 0.0846366 900 -0.085117 0.020716 6.4486 62.0414 -13 696 0 0 1
0.00389772 -0.166553 900 -0.0418451 0.00108797 9.98395 50.6709 -13 697 0 0 1
0.26079 -0.00203437 900 -0.0250498 -0.0827812 8.68928 44.6943 -13 698 0 0 1
0.0431959 0.0632331 900 0.0255906 -0.0193563 13.3369 48.0407 -13 699 0 0 1
0.630217 -0.0973238 900 0.359649 -0.424853 8.71391 47.1228 -13 700 0 0 1
0.0079474 -0.11655 900 0.0722369 -0.00336516 8.9826 37.7013 -13 701 0 0 1
-0.17214 0.348578 900 0.00276973 0.10998 12.2811 51.6704 -13 702 0 0 1
-0.232296 0.0815846 900 -0.125531 0.063951 12.0471 49.051 -13 703 0 0 1
-0.143928 -0.0702553 900 -0.0548618 0.0648297 9.37481 42.962 -13 704 0 0 1
-0.00974241 -0.11289 900 0.021304 -0.074741 10.0643 38.5689 -13 705 0 0 1
-0.0597802 0.277304 900 0.0724755 -0.10092 9.55513 49.1226 -13 706 0 0 1
-0.137152 0.117412 900 0.0367036 0.0156263 13.8544 24.8377 -13 707 0 0 1
-0.0984235 0.247806 900 0.0235908 0.0610598 10.5231 48.6797 -13 708 0 0 1
0.45238 -0.136316 900 -0.00172909 -0.0529983 2.78019 105.188 -13 709 0 0 1
-0.558126 0.647986 900 0.209045 0.00322081 7.87851 60.2896 -13 710 0 0 1
-0.207236 0.103881 900 0.0186651 0.0410719 14.1489 24.6219 -13 711 0 0 1
0.0828523 0.0438654 900 0.0523041 -0.00782895 11.594 47.5757 -13 712 0 0 1
0.140372 -0.378707 900 -0.0801755 0.0175001 6.3255 71.9975 -13 713 0 0 1
0.0565967 0.00679123 900 0.0309816 -0.0191556 14.0321 44.2877 -13 714 0 0 1
0.0242449 -0.0591832 900 -0.0174782 0.0106456 12.3485 55.528 -13 715 0 0 1
0.979586 -0.788168 900 -0.0896083 -0.457407 13.1025 45.3366 -13 716 0 0 1
0.0497513 -0.0471501 900 -0.00857545 -0.00846768 10.5778 45.7635 -13 717 0 0 1
-0.0626273 -0.0383962 900 0.0677296 -0.0517893 8.63693 45.0407 -13 718 0 0 1
0.0692147 -0.281895 900 -0.0687391 -0.112472 10.5906 38.9949 -13 719 0 0 1
-0.0773764 -0.0567879 900 -0.0801707 0.0234603 11.2551 57.2522 -13 720 0 0 1
0.0170086 0.453285 900 0.15195 -0.140574 9.64041 59.0384 -13 721 0 0 1
-0.396871 0.525641 900 0.0822767 0.196275 5.13109 71.7006 -13 722 0 0 1
0.042423 0.0116044 900 0.00556892 0.0811224 8.52297 41.0161 -13 723 0 0 1
0.178392 0.253092 900 0.235846 -0.133899 4.61303 87.4715 -13 724 0 0 1
-0.373981 -0.133439 900 -0.435629 -0.0522328 9.56255 45.3267 -13 725 0 0 1
0.140001 -0.0954297 900 -0.0544799 -0.0317837 13.5986 39.2925 -13 726 0 0 1
0.0381984 0.155609 900 0.0643451 0.0520692 14.1142 27.9321 -13 727 0 0 1
3.24759 -1.19661 900 -0.422262 -0.238021 0.669167 166.093 -13 728 0 0 1
-0.104933 0.291456 900 0.125761 -0.0388319 5.24104 69.7382 -13 729 0 0 1
-0.0387951 -0.0495011 900 -0.0882139 -0.0361818 11.1871 36.0834 -13 730 0 0 1
0.132007 0.00925973 900 -0.0434264 -0.0428816 10.9035 32.5184 -13 731 0 0 1
0.290932 -0.426338 900 -0.122688 -2.09411e-05 4.46369 79.4446 -13 733 0 0 1
0.257884 0.327607 900 0.157785 -0.00780633 7.78513 44.8593 -13 734 0 0 1
-0.210125 0.0863444 900 0.0282516 0.0966888 10.9534 46.1583 -13 735 0 0 1
-0.053811 -0.00360096 900 -0.00474571 0.106428 10.9734 39.0777 -13 736 0 0 1
-0.0295887 -0.0279173 900 -0.0158799 -0.0910796 8.16669 59.3822 -13 737 0 0 1
0.0507024 0.146168 900 -0.0110085 0.080677 8.32349 61.3591 -13 738 0 0 1
-0.0106163 0.0368626 900 0.077523 0.0221733 11.871 47.8685 -13 739 0 0 1
-0.0106977 -0.00107024 900 -0.00399703 -0.0597851 13.0248 48.5561 -13 740 0 0 1
-0.120107 -0.12224 900 -0.0754777 0.106164 8.67288 56.4494 -13 741 0 0 1
0.272738 -1.67208 900 -0.486607 0.0660339 4.04874 98.1769 -13 742 0 0 1
-0.0529442 0.118076 900 -0.0317302 0.0578631 8.25572 40.4177 -13 743 0 0 1
3.6793 -2.12766 900 -0.0375708 -0.0873852 0.784506 139.615 -13 744 0 0 1
-0.0523097 -0.0476045 900 -0.026184 0.0121867 11.4847 42.8939 -13 745 0 0 1
-0.0506064 -0.0460183 900 -0.0684241 0.0442788 8.44956 63.5778 -13 746 0 0 1
-0.137532 0.0458915 900 -0.00615703 0.0106888 11.8282 50.1489 -13 747 0 0 1
0.106877 -0.152413 900 -0.01753 -0.00188495 10.5351 47.6465 -13 748 0 0 1
0.0124691 -0.171639 900 -0.0310269 -0.0178742 12.1049 28.2353 -13 749 0 0 1
-0.134596 0.0091313 900 0.0455817 -0.00813384 10.3519 52.7963 -13 750 0 0 1
-0.0346419 -0.124524 900 -0.128122 0.0254954 11.0455 53.3431 -13 751 0 0 1
0.19662 0.139548 900 -0.0295487 -0.0949608 6.45034 53.3507 -13 752 0 0 1
0.118444 0.0532009 900 0.0543644 -0.0367364 10.7634 32.7641 -13 753 0 0 1
-0.13083 -0.0403575 900 -0.031172 0.0325195 8.63543 62.5945 -13 754 0 0 1
-0.189071 0.312532 900 0.170326 0.017369 7.85941 47.9563 -13 755 0 0 1
-1.37721 -0.187603 900 0.206118 0.308779 5.16089 71.7683 -13 756 0 0 1
-0.140503 0.00420689 900 0.0269307 0.0191394 7.18869 56.9139 -13 757 0 0 1
-0.197312 -0.469399 900 -0.0671769 0.0810221 7.84025 43.3628 -13 758 0 0 1
0.0656254 -0.0944836 900 -0.000276086 -0.00645962 14.1711 38.5298 -13 759 0 0 1
0.0414885 0.0627218 900 0.0548104 0.0576615 8.03153 60.1869 -13 760 0 0 1
-0.11956 0.0307026 900 0.0736171 -0.0478575 6.26245 56.997 -13 761 0 0 1
-0.147514 0.105245 900 0.0435946 0.0503985 13.8581 51.8709 -13 762 0 0 1
0.0968157 0.0218667 900 -0.023221 -0.0303443 11.1127 55.2438 -13 763 0 0 1
-0.0215065 0.0730247 900 -0.00965072 -0.0456061 9.82046 43.7508 -13 764 0 0 1
-0.356395 0.00600461 900 0.0724657 0.137073 5.71861 62.2751 -13 765 0 0 1
-0.0637847 0.0313804 900 0.0910243 0.0837532 8.49434 42.8255 -13 766 0 0 1
-0.0153117 0.15494 900 0.0562299 0.0107171 12.5142 55.0587 -13 767 0 0 1
0.0941769 0.0312082 900 0.00266869 -0.0143559 12.8474 46.1887 -13 768 0 0 1
-0.274235 0.297934 900 0.111764 0.21426 6.90318 50.5672 -13 769 0 0 1
-0.188712 0.0679915 900 -0.0053875 0.0318126 13.63 30.7295 -13 770 0 0 1
-0.201693 -0.368692 900 -0.0175453 0.101037 10.8241 35.9402 -13 771 0 0 1
0.15773 -0.239262 900 -0.00578567 -0.0539856 14.3225 25.1198 -13 772 0 0 1
-0.18236 -0.0111544 900 -0.0427083 0.108139 11.4022 33.2776 -13 773 0 0 1
0.213678 -0.0876977 900 -0.0450288 -0.0775564 13.3976 27.9836 -13 774 0 0 1
0.382596 -0.113324 900 0.0645188 0.00569358 3.2755 89.8376 -13 775 0 0 1
-0.0483716 -0.0105992 900 -0.0215976 0.0395785 11.7913 39.1254 -13 776 0 0 1
0.0339707 -0.0610738 900 -0.0657559 -0.0227747 10.6536 42.8543 -13 777 0 0 1
-0.109035 0.285276 900 0.0830294 0.160172 8.58423 56.0935 -13 778 0 0 1
0.0834115 0.134351 900 0.012382 -0.174023 12.9248 25.7509 -13 779 0 0 1
-0.27462 -0.0570604 900 0.14282 0.11348 9.56411 38.2822 -13 780 0 0 1
-0.481427 0.423933 900 0.275887 0.0457875 11.5317 32.4694 -13 781 0 0 1
0.00249275 -0.088403 900 0.00467944 0.0190185 10.0423 35.6091 -13 782 0 0 1
-0.131675 0.0109216 900 0.0935239 0.0410188 6.89654 62.7906 -13 783 0 0 1
0.121198 -0.174168 900 0.0993007 0.0886832 6.80112 49.4729 -13 784 0 0 1
-0.362585 0.193479 900 0.12949 -0.190276 4.68207 79.2187 -13 785 0 0 1
-0.0222134 0.0383658 900 0.0189143 0.0108377 9.54783 52.6745 -13 786 0 0 1
-0.0547444 -0.0675944 900 -0.0580413 -0.0266328 8.87462 52.9979 -13 787 0 0 1
-0.27783 -0.205287 900 -0.034205 -0.00760203 12.3242 44.6073 -13 788 0 0 1
-0.0786548 0.0501148 900 -0.0195639 -0.00234941 14.1578 38.2413 -13 789 0 0 1
-0.16787 0.109891 900 0.0594314 0.0318922 9.91781 59.503 -13 790 0 0 1
-0.0930234 0.267603 900 -0.0184963 -0.12335 4.71367 89.8115 -13 791 0 0 1
0.209479 0.279686 900 0.146389 -0.0985227 11.7598 55.8172 -13 792 0 0 1
-0.0218546 0.122982 900 0.0328796 0.0382858 11.4023 45.4177 -13 793 0 0 1
0.0567749 -0.0454783 900 -0.0827805 0.000193205 7.37813 55.6146 -13 794 0 0 1
0.227861 -0.457701 900 -0.108345 -0.11954 11.4906 36.7476 -13 795 0 0 1
0.00551332 0.119554 900 0.07659 -0.00681145 8.85953 59.1507 -13 796 0 0 1
0.145698 0.0441234 900 0.0109678 0.0258282 14.0037 48.1101 -13 797 0 0 1
-0.154023 0.0338767 900 -0.0249609 0.00343802 13.68 48.9095 -13 798 0 0 1
-0.151897 0.124281 900 0.0559199 0.0593638 9.31553 63.8506 -13 799 0 0 1
-0.0188714 -0.03737 900 -0.0199655 -0.0145167 13.5476 26.5004 -13 800 0 0 1
-0.176601 -0.260057 900 -0.0804847 0.0442917 5.6287 60.5757 -13 801 0 0 1
-0.221519 -0.123429 900 -0.140649 0.0250522 6.91413 65.6546 -13 803 0 0 1
0.0760496 0.0354247 900 -0.0463294 -0.035325 12.9956 32.6523 -13 804 0 0 1
0.0003121 -0.101322 900 -0.02076 -0.00998535 12.5629 52.8477 -13 805 0 0 1
1.03207 -0.710501 900 -0.238689 -0.355194 1.42688 125.269 -13 806 0 0 1
0.0738501 0.109898 900 0.0454229 -0.00688911 13.6407 34.4955 -13 807 0 0 1
-0.692588 0.465897 900 0.348183 -0.0148891 6.93206 55.2494 -13 808 0 0 1
-0.0217367 0.0219814 900 -0.0175642 0.032564 14.2954 36.5709 -13 809 0 0 1
0.00355815 0.179042 900 0.0494018 0.0301118 10.7795 46.0738 -13 810 0 0 1
-0.296012 0.0308604 900 -0.0298864 0.144909 5.56264 59.4787 -13 811 0 0 1
-0.0382815 -0.162529 900 -0.092765 0.0212177 6.42914 51.2252 -13 812 0 0 1
0.259174 0.103614 900 0.0840917 -0.091671 13.1847 35.5551 -13 813 0 0 1
0.172924 0.0822488 900 0.0314714 -0.135905 9.57365 44.466 -13 814 0 0 1
-0.0714107 -0.0228568 900 -0.0301566 0.0168567 11.6311 55.3088 -13 815 0 0 1
-0.0586776 -0.276526 900 -0.117916 0.0361424 5.94135 58.1372 -13 816 0 0 1
0.306244 0.277556 900 0.109676 -0.12727 5.06461 85.335 -13 817 0 0 1
0.196273 0.0444113 900 -0.0158937 0.0304994 11.4477 57.1817 -13 818 0 0 1
-0.161387 -0.146868 900 -0.0774617 0.00559904 6.04698 78.8303 -13 819 0 0 1
-0.0619221 0.0134923 900 -0.00418317 0.051653 13.3857 31.1588 -13 820 0 0 1
0.0222922 0.237344 900 -0.0381076 -0.0615235 8.34103 42.1722 -13 821 0 0 1
0.0803933 0.0549804 900 -0.032909 0.0473024 11.6747 56.401 -13 822 0 0 1
-0.0773222 -0.0786954 900 -0.00823026 0.00803139 12.6061 49.0145 -13 823 0 0 1
0.0584907 0.0394153 900 0.014829 -0.0192941 14.5534 43.397 -13 824 0 0 1
0.0459015 -0.0324623 900 -0.0276494 -0.0479516 14.4386 48.656 -13 825 0 0 1
-0.100313 -0.0395325 900 -0.0787986 0.0493393 7.52605 55.7484 -13 826 0 0 1
-0.11224 0.623513 900 -0.352527 0.190187 3.05841 116.61 -13 827 0 0 1
0.218654 0.048051 900 0.0185012 -0.0277707 8.59038 64.0978 -13 828 0 0 1
0.0624676 0.0312051 900 0.0557499 0.016335 10.0184 58.6466 -13 829 0 0 1
-0.0593154 0.0250807 900 -0.0180211 -0.0254255 14.0664 52.2815 -13 830 0 0 1
-1.12136 -0.715216 900 0.847055 0.37603 8.30291 45.4951 -13 831 0 0 1
-0.0110956 -0.0696901 900 -0.00197318 0.00186779 13.7847 37.3059 -13 832 0 0 1
0.108117 0.304606 900 0.109227 -0.0407338 8.99313 65.1139 -13 833 0 0 1
-0.204212 0.156579 900 0.122567 0.107524 5.06348 84.6315 -13 834 0 0 1
-0.0698855 0.128251 900 -0.0733672 0.0466916 7.75081 69.0865 -13 835 0 0 1
-0.0716421 -0.0639407 900 -0.056397 0.0748127 11.8422 49.1319 -13 836 0 0 1
-0.193646 0.11938 900 0.126932 -0.0151151 10.7956 39.1704 -13 837 0 0 1
0.0591859 0.277194 900 0.0520382 0.00265359 12.8228 42.2704 -13 838 0 0 1
-0.00810416 0.0605839 900 0.011504 -0.00841768 11.1143 50.7619 -13 839 0 0 1
0.215118 -0.0475679 900 -0.0318898 0.0237323 9.83579 54.4609 -13 840 0 0 1
0.0491577 -0.606073 900 -0.0265837 -0.0650258 5.94561 79.1971 -13 842 0 0 1
0.0442244 -0.0583365 900 0.0109129 -0.117615 8.16147 46.0769 -13 843 0 0 1
-0.206383 -0.280604 900 0.1096 0.0709083 3.91255 98.5181 -13 844 0 0 1
0.251741 0.422937 900 0.207536 -0.102213 13.4123 33.2681 -13 845 0 0 1
-0.0120038 0.311201 900 0.00279509 0.0840592 12.2598 43.1874 -13 846 0 0 1
0.0661376 0.275519 900 0.0561628 -0.0474382 4.25268 79.588 -13 847 0 0 1
0.337933 -0.0226143 900 0.049655 0.0520306 4.42046 95.7243 -13 848 0 0 1
-0.277275 -0.105234 900 -0.0819904 0.0640461 9.58134 36.0319 -13 849 0 0 1
-0.0425957 0.0932251 900 0.0715305 0.0129507 12.3398 48.4645 -13 850 0 0 1
-0.132078 0.063128 900 0.107649 0.0524495 8.86738 44.2817 -13 851 0 0 1
-0.28552 -0.184949 900 0.17694 0.0785032 4.5309 70.7871 -13 853 0 0 1
0.0371462 0.0481179 900 -0.0367204 0.0247467 11.4327 31.8181 -13 854 0 0 1
0.142528 0.260337 900 0.0507412 -0.0250835 11.5346 51.7203 -13 855 0 0 1
0.0785415 0.212191 900 0.0893033 0.0190126 14.3112 31.0298 -13 857 0 0 1
-0.471811 0.192213 900 -0.0833824 0.130793 10.1545 57.9873 -13 858 0 0 1
-0.101589 0.0431236 900 -0.0619563 -0.0185473 12.9177 36.858 -13 859 0 0 1
-0.115115 0.107316 900 0.0261448 0.0295121 13.0339 49.8399 -13 860 0 0 1
0.0604065 0.202636 900 0.0707274 0.000387437 11.1621 32.1095 -13 861 0 0 1
-0.115909 -0.12099 900 0.0437046 0.0768461 5.67892 76.0592 -13 862 0 0 1
-0.347526 -0.908231 900 -0.317657 -0.156454 3.5272 88.5309 -13 863 0 0 1
-0.000662149 0.0496804 900 -0.137427 -0.0301148 6.80299 60.2432 -13 865 0 0 1
-0.469861 -0.391092 900 -0.144127 0.23269 5.3053 86.7585 -13 866 0 0 1
0.218208 0.0529538 900 -0.00357047 -0.0389482 8.2816 48.8977 -13 868 0 0 1
0.039797 0.188439 900 -0.0367939 0.0358949 9.06937 56.0863 -13 869 0 0 1
-0.35635 0.0380299 900 0.0621702 0.122529 12.3504 41.5259 -13 870 0 0 1
0.0298894 0.194197 900 0.0160286 0.00174479 13.6971 46.0474 -13 871 0 0 1
0.757601 -0.531397 900 0.0148215 -0.235133 4.97673 82.0836 -13 872 0 0 1
-0.101357 -0.554889 900 -0.121991 -0.0787016 4.10139 77.6723 -13 873 0 0 1
-0.213719 0.53725 900 0.15895 0.160847 4.65367 79.5221 -13 874 0 0 1
0.203154 0.622954 900 0.22641 0.0583365 2.63575 98.9008 -13 875 0 0 1
-0.208784 0.0793077 900 0.0105618 0.105667 11.7617 39.2983 -13 876 0 0 1
0.0729873 -0.0710612 900 -0.00985833 0.0100844 9.16934 58.049 -13 877 0 0 1
0.0403633 -0.13066 900 -0.0360074 -0.0202059 14.2315 48.9815 -13 879 0 0 1
-0.196813 -0.00271871 900 -0.0383814 0.0331921 12.9251 30.6417 -13 880 0 0 1
-0.0541841 0.179842 900 0.0329162 0.0217556 14.5202 35.0876 -13 881 0 0 1
-0.0618112 0.093644 900 -0.0694581 0.113212 6.43899 70.5191 -13 882 0 0 1
0.0121814 0.0181054 900 0.0157708 -0.0344743 6.99425 69.447 -13 883 0 0 1
-0.299789 0.118078 900 0.00940326 0.0363138 5.50061 73.4131 -13 884 0 0 1
0.170339 0.0619525 900 0.0677168 -0.0532342 12.5591 27.5444 -13 885 0 0 1
0.00100339 -0.185381 900 -0.0115508 -0.0227768 8.43784 44.7318 -13 886 0 0 1
-0.196899 0.101486 900 0.0257255 0.0707955 8.45515 38.5322 -13 887 0 0 1
-0.16828 0.0156395 900 0.0280469 0.113161 8.38786 57.2483 -13 888 0 0 1
0.033962 0.0411687 900 0.0291007 0.0184713 11.2927 53.3886 -13 889 0 0 1
-0.0482492 0.0727685 900 -0.0181546 0.0358538 10.8026 41.7331 -13 890 0 0 1
0.25846 -0.245203 900 0.0168461 -0.0597317 7.44051 51.0812 -13 891 0 0 1
-0.170835 0.0583352 900 0.0354422 0.0223494 14.0509 32.0298 -13 892 0 0 1
-0.211229 0.0278793 900 -0.0154743 0.0660021 9.31281 38.1548 -13 893 0 0 1
-0.225369 0.0491201 900 -0.0408289 0.0812096 12.5957 44.2452 -13 894 0 0 1
0.122441 0.161159 900 0.0758318 -0.0415788 11.5975 44.8233 -13 895 0 0 1
-0.107877 -0.266442 900 -0.0242445 -0.0558565 6.68167 69.0408 -13 896 0 0 1
0.089606 0.185286 900 0.0571632 -0.0194717 10.3302 38.5446 -13 897 0 0 1
-0.529688 -0.0401952 900 0.0741557 0.117318 8.3378 55.0544 -13 898 0 0 1
0.0434015 -0.381186 900 0.157269 -0.131733 6.63195 57.6172 -13 899 0 0 1
0.127727 -0.238394 900 -0.0681885 -0.0300914 11.4304 30.1737 -13 900 0 0 1
0.193578 -0.278708 900 0.0199224 0.0806127 5.28007 87.7388 -13 901 0 0 1
-0.621446 0.0684075 900 -0.0836763 0.171467 8.52766 40.0562 -13 902 0 0 1
0.0924704 0.282803 900 0.142582 -0.0759284 6.52776 56.1843 -13 903 0 0 1
-0.104238 0.0182996 900 -0.0336763 0.0225059 12.5411 33.5242 -13 904 0 0 1
-0.00184321 0.193678 900 0.0333107 -0.155359 4.99049 80.3845 -13 905 0 0 1
0.127476 -0.00996856 900 -0.0405524 -0.0727394 10.4191 50.8699 -13 906 0 0 1
-0.00352394 0.0516768 900 0.0150483 -0.0857013 11.6082 54.3526 -13 907 0 0 1
0.0430012 0.0177343 900 0.0278584 0.00227017 12.9429 28.589 -13 908 0 0 1
0.149522 -0.0407698 900 0.00919838 0.0215759 7.20905 59.3082 -13 909 0 0 1
0.107806 -0.000942043 900 -0.065064 -0.042014 9.25781 36.5201 -13 910 0 0 1
0.111201 0.186691 900 0.242305 0.118906 11.8004 29.4834 -13 912 0 0 1
-0.0886702 0.0721927 900 -0.0193715 0.0239266 10.2515 33.5025 -13 914 0 0 1
-0.0657722 0.193867 900 -0.00702525 0.0207004 9.07449 41.8242 -13 915 0 0 1
0.0245649 -0.0473701 900 0.0387003 -0.0326368 13.7905 42.4635 -13 916 0 0 1
0.0599591 -0.0104504 900 0.0176192 -0.015415 12.4783 45.62 -13 917 0 0 1
0.0265743 0.0322267 900 0.0482769 -0.0058238 12.8394 49.4728 -13 918 0 0 1
0.195478 -0.745433 900 -0.103751 -0.018842 3.31936 91.2178 -13 919 0 0 1
0.249799 0.23394 900 0.123191 0.0229713 8.61231 40.5851 -13 920 0 0 1
0.0506026 0.151093 900 0.0645095 -0.0891002 14.0631 29.4563 -13 921 0 0 1
-0.0163867 0.0474096 900 0.00402673 0.0184692 12.8402 46.3933 -13 922 0 0 1
0.241442 0.220043 900 -0.132687 -0.116173 3.52886 109.521 -13 923 0 0 1
0.163308 -0.0512428 900 -0.0447357 -0.0722681 13.5221 37.9162 -13 924 0 0 1
-0.129036 0.0270951 900 0.0393911 -0.0156222 13.9187 51.8609 -13 925 0 0 1
0.0676013 -0.118599 900 0.0124998 -0.00669652 12.7931 26.2684 -13 926 0 0 1
0.189578 -0.268999 900 -0.120593 -0.0500274 4.48882 81.9276 -13 927 0 0 1
0.0986938 0.0829289 900 -0.0944533 -0.012335 11.761 51.2438 -13 928 0 0 1
-0.151174 -0.0668752 900 -0.0347577 0.0552941 13.5391 30.6974 -13 929 0 0 1
0.0223112 0.0489849 900 0.0544571 -0.0387714 12.7077 43.8177 -13 930 0 0 1
0.073968 -0.0196562 900 -0.0193158 -0.00574891 13.3047 45.766 -13 931 0 0 1
0.0337947 -0.0304422 900 -0.0361842 0.00628818 11.4269 57.4019 -13 932 0 0 1
0.113082 0.000274292 900 -0.0905799 -0.0305942 13.5973 37.3514 -13 933 0 0 1
-0.0090872 0.145531 900 -0.0949044 0.0438327 8.55412 49.8566 -13 934 0 0 1
-0.2779 -0.194646 900 -0.0825779 0.0198253 10.3066 52.6178 -13 935 0 0 1
-0.090818 0.0755317 900 0.00238964 0.0241763 12.4133 39.7225 -13 936 0 0 1
0.303909 -0.0509605 900 -0.0414149 -0.0531286 12.5238 53.2849 -13 937 0 0 1
0.129281 -0.0740041 900 -0.178442 -0.130751 4.27644 73.9861 -13 938 0 0 1
-0.0584842 -0.0292189 900 -0.0269199 -0.0175017 13.8398 33.565 -13 939 0 0 1
-0.623457 1.31048 900 0.277035 -0.39775 5.69392 58.7148 -13 940 0 0 1
-0.379996 0.116332 900 0.103775 0.0839528 12.2383 42.4411 -13 941 0 0 1
-0.0178505 -0.124262 900 -0.100376 0.00517247 10.4809 55.7489 -13 943 0 0 1
0.0294856 0.260668 900 0.041695 0.256428 5.5861 79.1267 -13 944 0 0 1
0.324209 -0.537585 900 0.0183342 -0.0296405 3.66755 107.322 -13 945 0 0 1
-0.0985292 0.0399142 900 0.0351633 0.0299251 14.2945 35.7025 -13 946 0 0 1
-0.128502 0.181052 900 0.061973 0.0382473 10.4192 36.1548 -13 947 0 0 1
-0.370728 0.0367238 900 -0.0369466 0.224995 7.68447 46.6947 -13 948 0 0 1
-0.16795 0.00288176 900 0.0157697 0.0166788 12.4735 47.0606 -13 949 0 0 1
-0.520848 -0.532282 900 -0.0874977 0.323252 2.543 102.111 -13 950 0 0 1
-0.2196 -0.27678 900 -0.0435738 0.103022 5.10317 67.8993 -13 951 0 0 1
0.690855 -0.538492 900 -0.216506 -0.152747 3.82333 102.699 -13 952 0 0 1
0.00484587 -0.017069 900 -0.0607474 -0.0584716 9.77538 39.779 -13 953 0 0 1
-0.078043 -0.134695 900 -0.0215331 -0.0393377 6.57316 67.7062 -13 954 0 0 1
-0.146969 0.15322 900 -0.00289234 0.0184913 7.26682 60.7948 -13 955 0 0 1
0.161504 0.297659 900 0.171859 -0.044213 6.88609 53.614 -13 956 0 0 1
-2.02157 3.96118 900 0.905303 0.992279 13.98 42.1185 -13 957 0 0 1
0.0612154 -0.152872 900 -0.0603134 -0.005476 11.8633 41.5965 -13 958 0 0 1
-0.158782 -0.0439358 900 -0.0481521 -0.0431338 10.3771 51.6745 -13 959 0 0 1
0.0671374 0.0470552 900 0.0167812 -0.0414155 14.4194 32.099 -13 960 0 0 1
-0.0944294 0.339221 900 0.0930465 0.00759894 11.7769 46.54 -13 962 0 0 1
-0.0950369 -0.183905 900 -0.111218 -0.0120899 11.8568 50.248 -13 963 0 0 1
0.0383534 0.100256 900 0.0288309 -0.0379759 10.4681 57.5551 -13 964 0 0 1
0.106873 -0.0446984 900 -0.00373356 -0.0162063 11.3205 44.2624 -13 965 0 0 1
0.0683635 0.27325 900 0.0676096 -0.00141585 9.31888 42.463 -13 966 0 0 1
0.16975 -0.0703716 900 -0.0211604 -0.0375383 8.84749 49.0583 -13 969 0 0 1
-0.170314 0.0784027 900 0.0334245 0.0347229 13.2461 38.5509 -13 971 0 0 1
-0.0947511 0.215929 900 0.049045 -0.02075 14.4578 37.8012 -13 972 0 0 1
-0.0202114 0.0941849 900 -0.0289545 0.00643159 13.6588 52.2887 -13 973 0 0 1
0.0317213 -0.10556 900 -0.0126682 -0.0170122 14.4656 42.3517 -13 974 0 0 1
0.0686755 0.10016 900 -0.0636801 -0.0858735 10.2638 51.4564 -13 975 0 0 1
0.0660952 -0.0482164 900 0.099146 -0.140933 6.61223 54.2954 -13 976 0 0 1
0.14892 0.0384448 900 0.00011446 -0.0575339 9.03134 52.9464 -13 978 0 0 1
-0.136817 0.0130437 900 0.0251668 0.0410196 13.7065 42.4827 -13 979 0 0 1
0.119698 0.159976 900 -0.00912621 -0.0052027 12.0394 30.7444 -13 980 0 0 1
0.034597 -0.0151174 900 0.0277934 -0.000364502 9.65039 34.2243 -13 981 0 0 1
0.0474068 0.0833082 900 0.0194457 -0.00662138 13.6004 36.7595 -13 982 0 0 1
-0.568733 -0.0512254 900 -0.0855327 0.159938 5.48014 80.2975 -13 983 0 0 1
0.338615 0.232335 900 0.0285072 -0.287647 9.97082 34.8665 -13 984 0 0 1
-0.156362 0.0103044 900 -0.0421764 -0.00756924 11.2348 44.1898 -13 985 0 0 1
0.00108311 0.0319313 900 0.0602527 0.00383507 8.29357 57.396 -13 986 0 0 1
0.00951336 0.116291 900 0.0333016 -0.000398439 14.2323 47.5645 -13 987 0 0 1
0.164792 0.281048 900 0.107043 -0.0460862 6.60946 69.9467 -13 988 0 0 1
-0.147306 0.013431 900 0.0194996 0.0676784 14.4588 30.7984 -13 990 0 0 1
-0.0828236 0.092971 900 0.027311 0.0368769 10.8615 49.8996 -13 991 0 0 1
-0.149193 0.295411 900 0.0445677 0.0460237 13.0287 50.3767 -13 992 0 0 1
0.085854 -0.0326445 900 -0.0198958 -0.0463799 11.235 57.8304 -13 993 0 0 1
-0.196391 -0.000232324 900 -0.0633443 0.0609691 12.7548 50.1094 -13 994 0 0 1
-0.0398044 0.211971 900 0.117641 0.0826964 13.8832 35.4267 -13 995 0 0 1
-0.124262 -0.145635 900 -0.0410411 0.0446659 13.0129 50.25 -13 996 0 0 1
0.0266767 0.00907287 900 -0.0294484 -0.056026 14.5052 31.3054 -13 997 0 0 1
0.118952 0.263919 900 0.0221325 -0.0657492 10.1739 56.8285 -13 998 0 0 1
-0.00514756 -0.35132 900 -0.0881409 -0.00799244 7.30209 48.6822 -13 999 0 0 1
0.0953976 0.0910616 900 0.0538548 -0.00523287 8.38954 59.9863 -13 1000 0 0 1
