#BLTrackFile NTuple/Z980
#x y z Px Py Pz t PDGid EventID TrackID ParentID Weight
#mm mm mm MeV/c MeV/c MeV/c ns - - - - -
0.0821793 0.15258 980 0.0189116 -0.045606 11.4856 49.3465 -13 1 0 0 1
-0.447724 0.0335177 980 -0.0285298 0.138873 12.5497 50.2711 -13 2 0 0 1
-0.422207 0.445372 980 0.180899 0.11292 9.81854 37.8236 -13 3 0 0 1
-0.0120887 0.0222999 980 0.0197507 -0.0166629 11.1216 35.4649 -13 4 0 0 1
0.179306 -0.0712794 980 0.0198778 -0.0987995 6.80122 57.8017 -13 5 0 0 1
0.150102 0.212022 980 0.00592752 -0.072092 7.59115 67.5112 -13 6 0 0 1
-0.0305526 0.0521339 980 0.038143 0.0361609 12.0164 42.4627 -13 7 0 0 1
-0.307227 -0.225484 980 -0.0534128 0.084943 4.9649 82.4398 -13 8 0 0 1
-0.0300538 -0.0958004 980 -0.035135 0.0514324 13.6126 49.0773 -13 9 0 0 1
0.152416 0.16982 980 -0.014009 -0.0445016 13.2231 31.3376 -13 10 0 0 1
-0.140614 0.19065 980 0.0520848 0.00549582 10.5887 35.5664 -13 11 0 0 1
-0.0846684 0.327473 980 0.165391 -0.0377885 11.7875 33.5696 -13 12 0 0 1
-0.0840647 0.190643 980 0.278706 0.234352 2.66656 104.743 -13 13 0 0 1
-0.0317724 0.0628543 980 0.0215371 0.0226212 10.2488 36.7789 -13 14 0 0 1
-0.209674 -0.402771 980 -0.0950333 0.0305787 5.0402 86.0003 -13 15 0 0 1
-0.0276182 0.377161 980 0.202882 0.0101992 8.30559 44.3439 -13 16 0 0 1
0.00232442 -0.125621 980 -0.0304361 0.00184325 14.5043 31.2331 -13 17 0 0 1
-0.0442971 0.00564948 980 0.0348011 0.000576059 13.0636 55.7003 -13 18 0 0 1
0.435429 0.477134 980 0.154556 -0.0793938 8.19819 59.7916 -13 19 0 0 1
-0.0311366 0.0468804 980 -0.00197696 0.0129372 14.4163 47.0975 -13 21 0 0 1
-0.101184 0.136879 980 -0.0465272 0.0258133 10.4169 35.1199 -13 22 0 0 1
-0.0519413 0.022475 980 -0.0110926 -0.033013 11.7552 59.1648 -13 23 0 0 1
0.00262017 -0.0272673 980 0.0312922 0.0125548 8.23375 69.1248 -13 24 0 0 1
0.013639 0.0164425 980 -0.0262395 0.0643405 14.3621 38.5716 -13 25 0 0 1
0.424535 0.135151 980 -0.121067 -0.0930095 8.91122 54.6081 -13 26 0 0 1
-0.00725228 -0.149499 980 -0.0453594 -0.0554544 8.40259 51.587 -13 27 0 0 1
0.193211 -0.0187273 980 -0.01458 -0.0604704 11.541 58.0101 -13 28 0 0 1
0.175897 -0.0974905 980 -0.0500152 -0.0163579 6.87056 71.3289 -13 29 0 0 1
-0.231748 0.345209 980 0.066835 0.0862623 13.57 28.1141 -13 30 0 0 1
0.0762804 0.0508616 980 -0.0250488 0.00705558 10.324 38.0412 -13 31 0 0 1
0.0891103 -0.277007 980 -0.123854 0.0146689 8.40252 46.7019 -13 32 0 0 1
0.23016 0.492179 980 0.14404 0.218314 2.34671 133.899 -13 33 0 0 1
0.355104 -0.17801 980 0.0428262 -0.102345 13.6269 47.3025 -13 34 0 0 1
-0.335466 0.343938 980 0.0606904 0.0949378 4.83851 94.9071 -13 35 0 0 1
0.234112 0.257569 980 0.0864068 -0.102564 8.51103 64.9324 -13 36 0 0 1
-0.198941 0.0479407 980 -0.0991154 0.00573976 10.3678 61.7935 -13 37 0 0 1
0.0893523 0.152655 980 0.0417389 -0.0197466 11.8206 53.0798 -13 38 0 0 1
0.0214365 0.0288474 980 -0.00872317 -0.00156172 9.47393 47.0663 -13 39 0 0 1
1.50915 -1.30731 980 -0.906165 0.176882 10.8142 52.8269 -13 40 0 0 1
-0.120934 0.0370369 980 -0.0824476 -0.107229 8.85691 42.4774 -13 41 0 0 1
-0.324507 -0.140378 980 -0.0710824 0.159096 9.87035 56.9842 -13 42 0 0 1
0.0102409 0.000658392 980 -0.00963238 0.0576412 14.411 36.3184 -13 43 0 0 1
-0.193229 -0.148973 980 -0.0292205 0.0640885 11.2415 49.9851 -13 44 0 0 1
0.118685 -0.358168 980 -0.116873 -0.0162887 10.8371 56.9305 -13 45 0 0 1
-0.0699589 0.0348017 980 -0.0714957 -0.0642199 4.7356 73.9194 -13 46 0 0 1
0.0783394 0.00500794 980 0.0652574 -0.0250391 11.3959 38.8958 -13 47 0 0 1
0.356394 0.723818 980 0.221154 0.0239375 6.58297 62.3431 -13 48 0 0 1
0.0282283 -0.0129481 980 -0.0412119 -0.00550512 13.2624 32.9497 -13 49 0 0 1
0.332959 -0.281569 980 0.0410862 0.115907 3.93283 108.67 -13 50 0 0 1
-0.0855143 0.0719907 980 0.141261 -0.0160622 8.3367 53.7376 -13 51 0 0 1
-0.376587 -0.0527318 980 -0.0172182 0.0890363 8.15569 44.0784 -13 53 0 0 1
-0.745416 -0.148693 980 -0.0179498 -0.0320403 1.06953 141.45 -13 54 0 0 1
0.0590559 -0.222584 980 -0.113848 -0.0303296 10.3647 53.234 -13 55 0 0 1
-0.101243 -0.1016 980 0.00215546 0.0806442 14.0561 33.9878 -13 56 0 0 1
-0.607337 0.832097 980 0.0556946 0.44198 9.75988 63.1292 -13 57 0 0 1
-0.0171504 -0.303306 980 0.00401213 -0.0582138 8.20011 49.4458 -13 58 0 0 1
0.504448 -0.219344 980 -0.158088 -0.0833212 6.91609 66.9092 -13 59 0 0 1
-0.165777 0.0933689 980 0.0454818 0.0730328 8.19154 63.9536 -13 60 0 0 1
0.132858 0.00480647 980 -0.0148401 -0.0332044 13.9406 40.7365 -13 61 0 0 1
-0.103357 0.101486 980 0.0238548 0.0168386 9.3276 50.1676 -13 62 0 0 1
-0.0163935 0.0656183 980 0.0243029 0.0306477 13.9977 53.353 -13 63 0 0 1
-0.111756 0.152454 980 0.136345 -0.112128 8.8295 52.0486 -13 64 0 0 1
-0.0266379 -0.127327 980 -0.0105987 0.04079 4.888 73.2828 -13 65 0 0 1
0.0803693 0.269436 980 0.0516477 0.0133634 7.33817 60.4106 -13 66 0 0 1
-0.0863755 -0.0185955 980 -0.0340725 0.0548905 11.5029 42.9531 -13 67 0 0 1
-0.198314 0.0649479 980 0.117543 0.0386948 10.604 52.4654 -13 68 0 0 1
-0.243157 -0.177072 980 -0.055249 0.138558 5.21667 78.0722 -13 69 0 0 1
0.135086 0.0117819 980 -0.0355489 -0.0106265 11.1359 36.6397 -13 70 0 0 1
0.211929 0.0125738 980 0.0173521 -0.043518 11.658 33.9357 -13 71 0 0 1
-0.00751764 -0.0424377 980 0.0264612 0.000472154 10.3319 35.3306 -13 72 0 0 1
-0.0641304 -0.109326 980 0.0602011 0.190305 5.99349 78.6216 -13 73 0 0 1
-0.15779 0.0811835 980 0.0165811 0.0531241 10.6728 47.4442 -13 74 0 0 1
0.0812734 0.315448 980 -0.0322631 0.0623976 7.71811 72.6531 -13 75 0 0 1
-0.107374 -0.101998 980 0.0263625 0.011812 12.4725 53.7301 -13 76 0 0 1
-0.0127852 -0.0362942 980 -0.027393 0.0144272 8.09766 68.6938 -13 77 0 0 1
-0.037312 -0.0763796 980 0.0315786 -0.00202228 13.5404 39.5759 -13 78 0 0 1
-0.15332 -0.0100838 980 0.0589261 0.0204221 12.647 52.7522 -13 79 0 0 1
0.0526831 0.0946035 980 0.0678744 -0.00494208 10.2662 61.9066 -13 80 0 0 1
-0.121144 0.0760665 980 0.0434604 0.113109 8.62811 63.307 -13 81 0 0 1
0.021864 -0.411894 980 -0.0904978 -0.0356517 13.1913 49.7964 -13 82 0 0 1
0.0602322 0.226687 980 0.0836222 -0.0659945 9.8336 54.3948 -13 83 0 0 1
0.50718 -0.10781 980 -0.0737519 -0.0537174 6.18834 68.5985 -13 84 0 0 1
-0.0247845 0.0135124 980 -0.0290355 0.0557561 13.5896 29.7614 -13 85 0 0 1
0.106787 -0.30489 980 -0.0586246 -0.02949 7.89553 56.9092 -13 86 0 0 1
0.296238 -0.240292 980 -0.11142 -0.0293874 8.42534 49.5517 -13 88 0 0 1
0.526902 -0.0175791 980 0.0224312 -0.128015 9.92491 46.0383 -13 89 0 0 1
0.263484 0.157677 980 -0.044579 -0.0373538 6.62459 60.8361 -13 90 0 0 1
-0.247959 -0.144823 980 0.0357088 -0.0053599 7.07631 76.1515 -13 91 0 0 1
-0.0875628 0.307335 980 0.0185204 0.107479 6.57576 79.9835 -13 92 0 0 1
0.235318 0.197754 980 -0.0652545 0.230161 7.63013 71.2614 -13 93 0 0 1
-0.0404112 -0.226715 980 0.0393122 0.00323973 5.4152 69.6106 -13 94 0 0 1
0.0897036 0.139318 980 0.0509892 -0.010236 10.7368 44.3846 -13 95 0 0 1
0.112797 -0.103849 980 -0.0400389 -0.00612514 12.7876 42.4872 -13 97 0 0 1
-1.22147 0.967419 980 0.254461 0.261857 9.40541 45.0437 -13 98 0 0 1
-0.00382343 -0.0714664 980 -0.0439946 0.0061422 14.0052 30.4253 -13 99 0 0 1
-0.222544 0.0286376 980 0.0828091 0.114562 12.2998 29.5494 -13 100 0 0 1
-0.735592 0.194126 980 0.0827475 0.0944018 4.41125 89.7269 -13 101 0 0 1
-0.0634258 -0.187385 980 -0.12833 -0.109021 9.90636 58.5011 -13 103 0 0 1
0.0322753 -0.136631 980 -0.0128073 -0.0367706 9.5811 49.4577 -13 104 0 0 1
0.189153 0.122101 980 -0.00826397 -0.0571942 8.76454 46.4548 -13 105 0 0 1
-0.256068 -0.185645 980 -0.103833 0.0330293 10.2849 62.0736 -13 106 0 0 1
0.0893952 0.0541637 980 0.0327548 -0.0461447 13.7366 43.409 -13 107 0 0 1
0.211014 0.0418149 980 0.0186261 0.0437425 7.2313 60.4256 -13 108 0 0 1
0.0587137 0.090657 980 -0.0594238 0.0140396 13.5613 26.6921 -13 109 0 0 1
-0.130752 0.820661 980 0.237914 0.0233749 5.32528 66.5255 -13 110 0 0 1
-0.0401909 -0.0200444 980 -0.0221941 0.0135174 9.80986 39.4149 -13 111 0 0 1
-0.12335 -0.401447 980 -0.139317 0.117113 7.61693 49.5128 -13 112 0 0 1
-0.0420346 -0.0585434 980 -0.00972844 0.00079305 11.9291 39.6934 -13 113 0 0 1
0.49429 0.112837 980 0.0254222 -0.167052 7.9876 50.1114 -13 114 0 0 1
0.274685 0.460323 980 -0.117912 -0.373793 13.2067 46.2792 -13 115 0 0 1
0.121318 -0.0845315 980 -0.0144331 -0.0426872 10.2607 63.2882 -13 116 0 0 1
-0.193626 -0.173148 980 0.0192214 0.0724623 11.5359 35.5141 -13 117 0 0 1
-0.0179298 0.263228 980 0.115676 -0.202715 5.66811 64.7877 -13 118 0 0 1
0.0998608 -0.0591811 980 -0.0737077 -0.00286919 10.9416 51.7244 -13 119 0 0 1
0.369525 -0.494495 980 0.0460178 -0.0401733 7.41759 60.5326 -13 120 0 0 1
0.0413754 -0.0796265 980 -0.14846 -0.072085 7.89794 71.8454 -13 121 0 0 1
0.119626 -0.213522 980 -0.0710757 0.0162499 8.94694 45.3826 -13 122 0 0 1
-0.348423 -0.178604 980 -0.0878325 0.0129748 4.7687 91.9852 -13 123 0 0 1
0.0196425 -0.0458956 980 -0.0272428 -0.0515441 12.9837 42.4162 -13 124 0 0 1
-0.072349 -0.176639 980 -0.0923901 -0.00244018 11.4423 57.1961 -13 125 0 0 1
-0.192379 -0.799656 980 -0.223604 -0.0372268 11.7059 55.0634 -13 126 0 0 1
0.0694776 -0.10957 980 0.0253409 -0.0307251 9.57589 42.3236 -13 127 0 0 1
0.247163 0.16769 980 0.0550881 -0.112314 13.4909 35.8001 -13 128 0 0 1
0.131035 0.0862652 980 -0.0357298 -0.0549747 13.4798 38.8822 -13 129 0 0 1
-0.0290196 0.0149547 980 0.0730448 -0.00751675 10.4372 55.8312 -13 130 0 0 1
0.00272354 -0.128358 980 0.069824 0.0420333 9.09967 46.5057 -13 131 0 0 1
-0.362552 0.105153 980 0.262723 0.00895963 13.2348 49.0698 -13 132 0 0 1
-0.103623 0.0792819 980 0.0330774 0.0815232 14.4933 43.3231 -13 133 0 0 1
0.265073 0.0586074 980 0.115668 -0.137602 7.19893 66.8849 -13 134 0 0 1
0.0781164 0.0227964 980 -0.0137776 -0.0254712 13.339 30.7575 -13 135 0 0 1
0.00374623 -0.0760501 980 -0.038758 -0.00337439 12.9679 39.0702 -13 136 0 0 1
-0.342171 0.119151 980 0.0126868 0.0370352 7.1504 52.4741 -13 137 0 0 1
-0.304621 -0.486087 980 0.0304637 0.281894 4.26436 81.9185 -13 138 0 0 1
-0.250633 -0.0380875 980 -0.013661 0.0567073 11.465 50.3252 -13 139 0 0 1
0.077673 0.0618491 980 0.0408678 -0.0653679 14.1267 50.0919 -13 140 0 0 1
-0.0451642 0.0490325 980 -0.0162126 0.00356625 13.8091 26.7087 -13 141 0 0 1
-0.0545905 -0.10781 980 -0.0749082 0.0266326 13.7266 37.3959 -13 142 0 0 1
-0.208017 -0.122501 980 0.0387694 0.0736363 11.0167 37.486 -13 143 0 0 1
-0.0108997 -0.0608021 980 -0.0247439 0.00121912 14.3831 45.2207 -13 144 0 0 1
-0.0936237 0.234339 980 0.0164103 0.0040135 9.82111 60.8825 -13 145 0 0 1
0.215051 0.103582 980 0.0331534 0.0156816 9.19455 48.6232 -13 146 0 0 1
0.01391 -0.0835546 980 -0.0416704 -0.0283609 11.2194 46.5814 -13 147 0 0 1
-0.0136972 0.0607822 980 0.0071992 -0.000881027 7.30852 60.628 -13 148 0 0 1
0.0154109 -0.160459 980 -0.0176878 0.0368299 6.92294 58.3885 -13 149 0 0 1
0.0394135 -0.156406 980 -0.0568606 -0.0329288 13.8383 46.1048 -13 150 0 0 1
-0.337708 -0.284326 980 -0.0810096 -0.0423229 7.98886 46.7581 -13 151 0 0 1
-0.039986 -0.0488199 980 -0.0369721 0.0093884 14.1239 49.277 -13 152 0 0 1
-0.0313264 0.0012824 980 0.0520629 0.0997948 13.6609 49.5121 -13 153 0 0 1
-0.0190635 -0.24286 980 0.00198667 -0.040051 9.42723 54.2947 -13 154 0 0 1
0.172342 -0.314584 980 -0.111553 -0.110795 9.91679 60.5097 -13 155 0 0 1
0.0604214 -0.0849433 980 -0.0630897 -0.00176141 11.9626 46.1491 -13 156 0 0 1
-0.0712165 0.11593 980 0.0369746 -0.0184264 13.2326 35.9029 -13 157 0 0 1
1.08091 -0.316798 980 -0.15661 -0.143912 8.34975 51.8268 -13 158 0 0 1
-0.0301458 -0.0586758 980 -0.0260918 0.0160227 14.3267 47.6234 -13 159 0 0 1
-0.368301 0.277429 980 0.0334336 0.0618222 7.43548 55.3298 -13 160 0 0 1
-0.192077 -0.048604 980 -0.0358147 0.109603 14.0977 32.0482 -13 161 0 0 1
-0.0767 0.0553373 980 0.0348839 0.0735968 9.69558 51.3185 -13 162 0 0 1
-0.0173929 -0.129426 980 0.00583423 0.0524741 9.715 39.0267 -13 163 0 0 1
-0.133594 0.0592403 980 -0.00244396 0.052285 14.2137 45.0439 -13 164 0 0 1
-0.150347 0.260137 980 0.123231 -0.0586832 12.3253 53.247 -13 165 0 0 1
-0.132863 0.00963736 980 0.0148667 0.095815 11.0005 60.5948 -13 166 0 0 1
-0.0867087 0.321646 980 0.0591192 -0.0209258 9.79183 40.584 -13 167 0 0 1
0.113736 0.221546 980 0.0817008 -0.0123628 11.4126 31.7855 -13 168 0 0 1
0.171505 -0.0419226 980 -0.00798944 -0.0773682 13.053 53.4307 -13 169 0 0 1
-0.013894 0.130314 980 0.0985784 -0.0364727 8.89706 58.187 -13 170 0 0 1
0.0551636 0.10561 980 0.000392934 0.000255788 14.5032 46.4375 -13 171 0 0 1
-0.267118 -0.0187553 980 0.077663 0.0674537 11.833 44.386 -13 172 0 0 1
-0.0877132 0.114138 980 0.0294719 0.0229436 13.0357 28.2511 -13 173 0 0 1
-0.00825172 -0.115951 980 -0.0113444 0.00935836 9.65053 59.6918 -13 174 0 0 1
-0.071378 -0.0362888 980 0.000278565 -0.00279322 10.6526 35.5323 -13 175 0 0 1
-0.149852 -0.0356951 980 0.176808 0.18666 10.759 46.9505 -13 176 0 0 1
0.1306 -1.2337 980 -0.176233 0.0333903 2.72452 112.033 -13 177 0 0 1
-0.0715437 0.312996 980 -0.0125176 -0.206752 5.47415 73.8473 -13 178 0 0 1
0.713248 -0.303799 980 -0.278324 -0.127356 5.25337 79.534 -13 179 0 0 1
-0.464561 -0.172251 980 -0.259512 -0.10035 7.05689 72.4896 -13 180 0 0 1
-0.173655 -0.00709406 980 0.0896963 -0.0383113 8.73437 66.4127 -13 181 0 0 1
0.0695117 -0.134573 980 -0.0594647 0.00823309 9.23288 55.3736 -13 182 0 0 1
0.214366 0.0132779 980 0.0413084 -0.0653094 14.0191 30.643 -13 183 0 0 1
0.0181599 -0.260376 980 -0.0861418 -0.0484531 12.2428 33.4819 -13 184 0 0 1
-0.118628 -0.487844 980 -0.131251 0.0903954 11.49 46.4805 -13 185 0 0 1
-0.191772 -0.00743612 980 0.0618618 0.00634434 11.8608 58.8337 -13 186 0 0 1
0.075705 0.0562185 980 -0.0176765 0.169169 4.53087 77.2886 -13 187 0 0 1
-0.22962 0.349944 980 0.0240617 0.0947937 8.51963 57.4271 -13 188 0 0 1
-0.0205275 -0.220273 980 -0.0677609 -0.00810217 5.63722 61.0308 -13 189 0 0 1
-0.0480057 0.131214 980 0.0475112 0.0338626 8.36596 47.3188 -13 190 0 0 1
-1.01145 0.612278 980 0.0779425 0.219712 12.1383 34.8789 -13 191 0 0 1
0.043182 0.0446833 980 -0.0433381 -0.0286069 12.0622 34.9371 -13 192 0 0 1
0.14162 0.168354 980 0.0370227 -0.0175031 10.2982 41.0425 -13 194 0 0 1
0.0911909 -0.124192 980 -0.122379 -0.0271536 10.8305 54.3218 -13 195 0 0 1
-0.107962 0.152896 980 0.0527749 0.0569016 11.6731 59.5126 -13 196 0 0 1
-0.0985178 0.164766 980 0.0557575 -0.00630794 12.2865 33.1935 -13 198 0 0 1
-0.082917 0.0580807 980 0.0226231 0.0208371 12.915 41.6493 -13 199 0 0 1
-0.0975202 -0.0749124 980 -0.0077904 0.0164584 11.5828 52.1049 -13 201 0 0 1
0.30258 -0.0919248 980 -0.0122556 -0.134367 11.9973 50.25 -13 202 0 0 1
-0.211922 0.0799398 980 0.0206127 0.0228153 14.4511 45.2349 -13 203 0 0 1
-0.107003 0.375057 980 -0.0365456 0.048049 5.22224 72.7977 -13 204 0 0 1
0.0288571 0.194721 980 0.0410316 -0.0137964 7.09571 59.9114 -13 205 0 0 1
-0.185508 0.0264898 980 -0.0345686 0.0198621 9.14827 65.9608 -13 207 0 0 1
-0.0326535 -0.0729634 980 -0.0314954 -0.00411826 13.7048 38.7009 -13 209 0 0 1
-0.255117 -1.0407 980 0.353234 0.153704 1.74326 145.857 -13 210 0 0 1
0.00928181 0.0118719 980 -0.119128 -0.123302 6.42481 68.4397 -13 211 0 0 1
-0.546297 -0.23163 980 0.0599297 0.277002 13.9311 26.733 -13 212 0 0 1
0.156422 0.118162 980 0.0966492 -0.063909 8.84805 68.0827 -13 213 0 0 1
-0.0570501 0.112283 980 0.0701453 0.0461199 9.76782 54.0375 -13 214 0 0 1
0.396292 0.1526 980 0.00607417 -0.0418402 3.71789 99.9913 -13 215 0 0 1
0.0442712 -0.133159 980 -0.0274679 0.0380192 9.85957 47.6967 -13 216 0 0 1
-0.46557 0.117607 980 0.00445281 0.161305 9.41952 50.1408 -13 217 0 0 1
0.17332 0.400489 980 0.14143 -0.0446442 4.96172 82.548 -13 218 0 0 1
0.132645 -0.0521037 980 0.0103161 -0.0367454 9.70638 46.2836 -13 219 0 0 1
0.107876 -0.0311184 980 0.00460497 -0.076468 13.318 38.2815 -13 220 0 0 1
-0.180739 -0.876387 980 -0.0905418 -0.0659682 2.84781 109.36 -13 221 0 0 1
-0.0688489 0.244624 980 0.114218 -0.0380697 8.89508 46.254 -13 222 0 0 1
-0.33707 -0.070244 980 0.00077116 0.0591233 8.5997 43.913 -13 223 0 0 1
0.463795 0.174042 980 0.0512907 -0.0794406 5.92013 86.1713 -13 224 0 0 1
-0.00485704 0.0198668 980 0.0050997 -0.0329456 12.324 49.4288 -13 225 0 0 1
0.0982199 0.147215 980 0.0591825 -0.0735328 10.0465 53.7964 -13 226 0 0 1
-0.109828 0.0605327 980 -0.00022696 0.0764624 12.5968 47.6572 -13 227 0 0 1
0.0733994 0.0791423 980 -0.0757259 0.0483926 13.4896 39.4486 -13 228 0 0 1
0.0135301 0.120253 980 0.0445075 -0.0211802 13.4292 37.061 -13 229 0 0 1
-0.238969 0.49655 980 0.151362 -0.00751533 11.9334 30.8976 -13 230 0 0 1
0.0470746 -0.139846 980 0.116664 0.00693043 8.96555 65.0886 -13 231 0 0 1
-0.318057 -0.197023 980 0.00249406 -0.0534928 6.19031 74.4935 -13 232 0 0 1
-0.23525 -0.321145 980 -0.119831 0.0231077 10.9432 59.9729 -13 233 0 0 1
0.754303 -0.940271 980 -0.111387 -0.479634 12.4671 31.2159 -13 234 0 0 1
0.343943 0.128073 980 0.0247515 -0.0118396 6.12127 78.7214 -13 235 0 0 1
0.221006 -0.237427 980 -0.0525543 -0.152209 4.0928 98.0689 -13 236 0 0 1
0.240494 -0.0971103 980 -0.0132237 -0.0467686 8.31942 56.8867 -13 237 0 0 1
0.223233 -0.0534526 980 0.0499095 -0.111307 9.33342 42.1227 -13 238 0 0 1
0.0232091 0.0462473 980 0.0280026 -0.0554245 12.747 39.3001 -13 239 0 0 1
-0.11156 0.0548165 980 0.0214061 -0.0299506 12.7402 33.0123 -13 240 0 0 1
0.0233826 0.06358 980 -0.0574214 -0.0635865 12.7821 29.7444 -13 241 0 0 1
0.328344 0.223498 980 0.270561 -0.0358061 10.8974 48.5005 -13 242 0 0 1
0.0661269 -0.0170498 980 0.016734 -0.124474 13.7864 53.4439 -13 243 0 0 1
0.00711162 0.281999 980 0.0220719 0.00184867 8.59888 63.9339 -13 244 0 0 1
0.270001 0.646585 980 0.224347 -0.0269216 12.8971 39.6729 -13 245 0 0 1
0.0963691 0.0329549 980 -0.0385028 0.0371717 7.98614 52.2437 -13 246 0 0 1
-0.134001 0.0760736 980 0.0116467 0.0280749 11.6188 40.6976 -13 247 0 0 1
-0.099363 0.0704475 980 0.0758179 0.040883 11.812 57.2067 -13 248 0 0 1
0.0500325 -0.0050418 980 -0.0115573 -0.0167197 12.3234 39.3025 -13 249 0 0 1
0.0509063 -0.360262 980 -0.141094 0.00892302 10.2559 53.4285 -13 250 0 0 1
-0.0517049 -0.520584 980 -0.13296 -0.0258285 8.23913 68.2723 -13 251 0 0 1
0.147171 0.0544868 980 0.0243966 -0.0121899 12.9622 34.7603 -13 252 0 0 1
0.340586 -0.185449 980 -0.0201685 -0.0827036 11.8845 50.7562 -13 253 0 0 1
0.312121 -0.2195 980 0.0173541 -0.0158377 8.27422 46.6195 -13 254 0 0 1
-0.0490795 -0.0215416 980 -0.0143469 -0.00918632 12.0425 36.8265 -13 255 0 0 1
0.20403 0.094027 980 -0.0103194 -0.120622 12.1896 29.5393 -13 256 0 0 1
0.102232 0.039701 980 -0.0333539 0.013833 11.2688 42.3127 -13 257 0 0 1
0.133575 -0.0294825 980 -0.0720624 -0.0545016 11.7125 46.7348 -13 258 0 0 1
0.128694 0.042232 980 0.0328136 -0.0134308 14.4368 29.8677 -13 259 0 0 1
-0.0677376 0.0962079 980 0.0266693 -0.00764178 14.2061 48.5889 -13 260 0 0 1
0.324537 -0.0918673 980 -0.0318223 -0.123146 13.833 40.5547 -13 261 0 0 1
-0.0102149 -0.277442 980 -0.134853 -0.0839682 12.9321 46.4732 -13 262 0 0 1
-0.0778233 -0.0476685 980 0.00253863 0.0521048 10.5111 40.9177 -13 263 0 0 1
0.662289 1.49188 980 0.309115 0.14042 2.75953 126.426 -13 264 0 0 1
0.0445319 -0.0512556 980 -0.0641353 -0.0432062 12.7859 51.2219 -13 265 0 0 1
0.22039 0.131417 980 -0.0354382 -0.0367467 11.2993 55.5602 -13 266 0 0 1
0.0575511 -0.00291548 980 0.0169248 -0.0247495 14.039 47.6233 -13 267 0 0 1
-0.186174 0.0823118 980 0.0933809 0.027178 12.211 34.3302 -13 268 0 0 1
0.0788192 0.442407 980 0.103737 -0.0317234 11.8907 41.4223 -13 269 0 0 1
-0.934094 -1.71709 980 -0.176979 -0.200407 2.28904 140.007 -13 270 0 0 1
0.139831 -0.32275 980 -0.101286 -0.108641 7.1953 75.4151 -13 271 0 0 1
0.00535342 0.120044 980 0.0478759 0.0089795 14.4476 34.3783 -13 272 0 0 1
0.128342 -0.120717 980 -0.022113 -0.0296335 7.99558 53.6983 -13 273 0 0 1
0.054413 -0.347463 980 -0.146366 -0.0235932 12.5978 54.9595 -13 274 0 0 1
-0.057361 0.00667573 980 0.105182 0.12493 8.67431 59.6464 -13 275 0 0 1
0.196018 -0.0442917 980 0.0809438 -0.0346927 11.4993 36.2489 -13 276 0 0 1
0.077222 -0.0478135 980 -0.0216187 -0.0649702 9.55292 61.5487 -13 277 0 0 1
-0.0334941 -0.00889041 980 -0.00317578 0.0371414 13.7396 38.4151 -13 278 0 0 1
0.172544 -0.101376 980 -0.0372912 -0.0323303 13.3166 47.0695 -13 279 0 0 1
-0.141315 -0.0160242 980 -0.105972 0.126496 6.16808 61.8013 -13 280 0 0 1
0.0219483 -0.0648037 980 0.050818 0.0191071 8.09643 62.9165 -13 281 0 0 1
0.0400899 -0.101217 980 -0.0273276 -0.0120054 9.47882 60.1457 -13 282 0 0 1
0.0307222 0.0279987 980 -0.0142492 0.00168284 10.6682 40.0717 -13 283 0 0 1
-0.0192946 0.120802 980 0.113961 -0.0142133 7.08576 62.1124 -13 284 0 0 1
-0.151912 -0.00370348 980 -0.0670266 -0.0322087 1.77519 150.387 -13 285 0 0 1
0.271594 0.00724385 980 -0.058728 -0.0865872 6.66391 77.6168 -13 286 0 0 1
-0.0260464 0.24981 980 0.0506173 0.0671684 10.8342 60.5009 -13 287 0 0 1
0.0850252 0.0399334 980 0.00169178 -0.010692 11.9426 54.9207 -13 288 0 0 1
0.187285 0.0446316 980 0.0641957 -0.066582 9.35693 54.7152 -13 289 0 0 1
0.102626 -0.240984 980 0.0755331 0.0320245 9.00677 47.3249 -13 290 0 0 1
0.333242 -0.0117893 980 0.0156002 -0.012274 6.80893 69.329 -13 291 0 0 1
-0.114919 0.0476295 980 0.0277437 0.0708551 13.2569 29.8643 -13 292 0 0 1
0.138354 -0.105229 980 -0.0437123 -0.0996902 7.31997 76.3262 -13 293 0 0 1
0.123247 -0.0177767 980 -0.0109146 -0.0430397 13.8078 55.1067 -13 294 0 0 1
0.32675 -0.0407592 980 0.0200501 -0.167431 7.13508 71.3136 -13 295 0 0 1
0.323408 -0.0200275 980 0.044973 -0.0551419 5.89377 73.0936 -13 296 0 0 1
-0.197883 0.29875 980 0.162856 -0.000353125 11.9587 34.1852 -13 297 0 0 1
0.0921529 0.204438 980 0.0217462 -0.0354721 12.1479 41.689 -13 299 0 0 1
0.559647 0.322228 980 0.1491 -0.184407 2.26787 140.012 -13 300 0 0 1
0.0949295 -0.245045 980 -0.0335527 -0.009556 8.17035 69.0558 -13 301 0 0 1
-0.00266793 -0.249138 980 -0.184339 -0.0769595 7.44453 62.405 -13 302 0 0 1
0.15386 -0.0491123 980 -0.0334123 -0.080271 11.6438 43.2242 -13 303 0 0 1
0.372922 -0.282724 980 -0.054078 -0.09505 7.59381 62.7064 -13 304 0 0 1
-0.074925 -0.063411 980 0.00664837 0.0315226 11.0641 41.8954 -13 305 0 0 1
-0.142382 0.0956304 980 0.043634 0.0960442 9.67043 51.5894 -13 306 0 0 1
0.222684 -0.155203 980 0.222602 0.125153 4.02894 91.1723 -13 307 0 0 1
-0.0285736 0.0579267 980 0.0446098 0.0378868 12.3545 35.0361 -13 308 0 0 1
-0.0809122 -0.157015 980 -0.112814 -0.0989673 9.51189 56.8882 -13 309 0 0 1
0.323624 -0.175638 980 -0.0741334 -0.109816 5.53283 70.9184 -13 310 0 0 1
-0.00116681 -0.09165 980 -0.0835002 -0.0615072 13.9647 42.4747 -13 311 0 0 1
0.0181772 -0.0194899 980 -0.00170749 0.0162267 12.1412 36.0285 -13 312 0 0 1
-0.107287 0.0238289 980 -0.0462948 0.0282931 13.029 28.9571 -13 313 0 0 1
0.110073 0.0992675 980 -0.00274554 -0.117878 13.7655 27.2806 -13 314 0 0 1
0.00952629 0.0963951 980 0.0519358 -0.029868 11.5941 34.1807 -13 315 0 0 1
-0.157753 0.225742 980 0.00478772 -0.0181967 9.05978 45.1353 -13 316 0 0 1
-0.0234965 -0.252033 980 -0.163139 -0.0144713 5.97786 62.8607 -13 318 0 0 1
-0.0682929 -0.198758 980 -0.0423829 0.00711636 13.796 31.4242 -13 320 0 0 1
-0.0926076 0.0561617 980 0.0308908 0.0573702 9.9682 40.7745 -13 321 0 0 1
0.112113 0.0916398 980 0.0153423 -0.0201892 12.7344 33.4801 -13 322 0 0 1
-0.0668474 -0.311856 980 -0.00432843 0.0953714 5.95715 64.7077 -13 323 0 0 1
0.0443502 -0.226039 980 0.0151109 0.0312882 11.426 57.6123 -13 325 0 0 1
-0.0997793 0.0323385 980 0.0381736 0.000559774 10.6784 53.2463 -13 326 0 0 1
-0.102781 -0.089299 980 -0.025678 0.0371017 12.4351 41.4482 -13 327 0 0 1
0.206991 -0.55363 980 -0.09551 -0.016883 3.75822 104.723 -13 328 0 0 1
-0.147317 -0.276807 980 -0.073435 0.0429706 11.967 51.6869 -13 329 0 0 1
-0.229634 0.0194387 980 -0.144311 0.0137974 8.86685 47.4271 -13 330 0 0 1
0.0998595 -0.00581394 980 0.0028157 -0.0565156 5.37701 63.7319 -13 331 0 0 1
0.583328 0.942444 980 -0.0136139 -0.0238601 4.59492 77.6878 -13 332 0 0 1
-0.0857365 -0.00560886 980 -0.0687275 0.0345885 9.78857 46.9803 -13 333 0 0 1
-0.0458738 0.24602 980 0.116565 0.051185 12.8433 30.1328 -13 334 0 0 1
0.21785 0.277415 980 0.0717634 -0.0341244 14.2373 46.0327 -13 335 0 0 1
0.0155576 -0.411866 980 -0.0192748 0.00258096 5.54066 75.0133 -13 336 0 0 1
-0.023054 -0.0277179 980 -0.0144068 0.016488 13.7284 44.1807 -13 337 0 0 1
0.322535 0.182148 980 0.0168565 -0.132594 9.5811 60.9623 -13 338 0 0 1
0.431037 0.252259 980 0.0962486 -0.18653 9.28419 66.3629 -13 339 0 0 1
0.0266826 -0.0639112 980 -0.00156591 -0.00765856 12.4472 55.9305 -13 341 0 0 1
0.163674 -0.128919 980 -0.0470289 -0.0639638 13.2264 33.1025 -13 344 0 0 1
0.330018 -0.48678 980 0.0141607 -0.222891 9.61376 37.0839 -13 345 0 0 1
-0.0506776 -0.0668703 980 -0.00600188 0.0417532 13.4462 41.4538 -13 346 0 0 1
0.0156795 0.0279811 980 -0.00652593 -0.0154442 12.0898 43.804 -13 347 0 0 1
-0.045111 0.123085 980 0.0915155 -0.000894234 13.7723 52.0788 -13 348 0 0 1
0.263192 -0.222248 980 -0.0977541 -0.183866 7.01898 63.4367 -13 349 0 0 1
-0.0731894 -0.0278767 980 -0.000576783 -0.111336 7.67758 68.3804 -13 350 0 0 1
2.97657 1.98001 980 0.925319 -0.249747 4.01843 88.3296 -13 351 0 0 1
-0.478031 0.0877291 980 0.206432 -0.121747 3.64444 95.6383 -13 352 0 0 1
-0.214692 0.177879 980 0.0924277 0.147759 10.8229 59.7352 -13 354 0 0 1
-1.79055 -1.27874 980 0.0304774 -0.0816796 1.86016 136.594 -13 355 0 0 1
0.106834 -0.409703 980 -0.161767 -0.0669007 9.7216 63.812 -13 356 0 0 1
-0.0614376 0.323064 980 0.00203588 0.00890042 10.5946 60.3941 -13 357 0 0 1
-0.0803849 0.238076 980 0.0770411 0.0735114 10.872 49.7966 -13 358 0 0 1
0.0504903 -0.0065778 980 0.00809922 0.000419446 11.7728 36.1444 -13 359 0 0 1
-0.0315647 0.0510161 980 0.018042 0.0237337 13.4938 47.7831 -13 360 0 0 1
1.3799 -1.65713 980 -0.439621 -0.260081 3.17239 99.2572 -13 361 0 0 1
-0.0993115 -0.0161112 980 0.0237954 0.0355615 8.70597 41.0114 -13 362 0 0 1
0.117147 -0.246559 980 -0.0476543 -0.0700793 12.1468 57.4317 -13 363 0 0 1
-0.0394144 -0.120737 980 -0.0357708 -0.0330167 14.4433 29.3396 -13 364 0 0 1
0.120234 0.00936531 980 -0.0244333 -0.0120328 11.8364 34.5651 -13 365 0 0 1
-0.0267068 -0.3029 980 -0.0176801 -0.0210476 7.84727 45.3313 -13 366 0 0 1
0.253379 0.186189 980 0.0513782 -0.1803 11.6952 54.7291 -13 367 0 0 1
0.115642 -0.0148298 980 0.170183 -0.0556431 5.88583 77.3234 -13 368 0 0 1
-0.209119 -0.147212 980 -0.0602993 0.0420918 6.32374 57.9797 -13 370 0 0 1
0.192159 0.148825 980 -0.0522458 -0.183271 14.5148 42.1741 -13 371 0 0 1
-0.0441237 -0.281078 980 -0.0875878 -0.0108719 14.1932 34.1251 -13 373 0 0 1
-0.712666 0.0169275 980 -0.0563691 0.200558 4.76344 76.0023 -13 374 0 0 1
0.00171729 0.0304015 980 -0.000354521 0.0108054 13.3603 48.4409 -13 375 0 0 1
0.684903 0.752524 980 0.260856 0.2038 6.5306 65.6265 -13 376 0 0 1
-0.0228293 -0.0626761 980 -0.000835901 -0.0213215 10.4925 43.5704 -13 377 0 0 1
-0.238842 -0.0219429 980 0.09976 0.0588144 7.33676 50.2762 -13 379 0 0 1
0.198701 0.0777334 980 -0.0384807 -0.12536 10.6939 38.1683 -13 380 0 0 1
0.00193766 -0.0870889 980 -0.0346361 -0.0579655 7.76259 57.4435 -13 381 0 0 1
0.116825 -0.105924 980 -0.0346248 -0.0476724 13.3909 38.9979 -13 382 0 0 1
-0.0437307 -0.269207 980 -0.12433 0.039355 14.0931 39.6549 -13 384 0 0 1
-0.102193 -0.00693643 980 0.00685404 0.0289994 14.4518 33.7615 -13 386 0 0 1
-0.00427516 -0.055868 980 -0.00675601 -0.035247 14.4239 42.454 -13 387 0 0 1
0.0836594 0.138934 980 0.0513366 0.0144397 9.31567 61.2295 -13 388 0 0 1
-0.0565808 0.0955791 980 0.00359607 0.0790849 13.4328 44.9599 -13 389 0 0 1
-0.0321646 -0.17385 980 -0.132594 -0.073782 10.3008 43.3777 -13 390 0 0 1
-0.134787 -0.316591 980 -0.126076 0.0709343 8.62132 68.6383 -13 391 0 0 1
-0.174903 0.0463662 980 0.209686 -0.0366866 8.07526 70.3907 -13 392 0 0 1
-0.0745121 0.0751871 980 0.0138294 -0.0155626 3.49338 92.4316 -13 393 0 0 1
-0.810098 1.2571 980 -0.168356 0.411855 3.28789 101.294 -13 394 0 0 1
0.35641 -0.423775 980 0.00318654 -0.131795 14.0754 34.1321 -13 395 0 0 1
-0.154611 -0.11802 980 -0.0245921 0.00474189 6.99341 65.5657 -13 396 0 0 1
0.0955119 -0.1135 980 -0.00398582 0.0162783 14.4938 31.9519 -13 397 0 0 1
0.72395 -0.382826 980 0.402282 0.117817 13.2871 34.0264 -13 398 0 0 1
-0.169849 0.182071 980 0.0467652 0.10833 12.6072 31.4953 -13 399 0 0 1
-0.199544 0.12592 980 0.0788515 0.0473879 11.6257 41.774 -13 400 0 0 1
-0.00100136 0.202503 980 0.0238758 -0.0308846 11.1557 44.8514 -13 401 0 0 1
0.111969 0.330214 980 0.0149997 0.063371 7.26492 49.4467 -13 402 0 0 1
-0.107468 0.605541 980 0.0528446 0.169476 5.59889 80.9613 -13 403 0 0 1
0.0453471 0.0160018 980 -0.00784552 0.0487082 14.3868 33.1468 -13 404 0 0 1
0.313677 0.150343 980 0.19186 -0.168433 12.7635 44.8602 -13 405 0 0 1
-0.101932 -0.112959 980 0.0308819 0.0187035 7.06073 64.3151 -13 406 0 0 1
0.51662 -0.102372 980 -0.0171308 -0.152358 4.47414 97.3575 -13 407 0 0 1
-0.165591 0.230717 980 0.0527479 0.00442968 10.845 53.9472 -13 408 0 0 1
0.111088 0.0243545 980 0.117204 -0.0141842 12.1927 32.5423 -13 409 0 0 1
0.178482 -0.355606 980 0.00906516 -0.0628462 7.1269 58.8378 -13 410 0 0 1
-0.0067023 -0.270965 980 0.0334019 0.0578195 6.74086 56.2929 -13 411 0 0 1
-0.218976 0.290557 980 0.011926 0.0896161 7.1699 52.8985 -13 412 0 0 1
0.785235 0.254888 980 0.0663333 -0.195559 5.45099 62.738 -13 413 0 0 1
-0.0892078 -0.106463 980 -0.00656501 0.00434403 9.80835 42.4226 -13 414 0 0 1
0.0349264 -0.199833 980 -0.0875612 -0.0455007 8.21703 49.5541 -13 415 0 0 1
-0.230337 -0.0877984 980 -0.0497196 0.00102027 12.6068 41.9064 -13 416 0 0 1
0.207118 0.454235 980 0.158441 -0.197193 6.37174 59.8078 -13 417 0 0 1
0.122658 -0.137528 980 -0.0366092 -0.0647733 9.93989 61.6793 -13 418 0 0 1
0.457663 0.404034 980 0.183225 -0.103851 7.63352 59.4828 -13 419 0 0 1
0.149724 -0.0252944 980 -0.00177104 -0.0974644 12.3873 38.3416 -13 420 0 0 1
-0.0648309 0.0312202 980 0.021436 -0.0377074 13.1949 31.6704 -13 421 0 0 1
-0.479555 0.0322717 980 -0.112187 0.248623 6.99478 53.5305 -13 422 0 0 1
0.19007 -0.470826 980 -0.0501719 0.0193867 9.28607 47.6438 -13 424 0 0 1
-0.321666 0.209635 980 -0.0757889 -0.0489478 4.85557 97.5536 -13 425 0 0 1
-0.222154 0.0902201 980 0.0649524 0.0731846 4.84186 93.6191 -13 426 0 0 1
-0.0206654 -0.0545186 980 -0.026473 0.0472319 10.793 58.3702 -13 427 0 0 1
-0.170003 -0.104949 980 -0.145395 -0.194 6.90218 58.1772 -13 428 0 0 1
-0.5288 0.172892 980 -0.0968999 0.0373786 7.71998 58.0525 -13 429 0 0 1
0.0202023 -0.0925213 980 -0.0308053 -0.0301891 9.91465 45.7523 -13 430 0 0 1
0.099422 0.0124753 980 -0.034685 -0.0919752 10.8218 42.4813 -13 431 0 0 1
0.0483474 -0.112889 980 -0.0595027 -0.0114316 9.92729 53.4943 -13 432 0 0 1
-0.0493338 -0.0120807 980 -0.00340398 0.0394162 11.0144 57.163 -13 433 0 0 1
-0.0409133 0.042983 980 0.00515033 0.042393 13.6828 37.2151 -13 434 0 0 1
-0.055744 0.0605133 980 0.0600152 -0.0848591 11.3675 45.9433 -13 435 0 0 1
-0.0403306 -0.212784 980 -0.0237273 -0.0609587 11.1989 38.1844 -13 436 0 0 1
0.110681 0.0042715 980 0.0528082 -0.0109367 10.6761 44.2361 -13 437 0 0 1
0.102343 -0.213485 980 -0.00614798 -0.00965522 11.0579 48.1078 -13 438 0 0 1
0.108773 -0.169479 980 0.00515044 -0.023626 11.9349 58.1071 -13 439 0 0 1
0.844388 0.0296301 980 -0.108461 -0.276566 8.77543 60.6569 -13 440 0 0 1
-0.248507 0.292682 980 0.0729669 0.0644255 11.3769 45.1081 -13 441 0 0 1
-0.316427 -0.111638 980 0.00120157 0.022639 3.40832 91.0609 -13 442 0 0 1
-0.216339 -0.241239 980 -0.108703 0.0516061 7.51608 71.8299 -13 443 0 0 1
0.166424 0.0896801 980 0.0252686 -0.0337983 11.3639 41.7898 -13 444 0 0 1
0.17636 -0.296913 980 -0.155457 -0.0878692 7.91859 69.6704 -13 445 0 0 1
0.138363 0.125718 980 0.0370483 -0.0733969 13.3873 53.185 -13 446 0 0 1
0.0536812 -0.277186 980 -0.0471435 0.023827 11.5351 42.5875 -13 447 0 0 1
0.339318 -0.113506 980 0.0114639 -0.105386 9.7801 39.4756 -13 448 0 0 1
0.145206 -0.0355151 980 -0.0393286 -0.0206534 8.11386 47.6312 -13 449 0 0 1
0.133066 -0.393206 980 -0.21965 0.272147 12.3249 57.8871 -13 450 0 0 1
0.0296084 0.10958 980 0.00159295 -0.0534757 7.76917 65.2053 -13 451 0 0 1
0.0412161 -0.154462 980 -0.10428 0.013544 11.8495 56.2718 -13 452 0 0 1
0.00394796 0.0140601 980 -0.00834 -0.0205823 12.9471 55.1411 -13 453 0 0 1
0.155199 -0.162724 980 -0.0301978 -0.0214302 9.50149 46.1236 -13 454 0 0 1
-0.0741183 -0.144035 980 -0.0385695 0.111858 13.9648 29.2262 -13 456 0 0 1
-0.0322407 -0.0810931 980 0.0446753 0.00914552 9.41796 38.8704 -13 457 0 0 1
-0.109839 0.0177273 980 -0.0381435 -0.0692911 11.5699 57.1673 -13 458 0 0 1
0.149058 -0.17577 980 0.181733 -0.0555954 7.93635 52.6652 -13 459 0 0 1
0.161748 -0.0300014 980 -0.000348401 -0.0381756 10.5461 36.4424 -13 460 0 0 1
-0.0475189 0.0458433 980 0.00132374 0.00717239 13.4416 52.3375 -13 461 0 0 1
-0.294591 -0.0172701 980 -0.024784 0.0783016 13.5681 52.1435 -13 462 0 0 1
0.0905507 -0.0508133 980 0.0388537 -0.0193049 7.60834 57.832 -13 463 0 0 1
-0.438244 -0.4282 980 -0.342498 0.226455 3.32312 119.363 -13 464 0 0 1
0.249747 -0.226335 980 -0.100487 -0.143971 9.8631 41.2169 -13 465 0 0 1
-0.188939 0.215416 980 0.0398472 -0.0598875 7.33149 49.1485 -13 466 0 0 1
0.120284 -0.183095 980 -0.0212917 -0.0973318 14.036 28.5454 -13 467 0 0 1
0.21657 0.15385 980 0.0416499 -0.0556074 8.77847 50.3691 -13 468 0 0 1
0.356735 -0.457792 980 0.0545626 -0.0428796 4.6117 89.2869 -13 469 0 0 1
0.444401 0.0863844 980 0.0401351 -0.217918 6.29058 57.2709 -13 470 0 0 1
0.134725 0.0798643 980 0.058005 -0.0157316 9.93412 55.6257 -13 472 0 0 1
-0.0501179 -0.917572 980 -0.205385 0.0757747 5.13993 66.8403 -13 473 0 0 1
-0.42677 0.128439 980 0.0826287 0.0558158 8.20025 57.8836 -13 474 0 0 1
0.0952652 -0.0972773 980 0.264517 -0.117494 11.7701 40.3458 -13 475 0 0 1
0.158371 -0.21526 980 -0.123457 -0.0782802 7.78121 45.8186 -13 476 0 0 1
0.101747 -0.00353053 980 -0.0363796 -0.0191733 9.45984 53.2587 -13 477 0 0 1
0.132464 -0.317057 980 -0.0773478 -0.0986982 9.72561 39.1056 -13 478 0 0 1
-0.559779 0.146054 980 0.0761275 -0.0637155 5.21045 67.7982 -13 479 0 0 1
-0.0786293 -0.278394 980 -0.00610519 0.0229626 10.6883 50.1385 -13 480 0 0 1
-0.199119 -0.203758 980 -0.18886 0.107656 8.93499 53.6358 -13 481 0 0 1
0.201698 0.100252 980 0.108782 -0.00961643 6.41101 82.7126 -13 482 0 0 1
-0.0970959 -0.0091988 980 -0.0053881 0.0322922 14.0379 54.4592 -13 483 0 0 1
0.316754 -0.0882601 980 -0.0664123 -0.139943 7.39366 61.0666 -13 484 0 0 1
-0.104208 0.0638073 980 0.0618683 0.0394361 11.316 34.7918 -13 485 0 0 1
-0.222537 -0.195022 980 -0.0685281 -0.110034 7.25928 55.6684 -13 486 0 0 1
0.120221 -0.0583366 980 -0.031968 -0.0480489 13.0031 45.4311 -13 487 0 0 1
0.773693 -0.426117 980 -0.200584 -0.159088 5.06051 86.1285 -13 488 0 0 1
0.188339 -0.108808 980 -0.0503607 -0.0893601 13.8691 30.4215 -13 489 0 0 1
-1.11593 -0.0737752 980 -0.0248496 0.128684 3.30261 96.5494 -13 490 0 0 1
-0.255081 -0.187153 980 -0.101796 0.0385299 7.46485 71.2844 -13 491 0 0 1
-0.028657 0.0462154 980 -0.004839 -0.017767 13.9248 29.7404 -13 492 0 0 1
-0.188811 0.0979307 980 0.0539593 0.0304246 12.42 53.3488 -13 493 0 0 1
-0.121413 0.032294 980 -0.0369848 0.0603643 12.9467 50.9303 -13 494 0 0 1
-0.0600878 0.0250868 980 -0.0274902 0.0409231 14.4416 26.0444 -13 495 0 0 1
-0.255388 -0.262202 980 -0.108018 0.119759 10.7055 40.0065 -13 496 0 0 1
0.0950548 -0.0522127 980 -0.022212 -0.0613838 14.0463 26.3914 -13 497 0 0 1
0.120646 0.0378323 980 0.00402472 -0.0292205 13.539 42.6115 -13 498 0 0 1
-0.0563428 0.124783 980 0.159724 -0.00887613 11.9228 45.3739 -13 499 0 0 1
0.221148 0.165562 980 0.00561422 -0.0862638 12.6436 41.3406 -13 500 0 0 1
-0.0555071 0.0317758 980 -0.0118056 0.0290938 10.861 42.7028 -13 501 0 0 1
-0.12937 -9.55281e-05 980 0.0207934 0.00430798 14.4253 29.9016 -13 502 0 0 1
0.10602 -0.198402 980 -0.055884 0.01609 10.1917 40.2966 -13 503 0 0 1
-0.1458 -0.115169 980 -0.058704 0.042602 11.1577 48.5694 -13 504 0 0 1
-2.41852 -0.163665 980 0.142939 0.328208 2.73688 119.242 -13 505 0 0 1
-0.183035 -0.463367 980 -0.0629497 -0.00644406 8.61925 48.542 -13 506 0 0 1
-0.0387548 -0.176088 980 -0.0795825 0.0379218 12.4487 40.3003 -13 507 0 0 1
-0.0470561 -0.204421 980 -0.067271 0.0111168 11.3798 56.5089 -13 508 0 0 1
0.191006 0.103034 980 0.0561844 -0.0369348 8.1198 63.4282 -13 509 0 0 1
-0.531484 -0.234448 980 -0.0546846 0.219179 10.4853 43.471 -13 510 0 0 1
-0.0242709 0.0272198 980 -0.0188454 0.0016011 10.4109 36.9475 -13 511 0 0 1
-0.2991 -0.0174239 980 0.0322344 0.0850859 12.8452 45.485 -13 512 0 0 1
0.0193712 0.0672341 980 -0.00967645 -0.00175301 13.3237 27.3928 -13 513 0 0 1
-0.253612 -0.540607 980 -0.144814 0.114608 7.88291 49.8134 -13 514 0 0 1
0.0375408 0.0924221 980 0.0184296 0.0171956 10.1862 58.2643 -13 515 0 0 1
0.191931 0.0515993 980 0.242489 -0.0653503 3.41799 99.1728 -13 516 0 0 1
1.86764 0.852298 980 -0.0193019 -0.445254 8.09158 45.9306 -13 517 0 0 1
0.589402 -0.209803 980 0.261885 -0.247241 12.3515 33.7806 -13 518 0 0 1
0.0321982 -0.263444 980 -0.0368456 0.0591964 11.6353 49.1221 -13 519 0 0 1
0.0326503 0.0248409 980 0.0182529 -0.00416946 11.6093 47.5985 -13 520 0 0 1
0.0299836 -0.0593544 980 0.0124666 -0.00930933 12.934 38.9056 -13 522 0 0 1
0.0282955 0.00215273 980 0.0554546 -0.0116163 13.5688 42.1992 -13 523 0 0 1
0.811803 -0.20974 980 -0.184887 -0.0564856 3.26065 118.423 -13 524 0 0 1
0.273788 0.087334 980 0.107111 -0.0139616 9.67877 43.4683 -13 525 0 0 1
-0.0811993 -0.100418 980 -0.0384278 0.0445096 11.6738 49.9758 -13 526 0 0 1
3.89359 -2.68864 980 -0.11262 -0.350168 1.66281 150.651 -13 527 0 0 1
-0.224632 -0.0548694 980 0.0365904 0.0579702 12.4243 44.5016 -13 528 0 0 1
-0.00367333 0.213777 980 0.101742 0.0173766 11.2571 54.2349 -13 529 0 0 1
-0.0844495 -0.105931 980 0.0139833 0.00630385 8.25513 64.9038 -13 530 0 0 1
-0.00433631 0.153417 980 0.0348288 0.0472889 12.9437 41.106 -13 531 0 0 1
-0.221771 0.0766368 980 -0.260441 0.177434 13.7203 54.913 -13 532 0 0 1
-0.490616 0.0535184 980 -0.0581926 0.19317 9.03055 61.8305 -13 533 0 0 1
-0.00532978 0.0762443 980 -0.0143875 -0.082434 9.12596 61.7627 -13 534 0 0 1
0.04045 -0.0337255 980 -0.0103774 -0.0558408 9.81904 38.4934 -13 535 0 0 1
0.0364972 0.181822 980 0.0453968 -0.00873285 13.0225 36.3829 -13 536 0 0 1
0.626765 1.25331 980 0.295902 0.146798 4.07285 93.9337 -13 537 0 0 1
-0.0594671 0.0575527 980 -0.0498007 0.023091 14.4133 42.8339 -13 538 0 0 1
0.102661 -0.0933181 980 -0.0744785 -0.0908399 11.228 37.0773 -13 539 0 0 1
0.0457133 0.0162266 980 0.0191915 -0.0437056 11.2243 56.9767 -13 540 0 0 1
-0.0582631 0.0865291 980 -0.000256659 0.0533633 7.24709 69.5041 -13 541 0 0 1
-0.22919 -0.173666 980 -0.127839 -0.0428797 12.7818 31.4651 -13 542 0 0 1
-0.127025 -0.15108 980 -0.182999 0.0688926 8.45557 53.9126 -13 543 0 0 1
0.127105 -0.297569 980 -0.0348989 -0.0652025 13.7195 53.767 -13 544 0 0 1
0.413216 0.0279599 980 0.213534 -0.235106 4.65292 97.4624 -13 545 0 0 1
-0.0255061 -0.0233368 980 -0.0126349 0.0131008 6.56714 72.2407 -13 546 0 0 1
0.0259592 0.0265622 980 0.0108611 -0.00326623 10.6274 52.6222 -13 547 0 0 1
-0.0931419 -0.0898453 980 -0.0343024 -0.0103832 9.82286 54.8183 -13 548 0 0 1
0.171088 0.0809179 980 0.0540992 -0.0704433 9.58443 62.1976 -13 549 0 0 1
0.239657 0.218943 980 0.055645 -0.144147 8.52451 57.4154 -13 550 0 0 1
-0.0623375 0.0456142 980 -0.0152071 0.0164258 10.5496 39.0692 -13 551 0 0 1
-0.175804 0.202476 980 0.0943912 0.141493 11.292 41.2778 -13 552 0 0 1
-0.201084 0.269835 980 0.165528 0.0432376 7.8633 56.0586 -13 553 0 0 1
-0.228695 -0.0780973 980 0.0190076 -0.02191 4.59085 72.8448 -13 554 0 0 1
0.0737834 -0.184124 980 -0.00603712 0.0900819 7.90715 71.4223 -13 555 0 0 1
0.391747 -0.391317 980 0.0179934 -0.114908 5.80491 78.436 -13 556 0 0 1
-0.0564285 0.019269 980 -0.0069894 0.0346847 13.5545 32.6082 -13 557 0 0 1
-0.093992 0.171822 980 0.0656278 -0.0170249 10.9168 60.4667 -13 559 0 0 1
-0.0372299 -0.00706533 980 -0.0221381 -0.0286998 13.5869 26.8329 -13 560 0 0 1
0.288423 -0.0162448 980 -0.0698821 -0.0776961 4.96973 93.9359 -13 561 0 0 1
-0.31465 -0.156629 980 -0.0213992 0.0830806 11.0269 35.5582 -13 562 0 0 1
-0.0422696 -0.0618153 980 0.0427827 0.0146062 12.0824 44.5218 -13 563 0 0 1
0.264201 -0.0511667 980 0.0573016 -0.090533 10.5369 61.5188 -13 564 0 0 1
0.0666454 -0.0395088 980 -0.0400037 -0.0433393 14.2141 30.3467 -13 565 0 0 1
0.122902 -0.0687641 980 -0.0512656 0.0459665 9.3685 49.1339 -13 566 0 0 1
-0.0316999 0.0640665 980 0.0410148 0.0304789 10.5353 44.9009 -13 567 0 0 1
-0.422656 0.530916 980 0.376219 -0.134251 11.8211 55.7999 -13 568 0 0 1
0.0865389 -0.229324 980 -0.104053 -0.016825 13.5312 37.3527 -13 569 0 0 1
-0.0282601 -0.100579 980 -0.0809646 -0.0178502 11.0614 57.5109 -13 570 0 0 1
-0.150383 -0.372487 980 -0.136915 0.0540647 12.6152 41.428 -13 571 0 0 1
0.291937 0.0861421 980 0.0533361 -0.0568131 9.80827 47.9626 -13 572 0 0 1
-0.128971 -0.349868 980 -0.0870451 0.0580814 6.46286 65.9559 -13 573 0 0 1
-0.184226 -0.0805855 980 -0.0284113 0.0418119 13.7313 34.5161 -13 574 0 0 1
0.375793 0.410253 980 0.212299 -0.0605616 6.96588 68.1643 -13 575 0 0 1
-0.0245255 0.0811973 980 -0.00703397 0.0684551 10.5904 52.2386 -13 576 0 0 1
0.0547207 -0.0380453 980 -0.029971 0.00778845 13.3757 29.0902 -13 577 0 0 1
0.372207 -0.656451 980 -0.164965 0.0712508 8.31762 53.0608 -13 578 0 0 1
0.102406 0.103785 980 0.00249433 -0.0195116 13.9442 41.4596 -13 579 0 0 1
0.0769585 -0.102417 980 -0.0279231 -0.00534524 12.7055 35.5591 -13 580 0 0 1
-0.0191772 -0.128424 980 -0.0625426 -0.00342389 11.0512 59.766 -13 581 0 0 1
-0.0260517 0.0396209 980 -0.0163066 0.0385065 8.86444 51.7948 -13 582 0 0 1
0.0573705 0.0759712 980 0.0609319 -0.0984395 7.63435 52.4325 -13 583 0 0 1
-0.122073 -0.271367 980 -0.0976682 0.0275828 13.9667 51.8042 -13 584 0 0 1
-0.157232 -0.267102 980 -0.0972107 0.0605634 11.2008 39.4353 -13 585 0 0 1
-0.297664 -0.163945 980 -0.0649353 0.0555666 9.3369 62.3382 -13 586 0 0 1
0.0658253 -0.070333 980 0.0084127 -0.0117764 13.7464 45.1101 -13 587 0 0 1
-0.127292 0.159188 980 -0.0304827 0.0430213 9.55832 46.2709 -13 588 0 0 1
0.0247405 -0.113686 980 -0.0588826 0.00626789 13.2369 38.9912 -13 589 0 0 1
-0.25898 0.60932 980 0.0935946 0.138674 9.04533 50.3057 -13 591 0 0 1
-0.248582 0.120452 980 0.139649 0.0796666 8.19693 55.0154 -13 592 0 0 1
-0.0246191 -0.332074 980 -0.0490826 0.0480143 5.64418 87.1315 -13 593 0 0 1
-0.0773855 0.107158 980 0.00329784 0.0158427 10.714 61.9848 -13 594 0 0 1
-0.337682 0.304538 980 0.116819 0.131768 9.96725 49.7345 -13 595 0 0 1
0.0280474 0.346702 980 0.0726549 -0.0341676 8.06338 59.8964 -13 596 0 0 1
-0.0234573 -0.104178 980 0.0691935 0.0505042 10.3915 45.5327 -13 597 0 0 1
0.42534 0.852202 980 0.202702 -0.182443 5.71031 66.7048 -13 599 0 0 1
0.212116 0.139126 980 0.0724079 -0.0816343 12.5322 46.1084 -13 601 0 0 1
-0.0197416 -0.195793 980 -0.0125242 -0.0567957 6.79948 72.5745 -13 602 0 0 1
0.143362 0.175444 980 0.0399271 -0.00926891 9.10582 60.4061 -13 603 0 0 1
0.354737 0.326866 980 0.137204 -0.0924867 7.43578 59.3877 -13 604 0 0 1
0.255292 -0.101808 980 -0.0831392 -0.0352848 4.34079 81.9053 -13 605 0 0 1
-0.0582349 0.0735054 980 -0.0427843 0.0300831 12.332 44.9315 -13 606 0 0 1
-0.122208 -0.320726 980 -0.0735088 -0.00235446 11.8617 35.347 -13 607 0 0 1
-0.125752 0.146928 980 0.135861 0.024637 12.9119 42.1154 -13 608 0 0 1
0.107277 0.0964343 980 0.0615259 -0.0240445 11.8487 34.5443 -13 609 0 0 1
0.198521 0.188706 980 0.0406105 -0.0140583 8.77996 46.9936 -13 610 0 0 1
0.114894 0.0396321 980 -0.0140762 -0.0253954 10.2946 38.9247 -13 611 0 0 1
0.0387186 0.0451542 980 0.0276947 -0.0350269 7.76781 56.4258 -13 612 0 0 1
-0.0208056 7.86449e-05 980 -0.00562715 -0.0040118 12.457 42.7278 -13 613 0 0 1
-0.124679 -0.16038 980 -0.0839789 0.0240739 12.1027 31.3445 -13 614 0 0 1
0.570119 0.668808 980 -0.00220913 -0.0803306 3.21948 110.913 -13 615 0 0 1
1.26657 0.418022 980 -0.1731 -0.227937 3.42422 115.394 -13 616 0 0 1
4.19765 -0.185692 980 0.68861 -1.32227 10.6468 49.5226 -13 617 0 0 1
0.0302365 0.0271113 980 0.076518 -0.0411202 8.04604 62.9113 -13 618 0 0 1
0.935959 -0.0215794 980 0.171017 -0.111838 4.55544 94.1784 -13 619 0 0 1
-0.132099 -0.0265409 980 -0.0258125 0.0212446 12.3453 48.1092 -13 620 0 0 1
0.0547542 -0.135561 980 -0.0897298 -0.156797 4.98279 69.9491 -13 621 0 0 1
-0.0808024 -0.0279472 980 -0.00169623 0.0501183 11.1304 59.5363 -13 622 0 0 1
0.12156 0.206302 980 0.0428541 -0.0108686 9.66866 50.2891 -13 623 0 0 1
0.0208243 0.133337 980 0.0854873 -0.00852933 14.1666 26.1863 -13 624 0 0 1
0.14332 -0.123664 980 -0.0520213 -0.0109148 9.08576 54.2524 -13 625 0 0 1
0.474418 0.0733171 980 -0.052645 -0.185732 5.87327 65.8347 -13 626 0 0 1
0.184902 0.37702 980 0.0615474 -0.0676254 9.3073 55.0743 -13 627 0 0 1
-0.128094 0.0510491 980 -0.0355634 0.0578464 10.4276 39.811 -13 629 0 0 1
0.0285623 0.0103415 980 0.0188301 -0.0199579 11.7528 57.3761 -13 630 0 0 1
0.032133 -0.134238 980 -0.0868516 -0.0466801 8.81173 67.1618 -13 631 0 0 1
0.0733306 -0.0370161 980 -0.04177 -0.0212905 14.0586 37.3712 -13 632 0 0 1
0.118308 0.0872872 980 -0.00790572 -0.0054234 8.27084 50.2993 -13 633 0 0 1
-0.468469 0.322983 980 0.15369 0.102105 4.55475 75.4803 -13 634 0 0 1
0.185636 -0.0441062 980 -0.0703421 -0.0461622 7.99821 60.748 -13 635 0 0 1
-0.127799 0.122096 980 0.0138582 0.0614329 14.0811 32.3722 -13 636 0 0 1
-0.501479 0.109096 980 0.0532827 0.0417478 7.89033 65.7683 -13 637 0 0 1
0.255586 0.0173234 980 -0.0814007 -0.141665 12.6853 43.6336 -13 638 0 0 1
0.475178 -0.00328148 980 -0.132819 -0.149973 13.9771 30.7323 -13 639 0 0 1
-0.191106 0.109466 980 -0.0139436 0.0555672 10.7976 33.479 -13 640 0 0 1
0.606543 0.717728 980 0.207862 -0.233652 3.96422 89.4664 -13 641 0 0 1
0.364788 -0.251295 980 -0.127129 -0.0117146 7.0664 71.7242 -13 642 0 0 1
-0.0527807 0.0661113 980 0.00161379 0.0217762 11.0442 32.4316 -13 643 0 0 1
-0.138655 -0.125339 980 0.0196298 0.0910315 13.7248 44.1983 -13 644 0 0 1
0.190319 -0.0195766 980 0.0325032 -0.0247077 9.64545 38.4759 -13 645 0 0 1
-0.0709621 -0.119401 980 -0.0326505 0.00577965 13.7369 42.651 -13 646 0 0 1
0.870216 0.419462 980 0.355396 -0.290446 5.66456 85.8987 -13 647 0 0 1
-0.117141 0.223229 980 -0.189895 0.160167 3.56177 100.137 -13 648 0 0 1
0.382135 -0.431438 980 -0.189909 -0.0880808 6.11998 65.9286 -13 649 0 0 1
-0.17992 -0.156563 980 -0.00495264 0.0344178 13.522 30.2188 -13 650 0 0 1
-0.194842 0.614928 980 -0.00666793 0.177981 10.0569 47.7965 -13 651 0 0 1
0.0123612 -0.064321 980 -0.0153167 0.0742971 10.4162 59.6462 -13 652 0 0 1
-0.0842976 0.0879848 980 0.0938092 0.0424734 11.867 47.1107 -13 653 0 0 1
-0.00153824 0.146395 980 0.0654543 -0.0111055 12.2723 41.0091 -13 654 0 0 1
0.00813244 -0.0075816 980 0.0203001 0.0257533 14.3522 46.853 -13 655 0 0 1
-0.089211 0.13989 980 0.0242329 0.045829 9.53914 52.7291 -13 656 0 0 1
-0.280116 0.0251279 980 0.0927259 0.0635073 7.90792 65.7269 -13 657 0 0 1
0.313099 -0.0115235 980 -0.0919328 0.0512145 4.60354 87.1369 -13 658 0 0 1
-0.039215 0.0308431 980 0.041804 -0.0241251 14.4466 38.3273 -13 659 0 0 1
0.23439 -0.087316 980 -0.171822 0.132234 11.6603 52.5334 -13 660 0 0 1
0.0624121 -0.225489 980 -0.140725 0.0145304 10.5968 49.0511 -13 661 0 0 1
-0.0108116 -0.0805888 980 -0.0112994 -0.033019 12.1162 40.4333 -13 662 0 0 1
-0.211015 0.214754 980 0.063133 0.104479 9.5074 65.9366 -13 663 0 0 1
-0.542629 0.418037 980 0.175208 0.0770966 8.11809 71.8719 -13 664 0 0 1
-0.0576242 -0.0639271 980 -0.0172132 0.0159879 11.3189 32.9982 -13 665 0 0 1
0.111233 0.121231 980 0.0235762 0.00591727 11.767 44.4962 -13 666 0 0 1
-0.00762457 0.0340216 980 -0.0242828 -0.0137078 13.0738 39.7803 -13 667 0 0 1
3.15591 0.185059 980 0.647084 -0.748721 6.42695 63.3321 -13 668 0 0 1
-0.0529118 0.098572 980 0.0476114 4.97707e-05 9.54423 54.3976 -13 669 0 0 1
-0.034664 0.259924 980 0.00608835 -0.0052299 13.547 43.232 -13 670 0 0 1
0.0736019 -0.0167028 980 0.0131038 -0.100575 13.1329 46.5535 -13 671 0 0 1
-0.0523624 0.219048 980 -0.0551652 0.096311 3.39391 105.737 -13 673 0 0 1
-0.136888 -0.067178 980 -0.0598497 -0.0356329 12.5208 57.3906 -13 674 0 0 1
0.0111044 0.0654581 980 0.419012 -0.486482 6.99596 57.0078 -13 675 0 0 1
-0.163661 -0.0566812 980 -0.10647 0.0765075 12.8711 53.4014 -13 676 0 0 1
-0.0353619 -0.191485 980 -0.0454385 -0.00993002 11.8079 36.5384 -13 677 0 0 1
-0.0841376 -0.090582 980 -0.00138397 -0.0079606 9.33662 53.0937 -13 678 0 0 1
0.377252 0.0430291 980 0.0086627 -0.0924911 8.0344 55.9068 -13 679 0 0 1
-0.156649 -0.0504266 980 -0.0919089 -0.00629842 9.20189 56.4821 -13 680 0 0 1
-0.000389153 0.0697656 980 0.0388728 -0.0287989 14.0607 27.8794 -13 681 0 0 1
-0.0319502 0.108499 980 0.012101 0.0134549 13.2338 27.7452 -13 682 0 0 1
0.0994217 -0.0493262 980 -0.0426184 0.0140132 12.9879 52.0647 -13 683 0 0 1
0.354855 -0.30318 980 -0.330579 0.173781 8.58158 57.0669 -13 684 0 0 1
-0.174379 0.111285 980 -0.0852752 0.019163 7.95977 50.9606 -13 685 0 0 1
-0.0105956 0.0822891 980 -0.00347355 -0.0179361 11.5435 57.4917 -13 686 0 0 1
0.344806 0.0394438 980 -0.0533185 -0.184376 8.97822 45.3718 -13 687 0 0 1
0.0372228 0.0472669 980 -0.0495913 0.00344549 12.8272 50.3949 -13 688 0 0 1
0.462598 0.0221541 980 -0.238501 -0.0847417 9.73621 58.2523 -13 689 0 0 1
-0.397491 0.450135 980 0.326639 0.202241 4.99821 86.5419 -13 690 0 0 1
-0.0834449 0.302683 980 0.120333 0.0666517 12.2702 45.6819 -13 691 0 0 1
-0.0430457 -0.053134 980 -0.0519898 -0.0416701 7.33145 48.7835 -13 692 0 0 1
-0.127226 0.289818 980 0.0862674 0.00780595 12.7468 48.4406 -13 693 0 0 1
-0.328768 0.161238 980 0.00404952 0.0164463 3.35912 102.336 -13 694 0 0 1
-0.160481 0.204203 980 0.0630459 -0.0673352 7.22987 58.5635 -13 695 0 0 1
-0.273039 0.147198 980 -0.0672123 0.0984963 6.43509 66.4239 -13 696 0 0 1
0.101523 -0.0800384 980 0.019955 -0.0750539 9.9805 53.508 -13 697 0 0 1
0.280557 0.139314 980 0.0978936 -0.0876234 8.67915 47.951 -13 698 0 0 1
-0.0348926 0.00949136 980 -0.00202766 0.0323884 13.3316 50.1718 -13 699 0 0 1
-0.000685286 0.220878 980 0.548618 -0.0549831 8.69737 50.3716 -13 700 0 0 1
-0.105418 -0.163756 980 0.0204858 0.0510639 8.96686 40.8541 -13 701 0 0 1
0.122301 0.258297 980 -0.0713342 -0.0806912 12.2783 53.9818 -13 702 0 0 1
0.101475 0.35127 980 0.0361633 -0.136181 12.0462 51.4067 -13 703 0 0 1
0.009856 -0.152672 980 -0.0931289 -0.0283718 9.37068 45.9819 -13 704 0 0 1
-0.133029 -0.0174541 980 0.0782047 0.00901599 10.0621 41.3832 -13 705 0 0 1
-0.281197 0.403117 980 0.133671 0.047093 9.55095 52.0859 -13 706 0 0 1
-0.115874 -0.013807 980 -0.0461185 -0.00218377 13.854 26.8902 -13 707 0 0 1
-0.014781 0.0975249 980 -0.072777 0.0250064 10.5192 51.3726 -13 708 0 0 1
1.29229 -0.492815 980 0.0937609 -0.100201 2.5197 115.878 -13 709 0 0 1
-0.668163 0.649597 980 0.203254 0.0731978 7.8705 63.8804 -13 710 0 0 1
-0.0626835 0.0090945 980 -0.0363618 -0.0423912 14.1464 26.6326 -13 711 0 0 1
0.00614089 -0.10507 980 -0.0234342 0.0367654 11.5932 50.0222 -13 712 0 0 1
0.0915637 -0.239877 980 -0.0240408 0.0805067 6.31947 76.4642 -13 713 0 0 1
-0.0202024 -0.0858424 980 -0.0245554 0.0268966 14.0288 46.3149 -13 714 0 0 1
0.0906872 -0.034224 980 0.00151738 -0.0241995 12.3457 57.827 -13 715 0 0 1
-0.357825 -0.0865696 980 0.319156 0.352284 13.1006 47.5052 -13 716 0 0 1
0.0360976 -0.0217345 980 0.00486307 -0.0098492 10.5775 48.4424 -13 717 0 0 1
-0.10761 -0.00945719 980 0.0990364 -0.00693152 8.62707 48.3177 -13 718 0 0 1
-0.0397899 0.0381401 980 0.123146 -0.0471169 10.5892 41.6707 -13 719 0 0 1
0.122532 0.170492 980 0.03647 -0.0915349 11.2526 59.7718 -13 720 0 0 1
-0.398864 0.510316 980 0.177051 0.110538 9.63893 61.9754 -13 721 0 0 1
0.212806 0.269617 980 -0.0500604 -0.199703 5.095 77.2153 -13 722 0 0 1
0.0647017 -0.0728351 980 -0.045057 0.0677694 8.51817 44.3357 -13 723 0 0 1
-0.582383 -0.163959 980 -0.00302025 0.253523 4.55131 93.6296 -13 724 0 0 1
0.250637 0.381679 980 -0.106776 -0.446186 9.5545 48.2885 -13 725 0 0 1
0.0683033 0.101072 980 0.0606769 0.0109016 13.5865 41.384 -13 726 0 0 1
0.181756 -0.0775676 980 -0.0754666 -0.0340036 14.1129 29.9476 -13 727 0 0 1
-0.212943 -0.252049 980 -0.156092 0.0225161 5.21911 75.1324 -13 729 0 0 1
0.013179 0.224805 980 0.0781287 -0.0667683 11.185 38.6181 -13 730 0 0 1
0.100046 0.210126 980 0.063904 -0.0157062 10.9021 35.1182 -13 731 0 0 1
0.556156 -0.220701 980 0.00858871 -0.139064 4.40439 85.8155 -13 733 0 0 1
0.246926 0.398119 980 0.165516 0.021194 7.77837 48.4919 -13 734 0 0 1
-0.039388 -0.134756 980 -0.101895 -0.00724929 10.9506 48.7465 -13 735 0 0 1
0.216948 -0.100954 980 -0.0859399 -0.0460501 10.9708 41.6611 -13 736 0 0 1
-0.0164339 0.0142022 980 0.0419444 -0.116875 8.16005 62.846 -13 737 0 0 1
0.0160619 0.184476 980 -0.0315633 0.0828091 8.31248 64.7588 -13 738 0 0 1
-0.0518586 -0.201811 980 -0.0655754 0.046899 11.8667 50.2589 -13 739 0 0 1
-0.236805 0.117168 980 0.0535988 0.0593705 13.0236 50.7374 -13 740 0 0 1
-0.0418186 -0.229657 980 -0.142234 0.0368422 8.66474 59.7125 -13 741 0 0 1
0.639095 -1.25786 980 -0.443702 -0.181841 3.99295 105.184 -13 742 0 0 1
-0.0118771 0.0440717 980 -0.0618755 0.051639 8.24768 43.8449 -13 743 0 0 1
0.0140268 -0.00171484 980 0.00071275 -0.0316747 11.4831 45.3635 -13 745 0 0 1
0.0659709 -0.15041 980 -0.110338 0.00107137 8.43836 66.9278 -13 746 0 0 1
-0.0909813 0.0513473 980 0.0120704 -0.000601027 11.8275 52.5476 -13 747 0 0 1
0.130689 -0.107816 980 0.00201219 -0.0166702 10.5259 50.337 -13 748 0 0 1
0.0194455 -0.104844 980 0.0257867 -0.0251958 12.1041 30.5798 -13 749 0 0 1
-0.206068 -0.0375595 980 0.0103277 0.0415672 10.349 55.5333 -13 750 0 0 1
0.251189 0.249867 980 0.0617147 -0.121058 11.0396 55.9104 -13 751 0 0 1
-0.0888921 -0.114104 980 -0.095244 0.0539224 6.43569 57.7335 -13 752 0 0 1
-0.018859 -0.00215949 980 0.0160268 0.0585269 10.7593 35.3978 -13 753 0 0 1
-0.0898545 -0.0399475 980 -0.0353295 0.00798802 8.63327 65.871 -13 754 0 0 1
-0.131457 0.38288 980 0.329491 0.0688703 7.84723 51.5553 -13 755 0 0 1
-0.330386 -0.919281 980 -0.137561 -0.358646 5.11664 77.2653 -13 756 0 0 1
-0.16064 -0.0610429 980 0.0025507 0.0154686 7.17722 60.8486 -13 757 0 0 1
-0.0967829 -0.447541 980 -0.0470576 0.029594 7.82877 46.9719 -13 758 0 0 1
0.0479388 -0.120852 980 -0.00426603 -0.00534474 14.1691 40.5373 -13 759 0 0 1
-0.00980449 0.0688921 980 0.0394618 0.0810155 8.02511 63.7088 -13 760 0 0 1
-0.142592 -0.178979 980 -0.0851828 -0.127852 6.23086 61.5205 -13 761 0 0 1
-0.0331266 -0.0722478 980 -0.0606572 -0.0266845 13.8563 53.923 -13 762 0 0 1
0.0630911 0.203852 980 0.0603319 -0.0119197 11.1097 57.7953 -13 763 0 0 1
-0.0833648 0.154165 980 0.0432443 -0.0121016 9.81654 46.6348 -13 764 0 0 1
0.0272728 -0.0184194 980 0.0692226 -0.127738 5.70224 67.2153 -13 765 0 0 1
-0.118331 -0.0591262 980 0.0341659 0.096811 8.48381 46.1574 -13 766 0 0 1
0.0364806 0.0145398 980 -0.0273816 0.0192509 12.5121 57.3276 -13 767 0 0 1
0.051328 0.040161 980 0.00919681 0.0148719 12.8466 48.3996 -13 768 0 0 1
-0.153184 0.736879 980 0.188907 0.242859 6.88873 54.6634 -13 769 0 0 1
-0.0721225 0.0646688 980 -0.00644554 -0.0348702 13.6282 32.8154 -13 770 0 0 1
0.0506258 -0.517737 980 -0.0789183 -0.0548293 10.8193 38.5591 -13 771 0 0 1
-0.0171903 -0.198019 980 0.0180979 0.0554542 14.32 27.1065 -13 772 0 0 1
0.195724 -0.0913834 980 -0.0731972 -0.0989821 11.4004 35.7649 -13 773 0 0 1
0.0514711 0.0650989 980 0.0613803 0.0375582 13.3967 30.105 -13 774 0 0 1
0.525883 -0.424783 980 -0.140494 -0.0103428 3.17216 98.5892 -13 775 0 0 1
0.0960877 -0.108876 980 -0.0462126 -0.0527412 11.7904 41.5315 -13 776 0 0 1
0.0991489 0.123219 980 0.047312 -0.0546194 10.6522 45.5144 -13 777 0 0 1
-0.169109 0.0486553 980 -0.0429724 0.188945 8.57395 59.3907 -13 778 0 0 1
-0.453041 0.209213 980 0.0794816 0.151081 12.9243 27.9487 -13 779 0 0 1
-0.375284 -0.430526 980 -0.0718744 0.173855 9.55998 41.243 -13 780 0 0 1
-0.734753 -0.367286 980 -0.179722 0.200517 11.53 34.9292 -13 781 0 0 1
0.0620324 -0.122729 980 0.0533965 -0.0697638 10.0291 38.4303 -13 782 0 0 1
0.0436808 0.0136488 980 0.107188 -0.0739579 6.78999 66.8955 -13 783 0 0 1
0.269953 -0.202663 980 0.0971068 -0.0154257 6.78803 53.6305 -13 784 0 0 1
-1.20825 0.280107 980 0.0459138 0.358419 4.58211 85.3107 -13 785 0 0 1
-0.0397248 -0.000739865 980 -0.00453191 0.0213364 9.5464 55.6396 -13 786 0 0 1
-0.0520691 -0.0934627 980 -0.0470243 -0.0475061 8.85756 56.189 -13 787 0 0 1
-0.252066 -0.0768471 980 0.0368597 -0.0194845 12.3215 46.9109 -13 788 0 0 1
-0.0570187 0.264652 980 0.0466132 0.00273344 14.1555 40.2507 -13 789 0 0 1
-0.176375 0.0136195 980 -0.0117249 0.0520125 9.91524 62.3587 -13 790 0 0 1
-0.409614 0.519587 980 0.0957974 0.0932417 4.68734 95.81 -13 791 0 0 1
-0.307038 0.033514 980 -0.0237202 0.197276 11.7569 58.2297 -13 792 0 0 1
-0.0268468 0.0161932 980 -0.0560277 0.0297136 11.3977 47.9052 -13 793 0 0 1
-0.0101011 -0.0409651 980 -0.0486987 0.0190756 7.34914 59.4541 -13 794 0 0 1
0.0814904 -0.0131304 980 0.158202 -0.0317815 11.4896 39.2159 -13 795 0 0 1
-0.130193 0.0790173 980 0.0409373 0.0501119 8.85594 62.3447 -13 796 0 0 1
0.23597 0.0252386 980 -0.00018062 -0.00147246 14.0018 50.1412 -13 797 0 0 1
-0.0932253 0.105884 980 0.0263569 -0.0268589 13.6783 50.9879 -13 798 0 0 1
-0.160142 0.0511122 980 -0.0216977 0.0722727 9.29075 66.8907 -13 799 0 0 1
-0.0524377 0.0360117 980 0.0240361 0.00560655 13.5441 28.599 -13 800 0 0 1
0.00237211 -0.0219341 980 0.131122 0.0261951 5.6018 65.6014 -13 801 0 0 1
-0.285104 -0.168432 980 -0.112331 0.0784542 6.89292 69.7454 -13 803 0 0 1
0.0119867 0.161251 980 0.0437315 0.00408051 12.9931 34.8384 -13 804 0 0 1
-0.00764439 -0.0292773 980 0.0224369 -0.00521767 12.5603 55.108 -13 805 0 0 1
0.613695 -0.23254 980 0.0067615 -0.163651 0.575378 151.231 -13 806 0 0 1
0.00320811 -0.0172433 980 -0.0425647 0.0338361 13.6402 36.5796 -13 807 0 0 1
-0.372336 0.375423 980 0.242838 -0.213598 6.91743 59.3274 -13 808 0 0 1
0.0918628 0.0683733 980 0.0102493 -0.0355477 14.2932 38.5613 -13 809 0 0 1
-0.0177778 -0.00774759 980 -0.0511792 0.021996 10.7794 48.703 -13 810 0 0 1
0.0954397 0.338075 980 0.109796 -0.0773973 5.55712 64.5564 -13 811 0 0 1
-0.124383 0.037338 980 0.0156384 0.0559504 6.41856 55.6214 -13 812 0 0 1
-0.0879332 -0.118187 980 -0.0394686 0.128884 13.1816 37.7104 -13 813 0 0 1
-0.0218503 0.153906 980 0.102844 -0.0115664 9.57174 47.4235 -13 814 0 0 1
0.0610361 0.038193 980 -0.00210645 -0.0493348 11.6238 57.7483 -13 815 0 0 1
-0.193426 -0.00987981 980 0.0593943 0.0862761 5.91905 62.8958 -13 816 0 0 1
-0.217235 -0.233927 980 -0.15947 0.102695 5.01345 90.9354 -13 817 0 0 1
0.375008 0.0215397 980 -0.0254892 -0.0498453 11.445 59.6593 -13 818 0 0 1
-0.326613 -0.0325599 980 0.000343784 0.084552 6.01935 83.5041 -13 819 0 0 1
0.100876 0.00916554 980 -0.0156544 -0.0411346 13.3836 33.2822 -13 820 0 0 1
-0.0318209 0.438893 980 0.000469368 -0.0613775 8.28183 45.5758 -13 821 0 0 1
0.237822 0.0798557 980 -0.0497944 -0.0442079 11.6732 58.8309 -13 822 0 0 1
-0.0510532 -0.0410853 980 0.00927661 -0.00182408 12.6037 51.2672 -13 823 0 0 1
0.0122823 -0.0500638 980 -0.0153793 0.00179508 14.5506 45.3528 -13 824 0 0 1
-0.104466 0.0733767 980 0.0358122 0.0422002 14.4364 50.627 -13 825 0 0 1
-0.103622 -0.0313908 980 -0.0681036 0.050879 7.51779 59.5056 -13 826 0 0 1
0.789809 1.6491 980 0.111326 -0.344314 2.87083 126.054 -13 827 0 0 1
0.187039 0.0272282 980 0.0399706 0.0041689 8.58588 67.3913 -13 828 0 0 1
-0.0840138 -0.134332 980 -0.0260528 0.0845505 10.0157 61.4739 -13 829 0 0 1
-0.131558 0.11505 980 0.102507 0.0376597 14.0639 54.3037 -13 830 0 0 1
-1.74386 -1.17732 980 0.534977 0.762616 8.27257 48.9045 -13 831 0 0 1
-0.00729358 -0.0626796 980 -0.0034742 -8.99074e-05 13.7832 39.3686 -13 832 0 0 1
-0.0989835 0.289953 980 0.0895145 0.0796321 8.99002 68.2606 -13 833 0 0 1
0.151091 -0.323943 980 -0.176547 -0.119415 5.0042 90.2381 -13 834 0 0 1
-0.0730025 -0.108123 980 -0.140391 0.0346956 7.71458 72.7437 -13 835 0 0 1
0.166806 -0.0182361 980 -0.0228369 -0.0809709 11.8386 51.5281 -13 836 0 0 1
-0.430059 -0.333581 980 -0.0977988 0.104519 10.7918 41.796 -13 837 0 0 1
0.0183182 0.116243 980 -0.0444501 0.0271635 12.8178 44.4856 -13 838 0 0 1
-0.220482 0.0413753 980 0.00804801 0.0567497 11.0614 53.3219 -13 839 0 0 1
0.320981 -0.0655591 980 -0.0347716 -0.0384369 9.82913 57.3407 -13 840 0 0 1
-0.145567 -0.68827 980 -0.0602503 0.0637275 5.9207 83.9576 -13 842 0 0 1
0.119703 -0.0565394 980 0.0720933 -0.12674 8.15047 49.5439 -13 843 0 0 1
-0.421981 -0.205445 980 0.136509 0.122353 3.83676 105.798 -13 844 0 0 1
-0.219138 -0.165209 980 -0.145107 0.180156 13.41 35.3874 -13 845 0 0 1
0.144602 0.295812 980 -0.0585269 -0.0376886 12.2582 45.5028 -13 846 0 0 1
-0.15463 0.435783 980 0.0613754 0.155975 4.23149 86.2362 -13 847 0 0 1
0.427602 -0.12378 980 -0.0152461 0.0248115 4.35771 102.143 -13 848 0 0 1
-0.098689 -0.113884 980 -0.0874767 -0.0493482 9.5735 38.9883 -13 849 0 0 1
-0.0889902 -0.121657 980 -0.0643705 0.046323 12.3293 50.7662 -13 850 0 0 1
-0.241553 -0.0671114 980 0.0176186 0.119943 8.86131 47.4734 -13 851 0 0 1
-0.332233 -0.649453 980 -0.122334 0.126371 4.43944 77.0779 -13 853 0 0 1
0.151688 0.103493 980 -0.00421976 -0.0446092 11.4283 34.2991 -13 854 0 0 1
0.0786573 0.342723 980 0.0463274 0.049558 11.5326 54.1793 -13 855 0 0 1
0.140952 -0.115563 980 -0.0939502 -0.0121875 14.3093 33.018 -13 857 0 0 1
-0.135983 0.0885275 980 -0.144602 -0.0840253 10.1468 60.7776 -13 858 0 0 1
-0.102616 0.250089 980 0.062133 -0.0179357 12.9153 39.0571 -13 859 0 0 1
-0.058741 0.0484418 980 -0.0261493 -0.00280197 13.0328 52.0197 -13 860 0 0 1
0.0479407 0.103705 980 -0.00347122 0.0519075 11.1594 34.6498 -13 861 0 0 1
0.193688 -0.195741 980 0.00525438 -0.114039 5.67008 81.0343 -13 862 0 0 1
-0.922235 -1.14238 980 -0.253061 0.321101 3.40817 96.6356 -13 863 0 0 1
0.0236409 0.0453212 980 -0.12118 0.0276539 6.78801 64.401 -13 865 0 0 1
0.230047 0.240918 980 0.207108 -0.116475 5.28974 92.084 -13 866 0 0 1
0.244525 0.0242492 980 0.00751749 -0.0603575 8.27599 52.3138 -13 868 0 0 1
0.110009 0.169166 980 -0.0512716 -0.00838307 9.06531 59.2069 -13 869 0 0 1
-0.0894765 -0.30054 980 -0.142466 -0.0534615 12.346 43.8246 -13 870 0 0 1
0.0159514 0.12328 980 -0.0221604 0.00527387 13.6802 48.1243 -13 871 0 0 1
-0.00271535 -0.490794 980 0.0445044 0.264731 4.92164 87.7797 -13 872 0 0 1
0.24321 0.0801544 980 0.0517737 -0.243082 4.03473 84.5859 -13 873 0 0 1
-0.132447 -0.112007 980 -0.32708 -0.00108242 4.62945 85.5981 -13 874 0 0 1
0.518202 1.19943 980 0.336566 0.00972164 2.3978 110.023 -13 875 0 0 1
0.0573966 -0.0907289 980 -0.0914255 -0.0539492 11.7548 41.7113 -13 876 0 0 1
0.099378 -0.0777351 980 -0.0104222 -0.00387629 9.16578 61.1358 -13 877 0 0 1
-0.0125283 -0.00447194 980 0.03965 0.011503 14.2288 50.9806 -13 879 0 0 1
-0.0371933 0.0693491 980 0.0113649 -0.0637537 12.9238 32.8395 -13 880 0 0 1
0.00195383 0.0532693 980 -0.0485711 -0.0193517 14.5183 37.0477 -13 881 0 0 1
-0.105939 0.337042 980 0.050143 0.105561 6.43277 74.9067 -13 882 0 0 1
0.0215201 -0.0182663 980 -0.00905615 -0.0382753 6.95964 73.4948 -13 883 0 0 1
-0.169937 0.0778759 980 0.0240802 -0.0471555 5.48259 78.555 -13 884 0 0 1
-0.0543285 -0.0391232 980 -0.00648473 0.0824621 12.5567 29.8054 -13 885 0 0 1
-0.0108657 -0.233683 980 -0.0135465 -0.016138 8.42832 48.0851 -13 886 0 0 1
-0.183334 0.048634 980 -0.0108494 0.0706465 8.45151 41.8786 -13 887 0 0 1
-0.170198 -0.0677315 980 -0.016714 0.112754 8.38241 60.6211 -13 888 0 0 1
-0.0251554 -0.0400662 980 -0.0552988 0.0454342 11.2842 55.9005 -13 889 0 0 1
0.0779688 0.0272174 980 -0.0405079 -0.0403067 10.7993 44.357 -13 890 0 0 1
0.274529 -0.168836 980 0.0310992 -0.0743154 7.43543 54.8813 -13 891 0 0 1
-0.114241 -0.0677162 980 -0.0997405 -0.0110855 14.049 34.0543 -13 892 0 0 1
-0.189599 -0.117614 980 -0.0902487 0.0224132 9.31067 41.1942 -13 893 0 0 1
0.0585931 0.0869561 980 -0.018158 -0.0890518 12.5921 46.4998 -13 894 0 0 1
-0.0942974 -0.0452427 980 -0.0250953 0.0953826 11.5949 47.2693 -13 895 0 0 1
-0.195871 -0.479893 980 -0.140858 0.00228567 6.66637 73.2742 -13 896 0 0 1
-0.0022569 0.223899 980 0.0570661 0.114644 10.3113 41.2889 -13 897 0 0 1
-0.554234 -0.17272 980 0.00566032 0.128594 8.32496 58.449 -13 898 0 0 1
0.185335 -0.687199 980 0.00763462 -0.157366 6.61495 61.8799 -13 899 0 0 1
0.166046 0.0413005 980 0.0920022 -0.0472919 11.4281 32.655 -13 900 0 0 1
0.49716 0.101738 980 0.107794 -0.0367199 5.24324 93.1035 -13 901 0 0 1
-0.529125 -0.0915807 980 -0.194117 0.0897395 8.51893 43.3744 -13 902 0 0 1
0.230095 -0.0426173 980 0.00652003 -0.185661 6.51897 60.5135 -13 903 0 0 1
-0.0158755 0.148428 980 0.022609 -0.0360179 12.5362 35.7883 -13 904 0 0 1
-0.65319 0.0745378 980 -0.00870125 0.191593 4.91171 86.0594 -13 905 0 0 1
0.14303 0.231439 980 0.0899971 -0.06208 10.4179 53.5892 -13 906 0 0 1
-0.243456 0.137801 980 0.0652669 0.0594678 11.6045 56.7964 -13 907 0 0 1
0.0251297 -0.0700129 980 -0.0247529 0.0129857 12.9419 30.7837 -13 908 0 0 1
-0.00850961 0.0579508 980 0.0206804 0.0894366 7.17661 63.2372 -13 909 0 0 1
0.152818 0.0142291 980 -0.0302317 -0.070169 9.23088 39.5823 -13 910 0 0 1
0.10615 -0.60339 980 -0.236375 0.1248 11.7982 31.8878 -13 912 0 0 1
-0.0151482 0.0656806 980 -0.0232477 -0.0201444 10.2414 36.2662 -13 914 0 0 1
0.0505504 0.218965 980 -0.0277012 -0.0282694 9.06626 44.9438 -13 915 0 0 1
-0.102565 -0.154843 980 -0.0257373 0.0435929 13.7889 44.5255 -13 916 0 0 1
0.00972013 -0.00950783 980 0.00763402 0.02029 12.4765 47.8953 -13 917 0 0 1
-0.0290968 -0.0968574 980 -0.029946 0.0299205 12.8387 51.685 -13 918 0 0 1
0.0789422 -0.434361 980 0.0578267 0.0846899 3.21128 99.8441 -13 919 0 0 1
0.139163 0.132507 980 0.0670484 0.100806 8.6075 43.8706 -13 920 0 0 1
-0.269871 -0.020683 980 -0.0384758 0.103052 14.0618 31.4789 -13 921 0 0 1
0.00994009 0.0290434 980 -0.0104771 0.000776802 12.8366 48.6053 -13 922 0 0 1
-0.0933879 0.0671784 980 -0.10938 0.0568937 3.48669 117.556 -13 923 0 0 1
-0.0216002 0.118855 980 0.0724822 0.0375248 13.5203 40.0185 -13 924 0 0 1
-0.223164 -0.139821 980 -0.048378 0.0431346 13.917 53.9042 -13 925 0 0 1
0.0474739 -0.145645 980 -0.00150099 0.0110881 12.7904 28.4885 -13 926 0 0 1
0.219511 0.360382 980 0.142463 -0.0809853 4.43445 88.2543 -13 927 0 0 1
0.167807 0.363713 980 0.0518991 -0.0464017 11.7588 53.6561 -13 928 0 0 1
0.048576 0.0084211 980 0.0103854 -0.0644764 13.537 32.7971 -13 929 0 0 1
-0.159025 -0.0989432 980 -0.0190936 0.0707139 12.7066 46.0525 -13 930 0 0 1
0.0773959 0.0747706 980 0.0279968 -0.00768632 13.3008 47.9023 -13 931 0 0 1
0.0488509 -0.0201939 980 -0.0391569 -0.0859518 11.4236 59.884 -13 932 0 0 1
0.071675 0.310518 980 0.0954398 -0.00576863 13.5969 39.4422 -13 933 0 0 1
0.0539832 0.0349834 980 -0.138016 -0.00827752 8.54615 53.1646 -13 934 0 0 1
-0.106355 -0.0833363 980 -0.0156856 -0.0843775 10.2952 55.3677 -13 935 0 0 1
-0.0311631 0.0603478 980 -0.0136824 -0.0110946 12.4133 42.0095 -13 936 0 0 1
0.109896 0.141356 980 0.0816555 0.0496248 12.5224 55.5521 -13 937 0 0 1
0.195023 0.341574 980 0.0958936 -0.185307 4.21783 80.6018 -13 938 0 0 1
-0.108914 0.0797606 980 0.0435127 0.00149665 13.8384 35.6197 -13 939 0 0 1
-1.24642 0.0392507 980 -0.485754 -0.02765 5.67608 63.6804 -13 940 0 0 1
-0.246598 -0.277448 980 -0.115782 0.0139968 12.2366 44.7604 -13 941 0 0 1
0.208057 0.0690824 980 0.0136545 -0.111731 10.4687 58.4543 -13 943 0 0 1
0.765224 0.499923 980 0.180526 -0.196078 5.55431 84.1899 -13 944 0 0 1
0.41675 -0.589263 980 0.00747411 -0.0583618 3.58817 115.092 -13 945 0 0 1
-0.0111716 -0.0854743 980 -0.0372626 -0.0183097 14.2917 37.6932 -13 946 0 0 1
-0.26669 -0.0384412 980 -0.0639667 0.0854079 10.4142 38.8746 -13 947 0 0 1
-0.419416 0.0502555 980 -0.04807 0.243512 7.67845 50.3745 -13 948 0 0 1
-0.162486 -0.105292 980 -0.0412507 -0.0107963 12.4705 49.3369 -13 949 0 0 1
-0.365263 -0.463052 980 -0.00387355 0.369379 2.39142 113.466 -13 950 0 0 1
0.0483022 -0.177265 980 0.00176981 -0.0241699 5.02441 73.4532 -13 951 0 0 1
0.669893 -0.583191 980 -0.219034 -0.0666535 3.7318 110.163 -13 952 0 0 1
0.0256085 0.160308 980 0.0455949 -0.0709401 9.77043 42.6763 -13 953 0 0 1
-0.154549 -0.193794 980 -0.032269 -0.0286727 6.55599 72.0091 -13 954 0 0 1
-0.147008 0.163107 980 0.00302745 0.0185152 7.26108 64.6859 -13 955 0 0 1
0.324401 0.212979 980 0.131697 -0.14988 6.84631 57.7277 -13 956 0 0 1
0.792251 0.529706 980 -1.15169 -0.695199 13.9763 44.1533 -13 957 0 0 1
0.120571 0.124001 980 0.0729966 -0.0259832 11.8557 43.9883 -13 958 0 0 1
-0.140362 0.110977 980 0.0468291 -0.0457352 10.3684 54.405 -13 959 0 0 1
-0.0749764 0.00426347 980 -0.00885533 0.043809 14.4183 34.0725 -13 960 0 0 1
-0.198255 -0.0199279 980 -0.080687 0.0532037 11.7727 48.9493 -13 962 0 0 1
0.0123369 0.111623 980 0.072825 -0.0757459 11.8551 52.6411 -13 963 0 0 1
-0.01638 0.125543 980 0.0473577 0.00840557 10.4612 60.2627 -13 964 0 0 1
-0.0188321 0.0177467 980 -0.0194549 0.0441757 11.3191 46.7674 -13 965 0 0 1
-0.0214238 0.22276 980 0.0364702 0.0610605 9.31466 45.5008 -13 966 0 0 1
0.164002 -0.0457591 980 -0.0113242 -0.0228588 8.84181 52.2573 -13 969 0 0 1
-0.086746 -0.053525 980 -0.0456762 -0.0153784 13.2443 40.6962 -13 971 0 0 1
-0.177763 0.0596581 980 -0.0446506 0.0290236 14.457 39.7695 -13 972 0 0 1
0.0179936 0.183625 980 0.0247169 -0.0164026 13.6579 54.3702 -13 973 0 0 1
-0.0201438 -0.0585775 980 0.0185691 0.0150513 14.4647 44.319 -13 974 0 0 1
0.0230945 0.343802 980 0.0857105 -0.0584924 10.2562 54.2177 -13 975 0 0 1
0.0665377 -0.32375 980 -0.0680528 -0.149314 6.59784 58.5717 -13 976 0 0 1
0.0823271 0.129239 980 0.0513858 -0.0262577 9.03031 56.0798 -13 978 0 0 1
-0.0190284 -0.0922159 980 -0.0379458 -0.0296032 13.7059 44.557 -13 979 0 0 1
0.114963 0.190392 980 0.00299667 -0.00919761 12.0317 33.1024 -13 980 0 0 1
-0.011481 -0.0485794 980 0.00762894 0.0269975 9.64611 37.1583 -13 981 0 0 1
0.00620315 0.00300939 980 -0.0233415 0.00648552 13.5978 38.8498 -13 982 0 0 1
-0.184501 0.357948 980 0.166545 -0.0694142 5.45156 85.4549 -13 983 0 0 1
-0.196466 1.03314 980 0.400962 -0.0226783 9.96415 37.7078 -13 984 0 0 1
-0.109632 0.120334 980 0.0290869 -0.0413933 11.2331 46.7137 -13 985 0 0 1
-0.0332335 0.0120506 980 0.0503273 0.0275939 8.28145 60.8089 -13 986 0 0 1
-0.00439022 0.00680596 980 -0.0323433 0.0079403 14.2311 49.5636 -13 987 0 0 1
0.40704 0.180102 980 -0.000429319 -0.153908 6.53177 74.2505 -13 988 0 0 1
0.0304728 -0.020744 980 -0.0359368 -0.032911 14.4575 32.7666 -13 990 0 0 1
-0.0834517 -0.0705378 980 -0.0653691 0.0119829 10.8601 52.5092 -13 991 0 0 1
-0.0657234 0.000812833 980 -0.0960325 -0.00464949 13.0154 52.5591 -13 992 0 0 1
0.00438942 0.0831095 980 0.0420867 -0.0113776 11.2312 60.3545 -13 993 0 0 1
0.0258661 0.118379 980 0.00105971 -0.0865447 12.7531 52.3361 -13 994 0 0 1
0.168841 -0.213415 980 -0.137408 -0.0423973 13.8819 37.4751 -13 995 0 0 1
0.0603379 -0.0693464 980 0.00515001 -0.0639461 13.0108 52.4332 -13 996 0 0 1
-0.17143 0.118645 980 0.0344102 0.0554018 14.5021 33.2676 -13 997 0 0 1
-0.00711934 0.304179 980 0.0478986 0.00291623 10.17 59.613 -13 998 0 0 1
-0.132004 -0.330736 980 -0.104967 0.0329713 7.26804 52.5574 -13 999 0 0 1
0.0380354 0.0766008 980 0.0276886 0.0230321 8.38252 63.3587 -13 1000 0 0 1
