#BLTrackFile NTuple/Z0
#x y z Px Py Pz t PDGid EventID TrackID ParentID Weight
#mm mm mm MeV/c MeV/c MeV/c ns - - - - -
0 0 0 0 0 1 0 -13 -1 1 0 1
0 0 0 0 0 11.5347 19.1641 -13 1 0 0 1
0 0 0 0 0 9.9743 2.62246 -13 3 0 0 1
0 0 0 0 0 13.66 23.533 -13 9 0 0 1
0 0 0 0 0 8.49089 3.04937 -13 16 0 0 1
0 0 0 0 0 13.705 21.7826 -13 34 0 0 1
0 0 0 0 0 8.63599 24.5548 -13 36 0 0 1
0 0 0 0 0 9.54568 10.6062 -13 39 0 0 1
0 0 0 0 0 14.4393 12.1449 -13 43 0 0 1
0 0 0 0 0 11.3201 19.1895 -13 44 0 0 1
0 0 0 0 0 6.84322 10.6609 -13 48 0 0 1
0 0 0 0 0 10.7606 15.0814 -13 74 0 0 1
0 0 0 0 0 10.3301 28.2006 -13 80 0 0 1
0 0 0 0 0 8.00509 13.3844 -13 86 0 0 1
0 0 0 0 0 10.0085 11.2516 -13 89 0 0 1
0 0 0 0 0 5.97345 9.30354 -13 94 0 0 1
0 0 0 0 0 5.62255 3.50033 -13 110 0 0 1
0 0 0 0 0 5.23449 23 -13 123 0 0 1
0 0 0 0 0 11.7441 25.4296 -13 126 0 0 1
0 0 0 0 0 7.31984 4.68266 -13 137 0 0 1
0 0 0 0 0 14.1532 25.4518 -13 140 0 0 1
0 0 0 0 0 8.16377 3.93573 -13 151 0 0 1
0 0 0 0 0 14.1439 24.6224 -13 152 0 0 1
0 0 0 0 0 7.58727 9.19676 -13 160 0 0 1
0 0 0 0 0 10.6907 3.00782 -13 175 0 0 1
0 0 0 0 0 7.21719 23.9982 -13 180 0 0 1
0 0 0 0 0 8.8294 26.9558 -13 181 0 0 1
0 0 0 0 0 12.3088 5.1583 -13 184 0 0 1
0 0 0 0 0 11.8942 29.5742 -13 186 0 0 1
0 0 0 0 0 4.97977 4.47382 -13 187 0 0 1
0 0 0 0 0 8.67155 17.1094 -13 188 0 0 1
0 0 0 0 0 2.87087 20.4918 -13 200 0 0 1
0 0 0 0 0 6.73154 15.7192 -13 211 0 0 1
0 0 0 0 0 13.8053 26.8167 -13 348 0 0 1
0 0 0 0 0 4.78214 8.64952 -13 351 0 0 1
0 0 0 0 0 4.47484 12.4372 -13 352 0 0 1
0 0 0 0 0 10.9722 17.9539 -13 358 0 0 1
0 0 0 0 0 8.79724 1.42951 -13 362 0 0 1
0 0 0 0 0 12.2288 28.9123 -13 363 0 0 1
0 0 0 0 0 14.4703 5.22189 -13 364 0 0 1
0 0 0 0 0 6.60633 4.46309 -13 370 0 0 1
0 0 0 0 0 3.08251 28.7449 -13 372 0 0 1
0 0 0 0 0 13.3801 22.4032 -13 375 0 0 1
0 0 0 0 0 13.4253 13.032 -13 382 0 0 1
0 0 0 0 0 14.1281 14.9561 -13 384 0 0 1
0 0 0 0 0 0.751388 3.06782 -13 385 0 0 1
0 0 0 0 0 14.4681 9.65656 -13 386 0 0 1
0 0 0 0 0 10.3444 9.75567 -13 390 0 0 1
0 0 0 0 0 8.74164 28.7801 -13 391 0 0 1
0 0 0 0 0 8.21609 27.862 -13 392 0 0 1
0 0 0 0 0 14.1165 9.42207 -13 395 0 0 1
0 0 0 0 0 7.17378 16.7253 -13 396 0 0 1
0 0 0 0 0 14.5403 7.91985 -13 397 0 0 1
0 0 0 0 0 5.8234 20.5611 -13 403 0 0 1
0 0 0 0 0 12.8665 17.7044 -13 405 0 0 1
0 0 0 0 0 7.2108 15.7904 -13 406 0 0 1
0 0 0 0 0 12.2236 4.05882 -13 409 0 0 1
0 0 0 0 0 8.34359 7.73441 -13 415 0 0 1
0 0 0 0 0 2.65348 20.5836 -13 423 0 0 1
0 0 0 0 0 10.8365 26.2629 -13 427 0 0 1
0 0 0 0 0 14.0212 4.33896 -13 456 0 0 1
0 0 0 0 0 9.48156 2.17655 -13 457 0 0 1
0 0 0 0 0 11.6411 27.2145 -13 458 0 0 1
0 0 0 0 0 13.4735 26.4565 -13 461 0 0 1
0 0 0 0 0 7.75116 12.8052 -13 463 0 0 1
0 0 0 0 0 9.95538 6.15354 -13 465 0 0 1
0 0 0 0 0 7.46134 2.3499 -13 466 0 0 1
0 0 0 0 0 8.87175 11.0663 -13 468 0 0 1
0 0 0 0 0 5.55853 3.56747 -13 479 0 0 1
0 0 0 0 0 9.0408 15.05 -13 481 0 0 1
0 0 0 0 0 6.64742 29.7789 -13 482 0 0 1
0 0 0 0 0 14.063 29.6536 -13 483 0 0 1
0 0 0 0 0 7.55792 14.769 -13 484 0 0 1
0 0 0 0 0 11.3925 4.20061 -13 485 0 0 1
0 0 0 0 0 7.38516 8.42855 -13 486 0 0 1
0 0 0 0 0 13.0355 18.7002 -13 487 0 0 1
0 0 0 0 0 5.52179 21.3279 -13 488 0 0 1
0 0 0 0 0 13.9008 5.34267 -13 489 0 0 1
0 0 0 0 0 4.19886 4.99595 -13 490 0 0 1
0 0 0 0 0 7.63751 25.4742 -13 491 0 0 1
0 0 0 0 0 12.4465 25.3775 -13 493 0 0 1
0 0 0 0 0 12.9744 24.0874 -13 494 0 0 1
0 0 0 0 0 14.4585 1.92103 -13 495 0 0 1
0 0 0 0 0 10.7467 7.64257 -13 496 0 0 1
0 0 0 0 0 14.0771 1.60708 -13 497 0 0 1
0 0 0 0 0 10.276 6.41584 -13 503 0 0 1
0 0 0 0 0 12.4771 12.3922 -13 507 0 0 1
0 0 0 0 0 11.4525 26.1033 -13 508 0 0 1
0 0 0 0 0 8.2663 3.68302 -13 517 0 0 1
0 0 0 0 0 12.393 5.66529 -13 518 0 0 1
0 0 0 0 0 12.9633 12.0353 -13 522 0 0 1
0 0 0 0 0 4.16621 26.3724 -13 524 0 0 1
0 0 0 0 0 11.7262 20.2836 -13 526 0 0 1
0 0 0 0 0 12.5082 16.6185 -13 528 0 0 1
0 0 0 0 0 11.2973 23.4353 -13 529 0 0 1
0 0 0 0 0 9.10493 23.6007 -13 533 0 0 1
0 0 0 0 0 13.0606 9.69443 -13 536 0 0 1
0 0 0 0 0 8.59267 13.2661 -13 543 0 0 1
0 0 0 0 0 13.7445 28.404 -13 544 0 0 1
0 0 0 0 0 9.8992 19.6359 -13 548 0 0 1
0 0 0 0 0 9.6588 26.1585 -13 549 0 0 1
0 0 0 0 0 11.34 10.5957 -13 552 0 0 1
0 0 0 0 0 7.96335 12.2691 -13 553 0 0 1
0 0 0 0 0 8.02053 27.9334 -13 555 0 0 1
0 0 0 0 0 13.5802 6.9399 -13 557 0 0 1
0 0 0 0 0 12.1275 15.8106 -13 563 0 0 1
0 0 0 0 0 10.5934 28.6759 -13 564 0 0 1
0 0 0 0 0 9.46493 12.3242 -13 566 0 0 1
0 0 0 0 0 10.6108 12.0676 -13 567 0 0 1
0 0 0 0 0 7.15061 19.1169 -13 575 0 0 1
0 0 0 0 0 10.6351 19.5189 -13 576 0 0 1
0 0 0 0 0 13.4137 3.10053 -13 577 0 0 1
0 0 0 0 0 8.4452 11.7519 -13 578 0 0 1
0 0 0 0 0 13.9808 16.4959 -13 579 0 0 1
0 0 0 0 0 12.7699 8.27254 -13 580 0 0 1
0 0 0 0 0 11.114 28.425 -13 581 0 0 1
0 0 0 0 0 8.96572 12.881 -13 582 0 0 1
0 0 0 0 0 7.74273 7.45693 -13 583 0 0 1
0 0 0 0 0 2.17574 7.47182 -13 590 0 0 1
0 0 0 0 0 10.069 15.1033 -13 595 0 0 1
0 0 0 0 0 5.02849 4.399 -13 853 0 0 1
0 0 0 0 0 11.5028 3.98451 -13 854 0 0 1
0 0 0 0 0 1.93429 19.3769 -13 864 0 0 1
0 0 0 0 0 6.99272 14.0378 -13 865 0 0 1
0 0 0 0 0 14.5679 20.2526 -13 974 0 0 1
0 0 0 0 0 9.10056 17.8315 -13 978 0 0 1
0 0 0 0 0 12.0977 4.31171 -13 980 0 0 1
0 0 0 0 0 14.477 8.67267 -13 990 0 0 1
0 0 0 0 0 10.9059 20.5959 -13 991 0 0 1
0 0 0 0 0 13.106 25.9418 -13 992 0 0 1
0 0 0 0 0 12.8399 25.1582 -13 994 0 0 1
0 0 0 0 0 13.917 12.4084 -13 995 0 0 1
0 0 0 0 0 8.49349 22.294 -13 1000 0 0 1
0 0 0 0 0 12.5902 22.601 -13 2 0 0 1
0 0 0 0 0 7.69974 22.2545 -13 6 0 0 1
0 0 0 0 0 12.0595 13.5797 -13 7 0 0 1
0 0 0 0 0 13.1001 29.1052 -13 18 0 0 1
0 0 0 0 0 14.4321 22.9317 -13 21 0 0 1
0 0 0 0 0 10.5659 1.95793 -13 22 0 0 1
0 0 0 0 0 8.36122 27.4268 -13 24 0 0 1
0 0 0 0 0 3.82162 25.8737 -13 33 0 0 1
0 0 0 0 0 9.94532 22.0044 -13 42 0 0 1
0 0 0 0 0 8.34778 21.9866 -13 60 0 0 1
0 0 0 0 0 13.9575 15.7616 -13 61 0 0 1
0 0 0 0 0 8.95426 13.0601 -13 64 0 0 1
0 0 0 0 0 5.27043 5.42405 -13 65 0 0 1
0 0 0 0 0 11.5499 12.8131 -13 67 0 0 1
0 0 0 0 0 7.8558 28.2212 -13 75 0 0 1
0 0 0 0 0 12.5101 25.8819 -13 76 0 0 1
0 0 0 0 0 6.76927 28.1354 -13 92 0 0 1
0 0 0 0 0 9.87351 4.16919 -13 111 0 0 1
0 0 0 0 0 13.2415 19.9565 -13 115 0 0 1
0 0 0 0 0 10.3327 29.5932 -13 116 0 0 1
0 0 0 0 0 11.5962 5.47645 -13 117 0 0 1
0 0 0 0 0 10.9945 20.0789 -13 119 0 0 1
0 0 0 0 0 8.01718 28.351 -13 121 0 0 1
0 0 0 0 0 9.09549 6.89817 -13 122 0 0 1
0 0 0 0 0 14.3469 23.3119 -13 159 0 0 1
0 0 0 0 0 14.2352 20.5401 -13 164 0 0 1
0 0 0 0 0 12.3554 25.0681 -13 165 0 0 1
0 0 0 0 0 11.0433 29.0858 -13 166 0 0 1
0 0 0 0 0 13.0792 26.796 -13 169 0 0 1
0 0 0 0 0 14.5228 22.4148 -13 171 0 0 1
0 0 0 0 0 11.878 15.0749 -13 172 0 0 1
0 0 0 0 0 13.0789 1.57707 -13 173 0 0 1
0 0 0 0 0 11.7146 29.7941 -13 196 0 0 1
0 0 0 0 0 12.9479 14.7394 -13 199 0 0 1
0 0 0 0 0 12.0336 21.3175 -13 202 0 0 1
0 0 0 0 0 5.62047 9.50809 -13 204 0 0 1
0 0 0 0 0 9.26768 28.4097 -13 207 0 0 1
0 0 0 0 0 3.67538 22.6856 -13 210 0 0 1
0 0 0 0 0 13.9604 1.7518 -13 212 0 0 1
0 0 0 0 0 9.82497 18.6329 -13 214 0 0 1
0 0 0 0 0 4.36467 14.2484 -13 215 0 0 1
0 0 0 0 0 9.93112 12.6482 -13 216 0 0 1
0 0 0 0 0 9.49238 13.454 -13 217 0 0 1
0 0 0 0 0 5.36562 15.631 -13 218 0 0 1
0 0 0 0 0 9.78323 10.7287 -13 219 0 0 1
0 0 0 0 0 13.3338 12.1553 -13 220 0 0 1
0 0 0 0 0 8.70976 3.86043 -13 223 0 0 1
0 0 0 0 0 6.27721 29.4054 -13 224 0 0 1
0 0 0 0 0 12.3588 21.2554 -13 225 0 0 1
0 0 0 0 0 10.1231 19.4178 -13 226 0 0 1
0 0 0 0 0 12.6346 20.0935 -13 227 0 0 1
0 0 0 0 0 9.54073 5.45721 -13 238 0 0 1
0 0 0 0 0 12.7971 12.0709 -13 239 0 0 1
0 0 0 0 0 12.7645 5.73466 -13 240 0 0 1
0 0 0 0 0 12.8441 2.56274 -13 241 0 0 1
0 0 0 0 0 8.38602 26.6216 -13 251 0 0 1
0 0 0 0 0 12.9928 7.94256 -13 252 0 0 1
0 0 0 0 0 11.7478 17.1083 -13 258 0 0 1
0 0 0 0 0 14.4742 5.75287 -13 259 0 0 1
0 0 0 0 0 13.8552 15.3919 -13 261 0 0 1
0 0 0 0 0 10.5552 7.9655 -13 263 0 0 1
0 0 0 0 0 12.8182 24.0542 -13 265 0 0 1
0 0 0 0 0 7.37972 27.8452 -13 271 0 0 1
0 0 0 0 0 14.4779 10.2755 -13 272 0 0 1
0 0 0 0 0 8.16151 10.7802 -13 273 0 0 1
0 0 0 0 0 12.6238 27.3776 -13 274 0 0 1
0 0 0 0 0 11.5487 6.11252 -13 276 0 0 1
0 0 0 0 0 9.65253 25.4638 -13 277 0 0 1
0 0 0 0 0 13.7655 13.0945 -13 278 0 0 1
0 0 0 0 0 6.42328 6.86903 -13 280 0 0 1
0 0 0 0 0 9.5713 23.7227 -13 282 0 0 1
0 0 0 0 0 7.27752 13.9995 -13 284 0 0 1
0 0 0 0 0 6.8622 26.4405 -13 286 0 0 1
0 0 0 0 0 11.9891 25.8669 -13 288 0 0 1
0 0 0 0 0 9.51229 17.9854 -13 289 0 0 1
0 0 0 0 0 9.14747 9.05595 -13 290 0 0 1
0 0 0 0 0 7.01544 19.2432 -13 291 0 0 1
0 0 0 0 0 13.283 3.6339 -13 292 0 0 1
0 0 0 0 0 13.8335 29.9058 -13 294 0 0 1
0 0 0 0 0 6.16749 15.6339 -13 296 0 0 1
0 0 0 0 0 12.2037 13.1416 -13 299 0 0 1
0 0 0 0 0 7.79427 17.6981 -13 304 0 0 1
0 0 0 0 0 9.74757 15.875 -13 306 0 0 1
0 0 0 0 0 12.395 6.94938 -13 308 0 0 1
0 0 0 0 0 9.61717 20.5862 -13 309 0 0 1
0 0 0 0 0 5.89473 10.0314 -13 310 0 0 1
0 0 0 0 0 14.0148 17.5737 -13 311 0 0 1
0 0 0 0 0 13.0608 2.2816 -13 313 0 0 1
0 0 0 0 0 13.8313 2.05109 -13 314 0 0 1
0 0 0 0 0 11.6467 4.284 -13 315 0 0 1
0 0 0 0 0 9.13274 6.99089 -13 316 0 0 1
0 0 0 0 0 3.40485 9.63366 -13 317 0 0 1
0 0 0 0 0 10.0234 6.06968 -13 321 0 0 1
0 0 0 0 0 12.7674 6.19515 -13 322 0 0 1
0 0 0 0 0 10.7616 20.8479 -13 326 0 0 1
0 0 0 0 0 12.4879 13.5419 -13 327 0 0 1
0 0 0 0 0 4.51231 21.383 -13 328 0 0 1
0 0 0 0 0 12.0035 22.6808 -13 329 0 0 1
0 0 0 0 0 9.03932 8.68973 -13 330 0 0 1
0 0 0 0 0 5.71033 1.4804 -13 331 0 0 1
0 0 0 0 0 5.1181 6.66794 -13 332 0 0 1
0 0 0 0 0 9.90064 11.7582 -13 333 0 0 1
0 0 0 0 0 12.8633 3.06532 -13 334 0 0 1
0 0 0 0 0 14.2614 21.5772 -13 335 0 0 1
0 0 0 0 0 5.879 14.4373 -13 336 0 0 1
0 0 0 0 0 13.7467 18.8243 -13 337 0 0 1
0 0 0 0 0 9.69179 25.0279 -13 338 0 0 1
0 0 0 0 0 9.38092 29.2193 -13 339 0 0 1
0 0 0 0 0 2.61004 28.8705 -13 340 0 0 1
0 0 0 0 0 12.4699 28.0168 -13 341 0 0 1
0 0 0 0 0 12.9671 14.2467 -13 531 0 0 1
0 0 0 0 0 13.8559 29.6102 -13 532 0 0 1
0 0 0 0 0 9.18887 23.9184 -13 534 0 0 1
0 0 0 0 0 9.86998 3.26232 -13 535 0 0 1
0 0 0 0 0 4.73171 15.1081 -13 537 0 0 1
0 0 0 0 0 14.4847 18.7353 -13 538 0 0 1
0 0 0 0 0 7.44958 22.3802 -13 541 0 0 1
0 0 0 0 0 12.8332 4.27878 -13 542 0 0 1
0 0 0 0 0 5.10885 26.6001 -13 545 0 0 1
0 0 0 0 0 6.75572 20.3041 -13 546 0 0 1
0 0 0 0 0 10.6232 6.27227 -13 551 0 0 1
0 0 0 0 0 2.01066 14.2709 -13 558 0 0 1
0 0 0 0 0 14.2363 5.84849 -13 565 0 0 1
0 0 0 0 0 7.0965 20.3293 -13 803 0 0 1
0 0 0 0 0 13.0233 8.08673 -13 804 0 0 1
0 0 0 0 0 9.65078 11.3501 -13 814 0 0 1
0 0 0 0 0 11.6836 27.9339 -13 815 0 0 1
0 0 0 0 0 11.4984 29.3661 -13 818 0 0 1
0 0 0 0 0 13.4054 7.2903 -13 820 0 0 1
0 0 0 0 0 11.7178 29.109 -13 822 0 0 1
0 0 0 0 0 14.5682 21.408 -13 824 0 0 1
0 0 0 0 0 4.13572 29.2506 -13 827 0 0 1
0 0 0 0 0 8.67962 27.2595 -13 828 0 0 1
0 0 0 0 0 10.1185 26.9858 -13 829 0 0 1
0 0 0 0 0 14.0887 29.5526 -13 830 0 0 1
0 0 0 0 0 8.46199 7.51199 -13 831 0 0 1
0 0 0 0 0 13.8055 14.1181 -13 832 0 0 1
0 0 0 0 0 4.91459 27.9714 -13 848 0 0 1
0 0 0 0 0 1.96642 4.41585 -13 856 0 0 1
0 0 0 0 0 12.9676 12.1757 -13 859 0 0 1
0 0 0 0 0 9.2278 21.3109 -13 869 0 0 1
0 0 0 0 0 12.3845 15.7017 -13 870 0 0 1
0 0 0 0 0 13.7472 22.7236 -13 871 0 0 1
0 0 0 0 0 5.39905 21.0328 -13 872 0 0 1
0 0 0 0 0 4.72061 6.18281 -13 873 0 0 1
0 0 0 0 0 5.03899 13.9621 -13 874 0 0 1
0 0 0 0 0 3.81282 2.63872 -13 875 0 0 1
0 0 0 0 0 11.7971 12.2017 -13 876 0 0 1
0 0 0 0 0 9.26183 23.4928 -13 877 0 0 1
0 0 0 0 0 2.26977 6.92389 -13 878 0 0 1
0 0 0 0 0 8.52928 7.20377 -13 886 0 0 1
0 0 0 0 0 10.4522 3.16911 -13 14 0 0 1
0 0 0 0 0 5.40137 19.7113 -13 15 0 0 1
0 0 0 0 0 11.7937 29.6538 -13 23 0 0 1
0 0 0 0 0 10.957 20.9337 -13 40 0 0 1
0 0 0 0 0 8.94354 3.5201 -13 41 0 0 1
0 0 0 0 0 10.895 24.9707 -13 45 0 0 1
0 0 0 0 0 10.4219 19.8522 -13 55 0 0 1
0 0 0 0 0 6.76374 9.1058 -13 90 0 0 1
0 0 0 0 0 7.21874 27.7629 -13 91 0 0 1
0 0 0 0 0 10.7971 12.1468 -13 95 0 0 1
0 0 0 0 0 14.0254 5.56505 -13 99 0 0 1
0 0 0 0 0 9.63939 13.363 -13 104 0 0 1
0 0 0 0 0 8.8655 7.14009 -13 105 0 0 1
0 0 0 0 0 7.73824 4.41351 -13 112 0 0 1
0 0 0 0 0 11.9749 10.6131 -13 113 0 0 1
0 0 0 0 0 8.1242 7.1445 -13 114 0 0 1
0 0 0 0 0 13.0075 15.6385 -13 124 0 0 1
0 0 0 0 0 11.5161 20.0905 -13 139 0 0 1
0 0 0 0 0 14.4044 21.002 -13 144 0 0 1
0 0 0 0 0 9.2558 11.0649 -13 146 0 0 1
0 0 0 0 0 11.2546 15.6705 -13 147 0 0 1
0 0 0 0 0 9.90318 5.36654 -13 167 0 0 1
0 0 0 0 0 11.4436 1.38243 -13 168 0 0 1
0 0 0 0 0 8.97836 19.4028 -13 170 0 0 1
0 0 0 0 0 1.34067 16.0138 -13 193 0 0 1
0 0 0 0 0 12.3415 4.9427 -13 198 0 0 1
0 0 0 0 0 13.2633 6.82463 -13 344 0 0 1
0 0 0 0 0 9.74885 1.18492 -13 345 0 0 1
0 0 0 0 0 13.4684 15.5786 -13 346 0 0 1
0 0 0 0 0 2.08536 7.89084 -13 353 0 0 1
0 0 0 0 0 10.8831 27.748 -13 354 0 0 1
0 0 0 0 0 6.17586 19.8932 -13 368 0 0 1
0 0 0 0 0 14.2148 9.58391 -13 373 0 0 1
0 0 0 0 0 5.14612 6.45053 -13 374 0 0 1
0 0 0 0 0 6.71927 13.4308 -13 376 0 0 1
0 0 0 0 0 10.5576 10.5869 -13 377 0 0 1
0 0 0 0 0 2.64706 3.73335 -13 378 0 0 1
0 0 0 0 0 7.51535 3.64005 -13 379 0 0 1
0 0 0 0 0 5.00921 7.90115 -13 605 0 0 1
0 0 0 0 0 11.8956 5.27208 -13 609 0 0 1
0 0 0 0 0 7.91952 12.2839 -13 612 0 0 1
0 0 0 0 0 12.4797 14.8356 -13 613 0 0 1
0 0 0 0 0 12.1393 2.6686 -13 614 0 0 1
0 0 0 0 0 4.10894 18.3067 -13 615 0 0 1
0 0 0 0 0 4.23232 25.9471 -13 616 0 0 1
0 0 0 0 0 8.15416 20.1534 -13 618 0 0 1
0 0 0 0 0 12.3725 19.9733 -13 620 0 0 1
0 0 0 0 0 11.1768 28.3997 -13 622 0 0 1
0 0 0 0 0 9.75883 14.5762 -13 623 0 0 1
0 0 0 0 0 14.1842 1.6052 -13 624 0 0 1
0 0 0 0 0 9.18335 16.3053 -13 625 0 0 1
0 0 0 0 0 6.19113 8.78669 -13 626 0 0 1
0 0 0 0 0 14.0868 12.606 -13 632 0 0 1
0 0 0 0 0 8.39963 8.74756 -13 633 0 0 1
0 0 0 0 0 4.99036 3.30662 -13 634 0 0 1
0 0 0 0 0 8.09714 17.7181 -13 635 0 0 1
0 0 0 0 0 14.1443 7.66636 -13 636 0 0 1
0 0 0 0 0 8.05381 22.3135 -13 637 0 0 1
0 0 0 0 0 12.7257 16.2455 -13 638 0 0 1
0 0 0 0 0 14.0139 5.83575 -13 639 0 0 1
0 0 0 0 0 10.9193 1.51974 -13 640 0 0 1
0 0 0 0 0 4.69149 10.7203 -13 641 0 0 1
0 0 0 0 0 7.24642 23.4766 -13 642 0 0 1
0 0 0 0 0 11.0832 1.04754 -13 643 0 0 1
0 0 0 0 0 13.7746 17.3301 -13 646 0 0 1
0 0 0 0 0 6.40278 10.8067 -13 649 0 0 1
0 0 0 0 0 13.5463 4.49032 -13 650 0 0 1
0 0 0 0 0 10.5209 26.4709 -13 652 0 0 1
0 0 0 0 0 11.9949 17.9782 -13 653 0 0 1
0 0 0 0 0 14.3698 22.5799 -13 655 0 0 1
0 0 0 0 0 9.61281 16.5465 -13 656 0 0 1
0 0 0 0 0 8.04007 22.3168 -13 657 0 0 1
0 0 0 0 0 14.4648 14.2106 -13 659 0 0 1
0 0 0 0 0 8.2668 29.5506 -13 664 0 0 1
0 0 0 0 0 13.5936 17.5758 -13 670 0 0 1
0 0 0 0 0 2.51433 16.3608 -13 672 0 0 1
0 0 0 0 0 4.19561 14.2828 -13 673 0 0 1
0 0 0 0 0 12.5635 29.6598 -13 674 0 0 1
0 0 0 0 0 12.9179 26.4268 -13 676 0 0 1
0 0 0 0 0 9.43745 16.1285 -13 678 0 0 1
0 0 0 0 0 8.16817 13.1548 -13 679 0 0 1
0 0 0 0 0 9.29939 18.9836 -13 680 0 0 1
0 0 0 0 0 14.0766 3.11236 -13 681 0 0 1
0 0 0 0 0 13.2746 1.47718 -13 682 0 0 1
0 0 0 0 0 13.011 25.2958 -13 683 0 0 1
0 0 0 0 0 8.67447 16.8769 -13 684 0 0 1
0 0 0 0 0 12.3398 17.4175 -13 691 0 0 1
0 0 0 0 0 6.74901 14.0926 -13 696 0 0 1
0 0 0 0 0 10.0441 18.8545 -13 697 0 0 1
0 0 0 0 0 13.3619 24.0873 -13 699 0 0 1
0 0 0 0 0 12.3128 25.705 -13 702 0 0 1
0 0 0 0 0 9.44115 9.11527 -13 704 0 0 1
0 0 0 0 0 10.1271 7.00036 -13 705 0 0 1
0 0 0 0 0 9.61498 15.89 -13 706 0 0 1
0 0 0 0 0 13.882 1.77139 -13 707 0 0 1
0 0 0 0 0 10.5694 18.4459 -13 708 0 0 1
0 0 0 0 0 4.05844 14.5289 -13 709 0 0 1
0 0 0 0 0 14.1712 2.0217 -13 711 0 0 1
0 0 0 0 0 12.3915 29.7118 -13 715 0 0 1
0 0 0 0 0 13.1341 20.9764 -13 716 0 0 1
0 0 0 0 0 8.73402 8.39717 -13 718 0 0 1
0 0 0 0 0 10.6862 9.02686 -13 719 0 0 1
0 0 0 0 0 11.3012 28.9679 -13 720 0 0 1
0 0 0 0 0 9.72407 26.1347 -13 721 0 0 1
0 0 0 0 0 5.38247 11.2092 -13 722 0 0 1
0 0 0 0 0 5.08243 22.5388 -13 724 0 0 1
0 0 0 0 0 5.5839 11.3337 -13 729 0 0 1
0 0 0 0 0 11.0055 17.1141 -13 735 0 0 1
0 0 0 0 0 8.3149 20.768 -13 737 0 0 1
0 0 0 0 0 13.0517 24.0374 -13 740 0 0 1
0 0 0 0 0 3.54551 7.98753 -13 744 0 0 1
0 0 0 0 0 11.5142 15.1539 -13 745 0 0 1
0 0 0 0 0 10.4716 22.1296 -13 750 0 0 1
0 0 0 0 0 6.67232 4.78918 -13 752 0 0 1
0 0 0 0 0 10.828 3.21911 -13 753 0 0 1
0 0 0 0 0 8.14334 20.8548 -13 760 0 0 1
0 0 0 0 0 6.53543 7.53343 -13 761 0 0 1
0 0 0 0 0 13.8798 28.7997 -13 762 0 0 1
0 0 0 0 0 13.4174 4.13532 -13 774 0 0 1
0 0 0 0 0 11.8616 12.1227 -13 776 0 0 1
0 0 0 0 0 9.62261 5.07362 -13 780 0 0 1
0 0 0 0 0 11.6581 4.92264 -13 781 0 0 1
0 0 0 0 0 10.0942 3.9635 -13 782 0 0 1
0 0 0 0 0 7.02873 17.1472 -13 783 0 0 1
0 0 0 0 0 6.9649 3.23268 -13 784 0 0 1
0 0 0 0 0 5.20095 15.06 -13 785 0 0 1
0 0 0 0 0 9.62241 19.4392 -13 786 0 0 1
0 0 0 0 0 8.95531 17.2733 -13 787 0 0 1
0 0 0 0 0 12.3686 18.7244 -13 788 0 0 1
0 0 0 0 0 14.1734 15.6506 -13 789 0 0 1
0 0 0 0 0 9.98727 27.4878 -13 790 0 0 1
0 0 0 0 0 5.10471 25.0622 -13 791 0 0 1
0 0 0 0 0 11.8066 28.7266 -13 792 0 0 1
0 0 0 0 0 11.4483 17.4877 -13 793 0 0 1
0 0 0 0 0 11.5104 9.00217 -13 795 0 0 1
0 0 0 0 0 14.0228 25.2792 -13 797 0 0 1
0 0 0 0 0 13.7246 25.5851 -13 798 0 0 1
0 0 0 0 0 9.41331 29.8626 -13 799 0 0 1
0 0 0 0 0 13.5632 2.90922 -13 800 0 0 1
0 0 0 0 0 5.9426 5.53431 -13 801 0 0 1
0 0 0 0 0 1.39115 27.3102 -13 802 0 0 1
0 0 0 0 0 12.5957 27.4561 -13 805 0 0 1
0 0 0 0 0 7.67355 13.8823 -13 826 0 0 1
0 0 0 0 0 7.89214 28.3968 -13 835 0 0 1
0 0 0 0 0 12.8457 17.3713 -13 838 0 0 1
0 0 0 0 0 4.61534 24.3292 -13 844 0 0 1
0 0 0 0 0 12.3135 17.202 -13 846 0 0 1
0 0 0 0 0 8.9354 8.52058 -13 851 0 0 1
0 0 0 0 0 2.67248 22.3315 -13 852 0 0 1
0 0 0 0 0 11.5781 24.1122 -13 855 0 0 1
0 0 0 0 0 13.7747 29.0296 -13 973 0 0 1
0 0 0 0 0 10.3098 20.4792 -13 975 0 0 1
0 0 0 0 0 6.80158 6.88941 -13 976 0 0 1
0 0 0 0 0 1.79634 11.4433 -13 977 0 0 1
0 0 0 0 0 13.732 19.1699 -13 979 0 0 1
0 0 0 0 0 9.71035 1.32574 -13 981 0 0 1
0 0 0 0 0 13.635 13.2821 -13 982 0 0 1
0 0 0 0 0 5.8184 24.3493 -13 983 0 0 1
0 0 0 0 0 10.1176 3.13723 -13 984 0 0 1
0 0 0 0 0 11.2753 15.8527 -13 985 0 0 1
0 0 0 0 0 8.43901 19.2901 -13 986 0 0 1
0 0 0 0 0 14.2501 25.0886 -13 987 0 0 1
0 0 0 0 0 6.75804 22.4214 -13 988 0 0 1
0 0 0 0 0 3.32413 18.571 -13 989 0 0 1
0 0 0 0 0 11.2944 29.5089 -13 993 0 0 1
0 0 0 0 0 13.0594 25.7449 -13 996 0 0 1
0 0 0 0 0 14.5272 9.25075 -13 997 0 0 1
0 0 0 0 0 10.2798 25.6607 -13 998 0 0 1
0 0 0 0 0 7.42773 5.50709 -13 999 0 0 1
0 0 0 0 0 5.27433 15.0245 -13 8 0 0 1
0 0 0 0 0 11.8329 4.15073 -13 12 0 0 1
0 0 0 0 0 8.50894 10.6067 -13 27 0 0 1
0 0 0 0 0 11.5982 27.9854 -13 28 0 0 1
0 0 0 0 0 5.21987 4.85724 -13 46 0 0 1
0 0 0 0 0 11.4319 8.46352 -13 47 0 0 1
0 0 0 0 0 8.26914 1.88768 -13 53 0 0 1
0 0 0 0 0 14.1374 9.25734 -13 56 0 0 1
0 0 0 0 0 8.27981 26.4426 -13 77 0 0 1
0 0 0 0 0 8.56255 8.78277 -13 88 0 0 1
0 0 0 0 0 7.75714 26.212 -13 93 0 0 1
0 0 0 0 0 3.13967 6.95351 -13 96 0 0 1
0 0 0 0 0 12.3398 1.31506 -13 100 0 0 1
0 0 0 0 0 11.4912 26.8893 -13 125 0 0 1
0 0 0 0 0 9.68534 6.31743 -13 127 0 0 1
0 0 0 0 0 13.3738 4.68548 -13 135 0 0 1
0 0 0 0 0 7.46484 13.7339 -13 148 0 0 1
0 0 0 0 0 7.08986 9.06309 -13 149 0 0 1
0 0 0 0 0 9.82593 24.1251 -13 174 0 0 1
0 0 0 0 0 10.8097 14.7591 -13 176 0 0 1
0 0 0 0 0 3.8752 7.19563 -13 177 0 0 1
0 0 0 0 0 5.77034 17.1674 -13 179 0 0 1
0 0 0 0 0 5.99163 1.81032 -13 189 0 0 1
0 0 0 0 0 2.73734 20.1835 -13 208 0 0 1
0 0 0 0 0 9.01549 29.3757 -13 213 0 0 1
0 0 0 0 0 10.9472 16.7168 -13 242 0 0 1
0 0 0 0 0 13.8161 28.2019 -13 243 0 0 1
0 0 0 0 0 8.73271 23.8939 -13 244 0 0 1
0 0 0 0 0 8.14826 9.36464 -13 246 0 0 1
0 0 0 0 0 11.856 27.8295 -13 248 0 0 1
0 0 0 0 0 10.3749 19.8211 -13 250 0 0 1
0 0 0 0 0 12.2632 1.12126 -13 256 0 0 1
0 0 0 0 0 11.305 11.5322 -13 257 0 0 1
0 0 0 0 0 12.97 19.6142 -13 262 0 0 1
0 0 0 0 0 3.98259 24.5405 -13 264 0 0 1
-0.478359 0.595613 0 -0.0317081 -0.0397387 -0.163036 545.696 11 264 1016 0 1
0 0 0 0 0 11.3418 24.8851 -13 266 0 0 1
0 0 0 0 0 12.0048 5.17276 -13 297 0 0 1
0 0 0 0 0 3.77361 27.4913 -13 300 0 0 1
0 0 0 0 0 8.28729 26.9409 -13 301 0 0 1
0 0 0 0 0 11.6793 13.4263 -13 303 0 0 1
0 0 0 0 0 11.1051 10.5753 -13 305 0 0 1
0 0 0 0 0 4.66082 12.1418 -13 307 0 0 1
0 0 0 0 0 12.1757 7.43449 -13 312 0 0 1
0 0 0 0 0 6.20931 6.14559 -13 318 0 0 1
0 0 0 0 0 1.70959 19.5493 -13 319 0 0 1
0 0 0 0 0 13.819 6.20216 -13 320 0 0 1
0 0 0 0 0 6.26099 8.09431 -13 323 0 0 1
0 0 0 0 0 2.72526 25.1148 -13 324 0 0 1
0 0 0 0 0 11.475 27.2638 -13 325 0 0 1
0 0 0 0 0 8.05953 9.35351 -13 459 0 0 1
0 0 0 0 0 10.6043 3.63043 -13 460 0 0 1
0 0 0 0 0 4.22506 28.4395 -13 464 0 0 1
0 0 0 0 0 2.61941 6.85788 -13 471 0 0 1
0 0 0 0 0 5.55641 2.61982 -13 473 0 0 1
0 0 0 0 0 3.6787 23.6706 -13 728 0 0 1
0 0 0 0 0 11.2189 7.61617 -13 730 0 0 1
0 0 0 0 0 7.9467 4.41614 -13 734 0 0 1
0 0 0 0 0 11.0046 10.0618 -13 736 0 0 1
0 0 0 0 0 8.45961 23.4428 -13 738 0 0 1
0 0 0 0 0 11.9189 21.0319 -13 739 0 0 1
0 0 0 0 0 8.73771 19.8821 -13 741 0 0 1
0 0 0 0 0 4.52968 24.1514 -13 742 0 0 1
0 0 0 0 0 8.36983 2.20922 -13 743 0 0 1
0 0 0 0 0 8.60073 26.3156 -13 746 0 0 1
0 0 0 0 0 11.8646 23.2085 -13 747 0 0 1
0 0 0 0 0 10.6074 17.4671 -13 748 0 0 1
0 0 0 0 0 12.1369 1.89652 -13 749 0 0 1
0 0 0 0 0 11.1568 24.6207 -13 751 0 0 1
0 0 0 0 0 8.72372 25.9186 -13 754 0 0 1
0 0 0 0 0 7.97293 7.793 -13 755 0 0 1
0 0 0 0 0 5.59703 12.4399 -13 756 0 0 1
0 0 0 0 0 7.31852 13.1033 -13 757 0 0 1
0 0 0 0 0 8.00777 3.11772 -13 758 0 0 1
0 0 0 0 0 12.6609 29.6597 -13 767 0 0 1
0 0 0 0 0 10.9165 6.64744 -13 771 0 0 1
0 0 0 0 0 11.4445 5.35054 -13 773 0 0 1
0 0 0 0 0 8.66437 19.2082 -13 778 0 0 1
0 0 0 0 0 12.9542 1.05636 -13 779 0 0 1
0 0 0 0 0 7.53284 13.022 -13 794 0 0 1
0 0 0 0 0 8.92778 23.3753 -13 796 0 0 1
0 0 0 0 0 3.52921 8.42049 -13 806 0 0 1
0 0 0 0 0 13.6603 11.0651 -13 807 0 0 1
0 0 0 0 0 7.15579 10.2604 -13 808 0 0 1
0 0 0 0 0 14.3167 14.1985 -13 809 0 0 1
0 0 0 0 0 6.28975 27.3093 -13 819 0 0 1
0 0 0 0 0 8.50102 4.36332 -13 821 0 0 1
0 0 0 0 0 12.6321 23.7013 -13 823 0 0 1
0 0 0 0 0 10.8388 9.7051 -13 837 0 0 1
0 0 0 0 0 9.89067 22.1409 -13 840 0 0 1
0 0 0 0 0 8.34469 7.67116 -13 843 0 0 1
0 0 0 0 0 13.5008 9.53123 -13 845 0 0 1
0 0 0 0 0 4.85464 9.97315 -13 847 0 0 1
0 0 0 0 0 9.64506 2.91555 -13 849 0 0 1
0 0 0 0 0 12.3954 22.6334 -13 850 0 0 1
0 0 0 0 0 14.3422 8.68072 -13 857 0 0 1
0 0 0 0 0 10.2463 26.7931 -13 858 0 0 1
0 0 0 0 0 13.0665 25.3413 -13 860 0 0 1
0 0 0 0 0 11.2001 3.57939 -13 861 0 0 1
0 0 0 0 0 6.03855 21.7169 -13 862 0 0 1
0 0 0 0 0 4.24326 7.66021 -13 863 0 0 1
0 0 0 0 0 5.64312 29.0607 -13 866 0 0 1
0 0 0 0 0 1.44677 27.2491 -13 867 0 0 1
0 0 0 0 0 8.3948 10.755 -13 868 0 0 1
0 0 0 0 0 14.2559 26.5106 -13 879 0 0 1
0 0 0 0 0 12.9511 5.93891 -13 880 0 0 1
0 0 0 0 0 14.542 13.0549 -13 881 0 0 1
0 0 0 0 0 6.61974 21.8756 -13 882 0 0 1
0 0 0 0 0 7.19573 24.6352 -13 883 0 0 1
0 0 0 0 0 5.82152 17.6984 -13 884 0 0 1
0 0 0 0 0 12.5849 2.13504 -13 885 0 0 1
0 0 0 0 0 8.58028 1.18476 -13 887 0 0 1
0 0 0 0 0 8.60172 19.8958 -13 888 0 0 1
0 0 0 0 0 11.3368 25.2043 -13 889 0 0 1
0 0 0 0 0 10.8737 12.2904 -13 890 0 0 1
0 0 0 0 0 7.63124 8.79213 -13 891 0 0 1
0 0 0 0 0 14.075 9.27498 -13 892 0 0 1
0 0 0 0 0 9.42228 4.17517 -13 893 0 0 1
0 0 0 0 0 12.6246 18.9158 -13 894 0 0 1
0 0 0 0 0 11.6376 17.3459 -13 895 0 0 1
0 0 0 0 0 6.81164 10.3196 -13 899 0 0 1
0 0 0 0 0 11.4592 2.30007 -13 900 0 0 1
0 0 0 0 0 6.7265 8.3657 -13 903 0 0 1
0 0 0 0 0 12.5679 8.08064 -13 904 0 0 1
0 0 0 0 0 5.33071 18.623 -13 905 0 0 1
0 0 0 0 0 10.5053 20.3834 -13 906 0 0 1
0 0 0 0 0 11.6528 26.9156 -13 907 0 0 1
0 0 0 0 0 12.9647 3.917 -13 908 0 0 1
0 0 0 0 0 7.32743 15.5636 -13 909 0 0 1
0 0 0 0 0 9.33823 2.27149 -13 910 0 0 1
0 0 0 0 0 2.90165 22.8335 -13 911 0 0 1
0 0 0 0 0 11.8585 2.5057 -13 912 0 0 1
0 0 0 0 0 13.2465 5.04605 -13 10 0 0 1
0 0 0 0 0 10.6646 2.88961 -13 11 0 0 1
0 0 0 0 0 4.15717 6.5597 -13 13 0 0 1
0 0 0 0 0 14.5194 7.20995 -13 17 0 0 1
0 0 0 0 0 7.1147 21.862 -13 29 0 0 1
0 0 0 0 0 8.53846 5.88098 -13 32 0 0 1
0 0 0 0 0 13.2803 6.7213 -13 49 0 0 1
0 0 0 0 0 4.60108 27.8181 -13 50 0 0 1
0 0 0 0 0 3.53625 5.58628 -13 54 0 0 1
0 0 0 0 0 9.41828 13.1358 -13 62 0 0 1
0 0 0 0 0 5.57865 14.1376 -13 69 0 0 1
0 0 0 0 0 11.7109 4.18627 -13 71 0 0 1
0 0 0 0 0 12.6932 25.3069 -13 79 0 0 1
0 0 0 0 0 8.75267 23.379 -13 81 0 0 1
0 0 0 0 0 13.2148 23.4355 -13 82 0 0 1
0 0 0 0 0 9.88847 19.2097 -13 83 0 0 1
0 0 0 0 0 13.6166 4.16617 -13 85 0 0 1
0 0 0 0 0 3.04386 28.1765 -13 87 0 0 1
0 0 0 0 0 2.45315 13.2049 -13 102 0 0 1
0 0 0 0 0 13.781 18.0892 -13 107 0 0 1
0 0 0 0 0 13.2526 22.7836 -13 132 0 0 1
0 0 0 0 0 14.5566 19.307 -13 133 0 0 1
0 0 0 0 0 7.33894 19.2525 -13 134 0 0 1
0 0 0 0 0 4.7907 5.92636 -13 138 0 0 1
0 0 0 0 0 13.7075 24.0704 -13 153 0 0 1
0 0 0 0 0 9.98768 25.6499 -13 155 0 0 1
0 0 0 0 0 11.9992 17.1424 -13 156 0 0 1
0 0 0 0 0 8.52107 10.7454 -13 158 0 0 1
0 0 0 0 0 14.118 7.35013 -13 161 0 0 1
0 0 0 0 0 9.29218 17.9512 -13 182 0 0 1
0 0 0 0 0 14.0396 5.80764 -13 183 0 0 1
0 0 0 0 0 11.5182 16.2832 -13 185 0 0 1
0 0 0 0 0 8.47622 6.16163 -13 190 0 0 1
0 0 0 0 0 12.2631 6.44 -13 191 0 0 1
0 0 0 0 0 10.3768 7.49059 -13 194 0 0 1
0 0 0 0 0 10.8891 22.3615 -13 195 0 0 1
0 0 0 0 0 2.36768 22.8491 -13 197 0 0 1
0 0 0 0 0 11.6216 22.1582 -13 201 0 0 1
0 0 0 0 0 4.00215 10.0645 -13 221 0 0 1
0 0 0 0 0 8.95202 7.42015 -13 222 0 0 1
0 0 0 0 0 13.522 13.6642 -13 228 0 0 1
0 0 0 0 0 13.4565 11.1613 -13 229 0 0 1
0 0 0 0 0 11.9948 1.84255 -13 230 0 0 1
0 0 0 0 0 9.09849 26.631 -13 231 0 0 1
0 0 0 0 0 6.40183 19.4701 -13 232 0 0 1
0 0 0 0 0 10.9943 28.3157 -13 233 0 0 1
0 0 0 0 0 12.5081 3.36516 -13 234 0 0 1
0 0 0 0 0 6.45896 23.9468 -13 235 0 0 1
0 0 0 0 0 4.8396 20.8351 -13 236 0 0 1
0 0 0 0 0 8.44966 15.476 -13 237 0 0 1
0 0 0 0 0 12.9347 12.7358 -13 245 0 0 1
0 0 0 0 0 11.6601 10.8413 -13 247 0 0 1
0 0 0 0 0 12.3702 11.1365 -13 249 0 0 1
0 0 0 0 0 11.9444 21.5864 -13 253 0 0 1
0 0 0 0 0 8.36704 4.97986 -13 254 0 0 1
0 0 0 0 0 12.0912 8.01565 -13 255 0 0 1
0 0 0 0 0 14.2259 24.0764 -13 260 0 0 1
0 0 0 0 0 14.0754 22.8382 -13 267 0 0 1
0 0 0 0 0 12.2853 5.96604 -13 268 0 0 1
0 0 0 0 0 11.9249 12.2324 -13 269 0 0 1
0 0 0 0 0 3.7356 29.5047 -13 270 0 0 1
0 0 0 0 0 8.86255 20.0719 -13 275 0 0 1
0 0 0 0 0 13.3599 20.9792 -13 279 0 0 1
0 0 0 0 0 8.20575 20.4264 -13 281 0 0 1
0 0 0 0 0 10.7395 7.64009 -13 283 0 0 1
0 0 0 0 0 3.66117 28.5219 -13 285 0 0 1
0 0 0 0 0 10.9078 28.5756 -13 287 0 0 1
0 0 0 0 0 7.48606 29.5176 -13 293 0 0 1
0 0 0 0 0 7.32461 23.5016 -13 295 0 0 1
0 0 0 0 0 2.8 29.7887 -13 298 0 0 1
0 0 0 0 0 7.64365 16.4122 -13 302 0 0 1
0 0 0 0 0 9.86922 7.14043 -13 414 0 0 1
0 0 0 0 0 12.6652 14.3753 -13 416 0 0 1
0 0 0 0 0 10.0695 26.9118 -13 418 0 0 1
0 0 0 0 0 7.74848 14.4349 -13 419 0 0 1
0 0 0 0 0 12.4996 10.4654 -13 420 0 0 1
0 0 0 0 0 7.17006 4.60354 -13 422 0 0 1
0 0 0 0 0 9.36398 10.4913 -13 424 0 0 1
0 0 0 0 0 7.1023 8.80973 -13 428 0 0 1
0 0 0 0 0 7.91096 13.6388 -13 429 0 0 1
0 0 0 0 0 10.8712 10.4573 -13 431 0 0 1
0 0 0 0 0 9.991 18.6498 -13 432 0 0 1
0 0 0 0 0 11.0727 25.7156 -13 433 0 0 1
0 0 0 0 0 13.7164 11.7979 -13 434 0 0 1
0 0 0 0 0 11.4086 15.4375 -13 435 0 0 1
0 0 0 0 0 11.2822 7.27117 -13 436 0 0 1
0 0 0 0 0 10.7258 11.8097 -13 437 0 0 1
0 0 0 0 0 11.1488 16.8908 -13 438 0 0 1
0 0 0 0 0 8.8968 21.4976 -13 440 0 0 1
0 0 0 0 0 11.4444 14.6436 -13 441 0 0 1
6.57265 11.8281 0 0.0299274 0.00949031 -0.031904 43.854 11 441 1003 0 1
0 0 0 0 0 11.4142 11.2893 -13 444 0 0 1
0 0 0 0 0 7.92896 21.1046 -13 451 0 0 1
0 0 0 0 0 2.85924 5.66452 -13 455 0 0 1
-1.03529 -0.343636 0 0.00384126 0.0248952 -0.166344 308.454 11 455 1003 0 1
0 0 0 0 0 13.7001 26.6519 -13 462 0 0 1
0 0 0 0 0 13.7101 16.9398 -13 498 0 0 1
0 0 0 0 0 11.99 16.3102 -13 499 0 0 1
0 0 0 0 0 12.6804 13.8703 -13 500 0 0 1
0 0 0 0 0 8.02451 6.28843 -13 514 0 0 1
0 0 0 0 0 9.74425 7.76214 -13 525 0 0 1
0 0 0 0 0 3.72415 29.2311 -13 527 0 0 1
0 0 0 0 0 8.35455 23.2125 -13 530 0 0 1
0 0 0 0 0 11.3555 6.29333 -13 539 0 0 1
0 0 0 0 0 11.2875 26.1106 -13 540 0 0 1
0 0 0 0 0 10.7051 20.0936 -13 547 0 0 1
0 0 0 0 0 8.65358 17.093 -13 550 0 0 1
0 0 0 0 0 5.22292 2.07085 -13 554 0 0 1
0 0 0 0 0 6.2931 21.386 -13 556 0 0 1
0 0 0 0 0 10.9578 28.7135 -13 559 0 0 1
0 0 0 0 0 13.6165 1.23099 -13 560 0 0 1
0 0 0 0 0 5.40549 27.2537 -13 561 0 0 1
0 0 0 0 0 11.0702 4.12388 -13 562 0 0 1
0 0 0 0 0 11.8748 26.4856 -13 568 0 0 1
0 0 0 0 0 13.5604 11.6471 -13 569 0 0 1
0 0 0 0 0 11.1209 26.2116 -13 570 0 0 1
0 0 0 0 0 12.6634 13.9076 -13 571 0 0 1
0 0 0 0 0 9.92576 12.7945 -13 572 0 0 1
0 0 0 0 0 6.68146 13.4293 -13 573 0 0 1
0 0 0 0 0 13.7542 9.16924 -13 574 0 0 1
0 0 0 0 0 13.9864 26.8763 -13 584 0 0 1
0 0 0 0 0 11.2702 8.51037 -13 585 0 0 1
0 0 0 0 0 9.41374 25.3473 -13 586 0 0 1
0 0 0 0 0 13.7741 19.8012 -13 587 0 0 1
0 0 0 0 0 9.63221 10.1359 -13 588 0 0 1
0 0 0 0 0 13.2863 12.7356 -13 589 0 0 1
0 0 0 0 0 9.19688 12.3308 -13 591 0 0 1
0 0 0 0 0 8.36481 13.1542 -13 592 0 0 1
0 0 0 0 0 5.94156 27.5869 -13 593 0 0 1
0 0 0 0 0 10.7807 29.6783 -13 594 0 0 1
0 0 0 0 0 8.17244 17.2494 -13 596 0 0 1
0 0 0 0 0 10.4484 12.2268 -13 597 0 0 1
0 0 0 0 0 1.5284 9.75559 -13 598 0 0 1
0 0 0 0 0 5.93281 7.47854 -13 599 0 0 1
0 0 0 0 0 2.64636 1.15159 -13 600 0 0 1
0 0 0 0 0 12.5664 18.4008 -13 601 0 0 1
0 0 0 0 0 6.87888 22.2579 -13 896 0 0 1
0 0 0 0 0 10.3826 7.767 -13 897 0 0 1
0 0 0 0 0 8.47253 17.1043 -13 898 0 0 1
0 0 0 0 0 5.51019 28.907 -13 901 0 0 1
-0.435093 -3.01264 0 -0.0329036 0.0428682 -0.161065 640.562 11 901 1004 0 1
0 0 0 0 0 8.68088 2.94124 -13 902 0 0 1
0 0 0 0 0 0.210524 18.2646 -13 913 0 0 1
0 0 0 0 0 10.3277 2.5441 -13 914 0 0 1
0 0 0 0 0 9.14162 6.89159 -13 915 0 0 1
0 0 0 0 0 13.8199 19.2922 -13 916 0 0 1
0 0 0 0 0 12.5086 20.0582 -13 917 0 0 1
0 0 0 0 0 12.8638 24.6107 -13 918 0 0 1
0 0 0 0 0 4.14093 6.31628 -13 919 0 0 1
0 0 0 0 0 8.67374 3.76614 -13 920 0 0 1
0 0 0 0 0 14.0921 6.73266 -13 921 0 0 1
0 0 0 0 0 12.8873 21.5459 -13 922 0 0 1
0 0 0 0 0 4.30767 29.2883 -13 923 0 0 1
0 0 0 0 0 13.6312 14.3666 -13 924 0 0 1
0 0 0 0 0 13.9784 28.9164 -13 925 0 0 1
0 0 0 0 0 12.8237 1.32906 -13 926 0 0 1
0 0 0 0 0 4.99808 15.5588 -13 927 0 0 1
0 0 0 0 0 11.7995 24.1541 -13 928 0 0 1
0 0 0 0 0 13.5698 7.10483 -13 929 0 0 1
0 0 0 0 0 12.7526 18.7217 -13 930 0 0 1
0 0 0 0 0 13.3251 21.7571 -13 931 0 0 1
0 0 0 0 0 11.4651 29.5424 -13 932 0 0 1
0 0 0 0 0 13.6206 13.8517 -13 933 0 0 1
0 0 0 0 0 8.67012 12.9163 -13 934 0 0 1
0 0 0 0 0 10.457 21.8856 -13 935 0 0 1
0 0 0 0 0 12.46 14.0323 -13 936 0 0 1
0 0 0 0 0 12.5483 27.8069 -13 937 0 0 1
0 0 0 0 0 4.79475 4.55847 -13 938 0 0 1
0 0 0 0 0 13.8568 10.4642 -13 939 0 0 1
0 0 0 0 0 6.09716 4.80777 -13 940 0 0 1
0 0 0 0 0 12.3043 16.3984 -13 941 0 0 1
0 0 0 0 0 3.24875 24.8566 -13 942 0 0 1
0 0 0 0 0 10.5493 25.4586 -13 943 0 0 1
0 0 0 0 0 11.1812 4.30937 -13 4 0 0 1
0 0 0 0 0 6.9794 7.46776 -13 5 0 0 1
0 0 0 0 0 14.3783 14.3117 -13 25 0 0 1
0 0 0 0 0 13.6588 2.54221 -13 30 0 0 1
0 0 0 0 0 10.3935 4.5314 -13 31 0 0 1
0 0 0 0 0 5.34018 27.2043 -13 35 0 0 1
0 0 0 0 0 11.8701 23.751 -13 38 0 0 1
0 0 0 0 0 8.45735 12.4546 -13 51 0 0 1
0 0 0 0 0 3.16728 23.4082 -13 52 0 0 1
0 0 0 0 0 8.34981 7.54219 -13 58 0 0 1
0 0 0 0 0 1.86781 24.9279 -13 342 0 0 1
0 0 0 0 0 3.06587 29.5643 -13 343 0 0 1
0 0 0 0 0 6.95852 22.2835 -13 602 0 0 1
0 0 0 0 0 9.32233 22.765 -13 603 0 0 1
0 0 0 0 0 7.61662 13.3803 -13 604 0 0 1
0 0 0 0 0 12.4684 16.85 -13 606 0 0 1
0 0 0 0 0 11.9015 6.09289 -13 607 0 0 1
0 0 0 0 0 12.959 15.1914 -13 608 0 0 1
0 0 0 0 0 8.85789 7.6774 -13 610 0 0 1
0 0 0 0 0 10.3581 5.31614 -13 611 0 0 1
0 0 0 0 0 10.8379 17.3455 -13 617 0 0 1
0 0 0 0 0 5.00476 22.086 -13 619 0 0 1
0 0 0 0 0 5.31544 2.89281 -13 621 0 0 1
0 0 0 0 0 9.44676 18.0478 -13 627 0 0 1
0 0 0 0 0 3.49212 18.808 -13 628 0 0 1
0 0 0 0 0 10.4725 6.59677 -13 629 0 0 1
0 0 0 0 0 11.8018 27.8703 -13 630 0 0 1
3.94972 -9.78004 0 -0.024374 0.0311331 -0.0535347 64.3523 11 630 1003 0 1
0 0 0 0 0 8.89732 28.0322 -13 631 0 0 1
0 0 0 0 0 13.7452 18.8417 -13 644 0 0 1
0 0 0 0 0 9.75637 2.69185 -13 645 0 0 1
0 0 0 0 0 6.07126 27.4104 -13 647 0 0 1
0 0 0 0 0 4.42323 13.7548 -13 648 0 0 1
0 0 0 0 0 10.1116 13.3939 -13 651 0 0 1
0 0 0 0 0 12.3113 12.7202 -13 654 0 0 1
0 0 0 0 0 5.27423 17.1708 -13 658 0 0 1
0 0 0 0 0 11.7102 22.793 -13 660 0 0 1
0 0 0 0 0 10.6614 16.3986 -13 661 0 0 1
0 0 0 0 0 12.1443 11.7725 -13 662 0 0 1
0 0 0 0 0 9.57293 29.5865 -13 663 0 0 1
0 0 0 0 0 11.3661 2.36775 -13 665 0 0 1
0 0 0 0 0 11.8015 15.0033 -13 666 0 0 1
0 0 0 0 0 13.1121 13.1867 -13 667 0 0 1
0 0 0 0 0 6.74447 10.8704 -13 668 0 0 1
0 0 0 0 0 9.63566 18.2119 -13 669 0 0 1
0 0 0 0 0 13.159 20.0734 -13 671 0 0 1
0 0 0 0 0 7.25467 8.46148 -13 675 0 0 1
0 0 0 0 0 11.8486 7.15189 -13 677 0 0 1
0 0 0 0 0 8.09653 7.82854 -13 685 0 0 1
0 0 0 0 0 11.6691 27.4851 -13 686 0 0 1
0 0 0 0 0 9.05725 6.93553 -13 687 0 0 1
0 0 0 0 0 12.8577 23.3058 -13 688 0 0 1
0 0 0 0 0 9.92262 22.9265 -13 689 0 0 1
0 0 0 0 0 5.37967 19.9542 -13 690 0 0 1
0 0 0 0 0 7.52205 2.18229 -13 692 0 0 1
0 0 0 0 0 12.7869 21.197 -13 693 0 0 1
0 0 0 0 0 4.21282 11.4065 -13 694 0 0 1
0 0 0 0 0 7.40589 11.3601 -13 695 0 0 1
0 0 0 0 0 8.80071 8.26719 -13 698 0 0 1
0 0 0 0 0 8.83862 10.8718 -13 700 0 0 1
0 0 0 0 0 9.10517 2.59223 -13 701 0 0 1
0 0 0 0 0 12.0946 22.598 -13 703 0 0 1
0 0 0 0 0 7.99404 20.2318 -13 710 0 0 1
0 0 0 0 0 11.627 20.0897 -13 712 0 0 1
0 0 0 0 0 6.51836 22.4134 -13 713 0 0 1
0 0 0 0 0 14.0735 21.5125 -13 714 0 0 1
0 0 0 0 0 10.6232 15.6864 -13 717 0 0 1
0 0 0 0 0 8.58935 3.83715 -13 723 0 0 1
0 0 0 0 0 9.63234 12.1674 -13 725 0 0 1
0 0 0 0 0 13.6295 15.8017 -13 726 0 0 1
0 0 0 0 0 14.1586 5.29351 -13 727 0 0 1
0 0 0 0 0 10.9955 3.39426 -13 731 0 0 1
0 0 0 0 0 3.0061 19.7693 -13 732 0 0 1
0 0 0 0 0 4.95544 12.5884 -13 733 0 0 1
0 0 0 0 0 5.93665 24.0278 -13 944 0 0 1
0 0 0 0 0 4.26143 27.2227 -13 945 0 0 1
0 0 0 0 0 14.3136 13.3267 -13 946 0 0 1
0 0 0 0 0 10.5047 5.66881 -13 947 0 0 1
0 0 0 0 0 7.80009 5.65214 -13 948 0 0 1
0 0 0 0 0 12.5014 21.483 -13 949 0 0 1
0 0 0 0 0 3.78378 3.5933 -13 950 0 0 1
0 0 0 0 0 5.42344 7.59353 -13 951 0 0 1
0 0 0 0 0 4.43584 26.3004 -13 952 0 0 1
0 0 0 0 0 9.90663 7.4108 -13 953 0 0 1
0 0 0 0 0 6.81865 20.4103 -13 954 0 0 1
0 0 0 0 0 7.46393 17.6677 -13 955 0 0 1
0 0 0 0 0 7.05452 7.9636 -13 956 0 0 1
0 0 0 0 0 14.071 19.3172 -13 957 0 0 1
0 0 0 0 0 11.9032 14.7502 -13 958 0 0 1
0 0 0 0 0 10.4309 21.0692 -13 959 0 0 1
0 0 0 0 0 14.4503 9.92003 -13 960 0 0 1
0 0 0 0 0 3.02352 14.177 -13 961 0 0 1
0 0 0 0 0 11.8418 19.5046 -13 962 0 0 1
0 0 0 0 0 9.44116 8.5757 -13 966 0 0 1
0 0 0 0 0 1.25108 14.0666 -13 967 0 0 1
0 0 0 0 0 3.36074 9.39104 -13 968 0 0 1
0 0 0 0 0 13.2617 14.4307 -13 971 0 0 1
0 0 0 0 0 8.32404 17.8978 -13 19 0 0 1
0 0 0 0 0 2.99777 19.1566 -13 20 0 0 1
0 0 0 0 0 8.97355 15.8426 -13 26 0 0 1
0 0 0 0 0 10.4244 28.4232 -13 37 0 0 1
0 0 0 0 0 9.81641 27.7055 -13 57 0 0 1
0 0 0 0 0 7.16716 17.6128 -13 59 0 0 1
0 0 0 0 0 14.0301 28.4839 -13 63 0 0 1
0 0 0 0 0 7.45036 13.5889 -13 66 0 0 1
0 0 0 0 0 10.6799 19.854 -13 68 0 0 1
0 0 0 0 0 11.1896 5.52137 -13 70 0 0 1
0 0 0 0 0 10.3986 1.85911 -13 72 0 0 1
0 0 0 0 0 6.26258 22.0728 -13 73 0 0 1
0 0 0 0 0 13.5654 13.8789 -13 78 0 0 1
0 0 0 0 0 6.46546 13.9712 -13 84 0 0 1
0 0 0 0 0 12.8838 15.4263 -13 97 0 0 1
0 0 0 0 0 9.609 8.45737 -13 98 0 0 1
0 0 0 0 0 4.97664 16.4628 -13 101 0 0 1
0 0 0 0 0 9.9937 23.6808 -13 103 0 0 1
0 0 0 0 0 10.3483 28.4291 -13 106 0 0 1
0 0 0 0 0 7.41125 13.1147 -13 108 0 0 1
0 0 0 0 0 13.5855 1.03451 -13 109 0 0 1
0 0 0 0 0 5.97468 5.64837 -13 118 0 0 1
0 0 0 0 0 7.5771 14.4263 -13 120 0 0 1
0 0 0 0 0 13.5152 10.0157 -13 128 0 0 1
0 0 0 0 0 13.5104 13.081 -13 129 0 0 1
0 0 0 0 0 10.4793 22.6477 -13 130 0 0 1
0 0 0 0 0 9.22815 8.67969 -13 131 0 0 1
0 0 0 0 0 12.9919 12.2618 -13 136 0 0 1
0 0 0 0 0 13.8351 1.50707 -13 141 0 0 1
0 0 0 0 0 13.7655 12.0655 -13 142 0 0 1
0 0 0 0 0 11.0488 6.01253 -13 143 0 0 1
0 0 0 0 0 9.89392 25.7175 -13 145 0 0 1
0 0 0 0 0 13.8672 20.9521 -13 150 0 0 1
0 0 0 0 0 9.50081 17.6421 -13 154 0 0 1
0 0 0 0 0 13.2555 9.62138 -13 157 0 0 1
0 0 0 0 0 9.82512 15.734 -13 162 0 0 1
0 0 0 0 0 9.80253 3.46417 -13 163 0 0 1
0 0 0 0 0 5.75097 12.005 -13 178 0 0 1
0 0 0 0 0 12.1071 6.16734 -13 192 0 0 1
0 0 0 0 0 14.4708 21.1276 -13 203 0 0 1
0 0 0 0 0 7.25788 11.6383 -13 205 0 0 1
0 0 0 0 0 2.56116 29.2375 -13 206 0 0 1
0 0 0 0 0 13.7237 13.3039 -13 209 0 0 1
0 0 0 0 0 12.1296 15.0978 -13 347 0 0 1
0 0 0 0 0 7.22061 14.7323 -13 349 0 0 1
0 0 0 0 0 7.84154 23.7311 -13 350 0 0 1
0 0 0 0 0 3.77431 19.4921 -13 355 0 0 1
0 0 0 0 0 9.80933 28.3215 -13 356 0 0 1
0 0 0 0 0 10.7016 27.8006 -13 357 0 0 1
0 0 0 0 0 11.8139 6.67863 -13 359 0 0 1
0 0 0 0 0 13.5232 22.0106 -13 360 0 0 1
0 0 0 0 0 4.18021 6.49647 -13 361 0 0 1
0 0 0 0 0 11.8655 5.2349 -13 365 0 0 1
0 0 0 0 0 7.96638 1.48007 -13 366 0 0 1
0 0 0 0 0 11.7293 25.0647 -13 367 0 0 1
0 0 0 0 0 2.7681 22.0318 -13 369 0 0 1
0 0 0 0 0 14.5339 18.1687 -13 371 0 0 1
0 0 0 0 0 10.7559 5.78535 -13 380 0 0 1
0 0 0 0 0 7.90196 13.1977 -13 381 0 0 1
0 0 0 0 0 2.3752 26.1343 -13 383 0 0 1
0 0 0 0 0 14.4441 18.3021 -13 387 0 0 1
0 0 0 0 0 9.4309 24.235 -13 388 0 0 1
0 0 0 0 0 13.5147 19.0874 -13 389 0 0 1
0 0 0 0 0 4.32332 4.05605 -13 393 0 0 1
0 0 0 0 0 4.23607 10.477 -13 394 0 0 1
0 0 0 0 0 13.3179 7.86265 -13 398 0 0 1
0 0 0 0 0 12.6617 3.94994 -13 399 0 0 1
0 0 0 0 0 11.6728 11.9551 -13 400 0 0 1
0 0 0 0 0 11.1957 13.7833 -13 401 0 0 1
0 0 0 0 0 7.40851 2.154 -13 402 0 0 1
0 0 0 0 0 14.4039 8.93088 -13 404 0 0 1
0 0 0 0 0 4.94841 24.6861 -13 407 0 0 1
0 0 0 0 0 10.9512 22.0478 -13 408 0 0 1
0 0 0 0 0 7.27425 10.7659 -13 410 0 0 1
0 0 0 0 0 6.93747 5.72676 -13 411 0 0 1
0 0 0 0 0 7.36117 5.32456 -13 412 0 0 1
0 0 0 0 0 5.83014 1.47136 -13 413 0 0 1
0 0 0 0 0 6.67652 6.56816 -13 417 0 0 1
0 0 0 0 0 13.2192 5.31895 -13 421 0 0 1
0 0 0 0 0 5.27827 29.7576 -13 425 0 0 1
0 0 0 0 0 5.24726 25.0365 -13 426 0 0 1
0 0 0 0 0 9.97621 10.8699 -13 430 0 0 1
0 0 0 0 0 11.9648 29.0204 -13 439 0 0 1
0 0 0 0 0 4.42059 3.22991 -13 442 0 0 1
0 0 0 0 0 7.68278 26.1518 -13 443 0 0 1
0 0 0 0 0 8.06053 26.3264 -13 445 0 0 1
0 0 0 0 0 13.4183 27.2064 -13 446 0 0 1
0 0 0 0 0 11.6034 12.5819 -13 447 0 0 1
0 0 0 0 0 9.86308 4.1207 -13 448 0 0 1
0 0 0 0 0 8.23803 5.25767 -13 449 0 0 1
0 0 0 0 0 12.3886 29.7222 -13 450 0 0 1
0 0 0 0 0 11.9109 26.9915 -13 452 0 0 1
0 0 0 0 0 12.9905 28.3196 -13 453 0 0 1
0 0 0 0 0 9.5922 9.82663 -13 454 0 0 1
0 0 0 0 0 14.0908 3.75994 -13 467 0 0 1
0 0 0 0 0 5.07824 17.9558 -13 469 0 0 1
0 0 0 0 0 6.57859 3.32945 -13 470 0 0 1
0 0 0 0 0 10.0846 20.9292 -13 472 0 0 1
0 0 0 0 0 8.29946 15.8861 -13 474 0 0 1
0 0 0 0 0 11.8071 10.8733 -13 475 0 0 1
0 0 0 0 0 7.90407 1.72595 -13 476 0 0 1
0 0 0 0 0 9.55562 16.8015 -13 477 0 0 1
0 0 0 0 0 9.78235 3.54849 -13 478 0 0 1
0 0 0 0 0 10.737 17.7309 -13 480 0 0 1
0 0 0 0 0 13.9457 4.74172 -13 492 0 0 1
0 0 0 0 0 10.9159 10.8179 -13 501 0 0 1
0 0 0 0 0 14.443 5.75054 -13 502 0 0 1
0 0 0 0 0 11.2115 17.5092 -13 504 0 0 1
0 0 0 0 0 4.03893 17.7217 -13 505 0 0 1
0 0 0 0 0 8.74172 8.61039 -13 506 0 0 1
0 0 0 0 0 8.29211 21.1663 -13 509 0 0 1
0 0 0 0 0 10.5808 10.5477 -13 510 0 0 1
0 0 0 0 0 10.4809 3.71006 -13 511 0 0 1
0 0 0 0 0 12.9097 18.4875 -13 512 0 0 1
0 0 0 0 0 13.3599 1.29134 -13 513 0 0 1
0 0 0 0 0 10.2586 24.3412 -13 515 0 0 1
0 0 0 0 0 4.23622 9.62192 -13 516 0 0 1
0 0 0 0 0 11.6914 19.3285 -13 519 0 0 1
0 0 0 0 0 11.6604 17.7414 -13 520 0 0 1
0 0 0 0 0 1.56451 8.97701 -13 521 0 0 1
0 0 0 0 0 13.5932 16.561 -13 523 0 0 1
0 0 0 0 0 14.1855 15.9565 -13 759 0 0 1
0 0 0 0 0 11.1748 26.6417 -13 763 0 0 1
0 0 0 0 0 9.8896 11.4511 -13 764 0 0 1
0 0 0 0 0 5.95256 7.75007 -13 765 0 0 1
0 0 0 0 0 8.63426 5.70496 -13 766 0 0 1
0 0 0 0 0 12.8892 21.3638 -13 768 0 0 1
0 0 0 0 0 7.07162 5.12349 -13 769 0 0 1
0 0 0 0 0 13.6558 7.28702 -13 770 0 0 1
0 0 0 0 0 14.3484 2.79027 -13 772 0 0 1
0 0 0 0 0 4.14401 3.87414 -13 775 0 0 1
-2.38614 0.344714 0 0.0562022 -0.031553 -0.156644 762.752 11 775 1001 0 1
0 0 0 0 0 10.7062 12.9993 -13 777 0 0 1
0 0 0 0 0 10.8423 16.5849 -13 810 0 0 1
0 0 0 0 0 5.78883 3.57849 -13 811 0 0 1
0 0 0 0 0 6.62506 2.69555 -13 812 0 0 1
0 0 0 0 0 13.2339 11.3542 -13 813 0 0 1
0 0 0 0 0 6.17949 5.4421 -13 816 0 0 1
0 0 0 0 0 5.50583 25.1326 -13 817 0 0 1
0 0 0 0 0 14.4633 26.5027 -13 825 0 0 1
0 0 0 0 0 9.06933 29.8867 -13 833 0 0 1
0 0 0 0 0 5.55765 24.9788 -13 834 0 0 1
0 0 0 0 0 11.8759 22.2248 -13 836 0 0 1
0 0 0 0 0 11.1498 22.121 -13 839 0 0 1
0 0 0 0 0 1.48907 1.10446 -13 841 0 0 1
0 0 0 0 0 6.2853 27.4434 -13 842 0 0 1
0 0 0 0 0 11.8872 23.368 -13 963 0 0 1
0 0 0 0 0 10.5099 27.1598 -13 964 0 0 1
0 0 0 0 0 11.3585 16.1219 -13 965 0 0 1
0 0 0 0 0 8.98123 13.3004 -13 969 0 0 1
0 0 0 0 0 2.13159 28.1007 -13 970 0 0 1
0 0 0 0 0 14.4712 15.6673 -13 972 0 0 1
