#BLTrackFile NTuple/Z200
#x y z Px Py Pz t PDGid EventID TrackID ParentID Weight
#mm mm mm MeV/c MeV/c MeV/c ns - - - - -
-0.00143214 0.132809 200 0.00236063 -0.0126268 11.5284 25.3133 -13 1 0 0 1
0.0670129 0.0325438 200 -0.00608882 -0.00708133 9.95945 9.72588 -13 3 0 0 1
0.138252 0.0523904 200 0.0411995 0.015457 13.6311 28.7388 -13 9 0 0 1
-2.20515 -1.22979 200 0.0165327 -0.0419372 0.0182302 30.0016 11 9 1003 0 1
0.0163504 0.00100042 200 -0.0144151 -0.00370784 8.46858 11.3871 -13 16 0 0 1
0.00510997 -0.0205805 200 3.64685e-05 0.00243517 13.7007 26.9694 -13 34 0 0 1
0.00238929 -0.271466 200 -0.00447369 -0.0357797 8.6178 32.7547 -13 36 0 0 1
0.170894 -0.118598 200 -0.0119978 -0.0454676 9.52709 18.0262 -13 39 0 0 1
0.138777 -0.11789 200 -0.0140248 -0.0194683 14.4238 17.075 -13 43 0 0 1
0.33574 -0.116646 200 -0.0200133 -0.051091 11.292 25.4595 -13 44 0 0 1
-0.0402411 -0.233203 200 -0.11292 -0.0671761 6.79319 21.0354 -13 48 0 0 1
0.153246 -0.0473765 200 0.0228859 -0.024386 10.7435 21.6696 -13 74 0 0 1
0.0475532 0.000195105 200 0.00695172 -0.0077865 10.3229 35.0585 -13 80 0 0 1
0.0637294 0.0834481 200 0.0217587 0.00193867 7.98072 22.2296 -13 86 0 0 1
-0.0824259 -0.0513427 200 0.0360722 0.0183901 9.98243 18.3357 -13 89 0 0 1
0.190611 -0.0881201 200 0.019172 -0.0118352 5.88391 21.2472 -13 94 0 0 1
0.229132 -0.260877 200 -0.0284909 -0.0233178 5.57785 16.076 -13 110 0 0 1
-0.0386711 -0.0945228 200 -0.0270201 -0.0287256 5.18193 36.519 -13 123 0 0 1
0.0330418 -0.0793086 200 -0.00608529 -0.000992916 11.7401 31.4692 -13 126 0 0 1
-0.0748765 0.177682 200 0.0258376 -0.000778191 7.27487 14.3631 -13 137 0 0 1
0.0314951 -0.188024 200 -0.0307965 -0.00269839 14.1508 30.477 -13 140 0 0 1
0.095692 0.0446373 200 -0.00342442 -0.0404094 8.13545 12.6106 -13 151 0 0 1
0.26651 0.0468416 200 0.00904088 -0.0325542 14.1401 29.6511 -13 152 0 0 1
0.00303106 -0.0484309 200 0.0102171 0.0215624 7.5632 18.5276 -13 160 0 0 1
-0.104493 0.00188165 200 0.00267105 0.0117469 10.6833 9.63695 -13 175 0 0 1
0.235779 0.0944694 200 0.0130809 -0.0520749 7.19341 33.8017 -13 180 0 0 1
-0.0930942 -0.248052 200 -0.0388089 0.0215659 8.81385 34.9723 -13 181 0 0 1
-0.0930969 -0.00272031 200 0.0129154 0.0369144 12.2954 10.9272 -13 184 0 0 1
-0.0394042 -0.0216474 200 -0.012388 -0.00342992 11.8878 35.5397 -13 186 0 0 1
-0.59952 0.0382903 200 0.0207788 0.0688289 4.92345 18.747 -13 187 0 0 1
-0.26986 0.175558 200 -0.00324987 0.0609656 8.62465 25.2828 -13 188 0 0 1
-2.50494 1.06717 200 0.00478732 0.00640359 0.049732 26.4675 11 188 1003 0 1
0.231664 -0.0829788 200 0.035103 -0.0487561 2.4458 46.913 -13 200 0 0 1
-0.12605 -0.0617155 200 -0.00681834 0.0121287 6.69554 26.2411 -13 211 0 0 1
-0.087693 -0.172068 200 -0.0442858 -0.0115992 13.7977 31.967 -13 348 0 0 1
0.017523 0.184356 200 0.00695426 0.00915179 4.69981 23.5323 -13 351 0 0 1
0.476795 0.412959 200 -0.0238637 -0.0923957 4.40167 28.3769 -13 352 0 0 1
0.106514 -0.110535 200 -0.00541679 -0.0164346 10.9646 24.415 -13 358 0 0 1
-0.0458178 0.247306 200 0.0501638 -0.0276794 8.77759 9.4825 -13 362 0 0 1
0.086288 -0.0648462 200 0.000699879 -0.00959713 12.2241 34.7159 -13 363 0 0 1
0.106037 -0.138244 200 -0.0155544 -0.013367 14.4582 10.1407 -13 364 0 0 1
0.0945668 0.262695 200 0.116713 -0.0146451 6.51058 15.2326 -13 370 0 0 1
-0.483101 2.66851 200 -0.0079371 0.00986905 0.0333132 15.5907 11 370 1006 0 1
0.0723283 0.0457391 200 0.0111579 0.00828623 2.74697 52.7416 -13 372 0 0 1
0.0238673 0.211926 200 0.0387751 0.0201351 13.3758 27.7142 -13 375 0 0 1
-0.973709 -0.1399 200 0.00263682 0.151938 13.4175 18.3262 -13 382 0 0 1
-0.0339979 0.0923138 200 0.0184766 0.0220523 14.1255 19.9902 -13 384 0 0 1
-1.43593 -0.00607611 200 -8.41561e-05 0.000545439 0.0570627 229.216 -13 385 0 0 1
0.099441 -0.0317171 200 -0.00180321 -0.0149831 14.4664 14.5742 -13 386 0 0 1
0.113819 -0.106314 200 -0.0198129 -0.0174448 10.3331 16.605 -13 390 0 0 1
-0.0961205 0.0117582 200 0.0159391 0.00557828 8.72872 36.8771 -13 391 0 0 1
-0.0937892 0.0208317 200 0.00641436 0.0125499 8.19817 36.4757 -13 392 0 0 1
0.0472 0.155963 200 0.032241 0.00387963 14.1132 14.4604 -13 395 0 0 1
-0.118858 0.159653 200 0.126221 0.0243474 7.12162 26.6163 -13 396 0 0 1
0.0259139 0.0873288 200 0.017515 0.00341176 14.5337 12.8145 -13 397 0 0 1
0.228272 -0.224244 200 -0.0303363 -0.0471632 5.77688 32.7324 -13 403 0 0 1
-0.00438545 -0.034231 200 -0.00038543 -0.00307462 12.8595 23.2243 -13 405 0 0 1
-0.303788 0.0173112 200 0.0211519 0.0575652 7.11782 25.6581 -13 406 0 0 1
0.0148224 -0.1517 200 -0.0159472 -0.0413851 12.2161 9.86575 -13 409 0 0 1
-0.250117 -0.0902652 200 -0.0345325 0.0484537 8.29429 16.2288 -13 415 0 0 1
-4.57294 3.19787 200 0.00612412 -0.0125048 0.0450113 16.346 11 415 1002 0 1
0.403946 0.00988199 200 -0.0217348 0.00456949 2.01521 50.7776 -13 423 0 0 1
-0.178638 -0.111373 200 -0.0367025 0.012426 10.8223 32.8046 -13 427 0 0 1
0.0225277 -0.111407 200 -0.0200265 0.00016429 14.0175 9.41102 -13 456 0 0 1
-0.0734241 0.00739239 200 -0.00384413 0.00509118 9.4702 9.64666 -13 457 0 0 1
0.0334135 -0.00975687 200 -0.00155826 -0.00696955 11.6175 33.3131 -13 458 0 0 1
0.111065 -0.120936 200 -0.018287 -0.0333632 13.4694 31.7311 -13 461 0 0 1
-0.00691013 0.100081 200 -0.0159235 0.0167718 7.72841 21.9348 -13 463 0 0 1
-0.0104807 -0.182351 200 -0.0354466 -0.0153542 9.93722 13.2693 -13 465 0 0 1
-0.048278 0.140946 200 0.00648536 0.0270193 7.36261 11.8733 -13 466 0 0 1
-1.87898 -0.782814 200 -0.00174395 0.0124345 0.0688062 10.471 11 466 1010 0 1
-0.00632814 -0.0880798 200 -0.00548546 0.00846975 8.85988 19.045 -13 468 0 0 1
-0.345777 -0.10493 200 -0.00159439 0.0485044 5.46861 16.3447 -13 479 0 0 1
-0.0634964 0.0927148 200 0.0292391 0.0317786 9.01932 22.8839 -13 481 0 0 1
-0.559818 -0.166236 200 0.0232197 0.112723 6.60397 40.4358 -13 482 0 0 1
0.00721545 0.0118155 200 0.00455049 -0.00618872 14.0567 34.7108 -13 483 0 0 1
0.0171056 0.0620609 200 0.0229896 -0.0205579 7.52438 24.1371 -13 484 0 0 1
-0.0576551 0.0204777 200 0.0118663 0.0128889 11.3819 10.4268 -13 485 0 0 1
-0.00931179 -0.126823 200 -0.0184251 -0.0151966 7.36621 18.0051 -13 486 0 0 1
0.00986725 -0.121994 200 -0.0238553 -0.00225361 13.0294 24.1497 -13 487 0 0 1
-0.198198 0.0134396 200 0.0110168 0.028747 5.44191 34.1781 -13 488 0 0 1
0.0543749 0.0790918 200 0.0211405 -0.01164 13.8973 10.4577 -13 489 0 0 1
0.241614 0.0710889 200 0.0259741 -0.0485601 4.07207 22.0964 -13 490 0 0 1
0.0832158 -0.0160554 200 0.0121977 -0.0344317 7.61824 34.7392 -13 491 0 0 1
-0.0464213 -0.046722 200 -0.0124629 0.00523983 12.4418 31.0808 -13 493 0 0 1
-0.0533987 0.17241 200 0.0128214 -0.0141133 12.9714 29.5615 -13 494 0 0 1
0.0281569 -0.00591199 200 0.00373159 0.00400883 14.4553 6.84233 -13 495 0 0 1
0.254901 -0.23344 200 -0.03162 -0.0216091 10.7093 14.2468 -13 496 0 0 1
0.0236798 0.358598 200 0.0650549 -0.0245433 14.063 6.66208 -13 497 0 0 1
0.13892 0.146679 200 0.0300981 -0.0243418 10.2628 13.3107 -13 503 0 0 1
0.147612 -0.00166053 200 0.00118092 -0.0167777 12.4699 18.082 -13 507 0 0 1
0.0893321 -0.0869815 200 -0.0123251 -0.0120825 11.4463 32.2957 -13 508 0 0 1
0.0169916 0.0449267 200 0.000505214 0.0104264 8.24845 12.2479 -13 517 0 0 1
0.0193868 0.0449521 200 0.00879131 0.0065689 12.3865 11.3934 -13 518 0 0 1
0.059774 0.0334197 200 0.0349067 -0.00896534 12.9595 17.5142 -13 522 0 0 1
-0.17206 -0.124636 200 -0.0158317 0.0272727 4.01308 43.6263 -13 524 0 0 1
0.0023559 -0.117432 200 -0.0160554 -0.00392947 11.7202 26.3333 -13 526 0 0 1
0.0902501 0.00804778 200 0.0141482 -0.0272745 12.4986 22.2947 -13 528 0 0 1
0.0744084 -0.0575385 200 -0.00486933 -0.00826424 11.2869 29.7132 -13 529 0 0 1
-0.0137484 0.00985956 200 -0.0447894 0.0575509 9.0869 31.3763 -13 533 0 0 1
0.570903 0.0126769 200 0.038588 -0.0799081 13.0518 15.1336 -13 536 0 0 1
0.223837 -0.0580216 200 -0.0160017 -0.0431017 8.57554 21.5049 -13 543 0 0 1
-0.0370856 0.186175 200 0.0253301 -0.00661591 13.7424 33.5759 -13 544 0 0 1
-0.0232346 0.0652592 200 0.0287731 0.014165 9.88251 26.7917 -13 548 0 0 1
-0.0473847 -0.0207441 200 -0.00639333 0.00606258 9.65094 33.4894 -13 549 0 0 1
0.0837344 0.0217682 200 -0.0370156 -0.0248886 11.3208 16.8563 -13 552 0 0 1
-0.252655 -0.129032 200 -0.0318979 0.044833 7.92787 21.1599 -13 553 0 0 1
0.0311914 0.179362 200 0.0543158 -0.0005969 8.00411 36.7543 -13 555 0 0 1
0.0773836 0.128649 200 0.0415229 -0.00220285 13.5781 12.1734 -13 557 0 0 1
-0.179684 0.0342719 200 -0.00896597 0.0312547 12.1208 21.6623 -13 563 0 0 1
0.0929382 -0.00812177 200 -0.014996 -0.0350601 10.5837 35.3667 -13 564 0 0 1
-0.0286136 0.121928 200 0.000111373 0.00340352 9.44863 19.8081 -13 566 0 0 1
0.0539132 -0.0507055 200 -0.0084098 -0.015435 10.6031 18.7455 -13 567 0 0 1
0.171252 -0.206697 200 0.00371087 -0.0317619 7.10571 29.0297 -13 575 0 0 1
0.200437 -0.028696 200 0.0288583 0.0026563 10.6177 26.1874 -13 576 0 0 1
0.06536 0.0306497 200 -0.00370342 -0.0253194 13.4084 8.39891 -13 577 0 0 1
0.066918 0.0471422 200 0.0260013 -0.00985866 8.43307 20.1293 -13 578 0 0 1
0.0151729 -0.00135029 200 0.00272433 0.0108164 13.9776 21.5822 -13 579 0 0 1
0.00220368 -0.0488807 200 -0.0311453 0.00118749 12.7443 13.8391 -13 580 0 0 1
-0.00604771 -0.023694 200 -0.00426237 0.00157407 11.1065 34.8047 -13 581 0 0 1
0.354201 0.00283956 200 -0.0344892 -0.0217597 8.93262 20.7858 -13 582 0 0 1
-0.204738 0.0488116 200 0.0409831 0.0530755 7.63736 16.6566 -13 583 0 0 1
3.04281 0.318528 200 0.0237381 -0.0217171 0.0505567 15.471 11 583 1008 0 1
0.203707 0.387439 200 0.122991 -0.18256 1.37783 45.9784 -13 590 0 0 1
0.119429 -0.075623 200 -0.0276252 -0.00668157 10.0561 22.1401 -13 595 0 0 1
0.275666 -0.081815 200 -0.00391687 -0.0334271 4.90326 18.5552 -13 853 0 0 1
-0.0542207 0.047307 200 -0.000178207 0.00502201 11.4909 10.1506 -13 854 0 0 1
1.2398 0.429118 200 -0.000668696 0.000145573 0.668646 239.44 -13 864 0 0 1
-0.125945 0.0434272 200 0.0458056 0.0342519 6.9523 24.1687 -13 865 0 0 1
0.0596317 0.00309166 200 0.00910935 -0.0090212 14.5652 25.1374 -13 974 0 0 1
-0.14355 -0.168974 200 -0.0345782 0.00324206 9.01039 25.6378 -13 978 0 0 1
-1.17557 1.10203 200 0.00132406 0.0261713 0.0748654 24.2994 11 978 1003 0 1
-0.113921 0.17873 200 0.0478728 0.0228402 12.0921 10.1775 -13 980 0 0 1
-0.0154704 0.207904 200 0.0403462 0.0163218 14.4672 13.5891 -13 990 0 0 1
-0.213996 -0.063211 200 -0.0296664 0.0419995 10.8833 27.0994 -13 991 0 0 1
0.0119414 0.130614 200 0.0150648 0.00824785 13.1019 31.3618 -13 992 0 0 1
-0.0870627 -0.0864794 200 -0.00546532 0.0140236 12.8353 30.6893 -13 994 0 0 1
-0.0331714 0.158151 200 0.0153416 0.00766975 13.9146 17.5174 -13 995 0 0 1
0.0338923 -0.0185186 200 -0.011614 0.00858372 8.47641 30.6282 -13 1000 0 0 1
0.122518 -0.015994 200 -0.00520583 -0.0264364 12.5816 28.2414 -13 2 0 0 1
0.0962239 -0.0466515 200 0.0307959 -0.0327242 7.683 31.4434 -13 6 0 0 1
0.1244 0.0328895 200 0.00791288 -0.0217465 12.0518 19.4638 -13 7 0 0 1
0.0425105 -0.200406 200 -0.0218659 0.00541494 13.0935 34.5281 -13 18 0 0 1
-0.0883738 -0.0265246 200 -0.0239862 0.020125 14.4294 27.8616 -13 21 0 0 1
0.117962 0.0889313 200 0.0367517 -0.0491826 10.5399 8.66934 -13 22 0 0 1
0.15226 0.00836275 200 0.0108779 -0.0320488 8.3454 35.8908 -13 24 0 0 1
0.00668578 -0.178674 200 -0.0121706 -0.0352958 3.70186 44.6865 -13 33 0 0 1
-0.356986 0.0578218 200 0.0737357 -0.0298482 9.93356 29.1279 -13 42 0 0 1
-0.0456674 0.0359457 200 0.0208427 -0.00281774 8.33402 30.4637 -13 60 0 0 1
-0.0465348 -0.11101 200 -0.015803 0.00822485 13.9558 20.8559 -13 61 0 0 1
-0.0496521 0.000996332 200 0.00325298 0.00294426 8.93713 20.9661 -13 64 0 0 1
-0.026207 -0.242868 200 -0.0344023 -0.0198418 5.12927 19.0139 -13 65 0 0 1
-2.39404 -1.41893 200 -0.00317182 0.0162632 0.03441 18.7473 11 65 1006 0 1
0.111754 -0.0241691 200 0.000709325 -0.0258957 11.5412 18.9548 -13 67 0 0 1
-0.296391 0.00841077 200 0.00286517 0.0499164 7.83272 37.2307 -13 75 0 0 1
0.0613356 -0.0737909 200 -0.00445903 -0.0214984 12.4999 31.5585 -13 76 0 0 1
0.248671 -0.0946925 200 0.00670185 -0.085931 6.69835 38.6201 -13 92 0 0 1
-0.00449519 -0.0518892 200 -0.00994817 0.00202186 9.86095 11.344 -13 111 0 0 1
0.148867 -0.126405 200 -0.0230059 -0.031727 13.2335 25.3225 -13 115 0 0 1
-0.0952305 0.0343404 200 -0.00977613 0.00975405 10.3246 36.4505 -13 116 0 0 1
-0.151637 0.0586048 200 0.00523431 0.0237435 11.5861 11.5944 -13 117 0 0 1
0.0609443 0.2249 200 0.0454278 -0.00183718 10.9807 26.5285 -13 119 0 0 1
0.051133 0.427063 200 0.0835153 0.0841421 7.93931 37.2266 -13 121 0 0 1
8.1102 -8.19197 200 -0.0311521 0.011685 0.00714836 39.5413 11 121 1009 0 1
4.57619 -6.79786 200 -0.000300533 -0.000196023 0.000395176 37.6794 11 121 1010 1009 1
0.0479195 -0.00464329 200 0.014394 -0.0198016 9.07612 14.6803 -13 122 0 0 1
0.045713 -0.0300795 200 -0.0202098 0.00932935 0.00785369 14.7091 11 122 1006 0 1
-0.0393669 -0.0785282 200 -0.00942631 0.000658333 14.3417 28.2707 -13 159 0 0 1
-0.00324234 -0.068084 200 -0.00368487 -0.0051911 14.2329 25.537 -13 164 0 0 1
0.20282 -0.108415 200 0.0113456 -0.0470488 12.3496 30.8133 -13 165 0 0 1
-0.0490335 0.0670099 200 0.0189659 -0.00820553 11.0301 35.5085 -13 166 0 0 1
0.0560464 0.150399 200 0.0251848 0.0120935 13.0665 32.2287 -13 169 0 0 1
-0.0279686 0.0490758 200 0.0100893 -0.00739603 14.5185 27.3145 -13 171 0 0 1
0.0115173 0.0163456 200 0.00425876 0.00358294 11.8744 21.0474 -13 172 0 0 1
-0.0143847 0.00548352 200 0.0124012 -0.0190168 13.0696 7.00881 -13 173 0 0 1
0.0476167 -0.037272 200 -0.00047604 -0.0188462 11.7086 35.8497 -13 196 0 0 1
-0.010714 -0.01232 200 -0.00447048 0.0072738 12.9439 20.2248 -13 199 0 0 1
-0.060293 -0.000385523 200 0.0109083 0.018421 12.0264 27.2149 -13 202 0 0 1
0.139853 -0.221152 200 -0.0146141 -0.0433659 5.53 22.1983 -13 204 0 0 1
-0.00592901 -0.00662078 200 0.00607098 0.00269642 9.25602 36.0496 -13 207 0 0 1
0.343608 0.274226 200 0.0774052 -0.0360376 3.53892 42.2092 -13 210 0 0 1
0.163818 0.0797886 200 0.0170892 -0.0179618 13.9552 6.84568 -13 212 0 0 1
-0.0666137 0.0816248 200 -0.00147892 0.0152195 9.81382 25.8415 -13 214 0 0 1
0.177593 0.174939 200 0.0445097 0.0129975 4.19361 30.6835 -13 215 0 0 1
0.058804 0.164915 200 0.00633329 -0.0105759 9.91189 19.7824 -13 216 0 0 1
0.0448197 -0.0849097 200 -0.0123046 0.000715281 9.48385 20.913 -13 217 0 0 1
0.0865607 0.39909 200 -0.0325279 0.0782867 5.30863 28.8465 -13 218 0 0 1
-0.111948 0.311804 200 0.0306934 0.0627618 9.74989 17.9717 -13 219 0 0 1
-0.687645 3.54435 200 0.00154372 -0.0305974 0.0233213 19.6196 11 219 1006 0 1
0.0154212 0.11146 200 0.00821339 0.0122432 13.3309 17.4841 -13 220 0 0 1
0.052283 -0.0854431 200 -0.0121966 -0.0101324 8.69207 11.9881 -13 223 0 0 1
-0.0972716 -0.106597 200 -0.00624433 0.0195798 6.26376 40.6665 -13 224 0 0 1
-0.0314242 -0.0186041 200 0.00376212 0.00206756 12.3551 26.9986 -13 225 0 0 1
0.152768 -0.244941 200 -0.0184028 -0.0560968 10.0509 26.4285 -13 226 0 0 1
-0.201501 1.13998 200 -0.0439389 -0.00678031 0.0581416 26.2607 11 226 1003 0 1
0.0616823 -0.101223 200 -0.00286567 -0.0191587 12.6307 25.7129 -13 227 0 0 1
0.00364291 0.0178841 200 0.00162555 -0.00227896 9.52678 12.8809 -13 238 0 0 1
0.136415 -0.102988 200 -0.0210341 -0.0249763 12.7877 17.6225 -13 239 0 0 1
-0.163004 0.00246669 200 0.0104037 0.0391621 12.7521 11.3 -13 240 0 0 1
-0.00829898 -0.000100633 200 0.00313162 -0.00402989 12.8396 8.09213 -13 241 0 0 1
0.0206231 0.0247678 200 -0.00285307 0.00941722 8.37385 35.0592 -13 251 0 0 1
0.0337274 -0.0692603 200 -0.0152086 -0.0281934 12.9885 13.4095 -13 252 0 0 1
-0.0747696 0.052253 200 0.0112096 0.0195357 11.7405 23.1475 -13 258 0 0 1
0.0204689 0.0221507 200 -0.00213945 -0.0101755 14.4709 10.6687 -13 259 0 0 1
-0.0812344 0.074641 200 0.00571366 0.0357198 13.8415 20.5246 -13 261 0 0 1
0.213286 -0.00414853 200 0.0325176 -0.0168106 10.5473 14.6789 -13 263 0 0 1
0.0912151 -0.0923323 200 -0.0100295 -0.0152409 12.8144 29.5944 -13 265 0 0 1
0.096904 0.00458462 200 0.00231854 -0.0187587 7.35016 37.4367 -13 271 0 0 1
-0.0347867 -0.0116051 200 -0.00553331 0.00860063 14.4721 15.1904 -13 272 0 0 1
-0.0487852 -0.144045 200 0.00246776 0.00326845 8.14927 19.448 -13 273 0 0 1
-0.0358614 0.0483491 200 -0.00714599 0.00695763 12.62 33.0017 -13 274 0 0 1
0.106751 0.0146587 200 0.0122559 -0.0178414 11.5398 12.2552 -13 276 0 0 1
0.0171991 -0.00511428 200 -0.00141791 0.0157594 9.64041 32.8013 -13 277 0 0 1
0.0330562 -0.05909 200 -0.00502341 -0.0293127 13.7574 18.2597 -13 278 0 0 1
0.0671187 0.165832 200 0.0531389 -0.00580789 6.39281 17.8841 -13 280 0 0 1
-0.142519 -0.0938008 200 -0.0866331 -0.066847 9.55952 31.1212 -13 282 0 0 1
-0.178806 -0.245167 200 -0.0366746 0.0400493 7.2534 23.7211 -13 284 0 0 1
0.0434069 -0.029535 200 -0.014866 -0.0149205 6.84139 36.7498 -13 286 0 0 1
0.379905 0.141837 200 0.0126767 -0.0449084 11.9791 31.7854 -13 288 0 0 1
0.0578362 0.0245948 200 0.0137138 -0.0224578 9.49661 25.4322 -13 289 0 0 1
-0.0825595 0.10654 200 0.0355709 0.00867163 9.13138 16.7973 -13 290 0 0 1
-0.098923 -0.159999 200 -0.036781 0.00668333 6.9723 29.3469 -13 291 0 0 1
-0.159002 0.109697 200 0.00436266 0.0384261 13.2622 8.98679 -13 292 0 0 1
0.113204 0.143172 200 0.0372061 -0.00999436 13.8233 35.0465 -13 294 0 0 1
0.148704 -0.027338 200 0.0315865 -0.0689888 6.07465 27.1508 -13 296 0 0 1
0.114349 0.0236648 200 -0.0181735 0.0167042 0.0218698 27.3116 11 296 1009 0 1
-0.033142 -0.00824331 200 -0.013315 0.00346701 12.1955 18.9572 -13 299 0 0 1
-0.16716 0.113952 200 0.0267082 0.0252702 7.75912 26.7833 -13 304 0 0 1
-0.0855074 -0.0822491 200 -0.0315548 0.00821298 9.7342 23.141 -13 306 0 0 1
0.0929953 -0.00160031 200 -0.0076202 -0.0107417 12.3908 12.6763 -13 308 0 0 1
0.0851741 0.329877 200 0.067705 -0.0164025 9.59247 27.9531 -13 309 0 0 1
-0.420378 -0.451296 200 -0.0980416 0.0193852 5.811 22.0743 -13 310 0 0 1
-2.10557 4.38428 200 -0.0139258 -0.0178888 0.0361151 21.4604 11 310 1004 0 1
0.0547808 0.0177853 200 0.00792765 -0.0114508 14.0103 22.6479 -13 311 0 0 1
0.127497 0.168966 200 0.0131664 -0.0194403 13.0555 7.72013 -13 313 0 0 1
-0.0232687 0.0371936 200 0.0124861 -0.00547595 13.8264 7.19198 -13 314 0 0 1
0.103078 0.112583 200 0.0186566 -0.00606344 11.6381 10.3748 -13 315 0 0 1
0.200166 0.0613116 200 -0.00417366 -0.0393934 9.1197 14.7432 -13 316 0 0 1
0.095533 0.169239 200 0.0675042 0.0168287 2.98299 31.7313 -13 317 0 0 1
0.0887409 0.157227 200 -0.0091193 -0.00761163 0.0113407 31.7351 11 317 1014 0 1
-0.0112545 0.259434 200 0.00620793 0.0157121 9.97979 13.1428 -13 321 0 0 1
1.73855 -0.048608 200 -0.0251482 -0.0249874 0.0302365 13.8573 11 321 1006 0 1
-0.0214192 0.0587917 200 0.0182512 -0.0152749 12.7615 11.7581 -13 322 0 0 1
-0.0725026 -0.097296 200 -0.0305142 0.00791106 10.7498 27.4349 -13 326 0 0 1
-0.114044 -0.00960091 200 0.00144689 0.00663433 12.4848 19.2264 -13 327 0 0 1
-0.235895 -0.316715 200 -0.00940414 0.0119943 4.40731 37.2277 -13 328 0 0 1
0.117493 -0.0552402 200 -0.00395697 -0.0575727 11.9797 28.5936 -13 329 0 0 1
0.0250542 0.0148121 200 -0.0116432 -0.0305237 0.00710726 29.8421 11 329 1002 0 1
-0.00137162 -0.110167 200 -0.0328447 -0.0195931 9.01837 16.5254 -13 330 0 0 1
0.0382427 0.0321024 200 0.00271907 0.00970409 5.68974 13.8667 -13 331 0 0 1
0.0607511 0.062997 200 0.0176921 -0.0288104 4.98161 20.6569 -13 332 0 0 1
0.237081 -0.0962942 200 -0.0382286 -0.0250685 9.86911 18.923 -13 333 0 0 1
-0.0255359 0.0416041 200 -0.00944163 0.016137 12.858 8.58656 -13 334 0 0 1
0.0409032 0.00842481 200 0.00103674 -0.00930524 14.2578 26.565 -13 335 0 0 1
-0.168917 0.0333773 200 -0.0508252 0.0612218 5.78503 26.5031 -13 336 0 0 1
-0.0325241 0.19041 200 0.0424214 0.00624709 13.7337 23.9974 -13 337 0 0 1
0.0942328 -0.29647 200 -0.0326971 -0.00664602 9.67088 32.3413 -13 338 0 0 1
-0.0396014 -0.0199871 200 -0.0283562 0.026354 9.36358 36.7717 -13 339 0 0 1
-0.299572 0.528449 200 0.0525495 0.0583342 2.08856 58.1061 -13 340 0 0 1
-0.00366378 0.0734781 200 0.00566908 0.00982741 12.4637 33.7099 -13 341 0 0 1
0.0618453 -0.12935 200 -0.0271028 0.00400048 12.9555 19.7265 -13 531 0 0 1
-0.0514261 0.0150766 200 -0.00232507 0.00782019 13.853 34.7414 -13 532 0 0 1
-0.0331288 0.0570528 200 0.00785512 -0.00937265 9.17809 31.6232 -13 534 0 0 1
0.0180754 0.00317539 200 -0.00182781 0.0084515 9.86093 10.4389 -13 535 0 0 1
-0.235805 0.0943469 200 0.0449557 0.0045698 4.61368 30.2405 -13 537 0 0 1
0.0512368 0.0114347 200 0.00463031 -0.00182886 14.4819 23.6474 -13 538 0 0 1
-0.0155533 0.017343 200 -0.0142926 0.0130034 7.42458 31.8829 -13 541 0 0 1
0.439042 0.664367 200 0.0816833 -0.0945032 12.8277 9.81285 -13 542 0 0 1
-0.045713 -0.20114 200 -0.0435147 0.0102939 4.9808 40.5868 -13 545 0 0 1
0.00390002 0.351646 200 0.0722682 0.0284696 6.65796 30.8116 -13 546 0 0 1
0.0954286 0.0746358 200 0.0146773 -0.0183176 10.6108 12.9458 -13 551 0 0 1
0.437585 0.45947 200 0.038015 -0.113365 0.588693 66.2147 -13 558 0 0 1
0.142925 -0.0641823 200 -0.00164634 -0.00694952 14.2326 10.8448 -13 565 0 0 1
0.0171089 0.18134 200 0.0263975 0.0506427 7.06499 30.3006 -13 803 0 0 1
-0.0055809 0.113917 200 0.0222663 0.0121534 13.02 13.5409 -13 804 0 0 1
-0.163046 -0.0243485 200 -0.00430232 0.0239862 9.64015 18.6879 -13 814 0 0 1
-0.0557919 -0.029956 200 -0.0024186 0.0116496 11.6722 34.006 -13 815 0 0 1
0.0492161 0.0884686 200 0.0293558 0.101777 11.4866 35.5352 -13 818 0 0 1
-0.00529254 -0.0226449 200 -0.0311173 0.00611369 13.4019 12.5911 -13 820 0 0 1
-0.0697888 0.0185861 200 -0.00834482 0.0172933 11.7103 35.1631 -13 822 0 0 1
0.102239 0.0329254 200 0.0190954 -0.010932 14.565 26.2929 -13 824 0 0 1
0.046671 0.0786549 200 -0.00888878 0.0265737 4.03229 46.4354 -13 827 0 0 1
-0.223408 0.155105 200 0.0281937 0.0615541 8.65681 35.4166 -13 828 0 0 1
0.23686 -0.150833 200 -0.0343692 -0.0493731 10.1035 33.989 -13 829 0 0 1
-0.00567992 -0.00970657 200 -0.00743648 0.00243707 14.087 34.6004 -13 830 0 0 1
-0.0805074 0.107908 200 -0.0174731 0.0332898 8.44258 15.8749 -13 831 0 0 1
-0.023554 0.0201216 200 -0.0031559 -0.00551997 13.8023 19.2678 -13 832 0 0 1
-0.629496 -0.330805 200 -0.0616335 0.0952744 4.80081 42.4871 -13 848 0 0 1
0.298468 -0.312413 200 0.0411992 -0.0476326 1.07453 230.915 -13 856 0 0 1
-0.0334133 -0.0848416 200 -0.00445824 0.00465421 12.964 17.653 -13 859 0 0 1
-0.0936004 -0.157859 200 0.01348 0.00849713 9.21315 28.9847 -13 869 0 0 1
0.0619614 0.00967876 200 0.0015284 -0.0206024 12.3787 21.4331 -13 870 0 0 1
-0.0708299 0.255319 200 0.0530627 0.00398497 13.7425 27.8951 -13 871 0 0 1
-0.249876 -0.352095 200 -0.0780137 0.170444 5.31253 34.2371 -13 872 0 0 1
0.207539 0.104846 200 -0.0127048 0.0178639 4.63576 21.3262 -13 873 0 0 1
-0.145585 -0.140991 200 -0.0296968 0.0316211 4.97919 28.0424 -13 874 0 0 1
-0.0655251 -0.0699836 200 0.00314913 -0.000154013 3.51522 22.1087 -13 875 0 0 1
-0.0628281 -0.127381 200 -0.0411615 0.00992631 11.7877 18.2168 -13 876 0 0 1
-0.066678 -0.108107 200 -0.0102843 0.00336661 9.25192 31.1352 -13 877 0 0 1
-0.531965 -0.324975 200 -0.018623 0.0300365 1.27446 46.5045 -13 878 0 0 1
0.0889654 0.0125029 200 -0.0102248 -0.040538 8.50825 15.5036 -13 886 0 0 1
0.0333495 -0.0783564 200 0.00312265 -0.0186955 10.4475 9.94692 -13 14 0 0 1
0.0631506 -0.11914 200 -0.00180865 -0.0293662 5.32572 32.8318 -13 15 0 0 1
0.0281544 -0.0425639 200 -0.00899226 -0.0130523 11.7845 35.6699 -13 23 0 0 1
0.335647 -0.082745 200 -0.0266508 -0.044296 10.9407 27.4073 -13 40 0 0 1
0.148505 0.0599318 200 0.0302676 -0.0173231 8.92377 11.4392 -13 41 0 0 1
-0.0104676 0.121903 200 0.010937 0.000636605 10.8843 31.4787 -13 45 0 0 1
-0.113574 -0.122537 200 -0.024032 0.025534 10.4019 26.6528 -13 55 0 0 1
-0.0784376 -0.131263 200 -0.0364278 0.029663 6.72078 19.581 -13 90 0 0 1
-0.125268 0.0636322 200 0.00217671 0.0187121 7.17094 37.5725 -13 91 0 0 1
0.0459304 -0.0387456 200 -0.0145307 -0.0170656 10.7882 18.7116 -13 95 0 0 1
-0.044215 -0.0827826 200 -0.0121632 -0.00685059 14.0202 10.6357 -13 99 0 0 1
-0.0360255 0.0725056 200 -0.00918956 -0.0107131 9.61811 20.7122 -13 104 0 0 1
0.0729683 -0.105341 200 -0.0663713 -0.00302708 8.83948 15.1321 -13 105 0 0 1
0.066304 0.0390945 200 -0.017433 -0.00782776 7.70941 13.5621 -13 112 0 0 1
0.0184309 -0.0239121 200 -0.00533237 0.00158669 11.969 16.5384 -13 113 0 0 1
0.195007 -0.12991 200 -0.0264196 -0.0282364 8.08637 15.864 -13 114 0 0 1
-0.0736154 0.00021137 200 -0.00504492 0.00789384 12.9994 21.1004 -13 124 0 0 1
-0.0764429 0.00244497 200 -0.0110995 0.0287095 11.5086 26.2496 -13 139 0 0 1
-0.0558191 0.0345534 200 -0.00275518 0.0155552 14.3979 25.9417 -13 144 0 0 1
-0.153406 0.0198102 200 0.0050472 0.0255058 9.24449 18.7148 -13 146 0 0 1
-0.340139 0.0922716 200 -0.0163745 0.0629198 11.2465 21.9705 -13 147 0 0 1
-0.0848556 0.0135796 200 0.00284438 0.00139278 9.89545 12.5184 -13 167 0 0 1
-0.134256 -0.161172 200 -0.0342105 0.0163644 11.3587 7.60648 -13 168 0 0 1
1.99959 1.61372 200 0.00581682 -0.0602128 0.0690921 6.78765 11 168 1001 0 1
-0.00120626 0.114915 200 0.0298984 -0.0339493 8.95692 27.2908 -13 170 0 0 1
-nan -nan -nan -nan -nan -nan -nan -13 193 0 0 1
0.0363676 0.0285321 200 -0.00380387 0.00132126 12.335 10.6944 -13 198 0 0 1
0.00777399 0.123634 200 0.0151897 0.00565273 13.2584 12.1819 -13 344 0 0 1
0.137926 0.0190208 200 0.0112742 -0.0138596 9.73955 8.44948 -13 345 0 0 1
-0.0967816 0.0536453 200 0.0061298 0.00510248 13.4652 20.855 -13 346 0 0 1
0.524928 0.437848 200 0.0490193 -0.0801013 0.912628 54.1054 -13 353 0 0 1
0.0998928 -0.0699429 200 -0.0098604 -0.02404 10.874 34.2616 -13 354 0 0 1
-0.114234 -0.0103393 200 -0.027592 -0.0194099 6.11755 31.3635 -13 368 0 0 1
0.0450502 -0.0421272 200 0.00376782 0.00169355 14.2092 14.5885 -13 373 0 0 1
0.00611535 -0.0233677 200 0.0148915 0.011997 5.07169 20.2869 -13 374 0 0 1
0.270862 0.0416635 200 0.013169 -0.064197 6.63577 23.9858 -13 376 0 0 1
1.67114 0.308278 200 -0.00614094 0.0353739 0.0132545 25.2464 11 376 1006 0 1
1.59798 0.203806 200 -0.00650477 0.0260719 -0.0245772 26.5526 11 376 1006 0 1
-0.145748 -0.162012 200 -0.0195956 0.0311373 10.5342 17.3035 -13 377 0 0 1
0.278292 0.201899 200 0.117915 -0.0146131 1.91668 34.1916 -13 378 0 0 1
-0.11316 -0.125183 200 -0.0319039 -0.00862998 7.49107 13.0571 -13 379 0 0 1
0.0581726 0.310313 200 0.0618549 -0.0173811 4.9756 22.0462 -13 605 0 0 1
-0.013404 -0.116492 200 -0.00723716 -0.0155908 11.8866 11.2365 -13 609 0 0 1
-0.0488135 0.0286032 200 -0.0198262 0.0334395 7.88458 21.2241 -13 612 0 0 1
-0.0140917 0.167733 200 0.0429471 0.014081 12.4657 20.5256 -13 613 0 0 1
0.0438957 -0.00372358 200 -0.000446812 -0.00979102 12.1337 8.51475 -13 614 0 0 1
0.977397 -1.30198 200 -0.240385 -0.123396 3.98029 35.6825 -13 615 0 0 1
0.0851401 -0.0987681 200 -0.0205353 -0.0240117 4.02925 43.0698 -13 616 0 0 1
0.103993 -0.0448349 200 -0.00354198 -0.00804256 8.13473 28.8313 -13 618 0 0 1
-0.112576 0.0861678 200 0.0121082 0.0170524 12.3693 25.7103 -13 620 0 0 1
0.660732 0.225396 200 -0.0277085 -0.117808 11.1697 34.7439 -13 622 0 0 1
0.0538783 0.0433681 200 -0.004531 -0.0302707 9.74683 21.8349 -13 623 0 0 1
0.00612282 0.0893284 200 0.00792411 0.00179078 14.1809 6.61985 -13 624 0 0 1
0.129638 0.0633747 200 0.0321666 0.0258193 9.10096 24.0341 -13 625 0 0 1
-0.899626 -1.32287 200 -0.0112252 0.0410085 0.0617224 23.4508 11 625 1002 0 1
0.0607639 0.371537 200 0.0663985 -0.0575076 6.09537 20.2303 -13 626 0 0 1
-1.4446 1.30141 200 -0.0178243 -0.0239364 0.0356195 20.1074 11 626 1004 0 1
-0.0634913 0.180481 200 0.0302968 0.00183388 14.0837 17.6546 -13 632 0 0 1
0.044829 -0.0328994 200 0.00793639 -0.0131883 8.3834 17.1741 -13 633 0 0 1
-0.114259 -0.0835786 200 -0.0119434 0.0271838 4.91574 17.5938 -13 634 0 0 1
0.0139228 0.0772433 200 0.0273735 0.0182695 8.08085 26.4543 -13 635 0 0 1
-0.0169479 0.131439 200 0.0225068 4.42535e-05 14.1415 12.6947 -13 636 0 0 1
0.0878513 0.273395 200 0.0539311 -0.0336424 8.02413 31.1074 -13 637 0 0 1
-0.0237997 0.581991 200 0.0854019 0.0203166 12.7187 21.8256 -13 638 0 0 1
0.0314171 -0.0490641 200 -0.00651731 -0.00484123 14.0095 10.9101 -13 639 0 0 1
-0.20144 -0.119686 200 -0.0226008 0.00370476 10.9075 8.01313 -13 640 0 0 1
-0.206288 -0.0696195 200 0.00154431 0.0738597 4.57407 25.9143 -13 641 0 0 1
0.00701381 0.27309 200 0.0319631 0.0032374 7.19249 33.2787 -13 642 0 0 1
0.315671 -0.00865472 200 -0.0038253 -0.060682 11.0622 7.45057 -13 643 0 0 1
-0.0580528 0.0486685 200 0.0112962 -0.000236462 13.7707 22.4914 -13 646 0 0 1
0.0638543 0.117999 200 0.020933 0.0205596 6.36439 21.8717 -13 649 0 0 1
-0.00499285 0.0274128 200 0.00316432 0.0159893 13.5402 9.73765 -13 650 0 0 1
0.00554026 -0.034006 200 -0.02464 0.0293713 10.5084 33.208 -13 652 0 0 1
0.013893 -0.0261185 200 0.00701271 -0.00139434 11.9881 23.8941 -13 653 0 0 1
0.0301929 0.0723326 200 0.0106747 0.00491326 14.3661 27.531 -13 655 0 0 1
-0.186804 0.0534902 200 0.00562617 0.00693682 9.59874 23.9166 -13 656 0 0 1
0.119923 0.0463237 200 -0.0193287 -0.0242824 8.02441 31.1174 -13 657 0 0 1
-0.0795669 -0.0785725 200 -0.00882668 -0.00993273 14.4622 19.1296 -13 659 0 0 1
0.104836 0.175749 200 0.00195988 -0.0228469 8.23354 38.1222 -13 664 0 0 1
0.0503655 -0.0646137 200 -0.0206995 -0.00760522 13.5878 22.8049 -13 670 0 0 1
0.059689 0.0311637 200 0.0569251 0.0245023 1.99328 47.4137 -13 672 0 0 1
0.277234 0.116845 200 0.0113548 -0.0322409 4.07667 31.305 -13 673 0 0 1
0.0199253 -0.0385056 200 -0.00410097 -0.0152688 12.5593 35.3107 -13 674 0 0 1
-0.0275994 0.0145174 200 0.0196047 0.0102639 12.9095 31.9252 -13 676 0 0 1
-0.0771089 0.196301 200 0.0361039 0.00485109 9.41675 23.6363 -13 678 0 0 1
-0.132974 -0.0466257 200 0.0358444 0.0424591 8.15089 21.8211 -13 679 0 0 1
0.0177837 -0.0253124 200 0.00735173 -0.0260332 9.28542 26.5968 -13 680 0 0 1
0.00763204 0.0892155 200 0.0236113 -0.00898279 14.0746 8.16444 -13 681 0 0 1
-0.0189652 -0.00683239 200 -0.0117165 0.0063255 13.2702 6.82993 -13 682 0 0 1
0.122075 -0.187498 200 -0.0399284 -0.00516703 13.005 30.7557 -13 683 0 0 1
0.00440264 0.127946 200 0.0293227 0.0456573 8.64786 25.0461 -13 684 0 0 1
0.0324655 -0.109085 200 -0.0294439 0.000999474 12.3268 23.1715 -13 691 0 0 1
-0.164176 0.311269 200 -0.0865004 0.137402 6.71097 24.5855 -13 696 0 0 1
0.0321969 0.0199326 200 -0.00303856 -0.00849225 10.0361 25.9064 -13 697 0 0 1
0.211686 -0.0387872 200 0.0102288 -0.0365601 13.3427 29.4068 -13 699 0 0 1
-0.00516154 -0.0747501 200 -0.0105449 0.00296517 12.309 31.4692 -13 702 0 0 1
0.0416401 0.0178878 200 -0.00190831 -0.00144937 9.43091 16.6146 -13 704 0 0 1
0.0329308 -0.080907 200 -0.000765606 -0.0273998 10.1166 13.9974 -13 705 0 0 1
-0.0209115 0.0442013 200 -0.0191312 -0.0205898 9.59433 23.2606 -13 706 0 0 1
-0.191109 0.270489 200 0.0394462 0.029703 13.8506 6.90133 -13 707 0 0 1
1.8414 3.7477 200 0.0123003 -0.0242555 0.0451385 10.6931 11 707 1002 0 1
-0.0423375 -0.0285147 200 -0.0279557 0.00462466 10.5556 25.1512 -13 708 0 0 1
-0.161004 -0.0749339 200 0.0807189 0.00903466 3.92143 32.1988 -13 709 0 0 1
0.00824662 -0.0902846 200 -0.0284674 -0.0139477 14.1682 7.04081 -13 711 0 0 1
0.00101269 0.129885 200 0.0171337 0.0051105 12.3818 35.4413 -13 715 0 0 1
-0.139785 -0.177765 200 -0.029492 0.0471463 13.1239 26.3865 -13 716 0 0 1
-0.142712 0.130779 200 0.00136752 -0.00664419 8.7118 16.51 -13 718 0 0 1
-0.257721 -0.118627 200 -0.023722 0.0265225 10.6773 15.6602 -13 719 0 0 1
0.335531 -0.0231451 200 -0.0498857 -0.0551948 11.2903 35.2431 -13 720 0 0 1
-0.245505 -0.126904 200 -0.054109 0.0308884 9.69373 33.4211 -13 721 0 0 1
0.044856 0.0731025 200 0.025593 0.0248113 5.24294 24.5103 -13 722 0 0 1
0.207977 0.15958 200 0.0220967 -0.0291959 4.97778 36.5775 -13 724 0 0 1
0.205636 0.160639 200 -0.0182841 -0.0101441 0.0177404 36.5815 11 724 1016 0 1
-0.0524187 -0.159447 200 -0.0253463 -0.00822428 5.46866 24.1163 -13 729 0 0 1
-0.0466706 0.10801 200 0.00344801 0.0255865 10.9936 23.556 -13 735 0 0 1
0.0129338 0.102158 200 0.0224682 0.0197565 8.27082 29.3033 -13 737 0 0 1
-0.06182 0.0751426 200 -0.0025902 0.0200617 13.047 29.4801 -13 740 0 0 1
2.93345 3.81724 200 0.934848 -0.0437977 3.20823 28.646 -13 744 0 0 1
-0.0198117 -0.0260456 200 0.0113734 0.014865 11.5073 21.3138 -13 745 0 0 1
0.104776 0.0278132 200 0.0272332 -0.0453878 10.4598 28.897 -13 750 0 0 1
0.184734 -0.0169094 200 -0.00697493 -0.0160418 6.61412 15.4242 -13 752 0 0 1
0.0756198 -0.00481976 200 0.00802108 -0.0962151 10.8169 9.76552 -13 753 0 0 1
0.169737 -0.381655 200 0.0361648 -0.07701 8.11974 29.5447 -13 760 0 0 1
-0.0282637 0.00475805 200 0.0163635 0.00819349 6.43298 18.3897 -13 761 0 0 1
2.22914 0.844609 200 0.00975216 0.0180568 0.0334914 18.0848 11 761 1004 0 1
-2.31952 -0.0631051 200 -0.0123789 -0.0156099 0.0343065 18.3179 11 761 1005 0 1
0.238774 -0.0242424 200 0.0419585 -0.0416416 13.8744 33.9225 -13 762 0 0 1
-0.102132 0.0486211 200 0.0134041 0.0154563 13.4092 9.4329 -13 774 0 0 1
-0.0485341 0.0282974 200 -0.00335315 0.0215461 11.8555 18.104 -13 776 0 0 1
0.133874 -0.158247 200 -0.00541868 -0.0328751 9.59962 12.4381 -13 780 0 0 1
0.190721 -0.177231 200 0.0200268 -0.0736913 11.6532 11.0071 -13 781 0 0 1
0.00678474 -0.0268915 200 0.00933305 0.00194723 10.0756 10.9837 -13 782 0 0 1
0.0814982 0.0335009 200 -0.0285926 -0.0112474 7.00536 27.2129 -13 783 0 0 1
-0.178578 0.0747162 200 -0.0040969 0.0385569 6.93082 13.3946 -13 784 0 0 1
-0.027598 0.0146857 200 -0.00628049 0.0255874 5.14172 28.7124 -13 785 0 0 1
0.0633549 0.111694 200 -0.00336723 0.00714188 9.595 26.7999 -13 786 0 0 1
-0.105133 0.026298 200 0.00581843 0.000523933 8.94759 25.1755 -13 787 0 0 1
-0.0150015 0.127004 200 0.0338035 0.0113215 12.3616 24.463 -13 788 0 0 1
0.0421837 0.0307366 200 0.00282936 0.00716216 14.1705 20.6688 -13 789 0 0 1
-0.0292564 0.283069 200 0.0224691 -0.00879408 9.97078 34.5818 -13 790 0 0 1
-1.07539 0.0136437 200 -0.0328869 0.123922 5.03897 38.9543 -13 791 0 0 1
0.16239 -0.122217 200 -0.0317073 -0.0463375 11.79 34.7367 -13 792 0 0 1
-0.0368471 -0.0295258 200 -0.0013182 0.00409587 11.4377 23.6834 -13 793 0 0 1
-0.012197 0.0426676 200 -0.00848699 -0.00969308 11.5027 15.164 -13 795 0 0 1
-0.0985175 -0.0874551 200 -0.0555327 -0.0125844 14.0139 30.3511 -13 797 0 0 1
-0.0001485 -0.0234919 200 0.000410972 -0.00314889 13.7197 30.7648 -13 798 0 0 1
0.138188 -0.218078 200 -0.040565 -0.0377269 9.39999 37.386 -13 799 0 0 1
-0.0155239 -0.0145105 200 -0.0251773 0.0347883 13.5552 8.15033 -13 800 0 0 1
0.273018 -0.233925 200 -0.0259597 -0.0336935 5.82423 17.5133 -13 801 0 0 1
0.32124 0.0434521 200 0.0286487 -0.0405568 12.5817 33.0954 -13 805 0 0 1
-0.243697 -0.110109 200 0.00314835 0.0221516 7.62002 23.118 -13 826 0 0 1
-0.0518939 0.0312041 200 -0.0156414 -0.0148872 7.87183 37.3619 -13 835 0 0 1
-0.0707077 0.0462872 200 0.0015746 0.0129446 12.8397 22.8999 -13 838 0 0 1
0.109849 0.0237979 200 0.0176697 -0.012048 4.42352 39.9098 -13 844 0 0 1
0.0740376 0.0180384 200 0.0157704 0.000119437 12.3058 22.9668 -13 846 0 0 1
-0.0766859 -0.117523 200 -0.0400109 0.0215365 8.90983 16.4485 -13 851 0 0 1
-0.115433 -0.339612 200 -0.0416718 0.0279269 2.13972 51.2616 -13 852 0 0 1
-0.0269583 0.0259836 200 0.0124049 -0.00445299 11.5715 30.2384 -13 855 0 0 1
-0.013508 -0.046288 200 -0.00493886 0.00882401 13.7709 34.1909 -13 973 0 0 1
-8.51705e-06 -0.0429594 200 -0.00694289 -0.0199316 10.2964 27.352 -13 975 0 0 1
0.0575968 -0.0719223 200 -0.0349027 -0.0226798 6.76269 17.2994 -13 976 0 0 1
0.05528 -0.0571853 200 0.01497 0.00505 0.00501202 17.3335 11 976 1004 0 1
0.667766 0.0193147 200 0.055728 -0.107154 0.941329 227.274 -13 977 0 0 1
-0.0286816 0.0143043 200 0.0118304 0.00150824 13.7297 24.3468 -13 979 0 0 1
0.0610869 -0.153696 200 -0.0207676 0.00327388 9.70315 8.61769 -13 981 0 0 1
0.0607046 0.0254309 200 0.00529869 -0.0289303 13.6282 18.4959 -13 982 0 0 1
-0.465295 0.201246 200 -0.148265 0.0661632 5.74105 36.4993 -13 983 0 0 1
0.0466781 -0.0523743 200 -0.00143963 -0.00501602 10.1071 10.1391 -13 984 0 0 1
-0.00159528 0.0582839 200 -0.0067746 -0.00526542 11.2701 22.1412 -13 985 0 0 1
0.00453154 0.024106 200 -0.0176121 -0.00296273 8.41667 27.6762 -13 986 0 0 1
-0.0071554 0.0465216 200 0.00613926 0.000835845 14.2444 30.0808 -13 987 0 0 1
0.125152 0.165146 200 0.0489284 -0.025623 6.69762 32.92 -13 988 0 0 1
0.297962 0.356698 200 0.046921 -0.0527671 3.06552 40.4598 -13 989 0 0 1
0.023534 -0.120555 200 -0.0184531 -0.0120014 11.2883 35.7873 -13 993 0 0 1
-0.0111304 0.0448056 200 0.00112065 -0.0282357 13.0482 31.1853 -13 996 0 0 1
0.076393 -0.0379572 200 0.00300225 -0.00922197 14.5243 14.1489 -13 997 0 0 1
-0.0757092 -0.0016661 200 0.00969668 0.0213247 10.271 32.5529 -13 998 0 0 1
-0.117638 -0.0101383 200 -0.00278679 -0.00554351 7.40817 15.0306 -13 999 0 0 1
-0.112457 0.331243 200 0.0521461 0.00409098 5.23007 28.4632 -13 8 0 0 1
-0.00873935 0.0186678 200 -0.000591415 0.00569802 11.8259 10.1463 -13 12 0 0 1
-0.0380916 0.034292 200 0.0084 0.0150097 8.49918 18.9211 -13 27 0 0 1
0.0918819 0.019514 200 0.000746313 -0.00405656 11.5863 34.1022 -13 28 0 0 1
-0.282539 -0.122192 200 0.0695565 0.0354351 5.18975 18.4018 -13 46 0 0 1
-0.0554438 0.152386 200 0.0258326 0.00817282 11.4281 14.6661 -13 47 0 0 1
-0.0165643 0.144865 200 0.0477831 0.0132162 8.25354 10.4464 -13 53 0 0 1
0.144954 -0.039743 200 0.00272522 -0.0256415 14.1289 14.289 -13 56 0 0 1
-0.0784542 0.430772 200 0.0156331 -0.0551762 8.24296 35.0012 -13 77 0 0 1
0.271597 0.0176762 200 -0.000664784 -0.00790764 8.54238 17.0525 -13 88 0 0 1
0.037712 -0.0995807 200 -0.0286251 -0.0327606 7.73268 35.3374 -13 93 0 0 1
0.0460758 0.188411 200 0.0226155 0.0362208 2.87136 30.2588 -13 96 0 0 1
-0.0573044 -0.0343399 200 0.00311219 0.0176062 12.3342 7.06717 -13 100 0 0 1
-0.00838006 -0.107637 200 -0.0200621 -0.00881964 11.4827 33.0615 -13 125 0 0 1
0.0701637 -0.193743 200 -0.0288732 0.0217669 9.67532 13.6283 -13 127 0 0 1
0.190128 -0.0366661 200 0.0267616 -0.0328773 13.3683 9.99916 -13 135 0 0 1
0.233186 -0.133326 200 0.00857686 -0.0600212 7.43663 23.2147 -13 148 0 0 1
0.0877271 -0.147511 200 -0.0145799 0.0100778 7.06864 19.0417 -13 149 0 0 1
-0.0703933 0.183499 200 0.0285487 -0.0152348 9.81304 31.3344 -13 174 0 0 1
-0.0232415 0.00548364 200 0.00849067 -0.00910823 10.8027 21.3164 -13 176 0 0 1
-0.359536 0.193849 200 0.0221377 0.0628249 3.77245 25.6329 -13 177 0 0 1
-0.254267 0.145383 200 0.0451316 0.0330643 5.67301 29.4875 -13 179 0 0 1
-0.0882148 0.24557 200 0.0296167 0.0626906 5.88985 13.6849 -13 189 0 0 1
-0.221105 0.037778 200 -0.0199736 -0.00770057 0.0448171 13.6062 11 189 1007 0 1
0.39046 0.0316283 200 -0.0838854 -0.157476 2.37489 47.4012 -13 208 0 0 1
-0.0274658 -0.0580423 200 -0.0233811 -0.00390187 8.99632 37.2309 -13 213 0 0 1
-0.0994119 0.0399067 200 -0.00273615 0.0455104 10.9319 23.1942 -13 242 0 0 1
0.0743003 0.0289414 200 0.0268692 0.0133622 13.808 33.3483 -13 243 0 0 1
0.011237 0.0397833 200 0.0398529 -0.131003 8.72188 31.9956 -13 244 0 0 1
0.122665 0.0536852 200 -0.0128908 -0.0430872 8.13177 18.0499 -13 246 0 0 1
-0.0164394 0.00426409 200 -0.011127 0.00308208 11.8502 33.8132 -13 248 0 0 1
-0.183736 0.0461282 200 0.0142342 0.0283613 10.3654 26.6503 -13 250 0 0 1
-0.0687877 -0.0425333 200 -0.0259373 0.0158851 12.2588 6.90858 -13 256 0 0 1
0.0234189 0.0401334 200 0.0251061 -0.0181161 11.2927 17.8058 -13 257 0 0 1
0.0555444 -0.0357376 200 0.00262967 -0.00683621 12.9672 25.0902 -13 262 0 0 1
-0.276244 -0.494257 200 -0.107721 -0.0378518 3.62414 43.0954 -13 264 0 0 1
-0.292743 0.102611 200 0.0234158 0.0290325 -0.166612 543.507 11 264 1016 0 1
-0.00102081 0.0870868 200 0.0230762 -0.0133457 11.335 31.1374 -13 266 0 0 1
-0.00864168 0.00246818 200 0.000135654 -0.00124343 11.9961 11.0843 -13 297 0 0 1
-0.206813 -0.274724 200 -0.0271863 0.0988002 3.52789 46.5788 -13 300 0 0 1
-0.0390567 -0.0150608 200 0.0104222 -0.0145023 8.27416 35.4788 -13 301 0 0 1
-0.0480785 -0.0135635 200 -0.0262068 0.0373328 11.663 19.5049 -13 303 0 0 1
-0.106708 0.220064 200 0.00981272 0.0383993 11.0696 16.9638 -13 305 0 0 1
0.173374 -0.416118 200 -0.0938135 -0.00383629 4.60117 27.3706 -13 307 0 0 1
0.0296244 0.0091942 200 0.00612198 -0.000809865 12.1724 13.2626 -13 312 0 0 1
0.0855421 -0.120851 200 -0.00622342 -0.0171253 6.17374 17.5456 -13 318 0 0 1
-0.371849 -0.167793 200 -0.000309446 -0.00126714 1.03883 236.502 -13 319 0 0 1
-0.0468623 -0.0264736 200 -0.0278742 0.0056118 13.8129 11.3469 -13 320 0 0 1
0.0411326 -0.0183806 200 -0.0383885 -0.0476478 6.19573 19.4291 -13 323 0 0 1
0.291311 -0.218988 200 -0.00242387 -0.0729813 2.12859 53.6355 -13 324 0 0 1
-0.075894 0.167965 200 0.0215288 0.0458429 11.4613 33.4466 -13 325 0 0 1
0.034764 -0.0331993 200 -0.00986726 0.0124194 8.04625 18.1313 -13 459 0 0 1
-0.0108422 0.0328503 200 -0.0164482 -0.00701325 10.5812 10.3149 -13 460 0 0 1
0.351897 -0.0450542 200 -0.0739203 -0.0608351 4.13531 45.2868 -13 464 0 0 1
0.0673767 0.292224 200 0.0798801 -0.10352 2.04087 36.4473 -13 471 0 0 1
0.0767173 -0.128158 200 -0.00621639 0.00914702 5.49611 15.3587 -13 473 0 0 1
-0.141057 0.145675 200 0.035569 0.0220858 3.48663 43.3588 -13 728 0 0 1
-0.125715 0.117768 200 0.036408 0.0129199 11.1785 13.9515 -13 730 0 0 1
-0.312678 0.205325 200 0.0203538 0.0189482 7.92125 13.3254 -13 734 0 0 1
0.164471 0.0576163 200 0.0204595 -0.011079 10.9936 16.5041 -13 736 0 0 1
0.0730501 -0.116932 200 -0.00507104 0.00990244 8.4375 31.8077 -13 738 0 0 1
-0.0815788 -0.103543 200 -0.00592531 0.00313962 11.9111 26.9852 -13 739 0 0 1
0.0203894 -0.11769 200 0.00942038 0.0101218 8.71719 27.9846 -13 741 0 0 1
-0.139482 0.0882789 200 0.00602417 0.04036 4.31496 40.0573 -13 742 0 0 1
3.76994 1.48445 200 0.00711093 0.000128974 0.0318688 38.2703 11 742 1011 0 1
0.344209 0.102821 200 0.00634554 -0.0546241 8.35372 10.6665 -13 743 0 0 1
-0.00903685 0.109759 200 0.02788 0.0376749 8.57872 34.5452 -13 746 0 0 1
0.127654 -0.196969 200 -0.0508676 -0.0110029 11.8551 29.1893 -13 747 0 0 1
0.0304821 -0.201832 200 -0.0303224 -0.0254231 10.5781 24.1544 -13 748 0 0 1
-0.192475 -0.076825 200 -0.00760201 0.0402914 12.1264 7.74541 -13 749 0 0 1
0.159645 -0.105078 200 -0.0149341 -0.0297988 11.1439 30.9773 -13 751 0 0 1
0.0612012 -0.196446 200 -0.0188688 -0.0240654 8.6953 34.0367 -13 754 0 0 1
0.0286365 -0.00377875 200 0.0202605 -0.0237796 7.96278 16.6632 -13 755 0 0 1
0.141609 -0.0468078 200 -0.0162288 -0.0370799 5.48419 25.2091 -13 756 0 0 1
-0.310198 -0.196834 200 -0.0270703 0.0250458 7.22778 22.77 -13 757 0 0 1
-0.395832 -0.215367 200 -0.000178437 -0.0246264 0.0589293 22.7049 11 757 1005 0 1
0.134007 0.11268 200 0.0268942 -0.00490076 7.98077 11.9589 -13 758 0 0 1
0.00418021 0.0189577 200 4.48664e-05 -0.00216953 12.657 35.2678 -13 767 0 0 1
-0.0386791 -0.0902461 200 -0.0196457 0.00994775 10.9118 13.1401 -13 771 0 0 1
-0.0196718 -0.107998 200 -0.0173446 -0.00425466 11.4404 11.5466 -13 773 0 0 1
-0.0301474 -0.156872 200 -0.012458 -0.0539832 8.61298 27.4059 -13 778 0 0 1
-3.77229 -1.73357 200 -0.0245452 0.0164891 0.0285398 29.5015 11 778 1006 0 1
-0.0111198 0.0400202 200 0.0153502 0.0124451 12.9482 6.53929 -13 779 0 0 1
-0.111463 0.309624 200 0.034311 0.0163522 7.50236 22.4192 -13 794 0 0 1
-0.308317 1.59285 200 0.215439 0.00281855 8.90156 31.3112 -13 796 0 0 1
0.424093 0.398013 200 0.108435 0.00332085 3.3231 29.037 -13 806 0 0 1
-0.186973 0.0428296 200 -0.0108445 0.0288467 13.6538 16.2691 -13 807 0 0 1
-0.0117123 -0.106025 200 -0.0120275 -0.0426213 7.12218 20.1631 -13 808 0 0 1
-0.0704671 -0.0227831 200 -0.00466842 0.0055599 14.3122 19.1677 -13 809 0 0 1
0.0689951 -0.0120921 200 0.00973515 -0.0186184 6.27928 38.5437 -13 819 0 0 1
0.1478 -0.0411698 200 -0.00682218 -0.0017439 8.49055 12.6864 -13 821 0 0 1
-0.108693 0.0166326 200 0.000375765 0.0194006 12.6209 29.3234 -13 823 0 0 1
0.302592 -0.184144 200 0.0104985 -0.0464006 10.8163 16.2474 -13 837 0 0 1
0.0134196 0.0734509 200 0.0117744 0.0213837 9.88011 29.3028 -13 840 0 0 1
-0.0764916 -1.09347 200 -0.143919 0.109993 8.32301 16.1547 -13 843 0 0 1
0.0295394 0.0604882 200 0.0279492 -0.0129126 13.497 14.7954 -13 845 0 0 1
-0.0123133 -0.121697 200 -0.00244618 -0.017219 4.77293 24.6348 -13 847 0 0 1
0.0141263 -0.0903408 200 -0.00851446 -0.0172562 9.62709 10.2578 -13 849 0 0 1
-0.103981 -0.0725138 200 0.000220355 0.00850037 12.391 28.3601 -13 850 0 0 1
-0.0117084 -0.0855217 200 -0.0228853 0.00135518 14.3391 13.6409 -13 857 0 0 1
0.00797278 -0.12638 200 -0.022674 -0.0114127 10.2346 33.708 -13 858 0 0 1
0.0460337 0.134856 200 0.025077 -0.00876527 13.0513 30.7808 -13 860 0 0 1
-0.00639739 0.0566082 200 0.00609323 0.00173667 11.1894 9.91098 -13 861 0 0 1
0.113133 -0.0111809 200 0.038062 -0.0108801 5.98994 33.4511 -13 862 0 0 1
0.0378773 0.0497635 200 0.00111777 0.0550709 4.01477 24.6352 -13 863 0 0 1
0.464709 0.046896 200 0.031619 -0.0825788 5.5307 41.6861 -13 866 0 0 1
0.493403 0.94533 200 -0.0286659 -0.0937113 0.55513 219.516 -13 867 0 0 1
-0.110885 0.0698579 200 0.0267568 0.0191243 8.377 19.1861 -13 868 0 0 1
0.0163139 0.147196 200 0.00664081 -0.00288528 14.2454 31.5026 -13 879 0 0 1
-0.0196613 -0.0345056 200 -0.014785 0.0047961 12.9477 11.4231 -13 880 0 0 1
0.00914283 -0.00611024 200 0.00209164 0.00130307 14.5401 17.9481 -13 881 0 0 1
0.465437 -0.141433 200 -0.0242919 -0.0726698 6.54072 32.6191 -13 882 0 0 1
-0.0324298 0.201534 200 0.0419536 0.0312925 7.16489 34.4686 -13 883 0 0 1
0.0101266 0.0255297 200 -0.0249863 -0.0206587 5.77634 29.8623 -13 884 0 0 1
0.0078383 0.000742408 200 -0.00106949 -0.00225874 12.5787 7.777 -13 885 0 0 1
-0.0542972 0.00946485 200 -0.00285591 -0.000246557 8.56127 9.43365 -13 887 0 0 1
0.126258 0.1076 200 0.0207674 -0.0262303 8.58814 28.1237 -13 888 0 0 1
0.0161832 -0.138436 200 -0.0304546 -0.0077669 11.3233 31.4603 -13 889 0 0 1
0.0449017 0.0314537 200 0.0112142 0.00235548 10.86 18.8113 -13 890 0 0 1
-0.0329246 0.0228965 200 -0.0193316 0.0358476 7.59039 18.0737 -13 891 0 0 1
-0.455165 -0.266937 200 -0.0362632 0.0665885 14.0691 14.3283 -13 892 0 0 1
-0.109857 -0.119162 200 -0.0216309 0.0160334 9.41068 11.6897 -13 893 0 0 1
0.120307 0.0687429 200 -0.00862437 -0.0279689 12.6167 24.5402 -13 894 0 0 1
-0.0766304 0.0222405 200 -0.0208114 0.0319616 11.6215 23.4422 -13 895 0 0 1
0.133903 0.158314 200 0.0445972 -0.00254434 6.74588 20.7608 -13 899 0 0 1
-0.0244039 0.0523876 200 0.0133475 -0.0128558 11.4515 8.4888 -13 900 0 0 1
0.109283 -0.091131 200 -0.0190209 -0.0206813 6.65026 18.9342 -13 903 0 0 1
-0.0108389 -0.045353 200 -0.0044953 -0.00908088 12.5643 13.7294 -13 904 0 0 1
0.15519 0.223923 200 0.0298233 -0.0465724 5.27525 31.9407 -13 905 0 0 1
-0.0631953 0.0018888 200 0.00257795 0.00252712 10.4988 27.1279 -13 906 0 0 1
-0.1203 0.0875959 200 0.029326 0.0144476 11.6373 33.0053 -13 907 0 0 1
0.125498 0.266116 200 0.0219067 -0.0271637 12.9403 9.40356 -13 908 0 0 1
0.0699927 -0.0141899 200 -0.0138671 0.0240933 7.29586 25.2267 -13 909 0 0 1
0.160983 0.0999874 200 0.0862558 0.0235947 9.28437 9.86306 -13 910 0 0 1
0.742268 -3.16539 200 0.0172959 0.0338503 0.0294685 10.7114 11 910 1004 0 1
-0.419793 -0.186507 200 -0.127355 0.0189262 2.39798 49.0062 -13 911 0 0 1
-0.0258856 0.11312 200 0.0265456 0.0197576 11.8553 8.48795 -13 912 0 0 1
-0.123418 0.0223898 200 0.00596881 0.0126559 13.243 10.4098 -13 10 0 0 1
0.694437 -0.221357 200 -0.019022 -0.115412 10.6522 9.53678 -13 11 0 0 1
0.135183 0.0759017 200 -0.00680042 -0.00541918 3.99261 23.8904 -13 13 0 0 1
-0.110515 0.226262 200 0.0273823 0.00286301 14.5069 12.1132 -13 17 0 0 1
-0.0821434 0.04654 200 0.00621103 0.0184108 7.08197 31.8163 -13 29 0 0 1
-0.0892972 -0.0661079 200 -0.0192498 -0.00644873 8.52215 14.1712 -13 32 0 0 1
0.0141331 0.0739395 200 0.00570069 -0.00552243 13.2753 12.0716 -13 49 0 0 1
-0.177725 -0.00586538 200 -0.0331785 0.0505656 4.41738 43.5138 -13 50 0 0 1
-0.208793 -0.020285 200 -0.0395778 0.0194897 3.33848 26.1582 -13 54 0 0 1
-0.188027 0.0370635 200 0.0559323 -0.0255526 9.39584 20.6601 -13 62 0 0 1
-0.27518 0.165125 200 0.0364571 0.0278945 5.55501 26.8153 -13 69 0 0 1
-0.0246832 0.144913 200 0.0160065 0.0413156 11.6974 10.2453 -13 71 0 0 1
-0.0335519 0.0738133 200 0.00587707 0.00715489 12.6899 30.9006 -13 79 0 0 1
-0.0158041 0.192431 200 0.0313443 -0.0150896 8.7383 31.4681 -13 81 0 0 1
0.0220759 0.0173687 200 0.0169917 -0.0100364 13.2102 28.8118 -13 82 0 0 1
-0.0920673 -0.128298 200 -0.011786 -0.00544145 9.87314 26.3742 -13 83 0 0 1
-0.0680815 -0.0914663 200 -0.0536446 -0.0124502 13.5831 9.38741 -13 85 0 0 1
-0.309686 -1.11472 200 0.0182647 -0.0134733 0.0538736 10.2064 11 85 1003 0 1
0.243644 -0.0827931 200 -0.0116933 -0.0341773 2.77917 52.2036 -13 87 0 0 1
0.436525 -0.923248 200 -0.154586 -0.0841442 1.61247 46.446 -13 102 0 0 1
-0.0153454 -0.0399441 200 -0.00861881 -0.000386638 13.776 23.2483 -13 107 0 0 1
-0.040113 0.0318331 200 0.0041477 -0.00282973 13.249 28.1448 -13 132 0 0 1
0.0689444 0.0222025 200 0.000399 -0.0219164 14.5539 24.1955 -13 133 0 0 1
0.247394 -0.104515 200 -0.00200861 -0.0830539 7.26911 28.9241 -13 134 0 0 1
-0.310655 -0.126758 200 0.00966268 0.0764124 4.73045 20.7007 -13 138 0 0 1
-0.0645518 0.0414478 200 0.00087077 0.0100031 13.7051 29.2562 -13 153 0 0 1
-0.0734046 0.00890506 200 0.00863602 0.0112981 9.9743 32.7434 -13 155 0 0 1
0.00825722 0.0768922 200 0.0163683 -0.000579494 11.9914 23.0561 -13 156 0 0 1
0.0415684 -0.0632425 200 -0.000493556 -0.0411267 8.49433 19.06 -13 158 0 0 1
-0.00456028 -0.000393545 200 0.00783263 -0.00216915 14.1141 12.3879 -13 161 0 0 1
0.0359544 0.0224299 200 -0.00381992 -0.00563836 9.27922 25.5701 -13 182 0 0 1
-0.130624 0.0199535 200 -0.0124267 0.015963 14.0364 10.8729 -13 183 0 0 1
0.0231868 -0.0199525 200 -0.00656598 -0.00319846 11.5112 22.4405 -13 185 0 0 1
0.01729 0.045387 200 0.0139548 -0.0213593 8.44287 14.5202 -13 190 0 0 1
0.0534924 -0.0433197 200 -0.0133606 -0.0104768 12.2568 12.2285 -13 191 0 0 1
0.0142747 -0.013626 200 -0.0111781 -0.00468518 10.3706 14.3185 -13 194 0 0 1
-0.0693473 -0.223838 200 -0.0319272 0.00648109 10.8823 28.8709 -13 195 0 0 1
-0.249131 0.089576 200 0.0198589 0.0324636 1.68667 57.0195 -13 197 0 0 1
-0.00325212 -0.0933096 200 -0.00916241 -0.00437358 11.6178 28.2606 -13 201 0 0 1
0.0258263 0.266959 200 0.0990994 -0.00501827 3.76137 28.3386 -13 221 0 0 1
-0.0940745 -0.0359324 200 -0.00631824 0.0130467 8.93333 15.3313 -13 222 0 0 1
-0.0708024 -0.00251023 200 -0.00341382 0.00227453 13.5134 18.9213 -13 228 0 0 1
-0.127051 -0.0591275 200 -0.0122219 0.0291158 13.4519 16.4428 -13 229 0 0 1
0.0725304 0.0282519 200 -0.00762591 -0.00123214 11.9885 7.75823 -13 230 0 0 1
-0.0092982 -0.165045 200 -0.0224611 0.0229983 9.07945 34.4128 -13 231 0 0 1
-0.171166 0.0317714 200 0.00764956 0.0327211 6.36501 30.5281 -13 232 0 0 1
-0.037531 0.0434331 200 0.00723881 0.00418516 10.9733 34.7658 -13 233 0 0 1
-0.104947 0.106313 200 0.0117689 0.0251551 12.4975 9.04168 -13 234 0 0 1
0.344685 0.24118 200 0.0564875 -0.0532807 6.38611 34.9628 -13 235 0 0 1
-0.0263259 0.0861892 200 -0.031699 0.00314907 4.75841 35.5243 -13 236 0 0 1
-0.0933353 0.0531803 200 -0.00536875 0.0220317 8.42064 23.8561 -13 237 0 0 1
0.0248244 -0.0510468 200 -0.00175248 -0.00467085 12.9294 18.2268 -13 245 0 0 1
-0.161281 0.0612175 200 0.00295299 0.0210728 11.6537 16.9252 -13 247 0 0 1
0.000788399 0.0718179 200 -0.00441739 0.0040221 12.3663 16.8744 -13 249 0 0 1
-0.0562039 -0.0879369 200 -0.00532964 0.0031164 11.9364 27.5271 -13 253 0 0 1
-0.121225 -0.030866 200 -0.0287062 -0.0531441 8.34265 13.4394 -13 254 0 0 1
0.0312788 0.216389 200 0.0479952 -0.0027633 12.0707 13.8857 -13 255 0 0 1
0.0562679 0.152846 200 0.015933 0.0178129 0.023748 13.9385 11 255 1006 0 1
-0.104632 -0.103375 200 -0.0228991 0.00110962 14.221 29.0767 -13 260 0 0 1
0.0485885 -0.0681878 200 -0.00133467 -0.0105912 14.0702 27.891 -13 267 0 0 1
0.00854736 -0.0918834 200 -0.0272443 -0.00891993 12.2781 11.7442 -13 268 0 0 1
0.192298 -0.0913724 200 -0.0170692 -0.0466021 11.8077 18.2128 -13 269 0 0 1
-0.0700892 0.530422 200 0.00477333 0.0196659 0.112046 16.6164 11 269 1004 0 1
-0.0772901 -0.199682 200 -0.016785 -0.00257401 3.5897 48.6854 -13 270 0 0 1
0.201096 -0.197782 200 -0.00840697 -0.0604826 8.82763 28.0668 -13 275 0 0 1
-0.0126889 -0.0287449 200 -0.00495025 -0.00495869 13.3564 26.298 -13 279 0 0 1
0.0498875 0.00185155 200 0.00628591 -0.0241139 8.18033 29.0552 -13 281 0 0 1
0.0559583 0.198283 200 0.0523803 0.00413314 10.729 14.2399 -13 283 0 0 1
-0.304451 -0.308632 200 -0.0979887 0.11006 3.40682 48.5548 -13 285 0 0 1
0.029876 -0.152958 200 -0.0392077 0.0169007 10.8955 35.0741 -13 287 0 0 1
0.03588 -0.0200306 200 -0.0119579 -0.0146007 7.45481 38.9768 -13 293 0 0 1
0.104044 0.137752 200 0.0231435 -0.0177914 7.29689 33.1657 -13 295 0 0 1
0.324529 -0.166002 200 0.00954528 -0.0607437 2.25848 57.0354 -13 298 0 0 1
0.031072 -0.0631181 200 0.0122453 -0.0147163 7.60748 25.684 -13 302 0 0 1
-0.169743 -0.00295259 200 0.00418202 0.0387002 9.85767 14.317 -13 414 0 0 1
-0.0757704 -0.071248 200 -0.00573134 0.0035383 12.6568 19.9827 -13 416 0 0 1
0.116765 0.0672356 200 0.0037828 -0.0417214 10.0491 33.9499 -13 418 0 0 1
0.385471 -0.268564 200 -0.0226053 -0.0973638 7.71335 23.576 -13 419 0 0 1
-0.0281281 -0.229723 200 -0.0363801 -0.00459995 12.4688 16.1515 -13 420 0 0 1
-0.0531611 -0.273451 200 0.00983124 -0.0210661 7.11982 14.4791 -13 422 0 0 1
-0.12272 0.139841 200 0.00575702 0.00226706 9.34643 18.0528 -13 424 0 0 1
0.176499 0.0105915 200 -0.0121098 -0.0536611 7.07897 18.7742 -13 428 0 0 1
0.132442 -0.234102 200 -0.0201541 -0.0346409 7.88317 22.587 -13 429 0 0 1
-0.0198526 -0.0935952 200 -0.00287484 0.00257793 10.8631 16.9782 -13 431 0 0 1
-0.372067 0.0400124 200 -0.0239767 0.0583325 9.96145 25.7451 -13 432 0 0 1
0.0258176 0.0114893 200 -0.00419608 -0.00893723 11.0606 32.1205 -13 433 0 0 1
0.164163 -0.022753 200 0.0275262 -0.0261725 13.7123 16.9805 -13 434 0 0 1
-0.077347 -0.213853 200 -0.0128223 -0.00313052 11.3992 21.6544 -13 435 0 0 1
0.0232009 -0.0307385 200 0.0130146 0.0289642 11.275 13.5558 -13 436 0 0 1
0.0301727 -0.137367 200 -0.0179208 0.00740202 10.7157 18.4181 -13 437 0 0 1
0.0407188 -0.0410129 200 -0.0177198 -0.0115846 11.1362 23.2516 -13 438 0 0 1
0.178301 0.101308 200 0.0375822 -0.0114458 8.87884 29.4576 -13 440 0 0 1
-0.0614291 0.106855 200 0.0221402 0.00705798 11.4347 20.8412 -13 441 0 0 1
2.02037 5.39347 200 0.0319131 -0.0264838 -0.0358529 33.9401 11 441 1003 0 1
-0.0321878 0.163866 200 0.0101352 -0.0043137 11.3999 17.506 -13 444 0 0 1
0.0818045 0.124879 200 -0.0091007 0.00487796 7.89969 30.0346 -13 451 0 0 1
-0.950036 0.574047 200 -0.0587586 0.151926 2.30059 32.9721 -13 455 0 0 1
-1.24758 -0.819859 200 -0.0017304 -0.0165929 -0.16753 306.303 11 455 1003 0 1
0.0757972 0.0253846 200 0.000965229 -0.0175841 13.6941 31.8413 -13 462 0 0 1
0.00467947 0.0367296 200 0.0142718 0.00506086 13.7032 22.125 -13 498 0 0 1
0.122909 0.0156676 200 0.0116504 -0.0051262 11.908 22.2401 -13 499 0 0 1
0.725239 1.19893 200 0.0475013 0.0293509 0.0360449 23.5472 11 499 1004 0 1
-4.96271 -2.04485 200 -0.00685305 0.0249861 0.0236383 26.7395 11 499 1006 0 1
-5.01861 -2.03928 200 -0.00198783 0.00014955 -0.00718242 27.8304 11 499 1006 0 1
-0.0557867 0.0449151 200 0.00212193 0.0217883 12.6756 19.4701 -13 500 0 0 1
0.101788 -0.102591 200 -0.0510719 0.0522365 7.94396 15.1567 -13 514 0 0 1
0.432161 -0.0222798 200 0.041313 -0.0783345 9.73194 15.0305 -13 525 0 0 1
1.98684 1.76474 200 0.200733 -0.372126 3.43173 48.7781 -13 527 0 0 1
0.0147578 0.0519408 200 -0.0108148 -0.0193694 8.34086 31.683 -13 530 0 0 1
-0.00870984 -0.0597073 200 -0.00425115 0.00701609 11.3485 12.5386 -13 539 0 0 1
0.0234384 0.0301365 200 0.0419863 -0.0116621 11.2797 32.393 -13 540 0 0 1
-0.0107698 -0.0335319 200 -0.0156349 0.0100097 10.6952 26.7152 -13 547 0 0 1
0.0997284 -0.0546247 200 -0.00702821 -0.0423578 8.62665 25.2761 -13 550 0 0 1
-0.322775 -0.173261 200 -0.0432989 0.0701328 5.12322 15.6864 -13 554 0 0 1
-0.0775493 -0.0498683 200 -0.0121631 0.0207157 6.20981 32.7016 -13 556 0 0 1
-0.0228746 0.0877007 200 0.0103161 -0.00857022 10.9524 35.1824 -13 559 0 0 1
0.0184733 -0.0232069 200 -0.0096984 0.00244345 13.6123 6.45118 -13 560 0 0 1
-0.110102 0.114023 200 0.000205502 0.00481204 5.29363 40.4753 -13 561 0 0 1
0.232066 0.434467 200 0.0859012 -0.0361327 11.0637 10.5275 -13 562 0 0 1
-0.00567888 0.0062993 200 0.0043899 0.00840685 11.8667 32.461 -13 568 0 0 1
-0.0609917 0.0632301 200 0.0216884 0.0126413 13.5513 16.8898 -13 569 0 0 1
0.260718 -0.188154 200 0.0066954 -0.063771 11.1104 32.5877 -13 570 0 0 1
-0.0198355 -0.108073 200 -0.0133768 0.00749908 12.6543 19.5156 -13 571 0 0 1
-0.105115 0.0897499 200 0.0176796 -0.00778517 9.91781 19.9298 -13 572 0 0 1
-0.178168 -0.157604 200 -0.0509693 0.00950253 6.5974 24.0464 -13 573 0 0 1
-2.56658 -0.171844 200 0.00469855 0.0328457 0.0285487 24.2743 11 573 1008 0 1
0.111171 -0.0908581 200 -0.0166739 -0.00416474 13.7453 14.3399 -13 574 0 0 1
0.0374314 0.0377885 200 0.041751 0.0427872 13.9682 31.9606 -13 584 0 0 1
1.29714 0.730261 200 0.029838 -0.034044 0.014481 32.6945 11 584 1003 0 1
3.78976 -1.30389 200 0.0105552 -0.0252612 -0.0366181 34.9713 11 584 1003 0 1
-0.314929 0.0630073 200 0.018962 0.0213923 11.2533 14.804 -13 585 0 0 1
-0.00624593 -0.0294643 200 -0.0170574 -0.0126201 9.39607 32.8699 -13 586 0 0 1
0.0598698 0.0799812 200 0.0108798 -0.00858331 13.7693 24.9625 -13 587 0 0 1
0.0300772 -0.119644 200 -0.0387077 0.0304203 9.60679 17.4954 -13 588 0 0 1
-0.0264872 0.00427086 200 0.0069968 0.00656446 13.2794 18.084 -13 589 0 0 1
-0.0720748 -0.0727879 200 -0.00557468 0.0273027 9.18011 20.0329 -13 591 0 0 1
0.0457102 0.142857 200 0.0380251 0.013479 8.34041 21.6126 -13 592 0 0 1
0.0697473 -0.00210915 200 -0.00781318 0.00225688 5.90804 39.4955 -13 593 0 0 1
-0.103013 0.236159 200 0.0312033 0.0265755 10.77 36.253 -13 594 0 0 1
0.1513 0.13014 200 0.00460229 -0.0317289 8.15662 25.9094 -13 596 0 0 1
-0.0144442 -0.198565 200 -0.00642951 0.054724 10.4408 19.0084 -13 597 0 0 1
-0.0296861 -0.169552 200 -0.0209683 0.00300011 5.88378 19.4239 -13 599 0 0 1
-0.145999 0.163197 200 0.00450601 0.032779 2.06789 30.7967 -13 600 0 0 1
-0.0918514 0.068066 200 0.00720884 0.0136804 12.5609 24.0507 -13 601 0 0 1
-0.121975 0.109973 200 -0.00669325 0.0206701 6.82582 32.5748 -13 896 0 0 1
-0.00515752 -0.0287984 200 -0.00697544 0.0125794 10.3762 14.5907 -13 897 0 0 1
-0.0395364 -0.0145247 200 -0.00415511 -0.0176368 8.45075 25.4609 -13 898 0 0 1
0.105595 -0.0742229 200 -0.000907144 0.015512 5.35598 41.8542 -13 901 0 0 1
-0.552193 -2.22455 200 -0.0459384 -0.0114529 -0.163405 638.336 11 901 1004 0 1
0.0121327 -0.0274767 200 -0.00565005 0.000588981 8.65351 11.0999 -13 902 0 0 1
0.0801382 -0.147849 200 -0.030411 -0.0314474 10.3121 9.40565 -13 914 0 0 1
-0.0419849 0.0408187 200 0.025574 0.0373511 9.13021 14.6348 -13 915 0 0 1
-0.0637648 0.0833474 200 -0.00252025 0.0142432 13.8097 24.4376 -13 916 0 0 1
0.14217 0.00600524 200 0.0062277 -0.0194531 12.4995 25.7343 -13 917 0 0 1
-0.112952 -0.0404413 200 -0.0164118 0.00829491 12.8581 30.1321 -13 918 0 0 1
0.0667897 -0.188044 200 -0.0406991 0.00500828 4.02334 23.5227 -13 919 0 0 1
0.0626152 -0.0931467 200 -0.0111701 0.00909922 8.65868 11.928 -13 920 0 0 1
0.0038376 0.180558 200 0.0355463 0.00246095 14.0893 11.7795 -13 921 0 0 1
0.0976634 0.0103197 200 0.00659576 -0.0272528 12.8826 27.0569 -13 922 0 0 1
0.0735935 -0.0885115 200 -0.0265829 -0.0179622 4.17193 45.8421 -13 923 0 0 1
-0.0661842 -0.0223292 200 -0.0043107 0.00361751 13.6257 19.5815 -13 924 0 0 1
-0.0452562 -0.0454587 200 -0.00545518 0.00693343 13.9736 34.0036 -13 925 0 0 1
-0.0795666 -0.102385 200 -0.0183089 0.0145253 12.8195 6.86666 -13 926 0 0 1
0.236883 -0.00606544 200 -0.00383837 -0.0268153 4.9238 29.7635 -13 927 0 0 1
0.0272072 0.0221568 200 -0.00131033 -0.0110882 11.7946 30.1659 -13 928 0 0 1
-0.0733516 -0.0574194 200 -0.0142541 0.0115692 13.565 12.343 -13 929 0 0 1
0.158127 -0.463126 200 -0.0598182 -0.0414799 12.7389 24.2913 -13 930 0 0 1
-0.034131 -0.130148 200 0.0190121 -0.0174037 13.313 27.0907 -13 931 0 0 1
0.00768239 -0.0194007 200 -0.0124126 -0.00705423 11.46 35.728 -13 932 0 0 1
0.0461894 0.173451 200 0.0296567 0.00160839 13.6188 19.0699 -13 933 0 0 1
-0.0795466 -0.112045 200 -0.037224 -0.00897023 8.62905 21.0841 -13 934 0 0 1
0.511847 0.401066 200 0.0473277 -0.0871741 10.4418 28.6652 -13 935 0 0 1
0.00264322 -0.00178295 200 0.00293103 0.00258334 12.4514 19.7303 -13 936 0 0 1
0.0101504 -0.043842 200 -0.00600727 0.00544717 12.5432 33.4651 -13 937 0 0 1
-0.109375 -0.160511 200 0.0281127 0.0409369 4.68786 19.4346 -13 938 0 0 1
0.127158 0.0284546 200 0.012236 -0.0141558 13.8511 15.5956 -13 939 0 0 1
-0.137467 0.380997 200 0.0780859 0.0285236 6.04032 16.4594 -13 940 0 0 1
0.00415088 0.0448867 200 -0.0153534 0.00709757 12.2986 22.1664 -13 941 0 0 1
-0.116062 -0.430309 200 -0.0230261 0.0224349 3.01306 47.3437 -13 942 0 0 1
-0.191028 0.0683356 200 0.020325 0.00712615 10.5216 32.1871 -13 943 0 0 1
-0.103104 0.205118 200 0.0535254 -0.00744003 11.1608 10.655 -13 4 0 0 1
-0.213161 -0.148903 200 -0.00528077 0.0652273 6.93029 17.6264 -13 5 0 0 1
-0.0863681 0.0316029 200 -0.00367557 0.0199886 14.3757 19.2598 -13 25 0 0 1
-0.0514959 0.0566375 200 0.00479215 0.0075346 13.6541 7.74653 -13 30 0 0 1
0.00568016 -0.0172893 200 0.00255125 0.00174383 10.3847 11.3489 -13 31 0 0 1
0.0327473 0.218975 200 0.0147278 -0.00537922 5.20123 40.6008 -13 35 0 0 1
-0.0102397 -0.0129076 200 -0.00216223 0.00473266 11.8638 29.7284 -13 38 0 0 1
0.0695959 -0.027324 200 -0.00944134 -0.0404483 8.43899 20.8218 -13 51 0 0 1
0.286437 -0.334127 200 -0.0853237 -0.0845695 2.83587 46.9347 -13 52 0 0 1
-0.000124695 0.0325541 200 -0.0117047 -0.0200658 8.32445 16.0281 -13 58 0 0 1
0.746965 -0.480197 200 -0.118497 -0.0763881 0.951234 236.068 -13 342 0 0 1
-0.41545 -0.0492177 200 -0.0278452 0.0437959 2.7413 53.613 -13 343 0 0 1
0.0561497 0.0584708 200 -0.00619216 -0.037665 6.91024 32.4658 -13 602 0 0 1
-0.31027 0.636375 200 0.221769 -0.211136 9.28952 30.3658 -13 603 0 0 1
-0.0966948 -0.10497 200 -0.000951089 -0.00400547 7.58271 22.6809 -13 604 0 0 1
-0.0473181 0.0798034 200 0.00808987 0.00727338 12.465 22.5433 -13 606 0 0 1
0.00832311 -0.0907276 200 -0.0202084 0.0177302 11.895 12.0547 -13 607 0 0 1
0.294092 0.00988277 200 0.027007 -0.0791156 12.95 20.6723 -13 608 0 0 1
-0.17653 0.0552395 200 0.00559232 -0.00865319 8.8325 15.6729 -13 610 0 0 1
-0.0234804 0.0618219 200 -0.00264621 -0.000788092 10.3442 12.1577 -13 611 0 0 1
-0.0674977 4.02837e-05 200 0.00125565 0.006699 10.8301 23.8854 -13 617 0 0 1
-0.125702 0.255196 200 0.0758009 0.0129259 4.90496 36.2912 -13 619 0 0 1
0.320997 -3.79922 200 -0.000689154 -0.00518907 0.0431956 35.2062 11 619 1007 0 1
-0.160749 -0.0441536 200 -0.00182699 0.0188059 5.27109 16.2186 -13 621 0 0 1
-0.0249165 0.131803 200 0.0340704 0.000289726 9.4378 25.5418 -13 627 0 0 1
0.30269 -0.11493 200 0.0251952 0.00873774 3.20385 39.7317 -13 628 0 0 1
0.313359 -0.0968229 200 0.00916194 -0.00601716 0.0111519 39.7338 11 628 1011 0 1
0.112212 0.00339053 200 0.0216632 -0.0160084 10.4677 13.3618 -13 629 0 0 1
-0.129224 -0.13956 200 0.00699798 0.0489775 11.7337 33.9118 -13 630 0 0 1
3.1923 -4.11969 200 0.0586376 0.0121666 0.0536007 33.7353 11 630 1003 0 1
5.11094 -8.39326 200 -0.0064434 0.0453285 -0.0513832 55.6491 11 630 1003 0 1
0.0435503 -0.247617 200 -0.0545576 0.0235156 8.87904 35.9903 -13 631 0 0 1
-0.0076791 -0.0532569 200 -0.0116894 0.00251675 13.7403 24.014 -13 644 0 0 1
4.99933 3.30846 200 0.0199709 0.0164256 -0.0321267 44.5161 11 644 1002 0 1
-0.119986 0.0116595 200 -0.0132114 0.0463095 9.74667 9.95067 -13 645 0 0 1
-0.00338895 0.0141746 200 0.0160094 -0.0175137 6.03768 39.0926 -13 647 0 0 1
0.0520489 -0.129297 200 -0.0405068 0.0178911 4.30114 29.881 -13 648 0 0 1
0.046004 -0.0540156 200 -0.00371577 0.011569 10.0995 20.4001 -13 651 0 0 1
-0.153528 -0.174177 200 0.000964565 0.0458014 12.2758 18.4986 -13 654 0 0 1
1.94479 4.48681 200 -0.0105002 -0.0129123 0.0318215 22.5508 11 654 1005 0 1
0.126487 0.107559 200 0.0200625 -0.0385455 5.22052 30.6217 -13 658 0 0 1
-0.071629 -0.00279104 200 -0.015218 0.0189092 11.7039 28.8502 -13 660 0 0 1
0.134746 -0.0184878 200 0.0154435 -0.00182171 10.651 23.0454 -13 661 0 0 1
0.134258 0.268594 200 0.0266427 -0.025083 12.1374 17.6157 -13 662 0 0 1
0.0433894 -0.0415784 200 -0.023476 0.00725628 9.54821 36.9917 -13 663 0 0 1
-0.0991768 0.0137683 200 0.0115679 0.0188449 11.3611 8.60659 -13 665 0 0 1
-0.0668225 0.306805 200 0.0092879 0.00550294 11.7733 21.0179 -13 666 0 0 1
-0.102553 0.359442 200 -0.00314506 -0.0333781 0.0056785 21.6239 11 666 1001 0 1
-0.137417 0.108729 200 0.0100006 0.0241959 13.106 18.6049 -13 667 0 0 1
0.107934 -0.108809 200 0.00679122 -0.0343524 6.70593 21.3631 -13 668 0 0 1
-0.132494 0.0479377 200 -0.0290846 0.0350628 9.6035 25.5643 -13 669 0 0 1
0.384185 0.000801361 200 -0.0286595 0.011682 0.0234078 26.3063 11 669 1005 0 1
0.0362134 0.215918 200 0.0492939 0.038522 13.1546 25.4723 -13 671 0 0 1
-0.0292261 0.0313614 200 -0.0118158 0.0140559 7.22585 18.2167 -13 675 0 0 1
-0.156481 0.0462412 200 0.0255914 0.0148862 11.8446 13.139 -13 677 0 0 1
-0.183466 -0.0132247 200 0.0223721 0.0221172 8.06628 16.579 -13 685 0 0 1
0.0457414 -0.118578 200 -0.0188801 -0.0224745 11.6632 33.5635 -13 686 0 0 1
0.0802421 -0.156361 200 -0.0360952 0.00525068 9.04256 14.7512 -13 687 0 0 1
0.0898585 -0.0865212 200 -0.0202332 -0.00860324 12.8497 28.8293 -13 688 0 0 1
0.0163999 0.0150694 200 -0.0258922 0.00334291 9.91309 30.0651 -13 689 0 0 1
0.125162 0.039164 200 0.00875927 -0.0245945 5.27095 33.2112 -13 690 0 0 1
0.094804 -0.200578 200 -0.0364054 -0.0638864 7.49217 11.5907 -13 692 0 0 1
-0.077507 0.0111788 200 -0.00465982 0.0173037 12.7816 26.751 -13 693 0 0 1
0.137878 -0.260116 200 -0.0326284 -0.0363604 4.0524 28.5132 -13 694 0 0 1
-0.0171623 -0.181235 200 -0.000428874 -0.000164227 0.000324952 27.6456 11 694 1023 0 1
0.091045 -0.0649432 200 -0.00533326 -0.0401359 7.37749 20.922 -13 695 0 0 1
0.431343 0.0409084 200 0.0162863 -0.0316401 8.76163 16.329 -13 698 0 0 1
0.0589387 -0.0402847 200 -0.0102287 -0.00448524 8.82698 18.8791 -13 700 0 0 1
-0.229456 -0.0572734 200 -0.0241859 0.0414739 9.09381 10.3667 -13 701 0 0 1
0.0483211 -0.0185497 200 -0.00682417 -0.0156154 12.0899 28.4657 -13 703 0 0 1
0.0206314 0.0172352 200 0.00745736 0.00439494 7.97114 29.0883 -13 710 0 0 1
0.0509206 0.0423105 200 0.0148397 -0.00985631 11.6204 26.1905 -13 712 0 0 1
-0.0424196 0.0291418 200 -0.000861758 -0.0102978 6.48713 33.2702 -13 713 0 0 1
0.265297 -0.033606 200 -0.0253256 -0.0327802 14.055 26.5706 -13 714 0 0 1
0.068236 0.093375 200 -0.00107091 -0.0112392 10.6149 22.3576 -13 717 0 0 1
-0.0360844 0.0141902 200 0.00732411 0.012478 8.57319 12.0779 -13 723 0 0 1
0.0197914 -0.00806261 200 -0.00156415 -0.0264432 9.62195 19.5191 -13 725 0 0 1
0.113221 0.124612 200 0.0526069 -0.0333563 13.6185 21.0183 -13 726 0 0 1
-0.0717899 0.00859116 200 0.0169149 0.0153785 14.1559 10.3169 -13 727 0 0 1
-0.120893 -0.0438828 200 -0.0128633 0.0223012 10.9837 9.8424 -13 731 0 0 1
-0.265845 -0.077514 200 -0.0532175 0.0207446 2.59649 44.4904 -13 732 0 0 1
0.147689 -0.144094 200 -0.0430623 -0.00862131 4.83429 26.9754 -13 733 0 0 1
0.0779471 0.120883 200 0.0260518 -0.0171215 5.8549 35.9921 -13 944 0 0 1
1.65844 1.9664 200 0.00479964 6.03687e-05 0.0439566 34.5005 11 944 1005 0 1
-0.0234914 -0.00434688 200 -0.00332029 0.0233166 4.0839 44.2423 -13 945 0 0 1
0.0359522 -0.0246387 200 1.51168e-06 -0.004811 14.3113 18.2964 -13 946 0 0 1
-0.158419 0.0443173 200 0.0135307 0.0253952 10.4936 12.4165 -13 947 0 0 1
-0.0919955 -0.204896 200 -0.0104857 0.0433524 7.75373 14.7408 -13 948 0 0 1
-0.0427744 -0.0303672 200 0.00804617 0.0152689 12.4969 27.1618 -13 949 0 0 1
0.102681 -0.530708 200 -0.0601864 -0.0346006 3.50821 22.8121 -13 950 0 0 1
0.119847 -0.52544 200 -0.00826202 -0.0111508 0.0103946 22.825 11 950 1016 0 1
-0.20547 0.046509 200 0.0238635 0.0533316 5.40476 20.6243 -13 951 0 0 1
-0.313023 -0.233535 200 0.0600847 0.0193623 4.25475 42.5245 -13 952 0 0 1
0.00885797 -0.0770126 200 0.00198418 -0.00784724 9.89384 14.5607 -13 953 0 0 1
-0.100607 0.0386775 200 0.00755094 0.00355952 6.79626 30.793 -13 954 0 0 1
-0.173802 0.233791 200 -0.0150477 0.0550612 7.43308 27.1522 -13 955 0 0 1
0.262002 0.151751 200 0.0220488 -0.0134094 6.93793 18.0218 -13 956 0 0 1
0.30816 0.149437 200 0.0264127 0.0102294 0.0236538 18.0856 11 956 1006 0 1
0.558709 -0.146153 200 0.0105985 0.0113494 0.0601835 17.1437 11 956 1007 0 1
-0.0859952 -0.0604795 200 0.00159123 0.00706655 14.0674 24.3716 -13 957 0 0 1
0.10545 0.246113 200 0.0607359 0.020269 11.8706 20.713 -13 958 0 0 1
0.0206554 0.0169954 200 -0.0144811 -0.040453 0.0204128 20.9768 11 958 1003 0 1
5.39895 1.3374 200 -0.00282089 0.00442055 -0.032084 31.8839 11 958 1003 0 1
-0.00403203 0.0216692 200 -0.00575966 0.00205083 10.4162 27.8652 -13 959 0 0 1
-0.0762157 -0.0162007 200 -0.00785206 0.00807996 14.4449 14.844 -13 960 0 0 1
0.0899953 0.0954925 200 0.0490802 -0.0504151 2.53956 39.4008 -13 961 0 0 1
-0.147373 -0.0258211 200 -0.00109618 0.0359356 11.8348 25.4963 -13 962 0 0 1
-0.169115 0.0110557 200 0.0319996 0.0299969 9.42485 16.0771 -13 966 0 0 1
-0.0216838 -0.260171 200 -0.0593007 -0.00789928 3.08033 31.1989 -13 968 0 0 1
0.0276521 -0.0926055 200 -0.0361456 0.0160842 13.2535 19.7883 -13 971 0 0 1
0.0996614 0.0200659 200 -0.0095626 -0.040896 8.29972 26.4034 -13 19 0 0 1
0.0578242 0.0736896 200 0.00571911 -0.0233587 2.60956 44.341 -13 20 0 0 1
0.0175719 -0.143066 200 -0.0248279 0.00735072 8.95956 23.7319 -13 26 0 0 1
-0.0775793 -0.0264681 200 0.0205598 0.0229218 10.4114 35.2198 -13 37 0 0 1
-0.0380525 0.0865931 200 0.0231584 0.0023424 9.80618 34.9205 -13 57 0 0 1
-0.0499495 -0.120746 200 -0.0494017 -0.0134154 7.14021 27.4895 -13 59 0 0 1
-0.0432033 -0.0172324 200 -0.0181567 0.0079527 14.0269 33.5526 -13 63 0 0 1
0.0649914 -0.0195578 200 -0.0178693 0.0013842 7.42146 23.0906 -13 66 0 0 1
-0.0896757 0.0891936 200 -0.00198983 0.0102835 10.6721 26.4899 -13 68 0 0 1
-0.0146849 -0.0465234 200 -0.000207673 -0.0014039 11.1823 11.858 -13 70 0 0 1
0.081606 -0.0182467 200 0.00131319 -0.0233894 10.3849 8.67389 -13 72 0 0 1
0.329338 0.0310288 200 0.0166897 -0.0549431 6.14304 33.4001 -13 73 0 0 1
-0.108497 -0.0830752 200 -0.030272 0.00623157 13.5576 19.119 -13 78 0 0 1
-0.327741 0.238273 200 0.0214545 0.0463434 6.40952 24.9412 -13 84 0 0 1
-0.0476661 0.0174002 200 -0.00813631 0.0073982 12.874 20.9401 -13 97 0 0 1
0.167192 0.0792341 200 0.00822968 -0.0163606 9.59514 15.8268 -13 98 0 0 1
0.110725 0.208564 200 -0.030165 -0.00402632 4.88225 30.7892 -13 101 0 0 1
-0.0217558 0.0963912 200 0.0190984 0.00200779 9.9833 30.7688 -13 103 0 0 1
-0.0459707 -0.0862753 200 -0.0116286 -0.00571248 10.3285 35.2787 -13 106 0 0 1
0.0841611 0.0865932 200 0.0146015 -0.0148246 7.38261 22.6695 -13 108 0 0 1
-0.0339737 -0.0630358 200 -0.0130452 0.00806541 13.5803 6.26632 -13 109 0 0 1
-0.165719 -0.0868897 200 -0.0306002 0.0233481 5.92471 17.4958 -13 118 0 0 1
-0.139222 0.0771489 200 0.0278394 0.0134876 7.55105 23.7678 -13 120 0 0 1
-0.141375 -0.0234816 200 0.000591784 0.0110595 13.505 15.2754 -13 128 0 0 1
-0.0161419 0.0150741 200 0.000196173 0.00666094 13.5054 18.3416 -13 129 0 0 1
-0.0567018 -0.000859813 200 -0.0281394 0.0135257 10.4654 29.4112 -13 130 0 0 1
0.00775089 -0.134435 200 -0.0289995 0.00898999 9.20982 16.356 -13 131 0 0 1
-0.178384 -0.14616 200 -0.0431336 0.0183768 12.9851 17.7295 -13 136 0 0 1
0.0675513 0.00948246 200 0.0108481 -0.0112061 13.8309 6.64616 -13 141 0 0 1
-0.0709135 -0.0562354 200 -0.00110657 0.000272195 13.7615 17.23 -13 142 0 0 1
0.0668354 0.199125 200 0.0559586 -0.0155475 11.0173 12.4387 -13 143 0 0 1
0.098625 -0.032423 200 -0.0390833 -0.0199139 9.86773 32.886 -13 145 0 0 1
-0.0217267 0.02314 200 0.00737428 0.0106914 13.8623 26.0796 -13 150 0 0 1
-0.0417797 0.00112446 200 0.0134251 0.00078909 9.48782 25.0953 -13 154 0 0 1
-0.0907578 -0.0776535 200 -0.0450955 0.0322319 13.2391 14.9836 -13 157 0 0 1
-0.757721 0.597783 200 0.168335 0.0534423 9.81589 22.9423 -13 162 0 0 1
-0.0926991 0.0439797 200 0.00106978 0.0145376 9.78403 10.6914 -13 163 0 0 1
0.278605 0.0170058 200 0.0654323 -0.00924687 5.6768 24.3459 -13 178 0 0 1
0.0905592 -0.0256007 200 -0.00283267 -0.0200766 12.0974 12.0293 -13 192 0 0 1
-0.0612344 -0.0883668 200 -0.00580597 0.0140752 14.4671 26.0445 -13 203 0 0 1
0.116687 0.150117 200 0.0104212 0.0183416 7.23245 21.3843 -13 205 0 0 1
-0.130805 -0.162298 200 -0.0382808 -0.00451296 1.75999 61.2675 -13 206 0 0 1
0.0592452 -0.159556 200 -0.0037888 -0.0395476 13.7107 18.4856 -13 209 0 0 1
-0.0393868 -0.100224 200 -0.011231 0.0130882 12.1263 20.9479 -13 347 0 0 1
0.0202565 0.0183294 200 0.0300928 -0.0214952 7.19287 24.5284 -13 349 0 0 1
-0.176667 0.145174 200 0.0452637 0.0331688 7.82902 32.7505 -13 350 0 0 1
-0.027074 0.0654224 200 -0.0267145 -0.00957365 3.59053 38.5901 -13 355 0 0 1
-0.00409111 -0.185361 200 -0.0266135 0.0104641 9.80001 35.5414 -13 356 0 0 1
-0.104061 -0.0452849 200 0.00898829 -0.00627979 10.6892 34.4238 -13 357 0 0 1
-0.072191 -0.0399694 200 -0.00363578 0.00724019 11.8036 12.6852 -13 359 0 0 1
-0.0250207 -0.0145285 200 -0.0161291 0.00270845 13.5185 27.2664 -13 360 0 0 1
-0.0198369 -0.0464837 200 -0.00764189 0.0734732 4.07994 23.5573 -13 361 0 0 1
-0.0566514 -0.0869116 200 -0.030291 0.00547769 11.8586 11.2142 -13 365 0 0 1
-0.0791489 0.0348294 200 0.00311239 0.00467884 7.93821 10.3687 -13 366 0 0 1
-0.0571407 0.0208703 200 -0.0107628 0.00742641 11.7213 31.1129 -13 367 0 0 1
-0.0917535 -0.39824 200 -0.0426193 0.061416 2.23198 50.2575 -13 369 0 0 1
-0.0292375 0.0709681 200 0.00783446 0.0138673 14.5262 23.0651 -13 371 0 0 1
0.175656 0.213608 200 0.02017 -0.00280905 10.7337 12.3769 -13 380 0 0 1
0.0246236 -0.0140948 200 0.00264537 -0.00858477 7.88524 22.1515 -13 381 0 0 1
0.486097 0.878196 200 0.182338 0.0210225 1.51505 60.9709 -13 383 0 0 1
-0.111369 0.0730702 200 0.00980523 0.0199191 14.4403 23.228 -13 387 0 0 1
0.0372198 0.0336409 200 -0.00668861 -0.0203718 9.41029 31.7451 -13 388 0 0 1
0.253535 -0.0139312 200 0.0366038 -0.0501589 13.5019 24.3476 -13 389 0 0 1
-0.146234 0.285898 200 0.0640505 0.142323 4.18863 20.5883 -13 393 0 0 1
-0.0802633 0.251733 200 0.0407 0.017419 4.09181 27.4053 -13 394 0 0 1
0.603051 0.5315 200 0.0356725 -0.134031 13.3103 13.1989 -13 398 0 0 1
-0.0585002 0.0443426 200 -0.00488372 0.0111472 12.657 9.55758 -13 399 0 0 1
-0.109425 -0.173832 200 -0.0404739 0.0175446 11.6676 18.0319 -13 400 0 0 1
-0.0359723 0.125253 200 0.0161293 0.00968863 11.1882 20.1167 -13 401 0 0 1
0.00108543 -0.0510811 200 -0.0219473 0.0314036 7.378 11.7164 -13 402 0 0 1
0.029095 0.019753 200 0.00756442 0.00197372 14.3983 13.8709 -13 404 0 0 1
-0.256855 -0.166794 200 -0.0206061 0.00650169 4.85282 39.0738 -13 407 0 0 1
0.00922282 0.0590514 200 0.0168542 0.000408492 10.9379 28.5215 -13 408 0 0 1
-0.0605446 0.147795 200 0.0243868 0.0595788 7.20762 20.5455 -13 410 0 0 1
-0.0743845 -0.225734 200 -0.00298906 -0.0365851 6.90874 15.9298 -13 411 0 0 1
0.0186345 -0.223837 200 -0.0422405 0.020792 7.33502 14.9415 -13 412 0 0 1
-0.115788 -0.0614815 200 -0.0308241 0.0310797 5.797 13.5869 -13 413 0 0 1
-0.098964 0.256319 200 0.0419167 0.0243488 6.63531 17.1788 -13 417 0 0 1
0.108712 -0.0263236 200 0.0136296 -0.0227306 13.2152 10.6935 -13 421 0 0 1
-0.0393328 0.003784 200 0.00687516 0.0414198 5.21579 43.2126 -13 425 0 0 1
0.27509 -0.0273443 200 0.00862435 -0.0537482 5.15273 38.6338 -13 426 0 0 1
0.172395 -0.142278 200 -0.0236924 -0.024678 9.9666 17.9704 -13 430 0 0 1
0.058309 -0.141634 200 -0.0178356 -0.0120018 11.9581 34.9507 -13 439 0 0 1
-0.0279469 -0.274499 200 -0.00161948 0.0175607 4.28291 19.3863 -13 442 0 0 1
0.21367 -0.0438657 200 0.00290323 -0.0161816 7.65707 35.3656 -13 443 0 0 1
0.0768704 -0.174368 200 -0.0185035 -0.00988842 8.03928 35.1069 -13 445 0 0 1
-0.0544417 -0.0167356 200 -0.00185631 0.0197654 13.4142 32.5023 -13 446 0 0 1
0.0028946 0.141477 200 0.0277004 0.00820382 11.5918 18.6969 -13 447 0 0 1
-0.130541 -0.192377 200 -0.0641803 -0.00643684 9.85473 11.3007 -13 448 0 0 1
-0.0213973 0.291027 200 0.0313369 0.0296192 8.2187 13.85 -13 449 0 0 1
-0.114094 0.0549686 200 -0.00124696 0.0200164 12.3776 35.4526 -13 450 0 0 1
-0.167415 0.0963447 200 -0.000670499 0.0272243 11.904 32.9485 -13 452 0 0 1
-0.0500002 -0.00541655 200 -0.0221182 0.00901929 12.9802 33.7891 -13 453 0 0 1
0.0588402 -0.0151816 200 0.00698653 0.00447822 9.57222 17.2132 -13 454 0 0 1
-0.0485189 0.0862348 200 0.0103922 0.0116868 14.086 8.80759 -13 467 0 0 1
0.0696897 -0.415903 200 -0.0633092 -0.0134239 4.86143 32.1324 -13 469 0 0 1
-0.284076 0.146734 200 -0.00822728 0.0535873 6.54006 14.0975 -13 470 0 0 1
0.089608 0.0324029 200 0.0323299 -0.0118738 10.0739 27.9539 -13 472 0 0 1
0.123544 -0.115056 200 -0.0145886 -0.00596577 8.27692 24.4181 -13 474 0 0 1
0.0654493 -0.0418181 200 0.00270211 -0.0115024 11.8005 16.8821 -13 475 0 0 1
-0.0382077 0.0763906 200 0.0425636 0.0142675 7.87676 10.6811 -13 476 0 0 1
0.0399787 0.0543265 200 -0.00181209 0.00876831 9.54857 24.2105 -13 477 0 0 1
0.0874129 0.130696 200 0.0110515 -0.0198892 9.77204 10.7889 -13 478 0 0 1
7.22681 -11.1123 200 -0.0169386 -0.0251613 -0.0383104 25.2562 11 478 1003 0 1
0.187556 -0.086881 200 0.0312003 -0.0260789 10.6837 24.3366 -13 480 0 0 1
0.314259 -0.758968 200 0.0241591 -0.0308776 0.0573996 24.5121 11 480 1002 0 1
0.0329628 -0.0568026 200 -0.0142416 -0.029013 13.9399 9.84118 -13 492 0 0 1
-0.0262622 0.000909789 200 0.0201169 0.00423647 10.9063 17.3125 -13 501 0 0 1
-0.0376803 0.0514815 200 0.0153761 0.0198701 14.4401 10.6769 -13 502 0 0 1
-0.128339 -0.00240457 200 0.0134617 0.0186091 11.2053 23.8331 -13 504 0 0 1
0.119805 -0.146581 200 -0.000581666 -0.020616 3.8529 35.5762 -13 505 0 0 1
-0.251032 -0.11256 200 -0.00664665 0.0660529 8.72292 16.7076 -13 506 0 0 1
0.170069 0.060882 200 0.0226739 -0.0319524 8.26864 29.7032 -13 509 0 0 1
0.295139 -0.249785 200 -0.10623 -0.00397015 10.573 17.2454 -13 510 0 0 1
-0.26503 0.0482918 200 0.0511116 0.0550056 10.4748 10.4707 -13 511 0 0 1
0.234827 -0.171843 200 -0.0196385 -0.0531997 12.9029 23.9893 -13 512 0 0 1
-0.0483161 0.116797 200 0.0261648 0.019629 13.3518 6.61081 -13 513 0 0 1
0.154478 0.130764 200 0.0222059 -0.0419254 10.2524 31.2461 -13 515 0 0 1
0.130987 0.154482 200 0.0561959 -0.051159 4.12777 26.5215 -13 516 0 0 1
-0.00290097 -0.0783461 200 -0.01796 -0.0231495 11.6794 25.3981 -13 519 0 0 1
0.357847 -0.336503 200 0.0334652 -0.0632076 11.6475 23.8268 -13 520 0 0 1
-nan -nan -nan -nan -nan -nan -nan -13 521 0 0 1
-0.0562121 0.104309 200 0.0116294 0.0249863 13.585 21.7909 -13 523 0 0 1
0.0195934 -0.0485403 200 -0.00293782 -0.00840133 14.1814 20.9707 -13 759 0 0 1
-0.113724 -0.120729 200 -0.0130254 0.0199347 11.1649 32.9875 -13 763 0 0 1
-0.00397162 -0.0885776 200 -0.0137756 0.00826964 9.87943 18.6119 -13 764 0 0 1
-0.142876 -0.220159 200 -0.0268078 -0.00904462 5.90708 19.6764 -13 765 0 0 1
-0.0937915 -0.0125402 200 -0.0118679 0.0122488 8.61947 13.9022 -13 766 0 0 1
-0.0101877 -0.0859483 200 -0.0174918 -0.014689 12.8841 26.8741 -13 768 0 0 1
-0.221162 -0.153817 200 0.00308411 0.0246023 7.00602 15.1555 -13 769 0 0 1
0.0135165 -0.038317 200 -0.0117042 -0.0201602 13.6503 12.4923 -13 770 0 0 1
0.0631494 0.0661341 200 0.0097877 -0.0179169 14.3426 7.74859 -13 772 0 0 1
-0.0478982 0.18269 200 0.0601304 -0.0440107 3.97692 21.2087 -13 775 0 0 1
-1.48023 -0.388566 200 0.0356013 0.0322194 -0.162499 760.453 11 775 1001 0 1
-0.250815 -0.0644959 200 -0.036051 0.0372066 10.6965 19.6201 -13 777 0 0 1
-0.343 0.0746144 200 0.0493809 0.0537094 10.8342 23.1227 -13 810 0 0 1
0.131863 -0.181969 200 0.0235285 -0.0290941 5.70738 15.8699 -13 811 0 0 1
-0.041376 0.104307 200 0.0325427 0.00763103 6.5872 13.3864 -13 812 0 0 1
0.103612 -0.00231907 200 0.0043082 -0.0217308 13.2292 16.7229 -13 813 0 0 1
-0.0936079 0.072609 200 0.0316569 0.0817241 6.11182 16.9194 -13 816 0 0 1
0.128899 -0.296913 200 -0.0577515 -0.0200651 5.46672 37.9856 -13 817 0 0 1
0.0784173 0.043331 200 0.0154507 0.00869026 14.4561 31.423 -13 825 0 0 1
-0.266209 0.195498 200 0.0240247 0.0631256 9.0404 37.6987 -13 833 0 0 1
0.224485 -0.111203 200 -0.0281381 -0.0613828 5.48214 37.7439 -13 834 0 0 1
-0.0879792 0.194284 200 0.0203426 0.00829276 11.863 28.2006 -13 836 0 0 1
-0.0592531 0.0557166 200 0.00266833 0.0112148 11.1387 28.4807 -13 839 0 0 1
-nan -nan -nan -nan -nan -nan -nan -13 841 0 0 1
0.0908674 0.111166 200 0.000843903 -0.0227782 6.2789 38.681 -13 842 0 0 1
-0.0596334 0.0259008 200 0.00139964 0.0224429 11.8825 29.3365 -13 963 0 0 1
-0.0487275 0.0889578 200 0.0128201 0.00944108 10.498 33.9046 -13 964 0 0 1
-0.0270353 0.0808431 200 -0.000580725 -0.0138651 11.3464 22.3657 -13 965 0 0 1
-0.0561523 -0.0325186 200 -0.00512575 0.0139592 8.96399 21.1848 -13 969 0 0 1
0.320824 -0.338452 200 -0.0466554 -0.00280611 1.21949 68.5008 -13 970 0 0 1
0.198269 0.0580912 200 0.0297983 -0.0282295 14.4537 20.5865 -13 972 0 0 1
