#BLTrackFile NTuple/Z300
#x y z Px Py Pz t PDGid EventID TrackID ParentID Weight
#mm mm mm MeV/c MeV/c MeV/c ns - - - - -
0.0436426 0.121219 300 0.00471532 -0.00711558 11.5191 28.39 -13 1 0 0 1
0.02347 0.142845 300 0.0117673 0.00279822 9.95254 13.2816 -13 3 0 0 1
0.281337 -0.119922 300 -0.0239753 -0.0368679 13.6246 31.3461 -13 9 0 0 1
-0.0978269 0.0820262 300 0.00615408 0.01985 8.45555 15.5647 -13 16 0 0 1
0.0264038 -0.0186859 300 0.00852289 -0.0148765 13.6979 29.5635 -13 34 0 0 1
-0.188744 -0.221949 300 0.0252753 0.0315521 8.60996 36.8591 -13 36 0 0 1
-0.0756438 -0.158687 300 0.00616686 0.0213076 9.52028 21.7415 -13 39 0 0 1
-0.0194321 -0.119372 300 -0.00825108 0.0273204 14.4229 19.5411 -13 43 0 0 1
0.0849796 -0.00724703 300 0.0373405 0.0659213 11.2633 28.6008 -13 44 0 0 1
1.18721 0.490055 300 -0.00552927 -0.0429724 0.0284455 29.8755 11 44 1002 0 1
-0.0530263 0.29461 300 0.0756858 -0.0868043 6.77819 26.2397 -13 48 0 0 1
0.0136364 -0.205176 300 -0.030535 0.0152821 10.7397 24.9673 -13 74 0 0 1
-0.150737 -0.116289 300 -0.0301995 0.0179727 10.3047 38.4929 -13 80 0 0 1
-0.0518678 -0.0112743 300 -0.0216209 0.0233824 7.97065 26.6608 -13 86 0 0 1
0.0589515 -0.238229 300 -0.0261589 -0.0176149 9.97844 21.8823 -13 89 0 0 1
0.305745 -0.143433 300 0.00633553 -0.0125765 5.8496 27.2719 -13 94 0 0 1
0.364875 -0.0548873 300 0.0403477 -0.0437674 5.50685 22.4382 -13 110 0 0 1
-0.164502 0.053031 300 0.0174467 -0.01541 5.07854 43.3762 -13 123 0 0 1
0.0373151 -0.0363468 300 0.00033192 0.00772647 11.7368 34.49 -13 126 0 0 1
-0.142176 0.0314907 300 -0.0170388 0.0157466 7.26477 19.222 -13 137 0 0 1
-0.0763876 -0.00345149 300 0.0145613 0.0311205 14.1496 32.9899 -13 140 0 0 1
-0.203029 0.204108 300 0.0372829 0.0589743 8.12606 16.9575 -13 151 0 0 1
0.0936315 -0.0828769 300 -0.0328267 0.0168975 14.1386 32.1659 -13 152 0 0 1
0.149603 -0.242736 300 -0.040157 -0.0117768 7.55445 23.2014 -13 160 0 0 1
0.0100601 0.00426564 300 0.00449464 -0.0200272 10.6798 12.9531 -13 175 0 0 1
-0.0402984 0.0780152 300 0.0311042 0.0330408 7.17885 38.7171 -13 180 0 0 1
0.173214 -0.000789164 300 0.0372473 -0.0498001 8.80349 38.987 -13 181 0 0 1
0.148701 -0.00185392 300 0.0178102 -0.0357058 12.2915 13.8134 -13 184 0 0 1
-0.0787024 0.0968011 300 0.0157325 0.0149401 11.8846 38.5234 -13 186 0 0 1
-0.59758 0.168003 300 0.0518335 0.070321 4.89441 25.9178 -13 187 0 0 1
0.222288 -0.0496136 300 -0.0288711 -0.10847 8.5985 29.389 -13 188 0 0 1
0.377777 -0.121776 300 -0.0101483 -0.0940136 2.12897 62.1525 -13 200 0 0 1
-0.232119 -0.0340682 300 0.00690474 0.0220293 6.67387 31.5228 -13 211 0 0 1
-0.261009 0.0337318 300 0.0416433 0.0829653 13.794 34.5434 -13 348 0 0 1
-0.246402 -0.0871883 300 -0.0116268 0.0293601 4.65824 31.0613 -13 351 0 0 1
0.876547 0.369687 300 -0.0550862 -0.107925 4.35356 36.4019 -13 352 0 0 1
-0.00691902 -0.100524 300 -0.00631238 0.0128561 10.958 27.6475 -13 358 0 0 1
-0.456464 -0.0409663 300 -0.0566663 0.063898 8.76324 13.5141 -13 362 0 0 1
0.118663 -0.0851167 300 0.0462721 0.00809026 12.1775 37.6203 -13 363 0 0 1
0.234054 0.245637 300 0.0361813 -0.0293761 0.0543943 37.838 11 363 1001 0 1
-0.0264639 -0.0997866 300 -0.00735355 0.0248773 14.4559 12.6013 -13 364 0 0 1
-0.332761 -0.115755 300 -0.00789424 0.130891 6.49178 20.6642 -13 370 0 0 1
0.0427388 0.269666 300 0.0167414 0.0418093 2.54773 66.0181 -13 372 0 0 1
0.186364 -0.013188 300 -0.0352587 -0.063754 13.3681 30.3707 -13 375 0 0 1
-0.103117 0.175319 300 0.113496 -0.113505 13.4144 20.9744 -13 382 0 0 1
0.165962 0.100872 300 0.0254836 -0.0216331 14.1213 22.5077 -13 384 0 0 1
-1.84452 0.0831394 300 -0.0819378 0.0312306 0.63452 279.34 -13 385 0 0 1
0.0201875 -0.0791138 300 -0.0113026 0.00513355 14.4637 17.0335 -13 386 0 0 1
-0.0385482 -0.137958 300 -0.017176 0.00662815 10.3223 20.0341 -13 390 0 0 1
-0.0501336 -0.11603 300 -0.0105864 0.00456738 8.72025 40.9303 -13 391 0 0 1
-0.314311 0.308331 300 0.0320335 0.0472191 8.18254 40.7915 -13 392 0 0 1
0.152839 -0.0489669 300 -0.0156835 -0.05801 14.1077 16.9802 -13 395 0 0 1
-0.338217 -0.650612 300 -0.0997373 0.0779615 7.10605 31.5828 -13 396 0 0 1
0.0944851 -0.00853508 300 -0.00923953 -0.0245559 14.5319 15.2624 -13 397 0 0 1
0.320453 0.184477 300 0.0681664 -0.0343642 5.7577 38.849 -13 403 0 0 1
-0.0320536 -0.00700778 300 0.00184076 0.0144437 12.8573 25.9853 -13 405 0 0 1
0.0384941 -0.172626 300 -0.0331751 -0.0209821 7.11242 30.6224 -13 406 0 0 1
-0.210879 -0.122424 300 0.000661382 0.0375061 12.2104 12.7706 -13 409 0 0 1
0.0570934 -0.0036903 300 -0.0150527 -0.0550885 8.28504 20.4925 -13 415 0 0 1
-2.42974 0.519497 300 0.00612149 -0.0174718 0.0376603 20.3742 11 415 1002 0 1
0.785138 -0.0800771 300 0.0437598 -0.0255791 1.58643 70.1623 -13 423 0 0 1
-0.144463 0.102635 300 0.0498934 -0.00453335 10.8192 36.0785 -13 427 0 0 1
-0.000654158 0.0455142 300 0.0247599 0.0204833 14.0155 11.9475 -13 456 0 0 1
-0.0773816 0.0444048 300 0.00757303 0.00977868 9.46201 13.3847 -13 457 0 0 1
-0.0545571 0.0661834 300 0.00115879 0.0278712 11.6135 36.3656 -13 458 0 0 1
-0.107459 -0.136912 300 -0.0168299 0.0210416 13.4649 34.3691 -13 461 0 0 1
0.115416 0.219505 300 0.00573634 -0.00923574 7.71466 26.51 -13 463 0 0 1
-0.116548 0.143432 300 0.035111 0.0204218 9.93073 16.8327 -13 465 0 0 1
0.31393 -0.0934991 300 -0.0429381 -0.0395162 7.33101 16.6839 -13 466 0 0 1
-2.1141 -1.93407 300 0.0416987 0.00693997 0.0385647 15.1738 11 466 1010 0 1
0.0320881 0.0282683 300 0.0235444 0.0073504 8.8534 23.0383 -13 468 0 0 1
-0.395121 0.0796339 300 -0.00207679 0.0569283 5.40778 22.8317 -13 479 0 0 1
0.12075 -0.154783 300 -0.0439682 -0.0238261 9.01066 26.8076 -13 481 0 0 1
-0.00595429 -0.61222 300 -0.0922167 -0.0267032 6.57862 45.7914 -13 482 0 0 1
-0.0178855 -0.0317183 300 -0.00807871 0.00474132 14.0547 37.2403 -13 483 0 0 1
-0.105388 0.017384 300 -0.00500848 0.0340754 7.51242 28.8358 -13 484 0 0 1
0.0638902 0.00301166 300 0.00131398 -0.0157559 11.3773 13.542 -13 485 0 0 1
-0.0131266 0.121377 300 0.0453468 0.000692148 7.34313 22.8082 -13 486 0 0 1
-0.0452114 0.0394899 300 0.0178087 0.0228019 13.0265 26.8754 -13 487 0 0 1
-0.129847 -0.0689044 300 -0.0062638 0.0186157 5.37522 40.6775 -13 488 0 0 1
0.0500108 -0.111734 300 -0.0255365 -0.0108911 13.8957 13.0157 -13 489 0 0 1
0.277171 -0.193961 300 -0.0513498 -0.0689031 3.99965 30.8004 -13 490 0 0 1
-0.114188 0.052359 300 0.0421992 0.0393282 7.60833 39.3807 -13 491 0 0 1
-0.0355313 0.0217975 300 0.0115795 -0.000778889 12.4399 33.9332 -13 493 0 0 1
-0.0712248 0.0558892 300 -0.0157726 -0.00243961 12.9696 32.2991 -13 494 0 0 1
0.086558 -0.0119835 300 0.0033693 -0.00512162 14.4531 9.30335 -13 495 0 0 1
0.0931846 -0.0238193 300 0.0314512 0.0411915 10.7022 17.5555 -13 496 0 0 1
0.0872461 -0.0635023 300 -0.0573229 -0.0404636 14.0606 9.19057 -13 497 0 0 1
-0.00616533 -0.044895 300 -0.0196722 0.039711 10.2578 16.7616 -13 503 0 0 1
0.100142 -0.0624739 300 -0.0119608 0.00347163 12.4662 20.9283 -13 507 0 0 1
-0.0782853 0.0517297 300 0.00514548 0.0306578 11.4412 35.3934 -13 508 0 0 1
0.127078 -0.0243413 300 0.0396756 -0.0540967 8.23223 16.5364 -13 517 0 0 1
0.118374 0.0252924 300 0.0399783 -0.0128343 12.3756 14.2589 -13 518 0 0 1
0.225279 -0.177799 300 0.038151 -0.0274896 12.9348 20.2551 -13 522 0 0 1
1.13231 -0.854488 300 0.0341262 -0.0294584 0.0271307 20.8749 11 522 1002 0 1
-0.262847 -0.0971517 300 0.0145861 -0.0151619 3.97071 52.4488 -13 524 0 0 1
0.172134 0.0208309 300 0.0935497 -0.0121829 11.7162 29.3592 -13 526 0 0 1
-0.03455 -0.114898 300 -0.0268501 0.018934 12.4954 25.1346 -13 528 0 0 1
-0.0152206 -0.155478 300 -0.0247749 0.00453694 11.2814 32.8544 -13 529 0 0 1
0.347868 0.272535 300 0.0189677 -0.0559965 9.07974 35.2702 -13 533 0 0 1
0.196399 -0.393066 300 -0.0865584 0.0313009 13.0493 17.8548 -13 536 0 0 1
-0.045083 0.0490862 300 0.0404885 0.0338879 8.56301 25.6308 -13 543 0 0 1
0.0587719 0.0466583 300 -0.0102548 -0.017429 13.7406 36.1623 -13 544 0 0 1
0.0293263 0.0379292 300 -0.00887727 -0.00458796 9.87199 30.376 -13 548 0 0 1
-0.0191807 0.164091 300 0.023207 -0.019036 9.64919 37.1568 -13 549 0 0 1
-0.13956 0.142942 300 0.00300739 0.039973 11.3185 19.9875 -13 552 0 0 1
0.0120919 -0.186646 300 -0.041927 -0.0590618 7.91456 25.6208 -13 553 0 0 1
-0.164069 -0.0987641 300 -0.03895 0.0503093 7.99552 41.1728 -13 555 0 0 1
0.202441 -0.0729517 300 -0.0197905 -0.0326694 13.5766 14.7905 -13 557 0 0 1
-0.0348965 0.170926 300 0.0197335 -0.00604936 12.1201 24.5891 -13 563 0 0 1
-0.157022 0.0529419 300 -0.00476063 0.0439107 10.5789 38.7139 -13 564 0 0 1
-0.124784 0.0528248 300 -0.0139025 0.00774158 9.44502 23.5535 -13 566 0 0 1
-0.0127566 -0.0188533 300 0.00462459 0.00770876 10.6002 22.0864 -13 567 0 0 1
0.0858301 -0.175582 300 0.0362387 0.0138842 7.09055 34.0054 -13 575 0 0 1
0.205727 -0.189628 300 -0.0188141 -0.0069156 10.6125 29.5245 -13 576 0 0 1
-0.014955 0.0154614 300 0.00755864 0.022442 13.4022 11.0487 -13 577 0 0 1
-0.203484 -0.0466622 300 -0.0305096 0.0460842 8.42269 24.324 -13 578 0 0 1
0.140334 0.0273343 300 0.0152615 -0.0148446 13.9761 24.1257 -13 579 0 0 1
-0.0782863 0.147242 300 0.020217 0.026118 12.7409 16.6249 -13 580 0 0 1
-0.0195528 0.0452944 300 0.0115555 0.00812331 11.1003 37.996 -13 581 0 0 1
0.0257215 0.377751 300 0.0206519 0.0594511 8.91557 24.7481 -13 582 0 0 1
-0.0879047 -0.366912 300 -0.0828011 0.00319696 7.63129 21.2851 -13 583 0 0 1
6.74665 8.24205 300 -0.00515499 -0.0243778 0.0447834 21.5547 11 583 1008 0 1
-1.00304 0.475135 300 -0.000233109 0.000129788 0.208018 223.029 -13 590 0 0 1
-0.0117342 0.165772 300 0.0340105 0.0214136 10.0537 25.661 -13 595 0 0 1
0.808882 0.00659214 300 -0.00201937 -0.0908388 4.8731 25.7654 -13 853 0 0 1
-0.070605 0.0653046 300 -0.00287741 0.00244146 11.4858 13.2364 -13 854 0 0 1
4.84314 2.85864 300 -nan -nan -nan 289.215 -13 864 0 0 1
0.0188296 -0.291169 300 -0.0504074 0.00807162 6.9351 29.255 -13 865 0 0 1
0.0660373 -0.114083 300 -0.00145305 -0.021143 14.5614 27.5802 -13 974 0 0 1
-0.169013 0.128061 300 0.0280355 -0.00200723 9.00006 29.5657 -13 978 0 0 1
-2.51032 0.823328 300 -0.0292972 0.0254228 0.0656323 26.7567 11 978 1003 0 1
0.137753 -0.0509512 300 -0.00808689 -0.0314784 12.0883 13.1115 -13 980 0 0 1
0.19561 0.0285181 300 -0.00815191 -0.0515105 14.4648 16.0482 -13 990 0 0 1
-0.0115206 0.198657 300 0.0366217 -0.0277077 10.8811 30.3551 -13 991 0 0 1
0.0365699 0.253159 300 0.0213504 0.00338795 13.0885 34.0748 -13 992 0 0 1
-0.0354648 0.0124272 300 0.0141286 0.00548318 12.8322 33.4555 -13 994 0 0 1
0.000904314 0.226462 300 -0.0183004 0.0305117 13.9136 20.0722 -13 995 0 0 1
-0.481562 0.330726 300 -0.066332 0.121073 8.46715 34.8017 -13 1000 0 0 1
-0.0720162 -0.113997 300 -0.028837 0.0163196 12.5788 31.0626 -13 2 0 0 1
-0.120826 -0.107401 300 -0.00819281 0.0388003 7.66901 36.0456 -13 6 0 0 1
-0.00229075 -0.0502423 300 -0.021797 0.0147383 12.0487 22.4073 -13 7 0 0 1
0.0160947 -0.0526569 300 0.0293393 -0.00368009 13.0876 37.2406 -13 18 0 0 1
-0.0348367 0.124487 300 0.0328277 0.0108399 14.4265 30.327 -13 21 0 0 1
-0.16643 -0.192188 300 -0.0572768 0.0407343 10.5347 12.0305 -13 22 0 0 1
0.0103013 0.0202589 300 0.0102601 0.0277472 8.33988 40.128 -13 24 0 0 1
-0.187762 -0.303328 300 -0.0532663 0.00338489 3.59393 54.3368 -13 33 0 0 1
-0.61925 -0.51553 300 -0.109931 0.0475377 9.91938 32.6947 -13 42 0 0 1
-0.051762 -0.0756955 300 -0.0211716 -0.00577861 8.32086 34.7074 -13 60 0 0 1
-0.0466914 -0.0166824 300 0.0097192 0.00422542 13.9538 23.4034 -13 61 0 0 1
-6.36988e-05 0.032753 300 0.01787 -0.0137697 8.92443 24.9253 -13 64 0 0 1
-0.035937 -0.343221 300 -0.0638308 -0.00929072 5.08574 25.9207 -13 65 0 0 1
-0.0738172 -0.0336415 300 -0.0168286 0.0316523 11.5376 22.0273 -13 67 0 0 1
0.038547 0.0399352 300 -0.00615388 -0.00316916 7.80892 41.746 -13 75 0 0 1
-0.247939 -0.237489 300 -0.0513849 -5.66648e-05 12.4123 34.4075 -13 76 0 0 1
0.715002 -0.0943582 300 0.043295 -0.0349359 0.0791075 34.1094 11 76 1003 0 1
-0.133642 0.198448 300 0.0942486 0.0443376 6.68021 43.8981 -13 92 0 0 1
0.0205271 -0.00721126 300 0.0165363 -0.00408642 9.85585 14.9345 -13 111 0 0 1
-0.103446 -0.10762 300 -0.0149381 0.0339982 13.2307 28.0066 -13 115 0 0 1
-0.0533758 0.170695 300 0.0180294 -0.00762271 10.3202 39.8809 -13 116 0 0 1
0.00426786 0.0822576 300 0.0130397 -0.0169277 11.5806 14.655 -13 117 0 0 1
0.0718977 -0.143412 300 -0.0800015 -0.0400765 10.9701 29.756 -13 119 0 0 1
0.399951 -0.441564 300 -0.14422 -0.0317013 7.93285 41.6797 -13 121 0 0 1
-0.119773 -0.11268 300 -0.0198194 0.0204083 9.06659 18.5795 -13 122 0 0 1
-0.0496135 -0.00554275 300 0.00385284 0.00595919 14.3396 30.7508 -13 159 0 0 1
-0.0535148 -0.0714416 300 -0.00660658 0.016287 14.2261 28.036 -13 164 0 0 1
-0.0281958 -0.316254 300 -0.0324502 0.0108465 12.3443 33.687 -13 165 0 0 1
-0.356008 -0.0780224 300 -0.060214 0.046526 11.0224 38.7227 -13 166 0 0 1
0.144017 0.0426645 300 -0.0152938 -0.015578 13.0639 34.9466 -13 169 0 0 1
-0.070168 -0.0410294 300 -0.0278384 -0.00750006 14.5143 29.7649 -13 171 0 0 1
0.113901 -0.03731 300 -0.00402176 -0.0166688 11.8729 24.0343 -13 172 0 0 1
-0.0546726 -0.0682156 300 -0.00452131 0.00309121 13.0664 9.72639 -13 173 0 0 1
-0.0599715 -0.0527264 300 0.00923162 0.020875 11.7064 38.8783 -13 196 0 0 1
-0.00550304 0.0255908 300 0.00619573 0.0060789 12.9431 22.968 -13 199 0 0 1
0.152616 -0.0848993 300 0.00762193 -0.0428912 12.0213 30.1648 -13 202 0 0 1
0.153994 -0.207866 300 0.00868967 -0.0441424 5.48588 28.5955 -13 204 0 0 1
0.116554 -0.053805 300 0.00627396 -0.0175847 9.24975 39.8732 -13 207 0 0 1
0.578344 -0.119791 300 -0.00549074 -0.0565571 3.43815 52.3109 -13 210 0 0 1
0.108097 -0.0699879 300 -0.0322724 -0.00287962 13.9532 9.39323 -13 212 0 0 1
0.0602319 0.121989 300 -0.0225218 -0.0119514 9.80982 29.4487 -13 214 0 0 1
0.363227 0.262326 300 0.0396602 -0.0107273 4.15582 39.1217 -13 215 0 0 1
0.0638519 0.0466468 300 -0.0179055 -0.00617522 9.90532 23.3552 -13 216 0 0 1
0.039277 0.0588606 300 0.030498 0.0155967 9.47705 24.6453 -13 217 0 0 1
0.0956059 0.372258 300 -0.0670512 0.0738168 5.28271 35.5133 -13 218 0 0 1
0.467161 0.095141 300 -0.00653523 -0.0936292 9.7325 21.6048 -13 219 0 0 1
0.0957247 0.117592 300 0.00704765 -0.0096715 13.3266 20.1491 -13 220 0 0 1
0.0707385 -0.043501 300 0.00841866 -0.0291085 8.68461 16.0573 -13 223 0 0 1
-0.0785472 -0.0390403 300 -0.0147053 0.00950166 6.25066 46.3113 -13 224 0 0 1
-0.0415056 0.0112939 300 -0.00543223 0.0101958 12.3534 29.8709 -13 225 0 0 1
-0.196105 -0.239162 300 0.0019926 0.0416871 10.0482 29.9513 -13 226 0 0 1
0.0215712 0.969569 300 0.0599729 0.00841484 0.0383694 30.7633 11 226 1003 0 1
-0.124746 -0.12968 300 -0.012219 0.0186221 12.6287 28.5233 -13 227 0 0 1
0.000246201 0.0146099 300 -0.0012001 0.00921598 9.51823 16.5966 -13 238 0 0 1
0.0255212 -0.0343073 300 0.0144822 0.0285266 12.7832 20.399 -13 239 0 0 1
0.0444917 -0.0939068 300 -0.00377905 -0.0544377 12.7349 14.0857 -13 240 0 0 1
3.94219 -0.633664 300 0.0121243 -0.0243514 0.0250608 17.2456 11 240 1005 0 1
0.023509 0.0236301 300 0.0106927 0.00298241 12.8382 10.8574 -13 241 0 0 1
0.095753 0.0541201 300 0.0216788 -0.0240896 8.36464 39.2829 -13 251 0 0 1
-0.174578 -0.0462329 300 -0.0139066 0.0321432 12.9866 16.1436 -13 252 0 0 1
0.157886 0.0252299 300 0.0182557 -0.0321784 11.7378 26.1683 -13 258 0 0 1
-0.00298114 0.00180153 300 0.00624357 0.00605321 14.4703 13.127 -13 259 0 0 1
0.151958 0.128319 300 0.031599 -0.0308561 13.8385 23.093 -13 261 0 0 1
0.115204 -0.193557 300 -0.0303422 0.00818666 10.5419 18.0378 -13 263 0 0 1
-0.00803491 -0.0506836 300 0.0148432 0.0186673 12.8074 32.3656 -13 265 0 0 1
0.134918 -0.00360713 300 0.0373065 -0.0071924 7.33848 42.2458 -13 271 0 0 1
-0.0151677 0.0238021 300 0.00793248 -0.0062823 14.4693 17.6486 -13 272 0 0 1
-0.0503287 -0.21978 300 -0.0162734 -0.00889655 8.14002 23.7881 -13 273 0 0 1
0.0353813 0.0848961 300 0.0113428 -0.0166252 12.618 35.8144 -13 274 0 0 1
0.0279571 -0.0696652 300 -0.0210665 0.0136466 11.5351 15.3279 -13 276 0 0 1
0.0936682 0.00672583 300 -2.63825e-05 -0.0136789 9.63539 36.4733 -13 277 0 0 1
-0.114837 -0.127553 300 -0.0162963 0.0135619 13.7555 20.8433 -13 278 0 0 1
-0.182092 -0.0623517 300 -0.00849065 0.0507875 6.30311 23.4564 -13 280 0 0 1
-0.583896 0.435941 300 0.082513 0.0672083 9.55424 34.8239 -13 282 0 0 1
0.14392 -0.0640741 300 -0.014133 -0.0647068 7.22899 28.6013 -13 284 0 0 1
-0.00840857 -0.0398937 300 -0.00282059 -0.0177352 6.82521 41.9181 -13 286 0 0 1
0.188885 -0.0952507 300 -0.0348846 0.00362682 11.9741 34.747 -13 288 0 0 1
-0.0611376 -0.0424807 300 -0.000971582 0.0279302 9.49319 29.1588 -13 289 0 0 1
-0.0842695 -0.128613 300 -0.0473651 0.00089979 9.12546 20.6721 -13 290 0 0 1
0.181844 -0.0328283 300 0.0105508 -0.0543016 6.96114 34.4147 -13 291 0 0 1
0.0950436 0.168059 300 0.0341677 -0.0345528 13.2598 11.6653 -13 292 0 0 1
0.137726 -0.0538236 300 -0.0279555 -0.0130351 13.8179 37.6182 -13 294 0 0 1
-0.124925 0.313719 300 0.10243 0.0539141 6.04223 32.9721 -13 296 0 0 1
-2.28918 1.22885 300 0.023707 0.00118678 0.0276551 32.9509 11 296 1008 0 1
0.00673499 0.0569962 300 0.0147727 0.00109136 12.194 21.8664 -13 299 0 0 1
-0.0055602 -0.142995 300 -0.0383963 -0.00397055 7.74334 31.3419 -13 304 0 0 1
0.00137866 0.100712 300 0.0356449 -0.00585168 9.72849 26.7776 -13 306 0 0 1
-0.0283833 0.038009 300 -0.0031204 0.0208988 12.3891 15.5403 -13 308 0 0 1
0.0152476 -0.135598 300 -0.0732933 0.00546752 9.58836 31.6429 -13 309 0 0 1
-0.0540228 -0.276427 300 -0.0584365 -0.0788719 5.76287 28.167 -13 310 0 0 1
0.00986852 -0.052709 300 -0.0134304 0.00760103 14.0093 25.1856 -13 311 0 0 1
0.0239854 0.0487333 300 -0.0176263 -0.00164412 13.0523 10.4405 -13 313 0 0 1
0.0690208 -0.140524 300 0.000839151 -0.0454842 13.8138 9.76384 -13 314 0 0 1
0.0803728 -0.041761 300 -0.0353492 -0.0185688 11.6344 13.4217 -13 315 0 0 1
-0.0284418 0.105255 300 0.0210938 0.0271856 9.11231 18.6235 -13 316 0 0 1
0.0129793 -0.274922 300 -0.0948961 0.0308266 2.745 43.9743 -13 317 0 0 1
0.0237009 0.18241 300 0.0299578 -0.00843817 9.94457 16.6906 -13 321 0 0 1
0.036098 0.135473 300 -0.0298781 -0.015555 0.0433314 16.6961 11 321 1005 0 1
-0.131015 -0.0446228 300 -0.052734 -0.0152094 12.7489 14.5404 -13 322 0 0 1
-0.105509 0.158084 300 0.0225842 0.00908336 10.7467 30.7306 -13 326 0 0 1
1.633 0.500622 300 0.0257314 -0.00732827 -0.0238335 38.8378 11 326 1004 0 1
-0.0619049 -0.0556829 300 -0.00459187 -0.0214034 12.4818 22.0693 -13 327 0 0 1
-0.149777 -0.200636 300 0.0100167 0.0142654 4.34784 45.2775 -13 328 0 0 1
-0.250658 -0.165632 300 -0.0258563 0.0561246 11.9764 31.5547 -13 329 0 0 1
-0.0269757 0.199417 300 0.0704784 0.00909145 9.00151 20.4513 -13 330 0 0 1
0.306144 0.272388 300 0.0366697 -0.00448217 5.64245 20.087 -13 331 0 0 1
0.155699 0.143892 300 0.0320774 -0.0185616 4.92527 27.7811 -13 332 0 0 1
0.0992681 -0.00397374 300 0.00836612 0.0228596 9.85761 22.5119 -13 333 0 0 1
-0.00755803 0.135698 300 0.0102654 0.00407155 12.8563 11.3479 -13 334 0 0 1
-0.028525 -0.0100154 300 -0.0135352 0.0119204 14.2557 29.0595 -13 335 0 0 1
-0.0983331 -0.050151 300 -0.114005 0.0280554 5.73509 32.6424 -13 336 0 0 1
0.111271 -0.0292868 300 -0.0199879 -0.0416103 13.7322 26.5853 -13 337 0 0 1
0.0968286 -0.104074 300 0.0288748 -0.0126296 9.66266 36.0021 -13 338 0 0 1
0.112766 -0.00645516 300 -0.00547276 -0.0334802 9.35469 40.5524 -13 339 0 0 1
0.00758608 0.0536673 300 -0.0399326 -0.0626598 1.64765 76.7423 -13 340 0 0 1
0.0513682 0.0298581 300 0.0752503 -0.0566727 12.4616 36.5573 -13 341 0 0 1
0.0418427 0.0502623 300 0.0353733 0.0237153 12.9539 22.4674 -13 531 0 0 1
-0.0344931 0.059557 300 0.0123052 0.000826064 13.85 37.3075 -13 532 0 0 1
-0.0824681 0.00705797 300 -0.00760077 0.00740779 9.1747 35.4784 -13 534 0 0 1
0.0518638 0.170203 300 0.0199034 0.0114115 9.84741 14.0313 -13 535 0 0 1
-0.256405 0.0413108 300 0.0273727 -0.019329 4.50999 37.9755 -13 537 0 0 1
0.0521306 0.00135708 300 -0.00297206 -0.00184298 14.4818 26.1038 -13 538 0 0 1
-0.212378 0.113099 300 -0.00609798 0.0322949 7.38893 36.6524 -13 541 0 0 1
0.0308221 -0.0377418 300 -0.141871 0.0115883 12.8253 12.5808 -13 542 0 0 1
0.112629 -0.363499 300 -0.0966348 -0.041989 4.92319 47.7114 -13 545 0 0 1
-0.0147963 -0.0250364 300 -0.0482 0.0504582 6.62423 36.1264 -13 546 0 0 1
-0.000798806 0.0141596 300 -0.00748072 0.0165909 10.6084 16.2843 -13 551 0 0 1
0.749673 0.344008 300 0.000286358 -0.000550958 0.223312 293.731 -13 558 0 0 1
0.152373 -0.054476 300 0.0044584 0.00145938 14.2301 13.3436 -13 565 0 0 1
-0.0933283 -0.0100883 300 -0.0485951 0.0502638 7.05105 35.3035 -13 803 0 0 1
0.225664 -0.0458887 300 0.0183737 -0.03931 13.0135 16.269 -13 804 0 0 1
-0.330408 -0.575395 300 -0.1141 -0.0280335 9.63385 22.3599 -13 814 0 0 1
0.0371753 -0.00835206 300 0.00554001 -0.0178192 11.668 37.0442 -13 815 0 0 1
0.735982 0.0527176 300 0.0250121 -0.101168 11.4828 38.6221 -13 818 0 0 1
-0.0583747 0.146937 300 0.0233592 0.0208755 13.3985 15.2423 -13 820 0 0 1
-0.0214785 0.0360598 300 0.00428544 0.00340885 11.6979 38.1936 -13 822 0 0 1
0.0907681 -0.0566778 300 -0.0110839 -0.00465428 14.5626 28.7357 -13 824 0 0 1
0.292948 0.110186 300 -0.0112175 0.0259307 3.96705 55.2523 -13 827 0 0 1
0.137209 -0.14626 300 -0.0592655 -0.0587035 8.64914 39.5027 -13 828 0 0 1
-0.335489 -0.075424 300 -0.00273238 0.09057 10.0792 37.4998 -13 829 0 0 1
0.0562244 0.0587958 300 0.0264661 0.00335355 14.0855 37.1245 -13 830 0 0 1
0.214035 0.191173 300 0.00221695 -0.0382606 8.43602 20.0641 -13 831 0 0 1
0.023659 0.0321168 300 0.0142456 -0.00960014 13.799 21.8432 -13 832 0 0 1
-0.693232 -0.331508 300 -0.045743 0.103203 4.75107 49.8692 -13 848 0 0 1
1.03757 -0.468109 300 0.00103725 0.000548055 1.08274 303.499 -13 856 0 0 1
-0.0322994 -0.00768504 300 0.00995788 0.011696 12.9626 20.3921 -13 859 0 0 1
-0.161199 -0.177652 300 -0.0286355 0.0236481 9.20796 32.8256 -13 869 0 0 1
-0.100301 -0.144454 300 -0.0350841 0.0149279 12.3769 24.2999 -13 870 0 0 1
0.094436 0.0084561 300 -0.0262998 -0.0359679 13.742 30.4814 -13 871 0 0 1
-0.196513 -0.670002 300 -0.178589 0.107114 5.25502 40.9045 -13 872 0 0 1
0.247567 0.146343 300 -0.0247165 0.0109033 4.62 28.9429 -13 873 0 0 1
-0.166908 -0.0816505 300 -0.00961468 0.0321621 4.90576 35.1653 -13 874 0 0 1
0.220901 0.0141047 300 0.032593 -0.051629 3.43684 32.244 -13 875 0 0 1
-0.0567848 0.156788 300 0.0458213 0.00758395 11.7832 21.2261 -13 876 0 0 1
-0.04063 0.152258 300 0.0300899 0.0153046 9.19243 34.97 -13 877 0 0 1
0.919592 1.05891 300 0.00457226 -0.0153405 0.0663287 34.7246 11 877 1005 0 1
-0.811463 -0.891448 300 -nan -nan -nan 305.349 -13 878 0 0 1
-0.1663 0.158202 300 0.0319272 0.0543144 8.50137 19.6606 -13 886 0 0 1
0.0130397 -0.161912 300 0.00693181 -0.0127337 10.4343 13.3389 -13 14 0 0 1
-0.0584927 0.164712 300 0.06997 -0.00835807 5.28367 39.4623 -13 15 0 0 1
-0.0949715 -0.0123151 300 -0.00100624 0.021813 11.7819 38.6795 -13 23 0 0 1
0.0146352 0.0494983 300 0.0195567 0.0450444 10.938 30.6462 -13 40 0 0 1
-0.00308005 -0.0304096 300 -0.0118489 0.0335931 8.91013 15.4061 -13 41 0 0 1
0.135721 0.0971094 300 0.022085 -0.0173098 10.8675 34.7361 -13 45 0 0 1
0.0641594 0.0264932 300 0.0313588 -0.0186763 10.3973 30.0583 -13 55 0 0 1
0.199991 -0.00348897 300 -0.0162318 -0.0390727 6.70551 24.8393 -13 90 0 0 1
-0.0170812 0.0229799 300 0.000321087 -0.0158143 7.15775 42.5026 -13 91 0 0 1
-0.0799444 0.0437223 300 0.0112345 0.0295712 10.7852 21.9959 -13 95 0 0 1
-0.176011 -0.0332278 300 -0.0141777 0.0226212 14.0167 13.1717 -13 99 0 0 1
-0.152201 0.158711 300 0.00736398 0.0195529 9.60938 24.3926 -13 104 0 0 1
0.0877534 0.336271 300 0.062771 0.00259803 8.8332 19.1343 -13 105 0 0 1
0.199 0.123415 300 0.0364126 -0.0353839 7.69512 18.1493 -13 112 0 0 1
-0.0186625 0.0696258 300 -0.00378501 0.0339595 11.9653 19.5021 -13 113 0 0 1
0.0298895 0.105502 300 0.031452 0.0182495 8.07644 20.237 -13 114 0 0 1
0.0162382 0.0465067 300 0.00265306 -0.0477804 12.9963 23.8323 -13 124 0 0 1
0.101953 0.100076 300 0.0397819 -0.0286405 11.5028 29.3303 -13 139 0 0 1
0.0233298 0.125984 300 0.0217659 -0.00383919 14.3938 28.4125 -13 144 0 0 1
-0.0698905 -0.478911 300 -0.0896032 -0.0540629 9.23733 22.543 -13 146 0 0 1
0.0628818 0.338983 300 0.0493327 -0.0353008 11.2441 25.1223 -13 147 0 0 1
-0.047195 -0.0685698 300 -0.00986025 -0.0126105 9.88957 16.0964 -13 167 0 0 1
-0.103144 0.122489 300 0.0499416 0.00718661 11.3553 10.7277 -13 168 0 0 1
3.08996 3.14713 300 -0.0186999 0.0555184 0.0689155 9.47915 11 168 1001 0 1
-0.255031 0.00546919 300 -0.0195132 0.0603127 8.94964 31.2407 -13 170 0 0 1
-nan -nan -nan -nan -nan -nan -nan -13 193 0 0 1
-0.00330795 0.0584721 300 -0.00193928 0.00775553 12.3332 13.5711 -13 198 0 0 1
0.114521 0.0681804 300 0.0079542 -0.0162925 13.2563 14.8612 -13 344 0 0 1
0.084733 -0.0481594 300 -0.00496408 0.0139713 9.73414 12.0841 -13 345 0 0 1
-0.0531373 0.0540023 300 0.0167874 0.00764401 13.4619 23.4939 -13 346 0 0 1
0.12597 0.289482 300 -0.0466571 -0.234648 0.76772 294.764 -13 353 0 0 1
-0.0623778 -0.0555171 300 -0.000650921 0.0333288 10.8677 37.5206 -13 354 0 0 1
0.174081 -0.628948 300 -0.101869 -0.0809399 6.09883 37.1408 -13 368 0 0 1
0.0902711 -0.0658993 300 0.01155 -0.00929931 14.208 17.0913 -13 373 0 0 1
-0.180075 0.256053 300 0.0571358 0.0238357 5.05488 27.262 -13 374 0 0 1
0.0391364 0.536453 300 0.0960562 0.0420144 6.60356 29.3179 -13 376 0 0 1
-0.0327228 -0.0734298 300 0.00416018 -0.0253151 10.5277 20.6664 -13 377 0 0 1
0.467408 -0.237923 300 0.102683 -0.00754097 1.35523 55.0705 -13 378 0 0 1
0.0414496 -0.239239 300 -0.0110761 -0.0553536 7.43601 17.7897 -13 379 0 0 1
4.27326 -0.964976 300 -0.00481056 -0.0378695 0.034106 17.9114 11 379 1005 0 1
-0.0231159 0.116903 300 -0.00924814 -0.0123589 4.96421 29.1445 -13 605 0 0 1
-0.128375 -0.130498 300 -0.00871283 0.00754049 11.8839 14.2204 -13 609 0 0 1
0.114705 0.0457119 300 -0.0221317 -0.0262354 7.87447 25.7092 -13 612 0 0 1
0.178831 -0.0110489 300 -0.0104394 -0.0420183 12.4629 23.3728 -13 613 0 0 1
-0.0388361 0.0573601 300 -0.00807811 0.0344673 12.1258 11.4392 -13 614 0 0 1
-0.129456 -1.03252 300 -0.113816 0.174983 3.82412 44.6491 -13 615 0 0 1
0.0752197 0.0628386 300 0.0310775 -0.000125513 3.93677 51.9476 -13 616 0 0 1
0.0645201 -0.0416649 300 5.42495e-05 0.00507529 8.12249 33.1794 -13 618 0 0 1
0.0147199 0.090766 300 0.00431318 -0.0205579 12.3682 28.5791 -13 620 0 0 1
-0.122487 0.242652 300 -0.0289487 0.115345 11.1663 37.9171 -13 622 0 0 1
-0.156644 0.0202106 300 0.00549281 0.0379555 9.74184 25.467 -13 623 0 0 1
-0.00850394 0.0849462 300 -0.00528202 0.00660872 14.1775 9.12752 -13 624 0 0 1
0.285112 -0.151321 300 -0.0389664 -0.0209621 9.09551 27.922 -13 625 0 0 1
-1.90832 0.189468 300 -0.0132481 0.0334184 0.060145 26.2072 11 625 1002 0 1
-0.429015 0.368703 300 0.0566115 0.0810014 6.07001 26.0345 -13 626 0 0 1
-3.05119 -4.87387 300 0.0116392 0.00878002 0.0302517 26.4854 11 626 1004 0 1
0.0484564 -0.0165255 300 -0.0234479 -0.0342728 14.0798 20.1797 -13 632 0 0 1
0.0631127 -0.0254376 300 0.0108272 -0.00490788 8.37628 21.3929 -13 633 0 0 1
-0.647205 -0.24149 300 -0.0125484 0.0919395 4.87586 24.8109 -13 634 0 0 1
0.12394 -0.13929 300 -0.0268897 -0.00388272 8.0717 30.8301 -13 635 0 0 1
-0.00441977 -0.0680864 300 -0.0409843 -0.0334132 14.1407 15.2093 -13 636 0 0 1
-0.157847 -0.11248 300 -0.0396754 0.0498833 8.00169 35.5198 -13 637 0 0 1
0.359568 0.141284 300 -0.0431302 -0.0818807 12.7137 24.617 -13 638 0 0 1
-0.0358211 -0.00354028 300 -0.0044524 0.0178565 14.0045 13.4482 -13 639 0 0 1
-0.193865 0.0447781 300 0.022568 0.000608739 10.9033 11.2621 -13 640 0 0 1
0.421482 -0.164457 300 0.0734021 -0.0583498 4.529 33.6547 -13 641 0 0 1
-0.096679 -0.0101501 300 -0.0343874 0.0216789 7.18313 38.1931 -13 642 0 0 1
-0.0299032 -0.0535885 300 -0.0151204 0.0464826 11.0573 10.6546 -13 643 0 0 1
-0.00321796 -0.0324795 300 -0.00811109 -0.0134822 13.7682 25.0726 -13 646 0 0 1
0.141567 -0.170626 300 -0.0272426 0.0112754 6.33247 27.4321 -13 649 0 0 1
0.0759329 0.0495583 300 0.0089415 -0.00465076 13.5345 12.362 -13 650 0 0 1
0.218564 0.130312 300 0.0488557 -0.0227398 10.5028 36.5789 -13 652 0 0 1
0.0288763 -0.0117977 300 0.00567711 0.0169039 11.9866 26.8529 -13 653 0 0 1
0.159129 0.0256053 300 0.0183482 -0.0323151 14.3642 30.0069 -13 655 0 0 1
-0.25743 0.139638 300 -0.00596193 0.0189169 9.58993 27.6056 -13 656 0 0 1
0.034031 0.121175 300 0.0229619 -0.0174079 8.0137 35.524 -13 657 0 0 1
-0.121091 -0.0735859 300 -0.0124214 0.00489749 14.4608 21.5894 -13 659 0 0 1
-0.088015 0.0593624 300 -0.0292033 0.0363009 8.21057 42.4236 -13 664 0 0 1
-0.0593766 -0.00617726 300 0.00199814 0.0162311 13.5854 25.4202 -13 670 0 0 1
-0.0877012 -0.274383 300 0.0458129 0.130717 1.39025 67.8485 -13 672 0 0 1
0.150691 -0.199996 300 -0.0369866 0.00286337 4.00013 40.0287 -13 673 0 0 1
-0.0301441 -0.107157 300 -0.00792261 -0.00631542 12.5572 38.1368 -13 674 0 0 1
0.0547156 -0.0243722 300 -0.00507697 -0.0182153 12.9071 34.6758 -13 676 0 0 1
0.0654612 0.00118019 300 -0.0217943 -0.0181378 9.41146 27.3945 -13 678 0 0 1
0.145585 -0.303018 300 -0.0475001 -0.0220784 8.13937 26.1602 -13 679 0 0 1
-0.172399 -0.0513021 300 -0.00259854 0.0317617 9.27859 30.4082 -13 680 0 0 1
0.0406715 -0.0516069 300 -0.0133758 -0.0145829 14.0707 10.6908 -13 681 0 0 1
0.00724556 0.0861665 300 0.0206578 0.0129801 13.2683 9.50689 -13 682 0 0 1
0.00907948 0.0444817 300 0.0254561 0.0349986 13.0034 33.4863 -13 683 0 0 1
0.40289 0.0187891 300 -0.0208562 -0.0682447 8.59952 29.1554 -13 684 0 0 1
1.48616 1.4815 300 -0.0229613 -0.0254386 0.0342434 29.5627 11 684 1002 0 1
-0.0140235 0.0782205 300 0.03126 0.0190473 12.3227 26.0504 -13 691 0 0 1
0.665684 0.375067 300 -0.0820762 -0.124902 6.68881 29.8554 -13 696 0 0 1
-0.0908682 0.0596264 300 -0.0157023 0.00932155 10.0306 29.4347 -13 697 0 0 1
-0.0429115 -0.154849 300 -0.0669323 0.0286184 13.3397 32.0695 -13 699 0 0 1
0.178573 0.0402617 300 0.0384697 -0.0206335 12.2951 34.3542 -13 702 0 0 1
-0.0856335 0.264537 300 0.0328388 0.0492577 9.4096 20.3719 -13 704 0 0 1
-0.0593019 -0.138017 300 -0.00996692 0.00313896 10.1141 17.4974 -13 705 0 0 1
-0.153138 0.113039 300 0.00845981 0.00665142 9.58635 26.9502 -13 706 0 0 1
0.048743 0.192761 300 0.00645783 -0.0366768 13.8497 9.46776 -13 707 0 0 1
-5.17171 0.704514 300 0.0178252 -0.0209764 0.0254931 15.5287 11 707 1002 0 1
-5.23965 0.778987 300 0.0286401 -0.0149873 -0.0114173 17.4882 11 707 1002 0 1
-0.0119048 0.25411 300 0.0850311 0.074824 10.544 28.5078 -13 708 0 0 1
0.236089 -0.254361 300 0.0343251 -0.0988264 3.79163 41.3243 -13 709 0 0 1
-0.1336 -0.0148878 300 0.00363768 0.0227369 14.1662 9.55077 -13 711 0 0 1
-0.00828653 0.0157377 300 -0.0165364 -0.00937087 12.3803 38.3074 -13 715 0 0 1
0.0831661 0.0939757 300 0.0629971 -0.0206081 13.1218 29.0928 -13 716 0 0 1
-0.162119 0.0818811 300 -0.010755 -0.0017858 8.70727 20.57 -13 718 0 0 1
-0.0568129 0.0530819 300 0.0371185 -0.045571 10.6677 18.9784 -13 719 0 0 1
-0.0970207 0.324812 300 0.0313145 0.0913905 11.2858 38.3831 -13 720 0 0 1
-0.0986627 0.304664 300 0.0569355 0.00564002 9.68629 37.0734 -13 721 0 0 1
-0.00904809 -0.321845 300 -0.0502602 0.0386724 5.1059 31.3133 -13 722 0 0 1
0.409978 0.144292 300 0.0692982 -0.0507108 4.95168 43.6816 -13 724 0 0 1
-0.0683485 -0.129407 300 -0.0364631 0.0154124 5.43466 30.5903 -13 729 0 0 1
0.0717923 0.0916109 300 -0.00354529 -0.0164289 10.9876 26.7799 -13 735 0 0 1
0.272059 -0.288328 300 -0.0735544 -0.0162745 8.26047 33.5807 -13 737 0 0 1
-0.0823642 0.217167 300 0.00437829 0.0059515 13.0424 32.2024 -13 740 0 0 1
2.0914 -2.16906 300 -0.864703 0.20255 2.99012 39.9259 -13 744 0 0 1
0.0953141 -0.0282578 300 -0.00921189 0.0166986 11.5047 24.395 -13 745 0 0 1
-0.15348 -0.154298 300 -0.0334203 0.0140506 10.4554 32.2834 -13 750 0 0 1
0.217682 -0.0570355 300 -0.0028362 -0.0117888 6.60374 20.7677 -13 752 0 0 1
-0.449174 -0.181621 300 -0.0356816 0.0698861 10.8116 13.0413 -13 753 0 0 1
-0.41891 -0.425036 300 0.00393916 0.103799 8.10352 33.9004 -13 760 0 0 1
-0.0368313 0.103626 300 0.0264309 0.0110611 6.41781 23.8849 -13 761 0 0 1
0.110913 -0.385598 300 -0.0712892 -0.0178483 13.8736 36.4845 -13 762 0 0 1
0.0497968 0.0556937 300 0.0116576 -0.0163463 13.4053 12.0826 -13 774 0 0 1
0.0452881 0.114281 300 0.0144401 -0.00816225 11.854 21.0956 -13 776 0 0 1
0.00646495 0.0572291 300 0.0206782 0.0324082 9.56969 16.1315 -13 780 0 0 1
-0.251142 -0.407768 300 -0.0608461 0.0577294 11.6505 14.0501 -13 781 0 0 1
0.0480449 -0.0194281 300 -0.000689335 -0.000524015 10.0725 14.4979 -13 782 0 0 1
0.283801 0.288608 300 0.0532787 -0.0274513 6.98264 32.2625 -13 783 0 0 1
0.000619531 -0.0183174 300 -0.0241049 -0.0212367 6.91687 18.4941 -13 784 0 0 1
-0.113823 0.133892 300 0.00880677 0.0545924 5.08401 35.586 -13 785 0 0 1
0.059152 0.135116 300 -0.0101299 0.0135281 9.58969 30.4891 -13 786 0 0 1
-0.248485 -0.0157288 300 -0.0281758 0.01611 8.93312 29.1318 -13 787 0 0 1
0.0915452 -0.0845267 300 -0.0219896 -0.031983 12.3587 27.3339 -13 788 0 0 1
0.086662 0.0557437 300 0.00775425 0.00176991 14.169 23.1784 -13 789 0 0 1
-0.173985 0.14073 300 -0.0423752 0.0249677 9.95483 38.1344 -13 790 0 0 1
-0.99857 0.188141 300 -0.00986795 0.0839925 5.00321 45.9822 -13 791 0 0 1
-0.175678 0.0109116 300 0.00318534 0.076974 11.7815 37.7452 -13 792 0 0 1
0.0257535 -0.0422534 300 -0.00579211 -0.0125128 11.4313 26.7836 -13 793 0 0 1
-0.109258 0.0387764 300 -0.0187518 0.0109545 11.4989 18.2465 -13 795 0 0 1
-0.325804 0.124661 300 0.0137754 0.0472934 14.0119 32.8883 -13 797 0 0 1
-0.0730573 -0.00133664 300 0.00475511 0.0112725 13.7168 33.3554 -13 798 0 0 1
-0.0835145 0.0560931 300 0.045796 0.0424763 9.39229 41.1519 -13 799 0 0 1
0.150044 0.211398 300 0.049724 -0.0109272 13.554 10.7717 -13 800 0 0 1
0.334545 0.00870243 300 0.0494235 -0.0419667 5.79734 23.5884 -13 801 0 0 1
0.353088 -0.0722604 300 0.00417403 0.00205433 12.5472 35.9215 -13 805 0 0 1
1.04015 0.0225158 300 0.00927637 0.0481221 0.0286373 38.401 11 805 1003 0 1
0.0157443 -0.166775 300 -0.0135013 -0.0372241 7.6089 27.7584 -13 826 0 0 1
-0.153666 0.189179 300 0.0132634 0.021908 7.86463 41.8527 -13 835 0 0 1
0.0211291 0.14069 300 0.0178095 -0.00259832 12.8374 25.6652 -13 838 0 0 1
-0.0905382 -0.142039 300 -0.00848965 -0.00151695 4.3316 47.9673 -13 844 0 0 1
0.0844103 -0.109265 300 -0.0182781 -0.0136127 12.3034 25.8504 -13 846 0 0 1
0.0202527 0.0879271 300 0.0243535 -0.0220491 8.90268 20.4189 -13 851 0 0 1
-0.169469 -0.187174 300 0.0187631 0.0363353 1.7154 69.3551 -13 852 0 0 1
-0.0579171 -0.0533608 300 -0.0161397 0.000671228 11.5661 33.3033 -13 855 0 0 1
0.0278895 0.0376127 300 0.0212224 0.0100071 13.7696 36.7719 -13 973 0 0 1
-0.160991 0.0363834 300 0.0104809 0.0258598 10.2926 30.7916 -13 975 0 0 1
0.135367 0.233909 300 0.0496508 -0.0218176 6.75012 22.5254 -13 976 0 0 1
-0.00484927 -0.0542696 300 -0.00904393 -0.0116847 13.7268 26.9356 -13 979 0 0 1
0.110799 -0.0461704 300 0.0175794 -0.0171602 9.69898 12.2657 -13 981 0 0 1
-0.092984 -0.0591734 300 -0.0250893 0.0174714 13.6267 21.1035 -13 982 0 0 1
0.0373029 0.324362 300 -0.117747 -0.0878447 5.70613 42.658 -13 983 0 0 1
-0.0858663 -0.0940811 300 -0.0540405 -0.0157285 10.0924 13.6437 -13 984 0 0 1
-0.0484033 0.104934 300 -0.000476383 0.0135637 11.2645 25.2866 -13 985 0 0 1
-0.0184113 0.191908 300 0.0309849 0.00999542 8.41236 31.878 -13 986 0 0 1
0.0208041 0.0520592 300 0.010426 -0.0048956 14.2431 32.5776 -13 987 0 0 1
-0.0230248 0.161793 300 0.0189378 0.047517 6.67549 38.2016 -13 988 0 0 1
0.162498 0.126763 300 -0.0315224 0.0129399 2.96138 52.1697 -13 989 0 0 1
-0.0489063 -0.0266245 300 0.0128112 0.0225111 11.2845 38.9278 -13 993 0 0 1
-0.139028 -0.0167582 300 -0.00851789 0.0172503 13.044 33.9073 -13 996 0 0 1
0.0420909 -0.0775673 300 -0.010989 -0.00479158 14.5228 16.5984 -13 997 0 0 1
0.0282832 -0.0370013 300 -0.00616654 -0.0160975 10.2674 36.0011 -13 998 0 0 1
-0.182911 0.00338953 300 -0.0103135 -0.00461071 7.40461 19.8005 -13 999 0 0 1
-0.293554 0.296022 300 0.034528 0.0321494 5.21513 35.2185 -13 8 0 0 1
0.00266841 0.054591 300 0.00499935 0.00201879 11.8222 13.1454 -13 12 0 0 1
0.00815016 0.0091279 300 -0.0137266 -0.000137195 8.49257 23.0828 -13 27 0 0 1
0.0906337 -0.0208647 300 -0.00588933 0.00562972 11.5837 37.1627 -13 28 0 0 1
-0.226574 -0.117312 300 0.0706166 0.0437185 5.13369 25.2285 -13 46 0 0 1
0.0679741 0.0291662 300 -0.0109889 -0.0246729 11.4238 17.7685 -13 47 0 0 1
-0.0613944 -0.169369 300 -0.0433658 0.0288643 8.24795 14.7308 -13 53 0 0 1
0.0495322 -0.118836 300 -0.0149161 0.0114444 14.1285 16.8057 -13 56 0 0 1
-0.495166 0.363944 300 -0.0376589 0.0771336 8.21503 39.2918 -13 77 0 0 1
0.36848 0.0252965 300 0.0178604 -0.0146153 8.53082 21.1947 -13 88 0 0 1
-0.0794048 0.12867 300 0.032907 -0.00286854 7.72204 39.9107 -13 93 0 0 1
0.114702 0.196459 300 0.00374912 -0.0110032 2.71359 42.8238 -13 96 0 0 1
0.157516 0.010943 300 0.0300732 -0.0265507 12.328 9.94489 -13 100 0 0 1
-0.0771402 0.00612789 300 0.00949113 0.0138965 11.4797 36.1492 -13 125 0 0 1
0.242767 0.0781166 300 0.043294 -0.0146277 9.67077 17.2873 -13 127 0 0 1
0.0297681 -0.189722 300 -0.0350676 0.0188275 13.3661 12.6568 -13 135 0 0 1
-0.269198 0.00949839 300 0.0205888 0.0775893 7.42154 27.9693 -13 148 0 0 1
0.0946466 -0.323042 300 -0.0313925 -0.00343547 7.04447 24.0498 -13 149 0 0 1
-0.0859566 0.044767 300 -0.017184 0.00344947 9.80777 34.9424 -13 174 0 0 1
-0.0973214 -0.0644517 300 -0.0235013 -0.00115195 10.7904 24.5975 -13 176 0 0 1
-0.0441409 0.220387 300 0.0488508 -0.0243235 3.63427 35.111 -13 177 0 0 1
-0.341684 -0.127914 300 -0.0324936 0.0463293 5.65467 35.7151 -13 179 0 0 1
-0.0637357 -0.0431848 300 -0.0391997 0.051295 5.86413 19.6944 -13 189 0 0 1
3.75112 2.42555 300 -0.0266155 -0.00875926 0.0311057 18.2826 11 189 1007 0 1
-0.046328 -0.399827 300 -0.161299 0.020382 1.99712 63.1744 -13 208 0 0 1
-0.0893552 0.168735 300 0.0308331 0.0094005 8.98708 41.1633 -13 213 0 0 1
0.150056 -0.0268801 300 -0.000256847 -0.0586173 10.9277 26.436 -13 242 0 0 1
0.258385 -0.0748719 300 0.00268111 -0.0397463 13.8065 35.9227 -13 243 0 0 1
-0.862255 -0.206628 300 -0.0116464 0.116049 8.71345 36.0519 -13 244 0 0 1
-0.129225 0.281437 300 0.0453697 0.0331293 8.12031 22.4001 -13 246 0 0 1
-0.0312784 0.0406579 300 0.0383722 -0.0361374 11.8233 36.8069 -13 248 0 0 1
-0.538808 -0.0137534 300 0.0278351 -0.0254087 0.0336605 37.132 11 248 1001 0 1
0.247963 -0.823041 300 -0.0231862 -0.000232294 -0.0382234 41.6571 11 248 1001 0 1
-0.0214222 -0.0861348 300 -0.0252748 -0.0240341 10.3591 30.0676 -13 250 0 0 1
-0.000559244 0.156049 300 0.037816 0.00513501 12.2559 9.8032 -13 256 0 0 1
-0.136362 -0.122108 300 -0.0751454 0.0361929 11.2834 20.9454 -13 257 0 0 1
-0.0351766 -0.0113386 300 -0.0220626 0.0369832 12.9545 27.8291 -13 262 0 0 1
-0.661536 -0.265084 300 -0.0139808 0.119977 3.55129 52.9397 -13 264 0 0 1
-0.394166 0.0201071 300 -0.0041108 -0.0366307 -0.166753 542.425 11 264 1016 0 1
-0.0418198 -0.0527594 300 -0.0292523 -0.00492142 11.3329 34.2648 -13 266 0 0 1
-0.0638771 -0.0476031 300 -0.0107158 0.00558024 11.9924 14.0418 -13 297 0 0 1
-1.93134 -0.535957 300 -0.594161 0.103834 3.44557 56.7577 -13 300 0 0 1
-0.148031 -0.0435425 300 0.00194562 0.0132505 8.25835 39.755 -13 301 0 0 1
0.0298609 0.249165 300 0.0335024 0.00091127 11.6552 22.5465 -13 303 0 0 1
0.120084 0.185008 300 0.00281164 -0.0424845 11.0667 20.1655 -13 305 0 0 1
0.0707493 -0.444451 300 -0.10477 0.00665076 4.42957 35.1425 -13 307 0 0 1
-3.11681 1.41203 300 -0.000413148 0.000930153 0.00446538 34.8683 11 307 1011 0 1
0.0610281 -0.00786001 300 0.00339041 0.0113446 12.1706 16.1773 -13 312 0 0 1
0.0494686 -0.0633275 300 0.0227144 -0.00590834 6.1371 23.2692 -13 318 0 0 1
-0.216702 0.0870959 300 -0.0324178 -0.0262725 1.02179 296.992 -13 319 0 0 1
-0.122048 0.146949 300 0.0187706 0.0260446 13.8118 13.9202 -13 320 0 0 1
-0.00453303 0.283171 300 0.0362075 -0.0397343 6.17831 25.133 -13 323 0 0 1
-0.3582 0.233411 300 0.0457926 0.133547 1.71041 71.8804 -13 324 0 0 1
0.220497 0.119864 300 0.00174467 -0.0467485 11.4541 36.5404 -13 325 0 0 1
0.216705 0.143188 300 -0.00298494 0.0153555 8.00911 22.5391 -13 459 0 0 1
-0.178864 0.19311 300 -0.00468501 0.0406241 10.5648 13.6645 -13 460 0 0 1
-0.0596138 -0.023799 300 -0.0934246 0.0846918 4.04878 53.9222 -13 464 0 0 1
-0.514541 -0.717722 300 -0.145176 0.0534281 1.58992 55.7359 -13 471 0 0 1
0.184826 -0.30114 300 -0.0224286 -0.00950279 5.46583 21.7911 -13 473 0 0 1
0.200989 -0.405437 300 -0.0525452 -0.118036 3.39886 53.6172 -13 728 0 0 1
-0.0447354 -0.0368488 300 -0.0354877 -0.0128384 11.1766 17.1221 -13 730 0 0 1
-0.239978 0.0537815 300 -0.0254336 -0.00502409 7.91165 17.7893 -13 734 0 0 1
-0.113522 -0.169343 300 -0.0638375 0.026053 10.986 19.7286 -13 736 0 0 1
0.249933 0.0157856 300 0.0154051 -0.0185134 8.43097 35.9992 -13 738 0 0 1
-0.0262789 -0.0668337 300 0.00860129 -0.0036425 11.9055 29.9636 -13 739 0 0 1
-0.0369636 -0.208942 300 -0.0343094 -0.00582968 8.69816 32.0462 -13 741 0 0 1
-0.0355745 0.164402 300 0.0305433 0.0293022 4.22541 48.3068 -13 742 0 0 1
0.112347 0.0734916 300 0.014083 0.0317068 8.33971 14.9021 -13 743 0 0 1
0.184449 -0.0864361 300 -0.0297173 -0.0222195 8.5684 38.6695 -13 746 0 0 1
-0.00364453 0.0489945 300 0.0322457 0.0237798 11.8528 32.181 -13 747 0 0 1
-0.146539 -0.0612832 300 0.0237614 0.0300951 10.5717 27.5035 -13 748 0 0 1
-0.109756 0.00529323 300 -0.0152329 -0.00842007 12.1188 10.672 -13 749 0 0 1
-0.109245 -0.0183563 300 -0.0178937 0.071066 11.1274 34.1588 -13 751 0 0 1
-0.0995132 -0.0250142 300 0.0466285 0.0464262 8.6873 38.1055 -13 754 0 0 1
-0.157059 -0.137989 300 -0.0171002 0.0250347 7.95416 21.1038 -13 755 0 0 1
0.0953398 0.0096883 300 0.0156235 -0.0419803 5.46116 31.6562 -13 756 0 0 1
-0.00541732 -0.134349 300 -0.00834306 -0.0442386 7.2173 27.66 -13 757 0 0 1
-5.66702 1.65987 300 -0.0133985 -0.0144859 0.0578727 25.6162 11 757 1005 0 1
0.0922884 -0.0449212 300 -0.00747019 0.0237602 7.97165 16.3898 -13 758 0 0 1
0.0297364 -0.027275 300 0.00190813 -0.0106537 12.6539 38.0724 -13 767 0 0 1
0.00442586 0.00474948 300 0.0230472 -0.0126151 10.9103 16.3874 -13 771 0 0 1
-0.10179 -0.0430965 300 0.00617284 0.014371 11.4373 14.6456 -13 773 0 0 1
-0.227968 -0.280506 300 -0.0470003 0.0187227 8.54242 31.5248 -13 778 0 0 1
0.708545 -0.275335 300 -0.0131552 0.0255596 0.0452368 31.5403 11 778 1004 0 1
0.763246 -4.03976 300 -0.0206584 -0.0102919 0.0297532 33.5558 11 778 1005 0 1
0.0576853 0.0316549 300 -0.0138726 0.00560843 12.9454 9.28172 -13 779 0 0 1
-0.187825 0.00192453 300 -0.0582033 0.00606022 7.48504 27.1342 -13 794 0 0 1
-0.334028 0.236768 300 -0.194602 0.0374777 8.88655 35.2882 -13 796 0 0 1
0.482828 -0.506205 300 -0.153719 -0.0373543 3.17393 39.8448 -13 806 0 0 1
-0.047786 0.118758 300 0.024243 -0.026327 13.6496 18.8721 -13 807 0 0 1
-0.216433 0.386501 300 0.0723685 0.0116923 7.07981 25.1466 -13 808 0 0 1
-0.0661692 0.028857 300 0.00540288 -0.000193167 14.3085 21.653 -13 809 0 0 1
-0.0365136 -0.246262 300 -0.0148214 0.0145964 6.26186 44.1787 -13 819 0 0 1
0.240677 0.0786715 300 0.0500501 0.000185284 8.47592 16.8527 -13 821 0 0 1
0.0336867 0.122288 300 0.0337192 0.00734286 12.6143 32.1362 -13 823 0 0 1
-0.0121079 -0.313499 300 -0.0307366 0.0486477 10.8134 19.5234 -13 837 0 0 1
0.151035 0.104586 300 -0.046965 0.0120059 9.87748 32.8857 -13 840 0 0 1
0.883004 -0.392879 300 0.0916168 -0.178787 8.31471 20.4042 -13 843 0 0 1
0.0285069 -0.110976 300 -0.0293829 -0.0101461 13.4929 17.4281 -13 845 0 0 1
-0.00869674 -0.310593 300 -0.0507168 -0.0138462 4.74784 32.0403 -13 847 0 0 1
-0.112292 -0.0632022 300 -0.0266911 0.0603375 9.58175 13.9355 -13 849 0 0 1
-0.0901864 0.00976603 300 0.00876404 -0.023073 0.0466213 13.9438 11 849 1004 0 1
-0.105279 -0.0200186 300 0.000302297 0.00925785 12.3846 31.2245 -13 850 0 0 1
-0.0161725 0.0187784 300 0.041537 -0.00779162 14.3369 16.1215 -13 857 0 0 1
-0.0901355 0.0624272 300 0.0295222 0.0311911 10.2292 37.1684 -13 858 0 0 1
0.000579741 -0.0387733 300 -0.0359036 -0.00582725 13.0457 33.5024 -13 860 0 0 1
0.0355035 -0.196796 300 -0.0383897 -0.0347387 11.1852 13.0791 -13 861 0 0 1
0.0302696 -0.198544 300 0.0123854 0.0218353 5.96355 39.363 -13 862 0 0 1
0.108787 0.0339594 300 0.0234838 0.0131285 3.95009 33.4839 -13 863 0 0 1
0.376222 0.253006 300 0.0825973 -0.0444983 5.52516 48.0694 -13 866 0 0 1
-0.050385 -0.155738 300 -0.0357001 -0.0113976 8.36509 23.4088 -13 868 0 0 1
-0.00849039 0.0815041 300 -0.0128351 -0.00634949 14.2437 33.9992 -13 879 0 0 1
-0.0105877 0.047622 300 0.019579 0.0122482 12.9458 14.1657 -13 880 0 0 1
0.0154156 -0.0929354 300 -0.0127471 -0.0257259 14.5364 20.395 -13 881 0 0 1
0.0246237 0.217045 300 0.0366324 -0.0276725 6.48442 38.0434 -13 882 0 0 1
-3.28678 -0.963688 300 0.00743543 0.0296004 0.0280004 38.1591 11 882 1002 0 1
-0.104545 -0.154795 300 -0.0731676 0.0384257 7.15571 39.4012 -13 883 0 0 1
0.231514 0.0102695 300 -0.0326027 -0.0434575 5.76483 35.9777 -13 884 0 0 1
0.0142222 0.0305999 300 0.0263274 0.0336351 12.5695 10.5989 -13 885 0 0 1
-0.0496466 0.0370359 300 0.0164849 -0.00736201 8.54986 13.5655 -13 887 0 0 1
-0.171309 -0.0390709 300 -0.023971 0.0411578 8.57806 32.243 -13 888 0 0 1
-0.11321 0.044637 300 0.0179453 0.0244913 11.3182 34.5913 -13 889 0 0 1
0.0852528 0.021414 300 -0.00214255 0.00779564 10.8574 22.0739 -13 890 0 0 1
0.157685 -0.0436391 300 -0.0182979 -0.0298782 7.57439 22.7335 -13 891 0 0 1
-0.263205 0.340212 300 0.10563 0.0312969 14.0675 16.8557 -13 892 0 0 1
0.0315413 0.0456643 300 0.0164971 -0.0354923 9.40488 15.4505 -13 893 0 0 1
-0.097189 -0.0720454 300 -0.0454348 0.00152611 12.615 27.3536 -13 894 0 0 1
0.0891815 0.265626 300 0.0422049 -0.00873784 11.6191 26.4934 -13 895 0 0 1
-0.137325 -0.229083 300 -0.0529413 0.0137319 6.71641 26.0038 -13 899 0 0 1
-0.0269438 -0.0764067 300 0.00756762 -0.00485517 11.436 11.5859 -13 900 0 0 1
0.122342 0.00360349 300 0.0363666 -0.0256229 6.64109 24.2457 -13 903 0 0 1
-0.0886975 -0.058904 300 -0.0136532 0.0179753 12.5591 16.5546 -13 904 0 0 1
0.0201601 0.357062 300 0.031405 -0.0180065 5.228 38.6802 -13 905 0 0 1
-0.089601 -0.148415 300 -0.0466315 0.0148586 10.4852 30.5043 -13 906 0 0 1
-0.0310151 -0.0584233 300 -0.0134689 -0.0215807 11.6353 36.0523 -13 907 0 0 1
0.00707204 0.0515636 300 -0.0467384 0.000273413 12.9389 12.1476 -13 908 0 0 1
0.227116 0.109318 300 0.015956 -0.00914392 7.28223 30.0719 -13 909 0 0 1
0.31632 -0.507066 300 -0.0915764 -0.0274056 9.27384 13.6757 -13 910 0 0 1
-0.169667 0.152078 300 0.00393169 -0.0272173 0.0252484 16.6011 11 910 1004 0 1
-0.596547 0.32615 300 -0.00586212 0.0771655 2.06278 64.606 -13 911 0 0 1
0.156269 -0.0407281 300 -0.0114332 -0.0427594 11.8498 11.4799 -13 912 0 0 1
-0.0765744 -0.0222491 300 -0.00626773 -0.00996997 13.2402 13.0921 -13 10 0 0 1
-0.0626931 -0.277166 300 -0.0364198 0.101648 10.6433 12.8634 -13 11 0 0 1
-0.0711675 0.175916 300 0.050526 0.00324506 3.95088 32.7674 -13 13 0 0 1
-0.0208522 0.0860184 300 -0.0179285 -0.02639 14.5049 14.5656 -13 17 0 0 1
0.00800342 -0.0964863 300 -0.0368006 -0.0116381 7.06661 36.809 -13 29 0 0 1
8.83661e-05 0.13524 300 0.0545333 -0.00192583 8.50377 18.3232 -13 32 0 0 1
0.0101909 0.0091255 300 -0.0149792 -0.00597885 13.2727 14.7475 -13 49 0 0 1
-0.345883 0.348786 300 0.0475413 0.0427487 4.32789 51.6081 -13 50 0 0 1
-0.161229 0.250837 300 0.0567542 -0.0121681 3.24383 36.7951 -13 54 0 0 1
-0.450842 -0.177745 300 -0.0382071 0.0578382 9.38791 24.4272 -13 62 0 0 1
-0.351194 0.0916232 300 0.000681409 0.0396972 5.49855 33.1997 -13 69 0 0 1
0.37595 0.0521826 300 0.0173152 -0.0852391 11.6929 13.2771 -13 71 0 0 1
0.0369205 0.0714367 300 0.0087291 -0.00738163 12.6867 33.6982 -13 79 0 0 1
-0.0932975 0.182502 300 0.011858 0.0503039 8.72801 35.5166 -13 81 0 0 1
-0.00677137 -0.119661 300 -0.0225078 -0.00927926 13.2079 31.5007 -13 82 0 0 1
-0.138483 -0.0639765 300 0.015502 0.00247992 9.86537 29.9603 -13 83 0 0 1
-0.316025 0.117483 300 0.00590972 0.0507792 13.5798 12.0038 -13 85 0 0 1
0.555394 -5.58689 300 0.0390205 0.0119043 0.0256817 18.2281 11 85 1003 0 1
0.00117153 0.162434 300 0.083657 -0.00440957 2.58473 65.2917 -13 87 0 0 1
0.362908 -0.648695 300 0.0167078 -0.132524 0.662635 74.6022 -13 102 0 0 1
-0.0518572 0.0148363 300 -0.0013955 0.00748437 13.7749 25.8284 -13 107 0 0 1
-0.0706805 -0.0109251 300 -0.0137555 -0.00204428 13.2478 30.8259 -13 132 0 0 1
-0.00880519 -0.036873 300 -0.0111619 0.0066322 14.553 26.6401 -13 133 0 0 1
-0.239161 0.183458 300 0.0816313 0.0579779 7.25801 33.7883 -13 134 0 0 1
-0.185153 -0.0783183 300 0.0484968 0.0471876 4.68232 28.1692 -13 138 0 0 1
-0.0175696 0.0324844 300 -0.000730437 -0.0110736 13.7023 31.8494 -13 153 0 0 1
-0.0211242 -0.0962162 300 -0.0163124 -0.024744 9.97068 36.2932 -13 155 0 0 1
0.0615954 -0.114443 300 -0.0257194 -0.0201068 11.9873 26.0145 -13 156 0 0 1
0.109992 -0.0787306 300 0.0319337 -0.0101529 8.43615 23.2451 -13 158 0 0 1
-2.4853 -2.55641 300 0.00168423 -0.00473712 0.0504769 23.7034 11 158 1008 0 1
-0.0163395 -0.0119437 300 -0.00390888 0.0117198 14.1128 14.9073 -13 161 0 0 1
-0.141507 0.0657689 300 0.000587531 0.0183857 9.26713 29.3859 -13 182 0 0 1
-0.0312968 0.115035 300 0.0293555 0.000165195 14.0316 13.4064 -13 183 0 0 1
0.0135132 0.042986 300 0.0139918 0.00855899 11.507 25.5206 -13 185 0 0 1
-0.101191 -0.0211426 300 0.00723061 0.0291683 8.43699 18.7093 -13 190 0 0 1
-0.0102098 -0.00946746 300 0.00467637 0.00630625 12.255 15.1234 -13 191 0 0 1
0.0151517 -0.0202376 300 0.000887376 -0.0138628 10.3657 17.7339 -13 194 0 0 1
-0.0523976 -0.03179 300 0.0339974 0.00115128 10.8802 32.1268 -13 195 0 0 1
0.00857696 -0.260755 300 0.0296537 0.0201739 0.987164 82.1533 -13 197 0 0 1
-0.0615492 -0.0223606 300 0.00442955 0.0106165 11.6131 31.3126 -13 201 0 0 1
0.33685 -0.243148 300 -0.0594182 -0.0962158 3.58697 37.8863 -13 221 0 0 1
0.0486707 0.00378924 300 0.0252397 -0.023363 8.92391 19.2919 -13 222 0 0 1
-0.0915236 0.000262351 300 -0.00611479 0.00294792 13.5112 21.5508 -13 228 0 0 1
0.00108365 0.0153247 300 0.0345587 -0.0441352 13.4429 19.0843 -13 229 0 0 1
0.0604294 0.104243 300 0.000407458 0.00961767 11.9799 10.7175 -13 230 0 0 1
0.126328 -0.0298697 300 0.00746535 -0.0184423 9.07189 38.3105 -13 231 0 0 1
-0.139589 -0.378526 300 -0.0740582 -0.00910446 6.33301 36.0883 -13 232 0 0 1
-0.485852 0.331653 300 0.0171525 0.0187029 0.0208462 37.4583 11 232 1004 0 1
0.0318176 -0.0161578 300 0.00404927 -0.00502722 10.9673 37.9955 -13 233 0 0 1
0.0730903 0.123574 300 0.0105729 -0.0191615 12.4958 11.8816 -13 234 0 0 1
-0.0173849 0.205227 300 0.042425 0.0610948 6.34228 40.5051 -13 235 0 0 1
-0.000470388 0.461414 300 0.0411178 0.0330752 4.74482 42.9488 -13 236 0 0 1
0.0241478 0.0897303 300 -0.00501525 -0.0287076 8.40898 28.0572 -13 237 0 0 1
0.0257628 -0.0357694 300 0.016795 0.025333 12.921 20.9734 -13 245 0 0 1
-0.0117831 0.0654259 300 0.00688559 -0.0244334 11.6513 19.9681 -13 247 0 0 1
0.0987061 0.108086 300 0.0251808 -0.0179806 12.3576 19.7449 -13 249 0 0 1
-0.0312091 -0.0624137 300 0.00442308 -0.0053617 11.9345 30.4987 -13 253 0 0 1
-0.414041 0.239971 300 0.0623982 0.0190436 8.33406 17.6788 -13 254 0 0 1
0.159178 -0.0750516 300 -0.0344535 -0.036807 12.0668 16.8249 -13 255 0 0 1
-0.151143 0.0662095 300 0.0246078 0.0389486 14.2184 31.5775 -13 260 0 0 1
0.00468411 -0.0825425 300 -0.00505769 0.00579361 14.0672 30.4182 -13 267 0 0 1
-0.0174817 0.114996 300 0.0370786 0.0289699 12.2763 14.6342 -13 268 0 0 1
-0.101229 -0.0230942 300 0.00938431 0.0544593 11.8057 21.2165 -13 269 0 0 1
-0.579854 0.859191 300 0.014055 -0.00966831 0.111982 18.1834 11 269 1004 0 1
0.0202213 -0.394804 300 -0.0466378 -0.0157143 3.41727 58.7365 -13 270 0 0 1
-0.261512 -0.102364 300 0.0225275 0.0614247 8.81878 32.0743 -13 275 0 0 1
-0.0894235 0.0224141 300 -0.0117338 0.0112456 13.3538 28.958 -13 279 0 0 1
-0.161894 -0.0925245 300 -0.00478366 0.0502395 8.16588 33.3803 -13 281 0 0 1
0.205093 -0.0804178 300 -0.0334388 -0.0113991 10.7237 17.5427 -13 283 0 0 1
0.308517 0.406831 300 0.142187 -0.0604062 3.28999 59.0475 -13 285 0 0 1
0.102584 0.136885 300 0.0431931 -0.00271354 10.8914 38.3264 -13 287 0 0 1
-0.046241 0.0765786 300 0.0209515 0.0185109 7.44103 43.7196 -13 293 0 0 1
0.0107531 0.00678096 300 -0.0121379 0.0135717 7.28775 38.0108 -13 295 0 0 1
1.21079 -0.195493 300 0.0785993 -0.0668581 1.81828 73.8569 -13 298 0 0 1
-0.0878363 -0.111416 300 0.00738022 0.0227075 7.59463 30.3324 -13 302 0 0 1
0.0508017 0.0536026 300 0.0136048 -0.0297932 9.85597 17.9081 -13 414 0 0 1
-0.0620625 0.0365293 300 0.0165898 0.00638523 12.6556 22.7873 -13 416 0 0 1
-0.0873001 -0.02449 300 -0.026686 0.023218 10.0422 37.4741 -13 418 0 0 1
-0.303783 0.0403573 300 0.0869822 0.0978998 7.69248 28.1666 -13 419 0 0 1
-0.315578 -0.0570233 300 -0.0165134 0.047312 12.4543 18.9991 -13 420 0 0 1
-0.175448 -0.261299 300 0.0160424 0.00635571 7.11202 19.4427 -13 422 0 0 1
-0.0867125 0.0875996 300 -0.00686681 0.00306475 9.3342 21.8405 -13 424 0 0 1
-0.00159552 0.183098 300 0.0358691 -0.00464032 7.06548 23.7673 -13 428 0 0 1
-0.115243 -0.034128 300 0.0360341 0.0174131 7.87467 27.0726 -13 429 0 0 1
0.0059968 -0.0948402 300 0.00484857 -0.00237616 10.856 20.2407 -13 431 0 0 1
0.0115302 0.204687 300 0.0366171 -0.0563785 9.95544 29.2993 -13 432 0 0 1
-0.0273134 -0.0366788 300 -0.00663318 0.00125931 11.0559 35.3249 -13 433 0 0 1
0.072005 -0.22763 300 -0.0383755 0.00413637 13.7093 19.5726 -13 434 0 0 1
-0.138601 -0.120371 300 0.00992657 0.0117578 11.3962 24.7645 -13 435 0 0 1
0.175303 -0.0922365 300 -0.00797455 -0.0292568 11.2692 16.7001 -13 436 0 0 1
0.00395381 0.0184528 300 0.00484775 0.00886618 10.709 21.7249 -13 437 0 0 1
-0.0830969 0.0147344 300 0.00326491 0.0119926 11.1344 26.4343 -13 438 0 0 1
-0.0232884 -0.183588 300 -0.0486304 0.0259214 8.87525 33.4415 -13 440 0 0 1
0.0133446 -0.281148 300 -0.0500961 -0.0405698 11.3801 23.9524 -13 441 0 0 1
-2.58947 -1.05846 300 0.0419501 0.0123484 0.0481352 24.5397 11 441 1003 0 1
-1.41326 3.01021 300 -0.0312864 0.00756023 -0.0497342 29.4813 11 441 1003 0 1
-0.000812822 0.0738153 300 -0.00819416 -0.00975254 11.3947 20.6162 -13 444 0 0 1
0.230506 0.25513 300 0.0462209 -0.0190086 7.85028 34.5181 -13 451 0 0 1
0.306573 -0.407794 300 -0.00705503 0.0339864 0.0437476 34.493 11 451 1003 0 1
-0.851063 1.10698 300 0.0838846 0.0681629 1.96258 49.2854 -13 455 0 0 1
-0.692663 1.18854 300 -0.00991056 -0.0164689 -0.0129777 304.922 11 455 1003 0 1
0.0419488 0.111907 300 0.0189501 0.0272091 13.689 34.4369 -13 462 0 0 1
0.0367985 -0.0661248 300 -0.0146664 -0.01128 13.7014 24.7187 -13 498 0 0 1
0.109587 -0.0888624 300 0.00292732 -0.020298 11.8971 25.2188 -13 499 0 0 1
1.2421 2.2294 300 0.010272 -0.0516448 0.0321521 30.3945 11 499 1004 0 1
0.0705802 0.0522749 300 0.00564527 -0.0155039 12.6737 22.2707 -13 500 0 0 1
0.671432 0.169849 300 0.0249049 -0.0883404 7.93063 19.6096 -13 514 0 0 1
-0.18905 -0.407964 300 -0.0740787 0.0856166 9.72635 18.6683 -13 525 0 0 1
0.0849175 -0.21145 300 -0.355252 0.179587 3.3498 59.1563 -13 527 0 0 1
-0.164545 0.165632 300 0.0190845 0.0170395 8.33143 35.9232 -13 530 0 0 1
0.0337987 0.0178734 300 0.0117072 0.00449326 11.3432 15.6629 -13 539 0 0 1
0.00437924 -0.231277 300 -0.0326085 -0.00423091 11.2766 35.5356 -13 540 0 0 1
0.0638604 0.0732406 300 0.0248862 -0.0130034 10.6902 30.028 -13 547 0 0 1
-0.173916 -0.127587 300 -0.0150587 -6.00305e-05 8.61826 29.3773 -13 550 0 0 1
-0.189325 -0.213353 300 -0.0735183 0.0566273 5.09856 22.5806 -13 554 0 0 1
-0.00157471 -0.0618964 300 -0.0301526 -0.00294178 6.19355 38.3903 -13 556 0 0 1
-0.076757 -0.145504 300 -0.0380549 -0.0122606 10.9468 38.4185 -13 559 0 0 1
-0.015884 0.01391 300 -0.003097 0.00365884 13.611 9.06177 -13 560 0 0 1
-0.303493 0.150773 300 0.00386176 0.0348304 5.28425 47.1482 -13 561 0 0 1
0.109713 -0.356694 300 -0.115453 -0.0196575 11.06 13.731 -13 562 0 0 1
0.128545 0.0177933 300 0.0156879 -0.0178428 11.8628 35.4502 -13 568 0 0 1
0.0537649 -0.0318638 300 0.00309839 -0.013917 13.5497 19.5121 -13 569 0 0 1
-0.26368 -0.21569 300 -0.0431017 0.084909 11.1049 35.7782 -13 570 0 0 1
-0.0332936 -0.0316336 300 0.0109182 0.00484074 12.654 22.3207 -13 571 0 0 1
-0.135489 0.0115243 300 -0.0100369 0.0145044 9.9076 23.4998 -13 572 0 0 1
-0.242245 -0.0652462 300 -0.0214786 -0.0183713 6.57528 29.4054 -13 573 0 0 1
0.0703233 -0.0176744 300 0.0084223 0.0168688 13.7413 16.9259 -13 574 0 0 1
0.324767 -0.0608775 300 -0.00321934 -0.0512947 13.9668 34.5058 -13 584 0 0 1
-0.150253 0.0341088 300 -0.0159712 -0.0109932 11.2467 17.9541 -13 585 0 0 1
-0.141476 0.0707205 300 0.00724976 0.0127646 9.38864 36.6365 -13 586 0 0 1
0.0185156 0.184568 300 0.00441436 0.0344896 13.7682 27.5438 -13 587 0 0 1
0.319856 0.156531 300 0.0509228 -0.0456797 9.59516 21.1814 -13 588 0 0 1
-0.0160597 -0.0424317 300 -0.0117776 -0.00445606 13.275 20.7592 -13 589 0 0 1
0.100466 -0.0465854 300 -0.0144278 -0.0170902 9.16982 23.8881 -13 591 0 0 1
0.0156952 -0.0432842 300 -0.032088 0.0144908 8.32844 25.8547 -13 592 0 0 1
-0.0943247 -0.0409252 300 0.0155636 0.0336565 5.81451 45.5272 -13 593 0 0 1
0.113134 0.113768 300 -0.0132749 -0.0357174 10.7666 39.5427 -13 594 0 0 1
0.019814 0.298731 300 0.0390754 0.0239748 8.14715 30.2453 -13 596 0 0 1
0.285003 -0.168329 300 0.00181353 -0.0549186 10.4351 22.4011 -13 597 0 0 1
-0.0945333 -0.0813455 300 -0.0186066 0.0193878 5.83145 25.4444 -13 599 0 0 1
1.03371 -2.14653 300 0.0216547 0.0203546 0.0273644 25.7397 11 599 1008 0 1
0.392832 0.359394 300 -0.0413715 -0.136681 1.65399 49.5986 -13 600 0 0 1
-0.0579267 0.00187843 300 -0.0108978 -0.00966611 12.5588 26.8765 -13 601 0 0 1
-0.00590867 0.196359 300 0.0148824 -0.00231433 6.80532 37.7554 -13 896 0 0 1
0.0461778 0.0766502 300 0.00814093 -0.00268816 10.3705 18.0043 -13 897 0 0 1
-0.149047 0.0554516 300 0.00852673 -0.00815715 8.44123 29.6466 -13 898 0 0 1
-0.100839 -0.0457869 300 0.00888999 0.0783581 5.32744 48.4594 -13 901 0 0 1
-0.0712654 -1.82183 300 0.0140045 -0.0432352 -0.16392 637.21 11 901 1004 0 1
0.00287848 0.0379883 300 0.00491524 0.0111131 8.64956 15.187 -13 902 0 0 1
-0.174484 0.078807 300 0.0194401 0.054207 10.3091 12.84 -13 914 0 0 1
0.212592 -0.114861 300 -0.0259422 -0.04259 9.12366 18.5106 -13 915 0 0 1
0.0145585 0.135108 300 0.0175388 -0.00772651 13.8064 27.0117 -13 916 0 0 1
0.0715684 -0.118853 300 -0.0173373 -0.00248627 12.4967 28.5739 -13 917 0 0 1
-0.352699 0.0634405 300 -0.0511183 0.0352448 12.8538 32.8936 -13 918 0 0 1
-0.190717 -0.0446634 300 -0.0173054 0.0845228 3.95833 32.3351 -13 919 0 0 1
0.223359 -0.298131 300 -0.0331531 -0.053644 8.65417 16.013 -13 920 0 0 1
0.13292 0.0406994 300 -0.00787958 -0.0278823 14.0878 14.3032 -13 921 0 0 1
0.00388505 0.0340976 300 0.00599308 0.0294899 12.8807 29.8131 -13 922 0 0 1
0.273004 0.0166044 300 0.01195 0.00680885 4.10715 54.3587 -13 923 0 0 1
-0.0488969 0.0027966 300 0.0125171 -0.00435568 13.6242 22.1897 -13 924 0 0 1
0.0155815 -0.0403755 300 0.0165542 -0.0191199 13.9695 36.5481 -13 925 0 0 1
-0.0380627 -0.0790176 300 0.00716529 -0.0208329 12.8187 9.63618 -13 926 0 0 1
0.26473 -0.00332951 300 0.0219223 -0.00795021 4.90396 36.945 -13 927 0 0 1
-0.0172665 0.0118475 300 0.00288781 0.0118516 11.7919 33.1729 -13 928 0 0 1
-0.0394726 0.0393645 300 0.0177554 0.00316569 13.5622 14.9628 -13 929 0 0 1
-0.180048 -0.270389 300 0.00660556 0.0570233 12.7338 27.0785 -13 930 0 0 1
-0.0791981 -0.205447 300 -0.0176378 0.00262834 13.3099 29.7592 -13 931 0 0 1
-0.0359379 0.053912 300 -0.00167531 -0.00604859 11.4545 38.8218 -13 932 0 0 1
0.0475384 0.0275908 300 -0.0241443 -0.0128239 13.615 21.6795 -13 933 0 0 1
-0.0526355 0.222357 300 0.0383599 -0.0136831 8.61599 25.1862 -13 934 0 0 1
-0.0133251 -0.0711169 300 -0.0949641 0.0557889 10.4372 32.0576 -13 935 0 0 1
0.0314804 -0.00438225 300 -0.00291648 -0.00233606 12.4499 22.5806 -13 936 0 0 1
0.0113298 -0.000466709 300 0.00999354 -0.00641242 12.5416 36.2948 -13 937 0 0 1
-0.0486566 -0.176293 300 0.0173896 -0.0175778 4.65397 26.9796 -13 938 0 0 1
0.11953 -0.092138 300 -0.0133118 -0.00975376 13.8508 18.1619 -13 939 0 0 1
-0.0710357 0.018304 300 0.0109255 0.026625 5.99608 22.3197 -13 940 0 0 1
0.0452622 0.100353 300 0.0105018 -0.00428415 12.293 25.0518 -13 941 0 0 1
0.0229058 -0.361467 300 -0.0115656 -0.0403898 2.80749 59.4448 -13 942 0 0 1
-0.0861719 0.0237301 300 0.000650903 -0.000267554 10.5059 35.556 -13 943 0 0 1
-0.181518 -0.298015 300 -0.0883153 -0.0154725 11.1516 13.8323 -13 4 0 0 1
-0.0644604 -0.191413 300 -0.0318927 -0.00923681 6.91728 22.7268 -13 5 0 0 1
0.027129 0.0690919 300 0.0161446 -0.0245705 14.371 21.7342 -13 25 0 0 1
0.102634 -0.157726 300 -0.00531922 -0.0650378 13.6423 10.3506 -13 30 0 0 1
0.0127228 -0.0221101 300 -0.00516262 -0.0110841 10.3822 14.7593 -13 31 0 0 1
0.200387 0.180167 300 -0.009007 -0.0254268 5.17301 47.3903 -13 35 0 0 1
0.0853234 -0.116266 300 -0.00597984 -0.0206548 11.8559 32.719 -13 38 0 0 1
-0.135862 -0.0271549 300 0.00685429 0.0266298 8.42643 25.015 -13 51 0 0 1
0.218978 -0.205419 300 0.0771372 -0.0615659 2.54028 59.9629 -13 52 0 0 1
-0.211484 -0.0243987 300 -0.020317 0.0161587 8.31744 20.2763 -13 58 0 0 1
0.51891 -0.255525 300 0.00821048 0.0473816 1.03382 296.558 -13 342 0 0 1
-0.217484 -0.203897 300 -0.0395389 -0.0316457 2.60121 66.7491 -13 343 0 0 1
-0.0814164 0.223991 300 0.0341957 0.0220965 6.8953 37.5816 -13 602 0 0 1
-1.83182 -0.582059 300 -0.156237 0.117079 9.27138 34.1796 -13 603 0 0 1
-0.147233 -0.143321 300 -0.0125439 0.00638277 7.57468 27.3428 -13 604 0 0 1
-0.0105054 0.0771601 300 0.00127158 -0.00502079 12.4627 25.3906 -13 606 0 0 1
0.119464 0.0144628 300 0.0216759 -0.0173863 11.893 15.0366 -13 607 0 0 1
-0.0922219 -0.350142 300 -0.0790397 0.0328598 12.9486 23.4143 -13 608 0 0 1
-0.253331 0.0680673 300 -0.00211698 0.0173101 8.82879 19.6779 -13 610 0 0 1
-0.0234161 0.0386063 300 0.00751482 -0.00981646 10.3377 15.5824 -13 611 0 0 1
0.013832 0.0657079 300 0.012625 -0.00122118 10.8252 27.1574 -13 617 0 0 1
0.000470358 0.521344 300 0.0940204 0.00358328 4.80791 43.5317 -13 619 0 0 1
-0.0310681 -0.179284 300 -0.0139382 -0.0125904 5.21309 22.9578 -13 621 0 0 1
-0.0238117 -0.10267 300 -0.0376202 -0.00706533 9.43332 29.2918 -13 627 0 0 1
0.637335 -0.525663 300 -0.024751 0.0267115 3.05422 50.9789 -13 628 0 0 1
-0.0261023 -0.14204 300 -0.0178803 0.017037 10.4625 16.7457 -13 629 0 0 1
0.153208 -0.0392096 300 0.0260586 -0.0358351 11.7308 36.9342 -13 630 0 0 1
3.89811 -3.82478 300 0.000828366 0.0431706 0.0672586 36.7391 11 630 1003 0 1
5.13291 -6.55524 300 -0.00849297 0.0396192 -0.0592491 51.6692 11 630 1003 0 1
0.191249 0.0891124 300 0.030498 -0.0244411 8.87748 39.974 -13 631 0 0 1
-0.0606848 -0.0235803 300 -0.0063034 0.00867516 13.7385 26.6007 -13 644 0 0 1
1.63207 -0.116827 300 -0.019521 0.0237689 -0.0378059 39.0874 11 644 1002 0 1
0.16126 0.162707 300 0.0203307 -0.0225256 9.73947 13.5828 -13 645 0 0 1
-0.121119 0.0623156 300 0.0149512 0.0147273 6.03447 44.9409 -13 647 0 0 1
0.116568 0.102187 300 0.00739806 0.0546284 4.22656 38.1553 -13 648 0 0 1
0.214841 0.160583 300 0.0448464 -0.0101744 10.0876 23.9072 -13 651 0 0 1
0.145476 -0.107059 300 0.0469519 -0.0470211 12.2709 21.3892 -13 654 0 0 1
0.33216 0.198695 300 0.0872698 -0.0625462 5.12368 37.4216 -13 658 0 0 1
0.0160151 0.153472 300 0.029466 -0.000285097 11.698 31.8809 -13 660 0 0 1
0.0701926 -0.138184 300 -0.0348371 0.00434703 10.645 26.3719 -13 661 0 0 1
0.0906485 0.0417622 300 -0.0255751 -0.00858222 12.1364 20.5387 -13 662 0 0 1
0.0868949 0.13486 300 0.0265232 -0.00312011 9.54348 40.6986 -13 663 0 0 1
-0.00452295 -0.138012 300 -0.0267442 -0.02425 11.3567 11.7272 -13 665 0 0 1
-0.0468509 0.257299 300 -0.00333119 -0.00680268 11.7711 24.0303 -13 666 0 0 1
-0.016317 0.0632365 300 0.00155116 -0.01633 13.104 21.3147 -13 667 0 0 1
-0.064723 0.0389785 300 0.0441938 0.0224449 6.68618 26.6367 -13 668 0 0 1
0.0886671 0.18405 300 0.0144926 -0.0535973 9.59161 29.2513 -13 669 0 0 1
0.315694 0.0380718 300 -0.0280339 -0.0226088 13.1445 28.1727 -13 671 0 0 1
0.153249 0.0581342 300 -0.00586149 -0.037844 7.21304 23.1101 -13 675 0 0 1
-0.0271395 -0.141859 300 -0.0267046 -0.0279644 11.8409 16.1335 -13 677 0 0 1
-0.0903683 -0.225333 300 -0.0435123 -0.0149425 8.05486 20.9637 -13 685 0 0 1
-0.110163 -0.0249257 300 0.00766224 0.0293106 11.6602 36.604 -13 686 0 0 1
0.155839 0.0346747 300 0.0252535 -0.0131031 9.03245 18.6653 -13 687 0 0 1
0.000422701 0.00204467 300 0.00415231 0.0156209 12.8458 31.5925 -13 688 0 0 1
0.0522053 0.228022 300 0.0335113 0.0204684 9.90084 33.6373 -13 689 0 0 1
0.279978 -0.220632 300 -0.051324 -0.0146201 5.22077 39.9502 -13 690 0 0 1
-0.106751 0.236776 300 0.106267 0.000967042 7.48326 16.3088 -13 692 0 0 1
0.0356232 0.0929948 300 0.0248929 -0.0106684 12.78 29.5286 -13 693 0 0 1
-0.0772068 -0.148444 300 -0.0406735 0.0127225 3.93278 37.3521 -13 694 0 0 1
-0.0938894 -0.152087 300 -0.00164459 0.0193689 7.36836 25.7137 -13 695 0 0 1
0.24634 0.0051448 300 0.00270246 0.0353741 8.75871 20.3656 -13 698 0 0 1
-0.07428 -0.221703 300 -0.0652056 -0.126535 8.81561 22.8871 -13 700 0 0 1
0.121889 0.194902 300 0.042732 -0.0315515 9.08035 14.2588 -13 701 0 0 1
-0.0366959 -0.000691762 300 0.00583376 0.0125367 12.0865 31.4003 -13 703 0 0 1
-0.0250366 -0.0571906 300 -0.00189143 0.0164234 7.95882 33.525 -13 710 0 0 1
0.00368591 -0.0848693 300 -0.0239525 -0.00192532 11.6163 29.2422 -13 712 0 0 1
0.00299953 0.054898 300 -0.0224843 0.00603814 6.45663 38.7231 -13 713 0 0 1
0.047706 -0.00378478 300 -0.00788271 0.030567 14.0536 29.1004 -13 714 0 0 1
-0.0652246 0.101595 300 -0.00604153 0.0152625 10.6127 25.695 -13 717 0 0 1
0.0707812 0.0108542 300 0.00219525 -0.00753411 8.57096 16.203 -13 723 0 0 1
-0.161345 -0.004627 300 0.00294993 0.0298678 9.61621 23.1983 -13 725 0 0 1
0.0554576 -0.305129 300 -0.0795528 -0.0396725 13.6152 23.628 -13 726 0 0 1
0.0641506 -0.0206856 300 0.00464059 -0.0173652 14.1531 12.8292 -13 727 0 0 1
0.0998443 0.0527066 300 0.0171614 -0.0466396 10.9797 13.0691 -13 731 0 0 1
-0.30879 0.105916 300 -0.00915048 -0.00194089 2.40103 58.4491 -13 732 0 0 1
0.404239 0.071118 300 -0.0119354 -0.0790442 4.73489 34.3631 -13 733 0 0 1
-0.130162 0.0720156 300 0.0069713 0.00953044 5.81222 42.0411 -13 944 0 0 1
0.170305 -0.313176 300 -0.0255461 -0.036156 4.01649 52.9453 -13 945 0 0 1
0.0239135 -0.0417481 300 -0.00722797 0.000180976 14.3085 20.7818 -13 946 0 0 1
-0.0155714 -0.0648967 300 -0.0137643 -0.0368883 10.4911 15.792 -13 947 0 0 1
0.155608 -0.255767 300 -0.0293056 -0.036948 7.74074 19.302 -13 948 0 0 1
-0.0151576 -0.0114077 300 0.00681377 0.0121481 12.4951 30.0018 -13 949 0 0 1
-0.143249 -0.529451 300 -0.040873 0.0519411 3.42961 32.9316 -13 950 0 0 1
-0.212327 -0.111533 300 -0.0115439 0.0591903 5.37397 27.1759 -13 951 0 0 1
-0.109159 -0.527596 300 0.0217429 -0.0482333 4.15472 50.907 -13 952 0 0 1
-0.0847281 0.00228916 300 0.00197489 0.029121 9.8838 18.1398 -13 953 0 0 1
0.205841 1.02071 300 0.156248 -0.0666145 6.77338 35.9997 -13 954 0 0 1
0.0870524 0.219778 300 -0.0127524 -0.029051 7.42866 31.9065 -13 955 0 0 1
0.188219 0.299779 300 0.0400822 0.0176125 6.91017 23.123 -13 956 0 0 1
6.06337 -1.31561 300 -0.013636 -0.0145517 0.0578285 20.0481 11 956 1007 0 1
-0.0162687 -0.0182787 300 0.016722 0.000817224 14.0653 26.8993 -13 957 0 0 1
0.363634 -0.0723058 300 -0.0380481 -0.0419281 11.8687 23.7009 -13 958 0 0 1
0.0253902 -0.014995 300 -0.00817187 -0.0249943 10.4134 31.2655 -13 959 0 0 1
-0.0467385 0.0139441 300 0.0102844 -0.0118536 14.444 17.3067 -13 960 0 0 1
0.218 0.459138 300 0.11363 -0.0554656 2.18903 54.0142 -13 961 0 0 1
-0.0527538 0.0453045 300 -0.00619765 -0.00917247 11.8255 28.494 -13 962 0 0 1
0.153148 -0.151073 300 -0.0116393 -0.049771 9.41694 19.8327 -13 966 0 0 1
0.168684 0.367737 300 0.0823079 -0.0531801 2.85454 43.0427 -13 968 0 0 1
0.0301063 0.13556 300 0.0317735 0.0102977 13.2518 22.4685 -13 971 0 0 1
-0.199308 0.0907986 300 0.0162881 0.0260888 8.28988 30.6648 -13 19 0 0 1
-0.161272 0.276901 300 0.0432431 0.0355033 2.30742 58.6174 -13 20 0 0 1
0.133211 0.0463618 300 0.0303329 -0.0144969 8.95113 27.6815 -13 26 0 0 1
0.0687866 -0.163137 300 -0.0174899 -0.0341588 10.4074 38.6219 -13 37 0 0 1
0.0291786 -0.0823287 300 -0.0216327 -0.0205424 9.78891 38.5324 -13 57 0 0 1
-0.0350441 0.0499465 300 0.00621826 -0.0428496 7.1301 32.4404 -13 59 0 0 1
-0.0287157 0.0922025 300 0.0159109 0.00751578 14.0235 36.0873 -13 63 0 0 1
0.179833 -0.269743 300 -0.0526067 -0.0509514 7.39624 27.861 -13 66 0 0 1
-0.00813524 -0.00118812 300 -0.0166671 -0.023335 10.6655 29.81 -13 68 0 0 1
-0.0888008 -0.0843398 300 -0.0239768 0.00613486 11.1773 15.0281 -13 70 0 0 1
-0.0524783 -0.0990741 300 -0.0152518 0.0114654 10.3784 12.0852 -13 72 0 0 1
0.093183 0.234916 300 0.0699618 0.0213627 6.13429 39.1506 -13 73 0 0 1
-0.141965 0.0988314 300 0.0343662 0.0146914 13.5558 21.74 -13 78 0 0 1
-0.13387 0.0241813 300 -0.0438829 0.015252 6.40432 30.4525 -13 84 0 0 1
-0.00362915 0.109205 300 0.0166241 0.00600017 12.8725 23.6981 -13 97 0 0 1
0.012726 0.0104127 300 -0.0156115 0.0299658 9.58949 19.5157 -13 98 0 0 1
0.0834126 0.156065 300 -0.0345535 0.0176077 4.84654 38.0477 -13 101 0 0 1
0.0306605 -0.0200854 300 -0.0276273 -0.00109732 9.97243 34.3161 -13 103 0 0 1
-0.155055 0.0543207 300 0.00637175 0.038669 10.3235 38.7077 -13 106 0 0 1
-0.0967667 -0.02086 300 -0.012871 0.0285508 7.37526 27.4577 -13 108 0 0 1
-0.00485628 0.0461162 300 0.0242157 0.00762823 13.5775 8.88311 -13 109 0 0 1
-0.161658 -0.250738 300 -0.0822715 0.0235035 5.89144 23.4658 -13 118 0 0 1
-0.121313 -0.0779185 300 -0.0131956 0.00291234 7.53143 28.4525 -13 120 0 0 1
-0.0793755 0.060391 300 0.0219821 0.00464089 13.5044 17.9064 -13 128 0 0 1
0.0472534 0.034416 300 0.00844926 -0.0119706 13.5022 20.9728 -13 129 0 0 1
-0.0522972 0.219245 300 0.0229081 0.00460037 10.4596 32.7962 -13 130 0 0 1
0.0480705 0.0539032 300 0.0235346 -0.0142604 9.19828 20.199 -13 131 0 0 1
-0.186132 0.134483 300 0.0377428 0.0246589 12.9828 20.4643 -13 136 0 0 1
0.0524919 -0.0847132 300 -0.0105399 -0.00864515 13.8278 9.21639 -13 141 0 0 1
-0.0951015 -0.100926 300 -0.0078284 -0.00302797 13.7604 19.8128 -13 142 0 0 1
0.0422536 -0.182313 300 -0.0469999 -0.0304515 11.014 15.6555 -13 143 0 0 1
0.0626029 0.144468 300 0.0858777 -0.0363863 9.86532 36.4736 -13 145 0 0 1
0.0200946 0.00874909 300 -0.0133283 -0.00964979 13.8614 28.6439 -13 150 0 0 1
0.103069 -0.087032 300 -0.00908778 -0.0290973 9.47622 28.8273 -13 154 0 0 1
-0.031732 0.259526 300 0.0568724 0.0229131 13.2363 17.6668 -13 157 0 0 1
-0.362274 -0.505637 300 -0.166186 -0.0722978 9.80489 26.5504 -13 162 0 0 1
0.00869755 0.000834657 300 -0.0035778 -0.0146312 9.77942 14.3098 -13 163 0 0 1
0.0886152 0.036154 300 0.0763487 0.0728289 5.66555 30.5651 -13 178 0 0 1
-0.0535388 -0.042846 300 -0.00976609 0.0275016 12.0924 14.9619 -13 192 0 0 1
0.0395152 -0.02449 300 0.0202409 -0.00632021 14.4669 28.5034 -13 203 0 0 1
0.100713 0.141092 300 -0.0334757 0.00648338 7.21102 26.2768 -13 205 0 0 1
-0.632208 -0.248946 300 -0.0126162 0.0280171 1.09312 85.6321 -13 206 0 0 1
-0.162785 -0.239222 300 -0.0213592 0.0293957 13.7096 21.0777 -13 209 0 0 1
-0.0051057 0.0112715 300 0.0186076 -0.000737569 12.1217 23.8741 -13 347 0 0 1
-0.27091 -0.156329 300 -0.0227428 0.0229884 7.15907 29.4448 -13 349 0 0 1
-0.324858 -0.178761 300 -0.00087708 -0.023345 0.0262662 29.7889 11 349 1008 0 1
-0.100326 -0.246947 300 -0.0778599 -0.00970387 7.81879 37.2662 -13 350 0 0 1
-0.709713 0.476853 300 0.120017 0.153353 3.4881 48.5045 -13 355 0 0 1
0.192319 -0.0857511 300 0.0250681 -0.0340451 9.79246 39.1548 -13 356 0 0 1
-0.0972878 -0.151873 300 -0.0146528 -0.00368277 10.6827 37.7386 -13 357 0 0 1
0.0142326 0.037259 300 0.0188042 0.00169306 11.7961 15.6902 -13 359 0 0 1
-0.0443528 0.0929616 300 0.015316 0.0140285 13.5147 29.8949 -13 360 0 0 1
-0.0293888 0.339393 300 0.0615407 0.0804271 4.06712 32.2124 -13 361 0 0 1
-0.0597639 0.184474 300 0.0403619 0.00321032 11.8484 14.2059 -13 365 0 0 1
-0.111612 0.0203031 300 -0.0118061 0.00439085 7.9274 14.8232 -13 366 0 0 1
0.0476506 0.106373 300 0.0323274 -0.0160269 11.7168 34.1389 -13 367 0 0 1
-0.0938137 -0.491865 300 0.00443866 0.0434429 1.77403 67.621 -13 369 0 0 1
0.0108557 0.168772 300 0.00816284 0.00723233 14.5208 25.5147 -13 371 0 0 1
0.165905 0.178749 300 -0.013204 0.0482167 10.7318 15.6775 -13 380 0 0 1
-0.100702 0.0972043 300 0.0158757 0.0533375 7.86412 26.6381 -13 381 0 0 1
0.781394 0.332885 300 -0.0539815 0.047317 0.695286 94.0451 -13 383 0 0 1
0.00317365 0.0811125 300 0.0112719 -0.0177838 14.4386 25.6914 -13 387 0 0 1
-0.103887 0.125283 300 -0.00341403 0.0226977 9.40552 35.506 -13 388 0 0 1
0.0548452 -0.351873 300 -0.0711556 0.00750965 13.4982 26.9795 -13 389 0 0 1
0.453287 0.592412 300 0.196895 -0.0419187 4.11009 29.0864 -13 393 0 0 1
-0.168081 -0.186738 300 -0.0389745 0.0199362 3.95479 36.1195 -13 394 0 0 1
-0.00837319 -0.007412 300 -0.118044 0.0524724 13.3092 15.8679 -13 398 0 0 1
-0.0167095 0.132957 300 0.0187095 -0.00360921 12.6559 12.3621 -13 399 0 0 1
0.0478882 0.145735 300 0.04835 0.000728754 11.6563 21.0728 -13 400 0 0 1
0.166184 0.0275392 300 0.0109608 -0.0365092 11.1737 23.2861 -13 401 0 0 1
0.381627 0.0333353 300 0.0061279 -0.0675791 7.3652 16.5078 -13 402 0 0 1
0.148672 -0.0396909 300 -0.00170284 -0.0276784 14.3937 16.3417 -13 404 0 0 1
-0.594132 -0.132185 300 -0.0350592 0.0620215 4.74686 46.4115 -13 407 0 0 1
0.0182943 -0.0481998 300 -0.0297334 -0.00797037 10.9362 31.7611 -13 408 0 0 1
0.225933 -0.0793739 300 -0.0407719 -0.00833653 7.19809 25.4498 -13 410 0 0 1
-0.166702 0.0243863 300 0.0655932 -0.00460062 6.89791 21.0466 -13 411 0 0 1
0.232824 -0.075687 300 0.0284692 -0.048162 7.31193 19.7619 -13 412 0 0 1
-0.0795767 -0.55645 300 -0.111248 -0.0268685 5.78767 19.6817 -13 413 0 0 1
-0.194534 -0.126026 300 -0.0587334 0.0448902 6.60764 22.5102 -13 417 0 0 1
-0.0115154 -0.149333 300 -0.030524 0.0131757 13.2108 13.3815 -13 421 0 0 1
-0.0279123 -0.185963 300 -0.0345781 0.0695645 5.13476 50.0355 -13 425 0 0 1
0.129556 0.208732 300 0.0463059 -0.0177852 5.04329 45.5572 -13 426 0 0 1
-4.96663 -0.965871 300 -0.00186008 -0.00441344 0.0453796 44.155 11 426 1012 0 1
0.149072 0.216577 300 0.0560126 0.0143054 9.9444 21.528 -13 430 0 0 1
0.00802806 -0.0553961 300 0.0153089 0.00913474 11.9495 37.9179 -13 439 0 0 1
0.299028 -0.256649 300 0.0206551 -0.0359675 4.22588 27.6528 -13 442 0 0 1
0.140126 0.016097 300 -0.00350197 0.00595442 7.64946 39.9828 -13 443 0 0 1
0.0821028 0.0208977 300 0.0436608 0.0209566 8.03206 39.5047 -13 445 0 0 1
0.0203008 0.05108 300 0.0141889 -0.00439511 13.4113 35.1511 -13 446 0 0 1
0.0670141 0.199569 300 -0.00299746 0.0185709 11.5874 21.7557 -13 447 0 0 1
-0.168281 0.193985 300 0.0699227 0.000759023 9.84225 14.8944 -13 448 0 0 1
0.0396881 0.0601222 300 -0.0437099 -0.0150749 8.20794 18.1532 -13 449 0 0 1
-0.00304343 0.0561143 300 0.00217568 -0.0174578 12.3762 38.3196 -13 450 0 0 1
0.0188176 0.158346 300 0.0257143 -0.0236188 11.9013 35.9281 -13 452 0 0 1
-0.117901 0.278028 300 0.0214802 0.0579251 12.9651 36.5268 -13 453 0 0 1
0.0256928 -0.0985294 300 -0.0341233 -0.0139735 9.55702 20.9117 -13 454 0 0 1
0.0465621 0.059695 300 0.00334754 -0.0159206 14.0844 11.3319 -13 467 0 0 1
0.152862 -0.35621 300 -0.0586026 -0.0163869 4.77911 39.4419 -13 469 0 0 1
0.238856 -0.287662 300 0.0104567 0.0113958 0.0140989 39.4425 11 469 1008 0 1
-0.382736 0.0264999 300 -0.0577709 0.0500897 6.51371 19.5082 -13 470 0 0 1
-0.0413288 -0.232268 300 -0.047833 0.00889666 10.066 31.4693 -13 472 0 0 1
0.0387213 -0.0618388 300 0.00996915 -0.00375703 8.26481 28.6924 -13 474 0 0 1
-0.0142962 -0.0997572 300 -0.0100313 -0.00277699 11.7948 19.8878 -13 475 0 0 1
0.0833953 -0.165667 300 -0.00784955 0.0501705 7.86477 15.1721 -13 476 0 0 1
0.0981911 0.0670809 300 0.00394103 -0.0101991 9.54397 27.9172 -13 477 0 0 1
-0.332992 0.140166 300 -0.0122242 0.083551 9.72064 14.4257 -13 478 0 0 1
0.792678 -1.6569 300 -0.024282 0.0135283 0.0534822 14.4999 11 478 1003 0 1
2.86677 -6.73868 300 0.0436741 -0.0217852 -0.0228383 19.9989 11 478 1003 0 1
0.110431 -0.345345 300 -0.0264968 -0.00160379 10.6798 27.6528 -13 480 0 0 1
0.689589 -1.97441 300 -0.0313417 0.000767246 0.0593821 27.7448 11 480 1002 0 1
-0.141408 -0.0695799 300 -0.01558 0.0236048 13.9393 12.3914 -13 492 0 0 1
-0.00346703 -0.109157 300 -0.017872 -0.00272333 10.8997 20.5617 -13 501 0 0 1
0.110711 0.052744 300 0.0139241 -0.0241429 14.4379 13.1404 -13 502 0 0 1
0.0469797 -0.0472606 300 0.000501618 -0.029876 11.2 26.9967 -13 504 0 0 1
-0.254313 -0.347244 300 0.00304846 0.00481182 3.71603 44.8449 -13 505 0 0 1
-0.162683 -0.36747 300 -0.000716877 0.00519321 0.0333265 44.4467 11 505 1021 0 1
0.12476 -0.0448631 300 0.00404554 -0.0490282 8.71373 20.7636 -13 506 0 0 1
0.0234214 0.0170792 300 0.012894 0.0293313 8.26082 33.9805 -13 509 0 0 1
0.228346 0.473519 300 0.107932 0.0231339 10.5634 20.5966 -13 510 0 0 1
0.151849 -0.278123 300 -0.0491013 -0.0747386 10.4718 13.8521 -13 511 0 0 1
-0.101951 -0.208265 300 -0.00159204 0.0497197 12.8906 26.7415 -13 512 0 0 1
0.137012 0.0298005 300 0.00497517 -0.0349476 13.3481 9.27182 -13 513 0 0 1
-0.0727655 -0.0375394 300 -0.0177514 0.0327003 10.2471 34.7005 -13 515 0 0 1
-0.0269471 0.0491489 300 -0.00104334 -0.0184977 4.02947 35.1546 -13 516 0 0 1
-0.0582911 0.0316889 300 0.0183944 0.0196962 11.6738 28.4351 -13 519 0 0 1
0.141403 -0.635554 300 -0.0418593 0.0152908 11.646 26.8711 -13 520 0 0 1
-nan -nan -nan -nan -nan -nan -nan -13 521 0 0 1
0.113998 0.0652739 300 0.00922483 -0.0316053 13.5835 24.4068 -13 523 0 0 1
-0.0419708 -0.0808921 300 -0.00642194 0.0044578 14.1802 23.4784 -13 759 0 0 1
0.0290748 0.0712121 300 0.0409399 -0.00926051 11.162 36.1621 -13 763 0 0 1
-0.091161 -0.576893 300 -0.0816692 0.00240769 9.87062 22.1966 -13 764 0 0 1
0.0471792 -0.17959 300 -0.0141404 -0.0434457 5.89121 25.6629 -13 765 0 0 1
0.0795538 0.110387 300 0.0164537 -0.029622 8.6132 18.0063 -13 766 0 0 1
-0.0763173 -0.0202591 300 0.0123597 0.0112131 12.88 29.6303 -13 768 0 0 1
-0.0393629 -0.368467 300 -0.0288829 -0.0156308 6.99174 20.2017 -13 769 0 0 1
-0.141186 0.0132138 300 -0.0112526 0.029425 13.6471 15.096 -13 770 0 0 1
0.00968386 -0.0380593 300 -0.0268609 -0.00019381 14.3412 10.2285 -13 772 0 0 1
0.0498474 -0.294769 300 -0.0184481 -0.0753303 3.8991 30.1254 -13 775 0 0 1
-1.61145 -0.332702 300 0.0364883 -0.029079 -0.162892 759.319 11 775 1001 0 1
-0.00206394 0.119679 300 0.0385442 -0.0440068 10.6922 22.9325 -13 777 0 0 1
0.0787555 -0.151467 300 -0.0188388 -0.0641694 10.83 26.3933 -13 810 0 0 1
0.0530807 -0.143683 300 0.0447744 -0.0127005 5.66574 22.0884 -13 811 0 0 1
-0.228072 0.0396735 300 -0.027638 0.0559172 6.56802 18.7532 -13 812 0 0 1
0.0452494 -0.00369249 300 0.00535514 0.0264743 13.2281 19.4079 -13 813 0 0 1
0.105374 -0.172216 300 -0.0528168 0.0431531 6.07225 22.7045 -13 816 0 0 1
0.33214 -0.141241 300 -0.0213411 -0.0742556 5.38209 44.4769 -13 817 0 0 1
1.41236 -1.92599 300 -0.00257621 -0.00439379 0.044699 44.0103 11 817 1010 0 1
0.208634 0.0262666 300 0.00776123 -0.0113898 14.4536 33.884 -13 825 0 0 1
0.140692 0.0303929 300 -0.0347361 -0.0465831 9.02361 41.6144 -13 833 0 0 1
0.178363 0.255756 300 0.0380583 -0.0238727 5.43368 44.2108 -13 834 0 0 1
-0.0329465 0.0478179 300 -0.0378939 -0.0235096 11.8531 31.191 -13 836 0 0 1
0.000515336 0.0980362 300 -0.0153225 0.00343505 11.1346 31.6628 -13 839 0 0 1
-nan -nan -nan -nan -nan -nan -nan -13 841 0 0 1
-0.0480002 0.103483 300 0.0018306 0.00430713 6.27494 44.3052 -13 842 0 0 1
0.070029 0.0325843 300 0.000655785 -0.0234072 11.8789 32.3216 -13 963 0 0 1
0.098836 -0.0327293 300 -0.00508174 -0.0338509 10.4916 37.279 -13 964 0 0 1
-0.0353628 0.0766265 300 0.0227403 0.00508628 11.3426 25.4902 -13 965 0 0 1
0.141695 -0.130041 300 0.00727408 -0.0542548 8.93731 25.1353 -13 969 0 0 1
1.06353 -0.29993 300 -nan -nan -nan 112.859 -13 970 0 0 1
0.171393 -0.113586 300 -0.0221682 -0.00315443 14.4528 23.0477 -13 972 0 0 1
