#BLTrackFile NTuple/Z400
#x y z Px Py Pz t PDGid EventID TrackID ParentID Weight
#mm mm mm MeV/c MeV/c MeV/c ns - - - - -
-0.0601102 0.118949 400 -0.0227185 0.0405259 11.5133 31.4682 -13 1 0 0 1
0.0557829 0.0414755 400 -0.00826006 -0.00542964 9.94453 16.8396 -13 3 0 0 1
0.0382636 -0.0902294 400 -0.0146056 0.041749 13.6224 33.9545 -13 9 0 0 1
0.0597402 0.0571334 400 0.000219111 -0.0369375 8.44175 19.7491 -13 16 0 0 1
-0.00151256 0.0308523 400 -0.00530139 0.0135893 13.6931 32.1587 -13 34 0 0 1
0.0579544 -0.484543 400 -0.0205072 -0.0481891 8.59464 40.9691 -13 36 0 0 1
-0.00169767 -0.233928 400 -0.00848312 -0.0225063 9.51189 25.4601 -13 39 0 0 1
0.116528 0.0391095 400 0.0432353 0.000607793 14.422 22.0075 -13 43 0 0 1
0.478802 -0.107326 400 -0.00847729 -0.0576645 11.2615 31.7479 -13 44 0 0 1
0.394735 8.54639 400 -0.0221559 -0.0306066 0.027718 35.7077 11 44 1002 0 1
-0.675661 0.0402935 400 0.0164036 0.0439488 6.75525 31.4548 -13 48 0 0 1
0.0668726 0.0325851 400 0.0310891 -0.00437975 10.7356 28.2664 -13 74 0 0 1
-0.0619918 0.0780028 400 0.032516 -0.0156321 10.2966 41.9306 -13 80 0 0 1
0.0592234 -0.0216444 400 -0.0194542 -0.0233188 7.96501 31.0966 -13 86 0 0 1
-0.258781 -0.29726 400 -0.0224738 0.0363285 9.92805 25.4418 -13 89 0 0 1
1.78321 2.64256 400 -0.0311622 -0.0283865 0.0468493 25.4475 11 89 1004 0 1
5.6953 11.067 400 0.00611972 -0.00374286 -0.0384035 40.836 11 89 1004 0 1
0.476489 -0.218197 400 0.00646621 -0.0516038 5.7805 33.3518 -13 94 0 0 1
-2.13751 -1.43999 400 0.0205052 -0.00112478 0.0407003 31.6017 11 94 1006 0 1
0.325925 0.0771932 400 0.0678663 0.00798362 5.4707 28.872 -13 110 0 0 1
-0.285234 0.0582952 400 0.00812259 0.0168279 4.95067 50.4134 -13 123 0 0 1
0.0632125 0.03143 400 -0.00116058 0.00506023 11.7328 37.5119 -13 126 0 0 1
0.0261102 0.0703503 400 -0.0174202 -0.0397895 7.24132 24.0903 -13 137 0 0 1
0.12182 0.0156847 400 0.0167421 -0.0263365 14.1487 35.503 -13 140 0 0 1
0.0687218 -0.212252 400 -0.0900876 -0.0543645 8.11673 21.3096 -13 151 0 0 1
0.0363968 0.118699 400 0.0137908 0.0218664 14.1374 34.6809 -13 152 0 0 1
0.189371 -0.0207348 400 0.00952567 -0.0346668 7.54273 27.8826 -13 160 0 0 1
-0.147042 -0.0814739 400 -0.0331635 0.021211 10.6774 16.2703 -13 175 0 0 1
-0.04198 -0.215887 400 -0.0379755 0.0475334 7.16456 43.6434 -13 180 0 0 1
-0.190854 -0.213986 400 -0.0296197 0.0541332 8.79754 43.0057 -13 181 0 0 1
-0.0370981 -0.102037 400 -0.0282654 0.0338498 12.2886 16.7003 -13 184 0 0 1
0.0914006 0.0821858 400 -0.00448825 -0.0255288 11.8815 41.508 -13 186 0 0 1
-0.689579 0.0224847 400 0.0489825 0.094538 4.83915 33.165 -13 187 0 0 1
-0.435044 0.278333 400 0.063852 0.0926095 8.58756 33.5048 -13 188 0 0 1
-0.0345204 0.0410282 400 0.0203243 0.0539482 1.60077 80.8056 -13 200 0 0 1
-0.169067 -0.105653 400 -0.00396708 0.0055377 6.65417 36.8247 -13 211 0 0 1
0.286221 0.0448231 400 0.0399563 -0.0840745 13.7921 37.1202 -13 348 0 0 1
-0.203583 -0.0427765 400 -0.0329858 0.0412421 4.59721 38.6625 -13 351 0 0 1
0.640002 0.0962714 400 -0.116296 -0.0615785 4.34395 44.505 -13 352 0 0 1
0.17991 -0.118357 400 0.011329 -0.0364019 10.9483 30.8825 -13 358 0 0 1
-0.0154426 0.306828 400 0.0490784 -0.0792343 8.75818 17.5502 -13 362 0 0 1
0.256624 -0.328202 400 -0.0355732 -0.030046 12.1748 40.5338 -13 363 0 0 1
-2.93618 1.18524 400 -0.0423883 -0.0286724 0.0460178 42.0431 11 363 1001 0 1
0.0490046 0.0272596 400 0.0238918 0.00822808 14.4521 15.0622 -13 364 0 0 1
0.0418568 -0.771543 400 -0.205724 -0.0458376 6.47366 26.1057 -13 370 0 0 1
0.113718 0.0595624 400 0.00566712 0.0786291 2.32113 80.4148 -13 372 0 0 1
-0.271808 -0.125199 400 -0.0503415 0.0483263 13.3654 33.0284 -13 375 0 0 1
-0.352377 -0.80699 400 -0.163296 -0.0438373 13.4084 23.6234 -13 382 0 0 1
0.128187 -0.144047 400 -0.0529774 -0.0395153 14.1136 25.026 -13 384 0 0 1
-1.6377 0.458498 400 -0.0779127 -0.0256343 0.808926 354.767 -13 385 0 0 1
0.0108306 0.0107739 400 0.0156472 0.0102669 14.4618 19.4931 -13 386 0 0 1
-0.174281 0.0272208 400 0.015642 0.0209438 10.3099 23.4673 -13 390 0 0 1
0.0556466 0.00838631 400 0.00917668 0.0131736 8.68517 44.9895 -13 391 0 0 1
-0.191918 0.00429149 400 -0.0830236 0.000609346 8.16401 45.1154 -13 392 0 0 1
-0.208367 -0.14692 400 -0.0487787 0.036391 14.1053 19.5008 -13 395 0 0 1
0.322406 -0.433139 400 -0.00162308 -0.111427 7.07617 36.5623 -13 396 0 0 1
0.0661002 -0.000896883 400 0.0116686 0.00561139 14.5308 17.7107 -13 397 0 0 1
0.0496581 0.3002 400 0.0728781 0.05699 5.72321 44.9987 -13 403 0 0 1
0.0730971 -0.0733281 400 0.000656157 -0.0309522 12.8515 28.7473 -13 405 0 0 1
-0.0335911 0.124781 400 0.03967 -0.0174584 7.08218 35.6051 -13 406 0 0 1
-0.221828 -0.129129 400 -0.0185386 0.0111207 12.1803 15.6796 -13 409 0 0 1
-0.357369 0.0952147 400 0.0252484 0.0529009 8.27842 24.7615 -13 415 0 0 1
0.0926207 -0.833177 400 0.0165008 0.0686787 0.9674 96.7001 -13 423 0 0 1
-0.12772 -0.212523 400 -0.0679627 -0.0316318 10.8136 39.3539 -13 427 0 0 1
0.174779 -0.0757422 400 -0.00125846 -0.0451264 14.0125 14.4844 -13 456 0 0 1
-0.0548159 0.0816129 400 0.0231693 -0.0125549 9.44443 17.1274 -13 457 0 0 1
0.13687 0.178649 400 0.0329353 -0.00520034 11.6102 39.419 -13 458 0 0 1
-0.102002 -0.0121238 400 0.00665219 0.00516551 13.463 37.0079 -13 461 0 0 1
-0.0614472 0.204794 400 -0.00772796 0.0250197 7.7045 31.0933 -13 463 0 0 1
0.0153684 -0.11199 400 -0.0365164 -0.0290701 9.92497 20.3981 -13 465 0 0 1
0.259184 0.262393 400 0.0629207 -0.0190429 7.31918 21.5051 -13 466 0 0 1
-3.39201 -2.47567 400 0.00136494 -0.0255242 0.0416749 19.8809 11 466 1010 0 1
0.0797434 -0.109048 400 -0.0179878 -0.00175748 8.84363 27.0349 -13 468 0 0 1
-0.388799 -0.115827 400 -0.0481376 0.0576977 5.3906 29.3653 -13 479 0 0 1
0.0262186 0.141827 400 0.0528957 0.0079026 9.00609 30.7343 -13 481 0 0 1
0.114218 -0.303443 400 0.0272176 -0.0780077 6.55312 51.1668 -13 482 0 0 1
-0.00620416 -0.0548631 400 -0.00151503 -0.0116682 14.0531 39.7701 -13 483 0 0 1
0.177573 -0.0387625 400 -0.014132 -0.0440761 7.50042 33.5411 -13 484 0 0 1
-0.0359989 -0.0318883 400 -0.0157989 0.016936 11.3744 16.6579 -13 485 0 0 1
-0.0583304 -0.042293 400 0.0095652 0.0139486 7.32074 27.6274 -13 486 0 0 1
0.0816267 -0.0615929 400 -0.0133869 -0.0403143 13.0248 29.6016 -13 487 0 0 1
-0.229704 -0.277672 400 -0.0474602 0.0443295 5.34081 47.2616 -13 488 0 0 1
0.00779369 0.0501837 400 0.0411207 0.0213569 13.8913 15.5741 -13 489 0 0 1
-0.147868 -0.195636 400 -0.0559321 0.0263477 3.9216 39.7289 -13 490 0 0 1
-0.0751028 -0.147089 400 -0.0246419 0.0110457 7.5997 44.0273 -13 491 0 0 1
-0.0177584 -0.0777394 400 -0.0193452 -0.0157528 12.4389 36.786 -13 493 0 0 1
-0.162228 0.14384 400 0.00230944 0.0184123 12.9684 35.037 -13 494 0 0 1
0.0439639 -0.0552451 400 -0.0214987 -0.0215136 14.4473 11.7648 -13 495 0 0 1
0.388716 -0.283371 400 -0.0346957 -0.0625786 10.7001 20.8657 -13 496 0 0 1
-0.288778 0.109246 400 -0.00523656 0.0769809 14.0579 11.7193 -13 497 0 0 1
0.211207 0.198539 400 0.0227503 -0.0243799 10.2504 20.2141 -13 503 0 0 1
0.12516 -0.00495207 400 0.00769129 -0.000133096 12.4645 23.7752 -13 507 0 0 1
-4.19817 -1.00406 400 0.0422151 0.0231737 -0.00877154 50.5773 11 507 1002 0 1
-4.24587 -1.10923 400 0.0472542 -0.0101618 -0.00516309 50.8231 11 507 1002 0 1
-4.2522 -1.88133 400 0.0370061 -0.0290243 -0.00578061 51.4393 11 507 1002 0 1
0.105878 0.108144 400 0.0143049 -0.0169846 11.4387 38.4921 -13 508 0 0 1
-0.389082 -0.157994 400 -0.00450064 0.0962145 8.22397 20.8322 -13 517 0 0 1
0.115535 -0.192409 400 -0.0416441 -0.00611379 12.3709 17.1265 -13 518 0 0 1
0.177309 -0.454795 400 -0.0401981 -0.0184321 12.9314 23.0005 -13 522 0 0 1
5.47627 -0.464406 400 0.0155291 -0.0236835 0.0228811 28.394 11 522 1002 0 1
-0.12899 -0.247194 400 -0.0201601 -0.0170932 3.92467 61.3813 -13 524 0 0 1
0.321116 -0.6394 400 -0.0877237 -0.0582081 11.7104 32.3863 -13 526 0 0 1
0.0466104 0.105287 400 0.0433107 0.002035 12.494 27.975 -13 528 0 0 1
-0.0399797 0.178931 400 0.0434201 0.0350064 11.2731 35.9974 -13 529 0 0 1
-0.130329 0.154939 400 -0.0415064 0.0663578 9.06822 39.1684 -13 533 0 0 1
0.142744 0.18851 400 0.0827794 0.0520502 13.0472 20.5762 -13 536 0 0 1
0.126498 -0.266023 400 -0.0621418 -0.0123406 8.55419 29.7619 -13 543 0 0 1
-0.0646489 0.0577593 400 -0.0100168 0.0185543 13.7383 38.749 -13 544 0 0 1
-0.00998769 0.060444 400 -0.00126841 -0.000464293 9.8647 33.9628 -13 548 0 0 1
-0.0598275 0.0934184 400 0.00169146 0.0132992 9.63384 40.8283 -13 549 0 0 1
0.0624369 0.188683 400 0.000639119 -0.0323731 11.3142 23.1198 -13 552 0 0 1
-0.222115 0.169023 400 0.0666866 0.0174717 7.90648 30.0885 -13 553 0 0 1
0.209947 -0.0600154 400 -0.0250816 -0.0781681 7.98086 45.5973 -13 555 0 0 1
-0.0207371 -0.02769 400 -0.00737498 0.0452235 13.5737 17.4081 -13 557 0 0 1
-0.00988649 0.0323064 400 -0.0207335 -0.0107888 12.1179 27.5163 -13 563 0 0 1
0.0235284 0.146836 400 0.0179883 -0.0286491 10.5707 42.063 -13 564 0 0 1
0.168067 0.275611 400 0.0584548 -5.1772e-05 9.34822 27.3143 -13 566 0 0 1
0.59045 1.46149 400 0.0104741 0.00538207 0.0819702 26.783 11 566 1003 0 1
0.0418321 -0.0184791 400 0.00668768 0.00051844 10.5982 25.4282 -13 567 0 0 1
0.112292 -0.289313 400 -0.00762991 0.026409 7.07064 38.9929 -13 575 0 0 1
0.0679619 -0.0670398 400 0.00935211 0.0191875 10.6081 32.8627 -13 576 0 0 1
0.144417 0.0242346 400 0.0146864 -0.0265257 13.4002 13.6996 -13 577 0 0 1
0.0214317 0.1163 400 -0.00816438 -0.0354553 8.41303 28.5244 -13 578 0 0 1
0.11156 -0.100622 400 -0.0172644 -0.00767811 13.9748 26.6694 -13 579 0 0 1
0.208028 0.159088 400 0.032298 -0.0329447 12.7398 19.4113 -13 580 0 0 1
0.0270441 -0.0257389 400 -0.0105207 -0.00841944 11.0954 41.1891 -13 581 0 0 1
0.386055 0.233326 400 -0.0257559 -0.0514677 8.90848 28.7164 -13 582 0 0 1
0.209105 0.0817019 400 0.0702328 -0.0783245 7.6276 25.9166 -13 583 0 0 1
5.38864 11.6635 400 -0.00444759 0.0274793 0.0231529 30.9895 11 583 1008 0 1
-1.97154 0.884668 400 0.0339534 0.158861 0.527787 353.082 -13 590 0 0 1
0.16058 0.033079 400 -0.0219724 -0.0074808 10.0446 29.1836 -13 595 0 0 1
1.05246 0.0204557 400 -0.045518 -0.156695 4.84467 33.0151 -13 853 0 0 1
-0.0536651 0.0431653 400 -0.00421273 -0.0160195 11.4801 16.3233 -13 854 0 0 1
-nan -nan -nan -nan -nan -nan -nan -13 864 0 0 1
0.221889 -0.161769 400 0.00306399 -0.0558839 6.91964 34.3522 -13 865 0 0 1
-0.00973001 -0.151049 400 -0.0110124 0.00757569 14.56 30.0235 -13 974 0 0 1
-0.120728 0.105991 400 0.00270765 -0.00742452 8.98372 33.5002 -13 978 0 0 1
-2.27396 -2.76213 400 0.0122627 -0.0346426 0.0646133 29.3849 11 978 1003 0 1
-0.0978269 -0.101383 400 -0.0203052 0.0242508 12.0857 16.0464 -13 980 0 0 1
-0.0559533 -0.0915763 400 -0.0305574 0.0183984 14.4622 18.5075 -13 990 0 0 1
-0.00301135 -0.0761185 400 -0.035477 -0.0109393 10.8684 33.6138 -13 991 0 0 1
0.113733 0.18332 400 -0.00121683 -0.0102112 13.0865 36.7882 -13 992 0 0 1
-0.0334055 -0.0701585 400 -0.0176859 -0.0112363 12.8292 36.2225 -13 994 0 0 1
0.205124 0.437167 400 0.0709262 -0.00666148 13.9107 22.6273 -13 995 0 0 1
0.378693 0.612706 400 0.0217864 -0.134951 8.45819 38.9793 -13 1000 0 0 1
-0.0764546 0.00681678 400 0.00723859 0.00257716 12.5763 33.8845 -13 2 0 0 1
0.228043 -0.166057 400 0.00263947 -0.0877654 7.64706 40.6632 -13 6 0 0 1
0.0246732 0.139775 400 0.0278432 0.0130318 12.0466 25.3516 -13 7 0 0 1
0.0857208 -0.347065 400 -0.0464197 -0.0289042 13.0829 39.9547 -13 18 0 0 1
0.157752 -0.020907 400 -0.00293605 -0.0439719 14.4248 32.7927 -13 21 0 0 1
0.0343498 0.213017 400 0.0600928 -0.0125199 10.5311 15.3929 -13 22 0 0 1
0.183321 -0.104373 400 -0.0331668 -0.0318673 8.33619 44.368 -13 24 0 0 1
-0.210425 -0.120798 400 0.00514988 0.000264651 3.4561 64.2463 -13 33 0 0 1
-0.287066 0.234845 400 0.116407 -0.0565666 9.90706 36.2667 -13 42 0 0 1
0.0889711 0.0519148 400 0.0245627 -0.0175545 8.30342 38.9613 -13 60 0 0 1
-0.0805484 -0.0837478 400 -0.0170714 -0.00555444 13.9519 25.9513 -13 61 0 0 1
-0.160173 0.0908919 400 0.00511291 0.0539736 8.921 28.8893 -13 64 0 0 1
0.0220995 -0.43987 400 -0.0603841 -0.0321106 5.07337 32.8631 -13 65 0 0 1
0.0752916 0.121563 400 0.0291253 -0.0180356 11.5341 25.1008 -13 67 0 0 1
-0.0206948 1.00773 400 0.15729 0.129846 7.77891 46.281 -13 75 0 0 1
-0.375743 0.0426905 400 0.0445551 0.0302439 12.4066 37.2669 -13 76 0 0 1
0.0932232 -1.68945 400 -0.0310688 -0.0727048 0.0548637 36.676 11 76 1003 0 1
-0.196947 -0.525292 400 -0.0832774 0.0169351 6.66485 49.1891 -13 92 0 0 1
0.0440912 -0.192445 400 -0.025712 -0.0122347 9.85276 18.5265 -13 111 0 0 1
0.0413819 0.0495532 400 0.0334407 -0.0109557 13.2298 30.6914 -13 115 0 0 1
-0.123617 0.0514221 400 -0.0298346 0.00361139 10.3146 43.3129 -13 116 0 0 1
-0.0949059 -0.0427374 400 -0.0214792 0.0101155 11.5783 17.7168 -13 117 0 0 1
-0.446368 0.306423 400 0.0418962 0.0840618 10.9659 32.9865 -13 119 0 0 1
0.439453 0.698803 400 0.169685 -0.0354427 7.9243 46.1365 -13 121 0 0 1
0.00128399 0.13069 400 0.0374263 -0.0126927 9.05717 22.4823 -13 122 0 0 1
-0.00987764 0.0261728 400 0.0067729 0.00378776 14.3376 33.2312 -13 159 0 0 1
0.00111095 0.0108255 400 0.0166156 -0.00134726 14.2232 30.5361 -13 164 0 0 1
-0.0365448 -0.112915 400 0.030317 0.0122486 12.3427 36.5618 -13 165 0 0 1
-0.111138 0.366354 400 0.0771441 -0.0225762 11.0157 41.9384 -13 166 0 0 1
-0.00569205 0.0701937 400 -0.00842428 0.024057 13.0627 37.6651 -13 169 0 0 1
-0.191914 0.0655873 400 0.00416322 0.027168 14.5125 32.2161 -13 171 0 0 1
-0.117209 0.252912 400 0.0212428 0.0765199 11.8344 27.0276 -13 172 0 0 1
1.00524 -0.0581585 400 -0.0146403 -0.0456065 0.0320337 28.7433 11 172 1002 0 1
-0.00504826 -0.0335899 400 0.00704847 -0.00509678 13.063 12.4445 -13 173 0 0 1
0.107168 -0.0378259 400 0.0136266 -0.0207779 11.703 41.9076 -13 196 0 0 1
0.00656202 0.00202359 400 -0.0118287 -0.00127748 12.9417 25.7114 -13 199 0 0 1
-0.0718243 -0.257887 400 -0.0318273 0.013086 12.0179 33.1159 -13 202 0 0 1
0.139869 0.0782724 400 0.0662159 -0.0312385 5.47477 35.0376 -13 204 0 0 1
-0.0517485 -0.140539 400 -0.0281336 0.0233307 9.24602 43.6988 -13 207 0 0 1
0.299703 -0.268253 400 -0.0318413 0.00269961 3.25122 62.7947 -13 210 0 0 1
0.0803203 0.0684068 400 0.0359965 0.0101318 13.95 11.9412 -13 212 0 0 1
0.11326 0.417225 400 0.0596738 0.0128304 9.80406 33.0579 -13 214 0 0 1
0.901038 0.151235 400 0.00787805 -0.0885477 4.05374 47.7325 -13 215 0 0 1
-0.0180501 0.2017 400 0.0144187 0.0192339 9.90167 26.9295 -13 216 0 0 1
0.117738 -0.18146 400 -0.0304216 -0.0133339 9.4703 28.3806 -13 217 0 0 1
0.358422 0.535115 400 -0.0474565 0.0410898 5.23382 42.2171 -13 218 0 0 1
0.00816994 0.284488 400 0.0866802 0.140756 9.72196 25.2434 -13 219 0 0 1
0.0708368 0.0219698 400 -0.0109184 -0.00659544 13.3242 22.8148 -13 220 0 0 1
-0.0886729 0.061543 400 0.0144176 0.0409736 8.67596 20.1314 -13 223 0 0 1
0.117932 -0.195929 400 -0.0546573 -0.0341176 6.24646 51.9603 -13 224 0 0 1
0.0257923 0.0277318 400 0.00283872 -0.00966764 12.3503 32.7436 -13 225 0 0 1
0.134099 -0.180032 400 0.0302966 -0.0359079 10.0427 33.4758 -13 226 0 0 1
-0.0791953 -0.0195908 400 0.0130402 -0.000354112 12.6246 31.3342 -13 227 0 0 1
0.0851018 0.00107511 400 -0.0022678 -0.0161731 9.50989 20.3159 -13 238 0 0 1
0.24587 -0.113483 400 -0.00244536 -0.0533575 12.78 23.1764 -13 239 0 0 1
-0.28119 -0.218872 400 -0.0428799 0.0416992 12.7302 16.8739 -13 240 0 0 1
0.10957 -0.100575 400 -0.0096001 -0.0174179 12.8321 13.6237 -13 241 0 0 1
-0.213694 -0.0981698 400 -0.0232085 0.0569157 8.35625 43.5119 -13 251 0 0 1
0.0146949 0.151663 400 0.0479 -0.0128935 12.9832 18.8781 -13 252 0 0 1
0.0278767 -0.134513 400 -0.0316612 0.0239699 11.7327 29.1899 -13 258 0 0 1
0.00183951 -0.0212885 400 -0.00240102 -0.00614818 14.4692 15.5853 -13 259 0 0 1
-0.00347907 -0.160077 400 -0.0555444 0.000314492 13.8376 25.6616 -13 261 0 0 1
0.226998 -0.135832 400 0.01325 -0.033271 10.5334 21.3997 -13 263 0 0 1
0.115722 -0.190463 400 -0.0144423 -0.0299402 12.8037 35.1382 -13 265 0 0 1
-0.0213894 -0.190529 400 -0.0260293 0.041867 7.31801 47.0666 -13 271 0 0 1
0.00125483 -0.0138423 400 -0.000731209 -0.000467184 14.468 20.1072 -13 272 0 0 1
-0.263513 0.104277 400 0.0347971 0.0359744 8.12531 28.1348 -13 273 0 0 1
-0.0249427 -0.0101364 400 -0.0141214 0.00830326 12.6153 38.6277 -13 274 0 0 1
0.0980625 0.105394 400 0.0417571 0.00496105 11.5311 18.4017 -13 276 0 0 1
-0.0130276 -0.070523 400 -0.0126596 -0.0182976 9.62308 40.148 -13 277 0 0 1
-0.102051 0.0201911 400 0.0283638 0.0166323 13.7542 23.4271 -13 278 0 0 1
-0.0801629 -0.288054 400 -0.0737788 0.00843429 6.28172 29.071 -13 280 0 0 1
-0.126965 0.0869007 400 -0.0419619 -0.0643814 9.5448 38.5298 -13 282 0 0 1
-0.180789 0.224483 400 0.0719083 0.0369088 7.20242 33.4944 -13 284 0 0 1
-0.0899122 0.0765206 400 0.00885314 0.00631109 6.80748 47.0971 -13 286 0 0 1
0.155404 0.0673746 400 0.0224816 0.0130621 11.9694 37.7096 -13 288 0 0 1
0.0544429 0.00555573 400 -0.00397421 -0.0118116 9.49009 32.8867 -13 289 0 0 1
-0.0361622 0.185963 400 0.0312259 -0.00277948 9.11952 24.5496 -13 290 0 0 1
-0.251894 0.121601 400 0.0407633 0.0404668 6.95121 39.4923 -13 291 0 0 1
0.0157931 -0.106516 400 -0.0483439 -0.00778098 13.2581 14.3443 -13 292 0 0 1
-0.232975 0.0682727 400 -0.00641869 0.0642703 13.7819 40.1966 -13 294 0 0 1
-1.33165 5.92642 400 0.015125 0.014283 0.0271226 43.0891 11 294 1002 0 1
-0.452194 -0.0456482 400 -0.00552454 0.168757 6.02392 38.8207 -13 296 0 0 1
0.0601626 -0.0449272 400 -0.0143255 -0.0113193 12.1933 24.7759 -13 299 0 0 1
0.00852601 0.104399 400 0.0209035 -0.0122174 7.72565 35.9114 -13 304 0 0 1
-0.00292368 -0.110274 400 -0.0257961 0.00766132 9.72326 30.4168 -13 306 0 0 1
0.0965677 0.154809 400 0.022675 -0.00766263 12.3874 18.4047 -13 308 0 0 1
0.0391822 0.334304 400 0.0690662 -0.0060998 9.58155 35.3351 -13 309 0 0 1
-0.0626918 0.0690404 400 0.0530974 -0.0814486 5.70704 34.2973 -13 310 0 0 1
0.0475522 0.0717111 400 0.0328713 0.0115174 14.0079 27.7235 -13 311 0 0 1
0.0408573 0.238529 400 0.0298053 0.00633216 13.0511 13.1614 -13 313 0 0 1
-0.114648 -0.213819 400 -0.0208324 0.0379461 13.8112 12.337 -13 314 0 0 1
-0.0778619 0.193235 400 0.0341873 0.0393296 11.6316 16.4696 -13 315 0 0 1
-0.00937653 0.223898 400 0.011459 0.0546926 9.07358 22.5106 -13 316 0 0 1
-1.44933 0.815151 400 0.0275401 0.000757145 0.0360752 22.9108 11 316 1003 0 1
0.304452 -0.347042 400 -0.0665034 -0.0697395 2.55741 57.3397 -13 317 0 0 1
0.211077 0.0100141 400 -0.0123501 -0.0215648 9.86544 20.2743 -13 321 0 0 1
0.762009 -0.519498 400 -0.0200574 -0.000512335 0.0812107 19.1858 11 321 1003 0 1
-4.51535 2.97072 400 -0.0385789 -0.024151 0.00340566 27.127 11 321 1005 0 1
-0.335613 0.156591 400 0.0202104 0.0355601 12.7482 17.3249 -13 322 0 0 1
-0.160499 0.11219 400 -0.0182471 0.0200556 10.7202 34.0313 -13 326 0 0 1
-0.161755 -0.107039 400 -0.0107302 0.00362115 12.4812 24.9127 -13 327 0 0 1
-0.144517 0.0182098 400 0.0256601 0.00422812 4.31072 53.4163 -13 328 0 0 1
0.00625588 0.108837 400 0.0503563 -0.0287816 11.9749 34.5165 -13 329 0 0 1
0.0399522 -0.213208 400 -0.0525181 0.00424762 8.9964 24.3818 -13 330 0 0 1
0.0955585 0.290831 400 0.0424528 0.0623142 5.60447 26.3502 -13 331 0 0 1
0.337015 0.139616 400 0.0244712 -0.042811 4.89229 34.9632 -13 332 0 0 1
0.26245 -0.0796979 400 0.00820501 -0.030095 9.85241 26.1037 -13 333 0 0 1
0.021487 0.118903 400 -0.00387011 -0.00125916 12.8516 14.1099 -13 334 0 0 1
-0.00300047 0.100927 400 0.0127466 0.00667521 14.2537 31.5542 -13 335 0 0 1
-0.0138271 -0.0126754 400 -0.131288 -0.0191865 5.70922 38.8107 -13 336 0 0 1
-0.150357 -0.0298526 400 -0.0260928 0.0315736 13.7317 29.1735 -13 337 0 0 1
-0.0555543 -0.270586 400 -0.0471424 0.00807342 9.6535 39.6657 -13 338 0 0 1
-0.191506 -0.028124 400 -0.0125144 0.0567139 9.34779 44.3356 -13 339 0 0 1
0.582666 0.232562 400 -0.0115934 -0.0898833 0.984326 103.792 -13 340 0 0 1
-0.0981269 -0.560525 400 -0.0968682 -0.00794348 12.4576 39.4055 -13 341 0 0 1
0.298912 -0.0691663 400 0.00187631 -0.0422973 12.953 25.2085 -13 531 0 0 1
-0.00698888 0.000426334 400 -0.000167194 -0.00968947 13.8489 39.8741 -13 532 0 0 1
-0.139615 -0.0146842 400 -0.0189643 0.0079332 9.16685 39.3361 -13 534 0 0 1
0.0864943 0.048991 400 -0.028348 -0.00425898 9.84243 17.6264 -13 535 0 0 1
-0.17281 -0.0201841 400 -0.00780635 -0.0275606 4.48381 45.8098 -13 537 0 0 1
0.0206178 0.028946 400 0.00214289 0.00976153 14.4758 28.5608 -13 538 0 0 1
-0.156635 -0.0937202 400 -0.0452556 0.00114386 7.35444 41.4473 -13 541 0 0 1
-0.258953 0.81264 400 0.109258 0.0951198 12.8228 15.3492 -13 542 0 0 1
0.172092 -0.337599 400 -0.0939865 -0.0725731 4.86595 54.9322 -13 545 0 0 1
0.503941 -0.134191 400 -0.0394549 -0.0641547 6.56722 41.4769 -13 546 0 0 1
0.505254 -0.133622 400 0.00355005 -0.0197436 0.00698693 41.4792 11 546 1006 0 1
-3.2173 -0.226189 400 0.0282771 -0.020011 0.0203489 42.2867 11 546 1007 0 1
0.175977 0.0366465 400 0.0160591 -0.0259547 10.605 19.6238 -13 551 0 0 1
0.339053 0.193221 400 -0.044913 0.0568384 1.0617 367.233 -13 558 0 0 1
0.13456 -0.0643505 400 -0.0084904 0.00813549 14.2254 15.8432 -13 565 0 0 1
0.317205 -0.0025099 400 -0.0366724 -0.085502 7.03952 40.3157 -13 803 0 0 1
0.00323852 -0.214362 400 -0.0500506 0.0269754 13.0114 18.9979 -13 804 0 0 1
-0.405204 0.243489 400 0.138123 0.0077597 9.62639 26.0345 -13 814 0 0 1
-0.123016 -0.0622108 400 -0.019236 0.0250424 11.6652 40.0834 -13 815 0 0 1
0.188139 -0.276314 400 -0.0773058 0.0693731 11.4809 41.7096 -13 818 0 0 1
0.127677 0.0552367 400 -0.00521852 -0.0388703 13.396 17.8939 -13 820 0 0 1
0.0246819 0.0480948 400 0.0123042 -0.00566882 11.6958 41.2252 -13 822 0 0 1
0.0331217 0.0177444 400 0.00708801 0.0198446 14.5605 31.1789 -13 824 0 0 1
0.290548 0.127506 400 0.00068635 0.0185254 3.88078 64.2499 -13 827 0 0 1
-0.164074 0.298283 400 0.0754134 0.0352342 8.64392 43.5924 -13 828 0 0 1
0.315748 0.0080285 400 0.0220669 -0.0931049 10.0714 41.0139 -13 829 0 0 1
0.146846 -0.136631 400 -0.037709 -0.0645901 14.084 39.6488 -13 830 0 0 1
0.0108913 0.196603 400 0.00459516 0.0227494 8.4268 24.2578 -13 831 0 0 1
0.00174055 -0.134871 400 -0.0519265 -0.0292189 13.7849 24.4197 -13 832 0 0 1
-2.86953 -2.74824 400 0.022406 0.0179816 0.0274267 26.0945 11 832 1002 0 1
-0.821409 -0.50016 400 -0.0720596 0.108957 4.74657 57.2996 -13 848 0 0 1
0.0858108 -0.0079787 400 0.0169166 -0.0135811 12.959 23.1316 -13 859 0 0 1
0.0804994 0.0740213 400 0.0342479 -0.0426256 9.20324 36.6684 -13 869 0 0 1
-0.113213 0.0937797 400 0.0370547 0.0162552 12.3754 27.1671 -13 870 0 0 1
-0.149083 0.0815927 400 0.000531214 0.0469325 13.7393 33.0679 -13 871 0 0 1
0.124998 -0.737494 400 -0.198269 0.00551716 5.21794 47.6265 -13 872 0 0 1
0.112663 0.0317238 400 -0.00915502 0.058577 4.59103 36.6111 -13 873 0 0 1
-0.227562 -0.481046 400 -0.0468529 0.00251153 4.88921 42.3745 -13 874 0 0 1
-0.211647 -0.18361 400 -0.0392053 0.0606954 3.31031 42.6815 -13 875 0 0 1
-0.034062 -0.122706 400 -0.0585164 -0.0164178 11.7795 24.236 -13 876 0 0 1
-0.191388 0.274339 400 -0.0100445 0.0470942 9.18065 38.8203 -13 877 0 0 1
0.58239 0.484017 400 -0.0294236 0.0107277 0.0598876 38.2058 11 877 1005 0 1
-nan -nan -nan -nan -nan -nan -nan -13 878 0 0 1
0.167218 -0.0398823 400 -0.0407476 -0.0240488 8.49308 23.8213 -13 886 0 0 1
0.0777908 -0.314974 400 0.00503093 -0.0305001 10.4108 16.7366 -13 14 0 0 1
-0.143875 -0.176822 400 0.00954322 -0.0672539 5.24713 46.1648 -13 15 0 0 1
0.01877 0.0519317 400 0.0116033 -0.0137727 11.7783 41.6897 -13 23 0 0 1
0.219356 0.0021616 400 -0.00534765 -0.0329347 10.9299 33.8869 -13 40 0 0 1
-0.0161397 0.0553153 400 -0.0229001 -0.00264441 8.89141 19.3801 -13 41 0 0 1
-0.170398 -0.247564 400 -0.0763313 0.034092 10.8568 37.9973 -13 45 0 0 1
0.0452733 0.0304663 400 0.0333738 0.0231331 10.3643 33.4682 -13 55 0 0 1
0.298979 0.493171 400 0.115842 -0.0304293 6.69255 30.1097 -13 90 0 0 1
0.0744818 0.228242 400 0.0262123 0.035784 7.1316 47.4504 -13 91 0 0 1
0.15373 -0.0535191 400 0.000386946 -0.0612662 10.7759 25.2817 -13 95 0 0 1
-0.066333 0.0653824 400 0.0234659 -0.0107332 14.0144 15.7084 -13 99 0 0 1
0.0415958 0.0448509 400 -0.0452854 -0.147579 9.6023 28.0761 -13 104 0 0 1
0.0598775 -0.0157293 400 -0.0512236 0.00754089 8.82864 23.1391 -13 105 0 0 1
-0.000574635 0.0929366 400 0.0121765 0.0614435 7.68776 22.7433 -13 112 0 0 1
0.148534 0.146437 400 0.0126634 -0.0290767 11.9626 22.4667 -13 113 0 0 1
-0.114393 -0.244094 400 -0.0731401 0.0351833 8.06601 24.6162 -13 114 0 0 1
-0.241265 -0.068018 400 -0.0374117 0.0348273 12.9953 26.5647 -13 124 0 0 1
-0.0216628 -0.188352 400 -0.0553009 0.00725918 11.4975 32.4129 -13 139 0 0 1
0.0432097 0.00931181 400 -0.0242012 -0.0127766 14.3932 30.8837 -13 144 0 0 1
-0.375887 0.12844 400 0.0926654 0.0315688 9.23371 26.3737 -13 146 0 0 1
-0.117678 -0.0406591 400 -0.0672492 0.0063711 11.2409 28.2749 -13 147 0 0 1
-0.0956417 -0.0641292 400 0.00256752 0.00971904 9.88298 19.6763 -13 167 0 0 1
0.0317081 -0.148667 400 -0.0295422 -0.0326805 11.3516 13.8498 -13 168 0 0 1
3.6292 4.2728 400 -0.0417682 0.0187822 0.0771105 12.0621 11 168 1001 0 1
0.281944 0.0784584 400 0.0102113 -0.100211 8.94014 35.1955 -13 170 0 0 1
-nan -nan -nan -nan -nan -nan -nan -13 193 0 0 1
0.0815067 0.10546 400 0.0143231 -0.00694098 12.3292 16.4487 -13 198 0 0 1
0.101298 -0.0673707 400 -0.0148259 -0.00907143 13.2546 17.5409 -13 344 0 0 1
0.100354 0.00356673 400 -0.000655001 -0.00162486 9.73131 15.7205 -13 345 0 0 1
-0.0549248 -0.0527984 400 -0.0294795 -0.00797103 13.4556 26.1337 -13 346 0 0 1
-0.31327 0.716139 400 0.0393058 -0.0596677 0.813182 357.138 -13 353 0 0 1
0.184364 -0.0444203 400 0.0112009 -0.0333914 10.8659 40.7809 -13 354 0 0 1
0.34344 -0.174977 400 0.0532206 -0.11137 6.09355 42.932 -13 368 0 0 1
0.0789772 -0.16701 400 -0.00845348 -0.00122262 14.2033 19.5945 -13 373 0 0 1
-0.163935 0.270888 400 0.0404101 0.00980131 4.98592 34.3046 -13 374 0 0 1
-0.0608052 0.037535 400 -0.0647092 0.0635119 6.59405 34.6696 -13 376 0 0 1
-0.216224 -0.102355 400 -0.00610112 0.0346202 10.5232 24.0314 -13 377 0 0 1
-nan -nan -nan -nan -nan -nan -nan -13 378 0 0 1
-0.273279 -0.0558986 400 0.0396441 0.0332428 7.42152 22.5445 -13 379 0 0 1
0.111922 0.231313 400 -0.00161107 -0.0268184 4.94399 36.2644 -13 605 0 0 1
-0.111618 -0.104004 400 0.00407035 -0.00562827 11.8795 17.2052 -13 609 0 0 1
0.0831629 0.206459 400 0.02795 -0.0123243 7.86765 30.1991 -13 612 0 0 1
-0.158965 -0.0140922 400 -0.055709 0.0522566 12.443 26.2217 -13 613 0 0 1
0.897517 5.37 400 0.0296691 0.00631143 0.0260994 28.8105 11 613 1001 0 1
0.0662431 0.156507 400 0.0118321 -0.0124999 12.1221 14.3651 -13 614 0 0 1
0.535116 0.0183908 400 0.268647 0.0266157 3.75593 53.9426 -13 615 0 0 1
0.181569 -0.0873486 400 -0.0113059 -0.0561064 3.85966 61.0049 -13 616 0 0 1
0.153833 -0.0150982 400 0.00428545 -0.0130249 8.11485 37.5327 -13 618 0 0 1
-0.18081 0.0470982 400 -0.0641021 0.0406127 12.3656 31.4485 -13 620 0 0 1
0.562184 0.58988 400 0.0641605 -0.0906884 11.1624 41.0914 -13 622 0 0 1
0.0837477 0.0164683 400 0.00383178 0.00751438 9.73879 29.1005 -13 623 0 0 1
0.038007 0.130928 400 0.0108962 -0.00140611 14.1726 11.6362 -13 624 0 0 1
0.116823 0.0809815 400 0.0315883 0.0173445 9.08756 31.8126 -13 625 0 0 1
-4.74554 1.68064 400 -0.00542862 0.00540755 0.0680264 29.0667 11 625 1002 0 1
-0.439679 -0.35327 400 -0.145003 0.0773944 6.04608 31.857 -13 626 0 0 1
-0.165521 -0.0213257 400 -0.0196495 0.0237178 14.0786 22.7051 -13 632 0 0 1
-0.0473733 -0.135067 400 -0.0355714 0.0144195 8.36219 25.6169 -13 633 0 0 1
-0.648675 -0.444677 400 -0.0360505 0.0855507 4.85337 32.0609 -13 634 0 0 1
0.173549 0.00384013 400 0.0278631 -0.0143242 8.05809 35.2129 -13 635 0 0 1
-0.475534 0.339986 400 0.00221398 0.101816 14.1359 17.7242 -13 636 0 0 1
0.114784 0.139104 400 0.0123008 -0.0450443 7.98488 39.941 -13 637 0 0 1
-0.224802 0.210267 400 -0.0234049 0.0984915 12.7114 27.4094 -13 638 0 0 1
0.0836868 0.0877521 400 0.0230881 -0.00693319 14.0033 15.9869 -13 639 0 0 1
-0.136316 -0.0228375 400 -0.00573186 -0.00227102 10.8972 14.5122 -13 640 0 0 1
0.595427 -0.311734 400 0.029748 -0.131323 4.3863 41.5529 -13 641 0 0 1
0.0667564 0.073808 400 -0.0175968 -0.0486993 7.16351 43.1143 -13 642 0 0 1
0.215167 0.0840354 400 0.00418446 -0.0354679 11.0488 13.86 -13 643 0 0 1
-0.0806099 -0.058799 400 -0.00433778 0.00505676 13.7663 27.6543 -13 646 0 0 1
0.230257 -0.109451 400 -0.00753713 -0.00987909 6.32865 33.009 -13 649 0 0 1
0.106909 0.0748211 400 0.00577632 0.0124168 13.5327 14.9874 -13 650 0 0 1
0.184925 -0.0235878 400 -0.026933 -0.00745045 10.4794 39.9545 -13 652 0 0 1
0.159609 -0.00306094 400 0.00563645 -0.0172718 11.9827 29.8126 -13 653 0 0 1
0.0360045 -0.140423 400 -0.0334773 0.00360046 14.3612 32.4832 -13 655 0 0 1
-0.147719 0.221072 400 0.0124969 -0.00860078 9.58273 31.2972 -13 656 0 0 1
0.142492 0.0372903 400 0.0256294 -0.020153 7.95382 39.9443 -13 657 0 0 1
1.67511 -0.243782 400 0.0288366 0.0295345 0.0469462 39.6798 11 657 1003 0 1
-0.143051 -0.02083 400 0.009925 0.00354663 14.4592 24.0494 -13 659 0 0 1
0.164237 0.183315 400 0.0144098 -0.0557929 8.19097 46.7321 -13 664 0 0 1
-0.00761767 0.0293909 400 -0.00666422 -0.00588038 13.5836 28.0359 -13 670 0 0 1
-1.62177 -0.309349 400 0.101737 0.0993087 0.504388 109.107 -13 672 0 0 1
0.0245865 -0.0376678 400 -0.000818381 0.0313948 3.88764 48.9806 -13 673 0 0 1
-0.0681148 -0.0914654 400 -0.00394602 0.000594851 12.5547 40.9634 -13 674 0 0 1
-0.0619396 0.00847475 400 -0.0189133 0.0331816 12.9035 37.427 -13 676 0 0 1
-0.106879 0.106387 400 0.0141468 0.0174765 9.40513 31.1547 -13 678 0 0 1
0.164858 -0.076827 400 0.0346108 -0.0192817 8.1176 30.5077 -13 679 0 0 1
0.021544 -0.129977 400 -0.0322888 -0.0304485 9.27026 34.2235 -13 680 0 0 1
-0.0547759 -0.0256808 400 -0.00538089 0.0246893 14.0697 13.2178 -13 681 0 0 1
0.202897 0.0685764 400 0.0218955 -0.025256 13.2638 12.1845 -13 682 0 0 1
0.307039 -0.00481258 400 0.00954693 -0.0501527 12.9975 36.2177 -13 683 0 0 1
0.01262 0.171743 400 0.0518102 0.0408023 8.59332 33.2684 -13 684 0 0 1
0.189442 -0.0579468 400 -0.0118874 -0.0355988 12.3203 28.9301 -13 691 0 0 1
0.581366 1.17572 400 0.143601 -0.0674188 6.67486 35.1402 -13 696 0 0 1
-0.0146046 0.154042 400 0.0344993 -0.00354278 10.0264 32.9647 -13 697 0 0 1
0.0324361 0.170011 400 0.0689774 -0.00981083 13.3381 34.7326 -13 699 0 0 1
0.112701 -0.236102 400 -0.0482096 0.00114908 12.2913 37.2403 -13 702 0 0 1
0.172776 0.0347629 400 -0.0510659 -0.044687 9.39625 24.1342 -13 704 0 0 1
-0.0689847 -0.0894516 400 0.00545664 0.00783916 10.1108 20.9984 -13 705 0 0 1
-0.0823504 0.00664994 400 -0.0203098 -0.0176365 9.57619 30.6434 -13 706 0 0 1
0.0239619 0.171252 400 0.0329357 0.0294026 13.8478 12.0344 -13 707 0 0 1
0.577508 -0.23539 400 -0.0623005 -0.102828 10.5401 31.8674 -13 708 0 0 1
0.0139073 -0.766165 400 -0.175541 -0.000216714 3.72103 50.7123 -13 709 0 0 1
0.0186265 0.0166556 400 0.0179077 -0.0234985 14.163 12.0612 -13 711 0 0 1
-0.050597 0.0433608 400 0.00949142 -0.00123711 12.3779 41.1738 -13 715 0 0 1
0.205081 -0.326629 400 -0.0454723 -0.0492167 13.1189 31.7995 -13 716 0 0 1
-0.0231219 0.184744 400 0.0399836 -0.00968002 8.69976 24.6327 -13 718 0 0 1
-0.310368 -0.213294 400 -0.049267 0.035476 10.6627 22.2995 -13 719 0 0 1
0.527556 0.314831 400 0.0237959 -0.0876245 11.2788 41.5248 -13 720 0 0 1
0.000492624 -0.0436445 400 -0.0489729 -0.00947949 9.67909 40.7281 -13 721 0 0 1
0.0477167 -0.45418 400 -0.076879 0.0225809 5.05069 38.2739 -13 722 0 0 1
0.282899 0.245371 400 0.106458 -0.0406279 4.91951 50.8453 -13 724 0 0 1
0.0727016 0.373437 400 0.0487582 0.00639827 5.41039 37.0973 -13 729 0 0 1
0.00645327 0.0994273 400 -0.000166566 0.02561 10.9805 30.0061 -13 735 0 0 1
0.17504 0.337131 400 0.0990082 -0.0263554 8.24418 37.8659 -13 737 0 0 1
-0.0312758 0.211302 400 0.00357981 -0.0103852 13.0407 34.9253 -13 740 0 0 1
5.53776 2.04431 400 0.470524 -0.813942 2.87075 51.9653 -13 744 0 0 1
0.246956 0.0133424 400 0.0134005 -0.0197586 11.5023 27.4768 -13 745 0 0 1
-0.0874656 0.0501052 400 0.030609 -0.0105377 10.4496 35.6714 -13 750 0 0 1
0.41543 0.771974 400 0.0533014 -0.0621856 6.55384 26.1364 -13 752 0 0 1
-0.372377 6.80932 400 0.013111 -0.0195812 0.0351412 25.5782 11 752 1007 0 1
-0.0460643 0.10194 400 0.0504456 -0.0558517 10.8077 16.3183 -13 753 0 0 1
0.128234 -0.634906 400 -0.0712397 -0.0976565 8.09129 38.2648 -13 760 0 0 1
-0.0739609 -0.113771 400 -0.0322923 0.00959017 6.36914 29.3902 -13 761 0 0 1
-0.210429 -0.0371312 400 0.0241806 0.092034 13.8703 39.047 -13 762 0 0 1
-0.0218409 -0.046011 400 -0.0273428 0.00516267 13.4033 14.7329 -13 774 0 0 1
0.0701937 -0.0136212 400 -0.0088502 -0.0141911 11.8524 24.0876 -13 776 0 0 1
0.218139 -0.0574191 400 -0.0114816 -0.0230434 9.56577 19.8301 -13 780 0 0 1
-0.0575827 0.12159 400 0.080153 -0.00249561 11.6477 17.0938 -13 781 0 0 1
-0.126253 -0.0874162 400 -0.0108697 0.0218849 10.069 18.0134 -13 782 0 0 1
-0.0786666 0.0884865 400 -0.0179195 0.0549547 6.96226 37.3288 -13 783 0 0 1
-0.0386909 0.122619 400 0.0235464 -0.00730937 6.90619 23.6032 -13 784 0 0 1
-0.342395 0.0167639 400 -0.00665425 0.0720866 5.00006 42.5844 -13 785 0 0 1
0.111599 0.172635 400 -0.00924625 -0.00939182 9.58426 34.1801 -13 786 0 0 1
-0.105748 0.0878587 400 0.0139585 -0.0356577 8.92456 33.0928 -13 787 0 0 1
-0.129066 -0.0316646 400 -0.00413527 0.0323617 12.3568 30.2053 -13 788 0 0 1
0.0862984 0.000888426 400 -0.00720362 -0.00304363 14.1671 25.6882 -13 789 0 0 1
-0.0720979 0.417106 400 0.0277312 0.0376601 9.94934 41.6914 -13 790 0 0 1
-0.703019 0.0425971 400 -0.0483535 0.0382797 4.92349 53.0764 -13 791 0 0 1
0.314667 0.102235 400 0.0324334 -0.0720847 11.7781 40.7556 -13 792 0 0 1
-0.12078 -0.029998 400 -0.00720623 0.0216601 11.4251 29.8854 -13 793 0 0 1
-0.0619751 0.131656 400 0.00856635 -0.0259753 11.4879 21.3303 -13 795 0 0 1
-0.0252361 0.170744 400 0.0344858 -0.0427872 14.0087 35.4258 -13 797 0 0 1
-0.0064445 0.0156818 400 0.00877215 -0.0068547 13.7152 35.9464 -13 798 0 0 1
0.154708 -0.212708 400 -0.0517583 -0.0111135 9.38094 44.9208 -13 799 0 0 1
0.186437 -0.0514307 400 -0.0502099 -0.0228402 13.5531 13.3934 -13 800 0 0 1
0.0830313 -0.113421 400 0.0171436 0.0559124 5.77554 29.6785 -13 801 0 0 1
0.371424 -0.0935663 400 -0.00223632 -0.00294557 12.544 38.7503 -13 805 0 0 1
-3.07726 -0.748346 400 -0.0226822 0.00767572 0.0472425 42.764 11 805 1003 0 1
-0.272047 -0.200967 400 -0.00163243 0.0430661 7.5923 32.4073 -13 826 0 0 1
-0.218497 0.0307354 400 -0.0497605 0.0140826 7.84846 46.3508 -13 835 0 0 1
0.0491628 0.0341576 400 -0.0162528 -0.0093873 12.8346 28.431 -13 838 0 0 1
-0.106693 -0.234268 400 -0.00158085 0.0149305 4.27942 56.1678 -13 844 0 0 1
-0.0231923 0.095762 400 0.0258048 0.0390629 12.2945 28.7355 -13 846 0 0 1
-0.0227974 -0.0937956 400 -0.00991844 0.0180843 8.89636 24.3927 -13 851 0 0 1
-0.318308 -0.654761 400 -0.0636902 0.0365894 0.972131 95.1187 -13 852 0 0 1
-0.162567 0.0204853 400 0.0063876 0.0257138 11.563 36.3692 -13 855 0 0 1
0.161127 -0.048446 400 0.0105042 -0.0323745 13.7678 39.3532 -13 973 0 0 1
0.0238716 -0.0387707 400 -0.0130301 -0.0271171 10.2871 34.2329 -13 975 0 0 1
0.153131 0.262702 400 0.0298852 0.018097 6.72901 27.7667 -13 976 0 0 1
-0.0809219 -0.0880813 400 -0.00418457 0.00122643 13.7257 29.5248 -13 979 0 0 1
-0.0844898 -0.166324 400 -0.01987 0.031004 9.69364 15.9156 -13 981 0 0 1
-0.109284 0.12565 400 0.0297385 0.0104871 13.6237 23.7115 -13 982 0 0 1
0.183958 0.903952 400 0.0390363 -0.166455 5.68156 48.8486 -13 983 0 0 1
-0.22666 0.235884 400 0.043672 0.0222055 10.0838 17.1535 -13 984 0 0 1
0.0721502 0.113033 400 0.0092977 -0.0269975 11.2615 28.4334 -13 985 0 0 1
0.00225229 0.0387952 400 -0.0262879 0.00903726 8.40762 36.0818 -13 986 0 0 1
0.0384141 -0.0953253 400 -0.0246341 -0.00511785 14.2418 35.0745 -13 987 0 0 1
-0.0424064 0.102985 400 -0.0228378 0.0466295 6.66047 43.4975 -13 988 0 0 1
0.40275 0.336308 400 0.00952886 -0.02635 2.80275 64.409 -13 989 0 0 1
0.168458 -0.0727049 400 0.00917327 -0.0366108 11.2751 42.0701 -13 993 0 0 1
-0.0540724 0.101709 400 0.0228464 -0.00395591 13.0411 36.6298 -13 996 0 0 1
0.0126988 0.00799435 400 0.0133064 0.0150191 14.5198 19.0483 -13 997 0 0 1
0.0135913 -0.0417967 400 0.0040373 -0.00146881 10.2627 39.4505 -13 998 0 0 1
-0.187246 0.164327 400 0.0309237 0.00781946 7.39506 24.5741 -13 999 0 0 1
-0.345932 0.26544 400 0.0263173 0.0435644 5.17321 42.0014 -13 8 0 0 1
-0.0250823 0.0201153 400 -0.0174211 0.00228375 11.8185 16.1455 -13 12 0 0 1
0.0318058 0.168887 400 0.0159106 0.00714268 8.48386 27.2478 -13 27 0 0 1
0.112246 0.040282 400 0.00604928 0.00237301 11.5812 40.2237 -13 28 0 0 1
-0.201244 -0.258379 400 0.0481606 0.0486057 5.08624 32.1263 -13 46 0 0 1
-0.109426 0.0313132 400 -0.00980417 0.0249519 11.4198 20.8721 -13 47 0 0 1
0.545982 0.112887 400 0.0341151 -0.0964558 8.20122 19.0375 -13 53 0 0 1
0.761718 2.59477 400 -0.0100188 0.017695 0.046084 19.0537 11 53 1005 0 1
0.121577 -0.0428772 400 0.0224368 -0.0069308 14.1271 19.3226 -13 56 0 0 1
0.0535419 0.467159 400 -6.15829e-05 -0.0954397 8.21008 43.5961 -13 77 0 0 1
0.329682 -0.190136 400 -0.0198102 0.00558541 8.52583 25.3407 -13 88 0 0 1
0.0370029 0.13767 400 0.0179499 0.000914331 7.71742 44.4885 -13 93 0 0 1
-0.392936 0.52306 400 -0.0146054 0.0174143 2.3501 56.5444 -13 96 0 0 1
0.0128303 -0.224899 400 -0.0521429 0.0127191 12.3263 12.8233 -13 100 0 0 1
0.0112449 0.0402721 400 0.0103016 -0.00409377 11.4751 39.2381 -13 125 0 0 1
0.285347 -0.135516 400 -0.0157476 0.0057459 9.64772 20.951 -13 127 0 0 1
0.0700298 0.0653947 400 0.0425557 0.0180485 13.3619 15.3149 -13 135 0 0 1
0.0350346 -0.188702 400 -0.0623688 -0.0124156 7.40396 32.7336 -13 148 0 0 1
0.0840367 -0.143622 400 0.00571511 -0.00798104 7.03426 29.0681 -13 149 0 0 1
-0.0493604 0.222819 400 0.03403 -0.00325675 9.79943 38.5527 -13 174 0 0 1
-0.120521 0.100249 400 0.0303049 0.00512643 10.7853 27.8813 -13 176 0 0 1
0.144261 -0.305095 400 -0.0553765 -0.0413055 3.51658 44.9661 -13 177 0 0 1
-0.235614 -0.210389 400 -0.0491318 0.00476854 5.55424 42.0153 -13 179 0 0 1
-1.00746 -1.13905 400 -0.205053 0.162576 5.76422 25.7756 -13 189 0 0 1
6.31326 -2.89548 400 -0.00163254 -0.0159075 0.0361027 25.2401 11 189 1004 0 1
0.485855 0.25225 400 0.00717224 -0.128594 1.3604 83.9522 -13 208 0 0 1
-0.11928 -0.0419473 400 -0.0400597 0.00759394 8.98387 45.0996 -13 213 0 0 1
-0.221267 -0.0759062 400 -0.0156743 0.0601862 10.9246 29.6788 -13 242 0 0 1
0.0410498 -0.241788 400 -0.047516 0.0123951 13.8045 38.4972 -13 243 0 0 1
-0.105903 -0.235418 400 -0.0243081 -0.107317 8.70182 40.1135 -13 244 0 0 1
-0.171747 0.276495 400 -0.0116959 0.0287571 8.1075 26.7573 -13 246 0 0 1
-0.171654 -0.312444 400 -0.0578711 -0.00139233 11.8215 39.8067 -13 248 0 0 1
-0.225675 0.13215 400 0.0148791 0.0417152 10.3555 33.4867 -13 250 0 0 1
0.181199 -0.0929581 400 -0.0177298 -0.0480396 12.2529 12.6984 -13 256 0 0 1
-0.0228797 0.424997 400 0.0986502 0.0034723 11.2765 24.0875 -13 257 0 0 1
0.133962 0.235678 400 0.0530457 -0.00252989 12.9521 30.5702 -13 262 0 0 1
-0.0775228 0.134475 400 0.135811 -0.0793289 3.45301 62.9484 -13 264 0 0 1
-0.0991354 -0.400995 400 0.0324603 0.016719 -0.166756 541.34 11 264 1016 0 1
-0.133823 0.142313 400 0.0247209 0.0222795 11.3281 37.393 -13 266 0 0 1
-0.0742491 0.0574088 400 0.00225356 0.00879074 11.9899 16.9998 -13 297 0 0 1
-2.48748 3.0646 400 0.50457 0.192968 3.29532 67.1948 -13 300 0 0 1
-0.0454513 -0.126241 400 -0.0158608 -0.0209647 8.24966 44.0376 -13 301 0 0 1
0.0577568 0.0534633 400 -0.0258709 -0.0139162 11.6427 25.5905 -13 303 0 0 1
-0.146728 0.0920427 400 -0.0230593 0.0351058 11.064 23.3679 -13 305 0 0 1
-0.0969002 -0.397046 400 -0.0842184 0.0788127 4.38705 43.1288 -13 307 0 0 1
0.133812 -0.0122058 400 0.001535 -0.0132901 12.1667 19.0926 -13 312 0 0 1
-0.0738656 -0.145373 400 -0.0032371 0.0158081 6.11967 29.0298 -13 318 0 0 1
-3.98879 1.44635 400 0.000276246 -0.000330906 1.07034 370.078 -13 319 0 0 1
0.0592794 0.0782743 400 0.00947591 -0.0375601 13.8095 16.4938 -13 320 0 0 1
-0.343615 0.190455 400 -0.000243779 0.0595565 6.15317 30.8564 -13 323 0 0 1
-0.239847 0.423475 400 0.0386736 0.058732 1.09712 96.4518 -13 324 0 0 1
-0.0644498 0.104534 400 -0.0318099 0.0542724 11.4491 39.6359 -13 325 0 0 1
0.30801 0.224935 400 0.00753241 -0.0025226 7.99729 26.9542 -13 459 0 0 1
0.0280864 0.290084 400 0.0161929 -0.0263908 10.5606 17.0177 -13 460 0 0 1
-0.182158 0.332433 400 0.0393116 0.153405 3.91617 62.8044 -13 464 0 0 1
0.317286 -1.0028 400 -0.111097 -0.0188651 0.654246 84.6655 -13 471 0 0 1
0.238084 -0.0588653 400 0.0364557 0.00826471 5.41411 28.2811 -13 473 0 0 1
-0.743991 -0.172669 400 0.037044 0.13442 3.26288 64.2687 -13 728 0 0 1
-0.174144 0.180986 400 0.0275926 0.0178482 11.1722 20.2937 -13 730 0 0 1
-0.128125 0.179582 400 0.0174149 -0.0218844 7.90094 22.259 -13 734 0 0 1
0.0310875 0.230664 400 0.0642726 -0.0089232 10.984 22.9543 -13 736 0 0 1
0.145092 -0.0942634 400 0.00893031 0.0303161 8.41876 40.1975 -13 738 0 0 1
-0.0669482 -0.178064 400 -0.0279589 -0.00997864 11.9037 32.9429 -13 739 0 0 1
-0.134132 -0.134116 400 -0.00497833 -0.00330651 8.69053 36.113 -13 741 0 0 1
0.145777 0.368662 400 0.0442983 -0.00611955 4.17847 56.6735 -13 742 0 0 1
0.339899 -0.0311767 400 -0.00728076 -0.0287785 8.32716 19.1442 -13 743 0 0 1
0.00529786 0.142275 400 0.0259306 0.0235198 8.56407 42.7969 -13 746 0 0 1
0.208074 -0.103496 400 -0.0152083 -0.0369853 11.851 35.1734 -13 747 0 0 1
0.0839625 -0.199486 400 -0.0176757 -0.0408911 10.5663 30.8545 -13 748 0 0 1
-0.232367 -0.0699489 400 -0.0253759 -0.00626504 12.1132 13.6001 -13 749 0 0 1
0.349392 0.192634 400 0.054219 -0.0610035 11.1235 37.3441 -13 751 0 0 1
0.164622 -0.412388 400 -0.0750416 -0.033103 8.67806 42.1779 -13 754 0 0 1
0.0274029 -0.0733633 400 0.00903904 -0.041561 7.94653 25.5484 -13 755 0 0 1
-0.0391871 -0.0896381 400 0.0212499 -0.0282184 5.43779 38.1374 -13 756 0 0 1
-0.267449 0.0166667 400 0.0368107 0.0246373 7.20609 32.559 -13 757 0 0 1
-5.54892 -1.26854 400 -0.0029448 0.0103309 0.058354 28.5874 11 757 1005 0 1
0.00587382 -0.169439 400 -0.0445156 -0.00546529 7.9457 20.8306 -13 758 0 0 1
-0.0446174 -0.0354164 400 -0.00910783 0.0108488 12.6465 40.8782 -13 767 0 0 1
-0.0958517 -0.16944 400 -0.0420835 0.00612294 10.9073 19.6353 -13 771 0 0 1
-0.000756071 -0.10903 400 -0.00878108 -0.0194143 11.4323 17.7454 -13 773 0 0 1
0.0105487 0.0436718 400 0.0589182 -0.048822 8.5333 35.6655 -13 778 0 0 1
-4.34977 0.592146 400 0.00889406 0.00507365 0.0463204 35.0026 11 778 1004 0 1
0.0608714 0.130904 400 0.0209403 -0.00169665 12.9411 12.0249 -13 779 0 0 1
-0.0972337 0.343814 400 0.0375854 -0.0322171 7.47003 31.8585 -13 794 0 0 1
0.0180286 1.50395 400 0.174669 -0.0749789 8.8776 39.2695 -13 796 0 0 1
0.0928013 0.559314 400 0.205893 0.0526488 3.03367 51.0808 -13 806 0 0 1
-0.130436 -0.0161145 400 -0.0254017 0.00506832 13.6476 21.4757 -13 807 0 0 1
-0.405553 -0.203276 400 -0.071966 0.0294993 7.05172 30.1436 -13 808 0 0 1
-0.0379387 0.050142 400 0.00459757 4.69613e-05 14.3061 24.1388 -13 809 0 0 1
0.181486 -0.326766 400 -0.0281285 -0.0416873 6.26047 49.8174 -13 819 0 0 1
0.197853 -0.223929 400 -0.0389095 0.0176655 8.45875 21.0278 -13 821 0 0 1
0.11938 -0.244474 400 -0.0508919 -0.0502801 12.6055 34.9514 -13 823 0 0 1
0.254499 -0.0284048 400 0.0470659 -0.0317962 10.81 22.7999 -13 837 0 0 1
0.308535 0.655514 400 0.107787 0.00816957 9.87009 36.4705 -13 840 0 0 1
-0.4207 -0.826782 400 -0.0253562 0.177179 8.30091 24.6585 -13 843 0 0 1
-0.111213 0.0370439 400 0.00778662 0.033869 13.4887 20.0617 -13 845 0 0 1
-0.631468 -0.126009 400 -0.028771 0.111677 4.72503 39.4929 -13 847 0 0 1
0.278445 0.132574 400 0.0316085 -0.0593942 9.57782 17.6294 -13 849 0 0 1
0.484785 2.50974 400 0.00353244 -0.0388012 0.0255563 20.169 11 849 1004 0 1
-0.022905 -0.0131732 400 0.00575126 -0.0118224 12.378 34.0904 -13 850 0 0 1
0.0343853 -0.215968 400 -0.0338569 -0.0224994 14.3338 18.6026 -13 857 0 0 1
0.161611 -0.197857 400 -0.0250261 -0.0594455 10.2226 40.6304 -13 858 0 0 1
-0.10979 0.182502 400 0.0280644 0.0389609 13.0427 36.2246 -13 860 0 0 1
-0.212329 -0.00702413 400 0.0217122 0.04177 11.183 16.248 -13 861 0 0 1
0.0314362 -0.402154 400 -0.0412249 0.020562 5.95881 45.2839 -13 862 0 0 1
0.175254 0.0308902 400 0.00803091 -0.0199631 3.8672 42.4545 -13 863 0 0 1
0.0201982 0.193261 400 0.0842548 0.0417785 5.50329 54.4605 -13 866 0 0 1
-0.0891703 0.10051 400 0.039666 0.00406427 8.36116 27.6359 -13 868 0 0 1
-0.072496 0.0908459 400 -0.00711303 0.0160744 14.2426 36.496 -13 879 0 0 1
0.117454 -0.0250174 400 -0.0132606 -0.0208426 12.9448 16.9085 -13 880 0 0 1
-0.173083 -0.0688165 400 -0.0190212 0.0385167 14.5353 22.8425 -13 881 0 0 1
-0.126736 0.661266 400 0.101716 0.0408681 6.44445 43.5107 -13 882 0 0 1
0.180646 0.146986 400 -0.00567889 -0.0663497 7.14221 44.342 -13 883 0 0 1
0.399076 0.119043 400 0.0314518 -0.0719105 5.74152 42.1104 -13 884 0 0 1
0.265799 0.00228201 400 0.0121779 -0.0438527 12.5658 13.423 -13 885 0 0 1
-0.123594 0.0205617 400 0.00982793 0.0166894 8.53828 17.7053 -13 887 0 0 1
-0.0549749 0.0229342 400 -0.00575887 -0.0371943 8.57077 36.3676 -13 888 0 0 1
0.0408312 -0.0720211 400 -0.0203759 -0.0383093 11.3146 37.7233 -13 889 0 0 1
-0.395377 1.05517 400 0.0771941 0.225117 10.8476 25.3387 -13 890 0 0 1
-0.110745 0.291522 400 0.0540962 0.0307287 7.54797 27.409 -13 891 0 0 1
0.192734 -0.0749694 400 -0.0232958 -0.0993397 14.0659 19.3832 -13 892 0 0 1
0.10203 -0.0484274 400 0.00634679 0.000692251 9.39796 19.2136 -13 893 0 0 1
-0.188892 0.194255 400 0.0380689 0.0418492 12.606 30.1679 -13 894 0 0 1
-0.114577 1.64475 400 0.00850266 0.0343964 -0.0459451 47.6771 11 894 1001 0 1
-1.35571 -0.367122 400 -0.032568 -0.0402806 0.0215329 52.0687 11 894 1001 0 1
0.0967937 -0.0642161 400 -0.0540427 -0.0217053 11.6155 29.5453 -13 895 0 0 1
0.0995341 -0.0255413 400 0.0129488 -0.0379551 6.6984 31.2689 -13 899 0 0 1
-0.0330713 -0.123969 400 -0.0132377 0.00242994 11.4336 14.6861 -13 900 0 0 1
-0.0878216 0.0128895 400 0.0387202 0.0769634 6.62214 29.5701 -13 903 0 0 1
-0.0454607 0.135554 400 0.0313892 0.0129164 12.556 19.3809 -13 904 0 0 1
0.0366822 0.302588 400 0.0311794 -0.0100827 5.19153 45.4526 -13 905 0 0 1
-0.0153348 0.278689 400 0.0583947 -0.0139759 10.4685 33.8859 -13 906 0 0 1
-0.140674 -0.00957106 400 0.00125768 0.0227608 11.6325 39.0999 -13 907 0 0 1
-0.119873 0.271787 400 0.0196452 0.0317474 12.9375 14.8919 -13 908 0 0 1
0.152477 0.0543753 400 -0.00666882 0.0315823 7.26769 34.9279 -13 909 0 0 1
0.129151 0.167805 400 0.092555 0.0310769 9.27109 17.4915 -13 910 0 0 1
0.000889835 0.576441 400 0.0239081 -0.119108 1.73498 82.7878 -13 911 0 0 1
-0.10274 -0.0730743 400 -0.0315689 0.0314102 11.8385 14.4736 -13 912 0 0 1
-0.146795 0.0215176 400 -0.00564627 0.0191924 13.2399 15.7748 -13 10 0 0 1
0.577013 0.0482929 400 0.0695113 -0.0968338 10.6371 16.192 -13 11 0 0 1
0.173648 0.0651541 400 0.0186203 -0.0764938 3.84469 41.7657 -13 13 0 0 1
-0.210808 0.0652035 400 -0.0179595 0.0259374 14.5024 17.0184 -13 17 0 0 1
0.0935277 0.137399 400 0.0423019 -0.0294438 7.05154 41.8139 -13 29 0 0 1
-0.151615 -0.219272 400 -0.0658823 0.0419832 8.48885 22.4841 -13 32 0 0 1
-0.058176 0.0510752 400 0.00670511 0.0105342 13.2697 17.4239 -13 49 0 0 1
-0.07424 0.406369 400 0.0406568 0.00343388 4.295 59.8047 -13 50 0 0 1
-0.365785 0.115408 400 -0.0158145 0.0760953 3.08651 47.857 -13 54 0 0 1
-0.352296 0.121063 400 0.00853526 -0.000116618 0.00649929 47.8961 11 54 1010 0 1
-0.0625468 0.130517 400 0.0514673 -0.0537644 9.38059 28.1976 -13 62 0 0 1
-0.197468 -0.0200524 400 -0.0682194 0.0435036 5.42709 39.6484 -13 69 0 0 1
-0.0333527 0.00744286 400 0.0102669 -0.00688606 0.0341356 39.5703 11 69 1008 0 1
-0.0581433 -0.197824 400 -0.0479973 0.0510146 11.6887 16.3102 -13 71 0 0 1
0.00180876 0.00788211 400 -0.0137945 0.00580961 12.6833 36.4964 -13 79 0 0 1
0.178499 -0.00779113 400 -0.0295034 -0.0460889 8.72283 39.5696 -13 81 0 0 1
-0.148065 -0.0143441 400 0.00394936 0.0462796 13.206 34.19 -13 82 0 0 1
-0.214079 -0.303149 400 -0.050122 -0.0061892 9.86257 33.5489 -13 83 0 0 1
-0.0476794 0.237467 400 0.032941 -0.0228027 13.5763 14.6206 -13 85 0 0 1
0.801446 -7.67823 400 0.034054 -0.0156712 0.0144063 25.4835 11 85 1003 0 1
-0.176593 0.288146 400 0.123007 0.064831 2.27528 79.5623 -13 87 0 0 1
-0.0680124 -0.595107 400 0.0637406 -0.0402892 0.816112 351.578 -13 102 0 0 1
-0.0336882 0.0664839 400 -0.018729 -0.00313993 13.7663 28.4089 -13 107 0 0 1
-0.0693227 0.00121522 400 0.0032517 -0.00559469 13.2432 33.5077 -13 132 0 0 1
0.00203226 0.130036 400 0.0278594 0.0238601 14.5488 29.085 -13 133 0 0 1
-0.153274 -0.489855 400 -0.116525 -0.00498917 7.23667 38.6602 -13 134 0 0 1
0.122968 0.0388514 400 0.128173 0.00499803 4.65527 35.7317 -13 138 0 0 1
-0.0988828 0.00544089 400 -0.0138274 0.0106988 13.6996 34.4433 -13 153 0 0 1
-0.20252 -0.0343353 400 -0.0122281 0.0122078 9.95813 39.8451 -13 155 0 0 1
-0.119886 0.0732361 400 0.0174611 0.0442066 11.9859 28.9737 -13 156 0 0 1
-0.0413729 -0.336933 400 -0.0405129 0.0281173 8.42849 27.4377 -13 158 0 0 1
0.0479827 0.0317986 400 0.0147255 -0.00377039 14.1112 17.4269 -13 161 0 0 1
-0.0125764 0.134264 400 0.0257373 -0.00827124 9.25835 33.206 -13 182 0 0 1
-0.0599973 0.0415638 400 -0.0259112 0.00891417 14.0186 15.9415 -13 183 0 0 1
0.0721799 0.0347099 400 -0.000415154 -0.00279445 11.5041 28.6018 -13 185 0 0 1
0.027014 -0.115714 400 -0.00951183 -0.0257389 8.43051 22.9014 -13 190 0 0 1
0.0431112 -0.0207636 400 0.00608428 -0.00194264 12.2514 18.019 -13 191 0 0 1
-0.095931 -0.00099464 400 -0.00509296 0.0294096 10.3616 21.1509 -13 194 0 0 1
-0.0906737 -0.390639 400 -0.0559305 -0.0149363 10.8706 35.3848 -13 195 0 0 1
-0.0425798 -0.153295 400 0.0150308 0.0195491 0.84692 356.752 -13 197 0 0 1
0.0352966 -0.0211227 400 0.00987455 -0.00955949 11.6046 34.3666 -13 201 0 0 1
-0.352207 -0.0865863 400 0.00612135 0.0772068 3.43069 47.9816 -13 221 0 0 1
-0.107489 0.0131831 400 -0.00512597 0.0356779 8.91054 23.2591 -13 222 0 0 1
-0.0898788 0.0549133 400 0.00499801 0.00500346 13.5093 24.1807 -13 228 0 0 1
-0.0993542 -0.399352 400 -0.0542904 -0.0297909 13.4319 21.7284 -13 229 0 0 1
0.150775 0.138809 400 0.0102566 -0.0101023 11.978 13.6786 -13 230 0 0 1
0.0187668 -0.174999 400 -0.00599984 -0.00179044 9.06684 42.2104 -13 231 0 0 1
0.000338715 -0.235352 400 -0.00450637 -0.056741 6.31006 41.6727 -13 232 0 0 1
0.0247413 -0.101848 400 -0.0153913 0.00175902 10.9614 41.2271 -13 233 0 0 1
-0.158217 -0.012317 400 -0.0332306 0.0242994 12.4914 14.7225 -13 234 0 0 1
-0.0385829 -0.197524 400 -0.110739 0.066504 6.28087 46.0963 -13 235 0 0 1
0.00130557 0.187128 400 0.0190367 -0.0185098 0.0266362 46.1168 11 235 1004 0 1
0.646158 0.249269 400 0.0434238 -0.0598705 4.67997 50.4413 -13 236 0 0 1
-0.196481 0.217694 400 -0.000970316 0.0473635 8.40056 32.2638 -13 237 0 0 1
0.200161 -0.0814045 400 0.00419499 -0.0395271 12.9148 23.7223 -13 245 0 0 1
-0.174653 -0.0196405 400 -0.0400499 0.0172233 11.6469 23.0118 -13 247 0 0 1
0.0601327 -0.0918563 400 -0.0261 -0.0060639 12.3544 22.6166 -13 249 0 0 1
5.64628e-05 -0.0933284 400 0.00450077 0.00524096 11.9317 33.4709 -13 253 0 0 1
-0.418445 -0.249162 400 -0.0878181 0.0057664 8.32558 21.9231 -13 254 0 0 1
-0.0568194 0.0345494 400 0.00844005 0.0369286 12.0656 19.7648 -13 255 0 0 1
0.10508 0.0502063 400 0.0177843 -0.039271 14.2124 34.0789 -13 260 0 0 1
0.0133518 -0.054181 400 0.00438957 -0.00338819 14.0655 32.9458 -13 267 0 0 1
0.21656 0.132832 400 0.0184178 -0.0347137 12.2755 17.5244 -13 268 0 0 1
0.26011 0.0331596 400 0.0296219 -0.0402797 11.8026 24.2207 -13 269 0 0 1
-1.68737 1.3908 400 0.0186036 -0.00427939 0.109259 19.7744 11 269 1004 0 1
-0.36073 -0.236182 400 -0.0179959 0.0713638 3.36302 69.1491 -13 270 0 0 1
0.0798983 -0.377047 400 -0.0448221 -0.0502367 8.81503 36.0851 -13 275 0 0 1
-0.0647229 0.134949 400 0.0133549 0.00486344 13.3536 31.6183 -13 279 0 0 1
0.111037 -0.187986 400 -0.0455563 -0.071048 8.15031 37.7114 -13 281 0 0 1
0.19375 0.0792301 400 0.0364973 -0.00329643 10.719 20.8466 -13 283 0 0 1
-0.0926755 -0.574163 400 -0.199699 0.0580252 3.09783 70.0143 -13 285 0 0 1
0.153509 -0.132387 400 -0.0436629 -0.0162258 10.8847 41.5807 -13 287 0 0 1
0.0399418 -0.10168 400 -0.0337004 0.00633213 7.42803 48.4715 -13 293 0 0 1
-0.105952 0.0863599 400 -0.0288257 0.000219842 7.25954 42.8653 -13 295 0 0 1
1.09838 -1.16446 400 0.0412574 -0.0705112 0.990048 97.7287 -13 298 0 0 1
0.0339795 -0.241459 400 -0.0348956 -0.0269793 7.58172 34.9883 -13 302 0 0 1
-0.103897 -0.0449717 400 -0.00903876 0.0223487 9.85231 21.5003 -13 414 0 0 1
-0.0166753 -0.0218356 400 -0.0163825 -0.0167039 12.653 25.5922 -13 416 0 0 1
0.182254 0.124437 400 0.0466858 -0.0397279 10.0374 40.9999 -13 418 0 0 1
-0.0240438 -0.7524 400 -0.0999078 0.00644429 7.67472 32.7653 -13 419 0 0 1
-0.132627 0.195143 400 0.0480728 -0.0221754 12.452 21.8488 -13 420 0 0 1
-0.261778 -0.334401 400 -0.0280143 0.0254432 7.09955 24.412 -13 422 0 0 1
-0.0159913 0.0928358 400 0.00729311 0.00483006 9.32762 25.6321 -13 424 0 0 1
-0.144919 0.164809 400 0.0148301 0.0461044 7.05656 28.7695 -13 428 0 0 1
0.0383881 -0.382449 400 -0.0375712 -0.0243251 7.85407 31.5663 -13 429 0 0 1
-0.0809479 -0.161582 400 -0.0311669 0.00890501 10.8523 23.505 -13 431 0 0 1
-0.451464 -0.0988318 400 -0.0597903 0.0634718 9.95183 32.8558 -13 432 0 0 1
-0.0602731 -0.0112591 400 -0.0061303 0.00460754 11.0529 38.5304 -13 433 0 0 1
-0.0139077 -0.025431 400 0.0225744 0.0285834 13.7069 22.1651 -13 434 0 0 1
-0.0264225 -0.163052 400 -0.00158792 -0.022459 11.3931 27.8755 -13 435 0 0 1
-0.192693 0.0773351 400 0.000156033 0.0719797 11.2558 19.848 -13 436 0 0 1
0.0678438 0.0115584 400 0.000910102 -0.00809067 10.7043 25.0333 -13 437 0 0 1
0.0756992 0.0997336 400 0.0229931 -0.0154315 11.129 29.6178 -13 438 0 0 1
0.439852 0.219962 400 0.0864911 -0.0954974 8.85119 37.4333 -13 440 0 0 1
-0.241272 -0.0806051 400 0.0276437 0.0374544 11.3776 27.0675 -13 441 0 0 1
-0.0473293 0.186793 400 0.00816674 0.0312403 11.3917 23.7276 -13 444 0 0 1
0.027407 -0.00932925 400 -0.0301796 0.0242553 7.84179 39.0222 -13 451 0 0 1
-0.536616 0.646257 400 0.00130621 0.0952114 1.32872 70.262 -13 455 0 0 1
0.260311 0.117076 400 0.0223071 -0.0328656 13.6858 37.0332 -13 462 0 0 1
-0.0645358 -0.0923374 400 -0.00634327 -0.00150383 13.6992 27.3127 -13 498 0 0 1
-0.0196766 -0.175835 400 -0.0385458 0.0130172 11.8901 28.2004 -13 499 0 0 1
-0.994803 -1.27621 400 -0.0462469 -0.0145838 0.0237959 36.7875 11 499 1004 0 1
0.0500979 -0.0203486 400 -0.014662 0.00359068 12.6677 25.0722 -13 500 0 0 1
0.0594027 0.163077 400 0.0371643 0.0937175 7.91729 24.0693 -13 514 0 0 1
0.271595 0.0820077 400 0.0606938 -0.0640913 9.71805 22.309 -13 525 0 0 1
0.911896 2.34055 400 0.413956 -0.0702534 3.20903 69.8164 -13 527 0 0 1
-0.109462 0.129889 400 0.00395113 0.00847329 8.32471 40.1678 -13 530 0 0 1
0.10702 -0.0440526 400 0.00794566 -0.012251 11.3375 18.7884 -13 539 0 0 1
0.0115053 -0.00102714 400 0.0495762 0.0104063 11.2637 38.6805 -13 540 0 0 1
0.0921538 -0.136696 400 -0.0270208 -0.0154359 10.6876 33.3421 -13 547 0 0 1
-0.102228 -0.0187678 400 0.0226488 -0.00875759 8.61514 33.4806 -13 550 0 0 1
0.0153253 -0.0816214 400 -0.0563822 0.018549 5.07594 29.5249 -13 554 0 0 1
-0.043631 0.134952 400 0.0392876 -0.0583071 6.17941 44.0916 -13 556 0 0 1
-0.207543 0.070909 400 0.0227514 0.0283829 10.9451 41.6555 -13 559 0 0 1
-0.0384213 0.0350199 400 -0.0050196 -0.000537435 13.6097 11.6726 -13 560 0 0 1
-0.208638 0.369729 400 -0.000764488 0.0485629 5.23249 53.8587 -13 561 0 0 1
-0.234917 0.353105 400 0.0863558 0.0725657 11.0555 16.9358 -13 562 0 0 1
-0.143401 -0.169866 400 -0.0681375 0.0285195 11.8422 38.4427 -13 568 0 0 1
-0.0342131 -0.101381 400 -0.0134541 -0.00256522 13.5432 22.1348 -13 569 0 0 1
0.165395 0.224015 400 0.113807 -0.0384113 11.0839 38.9699 -13 570 0 0 1
0.00968434 0.148952 400 0.0131779 -0.0359971 0.0201924 39.0282 11 570 1001 0 1
-0.00983734 -0.116235 400 -0.00868819 -0.014021 12.6518 25.1259 -13 571 0 0 1
-0.0776145 0.17819 400 0.0170979 0.00104435 9.89073 27.0752 -13 572 0 0 1
-0.0992365 -0.132343 400 -0.0147806 -0.046495 6.51975 34.8026 -13 573 0 0 1
1.51063 -3.44182 400 0.0101715 0.0296633 0.0337328 34.4222 11 573 1007 0 1
0.205797 -0.0354234 400 0.01183 -0.021968 13.7405 19.5124 -13 574 0 0 1
0.091123 -0.216537 400 -0.0406818 0.021968 13.9659 37.0512 -13 584 0 0 1
-0.188416 0.139134 400 0.027055 0.0176254 11.2418 21.1058 -13 585 0 0 1
-0.162529 0.0528492 400 -0.0418656 0.0156934 9.38084 40.4065 -13 586 0 0 1
0.22967 0.251807 400 0.0237415 -0.0307627 13.7664 30.1254 -13 587 0 0 1
-0.135536 -0.0349289 400 -0.063276 0.093286 9.54998 24.8767 -13 588 0 0 1
2.15382 0.966338 400 0.0341722 0.0264528 0.0429534 25.2342 11 588 1002 0 1
-0.117235 0.0671555 400 0.00481976 0.0285917 13.2741 23.435 -13 589 0 0 1
0.0830741 0.106398 400 0.0215363 0.00358365 9.15106 27.7474 -13 591 0 0 1
0.113565 0.127248 400 0.0171139 -0.0211947 8.32225 30.1008 -13 592 0 0 1
-0.130129 -0.323881 400 -0.0653538 0.0422638 5.77567 51.6219 -13 593 0 0 1
-0.111888 0.1696 400 0.0110691 0.0498911 10.7633 42.8334 -13 594 0 0 1
0.0970283 0.0312323 400 -0.0461269 0.0100614 8.14132 34.5857 -13 596 0 0 1
0.080721 -0.230907 400 -0.00646083 0.0422595 10.4265 25.7963 -13 597 0 0 1
0.0472712 0.0682176 400 0.00104882 0.0034846 5.7743 31.5163 -13 599 0 0 1
0.627332 0.897926 400 0.00414468 -0.0328923 0.967132 78.2172 -13 600 0 0 1
-0.458262 0.0105585 400 -0.045536 0.062185 12.5552 29.7029 -13 601 0 0 1
-0.145737 0.246816 400 0.00356774 0.0587969 6.7919 42.9472 -13 896 0 0 1
-0.278648 -0.106432 400 -0.0616502 0.0199227 10.3582 21.4215 -13 897 0 0 1
-0.0600799 -0.0152333 400 0.040491 -0.00790663 8.41199 33.8388 -13 898 0 0 1
-0.229368 -0.187846 400 -0.00642226 0.089175 5.24817 55.1439 -13 901 0 0 1
-0.304834 -1.33333 400 0.00222903 -0.0429271 -0.164598 636.096 11 901 1004 0 1
-0.0546869 -0.133998 400 -0.0466522 0.00214306 8.64361 19.2765 -13 902 0 0 1
0.167842 0.0478873 400 0.000302466 -0.0486466 10.2994 16.2758 -13 914 0 0 1
-0.0368687 0.00399649 400 0.029045 0.0185147 9.11928 22.3887 -13 915 0 0 1
-0.00310899 -0.0658807 400 -0.0366332 -0.00818054 13.8039 29.5862 -13 916 0 0 1
0.0193834 -0.0312465 400 0.0154023 0.000838744 12.4947 31.414 -13 917 0 0 1
-0.24719 0.421873 400 0.0750072 -0.00640406 12.8463 35.6563 -13 918 0 0 1
0.0198919 0.331545 400 0.0731918 0.0492444 3.88532 41.313 -13 919 0 0 1
-0.0452026 -0.0375014 400 0.044551 0.0257253 8.64713 20.1007 -13 920 0 0 1
-0.0677436 0.0562132 400 -0.0160933 0.029434 14.0856 16.8272 -13 921 0 0 1
0.146731 0.0964783 400 0.0182941 -0.0157939 12.8778 32.5698 -13 922 0 0 1
0.267429 0.200953 400 0.0211831 -0.010831 3.93502 63.0943 -13 923 0 0 1
-0.0343753 -0.0775216 400 -0.0120474 0.00594573 13.621 24.7982 -13 924 0 0 1
-0.0214913 -0.193557 400 -0.0240131 -0.00632568 13.9665 39.0932 -13 925 0 0 1
-0.112761 -0.237075 400 -0.025343 -0.0188707 12.8095 12.4065 -13 926 0 0 1
0.219939 -0.124235 400 0.000207281 -0.00661173 4.8904 44.1479 -13 927 0 0 1
0.0751259 -0.0304373 400 0.00404607 -0.0232288 11.7892 36.1805 -13 928 0 0 1
0.0533948 -0.0803825 400 -0.00265419 -0.0267903 13.5594 17.5831 -13 929 0 0 1
0.149805 -0.141685 400 0.0395188 -0.0261222 12.7317 29.8665 -13 930 0 0 1
-0.14058 -0.0916608 400 0.00914432 0.0189057 13.3082 32.4282 -13 931 0 0 1
-0.0298095 0.0695652 400 0.00727543 0.000291916 11.4506 41.9173 -13 932 0 0 1
-0.0562856 0.0814653 400 -0.00430176 0.0143577 13.6134 24.2897 -13 933 0 0 1
-0.145382 0.0930137 400 -0.0192631 0.0375065 8.60674 29.2913 -13 934 0 0 1
0.239847 0.630513 400 0.077588 -0.0203462 10.4259 35.4515 -13 935 0 0 1
0.0339921 0.0341537 400 0.0288944 0.00996262 12.4478 25.4312 -13 936 0 0 1
0.0570755 -0.122726 400 -0.0205441 -0.0277331 12.5367 39.1255 -13 937 0 0 1
-0.0260402 0.0866022 400 0.0621131 -0.00701612 4.63001 34.5764 -13 938 0 0 1
0.0272001 -0.053678 400 0.00179557 0.0149265 13.8468 20.7285 -13 939 0 0 1
-0.0313763 -0.101083 400 -0.0247206 0.0137819 5.96924 28.2175 -13 940 0 0 1
-0.00892002 -0.0175157 400 -0.0211695 -0.00231909 12.2891 27.9385 -13 941 0 0 1
0.0562324 -0.353201 400 0.0221437 -0.0271165 2.45969 72.702 -13 942 0 0 1
-0.333927 -0.0229642 400 -0.0410713 0.0251826 10.4992 38.9284 -13 943 0 0 1
-0.344916 0.364569 400 0.108071 0.0628449 11.1475 17.0107 -13 4 0 0 1
-0.0031046 0.00854747 400 0.0400009 -0.0170512 6.9021 27.8371 -13 5 0 0 1
-0.0791179 -0.0562172 400 -0.033033 0.00996726 14.3701 24.2093 -13 25 0 0 1
-0.340214 -0.430772 400 -0.0753365 0.0500207 13.635 12.9565 -13 30 0 0 1
-0.00901599 -0.0480447 400 0.00692397 -0.00568124 10.3777 18.1708 -13 31 0 0 1
-0.00213655 0.232858 400 -0.0261646 0.00656643 5.07941 54.2759 -13 35 0 0 1
-0.0983119 -0.0504743 400 -0.00239647 0.0347603 11.8513 35.7107 -13 38 0 0 1
0.0482103 0.00734868 400 0.00804212 -0.00384817 8.41881 29.2129 -13 51 0 0 1
0.153119 -0.316013 400 0.10815 -0.090346 2.2225 74.5323 -13 52 0 0 1
-0.0561466 -0.107252 400 -0.0108948 -0.0177991 8.29173 24.5378 -13 58 0 0 1
-nan -nan -nan -nan -nan -nan -nan -13 342 0 0 1
-0.292546 -0.029723 400 -0.0110333 -0.00625183 2.39582 80.6941 -13 343 0 0 1
-0.115217 -0.00766867 400 -0.0124504 0.0315281 6.86926 42.7129 -13 602 0 0 1
-0.999336 0.392788 400 0.134498 -0.139411 9.26791 37.9964 -13 603 0 0 1
-0.144214 -0.194727 400 -0.0218755 -0.0207046 7.566 32.0099 -13 604 0 0 1
-0.00950366 0.0805381 400 0.0472768 -0.00160929 12.4501 28.2388 -13 606 0 0 1
0.0125365 -0.142927 400 -0.0420715 0.00277167 11.8876 18.0195 -13 607 0 0 1
-0.268793 0.154384 400 0.0551729 0.0608958 12.939 26.1578 -13 608 0 0 1
-0.0749551 0.147275 400 0.0300211 -0.0155154 8.81558 23.6858 -13 610 0 0 1
-0.0363692 0.00735325 400 -0.00835334 0.0169867 10.3325 19.0085 -13 611 0 0 1
0.0507959 -0.126433 400 -0.0256045 -0.0176524 10.8198 30.4308 -13 617 0 0 1
0.0933412 0.454765 400 0.069367 0.037973 4.79444 50.8761 -13 619 0 0 1
0.0390472 0.100251 400 0.0436533 -0.0318313 5.18531 29.7398 -13 621 0 0 1
-0.11432 0.135508 400 0.0328952 0.0153919 9.42853 33.0436 -13 627 0 0 1
1.22796 -0.160328 400 0.0605042 -0.0900104 2.95626 62.6859 -13 628 0 0 1
0.0862923 0.0852946 400 0.0373969 -0.00939327 10.4546 20.1326 -13 629 0 0 1
-0.0707774 -0.264019 400 -0.0543482 0.0045804 11.7191 39.9581 -13 630 0 0 1
3.26969 -3.41298 400 -0.0387874 -0.0381531 0.0578557 39.7615 11 630 1003 0 1
4.96326 -4.37318 400 -0.0360631 -0.014019 -0.0613412 48.3018 11 630 1003 0 1
0.0274676 -0.124994 400 -0.0272535 0.00469066 8.86581 43.9603 -13 631 0 0 1
-0.291394 0.0648721 400 -0.0293356 0.0433408 13.7011 29.1921 -13 644 0 0 1
0.0102647 -0.056721 400 -0.0223669 0.00249737 9.7331 17.2179 -13 645 0 0 1
-0.219994 -0.196318 400 -0.0351548 0.022386 5.99611 50.8069 -13 647 0 0 1
-0.0715841 -5.03569 400 -0.00294178 0.00613684 0.0391881 51.1585 11 647 1004 0 1
0.133057 0.0462336 400 0.0161581 0.048049 4.12536 46.6345 -13 648 0 0 1
0.130311 -0.279267 400 -0.0619719 0.00787756 10.0699 27.4203 -13 651 0 0 1
0.00756049 -0.479072 400 -0.0455767 -0.0133208 12.2685 24.2808 -13 654 0 0 1
0.243812 0.19285 400 0.108362 -0.0250417 5.06912 44.3413 -13 658 0 0 1
0.0924656 -0.0492429 400 -0.0198923 -0.0404353 11.6945 34.9125 -13 660 0 0 1
0.00816195 0.0231995 400 0.0273799 0.017786 10.6389 29.7002 -13 661 0 0 1
0.0164324 0.210421 400 0.0253264 0.0248772 12.134 23.462 -13 662 0 0 1
0.00997273 -0.0125743 400 -0.0313843 0.0161496 9.53857 44.4077 -13 663 0 0 1
-0.228149 -0.0186637 400 -0.00594314 0.0311121 11.3458 14.8493 -13 665 0 0 1
-0.0619627 0.316155 400 0.0106657 0.0121091 11.7684 27.0432 -13 666 0 0 1
0.0285377 0.0612467 400 0.0191441 0.00797607 13.0938 24.0259 -13 667 0 0 1
-0.0758222 -0.141956 400 -0.0287374 0.0347909 6.66967 31.9226 -13 668 0 0 1
-0.259143 0.0746986 400 -0.0243668 0.0592464 9.58528 32.9421 -13 669 0 0 1
0.140822 0.138214 400 0.00271266 0.033923 13.1427 30.8749 -13 671 0 0 1
-0.264728 0.138559 400 0.0205167 0.0279508 7.18615 28.0157 -13 675 0 0 1
-0.254051 -0.179338 400 -0.0185033 0.0106031 11.8373 19.1289 -13 677 0 0 1
-0.0722136 0.032796 400 0.0470397 -0.0156918 8.04504 25.3541 -13 685 0 0 1
0.0873265 -0.0117454 400 0.0122558 -0.033743 11.6582 39.6453 -13 686 0 0 1
0.163955 -0.226494 400 0.0178383 -0.0197307 9.00595 22.5836 -13 687 0 0 1
0.107619 -0.00759828 400 0.00417588 -0.0155671 12.8443 34.3565 -13 688 0 0 1
0.242497 -0.13546 400 -0.0410824 -0.060484 9.89747 37.2131 -13 689 0 0 1
0.330672 -0.206737 400 -0.0661095 -0.0476989 5.19024 46.718 -13 690 0 0 1
-0.319408 -0.395208 400 -0.0735259 0.0692487 7.46528 21.0365 -13 692 0 0 1
0.0383376 -0.0560939 400 -0.0225463 -0.00600312 12.7741 32.3072 -13 693 0 0 1
0.39975 0.0281429 400 -0.00787607 -0.012895 3.8712 46.3741 -13 694 0 0 1
-0.0311038 -0.18462 400 -0.00236141 -0.00804135 7.34501 30.5148 -13 695 0 0 1
0.388458 -0.0577479 400 -0.0160736 -0.0240595 8.7522 24.4043 -13 698 0 0 1
-0.769667 0.319056 400 0.102348 0.0902175 8.81126 26.8999 -13 700 0 0 1
-0.265271 -0.221094 400 -0.073901 0.047857 9.03254 18.1667 -13 701 0 0 1
-2.54037 -0.872499 400 -0.0284751 0.00837663 0.04517 18.2033 11 701 1004 0 1
0.0492334 -0.0111432 400 0.0016405 -0.0168369 12.0839 34.3355 -13 703 0 0 1
0.0126484 -0.20207 400 -0.05156 0.00673225 7.94989 37.9694 -13 710 0 0 1
-0.0563085 -0.000372755 400 0.00474556 -0.00754632 11.6089 32.2954 -13 712 0 0 1
0.30172 0.260305 400 0.00866377 -0.0520782 6.41723 44.206 -13 713 0 0 1
0.201159 0.155151 400 0.0369752 -0.00265975 14.0521 31.6304 -13 714 0 0 1
0.0671876 0.210917 400 0.0281913 -0.0121404 10.6073 29.0334 -13 717 0 0 1
-0.00680962 0.0902618 400 0.0308455 0.0291044 8.54924 20.3312 -13 723 0 0 1
0.0630543 -0.0415787 400 0.00803948 -0.040418 9.61081 26.8795 -13 725 0 0 1
-0.370708 0.20717 400 0.0486835 0.104737 13.5997 26.2404 -13 726 0 0 1
-0.181877 -0.0689208 400 -0.0325959 0.0398405 14.1481 15.3423 -13 727 0 0 1
-0.115312 -0.120315 400 -0.0280457 0.0362328 10.9749 16.2967 -13 731 0 0 1
-0.372781 0.110583 400 -0.0157382 -0.0607934 2.10664 74.1444 -13 732 0 0 1
0.21579 -0.162092 400 -0.0368931 -0.0236382 4.64666 41.8671 -13 733 0 0 1
-0.118535 0.109781 400 0.0370972 0.0160647 5.75053 48.1392 -13 944 0 0 1
-0.152008 0.0646318 400 -0.0232432 -0.00734992 0.0258469 48.2432 11 944 1003 0 1
-0.0858318 -0.629736 400 -0.0462705 0.106008 3.88967 61.8233 -13 945 0 0 1
-0.0753118 -0.0603248 400 -0.012643 0.00893135 14.3055 23.2678 -13 946 0 0 1
-0.267886 -0.0198776 400 0.00137437 0.0400542 10.4889 19.1681 -13 947 0 0 1
0.158055 0.0485982 400 0.0728111 -0.0140836 7.72478 23.8729 -13 948 0 0 1
-0.00321304 -0.0431553 400 -0.015027 -0.0161742 12.4849 32.8433 -13 949 0 0 1
0.243088 -0.00422749 400 0.0505744 0.00114398 3.27362 43.3366 -13 950 0 0 1
-0.25786 -0.178715 400 -0.0141002 0.0503875 5.34396 33.7708 -13 951 0 0 1
0.0718674 -0.832205 400 -0.0345164 -0.110121 4.10453 59.4464 -13 952 0 0 1
0.0617342 -0.0145936 400 -0.0110944 -0.0224036 9.87272 21.7227 -13 953 0 0 1
-0.455869 0.532429 400 0.0242387 0.142748 6.76362 41.2168 -13 954 0 0 1
-0.19264 0.383572 400 0.0434109 0.0265383 7.41253 36.6677 -13 955 0 0 1
3.86662 2.23961 400 0.00543266 0.00566571 -0.0379125 40.5925 11 955 1004 0 1
0.145665 -0.301145 400 -0.0900034 0.0218049 6.8597 28.2547 -13 956 0 0 1
1.80987 4.1088 400 -0.00445065 0.0208036 0.00613358 31.3092 11 956 1005 0 1
0.0370373 -0.116342 400 -0.0118642 -0.0145051 14.0629 29.4273 -13 957 0 0 1
0.151218 0.211464 400 0.0522173 0.0659302 11.8573 26.6904 -13 958 0 0 1
-0.137328 0.0575697 400 0.00657892 0.0350162 10.4115 34.6668 -13 959 0 0 1
-0.044825 -0.0742732 400 -0.016653 0.0195788 14.442 19.7695 -13 960 0 0 1
0.339346 0.106625 400 -0.0306918 -0.0878708 1.8185 71.2151 -13 961 0 0 1
-0.114427 0.0802381 400 -0.00324824 0.00928405 11.819 31.4936 -13 962 0 0 1
-0.131492 -0.0973346 400 0.016711 0.0397997 9.41093 23.591 -13 966 0 0 1
-0.515947 0.248342 400 0.0238087 0.122688 2.67603 55.7371 -13 968 0 0 1
0.107882 0.00735181 400 -0.0251921 -0.0218399 13.2497 25.1491 -13 971 0 0 1
-0.0329414 -0.0596619 400 -0.0352779 -0.0130222 8.28369 34.9304 -13 19 0 0 1
0.333972 0.73165 400 0.0941934 -0.0485799 2.13253 74.3659 -13 20 0 0 1
0.0790846 -0.107233 400 -0.00885116 0.0116199 8.94396 31.6342 -13 26 0 0 1
-0.296968 -0.0574048 400 0.00402184 0.0582772 10.4049 42.0252 -13 37 0 0 1
-0.194256 0.0264644 400 -0.000143276 0.0473172 9.78417 42.1491 -13 57 0 0 1
-0.372055 0.0906437 400 0.0219403 0.0496316 7.10643 37.3992 -13 59 0 0 1
0.0652081 0.091144 400 0.00698582 -0.00604013 14.0219 38.6227 -13 63 0 0 1
-0.0164238 0.240433 400 0.0763763 -0.00208299 7.37887 32.6411 -13 66 0 0 1
-0.240821 -0.0336096 400 -0.0172494 0.0323239 10.6573 33.1329 -13 68 0 0 1
-0.0862648 0.0830466 400 0.0196484 0.00923345 11.1728 18.1993 -13 70 0 0 1
0.0122241 0.129084 400 0.0148977 -0.0141629 10.3532 15.5033 -13 72 0 0 1
-0.108205 -0.120132 400 -0.047761 0.0508515 6.08442 44.9218 -13 73 0 0 1
0.0678171 -0.0311009 400 -0.00318459 -0.0412192 13.5526 24.3614 -13 78 0 0 1
0.0116179 -0.0128601 400 -0.0495184 -0.103783 6.40338 35.9659 -13 84 0 0 1
0.101536 0.027053 400 -0.00105192 -0.0283693 12.8696 26.4565 -13 97 0 0 1
0.226498 0.126096 400 0.0181294 -0.0367803 9.58477 23.207 -13 98 0 0 1
0.135188 0.0701819 400 -0.0592961 0.0184426 4.80613 45.3562 -13 101 0 0 1
0.0859983 0.224013 400 0.0588979 -0.0109505 9.95549 37.8678 -13 103 0 0 1
0.0675473 0.0357293 400 -0.00769392 -0.0379707 10.3173 42.1394 -13 106 0 0 1
0.0758003 -0.0108791 400 -0.0119474 -0.0368041 7.36508 32.2505 -13 108 0 0 1
0.112129 -0.011659 400 -0.00136589 -0.0240373 13.574 11.5004 -13 109 0 0 1
0.121107 -0.185825 400 -0.062294 -0.0521464 5.84947 29.4798 -13 118 0 0 1
-0.0495346 -0.130977 400 -0.0111022 0.0087531 7.52073 33.1466 -13 120 0 0 1
-0.0177137 -0.00286315 400 -0.00938614 -0.0126447 13.5003 20.5377 -13 128 0 0 1
-0.0351402 -0.0171324 400 -0.0191006 0.0150657 13.5007 23.6044 -13 129 0 0 1
-0.0531918 0.263813 400 -0.0194132 -0.0171268 10.4418 36.1851 -13 130 0 0 1
-0.13052 -0.014371 400 -0.00905142 0.0362668 9.18145 24.0489 -13 131 0 0 1
0.0657218 0.0015572 400 -0.00340327 -0.0483132 12.9809 23.1996 -13 136 0 0 1
-0.0358997 -0.0670818 400 -0.00694379 0.0146913 13.8258 11.7871 -13 141 0 0 1
-0.281479 -0.0812942 400 -0.012816 0.026566 13.7546 22.3966 -13 142 0 0 1
-0.246829 0.172417 400 0.032924 0.072471 11.0084 18.8738 -13 143 0 0 1
-0.29791 -0.451504 400 -0.106693 0.0495594 9.83852 40.0669 -13 145 0 0 1
-0.132412 0.0870618 400 -0.0086542 0.0306484 13.8604 31.2083 -13 150 0 0 1
-0.0751522 0.0838779 400 0.0228769 0.0548075 9.47158 32.562 -13 154 0 0 1
0.214055 0.0294898 400 -0.0168123 -0.0416316 13.2341 20.3505 -13 157 0 0 1
-0.790868 0.510006 400 0.174942 0.0341636 9.79743 30.162 -13 162 0 0 1
-0.133088 0.133497 400 0.0214756 0.0302998 9.77455 17.9301 -13 163 0 0 1
-0.172204 -0.246831 400 0.00337778 0.122249 5.63926 36.8179 -13 178 0 0 1
0.0864145 0.0714156 400 0.0263892 -0.00756091 12.0906 17.8957 -13 192 0 0 1
0.0788767 -0.134242 400 0.00429569 -0.010288 14.4628 30.9625 -13 203 0 0 1
0.240114 0.170236 400 0.000182423 -0.0370485 7.19944 31.1782 -13 205 0 0 1
-0.691973 -0.164874 400 0.0417718 0.0259162 0.870067 367.574 -13 206 0 0 1
-0.10273 -0.0668858 400 0.0282327 0.00763041 13.7084 23.6701 -13 209 0 0 1
-0.0950752 -0.129242 400 -0.0274629 0.00395871 12.1131 26.8024 -13 347 0 0 1
-0.0397821 -0.0175183 400 0.00594955 -0.0380814 7.14835 34.3834 -13 349 0 0 1
0.135595 0.266342 400 0.0729455 -0.0995421 7.80802 41.7884 -13 350 0 0 1
0.395223 0.0125528 400 -0.00314012 -0.198924 3.35964 58.7612 -13 355 0 0 1
-0.0781919 -0.340461 400 -0.0532038 0.00333801 9.76208 42.7721 -13 356 0 0 1
-1.70257 -1.94337 400 0.0176978 -0.0350576 0.0168598 43.7517 11 356 1001 0 1
-0.179179 -0.0234396 400 0.00840525 0.0146987 10.6802 41.0549 -13 357 0 0 1
0.0298929 -0.0371968 400 -0.0158222 -0.00522742 11.7925 18.697 -13 359 0 0 1
0.082636 0.0723558 400 0.00600608 -0.019299 13.5116 32.5242 -13 360 0 0 1
0.31294 0.571204 400 0.146509 -0.0466288 3.91505 41.0163 -13 361 0 0 1
0.0625227 -0.0609779 400 -0.0296771 -0.0235562 11.8454 17.1994 -13 365 0 0 1
-0.107191 0.165354 400 0.0227382 0.0278671 7.90111 19.2859 -13 366 0 0 1
0.0164114 -0.106257 400 -0.022871 0.000941191 11.7164 37.1654 -13 367 0 0 1
-0.208592 -0.433629 400 -0.1043 0.20842 1.17585 91.0188 -13 369 0 0 1
0.078466 0.160596 400 0.011689 -0.00515439 14.5184 27.9648 -13 371 0 0 1
0.39141 0.0456035 400 -0.0264155 -0.0681418 10.6867 18.9869 -13 380 0 0 1
-1.20088 3.84839 400 -0.0476139 -0.00440011 0.0428721 19.4839 11 380 1002 0 1
0.102816 -0.375251 400 -0.0835772 -0.0427038 7.82758 31.1423 -13 381 0 0 1
-2.17724 -4.35862 400 0.00561842 0.0311885 0.022857 32.221 11 381 1004 0 1
-0.0222317 -0.0149892 400 -0.0180629 -0.0040745 14.4372 28.1552 -13 387 0 0 1
-0.277677 0.389317 400 0.0168697 0.0466388 9.3658 39.2797 -13 388 0 0 1
-0.434513 0.109601 400 0.0165565 0.0303533 0.0368142 40.8132 11 388 1003 0 1
-0.0994523 0.0520325 400 0.0502151 0.0533766 13.4966 29.6118 -13 389 0 0 1
0.980078 0.127076 400 0.0734243 -0.186384 3.9994 37.7465 -13 393 0 0 1
-0.108756 0.127747 400 0.0230908 0.00463314 3.8672 45.1045 -13 394 0 0 1
-0.0476911 0.843983 400 0.115257 0.0858914 13.3039 18.5372 -13 398 0 0 1
-0.0438618 -0.00480699 400 -0.0332832 -0.018201 12.6544 15.167 -13 399 0 0 1
0.121038 -0.138535 400 -0.0482359 -0.0257268 11.6531 24.115 -13 400 0 0 1
-0.0838109 -0.0843508 400 -0.0316222 0.0486837 11.1712 26.4582 -13 401 0 0 1
0.0692035 0.0249928 400 0.0255429 0.0419627 7.34841 21.3101 -13 402 0 0 1
-0.0249625 -0.109961 400 -0.030153 0.020159 14.3918 18.813 -13 404 0 0 1
-0.733549 -0.137229 400 -0.0489568 0.0987307 4.70769 53.8815 -13 407 0 0 1
-0.105936 0.24845 400 0.0348394 0.0411586 10.9282 35.0021 -13 408 0 0 1
0.312942 0.00553877 400 0.0192008 -0.0554346 7.16185 30.3643 -13 410 0 0 1
-0.408726 -0.248361 400 0.00502037 0.048855 6.87255 26.1699 -13 411 0 0 1
-0.0578728 -0.0625678 400 0.0371367 0.0464311 7.29802 24.5973 -13 412 0 0 1
0.170661 -0.303957 400 -0.0124807 -0.109423 5.76374 25.7888 -13 413 0 0 1
0.118971 0.0778517 400 -0.0118827 -0.0574642 6.58684 27.8598 -13 417 0 0 1
-0.00472786 0.0431175 400 0.0319192 0.0170337 13.2092 16.0702 -13 421 0 0 1
-0.0063456 -0.279485 400 -0.0264256 0.0273371 5.07095 56.9606 -13 425 0 0 1
-0.0316182 0.147026 400 0.0319978 0.0129834 4.97653 52.587 -13 426 0 0 1
0.374857 -0.41364 400 0.012598 -0.00526792 0.0392269 48.0973 11 426 1012 0 1
0.275145 -0.11785 400 -0.0499523 -0.0217055 9.94117 25.0882 -13 430 0 0 1
0.130213 -0.0775631 400 0.0107798 -0.00067229 11.9447 40.8866 -13 439 0 0 1
0.183762 -0.654453 400 -0.0418093 -0.0133586 4.1583 36.0791 -13 442 0 0 1
0.00405616 -0.081244 400 -0.0350846 0.000189716 7.63807 44.6061 -13 443 0 0 1
0.181677 -0.283011 400 -0.0175231 -0.000419657 8.01231 43.9081 -13 445 0 0 1
0.00807294 0.00302764 400 -0.0195406 -0.00213009 13.4058 37.8005 -13 446 0 0 1
0.173124 0.206293 400 -0.00261874 -0.0347622 11.5806 24.8162 -13 447 0 0 1
-0.157226 -0.269281 400 -0.0727181 -0.00356435 9.8368 18.492 -13 448 0 0 1
-0.100984 0.368892 400 0.0346007 0.00666821 8.19162 22.4637 -13 449 0 0 1
-0.0916278 0.00738956 400 -0.0177688 0.0179379 12.3744 41.1869 -13 450 0 0 1
-0.103129 -0.0926114 400 -0.0433423 0.00267339 11.8962 38.9084 -13 452 0 0 1
0.280089 0.351177 400 0.0391548 -0.0543541 12.9626 39.2657 -13 453 0 0 1
0.135269 0.0552654 400 0.030732 -0.0160685 9.53243 24.621 -13 454 0 0 1
0.0242072 0.0249416 400 0.00424779 0.00662827 14.0797 13.8567 -13 467 0 0 1
0.198893 -0.370414 400 -0.0566576 -0.0212049 4.75557 46.8333 -13 469 0 0 1
-0.155457 0.151501 400 -0.0358854 -0.0492512 6.47618 24.9416 -13 470 0 0 1
-0.0767699 0.138757 400 0.051638 0.018035 10.0584 34.9876 -13 472 0 0 1
0.0185004 -0.150041 400 -0.0126629 -0.00729401 8.25446 32.9721 -13 474 0 0 1
-0.0223239 -0.0611901 400 0.00315044 -0.00186798 11.7925 22.8947 -13 475 0 0 1
0.00351465 -0.430389 400 -0.099819 -0.0109819 7.83764 19.6701 -13 476 0 0 1
-0.000836471 0.069404 400 -0.0129301 0.0132624 9.53008 31.6271 -13 477 0 0 1
0.176512 0.230476 400 0.00735112 -0.0761273 9.71375 18.0679 -13 478 0 0 1
0.0679043 -0.168877 400 0.023966 0.0161096 10.6766 30.9702 -13 480 0 0 1
2.24466 0.664088 400 0.0283633 -0.0353548 0.0465153 31.3432 11 480 1002 0 1
-0.0848209 0.100615 400 0.0310115 0.00170531 13.9366 14.9419 -13 492 0 0 1
-0.013514 0.0780843 400 0.0265287 0.0247356 10.8972 23.8127 -13 501 0 0 1
0.101228 -0.0668422 400 -0.00663179 -0.00769049 14.4366 15.6043 -13 502 0 0 1
-0.0497799 -0.206633 400 -0.0172242 -0.00663002 11.1963 30.1615 -13 504 0 0 1
-0.0648718 -0.399068 400 -0.0309991 -0.000653601 3.57957 54.5375 -13 505 0 0 1
-0.151313 -0.0301332 400 0.0127012 0.0354904 8.70358 24.8233 -13 506 0 0 1
0.245768 -0.0810351 400 -0.0115062 -0.0237158 8.24384 38.2626 -13 509 0 0 1
0.543573 0.038373 400 -0.0602077 -0.0498452 10.5505 23.9527 -13 510 0 0 1
-0.223663 0.0127853 400 0.0494677 0.0748876 10.4647 17.2353 -13 511 0 0 1
0.145975 -0.0934009 400 0.0175095 -0.0259848 12.8881 29.4961 -13 512 0 0 1
-0.0382114 -0.0950716 400 -0.0226448 0.0269352 13.3465 11.9333 -13 513 0 0 1
0.108448 0.0236826 400 0.00698408 -0.0290839 10.2412 38.1566 -13 515 0 0 1
-0.110314 -0.0682824 400 -0.00619553 -0.0139619 3.86116 44.0441 -13 516 0 0 1
0.145899 -0.0497265 400 -0.0045779 -0.0367028 11.6677 31.4733 -13 519 0 0 1
0.229032 -0.351752 400 0.0511535 -0.00407404 11.6403 29.9162 -13 520 0 0 1
-nan -nan -nan -nan -nan -nan -nan -13 521 0 0 1
-0.0127083 -0.0513222 400 -0.0335872 0.00892499 13.5808 27.0229 -13 523 0 0 1
-0.0379054 0.00262507 400 0.0138584 0.00865851 14.1784 25.9863 -13 759 0 0 1
0.041248 -0.115589 400 -0.0272687 -0.00418919 11.156 39.3379 -13 763 0 0 1
-0.130253 -0.0127946 400 0.0747067 0.0138983 9.86557 25.7838 -13 764 0 0 1
-0.00803486 0.0287119 400 0.0421102 -0.0298808 5.87446 31.6603 -13 765 0 0 1
-0.187005 -0.125716 400 -0.0348511 0.0151316 8.60407 22.1131 -13 766 0 0 1
0.0160797 -0.0366639 400 -0.00188254 -0.0118241 12.8759 32.3873 -13 768 0 0 1
-0.075434 -0.396021 400 0.00567208 -0.037579 6.97527 25.2594 -13 769 0 0 1
0.0185586 0.200523 400 0.0442937 -0.0159906 13.6408 17.7006 -13 770 0 0 1
-0.0857667 0.11627 400 0.0144898 0.0325792 14.3376 12.7087 -13 772 0 0 1
-0.376752 -0.499216 400 -0.0917596 0.00828076 3.85753 39.2101 -13 775 0 0 1
-1.45195 -0.57151 400 0.0305195 -0.0359333 -0.162791 758.19 11 775 1001 0 1
-0.250839 -0.112606 400 -0.0432637 0.0330717 10.689 26.2459 -13 777 0 0 1
-0.342617 -0.185053 400 -0.0182396 0.0558777 10.826 29.6653 -13 810 0 0 1
-0.225827 -0.30785 400 0.0215113 0.0612409 5.6346 28.3354 -13 811 0 0 1
-0.0199217 -0.0328308 400 -0.0604988 -0.0413 6.54179 24.1371 -13 812 0 0 1
0.225725 0.0759927 400 0.0373772 -0.0160088 13.2266 22.0931 -13 813 0 0 1
0.386119 -0.248626 400 -0.0577599 -0.036615 6.025 28.5198 -13 816 0 0 1
0.339151 -0.0475768 400 -0.004929 -0.0691228 5.32382 51.0816 -13 817 0 0 1
8.34032 -10.3331 400 0.0125735 -0.006152 0.0350961 48.1023 11 817 1010 0 1
0.19937 -0.0549303 400 -0.0127554 -0.0060539 14.4505 36.3453 -13 825 0 0 1
-0.17251 0.224525 400 0.0246894 0.0447638 9.01917 45.5351 -13 833 0 0 1
0.0301094 0.266036 400 0.0285868 -0.0240188 5.39559 50.7217 -13 834 0 0 1
-0.257789 0.224547 400 0.0156432 0.0398125 11.8494 34.1835 -13 836 0 0 1
-0.114744 0.187171 400 0.00131539 0.0245951 11.1318 34.8459 -13 839 0 0 1
-nan -nan -nan -nan -nan -nan -nan -13 841 0 0 1
0.224504 0.0746493 400 0.0162248 -0.0415721 6.22023 49.9439 -13 842 0 0 1
2.41975 1.19526 400 0.00392993 -0.014462 0.0426503 49.9131 11 842 1008 0 1
-0.0233588 -0.121822 400 -0.0195972 -0.0101563 11.8716 35.308 -13 963 0 0 1
-0.0450815 -0.160807 400 -0.0138042 -0.0112715 10.4567 40.6597 -13 964 0 0 1
-1.3624 1.47666 400 0.0160482 -0.0337153 0.0347946 43.1465 11 964 1007 0 1
0.0260142 -0.047118 400 -0.00995278 -0.00119069 11.3374 28.6158 -13 965 0 0 1
-0.299183 -0.170328 400 0.0190569 0.0338757 8.92856 29.0939 -13 969 0 0 1
-nan -nan -nan -nan -nan -nan -nan -13 970 0 0 1
0.0709608 -0.0184794 400 0.00607375 0.0140944 14.452 25.509 -13 972 0 0 1
