#BLTrackFile NTuple/Z520
#x y z Px Py Pz t PDGid EventID TrackID ParentID Weight
#mm mm mm MeV/c MeV/c MeV/c ns - - - - -
0.0296585 0.280617 520 0.0254823 -0.0194259 11.5087 35.164 -13 1 0 0 1
0.0806659 0.00294642 520 0.00565247 -0.00362175 9.93699 21.1127 -13 3 0 0 1
0.316233 0.0992099 520 0.0419182 -0.0311 13.6212 37.0849 -13 9 0 0 1
-0.136497 0.164161 520 0.0264023 0.0341339 8.42568 24.7802 -13 16 0 0 1
0.0747728 0.0585226 520 0.00357786 -0.014187 13.6904 35.2734 -13 34 0 0 1
-0.0455639 -0.202249 520 0.0688765 -0.00467928 8.58685 45.9076 -13 36 0 0 1
-0.236119 -0.133712 520 0.0113997 0.0296392 9.49912 29.9259 -13 39 0 0 1
0.153633 -0.179143 520 -0.0151837 -0.0337699 14.4156 24.9675 -13 43 0 0 1
0.0601712 0.0479778 520 0.0222284 0.071655 11.253 35.5258 -13 44 0 0 1
-0.623459 -0.206993 520 -0.0394233 0.0360528 6.73643 37.7392 -13 48 0 0 1
0.00447737 -0.185496 520 -0.0354459 0.00832433 10.7298 32.2268 -13 74 0 0 1
-0.182925 -0.0679388 520 -0.0244985 0.0261225 10.2903 46.059 -13 80 0 0 1
0.213437 0.149667 520 0.0135762 -0.0443454 7.95496 36.4249 -13 86 0 0 1
-0.0923554 -0.176615 520 0.00172026 -0.0164612 9.91771 29.722 -13 89 0 0 1
2.95241 4.23826 520 0.0286085 -0.0111154 0.0505093 30.234 11 89 1004 0 1
-1.44488 7.41059 520 0.00161115 -0.0126352 -0.0471744 36.0336 11 89 1004 0 1
0.468639 -0.262379 520 0.0041525 -0.0532998 5.72828 40.7048 -13 94 0 0 1
0.355126 0.13996 520 0.0790889 -0.00882435 5.46441 36.6152 -13 110 0 0 1
-0.200704 -0.134754 520 -0.00854922 -0.0155715 4.86195 59.006 -13 123 0 0 1
-0.21864 -0.0868665 520 0.0045238 0.000469652 0.0285903 58.9204 11 123 1004 0 1
0.108138 0.0710646 520 0.00695137 -0.00438009 11.7292 41.1393 -13 126 0 0 1
-0.112287 0.255388 520 0.0563212 0.0130151 7.22694 29.9509 -13 137 0 0 1
-0.0213454 -0.143882 520 -0.035775 0.0147949 14.1466 38.519 -13 140 0 0 1
0.219607 0.171701 520 0.0583599 -0.0920537 8.1004 26.5418 -13 151 0 0 1
0.225557 0.17706 520 0.0339366 -0.0200326 14.1352 37.6994 -13 152 0 0 1
0.561683 -0.0319658 520 0.188375 -0.143941 7.5205 33.5112 -13 160 0 0 1
0.0554176 0.164387 520 0.0262694 -0.0291333 10.6639 20.2535 -13 175 0 0 1
0.134686 -0.322684 520 -0.0472638 -0.0160354 7.14221 49.5716 -13 180 0 0 1
0.150555 -0.215939 520 -0.0344234 -0.0495912 8.78735 47.8318 -13 181 0 0 1
0.123494 0.20183 520 0.0431849 -0.0164265 12.287 20.1652 -13 184 0 0 1
-0.0661075 0.115994 520 0.00662631 0.0270862 11.8777 45.0904 -13 186 0 0 1
-0.290935 0.342972 520 0.0918066 0.0512483 4.80516 41.9351 -13 187 0 0 1
-0.094893 -0.270946 520 -0.0956719 0.0167381 8.57907 38.4475 -13 188 0 0 1
0.209126 -0.131789 520 0.0199432 -0.0346065 0.521316 115.701 -13 200 0 0 1
-0.491123 -0.125477 520 -0.103876 0.0462119 6.63183 43.2016 -13 211 0 0 1
-0.0992846 -0.277022 520 -0.0617264 0.0480102 13.7889 40.213 -13 348 0 0 1
-0.333536 0.345405 520 0.0598378 0.0671474 4.48412 47.9986 -13 351 0 0 1
0.315624 0.693909 520 0.0663757 0.0441933 4.30804 54.3034 -13 352 0 0 1
-0.059134 -0.179093 520 -0.017041 0.0270951 10.945 34.7667 -13 358 0 0 1
-0.614253 0.396346 520 0.0534802 0.0955811 8.74697 22.3984 -13 362 0 0 1
-0.00521473 -0.0496781 520 0.0166632 0.0507536 12.1717 44.0309 -13 363 0 0 1
-2.05094 1.0041 520 -0.00944244 0.0441352 0.046262 47.1379 11 363 1001 0 1
0.146493 -0.0653641 520 -0.00617816 -0.0192993 14.4472 18.0163 -13 364 0 0 1
0.459681 -0.477215 520 -0.103165 -0.169041 6.4319 32.6691 -13 370 0 0 1
0.543786 -0.0332034 520 -0.124476 -0.0197516 1.85499 100.394 -13 372 0 0 1
-0.0628842 0.225585 520 0.0540091 -0.0328822 13.3652 36.2179 -13 375 0 0 1
-0.888954 0.146042 520 0.125374 0.11352 13.4043 26.8032 -13 382 0 0 1
-0.21755 0.104246 520 0.0184039 0.0717305 14.1105 28.0495 -13 384 0 0 1
0.090662 -0.0229752 520 -0.000132629 -0.0188974 14.4596 22.445 -13 386 0 0 1
-0.0527376 -0.111733 520 -0.00776139 -0.0140245 10.3064 27.5895 -13 390 0 0 1
0.311066 -0.0429599 520 0.0135949 -0.0263854 8.67648 49.8783 -13 391 0 0 1
-0.232676 0.05601 520 -0.129701 -0.154891 8.15206 50.314 -13 392 0 0 1
-0.112188 0.233366 520 0.0601924 0.0101757 14.1042 22.5259 -13 395 0 0 1
-0.153398 -0.122141 520 0.0828917 -0.0155965 7.03844 42.5655 -13 396 0 0 1
0.198448 0.0210229 520 0.0127299 -0.00301351 14.5289 20.6488 -13 397 0 0 1
0.0692672 0.297689 520 0.0788081 0.0657671 5.69763 52.4074 -13 403 0 0 1
-0.198419 -0.208388 520 -0.0401234 0.0282716 12.8487 32.0628 -13 405 0 0 1
-0.103852 0.0499492 520 0.021048 0.0220893 7.06585 41.5973 -13 406 0 0 1
-0.151253 -0.0276417 520 0.0254534 -0.0123019 12.1777 19.1751 -13 409 0 0 1
-0.233299 -0.265163 520 -0.0628135 0.00362783 8.26304 29.8919 -13 415 0 0 1
0.963497 -1.01942 520 0.0348875 0.0186997 0.666206 437.134 -13 423 0 0 1
-0.274255 0.263905 520 0.0714739 0.0095913 10.8096 43.2859 -13 427 0 0 1
-0.126761 -0.195182 520 -0.0416953 0.0359569 14.0092 17.5294 -13 456 0 0 1
-0.105425 -0.0459108 520 -0.0121581 0.0217944 9.43615 21.6247 -13 457 0 0 1
0.0846104 -0.121835 520 -0.0480054 -0.00727092 11.6051 43.0842 -13 458 0 0 1
-0.170024 -0.083211 520 -0.0173639 -0.0235834 13.456 40.1757 -13 461 0 0 1
0.148811 0.157922 520 -0.0209278 -0.00197578 7.69193 36.6027 -13 463 0 0 1
0.096209 0.206364 520 0.0740833 -0.0331809 9.91375 24.68 -13 465 0 0 1
-0.0833979 0.00807956 520 -0.0148246 0.0616259 7.2821 27.3116 -13 466 0 0 1
0.275419 -0.0546277 520 0.0103032 -0.0499266 8.83614 31.8355 -13 468 0 0 1
-0.487308 0.0546932 520 -0.0262198 0.0561679 5.36192 37.2344 -13 479 0 0 1
-0.0518103 -0.147823 520 -0.0336536 0.0440869 9.00146 35.4488 -13 481 0 0 1
-0.0973964 -0.201199 520 0.0733565 -0.03252 6.5311 57.6431 -13 482 0 0 1
-0.0712893 -0.0992483 520 -0.011359 -0.00114535 14.0498 42.8064 -13 483 0 0 1
0.0333139 0.156362 520 0.0503883 -0.00726829 7.48386 39.1975 -13 484 0 0 1
0.109629 0.0341784 520 0.0151823 -0.0294463 11.3672 20.3989 -13 485 0 0 1
-0.126551 -0.152172 520 -0.0201268 0.0197567 7.30144 33.4261 -13 486 0 0 1
-0.275639 0.0788615 520 -0.00172841 0.0877559 13.0133 32.874 -13 487 0 0 1
-0.433184 -0.213268 520 -0.0210342 0.0753968 5.29878 55.2065 -13 488 0 0 1
0.206852 -0.175612 520 -0.0262094 -0.0406777 13.8878 18.6451 -13 489 0 0 1
0.0328966 -0.0777633 520 0.00354449 -0.0309047 3.81245 50.6028 -13 490 0 0 1
0.0220818 -0.115533 520 -0.00418753 0.00310217 7.57624 49.6144 -13 491 0 0 1
-0.263996 0.0118464 520 -0.00873855 0.0375184 12.4363 40.2099 -13 493 0 0 1
0.00878144 0.0840599 520 0.00456697 -0.0447392 12.9661 38.3229 -13 494 0 0 1
-0.0944577 -0.00732039 520 0.0105654 0.0184638 14.4433 14.7198 -13 495 0 0 1
-0.0115751 0.0092402 520 0.0479419 0.0570454 10.6931 24.8396 -13 496 0 0 1
0.18829 0.241296 520 0.0568239 -0.0745231 14.0549 14.7546 -13 497 0 0 1
0.0138551 0.00912893 520 -0.0216958 0.0271873 10.2484 24.36 -13 503 0 0 1
0.190623 0.0100809 520 0.0185265 0.0445052 12.4252 27.1933 -13 507 0 0 1
-0.163274 -0.228483 520 0.0462519 -0.0241073 0.0337847 27.4237 11 507 1002 0 1
-1.42544 -5.33513 520 -0.0442497 -0.0193926 -0.0285905 40.3713 11 507 1002 0 1
0.0361202 0.0258869 520 0.0147039 0.00375482 11.4244 42.2124 -13 508 0 0 1
0.100013 -0.789005 520 -0.128877 -0.0491985 8.2116 25.9942 -13 517 0 0 1
0.0662644 0.0990535 520 0.0452136 0.0193467 12.3689 20.5688 -13 518 0 0 1
0.0387093 -0.0706229 520 0.0704155 0.0753461 12.9151 26.2968 -13 522 0 0 1
-0.587364 0.112981 520 0.0289681 0.0672499 3.76137 72.3281 -13 524 0 0 1
-0.338585 -0.43544 520 0.0200325 0.0711067 11.7059 36.0205 -13 526 0 0 1
0.0998847 -0.2198 520 -0.0485557 -0.0278354 12.4919 31.3839 -13 528 0 0 1
0.156761 -0.0778475 520 -0.0570021 -0.018748 11.2663 39.7715 -13 529 0 0 1
0.362128 0.206697 520 -0.0316273 -0.0969515 9.05371 43.8523 -13 533 0 0 1
0.622788 -0.223706 520 -0.0375657 -0.0779126 13.0443 23.8428 -13 536 0 0 1
0.333826 0.228135 520 0.0645438 -0.0466372 8.53483 34.7281 -13 543 0 0 1
0.0282878 0.16296 520 0.0122925 -0.0157825 13.7354 41.8536 -13 544 0 0 1
-0.0559004 0.0368702 520 -0.00105248 0.0145125 9.86156 38.2692 -13 548 0 0 1
-0.0413714 0.0799873 520 0.0115829 0.00445669 9.62148 45.2381 -13 549 0 0 1
-0.0365688 0.0729353 520 -0.0183256 -0.00639282 0.00465851 45.2556 11 549 1001 0 1
-0.0911997 0.218457 520 0.00846491 0.0265229 11.3067 26.8805 -13 552 0 0 1
-0.411214 -0.0463979 520 -0.0138491 0.0502807 7.89203 35.4584 -13 553 0 0 1
0.156677 0.398871 520 0.0898711 0.00421728 7.9622 50.9169 -13 555 0 0 1
0.259069 0.0721715 520 0.0250965 -0.0413319 13.5726 20.5496 -13 557 0 0 1
-0.051747 0.167668 520 0.0303268 0.0104163 12.1117 31.0301 -13 563 0 0 1
-0.193885 0.0254047 520 0.00950284 0.0026607 10.5621 46.0853 -13 564 0 0 1
-0.0516564 0.00545335 520 -0.053123 0.0925066 9.3369 31.8577 -13 566 0 0 1
0.562302 1.62279 520 0.0134003 -0.0129596 0.0797777 29.5751 11 566 1003 0 1
0.00596404 -0.117436 520 -0.0127507 0.00607013 10.5913 29.44 -13 567 0 0 1
0.0807711 -0.444988 520 -0.0864607 0.036214 7.04278 44.9988 -13 575 0 0 1
0.0770865 -0.168525 520 -0.0388622 0.00180425 10.5994 36.8709 -13 576 0 0 1
0.0261277 0.00791307 520 0.00364307 0.0313131 13.3856 16.883 -13 577 0 0 1
0.145548 0.280833 520 0.0386082 -0.0228142 8.39657 33.5707 -13 578 0 0 1
0.0794908 0.00693143 520 0.0222045 0.000561324 13.9725 29.7224 -13 579 0 0 1
0.0578406 -0.111337 520 -0.0580822 0.00684278 12.7376 22.7553 -13 580 0 0 1
0.0280314 0.0166957 520 0.0140476 -0.00402224 11.0909 45.0226 -13 581 0 0 1
0.181595 0.533797 520 0.0565621 0.0170223 8.89728 33.4836 -13 582 0 0 1
-0.323432 0.226221 520 0.0965891 0.0752865 7.59521 31.4912 -13 583 0 0 1
-1.01291 1.36466 520 0.127484 -0.0663374 0.459739 431.057 -13 590 0 0 1
0.0349615 0.211657 520 0.0136709 0.00842836 10.0346 33.415 -13 595 0 0 1
0.65505 -0.450671 520 -0.177582 0.000281257 4.806 41.7845 -13 853 0 0 1
-0.119464 0.112891 520 0.0167183 0.0107927 11.4778 20.0294 -13 854 0 0 1
-nan -nan -nan -nan -nan -nan -nan -13 864 0 0 1
0.52868 -0.142716 520 0.100904 -0.110827 6.89247 40.4867 -13 865 0 0 1
0.0242635 -0.104004 520 0.0101423 -0.0114561 14.558 32.9559 -13 974 0 0 1
-0.167885 0.14214 520 0.0070965 0.00473426 8.98108 38.2255 -13 978 0 0 1
-3.46047 -3.27555 520 -0.00783838 0.0353141 0.0623035 32.9026 11 978 1003 0 1
0.0360596 0.0362961 520 0.0141306 -0.0292021 12.0798 19.5692 -13 980 0 0 1
0.0359501 0.0999662 520 0.0299598 -0.00821905 14.4606 21.4592 -13 990 0 0 1
-0.0516741 0.430179 520 0.0839077 0.0415586 10.8341 37.5308 -13 991 0 0 1
-2.02135 -2.95256 520 -0.00318033 0.0385233 0.0356452 38.6945 11 991 1004 0 1
0.0502904 0.213755 520 0.00819005 0.016067 13.0837 40.0451 -13 992 0 0 1
-0.107653 0.0356118 520 0.00832731 0.0167685 12.8263 39.5436 -13 994 0 0 1
0.286576 0.0146045 520 -0.0544345 -0.0238201 13.9073 25.694 -13 995 0 0 1
-0.170075 1.03505 520 0.141009 0.035472 8.43003 44.0082 -13 1000 0 0 1
-0.0572207 -0.124187 520 -0.0192811 -0.00947118 12.5713 37.2719 -13 2 0 0 1
-0.100328 0.170674 520 0.0681091 0.00229507 7.63653 46.2126 -13 6 0 0 1
0.0747436 -0.0371808 520 -0.048818 -0.00990356 12.0372 28.8857 -13 7 0 0 1
-0.118445 -0.11272 520 0.0255566 0.0248472 13.0808 43.2123 -13 18 0 0 1
-0.135661 -0.106544 520 -0.0393923 0.0395937 14.4219 35.7521 -13 21 0 0 1
-0.0774858 -0.143951 520 -0.051741 0.0387917 10.5259 19.4295 -13 22 0 0 1
0.109796 0.119492 520 0.0339006 -0.0231598 8.3283 49.4587 -13 24 0 0 1
-0.439727 -0.0266908 520 0.0158556 0.026974 3.33984 76.6525 -13 33 0 0 1
-0.838909 -0.211832 520 -0.0441226 0.110446 9.89921 40.5552 -13 42 0 0 1
-0.0766021 0.021658 520 0.00244997 0.0328476 8.28467 44.0759 -13 60 0 0 1
-0.20319 0.022622 520 -0.00259363 0.0251168 13.9501 29.0091 -13 61 0 0 1
0.0857535 -0.0326615 520 -0.0396727 0.0174202 8.9078 33.6496 -13 64 0 0 1
-0.152911 -0.280508 520 -0.0879149 0.00998341 4.93439 41.2865 -13 65 0 0 1
-0.0468282 -0.0300912 520 -0.031911 0.0210241 11.5278 28.7902 -13 67 0 0 1
-0.0524877 0.139994 520 -0.115218 0.161657 7.76702 51.7364 -13 75 0 0 1
-0.124986 -0.250806 520 -0.0314239 -0.0473247 12.401 40.6999 -13 76 0 0 1
0.635291 -1.77947 520 0.0567206 -0.0615392 0.0468712 40.8859 11 76 1003 0 1
-0.0277543 -0.450354 520 -0.0554083 -0.0439133 6.64156 55.5566 -13 92 0 0 1
-0.0123286 -0.0362991 520 0.0280501 -0.00444459 9.84519 22.8392 -13 111 0 0 1
0.0227345 -0.181988 520 -0.0377375 -0.00170737 13.2266 33.9134 -13 115 0 0 1
-0.0683241 0.228917 520 0.012512 -0.0148126 10.3057 47.4342 -13 116 0 0 1
-0.0166786 0.10361 520 0.0157516 -0.0129325 11.5725 21.3923 -13 117 0 0 1
0.240709 0.0176363 520 -0.0433541 -0.100285 10.9624 36.8645 -13 119 0 0 1
-0.230543 0.113107 520 0.00249687 0.188052 7.83358 51.5001 -13 121 0 0 1
-0.565669 -0.355643 520 0.00511102 -0.0186619 0.0690981 51.3076 11 121 1006 0 1
-0.129273 -0.168376 520 -0.030732 0.00217016 9.04856 27.171 -13 122 0 0 1
0.160535 -0.0829508 520 -0.00356295 -0.0323535 14.3356 36.2082 -13 159 0 0 1
-0.0931256 -0.114147 520 -0.0421241 0.0148853 14.2179 33.537 -13 164 0 0 1
-0.0336526 -0.271053 520 -0.0272636 -0.00604926 12.3394 40.012 -13 165 0 0 1
-0.223456 -0.145448 520 -0.0618914 0.0130189 11.0085 45.8001 -13 166 0 0 1
0.113594 0.100572 520 -0.00496731 -0.0195659 13.0583 40.928 -13 169 0 0 1
0.0341328 0.203053 520 0.0353153 -0.0273185 14.5064 35.1585 -13 171 0 0 1
0.440168 0.0869691 520 0.00545757 -0.0971135 11.8219 30.6246 -13 172 0 0 1
2.66878 0.148802 520 0.00479985 0.0400855 0.022786 37.8828 11 172 1002 0 1
-0.0407412 7.05743 520 -0.00378424 0.00994219 -0.0397147 43.3899 11 172 1002 0 1
-0.00349664 -0.0925029 520 -0.0023163 0.0010941 13.0601 15.707 -13 173 0 0 1
-0.038454 -0.126419 520 -0.017363 0.0074458 11.6992 45.5442 -13 196 0 0 1
-0.134366 0.115567 520 0.00947761 0.0340577 12.9377 29.0043 -13 199 0 0 1
-0.00451141 -0.344684 520 -0.0171647 -0.13851 12.0105 36.6589 -13 202 0 0 1
0.0802981 0.186577 520 0.0696177 -0.030713 5.38478 42.8603 -13 204 0 0 1
0.0878342 0.00459873 520 0.0077154 -0.0208357 9.23976 48.2915 -13 207 0 0 1
0.3925 -0.0956726 520 0.00286452 0.00639353 3.0505 76.193 -13 210 0 0 1
0.205733 -0.0640632 520 -0.0147889 -0.0166382 13.9482 14.9994 -13 212 0 0 1
0.00703412 -0.104488 520 -0.0877988 0.0157127 9.79809 37.3915 -13 214 0 0 1
0.410259 1.27895 520 0.133207 0.0780463 3.97965 58.2648 -13 215 0 0 1
0.0709402 0.0727991 520 -0.0238029 -0.0159476 9.89751 31.2203 -13 216 0 0 1
0.0837985 0.0397436 520 0.0278468 -0.00388024 9.46023 32.8673 -13 217 0 0 1
0.273296 0.823948 520 0.0309454 0.0544198 5.17654 50.3645 -13 218 0 0 1
0.650797 -0.406103 520 -0.1342 -0.0479 9.71863 29.6125 -13 219 0 0 1
0.0294008 0.0905063 520 0.00902767 0.0124081 13.3227 26.0143 -13 220 0 0 1
0.138309 -0.228999 520 -0.0540768 -0.0384031 8.65981 25.0253 -13 223 0 0 1
-0.561229 -0.26698 520 0.885457 0.794066 6.11104 58.7495 -13 224 0 0 1
-0.0678457 -0.0162821 520 -0.0212943 0.0027774 12.3429 36.192 -13 225 0 0 1
-0.105458 -0.406141 520 -0.0329581 0.0355487 10.034 37.7079 -13 226 0 0 1
-0.0536949 -0.0531499 520 -0.00264958 -0.00650396 12.6226 34.7083 -13 227 0 0 1
-0.0872242 0.14615 520 0.0209531 0.0159079 9.49012 24.7853 -13 238 0 0 1
-0.119593 -0.175053 520 -0.025986 0.0435997 12.7787 26.51 -13 239 0 0 1
-0.032229 0.140543 520 0.0691479 -0.0237222 12.7276 20.2206 -13 240 0 0 1
0.00849198 -0.109206 520 -0.00219784 0.00975654 12.8304 16.9441 -13 241 0 0 1
0.283652 0.0341118 520 -0.00824002 -0.0865639 8.31867 48.606 -13 251 0 0 1
0.0360674 -0.164047 520 -0.0437721 -0.0174222 12.9799 22.1605 -13 252 0 0 1
0.128495 0.0806835 520 0.0216229 -0.0158708 11.7271 32.8176 -13 258 0 0 1
0.0863129 -0.153435 520 -0.0138526 -0.0240674 14.4645 18.5363 -13 259 0 0 1
-0.0567076 0.220829 520 0.0486976 0.0261292 13.8352 28.7443 -13 261 0 0 1
0.282305 -0.2117 520 0.0449845 0.0345503 10.4872 25.4442 -13 263 0 0 1
-1.10158 -2.90423 520 0.0449656 0.0237594 0.0360959 26.0965 11 263 1002 0 1
-0.0974266 -0.172007 520 -0.00468344 0.0311683 12.7978 38.4662 -13 265 0 0 1
0.125801 -0.291032 520 -0.0427279 -0.0193534 7.29649 52.8654 -13 271 0 0 1
-0.0783193 0.00813384 520 -0.0116133 0.0135649 14.4645 23.0579 -13 272 0 0 1
-0.103422 -0.0533879 520 -0.0366034 0.0055018 8.11746 33.3572 -13 273 0 0 1
0.0421836 0.106678 520 0.0223239 -0.00463528 12.6125 42.0044 -13 274 0 0 1
0.300404 -0.208159 520 -0.0410271 -0.0315806 11.5279 22.0916 -13 276 0 0 1
-0.0516517 -0.0947666 520 -0.000852873 -0.00350864 9.61547 44.5628 -13 277 0 0 1
0.0267003 -0.165125 520 -0.0252931 -0.0301369 13.7529 26.5281 -13 278 0 0 1
0.0222801 -0.168594 520 -0.0646155 -0.0217529 6.26837 35.8243 -13 280 0 0 1
-0.485876 0.486161 520 0.0752443 0.023229 9.53844 42.9805 -13 282 0 0 1
-0.359273 -0.159581 520 -0.0206869 0.0721324 7.17799 39.3877 -13 284 0 0 1
-0.191976 -0.0979718 520 -0.0274359 0.0396106 6.79376 53.3274 -13 286 0 0 1
0.235094 -0.094869 520 -0.0211876 -0.0121145 11.9668 41.266 -13 288 0 0 1
0.0868646 0.203878 520 0.0538708 0.00861197 9.48468 37.362 -13 289 0 0 1
-0.0538224 -0.0792849 520 -0.0305112 0.00593443 9.10675 29.2068 -13 290 0 0 1
-0.23112 0.00731191 520 -0.0115389 0.0446468 6.9354 45.5976 -13 291 0 0 1
-0.148096 0.121409 520 0.0205694 0.0222316 13.2551 17.5595 -13 292 0 0 1
0.126005 0.306686 520 0.0344463 -0.0420332 13.7783 43.2916 -13 294 0 0 1
-0.48177 -0.346312 520 -0.0870976 0.16446 5.95665 45.8983 -13 296 0 0 1
0.000253554 0.0424109 520 0.0240589 0.014393 12.1898 28.2679 -13 299 0 0 1
-0.0623195 0.173993 520 0.0313053 0.00649837 7.70983 41.4064 -13 304 0 0 1
-0.0247779 0.0563282 520 -0.000737149 0.00780734 9.71361 34.7862 -13 306 0 0 1
0.140567 -0.0361781 520 -0.0240476 -0.021118 12.3832 21.8429 -13 308 0 0 1
-0.146476 -0.18888 520 -0.0623988 0.0332582 9.56961 39.7694 -13 309 0 0 1
-0.167749 -0.119274 520 0.0165168 -0.057307 5.69278 41.7224 -13 310 0 0 1
0.240915 -0.0398707 520 -0.00998542 -0.0293473 14.0055 30.7693 -13 311 0 0 1
0.150286 0.0444239 520 -0.0238209 -0.0196079 13.0497 16.4268 -13 313 0 0 1
0.147376 -0.114636 520 0.0234742 -0.0438756 13.8067 15.4258 -13 314 0 0 1
0.142169 -0.0915783 520 -0.0536507 -0.0471294 11.6282 20.1278 -13 315 0 0 1
0.249809 0.0143515 520 -0.0392326 -0.0151478 9.06094 27.1905 -13 316 0 0 1
-0.260564 0.0935725 520 0.0299158 0.0841101 2.26073 74.8884 -13 317 0 0 1
0.13046 0.0777322 520 0.0183545 0.00672965 9.85267 24.5821 -13 321 0 0 1
1.27872 0.20537 520 0.00385526 0.0161105 0.0805641 21.8935 11 321 1003 0 1
0.0278618 0.0251911 520 -0.0079366 -0.0567989 12.7458 20.6667 -13 322 0 0 1
0.119339 0.114577 520 0.0201499 -0.0695251 10.7089 37.9977 -13 326 0 0 1
-0.268799 0.274328 520 0.0454762 0.0347287 12.4583 28.3299 -13 327 0 0 1
-3.09463 1.0113 520 -0.00953955 0.0167321 0.0361649 32.4374 11 327 1002 0 1
-0.05555 -0.0699465 520 -0.026164 -0.00261564 4.14853 63.4019 -13 328 0 0 1
-0.0246416 -0.0634862 520 0.00329827 -0.00914384 0.00494021 63.4721 11 328 1010 0 1
-0.185548 -0.254058 520 -0.0566464 0.017073 11.9697 38.0717 -13 329 0 0 1
0.148884 0.144322 520 0.062163 -0.038576 8.96713 29.1083 -13 330 0 0 1
0.0655182 0.332654 520 0.0919006 0.0604727 5.59342 33.9139 -13 331 0 0 1
0.224491 0.164956 520 0.0058858 -0.030247 4.81707 43.6656 -13 332 0 0 1
0.137275 -0.185943 520 0.004252 0.0187516 9.84705 30.4162 -13 333 0 0 1
-0.0606126 0.184485 520 -0.0102557 0.0365362 12.8472 17.4256 -13 334 0 0 1
0.0343206 0.0175186 520 -0.0132865 -0.023427 14.2501 34.5486 -13 335 0 0 1
-0.0623525 -0.0344154 520 -0.168385 0.00604373 5.60176 46.2589 -13 336 0 0 1
-0.0462749 0.175924 520 0.0215038 -0.00212004 13.7282 32.2797 -13 337 0 0 1
-0.0727466 -0.0981888 520 0.007372 -0.0255617 9.63741 44.0679 -13 338 0 0 1
-0.19059 -0.159045 520 -0.0521798 -0.00319974 9.27897 48.9056 -13 339 0 0 1
1.82376 0.691911 520 0.0390366 0.00168561 0.0610171 47.9179 11 339 1002 0 1
0.0270674 0.112938 520 0.00882369 0.0238788 1.12761 443.449 -13 340 0 0 1
-0.337642 0.794325 520 0.194194 0.125092 12.453 42.8245 -13 341 0 0 1
0.0219361 -0.180493 520 -0.0255323 0.0402045 12.9517 28.4983 -13 531 0 0 1
-0.0431389 0.129154 520 0.0155704 0.0135442 13.8484 42.9541 -13 532 0 0 1
-0.126425 0.114554 520 -0.013093 -0.00738569 9.14301 43.9715 -13 534 0 0 1
0.0952595 0.290156 520 0.0367828 -0.00549802 9.83738 21.9434 -13 535 0 0 1
-0.282577 -0.2084 520 -0.0675307 -0.0159417 4.33593 55.4133 -13 537 0 0 1
0.14788 0.0497999 520 0.00751071 -0.0138892 14.4742 31.5099 -13 538 0 0 1
-0.116156 0.0936285 520 -0.0155779 -0.0119453 7.32525 47.222 -13 541 0 0 1
0.584134 0.320365 520 -0.0418756 -0.115723 12.8159 18.6721 -13 542 0 0 1
-0.477652 -0.494972 520 -0.169994 0.0399354 4.76784 63.699 -13 545 0 0 1
0.732473 0.0456661 520 0.00749386 -0.0897352 6.529 47.9525 -13 546 0 0 1
-0.0917474 -0.0551823 520 -0.0128684 0.0389352 10.5968 23.6332 -13 551 0 0 1
-nan -nan -nan -nan -nan -nan -nan -13 558 0 0 1
0.173517 0.0239112 520 0.0169659 0.000329625 14.2235 18.8432 -13 565 0 0 1
0.383544 0.423071 520 0.0939248 -0.0818699 7.00874 46.3471 -13 803 0 0 1
0.171846 0.194443 520 0.0709098 -0.00543527 13.0073 22.2736 -13 804 0 0 1
-0.603795 -0.664691 520 -0.135358 0.0634559 9.61606 30.4481 -13 814 0 0 1
0.0284722 0.135171 520 0.0351573 -0.0143627 11.662 43.7312 -13 815 0 0 1
0.524399 0.226513 520 0.0465846 -0.0759121 11.473 45.4161 -13 818 0 0 1
-0.131905 0.0093046 520 -0.0187148 0.0428959 13.3931 21.0766 -13 820 0 0 1
-0.0125596 -0.002385 520 -0.00806766 0.00555624 11.6918 44.8639 -13 822 0 0 1
0.111175 0.0354043 520 -0.00188306 -0.0103506 14.558 34.1112 -13 824 0 0 1
0.193558 0.328656 520 0.045275 0.0501692 3.80274 75.2366 -13 827 0 0 1
-0.211762 -0.061321 520 -0.0472943 0.0542772 8.63449 48.5041 -13 828 0 0 1
-0.224915 -0.044671 520 0.0236083 0.0378333 10.0624 45.2347 -13 829 0 0 1
-0.324186 -0.0261341 520 -0.0028183 0.0700614 14.0809 42.6785 -13 830 0 0 1
0.00111175 0.208505 520 -0.0299323 0.0238309 8.36882 29.3066 -13 831 0 0 1
1.27947 -1.24181 520 0.00325633 0.0357928 0.0502437 28.9227 11 831 1003 0 1
-0.0722984 0.396562 520 0.091054 0.0540363 13.7812 27.5141 -13 832 0 0 1
-0.716854 -0.0235906 520 0.109059 0.0780281 4.68437 66.305 -13 848 0 0 1
0.0684954 -0.227084 520 -0.02537 -0.0228181 12.9563 26.42 -13 859 0 0 1
-0.224064 -0.136228 520 -0.0178569 0.0402757 9.19471 41.2835 -13 869 0 0 1
0.0492531 -0.180393 520 -0.036071 -0.04728 12.3678 30.6088 -13 870 0 0 1
0.225408 0.178616 520 0.0535697 -0.0469123 13.7378 36.1722 -13 871 0 0 1
-0.3077 -0.619218 520 -0.141244 0.124045 5.17002 55.7868 -13 872 0 0 1
0.422508 0.289985 520 -0.0140786 0.0857937 4.56016 45.8754 -13 873 0 0 1
-0.447229 -0.335908 520 0.0237446 0.0808495 4.83544 51.0806 -13 874 0 0 1
0.27947 -0.447203 520 -0.0724397 -0.0551083 3.18459 55.673 -13 875 0 0 1
-0.149518 0.243664 520 0.0542197 0.0207013 11.7727 27.8493 -13 876 0 0 1
0.14647 0.0370445 520 -0.0746873 -0.0803258 9.16449 43.4481 -13 877 0 0 1
-0.350285 1.47627 520 0.00119693 -0.0353272 0.0511143 41.8545 11 877 1005 0 1
-nan -nan -nan -nan -nan -nan -nan -13 878 0 0 1
0.159895 0.24354 520 0.0444939 -0.0197139 8.48284 28.8203 -13 886 0 0 1
0.0028842 -0.263174 520 0.0157534 0.00332955 10.4022 20.8204 -13 14 0 0 1
-0.21538 -0.266566 520 -0.0401201 -0.0356704 5.17464 54.2663 -13 15 0 0 1
-0.202219 -0.297673 520 -0.017127 -0.0159828 0.0312585 54.2609 11 15 1010 0 1
-0.0748311 -0.0772772 520 -0.0143987 0.0134768 11.774 45.3033 -13 23 0 0 1
0.055281 0.0600266 520 0.0184517 0.0311751 10.9211 37.7785 -13 40 0 0 1
0.189601 0.0384113 520 0.0021822 -0.0673337 8.87359 24.1589 -13 41 0 0 1
0.169497 0.227975 520 0.0737844 -0.0596208 10.854 41.9136 -13 45 0 0 1
0.224466 -0.175863 520 -0.026177 -0.00728809 10.361 37.5689 -13 55 0 0 1
-0.0946184 0.457956 520 0.100266 0.0921119 6.67191 36.4495 -13 90 0 0 1
-0.0265113 -0.0358314 520 -0.0308527 0.0107485 7.11099 53.4047 -13 91 0 0 1
-0.248822 -0.0310529 520 0.0217469 0.0665753 10.7699 29.2279 -13 95 0 0 1
-0.07679 -0.089008 520 -0.0238484 0.000174843 14.0137 18.7527 -13 99 0 0 1
-0.822096 0.710083 520 0.12809 0.111207 9.58756 32.5025 -13 104 0 0 1
0.312711 0.216114 520 0.0174745 -0.0606076 8.79705 27.9558 -13 105 0 0 1
0.119818 0.0409721 520 -0.0438004 0.0314116 7.67148 28.2635 -13 112 0 0 1
0.0613924 -0.00899119 520 -0.0189339 0.0125343 11.9496 26.0271 -13 113 0 0 1
0.314378 -0.167314 520 -0.0390655 -0.0845145 8.04997 29.8797 -13 114 0 0 1
-0.0641761 0.325403 520 0.0612279 -0.00629042 12.9893 29.8441 -13 124 0 0 1
0.118205 0.0392178 520 0.0413494 -0.0329309 11.4922 36.1142 -13 139 0 0 1
-0.0253914 0.185256 520 0.0258313 0.0220517 14.3916 33.8494 -13 144 0 0 1
-0.340757 -0.47059 520 -0.0845516 0.0301665 9.23059 30.9722 -13 146 0 0 1
0.0347089 0.400575 520 0.0671178 -0.0194458 11.236 32.0592 -13 147 0 0 1
-0.0415765 -0.0547381 520 0.000583555 -0.0101052 9.87704 23.9752 -13 167 0 0 1
-0.157923 0.0471517 520 0.0342233 0.0314083 11.3499 17.5971 -13 168 0 0 1
3.16424 4.6633 520 -0.017862 0.0413248 0.0769098 15.0603 11 168 1001 0 1
-0.239346 0.245427 520 0.0737597 0.0627005 8.93334 39.9445 -13 170 0 0 1
-nan -nan -nan -nan -nan -nan -nan -13 193 0 0 1
0.00557126 0.0879578 520 -0.0204024 0.0225402 12.3233 19.9028 -13 198 0 0 1
-0.00456933 0.0341271 520 0.0151826 0.02328 13.2515 20.7569 -13 344 0 0 1
-0.0296081 -0.0123788 520 -0.0404872 0.0058967 9.72542 20.0861 -13 345 0 0 1
-0.158551 0.135796 520 0.0179784 0.0161027 13.4513 29.3026 -13 346 0 0 1
-0.103659 -0.121981 520 -0.0127046 0.0340858 10.8589 44.6951 -13 354 0 0 1
0.280173 0.00676918 520 0.083587 -0.0892927 6.06421 49.895 -13 368 0 0 1
0.0871495 -0.0951728 520 0.00821209 -0.000498776 14.2015 22.5991 -13 373 0 0 1
-0.0331822 0.177982 520 0.0294006 -0.00870355 4.97509 42.8067 -13 374 0 0 1
0.256484 -0.194312 520 -0.113227 -0.0343032 6.56274 41.1103 -13 376 0 0 1
0.0107253 -0.038902 520 0.00569172 -0.0230676 10.5195 28.0709 -13 377 0 0 1
-nan -nan -nan -nan -nan -nan -nan -13 378 0 0 1
-0.330096 -0.309864 520 -0.0154016 0.0595183 7.41121 28.2616 -13 379 0 0 1
-0.0966486 0.173863 520 -0.0304913 0.0289762 4.9008 44.8583 -13 605 0 0 1
-0.219707 -0.0185442 520 0.0151604 0.00912441 11.8734 20.7887 -13 609 0 0 1
-0.230854 0.104563 520 -0.0214774 0.0451931 7.85429 35.5932 -13 612 0 0 1
0.218683 0.376611 520 0.0807437 -0.0445762 12.438 29.6448 -13 613 0 0 1
0.017116 0.0177227 520 -0.0203534 0.00634869 12.1203 17.8771 -13 614 0 0 1
0.836641 -1.55751 520 -0.197038 0.00130386 3.70139 65.2606 -13 615 0 0 1
-0.079424 0.217483 520 0.0104502 0.0505995 3.75272 72.0881 -13 616 0 0 1
0.18016 -0.0138466 520 0.016429 0.00290097 8.1012 42.7638 -13 618 0 0 1
-0.0117987 0.538298 520 0.0710759 -0.00387192 12.3622 34.8924 -13 620 0 0 1
-0.114655 0.0894051 520 -0.0729172 0.081122 11.1588 44.9019 -13 622 0 0 1
0.144097 -0.0115534 520 -0.00294359 -0.00618192 9.73183 33.4633 -13 623 0 0 1
0.147695 0.0721399 520 0.025257 -0.0207566 14.1651 14.6474 -13 624 0 0 1
0.181723 -0.204461 520 -0.0319378 0.000269557 9.07787 36.4856 -13 625 0 0 1
-7.03527 -0.136389 520 -0.0383817 -0.00504434 0.0524469 32.8509 11 625 1002 0 1
-0.13893 -0.361764 520 -0.141441 -0.00120813 6.03857 38.8719 -13 626 0 0 1
-0.105095 0.155611 520 0.0167775 -0.00549285 14.0772 25.7358 -13 632 0 0 1
0.0846388 -0.187252 520 -0.0185116 -0.0324191 8.35432 30.6922 -13 633 0 0 1
-0.554842 0.164501 520 0.0594961 0.0219687 4.80417 40.8547 -13 634 0 0 1
-0.244379 -0.21167 520 -0.0338216 0.0743525 8.03637 40.4839 -13 635 0 0 1
0.0960902 0.494791 520 0.0497729 -0.083084 14.1354 20.7427 -13 636 0 0 1
-0.0940308 0.123933 520 0.0225927 -0.00839825 7.9639 45.2584 -13 637 0 0 1
0.377542 0.462154 520 0.0462632 -0.0793631 12.707 30.761 -13 638 0 0 1
0.0793097 -0.0773322 520 -0.0278285 -0.00293668 14.0008 19.0338 -13 639 0 0 1
-0.131879 0.035427 520 0.00279367 0.00098705 10.8949 18.4143 -13 640 0 0 1
-0.0520276 -0.84441 520 -0.126254 0.040355 4.32022 51.28 -13 641 0 0 1
-0.228766 0.401509 520 0.0379413 0.00664516 7.10113 49.0562 -13 642 0 0 1
-2.15212 6.03163 520 0.0387499 0.00933974 0.0219084 49.9897 11 642 1004 0 1
-2.85474 10.7661 520 0.0204202 -0.00750681 -0.0362125 53.1481 11 642 1004 0 1
0.0111003 0.064809 520 -0.00139704 0.0307267 11.0442 17.7094 -13 643 0 0 1
-0.136212 -0.00572195 520 0.00127403 0.0174269 13.7598 30.753 -13 646 0 0 1
1.8036 -0.585389 520 -0.3125 -0.164197 6.30836 39.7209 -13 649 0 0 1
0.309565 0.0269011 520 0.0124892 -0.0351319 13.5252 18.1391 -13 650 0 0 1
0.09984 0.164059 520 0.0219099 -0.000899175 10.4703 44.0121 -13 652 0 0 1
0.00835573 -0.00548484 520 0.00259365 0.025252 11.9786 33.3653 -13 653 0 0 1
0.0679389 0.153326 520 0.0457802 0.00258007 14.3548 35.4563 -13 655 0 0 1
-0.262023 0.146417 520 -0.00263332 0.0265168 9.5743 35.7303 -13 656 0 0 1
0.130367 -0.0592859 520 0.00375831 0.0172818 7.9406 45.28 -13 657 0 0 1
4.1029 5.48225 520 -0.00250862 0.0239402 0.0521431 44.126 11 657 1003 0 1
-4.6913 12.4766 520 -0.011511 0.0312702 -0.019394 62.6494 11 657 1003 0 1
-0.0976915 -0.080905 520 -0.0101755 -0.0129307 14.4564 27.0018 -13 659 0 0 1
-0.107557 0.165552 520 0.0281882 0.0232939 8.18064 51.9138 -13 664 0 0 1
-0.0617338 0.018907 520 0.0157853 -0.0228634 13.5765 31.1752 -13 670 0 0 1
-0.798657 -0.219156 520 -0.0209795 -0.0480111 0.819277 445.106 -13 672 0 0 1
0.185806 -0.200183 520 -0.0356828 -0.0207091 3.83041 59.9054 -13 673 0 0 1
-0.0808438 -0.118752 520 -0.0100201 -0.000647244 12.5507 44.3563 -13 674 0 0 1
0.0903476 0.142045 520 0.015717 -0.023775 12.8991 40.7296 -13 676 0 0 1
-0.137032 -0.120573 520 -0.0542972 -0.00988117 9.39554 35.6709 -13 678 0 0 1
0.0110921 -0.160499 520 0.00727676 0.0369286 8.10909 35.7357 -13 679 0 0 1
-0.0307907 0.178058 520 0.061503 0.000649644 9.26491 38.8045 -13 680 0 0 1
0.142037 0.0317365 520 0.0258722 -0.0306 14.0664 16.2507 -13 681 0 0 1
0.0869604 -0.0620944 520 -0.0238978 0.0182081 13.2605 15.3985 -13 682 0 0 1
-0.0471938 -0.141101 520 -0.0303176 0.0532125 12.9934 39.4966 -13 683 0 0 1
0.255674 -0.555822 520 -0.112674 0.0105177 8.58538 38.2084 -13 684 0 0 1
-0.0942066 0.0203882 520 0.00358953 0.0469412 12.3187 32.3861 -13 691 0 0 1
0.0321989 1.29817 520 0.169522 0.0802765 6.65991 41.4943 -13 696 0 0 1
-0.228125 -0.0967329 520 -0.0334605 0.0415089 10.0102 37.207 -13 697 0 0 1
0.126429 -0.23109 520 -0.0545189 -0.0131427 13.3342 37.929 -13 699 0 0 1
0.129223 0.102055 520 0.0512086 0.00456229 12.2884 40.7048 -13 702 0 0 1
0.359924 1.3753 520 0.227163 0.00253486 9.38139 28.6573 -13 704 0 0 1
0.148758 -0.00493076 520 0.0319219 -0.0226747 10.1057 25.2014 -13 705 0 0 1
-0.187861 0.132144 520 0.0291005 -0.0030495 9.56684 35.0796 -13 706 0 0 1
0.266918 0.0540705 520 -0.0124665 -0.0335218 13.8454 15.1148 -13 707 0 0 1
-0.10337 0.186443 520 0.0719217 0.0846135 10.5311 35.9016 -13 708 0 0 1
0.421006 0.166504 520 0.129671 -0.100124 3.58709 62.3143 -13 709 0 0 1
-0.126513 -0.179635 520 -0.0546084 -0.00250996 14.156 15.0746 -13 711 0 0 1
-0.0449652 -0.0227264 520 -0.0109535 -0.00136107 12.3762 44.6141 -13 715 0 0 1
-0.116368 -0.105324 520 0.0286439 0.0604857 13.1173 35.0482 -13 716 0 0 1
-0.464003 0.117096 520 -0.00156723 0.0988585 8.67658 29.5192 -13 718 0 0 1
-0.126238 0.106766 520 0.033217 -0.0307117 10.656 26.2872 -13 719 0 0 1
-0.0454472 0.180671 520 -0.00794997 0.0941895 11.274 45.2965 -13 720 0 0 1
0.0826358 0.278527 520 0.0595461 -0.0290025 9.67351 45.1174 -13 721 0 0 1
-0.0646482 -0.194083 520 -0.0226391 0.031311 4.9939 46.6967 -13 722 0 0 1
0.541129 -0.09749 520 0.0530255 -0.108046 4.85833 59.5017 -13 724 0 0 1
-0.142706 0.384052 520 0.0743989 0.0874493 5.37463 44.951 -13 729 0 0 1
0.177003 0.015604 520 -0.0119536 -0.034543 10.976 33.8793 -13 735 0 0 1
-0.253124 -0.0637362 520 -0.012841 0.084538 8.23471 43.0142 -13 737 0 0 1
-0.103378 0.203169 520 -0.0101339 0.00428984 13.0397 38.1931 -13 740 0 0 1
1.56186 2.67427 520 0.886987 -0.618225 2.63856 67.2936 -13 744 0 0 1
0.0440159 -0.101692 520 -0.0289857 0.0360426 11.4976 31.176 -13 745 0 0 1
-0.295711 -0.0746487 520 -0.0201317 0.0346437 10.4393 39.7397 -13 750 0 0 1
0.0530903 0.740453 520 0.0510601 0.0835908 6.53682 32.6086 -13 752 0 0 1
-5.97136 6.4624 520 0.000629826 0.00297955 0.0346679 32.5996 11 752 1007 0 1
-0.433708 -0.164217 520 -0.03298 0.0717365 10.8008 20.2526 -13 753 0 0 1
-0.277351 -0.0430511 520 0.0816117 -0.0351961 8.07164 43.5112 -13 760 0 0 1
-0.504447 0.593319 520 0.103605 0.0363546 6.35962 36.0468 -13 761 0 0 1
0.454769 0.00252739 520 0.0402858 -0.0948622 13.8676 42.1225 -13 762 0 0 1
-0.0193035 0.12331 520 0.0321194 0.00606958 13.4009 17.914 -13 774 0 0 1
0.0610924 0.000138484 520 0.000691581 -0.0177214 11.85 27.6787 -13 776 0 0 1
0.106625 0.0863454 520 0.0214055 0.0142627 9.56013 24.2711 -13 780 0 0 1
-0.0950505 -0.448218 520 -0.0906682 0.0147142 11.6435 20.7475 -13 781 0 0 1
0.03633 -0.0487985 520 -0.00755344 -0.0304996 10.0652 22.2334 -13 782 0 0 1
0.0372988 0.00700091 520 -0.0465415 0.00976841 6.94811 43.4231 -13 783 0 0 1
-0.349681 -0.210619 520 -0.0239588 0.0601537 6.88068 29.7511 -13 784 0 0 1
-0.16696 0.0161303 520 0.00790954 -0.024498 4.89842 51.1061 -13 785 0 0 1
0.0604982 0.318072 520 0.0190281 0.0113248 9.57318 38.6124 -13 786 0 0 1
-0.555657 0.177484 520 0.0138302 0.0502531 8.91111 37.8503 -13 787 0 0 1
0.0546791 0.0181151 520 0.00992018 -0.0271931 12.3533 33.6517 -13 788 0 0 1
0.0615476 0.057583 520 0.00607841 0.00828148 14.1654 28.7004 -13 789 0 0 1
0.052562 0.124327 520 -0.0599984 -0.0219614 9.9443 45.9622 -13 790 0 0 1
-0.722063 0.407904 520 -0.000741908 0.0761215 4.87455 61.7253 -13 791 0 0 1
-0.0586586 -0.160694 520 -0.0412572 0.0512515 11.7753 44.369 -13 792 0 0 1
-0.129708 0.0556035 520 0.00512517 -0.00410085 11.4163 33.6105 -13 793 0 0 1
-0.218541 0.0276944 520 -0.0213293 0.0215113 11.4849 25.0338 -13 795 0 0 1
-0.248758 -0.116623 520 -0.0570017 0.0261863 14.005 38.4715 -13 797 0 0 1
-0.0489711 -0.0312741 520 -0.0228454 -0.00097011 13.711 39.0565 -13 798 0 0 1
0.167242 0.158379 520 0.0521589 -0.00126509 9.36904 49.4487 -13 799 0 0 1
-0.0332413 0.198091 520 0.0209805 0.0309891 13.5505 16.5399 -13 800 0 0 1
0.212409 -0.0132823 520 0.028471 0.0277118 5.73766 37.0393 -13 801 0 0 1
0.340664 -0.11515 520 -0.00717309 0.00348797 12.5412 42.1458 -13 805 0 0 1
-0.350374 -3.45858 520 -0.0159467 -0.00966276 0.0282652 48.1948 11 805 1003 0 1
-0.459932 -0.6446 520 -0.108565 0.0287717 7.57876 37.9965 -13 826 0 0 1
0.0354433 -0.359477 520 -0.0858165 -0.126367 7.82451 51.7606 -13 835 0 0 1
-0.0707184 -0.108272 520 -0.0262378 -0.00596902 12.8285 31.7509 -13 838 0 0 1
-0.0301528 -0.126513 520 0.0178059 -0.0181432 4.15061 66.2048 -13 844 0 0 1
0.23597 -0.0575188 520 -0.0199704 -0.0506948 12.2866 32.1994 -13 846 0 0 1
0.231418 0.0225099 520 0.0191888 -0.0317146 8.87937 29.1681 -13 851 0 0 1
0.200058 0.253262 520 0.0746365 -0.105627 0.877581 438.056 -13 852 0 0 1
0.00153168 -0.00279377 520 0.00193336 -0.0156087 11.5602 40.0491 -13 855 0 0 1
-0.0309181 -0.164557 520 -0.0206398 0.0224355 13.7637 42.4515 -13 973 0 0 1
-0.136998 0.0454857 520 0.024343 0.0170411 10.2804 38.3649 -13 975 0 0 1
0.259231 -0.0552115 520 -0.0346667 0.0386428 6.68696 34.0811 -13 976 0 0 1
-0.0226798 0.0198198 520 0.0101113 0.00128006 13.7224 32.6322 -13 979 0 0 1
0.242684 -0.105319 520 0.000321021 -0.0458402 9.68571 20.2989 -13 981 0 0 1
-0.0069588 -0.0359305 520 -0.0153801 -0.0247355 13.621 26.842 -13 982 0 0 1
0.209074 0.946981 520 0.0323487 -0.193321 5.6527 56.3229 -13 983 0 0 1
-0.323899 -0.316982 520 -0.143952 0.020839 10.0622 21.3717 -13 984 0 0 1
-0.152127 0.0599458 520 -0.00789896 0.0369755 11.2572 32.2107 -13 985 0 0 1
0.0609932 0.23132 520 0.0205999 -0.0309967 8.40005 41.1302 -13 986 0 0 1
-0.105446 0.0013775 520 -0.0198275 0.00787639 14.2312 38.0717 -13 987 0 0 1
-0.0564791 -0.0382727 520 -0.058813 0.0468808 6.6287 49.8677 -13 988 0 0 1
0.223525 0.246697 520 -0.0644447 -0.0378769 2.52195 80.141 -13 989 0 0 1
-0.110471 -0.0959854 520 -0.00836457 0.0444107 11.2697 45.8428 -13 993 0 0 1
-0.0914127 -0.00501861 520 -0.0136969 0.00931896 13.0381 39.8978 -13 996 0 0 1
0.133755 -0.0813695 520 -0.0272304 -0.0239771 14.5135 21.9888 -13 997 0 0 1
-0.176541 -0.108975 520 -0.014556 0.0268343 10.2568 43.5926 -13 998 0 0 1
-0.180743 0.0406089 520 0.0146879 0.0194792 7.3779 30.3141 -13 999 0 0 1
-0.0962618 0.610908 520 0.104469 0.00559266 5.09756 50.2485 -13 8 0 0 1
-0.0677384 0.139228 520 0.0079192 0.0100925 11.814 19.747 -13 12 0 0 1
0.155061 0.0567294 520 -0.0198647 -0.00548317 8.46556 32.2537 -13 27 0 0 1
0.0863954 -0.0335847 520 -0.014514 -0.00675853 11.5783 43.8979 -13 28 0 0 1
-0.179352 -0.0435214 520 0.171216 0.0730805 5.0558 40.4709 -13 46 0 0 1
0.154371 0.160452 520 0.0199294 -0.0347241 11.411 24.599 -13 47 0 0 1
0.122938 0.198028 520 0.0695832 0.0478995 8.18886 24.213 -13 53 0 0 1
-0.094449 3.50641 520 -0.0172561 0.0156274 0.0267245 24.5799 11 53 1005 0 1
0.280277 -0.178787 520 0.0252791 -0.0124474 14.1027 22.3448 -13 56 0 0 1
1.04294 -2.19906 520 0.00723049 0.0467747 0.0219845 24.8756 11 56 1003 0 1
2.25617 -2.31577 520 -0.000403353 0.0355552 -0.00971193 26.555 11 56 1003 0 1
-0.455325 0.815303 520 0.0622809 0.0584632 8.17019 48.771 -13 77 0 0 1
0.952592 0.964672 520 0.00882475 -0.0293462 0.0277521 49.5966 11 77 1003 0 1
0.435757 -0.120098 520 0.0137455 -0.0274681 8.51303 30.3209 -13 88 0 0 1
-0.0950276 0.0744277 520 -0.0166987 0.0335286 7.69953 49.9866 -13 93 0 0 1
-0.600219 0.629974 520 -0.0632099 -0.0555727 1.94312 75.9888 -13 96 0 0 1
0.061128 0.119145 520 0.0480116 -0.00372015 12.3224 16.2781 -13 100 0 0 1
-0.0200157 -0.0891349 520 -0.0279842 -0.00550751 11.4682 42.9461 -13 125 0 0 1
0.42413 0.00458477 520 0.0256962 -0.0103415 9.63373 25.3562 -13 127 0 0 1
0.216348 -0.190788 520 -0.0353589 -0.0246477 13.3574 18.5058 -13 135 0 0 1
0.423978 -0.0793944 520 -0.0144377 -0.110824 7.38421 38.4667 -13 148 0 0 1
0.0474908 -0.170744 520 -0.0170945 0.00881101 7.01678 35.0995 -13 149 0 0 1
-0.365715 -0.0966252 520 -0.0522219 0.0556844 9.79208 42.8882 -13 174 0 0 1
-0.03002 -0.142403 520 -0.0298316 -0.0190168 10.7784 31.8238 -13 176 0 0 1
-0.06481 0.397732 520 0.120873 0.0113097 3.32593 57.3434 -13 177 0 0 1
-0.298549 0.0255205 520 -0.0179089 0.0152598 5.5073 49.6668 -13 179 0 0 1
-0.966633 -1.03245 520 -0.195512 0.167346 5.75725 33.13 -13 189 0 0 1
0.0948139 1.2606 520 0.161487 0.0418446 0.535021 127.223 -13 208 0 0 1
0.0845201 0.241605 520 0.037864 -0.0429585 8.97391 49.8263 -13 213 0 0 1
0.0959166 0.0484987 520 0.0116257 -0.0499206 10.9182 33.5721 -13 242 0 0 1
0.0838113 0.061843 520 0.053056 0.000257192 13.8035 41.587 -13 243 0 0 1
-0.462907 0.141882 520 0.102265 0.0386186 8.6868 44.9953 -13 244 0 0 1
0.137478 0.289813 520 -0.0182401 -0.0191059 8.08586 31.9967 -13 246 0 0 1
-0.209581 0.0484736 520 0.0526903 0.00763382 11.8187 43.407 -13 248 0 0 1
0.074519 -0.0173709 520 -0.0247558 -0.0426496 10.3487 37.5915 -13 250 0 0 1
-0.15712 -0.0656817 520 -0.00401465 0.0479419 12.2493 16.1736 -13 256 0 0 1
0.00493151 -0.230732 520 -0.102671 0.0095802 11.2702 27.86 -13 257 0 0 1
0.182915 -0.147048 520 -0.0412361 -0.046211 12.9483 33.8604 -13 262 0 0 1
-0.828747 -0.337099 520 0.00263046 0.156719 3.27767 75.4245 -13 264 0 0 1
-0.427995 -0.106835 520 -0.0269339 -0.00326969 -0.16853 540.046 11 264 1016 0 1
0.180003 0.0468361 520 -0.00549715 -0.0389438 11.3138 41.1504 -13 266 0 0 1
-0.0609251 0.0701271 520 -0.000499628 0.00591183 11.9851 20.5502 -13 297 0 0 1
-3.59371 1.02547 520 -0.0616772 0.50914 3.05793 80.4667 -13 300 0 0 1
0.0350807 0.0793522 520 0.0454057 0.00774548 8.22472 49.1825 -13 301 0 0 1
0.0204436 0.119492 520 0.0166611 -0.00211011 11.6338 29.2461 -13 303 0 0 1
0.0778746 0.0832778 520 -0.0071898 -0.0481607 11.0432 27.2155 -13 305 0 0 1
0.0878594 0.236704 520 0.13961 0.0395074 4.22915 52.9646 -13 307 0 0 1
0.0911986 -0.0140823 520 0.0132712 0.00881149 12.1605 22.5925 -13 312 0 0 1
0.301024 -0.17068 520 -0.0243644 -0.0352601 6.11271 35.9577 -13 318 0 0 1
-4.00004 1.62616 520 0.08334 -0.00728197 0.728727 440.94 -13 319 0 0 1
-0.154721 -0.0699124 520 -0.0299047 0.0194439 13.8073 19.5827 -13 320 0 0 1
-0.270054 -0.0163637 520 -0.0337803 0.0437874 6.0941 37.7665 -13 323 0 0 1
0.266069 0.426306 520 -0.0339643 -0.0727936 0.777992 441.878 -13 324 0 0 1
0.489849 0.546594 520 0.0929604 -0.0568036 11.4437 43.3522 -13 325 0 0 1
0.201311 0.221117 520 -0.00608338 0.0293165 7.98933 32.2598 -13 459 0 0 1
-0.143463 0.184823 520 -0.0278938 0.0246396 10.5563 21.0429 -13 460 0 0 1
0.796909 0.169731 520 -0.00848166 -0.169701 3.85603 73.6942 -13 464 0 0 1
-nan -nan -nan -nan -nan -nan -nan -13 471 0 0 1
0.202572 0.123307 520 0.0812298 0.0108381 5.37855 36.1326 -13 473 0 0 1
-0.887167 -0.532696 520 -0.0736172 0.0135169 3.1841 77.3691 -13 728 0 0 1
-0.0889631 0.0417039 520 -0.0359546 -0.0119825 11.1694 24.1007 -13 730 0 0 1
-0.235474 0.0326504 520 0.00415558 0.0150767 7.8925 27.6292 -13 734 0 0 1
-0.229499 -0.155974 520 -0.0701353 0.0334689 10.9793 26.8264 -13 736 0 0 1
0.386867 -0.252469 520 -0.00466212 -0.00651994 8.4099 45.2393 -13 738 0 0 1
-0.122419 0.0214049 520 0.0227008 0.00751922 11.8997 36.5189 -13 739 0 0 1
-0.198176 -0.126293 520 0.00723152 -0.00453272 8.67644 40.9977 -13 741 0 0 1
0.380463 0.0152654 520 -0.0176739 -0.081957 4.11832 66.8556 -13 742 0 0 1
0.357971 0.118292 520 0.046597 -0.011281 8.31824 24.2415 -13 743 0 0 1
0.0679828 -0.198812 520 -0.0586575 -0.0128991 8.55566 47.7531 -13 746 0 0 1
-0.0825609 -0.0870905 520 0.00101432 0.0347844 11.8471 38.765 -13 747 0 0 1
-0.0960898 -0.0727248 520 0.0238573 0.0128066 10.5618 34.8781 -13 748 0 0 1
-0.241088 -0.113382 520 -0.010904 -0.0133369 12.1044 17.1162 -13 749 0 0 1
-0.0474657 -0.0618272 520 -0.0270864 0.0601252 11.1144 41.1685 -13 751 0 0 1
0.20929 0.069908 520 0.0734753 -0.040915 8.66133 47.0738 -13 754 0 0 1
-0.260912 0.156514 520 0.0569163 0.0466799 7.9252 30.8927 -13 755 0 0 1
-0.0175027 -0.0136646 520 0.0796367 0.106318 5.39302 45.96 -13 756 0 0 1
-0.259215 -0.218976 520 -0.0316107 0.0296221 7.1894 38.4477 -13 757 0 0 1
-7.00441 -7.60199 520 -0.00568499 -0.012228 0.0555362 32.183 11 757 1005 0 1
0.112466 -0.0512567 520 0.00566937 -0.0545317 7.93534 26.1711 -13 758 0 0 1
0.112437 0.0714812 520 0.0262167 -0.0034576 12.6375 44.2475 -13 767 0 0 1
-0.0305696 0.147992 520 0.0477325 0.00266304 10.8975 23.5346 -13 771 0 0 1
-0.0435055 -0.107106 520 0.0133312 0.00675495 11.4268 21.4671 -13 773 0 0 1
-0.128473 -0.0846623 520 0.0390743 -0.0248502 8.47682 40.6499 -13 778 0 0 1
-2.28588 0.00220147 520 0.0373457 0.0123662 0.049789 40.3313 11 778 1002 0 1
0.116359 -4.48051 520 0.000197306 6.44959e-05 0.0359579 40.2499 11 778 1004 0 1
0.104632 -0.0860141 520 -0.0265771 -0.0187181 12.9385 15.3177 -13 779 0 0 1
-0.290374 0.392767 520 0.0190389 0.0318393 7.45643 37.538 -13 794 0 0 1
-0.775647 0.900972 520 -0.0217084 0.202904 8.855 44.0536 -13 796 0 0 1
0.0242105 0.0334663 520 0.0882466 0.121887 2.90568 65.2581 -13 806 0 0 1
-0.164021 0.225159 520 0.0373747 0.0238674 13.6453 24.6007 -13 807 0 0 1
-0.146554 0.135613 520 -0.0305475 -0.0283714 7.03183 36.1649 -13 808 0 0 1
-0.00555484 0.0782105 520 0.00644636 -0.00283287 14.3037 27.1223 -13 809 0 0 1
0.197382 -0.379638 520 -0.0513783 -0.0471147 6.25688 56.5862 -13 819 0 0 1
0.436523 -0.0251307 520 0.00951236 -0.0425124 8.44812 26.0463 -13 821 0 0 1
-0.275291 0.0310289 520 0.0343805 0.0601295 12.6034 38.3305 -13 823 0 0 1
-0.0446811 -0.294565 520 -0.0440957 0.047082 10.8065 26.733 -13 837 0 0 1
0.18288 -0.0791634 520 -0.102478 0.0312171 9.86189 40.7761 -13 840 0 0 1
0.516261 -1.2414 520 -0.14538 -0.092162 8.29343 29.771 -13 843 0 0 1
0.0965002 0.0622985 520 0.00843705 -0.0274417 13.488 23.2226 -13 845 0 0 1
-0.431197 0.555974 520 0.146338 0.0501872 4.63117 48.5568 -13 847 0 0 1
0.00894884 0.0269786 520 0.015563 0.0356096 9.56904 22.0652 -13 849 0 0 1
-0.119358 -0.132482 520 -0.0218863 0.000798336 12.3733 37.531 -13 850 0 0 1
-0.16695 -0.0327993 520 0.0144893 0.040955 14.3318 21.5803 -13 857 0 0 1
-0.156305 0.0376385 520 0.0484197 0.045219 10.2147 44.7882 -13 858 0 0 1
0.151137 -0.00742768 520 -0.0212483 -0.058943 13.0394 39.4922 -13 860 0 0 1
-0.0516254 -0.18877 520 -0.0350936 -0.0309595 11.1749 20.0524 -13 861 0 0 1
-0.0425561 -0.283997 520 -0.0674957 0.073915 5.87506 52.4535 -13 862 0 0 1
-0.238045 0.0696039 520 0.0699216 0.0333688 3.69376 53.6288 -13 863 0 0 1
0.406716 0.246762 520 0.11083 -0.0181135 5.46452 62.1813 -13 866 0 0 1
-0.148109 -0.199593 520 -0.0399383 0.0213567 8.35388 32.7118 -13 868 0 0 1
0.0476919 0.174432 520 0.0215944 -0.0107523 14.2401 39.4927 -13 879 0 0 1
-0.0418088 0.0723877 520 0.00692253 0.021891 12.939 20.201 -13 880 0 0 1
0.05217 0.144957 520 0.0443768 -0.0298266 14.5318 25.7797 -13 881 0 0 1
-0.443025 0.595206 520 0.0639828 0.123654 6.43841 50.0862 -13 882 0 0 1
-0.170079 0.493554 520 -0.010504 0.0407781 7.12843 50.2822 -13 883 0 0 1
0.254933 -0.0643842 520 0.0308916 -0.0436101 5.71959 49.4951 -13 884 0 0 1
0.0328843 -0.330758 520 -0.0481378 0.00281926 12.5485 16.8149 -13 885 0 0 1
-0.0691681 -0.00541198 520 -0.0192879 -0.000278378 8.5289 22.677 -13 887 0 0 1
-0.143631 0.0492625 520 0.0416276 -0.017008 8.56218 41.3203 -13 888 0 0 1
-0.183244 0.116448 520 0.0294616 0.038983 11.3121 41.4831 -13 889 0 0 1
1.13689 0.437617 520 -0.0977048 -0.217188 10.8435 29.2586 -13 890 0 0 1
-0.0736358 0.166718 520 0.0109067 0.050844 7.53473 33.0307 -13 891 0 0 1
-0.408117 -0.137515 520 -0.0290857 0.0847261 14.0647 22.4166 -13 892 0 0 1
0.0673287 -0.101602 520 0.00181774 0.0303874 9.36922 23.7361 -13 893 0 0 1
0.121218 -0.107126 520 0.000927853 -0.0710418 12.5675 33.5484 -13 894 0 0 1
-0.42173 -1.07907 520 0.0467131 -0.0254341 0.0361508 33.8639 11 894 1001 0 1
-0.478431 -1.83878 520 0.00727114 0.0418494 -0.0427631 42.5136 11 894 1001 0 1
-3.02621 -1.69695 520 -0.0215475 -0.0272856 0.0337619 61.3039 11 894 1001 0 1
-0.0805344 0.220824 520 0.0421471 0.0282805 11.6139 33.2084 -13 895 0 0 1
0.0559774 0.0294518 520 0.0311291 -0.0242425 6.6841 37.6 -13 899 0 0 1
0.0800664 0.0491873 520 0.0326201 -0.00487177 11.4297 18.4073 -13 900 0 0 1
-0.523119 -0.245168 520 -0.00644298 0.165086 6.58799 35.987 -13 903 0 0 1
0.0956374 -0.0240757 520 -0.0171177 -0.0161255 12.5534 22.7733 -13 904 0 0 1
0.124769 0.146974 520 0.00762778 -0.0235598 5.17822 53.614 -13 905 0 0 1
-0.161993 -0.180111 520 -0.0761772 0.0364671 10.4633 37.9465 -13 906 0 0 1
0.0111975 0.00917287 520 0.00289841 -0.0224818 11.6283 42.7583 -13 907 0 0 1
0.0793243 0.192748 520 0.00140828 -0.0248193 12.9358 18.1855 -13 908 0 0 1
0.224164 -0.0556326 520 -0.0345042 -0.00146688 7.25302 40.7669 -13 909 0 0 1
0.0935703 -0.461659 520 -0.0861876 0.0335201 9.26781 22.0715 -13 910 0 0 1
-0.401492 -0.374653 520 -0.11586 0.0594753 0.862716 114.089 -13 911 0 0 1
0.158456 0.155899 520 0.0564181 -0.029184 11.8344 18.069 -13 912 0 0 1
-0.149007 0.143362 520 0.0116223 0.0124899 13.2364 18.9945 -13 10 0 0 1
-0.0298565 -0.353704 520 -0.0303072 0.0961446 10.6328 20.1885 -13 11 0 0 1
-0.5094 0.0362044 520 0.00584499 0.106841 3.68865 52.9373 -13 13 0 0 1
-0.116848 0.236418 520 0.017155 -0.00733665 14.5002 19.9622 -13 17 0 0 1
-0.150175 0.0378173 520 0.0264238 0.0367952 7.02475 47.8359 -13 29 0 0 1
1.73842 0.939661 520 0.694583 0.0578703 8.44996 27.4879 -13 32 0 0 1
-0.0267679 0.118367 520 0.00680652 0.00750804 13.2658 20.6367 -13 49 0 0 1
0.164843 0.215451 520 -0.0230116 -0.0612005 4.27135 69.6962 -13 50 0 0 1
-0.326521 0.0363893 520 -0.0317437 0.0562723 2.94382 61.8626 -13 54 0 0 1
-0.422212 -0.0343646 520 -0.00303792 0.0701416 9.37401 32.7247 -13 62 0 0 1
-0.458949 0.0221375 520 -0.0414346 0.111582 5.39311 47.4661 -13 69 0 0 1
0.280526 0.174405 520 0.061494 -0.0462072 11.6848 19.9512 -13 71 0 0 1
0.161888 0.0505891 520 0.0183819 -0.0246004 12.6801 39.8552 -13 79 0 0 1
0.0165631 0.150362 520 0.0333393 -0.00686809 8.7174 44.436 -13 81 0 0 1
0.106805 0.00805605 520 0.00734004 -0.0360693 13.1999 37.4181 -13 82 0 0 1
-0.179363 -0.0204494 520 0.0404085 -0.0155908 9.85545 37.8573 -13 83 0 0 1
-0.25214 -0.0802165 520 -0.0675447 0.00932186 13.5709 17.7618 -13 85 0 0 1
-0.354175 -0.343009 520 -0.0185989 0.124676 1.79379 100.247 -13 87 0 0 1
-0.438752 -0.187091 520 7.32552e-05 -7.42088e-05 1.0094 450.511 -13 102 0 0 1
-0.0463858 0.175671 520 0.0178974 0.00259218 13.7626 31.5075 -13 107 0 0 1
-0.0591414 0.00627654 520 -0.0131692 0.00636737 13.2423 36.7263 -13 132 0 0 1
0.211117 0.0376044 520 0.00322004 -0.0339011 14.5467 32.0196 -13 133 0 0 1
0.198488 -0.41765 520 -0.0685236 -0.136722 7.21074 44.5293 -13 134 0 0 1
0.675864 -0.193872 520 0.0250861 -0.113835 4.56542 44.9294 -13 138 0 0 1
-0.0552057 0.121133 520 0.0232754 -0.0101346 13.6973 37.5566 -13 153 0 0 1
-0.174468 0.0562387 520 -0.00105828 -0.0102375 9.95395 44.1115 -13 155 0 0 1
0.0204181 0.144527 520 0.00170491 -0.0117291 11.9718 32.5274 -13 156 0 0 1
0.202719 -0.279776 520 -0.0154506 -0.0479282 8.41371 32.4755 -13 158 0 0 1
-0.00405646 -0.0340968 520 -0.0201446 0.0156019 14.1082 20.4508 -13 161 0 0 1
0.0281496 -0.0438163 520 -0.0208581 0.00436275 9.24324 37.7945 -13 182 0 0 1
-0.0639589 0.163322 520 0.0206937 -0.00327464 14.0166 18.9851 -13 183 0 0 1
-0.0167747 0.131299 520 0.0119742 0.0229967 11.4989 32.3009 -13 185 0 0 1
0.0862558 0.0681321 520 0.0683793 0.0178459 8.41954 27.9362 -13 190 0 0 1
0.0150626 -0.0528079 520 -0.00965077 0.00196568 12.2473 21.4946 -13 191 0 0 1
0.0789464 -0.0653772 520 -0.0157252 -0.0386757 10.3571 25.2531 -13 194 0 0 1
-0.324962 -0.0883811 520 0.0349689 0.0280003 10.8687 39.2961 -13 195 0 0 1
2.93141 0.384555 520 0.0898006 0.111089 0.752664 430.183 -13 197 0 0 1
0.0622309 -0.0335765 520 0.0235347 0.0065314 11.6009 38.0336 -13 201 0 0 1
-0.0747535 -0.17323 520 -0.0433406 -0.0162182 3.3001 60.531 -13 221 0 0 1
0.0656136 -0.117667 520 -0.0427 -0.0162807 8.89677 28.025 -13 222 0 0 1
-0.0536698 -0.0348796 520 -0.0108362 -0.0140852 13.5036 27.3374 -13 228 0 0 1
-0.42361 -0.0984079 520 0.0223216 0.0580579 13.4293 24.9028 -13 229 0 0 1
0.0504342 0.100224 520 -0.011208 0.0185703 11.9719 17.2329 -13 230 0 0 1
0.712893 -0.326726 520 0.0410001 -0.130535 9.05834 46.8942 -13 231 0 0 1
-0.12396 -0.180823 520 0.0278681 -0.0413218 6.28045 48.3965 -13 232 0 0 1
-0.0635358 0.0280549 520 0.00677348 0.00918189 10.9581 45.1068 -13 233 0 0 1
-0.0375798 0.193552 520 0.0294103 -0.0251562 12.4847 18.1325 -13 234 0 0 1
0.0508014 -0.102727 520 -0.123784 0.0264514 6.2326 52.8825 -13 235 0 0 1
0.507674 -0.00690617 520 -0.0748808 -0.0306687 4.59644 59.5326 -13 236 0 0 1
0.0113989 0.0978886 520 -0.0377626 -0.00283345 8.38947 37.3182 -13 237 0 0 1
-0.0681638 -0.748498 520 -0.109356 -0.000626339 12.9099 27.0222 -13 245 0 0 1
-0.111448 0.213418 520 0.0209204 -0.0132002 11.6432 26.6657 -13 247 0 0 1
0.00131949 0.0920807 520 0.0219893 0.0161382 12.3523 26.0636 -13 249 0 0 1
-0.0157535 -0.201342 520 -0.0343009 0.00173945 11.9291 37.0384 -13 253 0 0 1
-0.377266 0.205416 520 0.032637 -0.0402325 8.31129 27.0232 -13 254 0 0 1
0.0444572 0.103305 520 -0.0242889 0.0144938 12.0331 23.2962 -13 255 0 0 1
-1.867 2.40797 520 0.0406705 0.0171019 0.032186 24.5787 11 255 1004 0 1
-0.100364 -0.207439 520 -0.0437666 -0.00258126 14.2072 37.0819 -13 260 0 0 1
-0.0160073 -0.0967225 520 -0.0128385 -0.000868192 14.0632 35.9795 -13 267 0 0 1
0.0454991 0.0408748 520 -0.0186057 0.0293736 12.273 20.9931 -13 268 0 0 1
-0.0124069 -0.200909 520 -0.0442607 0.0399099 11.7996 27.8267 -13 269 0 0 1
-1.47809 1.3882 520 -0.0111957 0.00351429 0.10999 21.681 11 269 1004 0 1
0.0310948 -0.558203 520 -0.106587 -0.0514038 3.2242 81.9457 -13 270 0 0 1
0.035239 -0.112234 520 0.0808969 -0.0139155 8.78913 40.9061 -13 275 0 0 1
-0.0343662 0.0450304 520 -0.0123551 -0.0111151 13.3496 34.8109 -13 279 0 0 1
-0.010127 0.262509 520 0.0906861 -0.0378857 8.14038 42.9197 -13 281 0 0 1
-0.162614 -0.54685 520 -0.0843981 0.0556195 10.7118 24.814 -13 283 0 0 1
0.419188 -0.277473 520 -0.147895 -0.0531399 2.91936 84.1385 -13 285 0 0 1
0.183521 0.112276 520 0.0638199 -0.0165238 10.8732 45.4883 -13 287 0 0 1
-0.0715104 0.178605 520 0.0356032 -0.0103299 7.3796 54.2055 -13 293 0 0 1
-1.92353 0.212798 520 0.00276892 -0.0332432 0.0330502 54.1128 11 293 1003 0 1
-0.0149751 0.20549 520 0.00116585 -0.0123905 7.25133 48.7084 -13 295 0 0 1
5.46065 -2.97399 520 -nan -nan -nan 438.917 -13 298 0 0 1
0.0771844 -0.0647134 520 0.0223189 -0.0455511 7.55989 40.5896 -13 302 0 0 1
0.0226256 0.00191599 520 0.00486522 -0.0205903 9.84458 25.813 -13 414 0 0 1
-0.0766975 -0.00382821 520 0.00551158 0.010476 12.6475 28.9593 -13 416 0 0 1
-0.0583953 -0.074094 520 -0.0068143 0.047909 10.0327 45.233 -13 418 0 0 1
0.531595 -0.475883 520 0.0136163 -0.124383 7.64783 38.3 -13 419 0 0 1
-0.194985 -0.0888379 520 -0.0513855 0.0179187 12.4493 25.2691 -13 420 0 0 1
-0.151783 -0.410216 520 -0.0426033 -0.0134785 7.06856 30.394 -13 422 0 0 1
-0.0449608 0.0847925 520 -0.00478536 0.00738145 9.31819 30.1859 -13 424 0 0 1
0.117986 -0.0853125 520 -0.0612182 0.0191739 7.03535 34.7826 -13 428 0 0 1
0.0713192 -0.123466 520 0.0426732 -0.0195669 7.84004 36.9695 -13 429 0 0 1
0.0509185 0.0820852 520 0.0543546 -0.0181896 10.8459 27.4236 -13 431 0 0 1
-0.0602365 0.0823172 520 -0.00529213 -0.0772988 9.94911 37.1249 -13 432 0 0 1
-0.0497449 -0.018774 520 -0.00493201 -0.0120537 11.0498 42.3782 -13 433 0 0 1
0.140938 -0.17565 520 -0.0314435 -0.0361624 13.7055 25.2766 -13 434 0 0 1
-0.156713 -0.128339 520 0.00715053 0.0260306 11.3893 31.6098 -13 435 0 0 1
0.23074 0.0487549 520 -0.0108584 -0.0664981 11.2521 23.6271 -13 436 0 0 1
0.122296 -0.163817 520 -0.0201176 -0.0111995 10.6923 29.0076 -13 437 0 0 1
-0.0332597 -0.156167 520 -0.0389639 0.0100459 11.1217 33.4405 -13 438 0 0 1
-0.250831 -0.0687462 520 0.0225295 0.110934 8.84503 42.2293 -13 440 0 0 1
-0.0613423 -0.264539 520 -0.0412501 -0.049403 11.3649 30.8072 -13 441 0 0 1
0.23936 0.276034 520 0.0269711 -0.0349131 11.3685 27.4669 -13 444 0 0 1
0.266334 -0.0234325 520 -0.0364889 -0.032514 7.82981 44.4353 -13 451 0 0 1
-0.68236 0.677087 520 -0.081382 0.102627 0.762019 441.747 -13 455 0 0 1
0.101848 -0.0716265 520 -0.026679 0.0191988 13.683 40.1496 -13 462 0 0 1
-0.104234 -0.127111 520 -0.00454834 0.00617136 13.6948 30.4263 -13 498 0 0 1
-0.252229 -0.0656214 520 -0.0612274 -0.00183825 11.8874 31.7803 -13 499 0 0 1
0.0742858 0.0632892 520 0.0117799 -0.00438293 12.6659 28.4349 -13 500 0 0 1
0.206949 -0.263936 520 -0.0872272 0.0294094 7.89915 29.4342 -13 514 0 0 1
-0.0764543 -0.42758 520 -0.0616167 0.0511866 9.69015 26.688 -13 525 0 0 1
-1.5528 1.72684 520 0.160533 0.523585 3.08738 83.2091 -13 527 0 0 1
-0.0667493 0.0722828 520 0.00194159 0.0189608 8.3027 45.2658 -13 530 0 0 1
0.00756777 0.0553418 520 0.00680098 -0.0109248 0.00794819 45.4468 11 530 1002 0 1
0.0227329 -0.0594246 520 -0.0122881 0.0161556 11.3263 22.5429 -13 539 0 0 1
0.0145665 -0.262074 520 -0.0410627 0.0143306 11.2553 42.4575 -13 540 0 0 1
0.0632716 0.0811652 520 0.0394592 0.00179593 10.6845 37.32 -13 547 0 0 1
-0.29041 -0.0777784 520 -0.0193596 0.0406085 8.59784 38.409 -13 550 0 0 1
0.0414227 0.157537 520 -0.0199001 0.0235693 5.04773 37.8809 -13 554 0 0 1
-0.203517 0.0775877 520 0.0313919 -0.0284397 6.15579 50.9512 -13 556 0 0 1
-0.1025 -0.138388 520 -0.0464376 -0.0134353 10.9407 45.541 -13 559 0 0 1
0.0305857 0.141168 520 0.0267181 0.00255566 13.6062 14.8061 -13 560 0 0 1
-0.341573 0.519441 520 0.0604652 0.00984473 5.11994 62.0286 -13 561 0 0 1
-0.333007 0.549263 520 0.00812935 -0.0160152 0.0416521 61.9689 11 561 1004 0 1
0.207161 -0.198186 520 -0.0916002 -0.0594415 11.0479 20.7833 -13 562 0 0 1
-0.00867475 0.46768 520 0.0908283 0.00476656 11.838 42.037 -13 568 0 0 1
-0.0510495 0.0521088 520 0.0259243 0.00568346 13.538 25.2838 -13 569 0 0 1
-0.0811381 -0.445794 520 -0.0918462 0.0498643 11.0761 42.8077 -13 570 0 0 1
-0.176448 0.00869583 520 0.00758136 0.0445106 12.6509 28.4927 -13 571 0 0 1
-0.200799 0.0696997 520 -0.0284341 0.0218373 9.88571 31.3709 -13 572 0 0 1
-0.157214 0.00882744 520 0.0316714 -0.0181695 6.49875 41.3132 -13 573 0 0 1
0.102509 -0.129387 520 -0.018892 0.0111515 13.7372 22.6165 -13 574 0 0 1
0.187671 0.0874077 520 0.0633794 0.00392519 13.9628 40.106 -13 584 0 0 1
-0.0729139 -0.286127 520 -0.066134 -0.0258888 11.2307 24.8913 -13 585 0 0 1
0.13752 0.118142 520 0.00345884 -0.0629072 9.36516 44.9363 -13 586 0 0 1
0.0664142 0.0567287 520 -0.0397915 0.00847639 13.7652 33.2237 -13 587 0 0 1
0.615185 0.0841293 520 -0.0161606 -0.149641 9.53452 29.3255 -13 588 0 0 1
0.0867866 0.0425248 520 0.00575924 -0.0316743 13.2709 26.6465 -13 589 0 0 1
0.00489478 -0.00592416 520 -0.0110864 0.022116 9.13306 32.3904 -13 591 0 0 1
0.028203 0.213449 520 0.0327735 0.0229865 8.31349 35.2008 -13 592 0 0 1
-0.466275 -0.342298 520 -0.0660359 0.0889 5.74106 58.9892 -13 593 0 0 1
0.114223 0.113717 520 -0.0213442 -0.0305203 10.7556 46.7846 -13 594 0 0 1
0.310196 0.26472 520 -0.00769308 -0.0495071 8.1329 39.799 -13 596 0 0 1
0.339452 -0.349415 520 -0.0442376 -0.0870302 10.4236 29.8728 -13 597 0 0 1
-0.124912 0.227245 520 0.0421738 0.0118368 5.74951 38.8657 -13 599 0 0 1
-nan -nan -nan -nan -nan -nan -nan -13 600 0 0 1
-0.126679 0.338584 520 0.0514395 -0.0418872 12.5476 33.0959 -13 601 0 0 1
-0.256674 -0.00517373 520 -0.0447696 0.0645788 6.78042 49.1913 -13 896 0 0 1
0.294382 0.243851 520 0.060341 -0.111249 10.3397 25.5276 -13 897 0 0 1
-0.307809 -0.106675 520 -0.00654241 0.0738404 8.39879 38.8865 -13 898 0 0 1
-0.419233 0.22388 520 0.0743867 0.112935 5.18484 63.236 -13 901 0 0 1
-0.425117 -1.38005 520 -0.00497507 -0.0395841 -0.165346 634.777 11 901 1004 0 1
0.00568474 0.0891874 520 0.0217074 -0.0385856 8.63279 24.1881 -13 902 0 0 1
-0.193657 0.133792 520 0.0155653 0.0442235 10.2905 20.4032 -13 914 0 0 1
-0.0654157 -0.278969 520 -0.0572428 0.00717126 9.10649 27.0451 -13 915 0 0 1
-0.0978127 0.125384 520 0.025484 0.0205928 13.8018 32.6763 -13 916 0 0 1
0.179266 -0.08964 520 0.00229078 -0.0254949 12.4904 34.8231 -13 917 0 0 1
-0.101708 -0.000403797 520 -0.0356071 -0.0173049 12.8411 38.9734 -13 918 0 0 1
0.432827 -0.126374 520 -0.0373916 -0.0564467 3.79031 52.3216 -13 919 0 0 1
-0.0300273 -0.166341 520 -0.0160688 0.0335016 8.63875 25.0103 -13 920 0 0 1
0.087464 0.214214 520 0.0351985 -0.0166994 14.0801 19.8568 -13 921 0 0 1
0.0655553 -0.0540406 520 -0.0193435 0.00577638 12.8756 35.8785 -13 922 0 0 1
0.471642 -0.373555 520 -0.106392 -0.0644972 3.81006 73.9712 -13 923 0 0 1
4.15408e-05 -0.0286314 520 0.00958089 -0.0112963 13.6175 27.9291 -13 924 0 0 1
-0.221971 -0.0577467 520 0.0299592 0.0559705 13.9636 42.1479 -13 925 0 0 1
-0.293158 -0.120811 520 0.0134815 0.0287715 12.8072 15.7326 -13 926 0 0 1
0.399262 -0.241243 520 -0.033961 0.00606718 4.79663 52.8887 -13 927 0 0 1
2.86151 7.54723 520 -0.00836779 0.00202312 0.0349759 51.3337 11 927 1007 0 1
-0.0863655 -0.0159112 520 -0.00942046 0.0224647 11.7855 39.7908 -13 928 0 0 1
0.10831 -0.0983114 520 0.00104285 -0.0130082 13.5479 20.7298 -13 929 0 0 1
0.0505173 -0.296556 520 -0.0265982 0.0368289 12.7279 33.2127 -13 930 0 0 1
-0.0144933 -0.113152 520 -0.000658939 -0.0133902 13.3053 35.6316 -13 931 0 0 1
-0.00859941 -0.0287914 520 -0.0151779 -0.00590579 11.4447 45.6332 -13 932 0 0 1
0.0102116 0.123231 520 0.011276 -0.00663555 13.6119 27.4223 -13 933 0 0 1
0.179394 -0.222797 520 -0.0719552 -0.0623322 8.58904 34.2268 -13 934 0 0 1
-0.0277827 0.155101 520 -0.0855999 0.0445549 10.4179 39.5282 -13 935 0 0 1
0.0853635 -0.137181 520 -0.0324848 -0.0157623 12.4461 28.8526 -13 936 0 0 1
-0.159509 0.0167858 520 0.015811 0.0433742 12.5283 42.5233 -13 937 0 0 1
0.281373 -0.171515 520 -0.0308705 -0.102385 4.60616 43.7295 -13 938 0 0 1
0.308479 -0.107224 520 0.045839 -0.08412 13.8124 23.8108 -13 939 0 0 1
-0.362249 0.655339 520 -0.018767 -0.00511972 0.0549289 24.9221 11 939 1001 0 1
0.106673 -0.0767729 520 -0.0200633 0.00809414 5.95683 35.3237 -13 940 0 0 1
-0.0496444 0.179666 520 0.027949 0.0127704 12.2831 31.4042 -13 941 0 0 1
0.178891 -0.607166 520 -0.00940186 -0.0254361 1.94956 91.747 -13 942 0 0 1
-0.132536 0.3021 520 0.0354468 -0.0125437 10.4758 42.9798 -13 943 0 0 1
0.159075 -0.426915 520 -0.100901 -0.0805539 11.112 20.8328 -13 4 0 0 1
-3.05868 -0.979114 520 0.00553352 -0.03467 0.0299435 22.8029 11 4 1002 0 1
-3.08742 2.24599 520 -0.00194451 -0.00523263 -0.015622 27.5898 11 4 1003 1002 1
-0.0534353 -0.0425721 520 0.0330412 0.0163037 6.88503 33.9853 -13 5 0 0 1
-0.0715965 0.207714 520 0.035128 0.0125291 14.3685 27.1796 -13 25 0 0 1
-0.157604 0.152359 520 0.0890132 -0.008333 13.6304 16.0844 -13 30 0 0 1
-0.0762676 -0.0599828 520 -0.0195838 0.0136604 10.3714 22.2674 -13 31 0 0 1
0.143788 0.264134 520 -0.0187477 -0.017317 5.04759 62.6376 -13 35 0 0 1
0.142195 0.0299511 520 0.020975 -0.0119377 11.8492 39.302 -13 38 0 0 1
-0.0861284 -0.163967 520 -0.0397021 0.0139401 8.40581 34.2558 -13 51 0 0 1
-0.286057 -0.642044 520 0.0699539 0.0537932 1.79637 95.3022 -13 52 0 0 1
-0.068752 0.190472 520 0.0288694 -0.0100768 8.28265 29.6562 -13 58 0 0 1
-nan -nan -nan -nan -nan -nan -nan -13 342 0 0 1
-0.537959 -0.287049 520 -0.046824 0.0499402 1.96241 99.8115 -13 343 0 0 1
0.254866 -0.186264 520 -0.0766829 -0.0202232 6.84819 48.8912 -13 602 0 0 1
-2.14657 -0.143403 520 -0.0356188 0.188676 9.25505 42.5796 -13 603 0 0 1
-0.171197 -0.0510072 520 0.0311929 -0.0343323 7.55199 37.6192 -13 604 0 0 1
-0.00942694 -0.0753611 520 -0.0254593 0.00768948 12.4491 31.6594 -13 606 0 0 1
0.0675374 0.0961525 520 0.0549495 -0.0172533 11.8856 21.5999 -13 607 0 0 1
0.311521 -0.166334 520 -0.00472646 -0.0949481 12.9338 29.4513 -13 608 0 0 1
-0.332621 0.0381317 520 -0.0454426 0.0536052 8.75373 28.5084 -13 610 0 0 1
0.653614 0.907272 520 -0.00872713 0.0376177 0.0521299 28.3309 11 610 1001 0 1
0.129541 0.0196931 520 -0.0076515 -0.0154853 10.329 23.1218 -13 611 0 0 1
0.0449445 -0.0653508 520 0.0203599 -1.72972e-05 10.8047 34.3637 -13 617 0 0 1
0.34137 0.360459 520 0.0592579 -0.0200942 4.71106 59.751 -13 619 0 0 1
0.153148 -0.00473146 520 0.0202291 -0.0709332 5.15163 37.9337 -13 621 0 0 1
-0.123219 -0.135419 520 -0.0445661 0.013335 9.41884 37.5488 -13 627 0 0 1
1.30592 0.0422871 520 0.0221026 -0.114777 2.7488 77.5394 -13 628 0 0 1
0.0409907 -0.124277 520 -0.0223853 0.0158355 10.4488 24.1988 -13 629 0 0 1
-0.0480266 0.0635085 520 0.0529269 -0.00782326 11.7112 43.5906 -13 630 0 0 1
5.31333 -3.54857 520 -0.0307082 0.0496736 0.0483894 43.696 11 630 1003 0 1
6.83395 -3.79589 520 0.0568876 -0.0007506 -0.0495055 44.5932 11 630 1003 0 1
0.160201 -0.138773 520 -0.00301086 -0.0332703 8.8512 48.7508 -13 631 0 0 1
-0.0908586 0.328819 520 0.0484099 -0.00427002 13.6978 32.305 -13 644 0 0 1
0.0172556 0.069697 520 0.0179701 0.00818283 9.72612 21.5826 -13 645 0 0 1
-0.10741 -0.158629 520 -0.0443134 -0.0128712 5.98165 57.8796 -13 647 0 0 1
0.575765 -0.0690024 520 -0.0639363 0.0106368 4.04343 57.0075 -13 648 0 0 1
0.33505 -0.0189278 520 0.0376479 -0.0373795 10.063 31.6404 -13 651 0 0 1
-0.12912 -0.180026 520 0.0415197 0.0348295 12.2611 27.7519 -13 654 0 0 1
0.44902 0.0719658 520 0.0834561 -0.107532 4.91597 52.8374 -13 658 0 0 1
-0.00602028 0.0833794 520 0.0391745 0.0161537 11.6881 38.552 -13 660 0 0 1
0.0899906 -0.153202 520 -0.0229852 -0.0106628 10.6372 33.6959 -13 661 0 0 1
0.156943 -0.0323296 520 -0.0325071 -0.034079 12.1318 26.9706 -13 662 0 0 1
0.191499 0.0777556 520 0.0159955 -0.0500187 9.53254 48.8607 -13 663 0 0 1
-0.036717 -0.0815225 520 -0.00608879 -0.0475829 11.3415 18.5992 -13 665 0 0 1
0.052493 0.269291 520 -0.00176976 -0.0116811 11.765 30.6596 -13 666 0 0 1
0.149293 -0.0177824 520 -0.00205909 -0.00947866 13.0905 27.281 -13 667 0 0 1
0.0625016 -0.211072 520 -0.0431075 -0.023499 6.63769 38.2919 -13 668 0 0 1
-0.192839 0.149404 520 0.0252663 -0.0455833 9.55973 37.3806 -13 669 0 0 1
0.360359 0.149364 520 0.0141889 -0.0387703 13.1399 34.1178 -13 671 0 0 1
-0.270146 -0.113324 520 -0.0362372 0.0125763 7.16832 33.9194 -13 675 0 0 1
-0.144422 -0.0722593 520 0.0193857 -0.0258333 11.8321 22.7251 -13 677 0 0 1
-0.432162 -0.164632 520 -0.0520324 0.071064 8.02761 30.6304 -13 685 0 0 1
0.0124793 -0.0790921 520 0.00413849 0.0142177 11.6516 43.2959 -13 686 0 0 1
-0.0394214 -0.316157 520 -0.00798799 0.0361708 8.99897 27.2988 -13 687 0 0 1
0.00709626 -0.0923955 520 -0.0208007 0.0212989 12.8391 37.6738 -13 688 0 0 1
-0.0742145 0.448689 520 0.0951264 0.0702222 9.88089 41.5081 -13 689 0 0 1
0.16244 -0.192356 520 -0.0772299 -0.0131014 5.16066 54.9074 -13 690 0 0 1
0.0298847 -0.386755 520 -0.0887791 -0.0648889 7.43968 26.7227 -13 692 0 0 1
0.404213 -0.250133 520 -0.0231341 -0.0620928 12.772 35.6424 -13 693 0 0 1
0.384887 -0.0100736 520 -0.0338697 -0.00132579 3.73702 57.5011 -13 694 0 0 1
-0.0303032 0.0186244 520 0.0530711 -0.0051931 7.32402 36.2962 -13 695 0 0 1
0.28671 0.142369 520 0.0285436 0.00625469 8.74669 29.2542 -13 698 0 0 1
-0.585365 -0.428903 520 -0.13164 0.0363889 8.79457 31.7214 -13 700 0 0 1
0.130216 0.0756255 520 -0.0328215 -0.0791522 9.01939 22.8683 -13 701 0 0 1
-1.57207 -1.90875 520 0.01388 0.0249722 0.0360823 23.7911 11 701 1004 0 1
0.0202345 -0.0489062 520 0.00606968 0.00340164 12.0792 37.8589 -13 703 0 0 1
0.184881 -0.0707723 520 -0.00504348 -0.0384195 7.93999 43.3073 -13 710 0 0 1
-0.118981 -0.0613937 520 -0.00622289 0.00750072 11.6073 35.9606 -13 712 0 0 1
0.38371 0.409756 520 0.0200052 -0.0346523 6.36129 50.8459 -13 713 0 0 1
0.406847 0.033188 520 -0.010021 -0.026931 14.0453 34.6678 -13 714 0 0 1
-0.129206 0.0205138 520 -0.0450153 0.0385012 10.5979 33.0427 -13 717 0 0 1
0.0181947 -0.10762 520 -0.0396227 0.00605805 8.54054 25.2964 -13 723 0 0 1
-0.2227 0.0190447 520 0.0216609 0.0499223 9.60348 31.3001 -13 725 0 0 1
0.35768 0.107629 520 0.0199221 -0.113788 13.5959 29.3763 -13 726 0 0 1
-0.0348717 0.244647 520 0.046476 0.00172194 14.144 18.3586 -13 727 0 0 1
0.198092 0.0862616 520 0.0325369 -0.046003 10.9705 20.1718 -13 731 0 0 1
-0.538012 -0.175178 520 -0.0455082 -0.0826537 1.52849 96.7958 -13 732 0 0 1
-0.0877854 -0.251858 520 -0.0696056 0.0140485 4.59579 50.9992 -13 733 0 0 1
-0.173087 -0.0253268 520 0.045026 0.0476406 5.71431 55.5363 -13 944 0 0 1
0.82161 -0.366872 520 0.0519894 -0.186434 3.78103 72.8277 -13 945 0 0 1
-0.0607142 0.00470922 520 0.00415166 -0.00430734 14.3015 26.2515 -13 946 0 0 1
0.0139842 -0.0581529 520 -0.00279032 -0.0393505 10.4846 23.2206 -13 947 0 0 1
-0.0912516 -0.189951 520 -0.00270455 0.0778249 7.71489 29.3654 -13 948 0 0 1
-0.159817 0.00861942 520 0.00574718 0.0296113 12.4834 36.2546 -13 949 0 0 1
0.0204342 -0.112108 520 0.0365234 0.0916509 3.06648 56.6475 -13 950 0 0 1
-0.455078 -0.159633 520 -0.0110934 0.0841076 5.28752 41.725 -13 951 0 0 1
-0.888715 -0.815235 520 0.00254995 0.136872 3.92973 69.9811 -13 952 0 0 1
-0.161045 0.100541 520 0.0267988 0.0229107 9.86386 26.0263 -13 953 0 0 1
-0.335905 0.0843867 520 -0.114942 0.114338 6.74477 47.4884 -13 954 0 0 1
-0.102909 0.0498396 520 -0.0661343 0.0390825 7.36235 42.4155 -13 955 0 0 1
0.35695 -0.296478 520 -0.0950917 -0.0343053 6.83708 34.4424 -13 956 0 0 1
-0.136673 0.00624085 520 0.00840276 0.0388431 14.0611 32.4613 -13 957 0 0 1
0.431497 -0.124086 520 -0.0521812 -0.0563059 11.8473 30.2818 -13 958 0 0 1
0.00878354 -0.0120446 520 -0.0303773 -0.00646447 10.4054 38.7501 -13 959 0 0 1
0.00127356 0.0556961 520 0.0160561 0.0048158 14.4402 22.7254 -13 960 0 0 1
0.0244448 0.629259 520 0.0502192 -0.0746782 1.29528 97.2551 -13 961 0 0 1
-0.0521314 0.143612 520 0.0160402 -0.0105694 11.813 35.0949 -13 962 0 0 1
-0.18309 -0.314352 520 -0.0595274 0.0159521 9.39978 28.1056 -13 966 0 0 1
-0.0904723 1.09037 520 0.119527 0.0685695 2.3241 72.5739 -13 968 0 0 1
-0.0552722 0.212233 520 0.0189309 0.0374652 13.2473 28.3663 -13 971 0 0 1
-0.0908626 0.217567 520 0.0310664 0.024093 8.26988 40.056 -13 19 0 0 1
0.112888 0.612358 520 0.0700009 -0.000580705 1.59071 95.9758 -13 20 0 0 1
0.187721 0.161556 520 0.0418899 -0.00189927 8.90488 36.3907 -13 26 0 0 1
1.55504 -2.23365 520 -0.0194435 0.0420596 0.00848789 38.1397 11 26 1003 0 1
0.0833251 -0.247309 520 -0.0321444 -0.0788346 10.3916 46.112 -13 37 0 0 1
-0.0712833 -0.129513 520 -0.0517992 -0.0272829 9.76452 46.4945 -13 57 0 0 1
-0.322461 -0.0805794 520 -0.0426274 0.0443847 7.08692 43.3705 -13 59 0 0 1
-0.0585298 0.0491038 520 -0.0208198 0.0157623 14.0143 41.6663 -13 63 0 0 1
-0.178347 0.0402853 520 0.0119315 0.0428794 7.36477 38.3917 -13 66 0 0 1
-0.0976572 0.0403446 520 -0.0056553 -0.0326208 10.6445 37.123 -13 68 0 0 1
-0.0239353 -0.151156 520 -0.036119 -0.028675 11.1675 22.0064 -13 70 0 0 1
-0.0494438 0.0984328 520 0.00461658 0.0140606 10.3485 19.6089 -13 72 0 0 1
-0.221819 -0.396448 520 -0.102379 0.0413806 6.01291 51.9037 -13 73 0 0 1
0.257871 -0.117013 520 0.00739262 -0.00361475 0.0313706 52.2706 11 73 1002 0 1
-0.233289 -0.0487195 520 -0.0141312 0.0451963 13.5512 27.5078 -13 78 0 0 1
0.0762067 0.144955 520 0.000939399 -0.12788 6.39452 42.5841 -13 84 0 0 1
-0.102071 0.0348074 520 -0.00496389 0.0352702 12.8654 29.7675 -13 97 0 0 1
-0.070187 0.0543527 520 0.00506507 0.0280643 9.57704 27.6388 -13 98 0 0 1
-0.0108147 0.580359 520 0.00587057 0.0707519 4.77971 54.1776 -13 101 0 0 1
-0.144599 -0.051375 520 -0.0426377 0.0662514 9.94792 42.1361 -13 103 0 0 1
-0.163758 0.207739 520 0.0248117 0.0437549 10.3143 46.2584 -13 106 0 0 1
0.0839449 0.278907 520 0.0350534 -0.0280963 7.34131 38.0174 -13 108 0 0 1
-0.0765707 -0.0027041 520 -0.0159096 0.0369813 13.5675 14.6424 -13 109 0 0 1
0.131737 -0.0972288 520 -0.0653695 -0.0933684 5.84744 36.7214 -13 118 0 0 1
0.00828166 -0.199725 520 -0.0131299 -0.00539472 7.50596 38.7884 -13 120 0 0 1
-0.149035 -0.0266172 520 -0.0153247 0.0191452 13.4991 23.696 -13 128 0 0 1
0.0870797 0.155009 520 0.0380986 -0.00787947 13.4991 26.7626 -13 129 0 0 1
-0.119105 0.398992 520 0.0312378 0.00512225 10.439 40.2557 -13 130 0 0 1
0.0680862 0.097477 520 0.0107662 -0.022429 9.17079 28.6749 -13 131 0 0 1
-0.284044 -0.0839085 520 -0.0283363 0.0447023 12.979 26.4823 -13 136 0 0 1
0.066773 0.0293878 520 -0.160839 0.128582 13.822 14.8724 -13 141 0 0 1
-0.102151 0.0325009 520 0.0347786 -0.0277185 13.7519 25.4975 -13 142 0 0 1
0.294772 -0.238017 520 -0.0601255 -0.102832 10.993 22.7388 -13 143 0 0 1
0.283074 0.100492 520 0.0685243 -0.112787 9.83116 44.3852 -13 145 0 0 1
0.260925 0.302205 520 0.0501944 -0.0250161 13.8464 34.2882 -13 150 0 0 1
0.170109 -0.103869 520 -0.0480893 -0.0256241 9.46474 37.0457 -13 154 0 0 1
-0.0698463 0.13378 520 0.00907786 0.0435108 13.2314 23.5714 -13 157 0 0 1
-0.563314 -0.435433 520 -0.104794 0.0523917 9.78104 34.4997 -13 162 0 0 1
0.0536766 -0.0906633 520 -0.0345766 -0.0198258 9.76627 22.2771 -13 163 0 0 1
-0.129738 -0.290284 520 0.00133821 0.120375 5.60443 44.3504 -13 178 0 0 1
0.0357991 -0.109979 520 -0.0140654 0.00135695 12.0886 21.4168 -13 192 0 0 1
0.0289997 -0.201021 520 -0.0152853 0.0158741 14.4597 33.9143 -13 203 0 0 1
0.257214 0.391933 520 0.0761429 -0.0427626 7.15883 37.0847 -13 205 0 0 1
-0.727804 0.134716 520 0.0493396 -0.0546456 0.944106 436.722 -13 206 0 0 1
-0.100185 -0.11964 520 -0.0141468 0.0271751 13.7076 26.7813 -13 209 0 0 1
-0.203392 -0.0196683 520 0.00934213 0.00848889 12.1023 30.3184 -13 347 0 0 1
-0.0620268 0.0204691 520 0.0592608 -0.0149633 7.1334 40.3185 -13 349 0 0 1
-0.303424 0.290588 520 0.0972855 0.0527929 7.78594 47.2231 -13 350 0 0 1
-0.0915831 0.783233 520 0.203841 -0.0376899 3.19692 71.6855 -13 355 0 0 1
-0.0599608 -0.0706864 520 0.0376376 -0.0113591 9.7578 47.1236 -13 356 0 0 1
-0.175175 -0.0976697 520 -0.0179099 0.00307491 10.6745 45.0361 -13 357 0 0 1
-0.033629 0.226223 520 0.0602235 0.0638456 11.7874 22.3062 -13 359 0 0 1
-0.0393315 0.0396507 520 -0.0178345 0.0255 13.5091 35.6802 -13 360 0 0 1
0.259393 -0.577796 520 -0.160862 -0.0054876 3.82741 51.9484 -13 361 0 0 1
-0.111185 0.188504 520 0.037758 0.0534425 11.8372 20.7928 -13 365 0 0 1
-0.306612 0.320539 520 -0.0157281 0.0943073 7.88769 24.6576 -13 366 0 0 1
0.000913909 0.15483 520 0.039019 0.0210282 11.7144 40.7974 -13 367 0 0 1
-0.095923 -0.877979 520 -0.000137317 0.000461708 0.0543529 441.494 -13 369 0 0 1
0.0225237 0.0137253 520 -0.0412905 -0.00219816 14.5122 30.9058 -13 371 0 0 1
-0.0887787 0.173671 520 0.0218523 0.0696563 10.6791 22.9664 -13 380 0 0 1
-2.25578 5.22298 520 0.00177781 -0.044929 0.0397273 24.5109 11 380 1002 0 1
0.252566 0.125989 520 0.0448974 -0.091658 7.81159 36.5641 -13 381 0 0 1
-0.05406 0.0753852 520 0.0167322 0.0146268 14.4353 31.112 -13 387 0 0 1
-0.0406246 0.178765 520 -0.0448337 -0.0357029 9.35869 43.8154 -13 388 0 0 1
0.283935 -0.156735 520 -0.0167403 -0.0625686 13.4949 32.7709 -13 389 0 0 1
-0.0794659 -0.141277 520 -0.0501261 0.226408 3.91154 48.4751 -13 393 0 0 1
-0.148199 0.105458 520 0.0033991 -0.0181969 3.67988 56.2686 -13 394 0 0 1
0.63028 0.259621 520 -0.0687361 -0.109891 13.3023 21.7414 -13 398 0 0 1
-0.215377 0.00810628 520 -0.00467033 -0.00280199 12.6515 18.5332 -13 399 0 0 1
-0.0741789 0.163102 520 0.0437088 0.0183503 11.6475 27.7672 -13 400 0 0 1
0.238724 0.0758655 520 0.00945097 -0.0573635 11.1596 30.2665 -13 401 0 0 1
-0.012187 -0.148767 520 -0.0550743 0.0432777 7.32178 27.0878 -13 402 0 0 1
-0.00122656 0.13285 520 0.0328914 0.00699767 14.3907 21.7789 -13 404 0 0 1
-0.746744 0.47016 520 0.12338 0.105217 4.68901 62.8873 -13 407 0 0 1
0.0935117 -0.0951006 520 -0.0603566 -0.0330268 10.9216 38.894 -13 408 0 0 1
0.0619716 0.107155 520 0.0656384 0.00360429 7.14474 36.2905 -13 410 0 0 1
-0.440284 -0.331413 520 -0.0168183 0.0455193 6.8519 32.3458 -13 411 0 0 1
0.152421 -0.621995 520 -0.11993 0.0120006 7.27043 30.4174 -13 412 0 0 1
0.282441 -0.340381 520 -0.0182278 -0.0935272 5.75302 33.143 -13 413 0 0 1
0.430147 0.252905 520 0.0322926 -0.106375 6.54508 34.3167 -13 417 0 0 1
0.227397 -0.179953 520 -0.0257046 -0.0365173 13.2065 19.2972 -13 421 0 0 1
-0.0207215 -0.188323 520 -0.0066865 0.0494128 5.0017 65.37 -13 425 0 0 1
-0.169571 0.0517539 520 0.0841416 0.0267957 4.82744 61.2676 -13 426 0 0 1
0.289391 0.301404 520 0.0767993 0.0204792 9.93377 29.3629 -13 430 0 0 1
0.122787 -0.119009 520 -0.00899853 0.000166949 11.9417 44.4502 -13 439 0 0 1
-0.0529201 -0.55757 520 0.0372609 0.0825626 4.10827 46.3481 -13 442 0 0 1
0.265496 -0.0933017 520 -0.0267067 -0.0250399 7.60106 50.1702 -13 443 0 0 1
0.344825 -0.333256 520 -0.0334356 -0.0298294 7.99694 49.204 -13 445 0 0 1
0.147396 0.101861 520 0.0419805 -0.0155783 13.393 40.9822 -13 446 0 0 1
0.0532033 0.203522 520 0.0281473 0.0146709 11.5719 28.4913 -13 447 0 0 1
-0.501269 0.307338 520 -0.0586743 0.0997385 9.82899 22.8117 -13 448 0 0 1
-0.211344 0.219018 520 -0.0145687 0.0612713 8.17586 27.6474 -13 449 0 0 1
-0.0018016 0.0208294 520 0.00131891 -0.0388264 12.3668 44.629 -13 450 0 0 1
-0.058289 0.244208 520 0.054706 0.000435666 11.8922 42.4865 -13 452 0 0 1
0.025425 0.0407474 520 -0.0516445 0.028792 12.9589 42.5532 -13 453 0 0 1
-0.0204642 -0.0465297 520 -0.00261211 0.0404139 9.52522 29.0776 -13 454 0 0 1
0.0918047 0.00611349 520 0.00856012 -0.0080882 14.0759 16.8875 -13 467 0 0 1
0.155569 -0.407869 520 -0.00563038 0.000260937 4.72992 55.7492 -13 469 0 0 1
-0.152539 0.318557 520 0.00549256 -0.0616432 6.4082 31.5367 -13 470 0 0 1
-0.139163 -0.541518 520 -0.115035 0.0224288 10.0518 39.2127 -13 472 0 0 1
0.160114 -0.204547 520 -0.0023546 -0.0323111 8.23881 38.1155 -13 474 0 0 1
-0.0407258 -0.107418 520 -0.00454977 0.00873567 11.7886 26.5039 -13 475 0 0 1
0.278039 -0.0143655 520 0.026286 -0.0920033 7.82827 25.0832 -13 476 0 0 1
0.0566148 0.191664 520 0.00244108 0.000368598 9.52501 36.0841 -13 477 0 0 1
-0.306931 0.238555 520 0.0183208 0.0723211 9.7103 22.4409 -13 478 0 0 1
0.24483 -0.329447 520 -0.0118054 -0.0359525 10.6717 34.9522 -13 480 0 0 1
3.87141 -4.31463 520 0.018081 0.0373827 0.0473674 35.71 11 480 1002 0 1
0.0184057 -0.0766117 520 -0.0262122 -0.0318277 13.9317 18.0033 -13 492 0 0 1
0.144089 -0.214601 520 -0.0350507 -0.0391008 10.8909 27.7153 -13 501 0 0 1
0.0349171 -0.0504441 520 0.00124028 0.0281206 14.4356 18.5611 -13 502 0 0 1
-0.114296 -0.140674 520 0.00524392 0.00421603 11.1906 33.9611 -13 504 0 0 1
-0.0269328 -0.165982 520 0.0406052 -0.0361377 3.45849 66.4362 -13 505 0 0 1
-0.0779938 -0.128275 520 -0.0275392 0.00127751 8.69344 29.7014 -13 506 0 0 1
0.503039 0.185469 520 0.0325549 -0.0529088 8.17873 43.4383 -13 509 0 0 1
2.81427 0.590478 520 0.000464676 0.00838736 0.0455907 43.4338 11 509 1006 0 1
0.30095 0.479824 520 0.0492059 0.0431817 10.5373 27.9823 -13 510 0 0 1
0.194943 -0.327448 520 -0.0563698 -0.0469888 10.4603 21.2972 -13 511 0 0 1
-0.170972 -0.0915249 520 -0.0223294 0.0562053 12.8771 32.8035 -13 512 0 0 1
0.081879 0.0682863 520 0.0246816 -0.00942722 13.3434 15.1277 -13 513 0 0 1
0.0932563 0.178722 520 0.0650604 0.0199627 10.2236 42.309 -13 515 0 0 1
-0.226947 -0.0797912 520 -0.00298925 0.0166521 3.78635 55.0591 -13 516 0 0 1
-0.0500897 0.0407385 520 0.0214225 0.038433 11.664 35.1206 -13 519 0 0 1
0.24023 -0.634158 520 -0.055977 -0.0122811 11.6352 33.5723 -13 520 0 0 1
-nan -nan -nan -nan -nan -nan -nan -13 521 0 0 1
-0.287577 0.503119 520 0.0446306 0.0993387 13.5474 30.1674 -13 523 0 0 1
0.0685518 -0.0488998 520 0.00103067 -0.0132615 14.1757 28.9961 -13 759 0 0 1
-0.0158405 0.0981133 520 0.0327583 0.013628 11.1472 43.151 -13 763 0 0 1
-0.042478 -0.558011 520 -0.0760877 -0.00159804 9.85822 30.0909 -13 764 0 0 1
0.00163138 -0.284894 520 -0.0129665 -0.025938 5.86223 38.8817 -13 765 0 0 1
0.0207408 0.0788491 520 0.00840476 -0.0448812 8.59885 27.046 -13 766 0 0 1
0.0395608 -0.0715628 520 -0.00716406 -0.0213781 12.8695 35.6968 -13 768 0 0 1
-0.234344 -0.417627 520 -0.00827223 0.0132175 6.96194 31.3402 -13 769 0 0 1
-0.0569397 -0.0787146 520 -0.0519398 0.00677792 13.6363 20.8274 -13 770 0 0 1
0.10572 0.0276133 520 -0.0229362 -0.0527675 14.329 15.6861 -13 772 0 0 1
-0.302812 0.0888114 520 0.0806213 0.0406774 3.75014 50.3631 -13 775 0 0 1
-1.30011 -0.360648 520 0.00912708 0.0430142 -0.163899 756.839 11 775 1001 0 1
0.0104155 0.174036 520 0.041688 -0.0207569 10.6813 30.2236 -13 777 0 0 1
0.0115451 -0.0381299 520 0.0286261 -0.0414035 10.8221 33.5931 -13 810 0 0 1
-0.286438 -0.222376 520 0.0418268 0.0501304 5.59486 35.8686 -13 811 0 0 1
0.121945 0.104995 520 -0.00418741 -0.0849877 6.48967 30.6356 -13 812 0 0 1
0.143872 -0.171428 520 -0.0375326 0.00580125 13.2236 25.316 -13 813 0 0 1
0.40803 -0.204468 520 -0.0550177 -0.0532338 6.02438 35.551 -13 816 0 0 1
0.187388 -0.373947 520 0.0246748 -0.015736 -0.0198844 38.0745 11 816 1006 0 1
0.444825 -0.0619717 520 0.0168218 -0.112881 5.27226 59.0531 -13 817 0 0 1
2.31754 1.97583 520 -0.0289078 0.0099144 0.0236151 58.8708 11 817 1008 0 1
0.0890131 0.0795532 520 0.0071211 0.0243375 14.4485 39.2994 -13 825 0 0 1
0.0234598 -0.0185374 520 -0.0329143 -0.0262958 9.00522 50.2436 -13 833 0 0 1
0.165979 0.103538 520 0.0117576 -0.0335817 5.3795 58.5785 -13 834 0 0 1
0.0574519 0.178677 520 0.00806918 -0.0350689 11.8454 37.7756 -13 836 0 0 1
0.0891213 0.18115 520 -0.0053363 -0.0211512 11.1296 38.6665 -13 839 0 0 1
-nan -nan -nan -nan -nan -nan -nan -13 841 0 0 1
0.116299 -0.163133 520 -0.0380865 -0.01996 6.18811 56.7726 -13 842 0 0 1
3.5707 -1.45714 520 -0.0160957 -0.0114931 0.0275612 56.3613 11 842 1008 0 1
-0.0695521 -0.0557933 520 0.0143277 -0.00735462 11.8678 38.8934 -13 963 0 0 1
-0.152906 0.244126 520 0.0535686 0.0252861 10.3711 44.7502 -13 964 0 0 1
-1.13253 0.359666 520 -0.0222724 0.000754042 0.0854591 43.5008 11 964 1006 0 1
-0.0467117 0.0157491 520 -0.000200112 0.0167104 11.3323 32.3682 -13 965 0 0 1
-0.108956 -0.267372 520 0.00261824 0.0135844 8.87709 33.852 -13 969 0 0 1
-0.557992 0.497375 520 -0.00101165 -0.0412633 0.0490614 33.7621 11 969 1003 0 1
-nan -nan -nan -nan -nan -nan -nan -13 970 0 0 1
0.216128 -0.0240644 520 0.015103 -0.0239562 14.45 28.4628 -13 972 0 0 1
