#BLTrackFile NTuple/Z60
#x y z Px Py Pz t PDGid EventID TrackID ParentID Weight
#mm mm mm MeV/c MeV/c MeV/c ns - - - - -
-0.0312815 0.0171235 60 -0.00613438 0.00294451 11.5318 21.0085 -13 1 0 0 1
-0.0184385 0.0405479 60 0.00524056 0.0119068 9.97142 4.75222 -13 3 0 0 1
0.0105941 0.00956811 60 0.0121914 0.00622897 13.6579 25.094 -13 9 0 0 1
-0.0321975 -0.00178771 60 -0.00955295 0.00514975 8.48242 5.54892 -13 16 0 0 1
0.00616079 0.00280828 60 0.00673242 0.00154087 13.7037 23.3385 -13 34 0 0 1
0.0162341 -0.110392 60 -0.00285712 -0.0374313 8.62466 27.0129 -13 36 0 0 1
-0.00413812 0.00543365 60 0.000135703 0.00210692 9.54089 12.8308 -13 39 0 0 1
0.0475898 0.0191797 60 0.0205339 0.00166017 14.429 13.6232 -13 43 0 0 1
-0.000785036 0.0555805 60 0.0115666 0.018067 11.3161 21.0684 -13 44 0 0 1
-0.0828771 -0.228669 60 -0.0303219 -0.0221194 6.81151 13.767 -13 48 0 0 1
5.691 -2.01396 60 -0.0237361 0.0120983 0.0258293 14.5635 11 48 1008 0 1
4.89216 -6.02618 60 0.010098 0.0309308 -0.0134605 17.2654 11 48 1008 0 1
0.00343687 -0.0110941 60 -0.00175579 -0.00110501 10.7578 17.057 -13 74 0 0 1
0.018134 -0.00362882 60 0.00463164 -0.00508955 10.3292 30.2575 -13 80 0 0 1
0.00543687 0.0342073 60 0.00497395 0.00725906 7.99385 16.0356 -13 86 0 0 1
0.0250628 0.00160668 60 0.0476487 -0.0297168 10.0032 13.3743 -13 89 0 0 1
0.134501 0.0194402 60 0.0312784 -0.0322278 5.91677 12.8656 -13 94 0 0 1
0.0489442 -0.0526293 60 0.0247542 6.34507e-05 5.61999 7.26689 -13 110 0 0 1
-0.0718237 0.0714328 60 0.00742778 -0.00149446 5.23195 27.0449 -13 123 0 0 1
0.0247576 0.0132259 60 0.0101565 0.00144209 11.7431 27.2413 -13 126 0 0 1
-0.0131276 -0.0304273 60 0.000985664 -0.00165843 7.31456 7.5795 -13 137 0 0 1
0.0103007 0.00672415 60 0.0127287 0.00315204 14.1522 26.9592 -13 140 0 0 1
-0.0285369 -0.0263831 60 -0.0169051 -0.00605714 8.15595 6.53461 -13 151 0 0 1
0.00837071 0.057968 60 0.0133101 0.0339128 14.1422 26.1309 -13 152 0 0 1
0.0642412 0.0591269 60 0.0350153 0.00456657 7.5754 11.9927 -13 160 0 0 1
-0.0141466 -0.00993464 60 -0.00939281 -0.00166542 10.6887 4.99607 -13 175 0 0 1
0.0294066 -0.0962386 60 -0.0130785 -0.01918 7.20986 26.9363 -13 180 0 0 1
0.0373325 0.0199696 60 0.0110065 -0.00658426 8.82725 29.3593 -13 181 0 0 1
0.0584228 -0.0501569 60 0.0120167 -0.0240955 12.3021 6.88841 -13 184 0 0 1
-0.00297952 -0.00936807 60 -0.00442202 0.0024269 11.8911 31.3635 -13 186 0 0 1
-0.246442 -0.271366 60 -0.0875849 -0.022281 4.94732 8.74238 -13 187 0 0 1
0.021855 -0.0341147 60 0.00201415 -0.00621006 8.66803 19.5567 -13 188 0 0 1
0.0407652 -0.153035 60 -0.0454791 0.00490824 2.77584 27.9581 -13 200 0 0 1
-0.0233493 0.0228175 60 0.0218601 0.0106173 6.71534 18.8699 -13 211 0 0 1
-0.00834908 -0.00941521 60 -0.00701114 -0.00635547 13.8035 28.3616 -13 348 0 0 1
-0.00487725 0.0465159 60 0.0069993 -0.00425264 4.74808 13.0968 -13 351 0 0 1
-0.390599 0.284131 60 0.00221831 0.108578 4.42598 17.1876 -13 352 0 0 1
0.025199 -0.00873107 60 0.00235143 -0.00379363 10.9703 19.8917 -13 358 0 0 1
-0.0487837 -0.137456 60 -0.0296268 -0.0115849 8.78476 3.84373 -13 362 0 0 1
0.0342429 -0.00257636 60 0.015537 -0.00823181 12.2275 30.6531 -13 363 0 0 1
0.00181682 0.000379336 60 0.00512331 0.00319132 14.4666 6.69692 -13 364 0 0 1
-0.0111329 0.157123 60 0.0409942 0.0277375 6.56059 7.68343 -13 370 0 0 1
0.0145618 -0.151658 60 -0.0172389 -0.0107723 3.02578 35.6488 -13 372 0 0 1
-0.00353419 -0.00982138 60 -0.00578295 -0.0024367 13.3786 23.9963 -13 375 0 0 1
0.00600747 -0.161241 60 -0.0137614 -0.131869 13.423 14.6199 -13 382 0 0 1
0.0079857 0.000132272 60 0.00314396 -0.00368095 14.1274 16.4662 -13 384 0 0 1
-0.128734 -0.0307022 60 -0.00969668 0.0218076 0.891436 135.431 -13 385 0 0 1
0.00606098 -0.00421075 60 -0.000175545 0.0116334 14.4674 11.1318 -13 386 0 0 1
-0.00873526 0.0143035 60 0.00155609 0.00924633 10.3427 11.8098 -13 390 0 0 1
0.0560014 -0.03358 60 0.00654738 -0.0250374 8.73693 31.2082 -13 391 0 0 1
0.0104659 -0.00189081 60 0.0110631 -0.00799087 8.21072 30.4442 -13 392 0 0 1
-0.00486712 -0.00910754 60 -0.00602608 -0.0115451 14.115 10.9334 -13 395 0 0 1
0.103546 -0.0375681 60 0.0386793 -0.0360587 7.15217 19.6822 -13 396 0 0 1
-0.00815759 5.28892e-05 60 -0.00760773 -0.00259144 14.5367 9.38791 -13 397 0 0 1
0.0745408 0.0543817 60 0.012435 -0.00900952 5.81092 24.1981 -13 403 0 0 1
-0.0166754 -0.015972 60 -0.00831966 0.000626672 12.8652 19.3601 -13 405 0 0 1
-0.0229378 0.029334 60 0.00375774 0.0118641 7.2043 18.7308 -13 406 0 0 1
-0.966157 9.014 60 -0.01737 0.0123661 -0.0326185 49.6637 11 406 1007 0 1
-0.0214936 0.0102001 60 0.00422637 0.00922175 12.2202 5.80045 -13 409 0 0 1
0.0339288 0.00711267 60 0.00404926 0.000256296 8.33789 10.2772 -13 415 0 0 1
-0.0588769 0.046185 60 0.0681388 -0.00460811 2.47271 28.7921 -13 423 0 0 1
0.00327781 -0.00144604 60 0.00249556 0.00122291 10.8353 28.2247 -13 427 0 0 1
0.00529288 0.00311853 60 0.00661985 0.00536373 14.0197 5.86041 -13 456 0 0 1
-0.00678159 -0.0108402 60 -0.00340798 0.00128376 9.47443 4.41655 -13 457 0 0 1
0.0141215 -0.00296813 60 -0.00409719 -0.0120707 11.6379 29.0423 -13 458 0 0 1
0.0100411 -0.00265319 60 0.0105655 0.00656771 13.4729 28.0387 -13 461 0 0 1
-0.0544438 -0.0170307 60 -0.00849891 0.000827297 7.74682 15.5413 -13 463 0 0 1
0.024875 0.0108761 60 0.0126641 0.00350393 9.95137 8.28735 -13 465 0 0 1
0.0105893 -0.0138755 60 -0.00579523 -0.000858462 7.45213 5.19194 -13 466 0 0 1
0.0110488 -0.0294356 60 0.000304668 -0.012002 8.86734 13.4586 -13 468 0 0 1
-0.0450686 -0.000930668 60 -0.0114235 6.81673e-05 5.53443 7.38713 -13 479 0 0 1
0.0522698 0.0821117 60 0.0247464 0.00381581 9.03223 17.3988 -13 481 0 0 1
0.0453147 -0.0397534 60 0.0266889 0.0125995 6.63735 32.969 -13 482 0 0 1
0.00188365 0.00303612 60 -0.000492345 -0.000993019 14.0616 31.1707 -13 483 0 0 1
-0.0379972 -0.0307523 60 -0.023707 -0.000629874 7.54549 17.5753 -13 484 0 0 1
0.00652109 -0.0116815 60 -0.000580284 -0.00224273 11.3887 6.06765 -13 485 0 0 1
0.0321843 0.0118394 60 0.00228979 0.00109811 7.38085 11.2995 -13 486 0 0 1
0.035586 0.0227745 60 0.0169976 -0.00111741 13.0342 20.3347 -13 487 0 0 1
-0.203109 -0.0541113 60 -0.0189681 0.0164396 5.50196 25.1698 -13 488 0 0 1
-0.0176144 0.00895084 60 -0.00454421 0.00281814 13.9001 6.87704 -13 489 0 0 1
0.0739916 -0.171494 60 -0.0361233 -0.0147822 4.16598 10.0547 -13 490 0 0 1
0.0109671 -0.0711989 60 -0.00595128 -0.0239058 7.6302 28.2511 -13 491 0 0 1
-0.0186014 -0.013514 60 -0.00179956 -0.00215991 12.4455 27.0882 -13 493 0 0 1
-0.0986156 -0.00961447 60 -0.0292232 0.00681432 12.9738 25.7295 -13 494 0 0 1
0.00222861 -0.0158292 60 -0.00389651 -0.0079552 14.4565 3.3973 -13 495 0 0 1
0.0428099 0.0190252 60 0.0212131 0.00786172 10.746 9.6205 -13 496 0 0 1
-0.10142 -0.00605938 60 -0.042466 0.0180144 14.0673 3.123 -13 497 0 0 1
0.0129353 0.00827891 60 -0.0166509 0.000651165 10.2741 8.48356 -13 503 0 0 1
-0.0153191 0.0170332 60 -0.00638403 0.0137324 12.4758 14.0988 -13 507 0 0 1
-0.00952429 0.0126699 60 0.000209588 0.000653169 11.4518 27.9606 -13 508 0 0 1
0.00722134 -5.73912e-05 60 -0.00272006 0.00704721 8.25713 6.25058 -13 517 0 0 1
0.00337072 -0.0141465 60 0.00208258 -0.0048165 12.3913 7.3834 -13 518 0 0 1
-0.00168944 -0.0160992 60 -0.00448312 -0.00317564 12.963 13.6788 -13 522 0 0 1
-0.0823114 -0.00270752 60 -0.0155512 7.28341e-05 4.1194 31.4747 -13 524 0 0 1
0.00209419 -0.00292156 60 0.00279186 -0.00517851 11.7234 22.0982 -13 526 0 0 1
-0.0147209 0.00754671 60 -0.0021974 0.000743289 12.505 18.3209 -13 528 0 0 1
0.00771194 -0.0171919 60 -0.00630957 -0.00649915 11.293 25.318 -13 529 0 0 1
-0.0209059 0.00975937 60 -0.00252311 0.0234696 9.10184 25.9322 -13 533 0 0 1
0.00809016 0.00332373 60 0.00387634 0.00548654 13.0599 11.3259 -13 536 0 0 1
-0.010707 0.0687753 60 0.0112822 0.0120257 8.58904 15.7355 -13 543 0 0 1
-0.0874656 -0.00375898 60 -0.0291124 0.00926871 13.7439 29.9555 -13 544 0 0 1
0.0191568 0.0135623 60 0.0147499 -0.00504663 9.89585 21.7816 -13 548 0 0 1
-0.0338325 0.0248763 60 -0.00618018 0.0132179 9.65613 28.3571 -13 549 0 0 1
-0.0918846 0.129085 60 0.00627572 0.0382029 11.3235 12.4734 -13 552 0 0 1
-0.00339094 -0.0199419 60 -0.00699399 -0.00107857 7.96081 14.9326 -13 553 0 0 1
-0.0119273 0.0249685 60 0.00167383 0.000966895 8.01811 30.5779 -13 555 0 0 1
-0.0111778 -0.0164083 60 -0.0092141 -0.00211673 13.5797 8.50987 -13 557 0 0 1
0.0046534 -0.018187 60 -0.00330186 -0.0106657 12.1251 17.5658 -13 563 0 0 1
-0.017816 0.0437617 60 0.000883325 0.0210931 10.59 30.6825 -13 564 0 0 1
-0.0485909 0.00526732 60 -0.00592098 0.00653968 9.46119 14.5678 -13 566 0 0 1
-0.00363707 0.0133012 60 -0.00290797 0.00880385 10.6099 14.0706 -13 567 0 0 1
0.157463 0.0241224 60 0.0258442 -0.0279557 7.13602 22.0836 -13 575 0 0 1
0.0358908 0.00940058 60 0.0294141 -0.00148174 10.6222 21.518 -13 576 0 0 1
-0.037766 0.0212801 60 -0.00527775 0.013248 13.4129 4.68971 -13 577 0 0 1
0.0197818 -0.0295732 60 -0.00758857 -0.00085831 8.44253 14.2641 -13 578 0 0 1
0.0114231 -0.00220288 60 0.00567844 -0.00541817 13.9797 18.0216 -13 579 0 0 1
0.00974317 0.0502378 60 0.00713745 0.0244061 12.7559 9.94125 -13 580 0 0 1
0.00142547 0.0226879 60 0.00588057 0.000779455 11.1108 30.3384 -13 581 0 0 1
0.0592731 0.0595022 60 0.0135359 0.0209835 8.96053 15.2483 -13 582 0 0 1
0.0114627 -0.0105033 60 0.0018976 0.00259782 7.73337 10.197 -13 583 0 0 1
0.142113 -0.117429 60 0.0136941 -0.0715874 2.00487 17.5245 -13 590 0 0 1
-0.00202505 0.0387128 60 0.006892 0.0181943 10.0646 17.2132 -13 595 0 0 1
0.0713233 -0.0257304 60 0.0213616 0.00104911 5.01691 8.61035 -13 853 0 0 1
0.000928949 0.00227098 60 -0.00092927 0.000261293 11.5009 5.83387 -13 854 0 0 1
0.088192 -0.019501 60 -0.00720898 0.0493848 1.68128 30.9616 -13 864 0 0 1
0.0179003 -0.0872544 60 -0.00361171 -0.00354127 6.98339 17.0701 -13 865 0 0 1
0.0160205 0.000161866 60 0.00393929 0.000170138 14.5674 21.7179 -13 974 0 0 1
-0.0523469 -0.064453 60 -0.0257466 -0.00217882 9.09671 20.164 -13 978 0 0 1
-0.015231 -0.0548775 60 -0.0152529 -0.0236083 12.0958 6.07121 -13 980 0 0 1
-0.00237395 -0.0141956 60 -0.0012588 -0.00294895 14.4761 10.147 -13 990 0 0 1
-0.000353402 -0.0243745 60 -0.00563493 -0.00515449 10.9014 22.5455 -13 991 0 0 1
-0.0120053 -0.00705848 60 -0.011947 -0.000589355 13.1053 27.5676 -13 992 0 0 1
0.0103212 -0.0407875 60 -0.000385567 -0.0130704 12.8391 26.8173 -13 994 0 0 1
-0.0282079 0.00343964 60 -0.0211741 0.00431098 13.9164 13.941 -13 995 0 0 1
0.0345051 0.0388403 60 0.0101163 0.00457012 8.48745 24.7925 -13 1000 0 0 1
-0.0160852 0.00407709 60 -0.000249004 0.00272314 12.5871 24.2926 -13 2 0 0 1
0.0552431 -0.0649127 60 0.0192467 -0.0409416 7.69268 25.0094 -13 6 0 0 1
-0.0169272 0.0042844 60 -0.0111621 0.0131228 12.0585 15.3446 -13 7 0 0 1
0.0708514 0.00218882 60 0.028561 -0.0061496 13.0986 30.7318 -13 18 0 0 1
0.00830744 -0.0111826 60 -0.000344119 -0.00861447 14.4306 24.4106 -13 21 0 0 1
0.00241849 0.00571507 60 -0.00231041 0.00125221 10.5648 3.96941 -13 22 0 0 1
0.0745294 -0.0184271 60 0.00617845 -0.0139291 8.35796 29.964 -13 24 0 0 1
-0.00425075 0.123063 60 0.0383404 0.0120785 3.76375 31.4502 -13 33 0 0 1
-0.0460234 -0.212875 60 -0.0395065 -0.0978461 9.93961 24.1404 -13 42 0 0 1
0.0412592 -0.0435225 60 0.00498841 -0.017259 8.34323 24.5282 -13 60 0 0 1
0.0160878 -0.0346306 60 0.00423227 -0.0160331 13.9571 17.2899 -13 61 0 0 1
-0.0193238 0.019557 60 -0.00308832 0.000874238 8.95206 15.4303 -13 64 0 0 1
0.22288 -0.0783991 60 0.0182945 -0.0406164 5.19061 9.45056 -13 65 0 0 1
0.00993253 -0.00359363 60 0.00190144 0.0012601 11.5451 14.655 -13 67 0 0 1
0.0630698 0.010012 60 0.0268876 -0.00792928 7.84877 30.9212 -13 75 0 0 1
-0.00580281 -0.0300095 60 -0.00865115 -0.00945728 12.5075 27.5843 -13 76 0 0 1
0.0967294 -0.0383291 60 0.0032157 -0.0315135 6.74933 31.2689 -13 92 0 0 1
-0.0187444 0.00111408 60 -0.00361074 0.0132298 9.86798 6.32071 -13 111 0 0 1
-0.0157313 0.0124793 60 -0.00851257 0.0099928 13.2411 21.566 -13 115 0 0 1
-0.000534758 -0.00524866 60 -0.00203568 0.000386958 10.3283 31.6496 -13 116 0 0 1
0.019292 -0.0106863 60 -0.00225673 -0.017568 11.5907 7.31111 -13 117 0 0 1
0.00836251 0.00903205 60 0.00193867 0.00421162 10.9911 22.0128 -13 119 0 0 1
0.0147008 0.197885 60 0.0266107 0.0198557 7.96995 31.0082 -13 121 0 0 1
1.20842 -3.12919 60 -0.018216 -0.0223994 0.0491615 30.692 11 121 1009 0 1
-0.0070366 0.0258084 60 0.00326842 0.0128596 9.09297 9.232 -13 122 0 0 1
0.00590314 -0.011731 60 0.000281995 -0.0053938 14.3465 24.7994 -13 159 0 0 1
0.00633249 0.0131032 60 0.0062591 0.00160491 14.2337 22.0391 -13 164 0 0 1
-0.00119942 -0.00784922 60 -0.00401772 -0.00137101 12.3524 26.7914 -13 165 0 0 1
-0.0360043 -0.0821278 60 -0.0233744 -0.00667103 11.0366 31.0118 -13 166 0 0 1
-0.0013017 0.00808878 60 0.00184219 0.00996194 13.0777 28.4252 -13 169 0 0 1
0.000958624 0.0064868 60 0.000702035 0.00363184 14.5225 23.8846 -13 171 0 0 1
0.00129885 0.00270801 60 0.000562544 0.000266471 11.877 16.8665 -13 172 0 0 1
0.00392094 0.00291605 60 -0.000428783 -0.00175881 13.0771 3.20637 -13 173 0 0 1
-0.00641227 0.0207463 60 0.00048924 0.00336925 11.7119 31.6104 -13 196 0 0 1
0.0171325 0.00663422 60 0.00654906 -0.00192242 12.9465 16.3848 -13 199 0 0 1
0.0158438 0.000338689 60 0.00749044 -0.011595 12.0307 23.0863 -13 202 0 0 1
0.018158 0.0342131 60 0.0114277 0.00655141 5.58183 13.2887 -13 204 0 0 1
0.00686991 0.00684317 60 0.00385848 0.00116532 9.26244 30.7007 -13 207 0 0 1
0.213046 -0.176389 60 -0.00269952 -0.0416837 3.62893 28.4726 -13 210 0 0 1
-0.00439349 0.0225708 60 0.00271987 0.0155979 13.9585 3.2798 -13 212 0 0 1
-0.0151851 -0.0265135 60 0.00186139 -0.006113 9.82265 20.7947 -13 214 0 0 1
0.0507337 -0.042296 60 -0.00581517 -0.000773602 4.30403 19.1156 -13 215 0 0 1
-0.00880143 0.014833 60 0.00336577 0.00801668 9.92878 14.7871 -13 216 0 0 1
0.0173428 0.0177849 60 0.0112417 0.00786515 9.49007 15.6909 -13 217 0 0 1
-0.0525266 0.174896 60 0.0103226 0.0332741 5.35433 19.5825 -13 218 0 0 1
0.0289743 -0.00862092 60 0.0039555 -0.00858563 9.78155 12.8996 -13 219 0 0 1
-0.00786974 0.011549 60 -0.00495379 0.00870562 13.3335 13.7538 -13 220 0 0 1
-0.000523054 0.00897333 60 0.00626234 -0.00570445 8.70595 6.29688 -13 223 0 0 1
-0.110439 -0.0263178 60 -0.0204306 0.0211778 6.27383 32.7803 -13 224 0 0 1
-0.00610516 -0.0213548 60 0.000827635 -0.00422555 12.3568 22.9782 -13 225 0 0 1
-0.00622049 0.0500472 60 0.0212681 0.00903232 10.1172 21.5169 -13 226 0 0 1
0.0144737 -0.0144115 60 0.00155955 -0.00392002 12.6336 21.7791 -13 227 0 0 1
-0.0218419 0.0249089 60 -0.000830792 0.00142811 9.53466 7.6829 -13 238 0 0 1
0.0428127 0.0714226 60 0.0250691 0.0163267 12.7892 13.7361 -13 239 0 0 1
0.0502057 -0.0464502 60 0.000531527 -0.0179613 12.7617 7.40367 -13 240 0 0 1
2.98861e-05 -0.0267882 60 -0.00487009 -0.00644182 12.8422 4.22132 -13 241 0 0 1
0.00974321 0.0339453 60 0.00728978 0.00853934 8.38197 29.1515 -13 251 0 0 1
-0.0239165 0.0124037 60 0.000828157 0.00813192 12.9917 9.58244 -13 252 0 0 1
0.0101504 -0.0275776 60 -0.00162582 -0.00847476 11.7447 18.9197 -13 258 0 0 1
-0.00488086 0.00758752 60 -0.00326146 0.00321864 14.4731 7.22755 -13 259 0 0 1
0.007155 0.00199618 60 0.00588484 0.000273248 13.8546 16.9313 -13 261 0 0 1
0.0148116 0.00574819 60 0.0065511 0.000476506 10.5527 9.97905 -13 263 0 0 1
0.0169588 0.0154805 60 0.0063785 0.00164955 12.8165 25.7161 -13 265 0 0 1
0.0604114 -0.00387577 60 0.00174927 -0.0165443 7.37052 30.7194 -13 271 0 0 1
-0.00239268 -0.00573684 60 -0.00235711 -0.00170422 14.4766 11.7498 -13 272 0 0 1
0.0136049 -0.0143829 60 0.00102608 -0.00175992 8.15722 13.3795 -13 273 0 0 1
-0.0172273 0.00733122 60 -0.00269943 0.00884656 12.6234 29.0647 -13 274 0 0 1
-0.0105472 0.00851992 60 0.00194767 0.00342578 11.5452 7.95473 -13 276 0 0 1
0.0274584 -0.00172763 60 0.00986517 0.00484229 9.64971 27.664 -13 277 0 0 1
-0.0137465 0.00135303 60 -0.0103844 0.00303386 13.7638 14.6437 -13 278 0 0 1
0.0399401 0.0521085 60 0.0247366 0.0062208 6.41576 10.1683 -13 280 0 0 1
-0.0550964 0.000663056 60 -0.0175891 0.0135305 9.56704 25.9414 -13 282 0 0 1
-0.0321557 0.0237036 60 -0.00392514 0.00773787 7.27284 16.9127 -13 284 0 0 1
-0.00178106 0.00554371 60 0.0128979 -0.00507553 6.85462 29.5293 -13 286 0 0 1
-0.0370844 0.145481 60 0.006706 0.0445551 11.9875 27.6421 -13 288 0 0 1
0.0187767 -0.0512187 60 -0.01446 -0.0109694 9.50712 20.2181 -13 289 0 0 1
-0.0161448 -0.0379466 60 -0.0138418 -0.010721 9.14481 11.3765 -13 290 0 0 1
0.0837289 -0.0463233 60 0.0115898 -0.00333364 6.99424 22.2674 -13 291 0 0 1
0.0229461 0.0169767 60 0.0134807 0.00545416 13.2821 5.23848 -13 292 0 0 1
-0.00042767 -0.00964048 60 -0.0198623 -3.61458e-05 13.8309 31.4475 -13 294 0 0 1
0.111326 -0.0518707 60 0.0190967 -0.0472383 6.13717 19.0732 -13 296 0 0 1
-0.000524726 -0.00142173 60 0.00402962 -0.00305208 12.2024 14.8859 -13 299 0 0 1
-0.00659787 0.103203 60 0.0226146 0.0128002 7.78958 20.4191 -13 304 0 0 1
0.00536754 0.0133914 60 0.00895679 0.00780586 9.74487 18.0539 -13 306 0 0 1
0.0141281 0.0337765 60 0.0113705 0.0128935 12.393 8.66725 -13 308 0 0 1
-0.00576113 0.00947983 60 -0.0110672 0.00786353 9.61178 22.7946 -13 309 0 0 1
-0.012344 0.0961803 60 0.0128101 0.0145019 5.87439 13.6317 -13 310 0 0 1
-0.0102532 0.0158334 60 0.00253544 0.00826044 14.0142 19.0958 -13 311 0 0 1
-0.0275271 0.0165013 60 -0.0128549 0.0180674 13.0598 3.91303 -13 313 0 0 1
-0.00414653 -0.0101097 60 -0.00248812 -0.00226284 13.8284 3.59317 -13 314 0 0 1
0.00150966 -0.0176786 60 -0.00244775 -0.00919392 11.646 6.11068 -13 315 0 0 1
-0.0314294 -0.00448496 60 -0.0163353 0.0079483 9.12867 9.31538 -13 316 0 0 1
-0.0636256 -0.107419 60 -0.0135793 0.0175729 3.23653 15.9552 -13 317 0 0 1
-0.0557556 0.0368171 60 -0.0191453 0.0196468 10.0201 8.18908 -13 321 0 0 1
-0.0587863 -0.0356595 60 -0.016223 0.00266275 12.7632 7.86381 -13 322 0 0 1
0.00141162 -0.00246706 60 0.00235576 0.00546449 10.7588 22.8232 -13 326 0 0 1
-0.012664 -0.0139307 60 -0.00738282 -0.0112912 12.4868 15.2471 -13 327 0 0 1
-0.0239606 0.0448725 60 0.0352207 0.0184027 4.46838 26.0995 -13 328 0 0 1
0.00382365 0.00233801 60 0.000356932 -0.00196956 12.0016 24.4539 -13 329 0 0 1
-0.0219345 -0.024652 60 -0.00506701 0.00189288 9.03141 11.0382 -13 330 0 0 1
-0.00842389 0.0226156 60 -0.00236615 0.0121414 5.70879 5.18932 -13 331 0 0 1
-0.0505786 -0.113061 60 -0.00773383 0.00671866 5.09194 10.821 -13 332 0 0 1
-0.0193495 0.0741321 60 0.00278546 0.0324318 9.88314 13.905 -13 333 0 0 1
0.00370629 0.0109437 60 -0.00272105 0.00267841 12.862 4.72143 -13 334 0 0 1
3.46283e-05 0.00862059 60 0.00659968 0.00653673 14.2608 23.0734 -13 335 0 0 1
0.00784447 0.0387683 60 0.00132067 -0.00578816 5.87872 18.0399 -13 336 0 0 1
-0.0323932 -0.0212156 60 -0.0228339 -0.0102297 13.7435 20.3757 -13 337 0 0 1
0.0313402 -0.00467368 60 0.00752334 -0.00814921 9.684 27.2196 -13 338 0 0 1
-0.0185206 0.132875 60 0.0154213 0.0210632 9.37017 31.4841 -13 339 0 0 1
-0.183355 0.111248 60 0.0260469 -0.00591087 2.47436 37.1103 -13 340 0 0 1
0.00625915 0.00259985 60 0.00223033 0.0053403 12.468 29.7245 -13 341 0 0 1
0.0284739 0.0165659 60 0.0274896 0.00840078 12.9584 15.89 -13 531 0 0 1
-0.0025898 0.00169336 60 -0.00081496 -0.00122877 13.855 31.1494 -13 532 0 0 1
-0.00123093 -0.0344209 60 -0.00270718 -0.00514498 9.1847 26.2288 -13 534 0 0 1
0.0214011 -0.00915826 60 0.00503181 2.07275e-05 9.86693 5.41436 -13 535 0 0 1
-0.115027 -0.091032 60 -0.017297 -0.00430127 4.68288 19.5977 -13 537 0 0 1
-0.684613 2.83209 60 0.00127113 -0.00487019 0.0429609 18.856 11 537 1020 0 1
0.0130929 0.00594921 60 0.00595062 0.000655174 14.4842 20.2088 -13 538 0 0 1
0.00491299 0.00222408 60 0.00757818 -0.00320225 7.43893 25.2274 -13 541 0 0 1
-0.169383 0.105799 60 -0.0872616 0.0828838 12.8303 5.9388 -13 542 0 0 1
0.00194207 -0.0943415 60 -0.00454741 -0.0334708 5.06246 30.7559 -13 545 0 0 1
0.0349537 -0.0221281 60 0.00789031 -0.00500614 6.7373 23.4433 -13 546 0 0 1
-0.0235708 0.0037689 60 -0.0138467 0.00692353 10.6157 8.27344 -13 551 0 0 1
-0.248722 -0.14927 60 0.0144835 0.0497498 1.81332 25.1302 -13 558 0 0 1
0.0139228 0.0161737 60 0.0139487 0.0119018 14.2357 7.34733 -13 565 0 0 1
-0.0492226 0.0621126 60 0.00737703 0.022482 7.08958 23.3173 -13 803 0 0 1
-0.0114667 -0.0164648 60 -0.00637735 -0.00025977 13.0219 9.72285 -13 804 0 0 1
-0.0384077 -0.000299104 60 -0.000734408 -0.00421648 9.64813 13.5505 -13 814 0 0 1
-0.00386504 -0.0127485 60 -0.00569062 -0.00511938 11.6817 29.7549 -13 815 0 0 1
0.0341122 -0.0117595 60 0.0139499 -7.29257e-08 11.4959 31.2162 -13 818 0 0 1
0.0117256 0.0167124 60 0.0010374 0.00160648 13.4045 8.88043 -13 820 0 0 1
-0.0125442 -0.00695545 60 -0.000969921 -0.000265286 11.7164 30.9248 -13 822 0 0 1
-0.00867547 0.0232756 60 -0.00407591 0.00931308 14.5664 22.8734 -13 824 0 0 1
0.162578 0.0464808 60 0.00591167 -0.0230071 4.113 34.3778 -13 827 0 0 1
0.0208315 0.00399699 60 -0.000414436 -0.00453179 8.67554 29.7044 -13 828 0 0 1
-0.0223355 0.0546298 60 0.000548323 0.0170287 10.1159 29.0854 -13 829 0 0 1
0.00201865 0.00990753 60 0.00304743 0.00233357 14.0874 31.0668 -13 830 0 0 1
-0.0152209 -0.0200224 60 -0.0136608 -0.000643269 8.45715 10.0195 -13 831 0 0 1
-0.0168286 0.0175389 60 -0.00479601 0.00614377 13.8048 15.6629 -13 832 0 0 1
0.0316152 -0.0303165 60 0.00434639 -0.00337994 4.87713 32.2938 -13 848 0 0 1
0.0312641 0.0273844 60 0.0348138 -0.000798879 1.56759 15.9615 -13 856 0 0 1
0.00331824 -0.0159691 60 0.00636589 -0.0116379 12.9668 13.8187 -13 859 0 0 1
0.0436743 -0.110296 60 -0.00373866 -0.0243295 9.22204 23.612 -13 869 0 0 1
-0.0245169 -0.000939354 60 -0.00577704 0.00397281 12.3837 17.4209 -13 870 0 0 1
-0.0761723 -0.052606 60 -0.0333665 -0.00344584 13.746 24.2748 -13 871 0 0 1
-0.0507974 -0.137532 60 -0.0178788 -0.000196446 5.35776 24.9757 -13 872 0 0 1
0.227997 0.131495 60 0.0190411 -0.0258499 4.66376 10.6991 -13 873 0 0 1
0.116515 -0.0554468 60 -0.00955759 -0.0287237 5.03617 18.1644 -13 874 0 0 1
0.0124295 -0.0335957 60 0.0013333 -0.0186713 3.63292 8.31129 -13 875 0 0 1
0.000225054 0.00952332 60 0.000999466 0.00925312 11.7918 14.0057 -13 876 0 0 1
0.0188087 -0.0124906 60 0.0074297 -0.0140116 9.26109 25.7849 -13 877 0 0 1
-1.16615 -0.0924044 60 -0.0323545 0.165412 1.97959 16.7212 -13 878 0 0 1
-0.0347178 -0.0407926 60 -0.0285407 -0.0118573 8.52023 9.69207 -13 886 0 0 1
-0.00370145 -0.0138072 60 -0.00247881 0.00072053 10.4512 5.20223 -13 14 0 0 1
0.106012 0.0440145 60 0.0196908 -0.0197779 5.39618 23.6332 -13 15 0 0 1
-0.00442807 0.0164897 60 -0.00122935 0.0108857 11.7917 31.4581 -13 23 0 0 1
-0.0204596 0.086801 60 0.00748109 0.0425024 10.9468 22.8746 -13 40 0 0 1
0.037202 0.0179223 60 0.0127222 -0.00634719 8.94166 5.89325 -13 41 0 0 1
0.00193783 -0.017987 60 -0.0152417 -0.00829589 10.8895 26.9224 -13 45 0 0 1
0.0374446 0.00229647 60 0.0114835 -0.00929623 10.4193 21.8912 -13 55 0 0 1
-0.0421217 -0.0249785 60 -0.0179726 0.00728904 6.75181 12.2412 -13 90 0 0 1
-0.00760655 -0.0108898 60 -0.00105193 -0.00956187 7.20863 30.7004 -13 91 0 0 1
-0.0395426 -0.00799374 60 -0.00642021 0.0105342 10.7956 14.1156 -13 95 0 0 1
-0.00104885 -0.000531204 60 -0.00241833 -0.00144818 14.0243 7.08605 -13 99 0 0 1
-0.00576845 0.00898594 60 -0.0167459 0.0059144 9.63809 15.566 -13 104 0 0 1
-0.0042105 0.0453598 60 -0.00785406 0.0161455 8.85213 9.5349 -13 105 0 0 1
-0.0219021 0.032721 60 -0.00117526 0.00414249 7.73416 7.15404 -13 112 0 0 1
0.00720857 0.00142312 60 0.00396799 -0.00226657 11.9728 12.3904 -13 113 0 0 1
0.0270909 0.0294108 60 0.0106781 -0.000405479 8.12014 9.75562 -13 114 0 0 1
-0.0416603 -0.031066 60 -0.00992808 0.00304902 13.0033 17.2768 -13 124 0 0 1
0.0130608 0.0222001 60 0.00960014 0.00603686 11.5126 21.9378 -13 139 0 0 1
0.00999636 0.000668184 60 -0.00314625 -0.00690216 14.4034 22.4836 -13 144 0 0 1
0.0267855 -0.0240866 60 0.00125007 -0.0078162 9.25064 13.359 -13 146 0 0 1
0.000691195 -0.0160502 60 -0.00554506 -0.0086392 11.2542 17.5601 -13 147 0 0 1
-0.00566811 0.015437 60 0.00315944 0.00191374 9.90038 7.51147 -13 167 0 0 1
-0.0139692 0.0393538 60 -0.00229142 0.016919 11.4397 3.24139 -13 168 0 0 1
-0.0818795 -0.0844469 60 -0.027795 -0.00362695 8.97489 21.7668 -13 170 0 0 1
0.0405623 0.101278 60 0.0492516 -0.0291936 0.62066 35.2069 -13 193 0 0 1
-0.00951793 0.00326921 60 -0.00254921 0.00709578 12.3389 6.6679 -13 198 0 0 1
0.00268486 -0.0051172 60 0.000524984 -0.00434386 13.2611 8.43156 -13 344 0 0 1
-0.00126936 -0.0151106 60 -0.008957 -0.00263632 9.74629 3.36345 -13 345 0 0 1
0.00506479 -0.0099183 60 -0.002927 -0.0103215 13.4675 17.1613 -13 346 0 0 1
0.113483 -0.0713605 60 -0.0809199 0.025674 1.75463 18.7719 -13 353 0 0 1
0.00772352 0.0173941 60 0.00227874 0.00650163 10.88 29.7014 -13 354 0 0 1
-0.00822015 0.0659332 60 0.00706092 -0.0127411 6.17562 23.3231 -13 368 0 0 1
0.0162277 0.00632548 60 0.00825386 0.00063216 14.2115 11.0851 -13 373 0 0 1
-0.00918982 -0.104618 60 -0.0339329 0.0110428 5.11168 10.5747 -13 374 0 0 1
-0.0225386 -0.0034129 60 -0.00233624 -0.00390798 6.71278 16.585 -13 376 0 0 1
0.0121551 0.00694601 60 0.00705811 0.00113363 10.5549 12.6001 -13 377 0 0 1
0.0405267 -0.0462481 60 0.0205282 0.00402257 2.45034 11.9225 -13 378 0 0 1
0.0174005 -0.0210687 60 -0.00740508 -0.00703028 7.50695 6.46216 -13 379 0 0 1
-0.046304 0.0810287 60 0.0176952 0.0145075 5.00368 12.1298 -13 605 0 0 1
0.0261853 -0.00230059 60 0.00903628 -0.00326686 11.8942 7.06108 -13 609 0 0 1
0.0122184 -0.0381798 60 -0.0109315 -0.00176822 7.91217 14.9618 -13 612 0 0 1
0.0313064 -0.0444853 60 0.00571709 -0.00411186 0.00214244 15.0955 11 612 1004 0 1
-0.0036077 -0.0157757 60 -0.00113039 -0.00652033 12.4789 16.5419 -13 613 0 0 1
0.00320393 -0.0030453 60 0.00394047 -0.00354698 12.138 4.42208 -13 614 0 0 1
-0.3528 -0.344981 60 -5.35361e-05 0.277127 4.08837 23.4617 -13 615 0 0 1
-0.0322216 -0.0310029 60 -0.0226857 0.0189829 4.14788 30.9913 -13 616 0 0 1
0.0380223 0.0345441 60 0.00819537 0.00827211 8.15181 22.7548 -13 618 0 0 1
-0.0230927 -0.00380049 60 -0.0152327 -0.00236849 12.3706 21.6942 -13 620 0 0 1
-0.103303 0.16098 60 -0.0419959 0.113365 11.1728 30.3024 -13 622 0 0 1
-0.0533815 0.0162282 60 -0.0118228 0.0155708 9.75552 16.7525 -13 623 0 0 1
-0.00765285 0.0127213 60 -0.00802219 0.00715569 14.183 3.10948 -13 624 0 0 1
0.0942536 0.037784 60 0.0263456 -0.00863564 9.17035 18.6187 -13 625 0 0 1
-0.0398351 -0.00994623 60 -0.00388613 0.00944846 6.191 12.2081 -13 626 0 0 1
-0.0553725 -0.0323992 60 -0.0354878 -0.00402138 14.0859 14.1205 -13 632 0 0 1
0.00449898 -0.0206368 60 -0.00104127 -0.00530912 8.39373 11.2738 -13 633 0 0 1
-0.00119117 -0.16803 60 -0.0280019 -0.018582 4.94768 7.56523 -13 634 0 0 1
-0.0199139 -0.00334165 60 -0.00370858 -0.00222441 8.09394 20.3377 -13 635 0 0 1
-0.0280636 -0.00908255 60 -0.0192257 0.00334733 14.1434 9.1748 -13 636 0 0 1
-0.0993378 0.0666048 60 -0.0410361 0.0392923 8.04651 24.9473 -13 637 0 0 1
-0.0102529 0.0129093 60 -0.00794073 0.011994 12.7246 17.9193 -13 638 0 0 1
0.00858379 0.00413232 60 0.00129831 0.00360385 14.013 7.35797 -13 639 0 0 1
-0.0638088 -0.013558 60 -0.00345475 0.00904661 10.9145 3.46719 -13 640 0 0 1
0.0266975 -0.0563139 60 -0.0122101 -0.0190146 4.66039 15.2406 -13 641 0 0 1
0.0597715 0.222156 60 0.0361571 0.00319278 7.21054 26.4137 -13 642 0 0 1
-9.00569 -1.1423 60 0.0290288 0.00536473 0.0245804 27.1088 11 642 1006 0 1
-0.0142035 0.0224135 60 -0.0148885 0.0358291 11.0648 2.96641 -13 643 0 0 1
-0.859098 0.236372 60 0.0110039 -0.0129053 0.0359508 3.40956 11 643 1004 0 1
-8.25321e-05 -0.00257731 60 -0.01271 -0.00641455 13.7732 18.8783 -13 646 0 0 1
-0.059884 0.0316138 60 -0.000751136 0.0333357 6.38697 14.1162 -13 649 0 0 1
0.0120973 -0.0147932 60 0.00353139 -0.00106089 13.5437 6.0643 -13 650 0 0 1
-0.0139135 0.0284859 60 0.00522077 0.0158899 10.5162 28.491 -13 652 0 0 1
0.0339891 0.0045101 60 0.0079331 -0.00470059 11.9929 19.7525 -13 653 0 0 1
-0.00969607 -0.0079277 60 -0.00271455 -0.000837312 14.3686 24.065 -13 655 0 0 1
-0.00531859 -0.00956126 60 0.0012535 -0.022709 9.60265 18.7558 -13 656 0 0 1
0.07749 -0.0100439 60 -0.0338591 0.00632441 8.0336 24.9552 -13 657 0 0 1
-0.00782687 -0.0180334 60 -0.00458864 -0.0101779 14.4634 15.6862 -13 659 0 0 1
-0.000145301 -0.0160761 60 -0.00207584 -0.0117564 8.2559 32.1178 -13 664 0 0 1
0.0221209 0.0214283 60 0.0110684 0.00411659 13.5921 19.1442 -13 670 0 0 1
0.102328 0.105478 60 0.0376168 0.00435155 2.41356 24.8998 -13 672 0 0 1
0.0261263 0.0589683 60 0.0092032 -0.000905818 4.17155 19.34 -13 673 0 0 1
0.0083264 0.00699372 60 0.00430125 -0.000238222 12.5622 31.3549 -13 674 0 0 1
0.000546229 -0.019207 60 -0.00199365 -0.0177488 12.9168 28.0761 -13 676 0 0 1
0.026124 -0.00539183 60 0.00365294 -0.00996912 9.43578 18.3783 -13 678 0 0 1
0.0814465 -0.075134 60 0.0325358 -0.0242231 8.15734 15.7525 -13 679 0 0 1
0.00954564 -0.0652791 60 -0.0109299 -0.0264212 9.29529 21.2668 -13 680 0 0 1
-0.0126043 0.0134743 60 -0.00776682 0.00235863 14.0759 4.6279 -13 681 0 0 1
0.016589 0.00530018 60 0.00654323 -0.00364644 13.2726 3.08274 -13 682 0 0 1
0.051421 0.0300925 60 0.0348123 0.0141709 13.0082 26.9336 -13 683 0 0 1
0.0813841 0.020654 60 0.0309427 0.00462177 8.65887 19.3245 -13 684 0 0 1
0.0184905 0.00549672 60 0.00385918 -0.00402429 12.3361 19.1431 -13 691 0 0 1
-0.339431 0.269839 60 -0.0800959 0.175427 6.7409 17.233 -13 696 0 0 1
-0.0286881 0.00133896 60 -0.0134949 0.0119029 10.0429 20.9694 -13 697 0 0 1
-0.0054898 0.0166197 60 -0.00180066 0.00879117 13.3604 25.6826 -13 699 0 0 1
0.0180889 0.0105685 60 0.00868215 0.00197353 12.3119 27.4341 -13 702 0 0 1
-0.0189246 0.0160433 60 -0.00424339 0.00879138 9.43867 11.3643 -13 704 0 0 1
-0.0183387 -0.0285559 60 -0.00271778 -0.00364205 10.1195 9.09841 -13 705 0 0 1
-0.0971117 -0.00897005 60 -0.0219997 0.018045 9.60559 18.0998 -13 706 0 0 1
-0.0755481 -0.0563523 60 -0.0505664 -0.0192339 13.854 3.309 -13 707 0 0 1
-0.213168 1.41536 60 -0.0391849 -0.0205405 0.0366322 4.39119 11 707 1002 0 1
-0.00201855 0.00204675 60 -0.00747284 0.00418838 10.5682 20.4567 -13 708 0 0 1
0.0784122 -0.034302 60 -0.00296532 -0.0235991 4.00605 19.7808 -13 709 0 0 1
0.00164838 0.011399 60 0.00739496 0.00193528 14.1701 3.52731 -13 711 0 0 1
-0.0119942 0.0104132 60 -0.00613876 0.00378778 12.3901 31.4301 -13 715 0 0 1
0.0658805 -0.0329158 60 0.0228556 -0.0248902 13.1297 22.5991 -13 716 0 0 1
-0.125427 0.0231554 60 -0.0130043 0.0232526 8.71908 10.8291 -13 718 0 0 1
-0.00474435 0.0032411 60 0.000907675 -0.000652525 10.6812 11.0163 -13 719 0 0 1
-0.0478201 0.104659 60 -0.009678 0.0647402 11.2988 30.8499 -13 720 0 0 1
-0.000563088 0.000205617 60 -0.00617917 0.000213734 9.71923 28.3189 -13 721 0 0 1
-0.0696263 -0.0773997 60 -0.0244763 -0.00359924 5.31305 15.1778 -13 722 0 0 1
2.97273 -2.36068 60 -0.0013475 0.0123174 0.0447026 13.842 11 722 1009 0 1
-0.0292048 0.0921801 60 0.0189715 0.0497029 5.03671 26.7293 -13 724 0 0 1
-0.0037883 -0.0710312 60 -0.00365371 -9.41348e-05 5.5333 15.1409 -13 729 0 0 1
-0.00943893 -0.0017535 60 -0.00664333 0.00437437 11.0035 19.0461 -13 735 0 0 1
0.140053 0.110784 60 0.0415858 -0.00110823 8.28638 23.3246 -13 737 0 0 1
-3.68544 2.08144 60 0.033959 -0.0141582 0.0112181 25.6367 11 737 1007 0 1
-0.00510362 -0.00089931 60 0.00339212 0.00466971 13.0495 25.67 -13 740 0 0 1
-0.0806967 0.0594083 60 0.0351443 0.00942487 3.44504 14.0406 -13 744 0 0 1
0.0308237 -0.021578 60 0.00755575 -0.0109507 11.5129 17.0015 -13 745 0 0 1
-0.00419983 0.0145052 60 -0.0144135 -0.00053874 10.4673 24.1591 -13 750 0 0 1
0.195834 0.000473405 60 0.0343758 -0.00588478 6.65481 7.96748 -13 752 0 0 1
-0.0140733 0.0434608 60 0.00101499 0.0201919 10.8255 5.18241 -13 753 0 0 1
0.0117199 0.0227575 60 0.00630468 -0.00221766 8.1392 23.4595 -13 760 0 0 1
0.0548334 0.00974707 60 0.00393209 -0.00897991 6.52504 10.7763 -13 761 0 0 1
0.00256525 0.0111414 60 0.00281079 0.0028239 13.8781 30.3364 -13 762 0 0 1
0.00185138 -0.00570545 60 -0.00866064 -0.0184697 13.4119 5.72413 -13 774 0 0 1
0.021584 -0.013404 60 0.0027307 -0.0140199 11.8596 13.9168 -13 776 0 0 1
-0.0389768 0.0315803 60 -0.00425964 0.00849505 9.61512 7.28123 -13 780 0 0 1
0.0037549 -0.0187214 60 -0.00279749 -0.00197653 11.656 6.74767 -13 781 0 0 1
0.00079938 -0.0253839 60 -0.002142 -0.00295862 10.0929 6.06797 -13 782 0 0 1
-0.0105943 0.0226443 60 -0.000404611 0.0113202 7.02177 20.164 -13 783 0 0 1
-0.0270976 0.00285921 60 -0.00862422 0.00839784 6.9567 6.2768 -13 784 0 0 1
-0.126505 0.0214161 60 -0.0172357 0.0155172 5.18148 19.1367 -13 785 0 0 1
-0.00571262 -0.0261915 60 -0.00885086 -0.0116936 9.62031 21.6461 -13 786 0 0 1
0.00268895 -0.0312194 60 -0.00580635 -0.00709809 8.95368 19.6433 -13 787 0 0 1
-0.0455304 0.00534249 60 -0.0139464 0.00557917 12.3677 20.4458 -13 788 0 0 1
0.0108714 0.00492812 60 0.00141305 0.00902321 14.1726 17.156 -13 789 0 0 1
-0.0635457 -0.024789 60 -0.0315388 0.0110514 9.98483 29.6148 -13 790 0 0 1
-0.121032 0.0150456 60 0.0144444 0.0353031 5.09431 29.2138 -13 791 0 0 1
-0.0224804 0.0243305 60 -0.009191 0.0163545 11.8024 30.529 -13 792 0 0 1
0.0067643 -0.0442702 60 -0.00058634 -0.0110133 11.4454 19.3457 -13 793 0 0 1
-0.0356764 -0.00957289 60 -0.00442204 0.0100633 11.5089 10.8503 -13 795 0 0 1
-0.00285915 -0.00531788 60 -0.0013177 -0.000506524 14.0219 26.8005 -13 797 0 0 1
0.0198751 -0.0133143 60 0.0042922 -0.00765449 13.7233 27.1388 -13 798 0 0 1
-0.0224623 -0.00482485 60 0.00742222 0.0066625 9.4096 32.1184 -13 799 0 0 1
0.00716837 0.00611344 60 0.00528701 0.00585509 13.561 4.48115 -13 800 0 0 1
0.0169536 0.0162338 60 -0.00784483 0.0125606 5.93068 9.10312 -13 801 0 0 1
-0.0784737 0.758901 60 0.0732168 -0.00448518 0.878965 44.8095 -13 802 0 0 1
-0.00735868 0.00763178 60 0.000522686 0.0088199 12.5926 29.147 -13 805 0 0 1
-0.00675101 -0.0765028 60 -0.01271 -0.00288996 7.66232 16.6472 -13 826 0 0 1
0.0122743 0.0136579 60 0.00373659 0.00354885 7.88787 31.0843 -13 835 0 0 1
0.00305386 -0.0145091 60 -0.0063628 -0.00250165 12.845 19.0296 -13 838 0 0 1
0.0360431 -0.0178019 60 -0.0207259 -0.0036965 4.57094 28.9311 -13 844 0 0 1
0.0191221 0.00201313 60 0.0133764 -0.00185134 12.3121 18.9311 -13 846 0 0 1
0.0323818 0.0407929 60 0.0108555 0.0158647 8.92887 10.8964 -13 851 0 0 1
-0.15615 0.0764316 60 0.0492562 0.0643114 2.5891 30.3747 -13 852 0 0 1
-0.00687124 -0.0136968 60 -0.00146696 -0.00942753 11.5754 25.9497 -13 855 0 0 1
-0.00044939 -0.00976581 60 -0.00264038 -0.00485385 13.7729 30.5779 -13 973 0 0 1
-0.0134611 0.00254909 60 -0.00179463 0.0024055 10.307 22.5403 -13 975 0 0 1
-0.0608356 -0.00459078 60 0.00255716 0.00799212 6.79039 10.0076 -13 976 0 0 1
-0.187915 0.155386 60 -0.0338214 0.0289638 1.37981 24.2753 -13 977 0 0 1
-0.0110214 -0.00243839 60 -0.00392029 -0.00279081 13.7306 20.7229 -13 979 0 0 1
-0.0168922 0.0179597 60 0.00477868 0.00628256 9.70855 3.51272 -13 981 0 0 1
-0.0114538 0.00575693 60 -0.00834827 0.00264525 13.6327 14.8459 -13 982 0 0 1
-0.00192319 0.0542808 60 -0.175718 -0.0655983 5.8148 27.9894 -13 983 0 0 1
0.00976351 0.00811329 60 0.00231792 -0.000676335 10.1159 5.23693 -13 984 0 0 1
0.0336333 0.00288424 60 0.000767133 0.000609535 11.2734 17.739 -13 985 0 0 1
-0.00755389 -0.0225943 60 -0.00525171 0.00341229 8.43423 21.8044 -13 986 0 0 1
0.00055899 -0.0143255 60 -0.0107798 -6.29544e-05 14.2482 26.5861 -13 987 0 0 1
-0.00167603 -0.060929 60 0.00181906 -0.0132631 6.74325 25.5595 -13 988 0 0 1
-0.0751488 0.0721488 60 0.0208407 0.00817129 3.26848 24.9936 -13 989 0 0 1
0.00437704 -0.00519062 60 0.00149266 -0.00127895 11.2912 31.392 -13 993 0 0 1
-0.0444011 0.0230001 60 -0.0211563 0.00471266 13.0556 27.3765 -13 996 0 0 1
0.0070315 0.00899733 60 0.00702964 0.00334313 14.5267 10.7201 -13 997 0 0 1
0.0542599 -0.0586205 60 0.00580055 -0.0199555 10.278 27.7277 -13 998 0 0 1
-0.0853714 -0.0534413 60 -0.0240928 -0.00456012 7.42397 8.3617 -13 999 0 0 1
-0.146933 0.0734413 60 0.012809 0.0330532 5.26128 19.0442 -13 8 0 0 1
0.00333041 0.017209 60 0.00542739 0.00390895 11.8316 5.94907 -13 12 0 0 1
0.00378757 -0.0117623 60 0.00713549 -0.00356838 8.50737 13.1 -13 27 0 0 1
-0.00309237 0.0239424 60 0.00200687 0.0130325 11.5933 29.8199 -13 28 0 0 1
-0.107585 -0.0320662 60 -0.0200676 -0.00102968 5.21416 8.91591 -13 46 0 0 1
0.0101731 -0.0139041 60 -0.0190671 -0.0171435 11.4317 10.3241 -13 47 0 0 1
0.0323502 0.00838929 60 0.00764701 -0.00440599 8.26299 4.45332 -13 53 0 0 1
-0.00622063 0.015711 60 -0.00188502 0.00957746 14.1372 10.7664 -13 56 0 0 1
-0.153753 -0.0458044 60 -0.0716946 -0.009754 8.27133 29.0051 -13 77 0 0 1
0.0348418 0.032292 60 0.0179314 0.0109029 8.55526 11.2616 -13 88 0 0 1
-0.0368344 0.0142907 60 -0.00174401 0.00471008 7.74635 28.9467 -13 93 0 0 1
0.180925 -0.0730884 60 0.00419573 -0.00303983 3.05114 13.7462 -13 96 0 0 1
0.0175736 -0.0151718 60 0.00581943 -0.0106072 12.3383 3.04047 -13 100 0 0 1
0.00221989 0.0139222 60 0.0063993 -0.00286655 11.4901 28.7404 -13 125 0 0 1
0.0804911 0.00612974 60 0.0283955 -0.00795748 9.68336 8.51001 -13 127 0 0 1
0.00928555 -0.000654353 60 0.000814978 0.00542789 13.3723 6.27936 -13 135 0 0 1
0.064497 -0.184208 60 -0.0199415 -0.0451985 7.45651 16.5751 -13 148 0 0 1
0.0297471 0.00377316 60 -0.00257811 0.00278432 7.08216 12.0542 -13 149 0 0 1
-0.0377132 -0.0644941 60 -0.0310594 -0.0128197 9.82125 26.2869 -13 174 0 0 1
-0.0019431 -0.0101681 60 -0.0103878 -0.0031074 10.8058 16.7259 -13 176 0 0 1
-0.00552362 0.00931401 60 -0.00663231 -0.0216772 3.84228 12.667 -13 177 0 0 1
-0.0255982 0.0644598 60 0.0100122 0.0237032 5.76946 20.8376 -13 179 0 0 1
-0.0211922 0.0747818 60 0.00703254 0.0185192 5.93782 5.35806 -13 189 0 0 1
0.870927 0.986092 60 -0.00508904 0.012129 0.0494054 4.74494 11 189 1009 0 1
-0.00502371 0.193973 60 0.0293224 -0.000671511 2.66609 27.9736 -13 208 0 0 1
-0.00899927 0.00228416 60 0.00162463 -0.00125171 9.00715 31.7303 -13 213 0 0 1
-0.00804829 -0.00555536 60 -0.00217798 -0.00356084 10.9433 18.659 -13 242 0 0 1
0.0177038 -0.000933074 60 0.00406756 -0.00276734 13.8146 29.7456 -13 243 0 0 1
-0.0125354 0.0206771 60 0.00253733 0.000893465 8.73102 26.3238 -13 244 0 0 1
-0.00756038 -0.0315301 60 -0.0243528 -0.00914309 8.14261 11.9681 -13 246 0 0 1
-0.0038191 0.0173514 60 -0.000598199 0.00667405 11.855 29.6243 -13 248 0 0 1
-0.00722232 -0.025799 60 -0.00125196 -0.0245822 10.3736 21.8693 -13 250 0 0 1
0.0198263 0.0166503 60 0.0103354 0.000400397 12.2624 2.85728 -13 256 0 0 1
-0.00675157 -0.00924794 60 -0.0142756 0.00103601 11.3004 13.4136 -13 257 0 0 1
0.000623055 -0.00866245 60 -0.000965985 0.00105482 12.9689 21.2569 -13 262 0 0 1
-0.126291 -0.106464 60 -0.0280669 0.0135846 3.87933 29.8722 -13 264 0 0 1
-0.631771 0.59538 60 0.0204699 0.037565 -0.165403 545.035 11 264 1016 0 1
-0.0344547 -0.0622919 60 -0.0243155 -0.00900741 11.3402 26.7604 -13 266 0 0 1
-0.000131585 -0.00637816 60 0.0029695 -0.00363826 12.0022 6.94566 -13 297 0 0 1
-0.0154579 0.123217 60 0.0228345 0.0109798 3.73003 33.1252 -13 300 0 0 1
-0.00468188 -0.0410627 60 -0.00707008 -0.0123758 8.28239 29.5008 -13 301 0 0 1
0.0861142 0.075258 60 0.0289117 -0.000847016 11.6667 15.2492 -13 303 0 0 1
-0.0139138 -0.00394068 60 -0.00751353 0.00327373 11.104 12.4901 -13 305 0 0 1
0.15509 0.0794357 60 0.0433968 -0.0102148 4.65765 16.6842 -13 307 0 0 1
0.00129661 -0.0112481 60 -0.00490609 -0.0092714 12.1752 9.18277 -13 312 0 0 1
-0.0125501 -0.0106875 60 -0.00037634 -0.00670253 6.20929 9.55705 -13 318 0 0 1
0.334466 -0.0316677 60 -0.00815589 -0.0265085 1.35612 33.0815 -13 319 0 0 1
0.000949819 0.0160524 60 0.00397218 0.00177581 13.8183 7.74547 -13 320 0 0 1
-0.0847832 -0.0876322 60 -0.022559 0.00889439 6.23839 11.484 -13 323 0 0 1
-0.143561 -0.106969 60 0.0130238 0.0289234 2.58377 33.0154 -13 324 0 0 1
0.0168831 -0.00768884 60 0.00843639 -0.00482216 11.4697 29.1177 -13 325 0 0 1
0.0194953 0.0651888 60 0.0187292 0.0130751 8.05594 11.9851 -13 459 0 0 1
-0.0371269 -0.0266963 60 -0.0107681 -0.000901008 10.6014 5.63478 -13 460 0 0 1
0.0471775 0.128552 60 0.0431874 0.0550465 4.21471 33.4547 -13 464 0 0 1
0.122795 0.0644176 60 0.0323575 -0.0541056 2.50735 15.1126 -13 471 0 0 1
-0.0233017 -0.0160202 60 0.0152672 0.00755983 5.5546 6.43155 -13 473 0 0 1
-0.0425813 -0.189041 60 -0.0124676 0.00723748 3.6335 29.4501 -13 728 0 0 1
-0.0279034 -0.102133 60 -0.0260287 -0.034596 11.1854 9.5141 -13 730 0 0 1
0.108809 -1.10814 60 -0.0412011 0.0206477 0.0280229 10.0992 11 730 1002 0 1
-0.0535986 -0.0226213 60 -0.0212396 -0.00306716 7.94257 7.08536 -13 734 0 0 1
0.00746868 -0.00946257 60 0.00103965 -0.000838174 11.0031 11.9939 -13 736 0 0 1
0.0303776 -0.010286 60 0.00713761 -0.00588029 8.45777 25.9508 -13 738 0 0 1
-0.0122536 -0.00166933 60 0.0145065 -0.0120243 11.9164 22.8175 -13 739 0 0 1
0.0130584 0.0182975 60 0.00982865 -0.00331034 8.73189 22.3108 -13 741 0 0 1
-0.0035918 0.0273724 60 0.00925821 0.00716226 4.5001 28.8385 -13 742 0 0 1
0.0155734 -0.0394286 60 -0.00824738 -0.00823742 8.36213 4.74438 -13 743 0 0 1
0.018422 0.016277 60 0.0146308 0.0095286 8.59508 28.783 -13 746 0 0 1
-0.00317046 0.0385458 60 0.0206598 0.033997 11.8605 25.0021 -13 747 0 0 1
0.0214725 0.065074 60 0.0141491 0.0239787 10.5966 19.4714 -13 748 0 0 1
0.0534628 -0.0360697 60 0.0163289 -0.0284016 12.1305 3.6507 -13 749 0 0 1
-0.00607158 0.0106671 60 -0.00299636 0.00820409 11.1539 26.5268 -13 751 0 0 1
-0.00691639 -0.0236365 60 -0.00380987 0.000536783 8.71891 28.3513 -13 754 0 0 1
-0.0291828 0.0146339 60 -0.00239462 -0.000554231 7.97054 10.4531 -13 755 0 0 1
0.0270751 0.0440756 60 0.0196445 0.00258724 5.53821 16.2391 -13 756 0 0 1
-0.0472816 -0.0377625 60 -0.0104969 0.00653428 7.31612 16.0002 -13 757 0 0 1
0.0143536 -0.00342288 60 -0.00276811 -0.0152811 7.99851 5.76743 -13 758 0 0 1
-0.00976159 0.00385156 60 -0.00240585 0.00377184 12.6591 31.3419 -13 767 0 0 1
0.0420148 0.0158241 60 0.0165733 -0.00227989 10.9152 8.5949 -13 771 0 0 1
0.015098 0.00338401 60 0.00601063 0.0025493 11.4434 7.20919 -13 773 0 0 1
-0.0439822 -0.110866 60 -0.0223981 -0.0250632 8.62379 21.6619 -13 778 0 0 1
1.48361 0.200339 60 -0.0249979 0.0342098 0.0359022 21.9003 11 778 1006 0 1
-0.00928415 -0.0132729 60 -0.00211674 -0.00585379 12.9533 2.70099 -13 779 0 0 1
0.0246347 0.0120893 60 0.00894457 -0.00122328 7.52241 15.8377 -13 794 0 0 1
-0.0341008 0.0285837 60 -0.0029306 0.0118685 8.92196 25.7531 -13 796 0 0 1
0.121944 -0.12357 60 -0.00954881 -0.00160499 3.4574 14.4872 -13 806 0 0 1
-0.00290399 -0.00849345 60 -0.00584003 -0.00495351 13.6591 12.626 -13 807 0 0 1
-0.106556 -0.0270769 60 -0.00496793 0.00314286 7.13593 13.2276 -13 808 0 0 1
0.00152355 -0.0151162 60 -0.00339769 -0.00421389 14.3157 15.689 -13 809 0 0 1
0.0563757 -0.0126983 60 0.0148232 -0.0149135 6.28774 30.678 -13 819 0 0 1
-0.00914125 0.00292158 60 0.00724542 0.0111778 8.49698 6.85943 -13 821 0 0 1
-0.00259238 -0.00322457 60 0.0107227 0.0019476 12.6305 25.3873 -13 823 0 0 1
0.00719311 -0.00575824 60 0.00265283 -0.00528706 10.8373 11.6664 -13 837 0 0 1
0.0129286 0.00143326 60 0.00363042 -0.0030562 9.88526 24.2886 -13 840 0 0 1
0.0412497 0.0104236 60 0.010902 -0.0116787 8.33999 10.2138 -13 843 0 0 1
-0.00871727 -0.0145954 60 -0.00731193 -0.0033199 13.4998 11.1103 -13 845 0 0 1
-0.0990471 -0.164506 60 -0.0259778 0.00407564 4.83663 14.3394 -13 847 0 0 1
0.00448588 -0.0159335 60 -0.00275754 -0.0127646 9.64356 5.11721 -13 849 0 0 1
-0.00789902 -0.0192799 60 -0.00223079 -0.00989368 12.3937 24.3512 -13 850 0 0 1
0.0131683 0.0255968 60 0.0109543 0.00281115 14.3413 10.1687 -13 857 0 0 1
-0.0187524 0.0192692 60 -0.000450177 0.0101678 10.2431 28.8669 -13 858 0 0 1
0.009995 0.000223188 60 0.006331 -0.00198279 13.0636 26.9721 -13 860 0 0 1
-0.0307441 0.0104704 60 -0.00580428 0.00926559 11.1961 5.47834 -13 861 0 0 1
0.0105202 0.0881161 60 0.0254919 0.0169248 6.03134 25.2263 -13 862 0 0 1
0.377812 0.287294 60 0.0498388 -0.0605398 4.22832 12.6529 -13 863 0 0 1
0.0633799 0.0646976 60 0.0237364 0.00970357 5.60079 32.8228 -13 866 0 0 1
0.110887 0.278974 60 0.0617204 -0.0319328 1.01499 43.5356 -13 867 0 0 1
0.019034 -0.0166511 60 0.0025241 -0.0149427 8.39001 13.2826 -13 868 0 0 1
-0.031572 0.0547843 60 -0.00554632 0.0215563 14.2473 28.0079 -13 879 0 0 1
-0.00116978 0.0119096 60 0.00368701 0.00669763 12.9498 7.58396 -13 880 0 0 1
0.00834518 -0.00100602 60 0.00568019 -0.00158884 14.5419 14.5228 -13 881 0 0 1
-0.152542 0.0446137 60 -0.0170066 0.0258848 6.58442 25.0868 -13 882 0 0 1
-0.00524714 -0.0685439 60 -0.00647612 -0.0150334 7.18809 27.5816 -13 883 0 0 1
0.0699277 0.0531457 60 -0.00238972 -0.010526 5.80755 21.3381 -13 884 0 0 1
-0.00872667 0.0117619 60 -0.00295577 0.00277548 12.5823 3.82737 -13 885 0 0 1
-0.0350934 -0.0364187 60 -0.0165765 -0.00227944 8.57648 3.6578 -13 887 0 0 1
0.0100277 -0.0245801 60 -0.0161099 -0.00525093 8.59926 22.3625 -13 888 0 0 1
0.00398432 0.0278123 60 0.00927121 0.0088869 11.3341 27.0803 -13 889 0 0 1
0.000210874 0.0124197 60 -0.0107854 0.00152929 10.869 14.2459 -13 890 0 0 1
-0.0205525 0.0318534 60 -0.00581817 0.0232144 7.62204 11.5722 -13 891 0 0 1
0.0384423 -0.0948233 60 0.0158149 -0.073233 14.073 10.7907 -13 892 0 0 1
0.0267487 -0.0167293 60 0.00974592 -0.00659613 9.41977 6.42856 -13 893 0 0 1
0.00904973 0.0382007 60 0.0020989 0.0112171 12.6233 20.6028 -13 894 0 0 1
0.00747682 -0.0285952 60 0.000963712 -0.00375167 11.6345 19.1742 -13 895 0 0 1
0.00630523 0.189997 60 0.0270768 0.0112111 6.76538 13.4447 -13 899 0 0 1
1.45603 1.19065 60 0.024703 -0.0221609 0.0146725 15.3741 11 899 1004 0 1
-0.0274865 -0.0249134 60 -0.00893516 -0.00370787 11.4576 4.15628 -13 900 0 0 1
0.127042 0.137323 60 0.03627 -0.0379966 6.69651 11.5272 -13 903 0 0 1
0.0018659 -0.0107905 60 0.00102226 -0.00335952 12.5666 9.77508 -13 904 0 0 1
-0.167003 0.000864645 60 -0.0197001 0.0379153 5.30287 22.6028 -13 905 0 0 1
-0.0047142 0.0147171 60 -0.00447742 0.00552551 10.5038 22.4063 -13 906 0 0 1
-0.00612258 -0.0592952 60 -0.00951753 -0.00686741 11.6486 28.7417 -13 907 0 0 1
-0.155408 0.0750534 60 -0.0220731 0.043554 12.9444 5.56257 -13 908 0 0 1
-0.0127369 0.0719884 60 0.0178526 0.0318226 7.31863 18.4578 -13 909 0 0 1
-0.00114801 -0.0114211 60 -0.00205218 -0.0172247 9.32723 4.54565 -13 910 0 0 1
-0.0990105 0.273528 60 0.0783827 -0.0253008 2.79094 30.2557 -13 911 0 0 1
0.0205263 -0.00198512 60 0.00725698 -0.00684341 11.857 4.3002 -13 912 0 0 1
-0.0120108 -0.0202858 60 -0.00776836 -0.0129894 13.2453 6.65497 -13 10 0 0 1
-0.00807667 -0.00619305 60 -0.00857198 0.0137932 10.6592 4.88282 -13 11 0 0 1
-0.0229753 0.0748577 60 0.0343874 0.0090613 4.1005 11.6924 -13 13 0 0 1
-0.0557104 -0.0124069 60 -0.0433104 -0.00040564 14.5094 8.68032 -13 17 0 0 1
-0.0295624 -0.00107933 60 -0.00431981 0.00119762 7.10153 24.8424 -13 29 0 0 1
-0.101712 -0.129813 60 -0.0358252 0.00562217 8.53219 8.36637 -13 32 0 0 1
-0.0115118 0.0158423 60 -0.00800363 0.0062629 13.2792 8.3262 -13 49 0 0 1
0.120323 0.098423 60 0.0274308 -0.00729746 4.52285 32.4461 -13 50 0 0 1
-0.133092 0.0637748 60 -0.0139416 0.00991556 3.47422 11.6242 -13 54 0 0 1
-0.0153986 -0.104741 60 -0.0080182 -0.0447527 9.40795 15.3909 -13 62 0 0 1
-0.0393022 0.00606348 60 0.00414012 0.0125257 5.57399 17.9341 -13 69 0 0 1
-0.00979662 0.0020095 60 -0.00123884 0.000469208 11.709 6.00322 -13 71 0 0 1
-0.0163159 0.00350677 60 -0.00322193 0.00246123 12.692 26.9848 -13 79 0 0 1
0.0291431 -0.0289564 60 -0.0247541 -0.0238916 8.74525 25.8041 -13 81 0 0 1
0.000735925 -0.00121157 60 -0.00239012 -0.00254044 13.2133 25.0482 -13 82 0 0 1
-0.0337166 -0.0356808 60 -0.00395874 -0.017773 9.88245 21.3579 -13 83 0 0 1
0.00196808 -0.0011933 60 0.00584468 -0.00057624 13.6154 5.73206 -13 85 0 0 1
-0.0328766 -0.0119463 60 -0.00123398 0.0307895 2.98238 35.1834 -13 87 0 0 1
-0.0552071 -0.0420011 60 0.00170504 -0.00882601 2.268 22.1759 -13 102 0 0 1
0.00205528 0.0178572 60 0.00486111 0.0113907 13.7787 19.6367 -13 107 0 0 1
-0.0151658 -0.00638693 60 -0.00375614 0.00157006 13.2512 24.3918 -13 132 0 0 1
0.0101651 0.0048847 60 -0.00975559 0.0148834 14.5558 20.7735 -13 133 0 0 1
0.000394616 -0.0292985 60 0.0280597 -0.0225357 7.32988 22.1432 -13 134 0 0 1
0.00818429 -0.0896001 60 -0.026183 -0.0192075 4.78841 10.3452 -13 138 0 0 1
-0.00968683 -0.00358696 60 -0.00463766 0.00161761 13.7069 25.626 -13 153 0 0 1
0.0204193 -0.00841704 60 -0.00301529 -0.00242659 9.98595 27.7767 -13 155 0 0 1
-0.00387522 0.000606355 60 -0.00275322 0.00255244 11.9988 18.9161 -13 156 0 0 1
-0.0549122 -0.149832 60 -0.0398122 -0.0107741 8.50973 13.2373 -13 158 0 0 1
0.00381052 -0.00601073 60 -0.00146237 -0.00265051 14.1165 8.86134 -13 161 0 0 1
0.0138359 0.00405947 60 -0.0019485 0.00837061 9.29022 20.2359 -13 182 0 0 1
0.00640509 0.0121692 60 0.000692234 -0.0069648 14.039 7.32711 -13 183 0 0 1
0.00193144 0.000351233 60 -0.000223583 0.00197414 11.517 18.1301 -13 185 0 0 1
0.00326483 -0.0848438 60 -0.0137758 -0.0195597 8.46637 8.6657 -13 190 0 0 1
-0.0141302 0.0532597 60 0.00507354 0.0158437 12.259 8.17628 -13 191 0 0 1
0.000286724 0.00403832 60 0.000872815 -0.00301683 10.3736 9.53849 -13 194 0 0 1
0.0032167 -0.0025738 60 0.00626 -0.000426219 10.8871 24.3138 -13 195 0 0 1
0.122128 0.130982 60 0.0362587 -0.0620562 2.21078 31.965 -13 197 0 0 1
-0.0296399 -0.000678101 60 0.00571575 0.00173692 11.6213 23.9888 -13 201 0 0 1
0.217444 -0.0740693 60 0.00250077 -0.0683559 3.88975 15.4151 -13 221 0 0 1
2.38532 0.617066 60 0.0157469 -0.00121713 0.0335855 14.8224 11 221 1024 0 1
-0.00387877 0.00687608 60 0.00253751 0.00129468 8.94355 9.79158 -13 222 0 0 1
-6.77193e-05 0.000115867 60 0.00106871 -0.00893772 13.5201 15.2409 -13 228 0 0 1
0.0184655 -0.0174719 60 0.0109719 -0.0115246 13.4549 12.7455 -13 229 0 0 1
0.00861775 0.0551837 60 0.012424 0.00866044 11.9933 3.61695 -13 230 0 0 1
0.0121288 0.0157888 60 0.0047683 0.00265165 9.09519 28.964 -13 231 0 0 1
-0.0720478 -0.0830596 60 -0.0280802 0.00516338 6.39522 22.7805 -13 232 0 0 1
0.00434047 0.0124795 60 0.00469197 -0.000130009 10.9919 30.2497 -13 233 0 0 1
-0.00642062 -0.012944 60 -0.00636046 -0.00762801 12.505 5.06769 -13 234 0 0 1
0.0390093 0.122665 60 0.0248257 0.013318 6.40454 27.2364 -13 235 0 0 1
-0.102017 0.0242081 60 -0.000695651 0.0167246 4.80984 25.2201 -13 236 0 0 1
0.0176897 -0.0273179 60 -0.000666676 -0.00511082 8.44264 17.9875 -13 237 0 0 1
0.0204232 0.00289297 60 0.00588102 -0.00547173 12.9332 14.3829 -13 245 0 0 1
0.00894594 -0.018658 60 0.00210658 -0.0118487 11.6565 12.6661 -13 247 0 0 1
0.00292643 0.00791206 60 -0.001339 0.00275919 12.3692 12.8577 -13 249 0 0 1
-0.00530446 -0.00969456 60 -0.00260467 -0.00247029 11.9416 23.3682 -13 253 0 0 1
-0.230946 -0.133171 60 -0.056714 0.0101087 8.36391 7.51539 -13 254 0 0 1
-0.057575 0.0695869 60 -0.00504636 0.0301994 12.0863 9.77619 -13 255 0 0 1
0.0132601 -0.0193094 60 -0.00144322 -0.0125178 14.2243 25.5763 -13 260 0 0 1
0.00375731 0.00326676 60 0.00136168 -0.0023546 14.0743 24.3539 -13 267 0 0 1
-0.00876511 0.0157416 60 0.0032472 0.0118226 12.2817 7.69904 -13 268 0 0 1
0.00152434 0.0101326 60 0.00183594 0.00705763 11.9238 14.017 -13 269 0 0 1
0.0716362 -0.208779 60 -0.0144407 -0.0494124 3.72048 35.1722 -13 270 0 0 1
0.0204432 -0.0480633 60 -0.00736055 -0.00650471 8.85707 22.4672 -13 275 0 0 1
0.000625433 0.000881638 60 0.00126597 -0.000909553 13.3586 22.5747 -13 279 0 0 1
0.0766605 -0.0189074 60 0.00755254 -0.0149142 8.19914 23.0123 -13 281 0 0 1
-0.000253094 -0.00625988 60 0.000622698 -0.00499523 10.7373 9.6195 -13 283 0 0 1
-0.0283887 -0.0702225 60 -0.00559933 0.0197043 3.57582 34.3668 -13 285 0 0 1
0.0498342 0.0256372 60 0.0254145 0.00495226 10.9066 30.5246 -13 287 0 0 1
0.0593697 -0.0192832 60 0.00838427 -0.0179908 7.4765 32.3519 -13 293 0 0 1
-0.0344025 0.00306669 60 -0.00783256 0.00350713 7.31617 26.3972 -13 295 0 0 1
-0.0895084 0.0584857 60 0.0319493 0.0619161 2.67598 37.4733 -13 298 0 0 1
0.106709 -0.0898313 60 0.0085178 -0.0435942 7.62386 19.1887 -13 302 0 0 1
0.0195751 -0.0288202 60 0.00833274 -0.0142432 9.86674 9.29262 -13 414 0 0 1
0.0107986 -0.00176134 60 0.00147068 -0.00381333 12.6609 16.057 -13 416 0 0 1
-0.0137603 -0.0232213 60 -0.0035668 -0.0088291 10.0672 29.0215 -13 418 0 0 1
-0.0528292 -0.0574286 60 -0.0227827 -0.00648369 7.74079 17.1729 -13 419 0 0 1
-0.0040002 0.00163389 60 -0.000115409 0.00149876 12.498 12.169 -13 420 0 0 1
-0.0325589 -0.0796859 60 0.022659 -0.00943075 7.16099 7.56125 -13 422 0 0 1
0.0068 -0.043421 60 -0.00971378 -0.0159194 9.3597 12.7586 -13 424 0 0 1
-0.0222704 0.0482073 60 -0.00116712 0.0167343 7.09291 11.795 -13 428 0 0 1
0.0345873 -0.0511634 60 -0.00633349 -0.0172288 7.90361 16.32 -13 429 0 0 1
0.00585616 -0.0380852 60 -0.000569531 -0.0122751 10.8669 12.4132 -13 431 0 0 1
0.00401167 0.00224093 60 -0.000927276 -0.00708627 9.98681 20.7764 -13 432 0 0 1
-0.0275887 0.0203672 60 -0.000760411 0.0107106 11.0662 27.6361 -13 433 0 0 1
-0.00493719 0.0121717 60 0.00294806 0.00326284 13.7157 13.3525 -13 434 0 0 1
0.026988 -0.0173477 60 0.0104896 -0.00535177 11.4076 17.3019 -13 435 0 0 1
0.000900752 -0.0065837 60 0.00155568 -0.0021325 11.2809 9.15623 -13 436 0 0 1
0.0218397 0.000384764 60 0.0108967 -0.00717334 10.7237 13.7916 -13 437 0 0 1
-0.0016708 0.0276085 60 -0.00447958 0.00367721 11.1459 18.7983 -13 438 0 0 1
0.064143 -0.0124933 60 0.00647278 -0.0162858 8.88768 23.8834 -13 440 0 0 1
0.0106621 -0.0123294 60 0.0019733 -0.0112767 11.4436 16.5022 -13 441 0 0 1
7.09848 4.85696 60 -0.0224286 -0.0280671 -0.0317769 40.8284 11 441 1003 0 1
-0.0700397 0.00730832 60 -0.0143208 0.0127278 11.4047 13.1535 -13 444 0 0 1
-0.0310661 -0.0359525 60 -0.0183793 0.0161779 7.92131 23.7802 -13 451 0 0 1
0.0421261 1.05671 60 0.12975 -0.0892041 2.74314 13.1697 -13 455 0 0 1
-1.14439 -0.274275 60 -0.0133382 -0.0207348 -0.166403 307.806 11 455 1003 0 1
-0.0159804 0.00585073 60 -0.0105738 0.012835 13.6967 28.2085 -13 462 0 0 1
0.00333363 -0.00492309 60 -0.00142753 -0.00591254 13.7082 18.4952 -13 498 0 0 1
0.0108799 0.0137438 60 0.00357714 0.00927451 11.9894 18.0852 -13 499 0 0 1
-0.00941069 -0.00713349 60 -0.00360376 0.00278785 12.6778 15.55 -13 500 0 0 1
0.0122398 0.0502217 60 0.0100519 0.0573133 7.95817 8.93407 -13 514 0 0 1
-0.148689 -0.254568 60 0.00319558 -0.0247311 0.0511438 8.91141 11 514 1004 0 1
-0.0116906 0.00443647 60 -0.00021685 0.00851774 9.73948 9.94179 -13 525 0 0 1
-0.0158527 0.054683 60 0.00188871 0.0107438 3.67667 34.9347 -13 527 0 0 1
-0.0455058 -0.0412669 60 -0.0124106 0.00618523 8.34905 25.7521 -13 530 0 0 1
0.0168489 -0.00990135 60 0.00527 -0.00672632 11.3532 8.16646 -13 539 0 0 1
-0.0133631 0.00201544 60 -0.0155091 0.00633019 11.2864 27.9948 -13 540 0 0 1
-0.0129176 0.0115766 60 -0.00101995 0.00724696 10.7007 22.0794 -13 547 0 0 1
-0.00108126 -0.0252699 60 -0.0103765 -0.00623183 8.64891 19.5456 -13 550 0 0 1
0.111528 -0.108904 60 -0.0153629 -0.0320711 5.20548 6.13174 -13 554 0 0 1
-0.0611847 -0.0165238 60 -0.0264115 0.0308737 6.23417 24.7528 -13 556 0 0 1
-0.0221727 -0.0143063 60 -0.0125875 0.0021477 10.9554 30.6539 -13 559 0 0 1
0.0198872 0.0273878 60 0.00735881 0.00694252 13.6154 2.79689 -13 560 0 0 1
-0.212368 0.130325 60 0.0305424 0.0571046 5.3369 31.2 -13 561 0 0 1
-0.0381253 -0.0414437 60 -0.0191112 -0.0121421 11.0692 6.04457 -13 562 0 0 1
0.0104354 0.000481829 60 0.00302853 -0.00145407 11.8728 28.2777 -13 568 0 0 1
-0.00367673 -0.0307102 60 -0.0142268 -0.0130387 13.5552 13.2195 -13 569 0 0 1
-0.00117162 -0.00632313 60 0.0049922 0.00102551 11.1165 28.1239 -13 570 0 0 1
0.0316718 0.00625881 60 0.0172572 -0.0031902 12.6623 15.5895 -13 571 0 0 1
-0.0365977 -0.0447377 60 -0.0169288 -0.0119586 9.92422 14.9345 -13 572 0 0 1
-0.0026151 -0.0129747 60 -0.00455726 -0.00679078 6.67365 16.6017 -13 573 0 0 1
0.0928546 0.0337135 60 0.0230488 -0.00734047 13.7474 10.7203 -13 574 0 0 1
-0.000668032 -0.0194807 60 -0.00474138 -0.0104716 13.9857 28.4015 -13 584 0 0 1
-0.016183 -0.0774279 60 -0.0249912 -0.0386766 11.2687 10.3974 -13 585 0 0 1
0.000733991 -0.00704096 60 -0.00255246 0.00291037 9.41078 27.6028 -13 586 0 0 1
0.00139355 0.00768712 60 -0.00326874 0.0124715 13.7736 21.3495 -13 587 0 0 1
0.0437634 0.133303 60 0.0349982 0.0299309 9.61961 12.3419 -13 588 0 0 1
0.00796135 -0.0140938 60 -0.00251274 -0.00305956 13.2849 14.3398 -13 589 0 0 1
-0.0115254 -0.0260717 60 -0.0021915 -0.0029628 9.18587 14.6396 -13 591 0 0 1
-0.00606429 0.0109461 60 -0.00238479 0.00143655 8.36345 15.6904 -13 592 0 0 1
0.0441089 0.0581511 60 -0.00193492 0.00574898 5.93566 31.1538 -13 593 0 0 1
0.0246126 -0.0272304 60 -0.00645859 -0.0130587 10.7789 31.65 -13 594 0 0 1
0.0231497 -0.0127976 60 0.00273545 -0.0095093 8.16645 19.8453 -13 596 0 0 1
0.135582 0.0115246 60 0.0500752 -0.00821458 10.4456 14.2608 -13 597 0 0 1
0.210237 -0.0524901 60 -0.0594001 -0.0258917 1.23208 24.8504 -13 598 0 0 1
-0.0400773 -0.0396967 60 -0.011436 -0.0104746 5.91786 11.0534 -13 599 0 0 1
0.0218429 0.00884958 60 0.0125807 -0.0252089 2.47928 9.31398 -13 600 0 0 1
-0.0149983 0.00386372 60 -0.00602736 -0.00789862 12.565 20.0955 -13 601 0 0 1
-0.118039 0.112394 60 -0.000295168 0.0316411 6.8493 25.345 -13 896 0 0 1
-9.45947e-05 0.0396633 60 0.0117966 0.0144824 10.3803 9.81374 -13 897 0 0 1
0.046468 -0.0373454 60 0.00668161 -0.0209387 8.46367 19.6092 -13 898 0 0 1
-0.073441 0.0964643 60 0.0056579 0.0324671 5.47387 32.7654 -13 901 0 0 1
-0.726345 -2.55376 60 -0.0345685 0.0273795 -0.164294 639.894 11 901 1004 0 1
-0.0180835 0.000672718 60 -0.00750962 0.00611206 8.67483 5.3858 -13 902 0 0 1
0 0 60 0 0 0.210524 118.711 -13 913 0 0 1
1.06508e-05 0.00471268 60 -0.00302001 0.00407255 10.3247 4.60168 -13 914 0 0 1
0.010091 0.0371126 60 0.00769784 0.0104164 9.13911 9.21363 -13 915 0 0 1
0.00861558 0.0211021 60 0.00427953 0.00353231 13.8182 20.8355 -13 916 0 0 1
-0.00139216 -0.00493422 60 -0.00287338 0.00596002 12.5061 21.7607 -13 917 0 0 1
0.00573708 -0.0126024 60 -0.00333761 -0.00754605 12.8603 26.2668 -13 918 0 0 1
0.0180685 0.0801416 60 0.0439649 0.000720109 4.12193 11.4365 -13 919 0 0 1
0.0662495 0.0175122 60 0.0178212 0.00149881 8.66761 6.21292 -13 920 0 0 1
-0.0237238 -0.020895 60 -0.0195666 -0.00737996 14.0908 8.2466 -13 921 0 0 1
-0.0127306 -0.00619318 60 -0.00453456 0.00838165 12.8854 23.199 -13 922 0 0 1
0.024272 0.0629647 60 0.006005 0.0127433 4.28991 34.2104 -13 923 0 0 1
0.000681524 -0.00945826 60 -0.00347787 -0.00258043 13.63 15.9308 -13 924 0 0 1
0.00381841 -0.00428277 60 0.00385902 -0.00788791 13.9774 30.4424 -13 925 0 0 1
0.00433339 -0.00852956 60 0.00240272 0.0019407 12.823 2.99022 -13 926 0 0 1
-0.0113104 0.0119382 60 -0.00171163 0.00115619 4.97799 19.8045 -13 927 0 0 1
-0.0198916 0.00994367 60 -0.000390741 0.00288301 11.7988 25.9574 -13 928 0 0 1
0.0142876 -0.00809623 60 0.00682031 -0.00531312 13.5679 8.67604 -13 929 0 0 1
0.0631088 0.0388892 60 0.0493838 0.0146078 12.7507 20.392 -13 930 0 0 1
-0.00941348 -0.02107 60 -0.00656174 -0.00923451 13.3222 23.3568 -13 931 0 0 1
-0.017083 0.0239122 60 0.00120438 0.0125637 11.463 31.3977 -13 932 0 0 1
-0.034472 0.00814294 60 -0.0136921 0.00865699 13.6203 15.4171 -13 933 0 0 1
-0.00250512 -0.0216177 60 0.000848429 0.000575902 8.66557 15.3639 -13 934 0 0 1
0.0206314 -0.00300332 60 0.00541438 -0.00798605 10.4552 23.9179 -13 935 0 0 1
0.0167486 -0.000510232 60 0.00768535 -0.00215359 12.4569 15.7413 -13 936 0 0 1
-0.000716112 0.00272777 60 0.00747848 0.00392663 12.5458 29.504 -13 937 0 0 1
0.180644 -0.104583 60 0.00333972 -0.037867 4.75992 8.99146 -13 938 0 0 1
0.00481932 -0.00957028 60 -0.00258099 -0.0017394 13.8561 12.0034 -13 939 0 0 1
-0.0495761 0.220217 60 0.0423032 0.017043 6.05632 8.29241 -13 940 0 0 1
-0.0118522 0.0159911 60 -0.00313548 0.0125299 12.304 18.1286 -13 941 0 0 1
-0.0065533 -0.159543 60 0.00948705 -0.0193893 3.16821 31.4666 -13 942 0 0 1
-0.0319782 -0.111007 60 -0.0185594 -0.0255326 10.5262 27.4756 -13 943 0 0 1
1.19555 -2.68302 60 0.0114355 0.0156189 0.031363 28.5489 11 943 1007 0 1
-0.0129573 -0.0392273 60 -0.0266729 -0.0258942 11.1689 6.21154 -13 4 0 0 1
-0.0132753 0.0360302 60 0.00209012 0.0098409 6.96746 10.5069 -13 5 0 0 1
0.000162283 -0.00865182 60 -0.00180697 -0.0064618 14.3768 15.796 -13 25 0 0 1
-0.00732581 0.0152319 60 0.000749841 -0.00201285 13.6572 4.10336 -13 30 0 0 1
0.0298023 -0.0268681 60 0.00436833 -0.00983708 10.3909 6.57599 -13 31 0 0 1
0.0277837 0.0110082 60 0.0073434 -0.00192943 5.29812 31.1849 -13 35 0 0 1
-0.0149742 -0.00606938 60 -0.00284697 -0.0029636 11.8669 25.5439 -13 38 0 0 1
-0.0123068 -0.00166472 60 -0.0153524 0.000232519 8.45447 14.9632 -13 51 0 0 1
0.267408 0.267769 60 0.0707183 -0.075814 3.05106 30.2254 -13 52 0 0 1
0.0312664 -0.0613709 60 -0.034201 -0.0099365 8.33246 10.0854 -13 58 0 0 1
0.200212 0.458021 60 0.208621 0.15377 1.46755 37.2524 -13 342 0 0 1
-0.0501624 -0.0948212 60 -0.0495835 0.0085559 2.99547 36.5395 -13 343 0 0 1
0.0397754 -0.0288326 60 -0.0166019 -0.0244822 6.94253 25.3301 -13 602 0 0 1
-0.568279 -1.15337 60 -0.280874 -0.150326 9.31449 25.0433 -13 603 0 0 1
-0.0142897 -0.0982699 60 -0.0216712 -0.0169441 7.60601 16.1657 -13 604 0 0 1
-0.0289022 -0.0172603 60 -0.0135986 -0.00323258 12.4675 18.5578 -13 606 0 0 1
0.0437025 0.00260541 60 0.0123803 -0.00185416 11.8989 7.88105 -13 607 0 0 1
-0.0465975 0.042652 60 -0.00706781 0.0351239 12.9583 16.8355 -13 608 0 0 1
0.0245592 -0.0376587 60 0.0117562 -0.0210064 8.84879 10.0737 -13 610 0 0 1
0.00774837 0.00842755 60 0.00134486 0.00183202 10.3559 7.36763 -13 611 0 0 1
-0.00668316 -0.000736216 60 -0.00413041 -0.0024593 10.8354 19.307 -13 617 0 0 1
-0.146296 0.00792611 60 -0.0183966 0.0275454 4.99199 26.3199 -13 619 0 0 1
-0.000236026 0.00304762 60 0.00553651 -0.00390397 5.30371 6.88014 -13 621 0 0 1
0.0136327 -0.0201092 60 -0.000263457 -0.0187471 9.44439 20.2955 -13 627 0 0 1
0.129326 -0.0352024 60 0.00740963 0.0116785 3.43426 24.9042 -13 628 0 0 1
0.00254993 -0.0111277 60 -0.00217129 -0.00228619 10.4712 8.62597 -13 629 0 0 1
0.187961 -0.0807364 60 0.0208348 -0.0432064 11.7382 29.6817 -13 630 0 0 1
0.720258 -1.48804 60 0.0256377 -0.0127981 0.0766221 29.6024 11 630 1003 0 1
4.26266 -8.88936 60 -0.00590656 -0.0370797 -0.0558927 62.2128 11 630 1003 0 1
0.00507656 -0.0376341 60 0.00957719 0.0452374 8.89112 30.418 -13 631 0 0 1
0.004173 0.00416071 60 0.00198943 -0.00179114 13.7434 20.3932 -13 644 0 0 1
0.0445145 0.0249212 60 0.0201333 0.00359811 9.75278 4.86872 -13 645 0 0 1
-0.00175025 -0.231934 60 -0.0254515 -0.0146699 6.0447 30.9108 -13 647 0 0 1
0.0911485 0.0985305 60 0.020711 0.00245134 4.4102 18.5465 -13 648 0 0 1
0.039565 -0.0158249 60 0.00302228 -0.00151787 10.1087 15.495 -13 651 0 0 1
0.0852115 -0.169623 60 -0.00786858 -0.0534193 12.2815 14.4525 -13 654 0 0 1
-2.71297 1.53437 60 -0.0320684 -0.0163385 0.0354883 15.8013 11 654 1005 0 1
-0.0100539 0.121193 60 0.0294067 0.0153031 5.26955 21.1864 -13 658 0 0 1
0.00588084 -0.00423822 60 0.00321334 -0.00202096 11.7094 24.61 -13 660 0 0 1
0.0303202 0.0269334 60 0.0156421 -0.000806834 10.6598 18.3922 -13 661 0 0 1
-0.142198 0.0515131 60 -0.0349268 0.0308326 12.1432 13.5253 -13 662 0 0 1
0.0815272 0.0595059 60 0.0137004 0.0114125 9.55778 31.8065 -13 663 0 0 1
0.00568457 -0.0195977 60 -0.00127891 -0.012773 11.3647 4.23907 -13 665 0 0 1
-0.078149 -0.00409597 60 -0.046704 0.0101656 11.7965 16.8066 -13 666 0 0 1
-0.0116015 -0.0011169 60 -0.00588855 0.00142666 13.1096 14.8119 -13 667 0 0 1
0.0181461 -0.0199221 60 0.0155573 -0.0101989 6.73958 14.0133 -13 668 0 0 1
-0.00398274 -0.00708815 60 -0.00254186 -0.00561772 9.62998 20.4163 -13 669 0 0 1
0.00272321 -0.00908293 60 0.00183242 -0.00451633 13.1578 21.6929 -13 671 0 0 1
-0.00181033 0.0248407 60 0.00175986 0.00644149 7.24596 11.3842 -13 675 0 0 1
-0.00656005 -0.0498765 60 -0.0106435 -0.0242089 11.8477 8.94783 -13 677 0 0 1
0.0291648 -0.0200152 60 0.0208834 -0.0230692 8.07723 10.4494 -13 685 0 0 1
0.00512276 0.0112337 60 0.00254853 0.00734734 11.6675 29.3083 -13 686 0 0 1
-0.0127908 0.0233988 60 0.00430972 0.00218265 9.05508 9.27904 -13 687 0 0 1
0.0131427 0.022401 60 0.0163165 0.0111177 12.8571 24.9626 -13 688 0 0 1
0.00897906 0.0345439 60 0.00563992 0.0164838 9.91958 25.0672 -13 689 0 0 1
-0.0419017 0.0142245 60 -0.000902089 0.0202052 5.34464 23.9017 -13 690 0 0 1
-0.118136 -0.17746 60 -0.0413937 0.000587981 7.51536 5.00131 -13 692 0 0 1
0.00613634 0.0134916 60 0.00732363 0.00448497 12.7841 22.8629 -13 693 0 0 1
0.0155929 -0.0449204 60 -0.0157267 0.0146892 4.13257 16.4727 -13 694 0 0 1
0.00355008 -0.0833601 60 -0.0220125 -0.0146161 7.39608 14.2245 -13 695 0 0 1
0.111609 0.107489 60 0.0244871 0.0174359 8.77514 10.6819 -13 698 0 0 1
0.00348177 -0.0232708 60 -0.00886423 -0.00411266 8.83392 13.273 -13 700 0 0 1
0.0165035 -0.0166644 60 0.00489433 -0.00265463 9.10115 4.9234 -13 701 0 0 1
0.0136144 0.0134856 60 0.000527164 0.00464814 12.0911 24.3581 -13 703 0 0 1
-0.0340097 0.024752 60 0.00359121 0.0322067 7.97925 22.8852 -13 710 0 0 1
-0.00125567 0.00828206 60 -0.00265383 -0.0036166 11.6252 21.9195 -13 712 0 0 1
-0.00924088 0.0104022 60 -0.000491586 -0.014118 6.51209 25.6648 -13 713 0 0 1
0.0390539 0.132935 60 0.0330646 0.0345427 14.0574 23.0295 -13 714 0 0 1
-0.0029267 -0.0164078 60 -0.00521874 -0.000814802 10.62 17.6872 -13 717 0 0 1
0.0514785 0.0286412 60 0.0123069 -0.00211788 8.58386 6.30751 -13 723 0 0 1
-0.0412717 0.0051659 60 -0.0136841 0.00301115 9.6294 14.3719 -13 725 0 0 1
0.00874713 0.00200032 60 0.000468442 -0.00259652 13.6269 17.3662 -13 726 0 0 1
-0.00696739 -0.00705405 60 -0.00309926 -0.00268741 14.158 6.8004 -13 727 0 0 1
-0.0129572 -0.0062105 60 -0.00140287 -0.0024036 10.9924 5.32806 -13 731 0 0 1
0.16802 0.149474 60 -0.0310614 -0.0921364 2.93422 26.8811 -13 732 0 0 1
0.119271 0.0348326 60 0.0269941 -0.00758233 4.95287 16.8605 -13 733 0 0 1
-0.0153748 0.0486718 60 0.00256394 0.00702269 5.92779 27.5977 -13 944 0 0 1
0.244409 0.0660892 60 0.0100323 -0.0421348 4.13713 32.262 -13 945 0 0 1
0.0174617 0.0130289 60 0.00931059 0.00570577 14.3133 14.8175 -13 946 0 0 1
0.0111559 -0.0469057 60 -0.00557988 -0.0193141 10.4985 7.69222 -13 947 0 0 1
0.0188375 0.0562551 60 0.0151893 0.00944761 7.79322 8.37131 -13 948 0 0 1
0.00786812 -0.0119901 60 0.0072775 -0.00695137 12.5004 23.1864 -13 949 0 0 1
-0.0590014 -0.0497671 60 0.000545138 0.00343067 3.72719 9.22128 -13 950 0 0 1
-0.118872 0.00555804 60 -0.00571212 0.0187482 5.42259 11.498 -13 951 0 0 1
0.0957363 -0.186584 60 0.00156458 -0.0549761 4.39342 31.0896 -13 952 0 0 1
0.0216103 -0.0258428 60 -0.000286012 -0.0115621 9.90471 9.55491 -13 953 0 0 1
-0.138475 -0.0205093 60 -0.0112678 0.0263815 6.80618 23.5221 -13 954 0 0 1
-0.0287588 0.0389354 60 0.00124191 0.0134617 7.45521 20.5088 -13 955 0 0 1
0.0211415 -0.0175352 60 -0.000708491 -0.00655022 7.04733 10.9694 -13 956 0 0 1
0.0120647 -0.0239183 60 0.00146436 -0.0190142 14.07 20.8334 -13 957 0 0 1
-0.00998941 0.0223528 60 0.000480836 0.00225665 11.9026 16.538 -13 958 0 0 1
0.0178057 -0.00585897 60 -0.000105114 -0.0012705 10.4247 23.1069 -13 959 0 0 1
-0.00179784 0.000994486 60 0.000519253 -0.00384556 14.449 11.3971 -13 960 0 0 1
-0.0614341 -0.0694455 60 -0.0117351 0.0268359 2.9218 21.2487 -13 961 0 0 1
0.0275759 -0.0682048 60 -0.0013733 -0.032201 11.8386 21.3018 -13 962 0 0 1
0.0415926 -0.034562 60 0.0140778 -0.0293659 9.43778 10.8246 -13 966 0 0 1
-0.0595417 -0.0348049 60 -0.0239857 0.0213107 0.694278 34.9014 -13 967 0 0 1
-0.139741 0.144382 60 0.0155114 0.0179038 3.33522 15.7145 -13 968 0 0 1
0.0188851 0.0126876 60 0.017046 0.0108512 13.2601 16.0378 -13 971 0 0 1
-0.0734582 0.0165643 60 -0.0203986 0.0119685 8.31789 20.4469 -13 19 0 0 1
0.00284744 0.268585 60 0.0374041 -0.0141579 2.85935 26.3924 -13 20 0 0 1
0.0277526 0.0235193 60 0.0138876 0.00562022 8.97062 18.2079 -13 26 0 0 1
0.0605147 -0.0813458 60 0.00513911 -0.0268127 10.4229 30.4617 -13 37 0 0 1
0.00447297 -0.0104515 60 -0.00185391 -0.0151075 9.81378 29.8692 -13 57 0 0 1
-0.093265 -0.0548929 60 -0.0295808 0.00357773 7.15787 20.5719 -13 59 0 0 1
0.000604022 -0.00313103 60 -0.000921999 0.000928842 14.0295 30.0044 -13 63 0 0 1
-0.0254977 0.0233908 60 -0.00275065 0.0163227 7.44049 16.4354 -13 66 0 0 1
-0.0277854 -0.00950419 60 -0.00880612 0.00103583 10.6767 21.8443 -13 68 0 0 1
0.0112152 -0.0265483 60 -0.0045449 -0.00910236 11.1882 7.42188 -13 70 0 0 1
-0.0175189 -0.00489827 60 -0.00141592 -0.000604999 10.3951 3.90283 -13 72 0 0 1
0.101362 -0.156146 60 -0.0155256 -0.00422975 6.25043 25.4609 -13 73 0 0 1
0.00417983 -0.00223218 60 0.00123043 -0.00277575 13.5641 15.4506 -13 78 0 0 1
-0.237083 0.00546915 60 -0.0268885 0.0393628 6.4345 17.255 -13 84 0 0 1
0.00438862 0.00715842 60 -0.00566089 0.00451972 12.881 17.0798 -13 97 0 0 1
-0.0369205 0.0350425 60 -0.00579478 0.0180978 9.60655 10.6672 -13 98 0 0 1
0.124753 0.0802188 60 0.0161695 -0.0292952 4.9255 20.7388 -13 101 0 0 1
-4.07789 -4.71217 60 0.00725519 0.00227876 0.0285465 20.0319 11 101 1007 0 1
-0.0253512 -0.00199612 60 -0.00687838 -0.00494188 9.99117 25.8064 -13 103 0 0 1
0.0126527 -0.0146014 60 -0.00101704 -0.00322059 10.3439 30.4827 -13 106 0 0 1
0.0445035 -0.0656391 60 -0.00509615 -0.0082759 7.39908 15.9776 -13 108 0 0 1
0.00397329 0.00554796 60 0.00323651 0.00225958 13.5853 2.60387 -13 109 0 0 1
-0.0523472 0.0064291 60 -0.0166948 -0.000872205 5.95916 9.1965 -13 118 0 0 1
0.000226773 0.0133327 60 0.00588827 -0.001853 7.57121 17.2249 -13 120 0 0 1
-0.0241917 -0.0241241 60 -0.00951695 -0.00753429 13.5133 11.5931 -13 128 0 0 1
-0.00976716 -0.000615946 60 -0.00672528 -0.000296195 13.5089 14.659 -13 129 0 0 1
-0.00755923 0.0140294 60 0.00240613 0.000388074 10.4744 24.676 -13 130 0 0 1
-0.0249673 0.0160962 60 0.00917509 0.0195579 9.21935 10.9807 -13 131 0 0 1
0.00205229 -0.00152167 60 0.00548541 -0.00626193 12.9896 13.9018 -13 136 0 0 1
0.00408637 -0.00138758 60 0.00178344 -0.00341143 13.8337 3.04865 -13 141 0 0 1
0.0135053 -0.032768 60 0.00174252 -0.0114561 13.7646 13.6147 -13 142 0 0 1
-0.032107 -0.108176 60 -0.0246316 -0.00511402 11.0336 7.93849 -13 143 0 0 1
-0.049404 0.115702 60 0.00131895 0.0327344 9.87773 27.8662 -13 145 0 0 1
0.000193366 0.00154353 60 0.00136532 0.00383677 13.8667 22.4901 -13 150 0 0 1
-0.0128822 -0.00955235 60 -0.0078968 -0.00061561 9.49814 19.8771 -13 154 0 0 1
0.0255199 0.0626914 60 0.0169368 0.0160103 13.2529 11.2292 -13 157 0 0 1
-0.0183377 -0.0326604 60 -0.0104189 -0.0052069 9.82335 17.8956 -13 162 0 0 1
-0.00458643 -0.00493972 60 -0.00457329 0.000920535 9.8004 5.63076 -13 163 0 0 1
0.128585 0.0403395 60 0.0251836 -0.0120167 5.72593 15.6932 -13 178 0 0 1
-0.0199626 0.0271698 60 0.00117009 0.012375 12.1052 7.9255 -13 192 0 0 1
0.043921 -0.024952 60 0.00926566 -0.0184876 14.4703 22.6026 -13 203 0 0 1
0.0343431 0.035551 60 -0.00871173 0.00865001 7.25405 14.5593 -13 205 0 0 1
0.270514 0.0166313 60 0.0357252 -0.0661723 2.35452 37.8032 -13 206 0 0 1
-0.0263895 -0.013096 60 -0.00630044 0.00329076 13.7216 14.8577 -13 209 0 0 1
0.0234591 -0.0103111 60 0.00923254 -0.00542435 12.128 16.8526 -13 347 0 0 1
-0.0164651 -0.0568871 60 -0.012233 -0.00114953 7.2161 17.6682 -13 349 0 0 1
0.0517032 -0.0122968 60 0.00640576 -0.00796256 7.83872 26.4354 -13 350 0 0 1
0.0249419 -0.101876 60 -0.0128077 -0.0132135 3.73547 25.117 -13 355 0 0 1
0.0652736 0.0680907 60 0.0310359 0.00317324 9.80722 30.4867 -13 356 0 0 1
-0.00475239 -0.00573207 60 0.00048317 -0.00370578 10.6994 29.7869 -13 357 0 0 1
-0.00620846 -0.023974 60 0.00158737 -0.0071252 11.8105 8.48005 -13 359 0 0 1
-0.00941208 -0.00511317 60 -0.00186632 0.000388938 13.5215 23.5871 -13 360 0 0 1
0.266908 0.176259 60 0.0647903 -0.0352915 4.14692 11.5803 -13 361 0 0 1
0.00850594 -0.00779697 60 0.00492088 -0.00618058 11.8641 7.02833 -13 365 0 0 1
-0.0205207 -0.043082 60 -0.00825992 -0.00555366 7.96057 4.14287 -13 366 0 0 1
0.0133553 -0.00922281 60 0.00292258 -0.0070537 11.728 26.8788 -13 367 0 0 1
0.0613618 -0.00971387 60 0.0380962 -0.000482198 2.59144 29.9105 -13 369 0 0 1
-0.00957164 -0.0158393 60 -0.00711792 -0.00427876 14.5331 19.6374 -13 371 0 0 1
-0.0393798 0.0122762 60 -0.023091 0.0194539 10.7517 7.76176 -13 380 0 0 1
-0.0151928 -0.0197081 60 -0.00604125 0.00261347 7.89863 15.8816 -13 381 0 0 1
0.0527695 -0.170393 60 -0.0298406 0.0129012 2.20447 35.2541 -13 383 0 0 1
-0.0165332 -0.0182642 60 -0.0123424 -0.00470247 14.4438 19.7797 -13 387 0 0 1
-0.0352326 0.00459739 60 -0.0184437 0.0069844 9.4261 26.4866 -13 388 0 0 1
0.00865466 0.0123869 60 0.00513251 0.0047704 13.5124 20.665 -13 389 0 0 1
-0.0697791 0.0334957 60 -0.00855343 -0.00469723 4.30849 8.96051 -13 393 0 0 1
-0.0210288 -0.000218258 60 -0.000694038 -0.00643993 4.19598 15.4857 -13 394 0 0 1
-0.306264 0.332508 60 -0.0442286 0.146215 13.3155 9.46312 -13 398 0 0 1
-0.0269132 -0.00313416 60 -0.00855449 0.00782847 12.6603 5.63205 -13 399 0 0 1
0.0240405 0.0144394 60 0.018176 0.00897556 11.6709 13.7778 -13 400 0 0 1
-0.0124603 -0.00663502 60 -0.00935925 -0.0029539 11.193 15.6827 -13 401 0 0 1
-0.0253375 0.0476051 60 -0.000622839 0.0226537 7.39103 5.01761 -13 402 0 0 1
0.00876024 0.0141117 60 0.0047092 0.00208049 14.4011 10.4127 -13 404 0 0 1
-0.0788021 -0.0375409 60 -0.0120919 -0.00562094 4.92833 28.9749 -13 407 0 0 1
0.0094215 -0.00276035 60 -0.00533169 0.00620871 10.9499 23.9892 -13 408 0 0 1
0.0885087 0.216002 60 0.0335603 0.00636726 7.22404 13.6912 -13 410 0 0 1
-1.60738 -1.01024 60 0.0116081 -0.0121334 0.035709 14.2161 11 410 1007 0 1
0.0317105 -0.0153167 60 0.00726294 -0.0160249 6.92938 8.78314 -13 411 0 0 1
0.0205775 -0.0363594 60 -0.0108004 0.0154108 7.35081 8.20604 -13 412 0 0 1
-0.0306351 0.0744846 60 0.0166819 0.0212252 5.82969 5.10416 -13 413 0 0 1
0.0354605 0.0402343 60 0.0165012 0.000503261 6.65975 9.74466 -13 417 0 0 1
0.00721167 0.00808118 60 0.00351922 0.000271912 13.2178 6.93112 -13 421 0 0 1
-0.0391014 0.0188746 60 -0.010586 0.0102125 5.25684 33.7743 -13 425 0 0 1
0.0183714 0.111959 60 0.0346049 0.00994833 5.20795 29.0806 -13 426 0 0 1
0.0110297 0.0312498 60 0.00827489 0.0105078 9.9734 12.9993 -13 430 0 0 1
0.0208215 0.018849 60 0.00967621 -0.00135016 11.9638 30.7992 -13 439 0 0 1
0.0425692 -0.0799212 60 0.02153 -7.24162e-05 4.38833 8.03148 -13 442 0 0 1
0.0577284 0.0221586 60 0.0146839 -0.00589409 7.6742 28.9131 -13 443 0 0 1
0.0281027 0.0955318 60 0.0132597 0.012637 8.05372 28.958 -13 445 0 0 1
0.00679811 0.00295093 60 0.0083588 -0.00388409 13.4178 28.795 -13 446 0 0 1
0.00805914 -0.00835145 60 0.00143014 -0.00441786 11.6008 14.4154 -13 447 0 0 1
0.00514167 0.00550757 60 0.00508575 0.00247968 9.86072 6.27405 -13 448 0 0 1
-0.000577289 0.00364811 60 9.55502e-05 0.00263842 8.23003 7.83341 -13 449 0 0 1
-0.0141982 -0.0201975 60 -0.00793165 -0.00438322 12.3876 31.4409 -13 450 0 0 1
-0.00666821 0.00699501 60 0.000396965 0.0016849 11.9095 28.7782 -13 452 0 0 1
0.00114693 0.0618761 60 0.00941904 0.00852245 12.9848 29.9601 -13 453 0 0 1
0.0535942 -0.0113494 60 0.0150857 -0.0116724 9.58618 12.0407 -13 454 0 0 1
-0.0144749 -0.0127399 60 -0.00814314 0.00123211 14.0885 5.27403 -13 467 0 0 1
0.090752 0.0215139 60 0.0253481 -0.026225 5.00327 22.1298 -13 469 0 0 1
-0.113606 0.0500431 60 -0.0102269 0.0185719 6.56807 6.55199 -13 470 0 0 1
0.000479037 -0.0587839 60 -0.0175332 -0.0179391 10.0821 23.0358 -13 472 0 0 1
-0.00317755 0.0311642 60 0.0087337 0.0178622 8.29279 18.4427 -13 474 0 0 1
0.0210012 -0.0109558 60 0.00437535 -0.00130756 11.8061 12.6756 -13 475 0 0 1
-0.0213807 0.0122271 60 0.0128012 0.0182564 7.89559 4.4095 -13 476 0 0 1
0.00386331 0.00823046 60 0.00317457 0.00292572 9.55416 19.0236 -13 477 0 0 1
-0.0231418 -0.00631614 60 -0.0157812 0.00218246 9.7791 5.71975 -13 478 0 0 1
-0.00332224 0.00944204 60 0.00745139 0.0102338 10.7346 19.7107 -13 480 0 0 1
-0.00768356 0.0121686 60 0.000829096 0.00688801 13.9439 6.27124 -13 492 0 0 1
0.0103041 -0.00928897 60 0.00117705 -0.0105379 10.9128 12.7657 -13 501 0 0 1
-0.00743677 -0.0123695 60 -0.00253719 -0.00287421 14.4412 7.22834 -13 502 0 0 1
0.0109118 -0.0434934 60 -0.00956085 -0.019205 11.2096 19.406 -13 504 0 0 1
-0.0111913 0.0119077 60 -0.00454993 0.0163347 3.98962 22.9971 -13 505 0 0 1
-0.0106354 -0.00807899 60 0.0248111 -0.0100466 8.73779 11.0379 -13 506 0 0 1
0.0237644 0.0342596 60 0.0118028 0.00154091 8.28557 23.725 -13 509 0 0 1
0.0563036 0.329058 60 0.0687173 0.0792281 10.5783 12.5565 -13 510 0 0 1
0.0562187 -0.0888903 60 0.0174368 -0.0510519 10.4782 5.73781 -13 511 0 0 1
0.00606132 0.00754454 60 0.00813788 0.000438421 12.9079 20.1377 -13 512 0 0 1
-0.0058882 -0.00432676 60 -0.00330288 0.000579304 13.3575 2.88691 -13 513 0 0 1
-0.0204169 0.00231122 60 -0.0208927 0.00441958 10.2574 26.4123 -13 515 0 0 1
-0.151676 -0.161026 60 -0.0218441 0.0134628 4.1892 14.6452 -13 516 0 0 1
0.0144157 0.00318396 60 -0.00389495 0.000537903 11.6854 21.1487 -13 519 0 0 1
0.042438 -0.0118379 60 0.0162864 -0.0121382 11.655 19.5662 -13 520 0 0 1
0.0516176 -0.0706142 60 -0.00595969 0.0715091 1.10263 24.3246 -13 521 0 0 1
-0.00736501 0.0231651 60 0.00295439 0.00110986 13.5912 18.1296 -13 523 0 0 1
-0.000462016 0.00767205 60 0.00421602 0.00308209 14.1841 17.4606 -13 759 0 0 1
0.0119742 -0.00690231 60 0.00880235 -0.00239166 11.1717 28.5448 -13 763 0 0 1
0.0281298 -0.0238006 60 0.00748342 -0.00543638 9.88863 13.5987 -13 764 0 0 1
-0.0755982 -0.119959 60 -0.0204377 -0.0054458 5.91934 11.3181 -13 765 0 0 1
0.235604 4.26708 60 -0.0206455 0.00724908 0.0261348 11.6107 11 765 1006 0 1
-0.0040676 0.00931766 60 0.00498359 0.00323542 8.63078 8.16264 -13 766 0 0 1
-0.0085913 0.0156823 60 0.00610927 -0.0031729 12.8881 23.0167 -13 768 0 0 1
-0.00877668 -0.0105632 60 0.000866374 0.00697214 7.06384 8.12173 -13 769 0 0 1
-0.0164518 -0.00394217 60 -0.00139277 0.00278139 13.6549 8.84848 -13 770 0 0 1
-0.0141618 0.0128726 60 -0.00484986 0.00835079 14.3481 4.27758 -13 772 0 0 1
-0.0129327 -0.0607011 60 -0.0358664 -0.0144145 4.1249 8.99498 -13 775 0 0 1
-2.2964 0.0490554 60 -0.0410111 -0.028129 -0.161967 762.064 11 775 1001 0 1
0.00325987 0.0158818 60 0.0156203 0.0127278 10.7031 14.9848 -13 777 0 0 1
0.0513755 -0.102396 60 -0.00592287 -0.0610481 10.8397 18.5456 -13 810 0 0 1
0.303749 -0.0342266 60 0.0414565 -0.0279393 5.75835 7.24995 -13 811 0 0 1
-0.00307891 0.00209845 60 0.00407725 0.00317412 6.61192 5.89519 -13 812 0 0 1
-0.00892761 0.00647043 60 5.07783e-05 0.00846976 13.2328 12.9646 -13 813 0 0 1
-0.134378 0.0662911 60 -0.00913704 0.0450937 6.1725 8.8714 -13 816 0 0 1
0.063904 -0.0641856 60 0.017352 -0.035882 5.50256 28.9798 -13 817 0 0 1
0.00374503 -0.00503699 60 0.00231939 -0.00536506 14.4607 27.9785 -13 825 0 0 1
-0.0113364 0.0116189 60 0.0075977 0.00573615 9.06266 32.2273 -13 833 0 0 1
-0.00996204 -0.00940032 60 0.000548349 -0.00257105 5.55681 28.7892 -13 834 0 0 1
-0.000727907 0.0145761 60 -0.00509763 -0.008713 11.8748 24.0167 -13 836 0 0 1
0.00970127 0.00665136 60 -0.00299197 0.000269562 11.1469 24.0281 -13 839 0 0 1
-0.366014 0.0374618 60 -0.00514893 0.0426356 1.02765 17.0935 -13 841 0 0 1
0.0865274 0.000131682 60 0.014744 -0.0219848 6.28524 30.8138 -13 842 0 0 1
0.014841 6.40232e-05 60 0.00472359 0.00120749 11.8859 25.1583 -13 963 0 0 1
-0.0573746 -0.0293636 60 -0.0182991 -0.00557863 10.503 29.1826 -13 964 0 0 1
-0.066747 -0.0215049 60 -0.0202174 0.00674138 11.3566 17.9945 -13 965 0 0 1
-0.00725397 -0.0395371 60 -0.000160945 -0.00835556 8.97806 15.6638 -13 969 0 0 1
0.236836 -0.0224959 60 -0.036125 -0.0451976 1.99062 38.2748 -13 970 0 0 1
-0.00854009 0.00496151 60 -0.00181281 -0.000552625 14.4706 17.1422 -13 972 0 0 1
