#BLTrackFile NTuple/Z680
#x y z Px Py Pz t PDGid EventID TrackID ParentID Weight
#mm mm mm MeV/c MeV/c MeV/c ns - - - - -
-0.107742 0.119385 680 -0.0164397 0.027227 11.4975 40.0944 -13 1 0 0 1
0.0829696 0.175182 680 0.0486328 0.0141034 9.92636 26.8156 -13 3 0 0 1
0.0444371 -0.0949852 680 -0.0214161 0.0560282 13.618 41.2595 -13 9 0 0 1
0.195821 0.0726766 680 -0.0200062 -0.00854164 8.41468 31.4976 -13 16 0 0 1
-0.0249007 0.0738992 680 0.00939365 0.0154993 13.6885 39.427 -13 34 0 0 1
-0.198122 -0.298974 680 0.0415889 0.0399009 8.57443 52.5008 -13 36 0 0 1
-0.288317 -0.256589 680 -0.0274408 0.0253059 9.48617 35.8899 -13 39 0 0 1
-0.111087 -0.0343241 680 0.0141816 0.0320687 14.4076 28.9164 -13 43 0 0 1
0.410923 -0.0325821 680 -0.0343567 0.000191489 11.2477 40.5662 -13 44 0 0 1
-0.840303 -0.0115941 680 0.039592 0.0596022 6.67666 46.1741 -13 48 0 0 1
0.159668 -0.0256278 680 0.00507349 -0.0594462 10.7198 37.5131 -13 74 0 0 1
0.154344 -0.0772828 680 -0.0249659 -0.0423037 10.2821 51.5674 -13 80 0 0 1
0.257377 0.177302 680 0.0241559 -0.0638183 7.94002 43.54 -13 86 0 0 1
0.0873185 -0.180417 680 0.0338691 -0.0588144 9.90252 35.4369 -13 89 0 0 1
0.0436607 -0.38994 680 -0.111651 0.0569886 5.68991 50.5884 -13 94 0 0 1
0.499868 -0.431251 680 -0.0878389 -0.0473661 5.37414 47.0064 -13 110 0 0 1
-0.762476 -0.413893 680 -0.032916 0.0869717 4.83854 70.6483 -13 123 0 0 1
0.290659 -0.121177 680 0.0657464 -0.0225008 11.7138 45.9798 -13 126 0 0 1
-0.0737727 0.299343 680 0.078563 -0.0123288 7.20338 37.7821 -13 137 0 0 1
0.0724707 0.0306361 680 0.0283402 -0.0245065 14.1433 42.5411 -13 140 0 0 1
0.0794353 0.188281 680 0.0814221 -0.0511542 8.08171 33.5299 -13 151 0 0 1
0.0115002 -0.0328003 680 -0.0563972 0.0240825 14.1163 41.7257 -13 152 0 0 1
0.76034 -0.037154 680 0.161729 -0.170981 7.50068 41.0362 -13 160 0 0 1
-0.155645 0.221242 680 0.0263593 0.023602 10.6567 25.5698 -13 175 0 0 1
0.0906062 -0.464537 680 -0.0389809 -0.00120869 7.11036 57.5044 -13 180 0 0 1
0.169765 -0.0612339 680 0.00189053 -0.056419 8.77032 54.275 -13 181 0 0 1
-0.0249334 0.0114616 680 0.00313277 0.0191088 12.2748 24.7871 -13 184 0 0 1
0.123794 0.0568656 680 -0.030336 -0.0273862 11.8718 49.8686 -13 186 0 0 1
-0.291011 -0.300698 680 -0.0988766 0.0292734 4.74612 53.7824 -13 187 0 0 1
0.299526 -0.133655 680 -0.0802136 -0.1025 8.56159 45.0497 -13 188 0 0 1
-nan -nan -nan -nan -nan -nan -nan -13 200 0 0 1
-0.54752 0.381016 680 -0.0258688 0.105607 6.60874 51.7389 -13 211 0 0 1
0.26476 0.122332 680 0.0455534 -0.0581883 13.7877 44.3374 -13 348 0 0 1
-0.483411 0.0999784 680 -0.0176659 0.0256322 4.39718 60.7316 -13 351 0 0 1
0.235837 0.509375 680 -0.0272167 0.076764 4.13296 67.5079 -13 352 0 0 1
0.295628 0.387619 680 0.00985092 -0.00916768 0.0349632 67.2634 11 352 1007 0 1
0.0794072 -0.147483 680 -0.00239795 -0.0430901 10.9322 39.9478 -13 358 0 0 1
-0.578182 -0.0634514 680 -0.081492 0.102423 8.72934 28.8745 -13 362 0 0 1
0.258532 -0.28147 680 -0.0510981 -0.0341058 12.163 48.6959 -13 363 0 0 1
2.85539 4.53628 680 -0.0273608 0.0117892 0.0484654 53.1357 11 363 1001 0 1
0.057539 0.0898694 680 0.0192234 0.0216579 14.4439 21.9563 -13 364 0 0 1
-0.246439 -0.822349 680 -0.192153 0.0433637 6.41349 41.4585 -13 370 0 0 1
0.240165 -0.0958305 680 -0.0267843 -0.0234904 0.564033 144.047 -13 372 0 0 1
-0.496138 -0.119309 680 -0.0470906 0.0777203 13.3622 40.4712 -13 375 0 0 1
-0.336397 -1.01503 680 -0.191627 -0.0804269 13.386 31.0464 -13 382 0 0 1
0.256669 -0.00687703 680 -0.0272924 -0.0485633 14.1068 32.0819 -13 384 0 0 1
-0.0131218 -0.0508335 680 -5.38065e-05 0.00631983 14.4553 26.3815 -13 386 0 0 1
-0.325502 0.0154468 680 -0.0185956 0.0390604 10.3013 33.0882 -13 390 0 0 1
0.379163 -0.136708 680 0.0420975 -0.0318144 8.65048 56.4087 -13 391 0 0 1
0.0397292 0.312529 680 -0.0399608 -0.228128 8.13666 57.2586 -13 392 0 0 1
-0.00136747 -0.250709 680 -0.0709593 -0.0094074 14.0984 26.5605 -13 395 0 0 1
-0.10123 -0.211911 680 0.0418357 -0.0587128 6.9973 50.6164 -13 396 0 0 1
0.139056 0.0468284 680 -0.0101222 0.0183605 14.5185 24.5678 -13 397 0 0 1
0.520381 0.0797074 680 0.005827 -0.0914529 5.65004 62.35 -13 403 0 0 1
0.0352762 0.0165176 680 0.0267632 -0.0400376 12.8435 36.4846 -13 405 0 0 1
0.126568 0.0687044 680 0.0492481 -0.0159225 7.04838 49.6054 -13 406 0 0 1
-0.305787 -0.170572 680 -0.0110264 0.0245426 12.1741 23.8368 -13 409 0 0 1
-0.176902 -0.272121 680 -0.0870078 -0.00297763 8.23794 36.7452 -13 415 0 0 1
-0.384413 -0.10208 680 -0.0247848 0.0386111 10.8024 48.5316 -13 427 0 0 1
0.139468 0.057103 680 0.02523 -0.0485057 14.0057 21.5903 -13 456 0 0 1
-0.0432636 -0.0875131 680 -0.0307194 0.00869993 9.42442 27.6278 -13 457 0 0 1
0.677931 0.387843 680 0.176818 -0.0513147 11.5941 47.9745 -13 458 0 0 1
-0.334094 0.0401801 680 0.0185397 0.0131333 13.4537 44.4005 -13 461 0 0 1
0.156632 0.17324 680 -0.0278697 -0.00930758 7.67727 43.9601 -13 463 0 0 1
-0.2278 0.312695 680 0.094528 0.07103 9.89737 30.3974 -13 465 0 0 1
-0.146599 -0.110183 680 -0.0507502 0.0461032 7.25349 35.0945 -13 466 0 0 1
0.245452 0.0738096 680 0.0411269 -0.0275621 8.81933 38.2449 -13 468 0 0 1
-0.325971 0.145731 680 -0.00668076 -0.0265527 5.30741 47.7956 -13 479 0 0 1
0.0918222 -0.27367 680 -0.0678078 -0.0111582 8.98323 41.7417 -13 481 0 0 1
0.293739 -0.352625 680 0.0166071 -0.141131 6.46068 66.334 -13 482 0 0 1
-0.0726738 0.0157992 680 0.020201 0.0117646 14.0483 46.8555 -13 483 0 0 1
0.122799 0.0711804 680 0.0285988 -0.0487629 7.46633 46.7591 -13 484 0 0 1
-0.0583465 0.0777862 680 0.029893 0.026268 11.3587 25.3896 -13 485 0 0 1
-0.0826363 -0.183337 680 -0.0380925 0.022092 7.27933 41.1799 -13 486 0 0 1
0.220155 -0.0651391 680 -0.058732 -0.0757481 13.0086 37.241 -13 487 0 0 1
-0.231957 0.0918582 680 -0.0423038 -0.0203511 5.22057 65.9227 -13 488 0 0 1
0.227608 -0.256426 680 -0.00791351 -0.0226735 13.8841 22.7408 -13 489 0 0 1
0.0418702 -0.154626 680 0.0188315 -0.0129919 3.59769 65.8588 -13 490 0 0 1
0.0432151 0.0251613 680 0.0126834 -0.00436028 7.54759 57.0865 -13 491 0 0 1
-0.0540996 0.0116503 680 -0.0369115 -0.0161072 12.4325 44.776 -13 493 0 0 1
-0.153 0.0895297 680 0.0221093 0.0168284 12.9607 42.7052 -13 494 0 0 1
-0.0111695 -0.0271976 680 -0.00327097 -0.00856674 14.4413 18.6607 -13 495 0 0 1
0.195137 -0.536414 680 -0.0943291 0.00238487 10.6751 30.1436 -13 496 0 0 1
0.846435 -2.30198 680 -0.0208825 -0.0198637 -0.0232618 32.883 11 496 1001 0 1
-0.373347 -0.0925694 680 -0.0520805 0.127666 14.0343 18.8028 -13 497 0 0 1
-1.00624 0.799345 680 0.0282286 -0.0302169 0.0213235 19.4614 11 497 1001 0 1
0.309918 0.00360686 680 -0.0163815 -0.0361164 10.2299 29.8928 -13 503 0 0 1
0.299162 -0.124284 680 -0.0371246 0.00627456 12.4245 31.763 -13 507 0 0 1
0.0126132 -0.00430496 680 -0.0149132 0.0188314 11.419 47.1782 -13 508 0 0 1
0.24229 -0.574057 680 -0.0811318 -0.060408 8.17278 32.8904 -13 517 0 0 1
-5.18259 -1.74583 680 -0.0310926 -0.00550422 0.0210022 34.3946 11 517 1003 0 1
-5.18031 -1.72259 680 -0.0331091 0.00183016 -0.0129831 37.0391 11 517 1003 0 1
-0.191613 -0.244769 680 -0.0685714 0.0625339 12.3633 25.1597 -13 518 0 0 1
0.361957 -0.684837 680 -0.109982 -0.0224835 12.9079 30.6967 -13 522 0 0 1
-0.69165 0.0261045 680 -0.0141182 0.0421177 3.62959 87.5825 -13 524 0 0 1
0.00466764 -0.739286 680 -0.0724605 -0.0281955 11.6972 40.8692 -13 526 0 0 1
0.263777 0.0527147 680 0.0530378 -0.0438263 12.4838 35.931 -13 528 0 0 1
0.128846 0.298134 680 0.0527912 -0.0156474 11.2613 44.8063 -13 529 0 0 1
0.331655 0.374156 680 0.0501329 -0.0847768 9.04528 50.1059 -13 533 0 0 1
0.213725 0.109651 680 0.0730069 0.0478124 13.0399 28.1991 -13 536 0 0 1
0.151436 0.264467 680 0.0712868 0.00354464 8.52117 41.3603 -13 543 0 0 1
-0.0705559 0.120963 680 -0.0121886 0.0183895 13.732 45.9941 -13 544 0 0 1
-0.082515 0.0878229 680 0.0318931 0.0878252 9.8496 44.0159 -13 548 0 0 1
-0.00839214 0.151117 680 0.0214706 0.00431842 9.61308 51.1256 -13 549 0 0 1
-0.0346434 -0.00312948 680 -0.0541471 -0.0125086 11.3012 31.8973 -13 552 0 0 1
-0.265996 -0.101636 680 -0.0518301 0.0180189 7.87812 42.6306 -13 553 0 0 1
0.0138941 0.312454 680 0.0765567 0.050448 7.88356 58.0679 -13 555 0 0 1
-2.13292 -3.64691 680 0.000311378 0.0179662 0.0549711 57.5158 11 555 1002 0 1
0.0042883 0.0688256 680 0.0127745 0.0509301 13.5699 24.7389 -13 557 0 0 1
0.0132085 -0.041558 680 -0.0127887 0.0111015 12.1055 35.7175 -13 563 0 0 1
-0.325237 0.0694505 680 0.012583 0.0182785 10.5571 51.452 -13 564 0 0 1
0.421512 -0.224908 680 -0.106555 -0.0363901 9.33291 37.9219 -13 566 0 0 1
-0.819214 4.89583 680 0.0324099 0.0160752 0.0697249 33.5234 11 566 1003 0 1
0.131145 -0.117193 680 0.0106737 -0.0217697 10.5794 34.7922 -13 567 0 0 1
0.128564 -0.330779 680 -0.0406643 0.044275 7.02392 53.0315 -13 575 0 0 1
0.220481 -0.0843469 680 -0.0177243 -0.0501514 10.5888 42.2205 -13 576 0 0 1
0.186651 -0.080728 680 0.00513688 -0.0224926 13.3706 21.132 -13 577 0 0 1
0.00176294 0.303759 680 0.0450822 0.0084788 8.37206 40.3164 -13 578 0 0 1
0.0528296 -0.162505 680 -0.0229182 0.00729623 13.9674 33.7941 -13 579 0 0 1
0.199058 0.186076 680 0.0365594 -0.0479905 12.7351 27.2147 -13 580 0 0 1
-0.0244836 -0.00173089 680 -0.00821267 0.0240322 11.0834 50.1367 -13 581 0 0 1
0.242097 0.576959 680 0.0449299 0.00511712 8.84515 39.87 -13 582 0 0 1
-0.481363 0.26042 680 0.0742966 0.104615 7.55956 38.9497 -13 583 0 0 1
-nan -nan -nan -nan -nan -nan -nan -13 590 0 0 1
0.0289967 0.157294 680 -0.0101268 0.0150595 10.028 39.061 -13 595 0 0 1
1.28586 0.692277 680 0.1841 -0.124899 4.7239 53.6174 -13 853 0 0 1
-0.0577069 0.0954241 680 -0.010284 -0.00891753 11.4723 24.9723 -13 854 0 0 1
-nan -nan -nan -nan -nan -nan -nan -13 864 0 0 1
0.48176 -0.366066 680 0.0170911 -0.125598 6.84342 48.7169 -13 865 0 0 1
-0.0656486 -0.215877 680 -0.0092699 -0.00979627 14.5525 36.8663 -13 974 0 0 1
-0.108753 0.153369 680 -0.00458614 0.0349127 8.97443 44.5289 -13 978 0 0 1
-3.54185 -2.55762 680 0.0223053 0.0118566 0.063822 38.2516 11 978 1003 0 1
1.95838 4.67612 680 -0.00146292 -0.00811532 -0.0312601 72.6361 11 978 1003 0 1
-0.147277 0.165934 680 0.0346517 0.0387923 12.074 24.2689 -13 980 0 0 1
-0.0826246 -0.195936 680 -0.0726126 -0.00854417 14.4581 25.3953 -13 990 0 0 1
-0.118468 -0.0485895 680 -0.0694261 0.0541732 10.8292 42.7638 -13 991 0 0 1
0.0813802 0.203139 680 -0.0155482 0.00707865 13.0821 44.3882 -13 992 0 0 1
0.0151168 -0.419662 680 -0.0263861 -0.0277229 12.7941 43.9788 -13 994 0 0 1
0.270948 0.579183 680 0.07837 0.00939526 13.9049 29.7841 -13 995 0 0 1
-0.37521 0.920899 680 0.0878115 0.10036 8.41202 50.7249 -13 1000 0 0 1
-0.0126229 -0.059516 680 0.0195772 -0.0122216 12.5645 41.7902 -13 2 0 0 1
-0.110256 0.0742176 680 0.0494329 -0.015557 7.62351 53.6221 -13 6 0 0 1
0.137688 0.244991 680 0.0366985 -0.0296102 12.0328 33.6016 -13 7 0 0 1
-0.0551775 -0.256708 680 -0.036061 -0.00540909 13.0763 47.5569 -13 18 0 0 1
0.143323 0.194637 680 0.0413236 -0.0365131 14.4205 39.6987 -13 21 0 0 1
0.2886 -0.0336729 680 -0.0173125 -0.0583082 10.5145 24.8156 -13 22 0 0 1
0.0376124 0.115756 680 0.0264297 -0.031533 8.30671 56.259 -13 24 0 0 1
-0.0701952 0.333225 680 0.0806525 -0.0343719 3.07815 94.1917 -13 33 0 0 1
-0.462299 -0.615591 680 -0.137745 -0.0132225 9.88764 46.2801 -13 42 0 0 1
-0.0667136 0.0459408 680 0.00364129 0.0428421 8.27215 50.9089 -13 60 0 0 1
-0.110821 0.0310271 680 -0.0108715 -0.00362638 13.9472 33.0871 -13 61 0 0 1
0.444458 -0.0911201 680 0.0865905 -0.0315624 8.88847 40.0091 -13 64 0 0 1
-0.105663 0.494106 680 0.0946576 0.000361115 4.90182 52.7532 -13 65 0 0 1
0.174814 0.080812 680 -0.000169603 -0.0379479 11.522 33.7125 -13 67 0 0 1
-0.0351581 0.370063 680 -0.0698491 0.141553 7.75509 59.0223 -13 75 0 0 1
-0.315684 -0.0707689 680 0.0452883 0.00479513 12.3964 45.279 -13 76 0 0 1
3.30238 -1.79508 680 0.0227477 -0.0123617 0.0836805 46.6263 11 76 1003 0 1
-0.113049 -0.450745 680 -0.090918 -0.034291 6.60937 64.0812 -13 92 0 0 1
-0.112864 -0.0590511 680 0.00847925 0.0300603 9.83296 28.5951 -13 111 0 0 1
0.0611994 -0.056347 680 0.0181295 -0.0188413 13.2122 38.2128 -13 115 0 0 1
-0.132727 0.161174 680 0.0212749 -0.00717134 10.2993 52.9335 -13 116 0 0 1
-0.0534612 0.104064 680 0.0204368 0.0177006 11.5659 26.2957 -13 117 0 0 1
-0.0585192 0.483516 680 0.101685 -0.017721 10.9566 42.037 -13 119 0 0 1
-0.224657 -0.000468857 680 -0.0344805 0.212674 7.81104 58.7313 -13 121 0 0 1
2.13954 -1.66944 680 -0.0105536 -0.00184768 0.0670638 55.4984 11 121 1006 0 1
-0.270292 -0.0748474 680 -0.037364 -0.00839663 9.02747 33.4322 -13 122 0 0 1
0.00937501 -0.0260986 680 0.0202857 0.0208389 14.3322 40.1781 -13 159 0 0 1
0.0063432 0.150951 680 0.0356488 -0.0252214 14.2146 37.5393 -13 164 0 0 1
0.102405 -0.113261 680 0.0309301 -0.0292905 12.3372 44.6134 -13 165 0 0 1
0.125472 -0.000991426 680 0.00977199 -0.0802084 10.9992 50.9528 -13 166 0 0 1
0.0223307 0.164868 680 0.0176666 0.0135513 13.0507 45.2808 -13 169 0 0 1
-0.169643 -0.0043191 680 -0.0265944 0.0291706 14.5033 39.0825 -13 171 0 0 1
-0.0644185 0.29848 680 0.0775112 0.0505877 11.8171 35.4252 -13 172 0 0 1
-0.0528631 -0.0542879 680 -0.014062 0.00263139 13.0575 20.0581 -13 173 0 0 1
-0.0173911 -0.812742 680 -0.122533 -0.0790528 11.6897 50.3955 -13 196 0 0 1
-0.00427585 -0.0435457 680 -0.0689245 -0.0215342 12.925 33.3963 -13 199 0 0 1
-0.675732 0.164521 680 0.128268 0.0697872 12.0068 41.385 -13 202 0 0 1
-0.103787 -0.267907 680 -0.0473352 0.0479464 5.3166 53.3994 -13 204 0 0 1
-0.250713 0.218552 680 0.0269018 0.0389411 9.17706 54.4424 -13 207 0 0 1
0.316029 1.8349 680 -0.0299562 -0.0204311 0.0334918 56.0464 11 207 1001 0 1
0.618188 0.154041 680 0.0137496 -0.0520652 2.79935 95.3863 -13 210 0 0 1
0.118499 0.0813163 680 0.0335366 0.0103988 13.9436 19.0777 -13 212 0 0 1
0.545836 0.153531 680 -0.0285886 -0.124535 9.78846 43.1748 -13 214 0 0 1
0.463507 0.643089 680 -0.00473069 0.106068 3.85398 72.6448 -13 215 0 0 1
0.126354 0.18758 680 0.022024 -0.052535 9.88498 36.9466 -13 216 0 0 1
-0.0258537 0.0756221 680 0.0638814 0.0171754 9.44187 38.8553 -13 217 0 0 1
0.739537 0.433964 680 -0.0582399 -0.105958 5.13204 61.3077 -13 218 0 0 1
0.799245 0.22564 680 0.003749 -0.117193 9.70781 35.4421 -13 219 0 0 1
0.119903 0.0102044 680 -0.013278 -0.0206256 13.3185 30.2809 -13 220 0 0 1
0.138338 -0.11907 680 -0.0131903 -0.0410065 8.64482 31.5641 -13 223 0 0 1
5.02157 -0.55179 680 0.835314 -0.920013 6.06954 68.0375 -13 224 0 0 1
0.1064 0.136468 680 0.00879262 -0.0114102 12.3231 40.7937 -13 225 0 0 1
0.0144267 -0.49865 680 -0.0496896 -0.00811612 10.02 43.3567 -13 226 0 0 1
-0.171078 -0.11723 680 -0.00738001 0.00719578 12.6086 39.2105 -13 227 0 0 1
0.00260313 -0.113419 680 -0.0086957 0.00680832 9.46816 30.7544 -13 238 0 0 1
0.155131 -0.0973605 680 -0.0125657 -0.0472113 12.7728 30.9559 -13 239 0 0 1
-0.202745 -0.616725 680 -0.133925 -0.137134 12.7128 24.686 -13 240 0 0 1
0.129437 0.0359125 680 0.0261701 0.00316339 12.8253 21.3723 -13 241 0 0 1
0.154686 0.294912 680 0.0428853 -0.043391 8.27225 55.4236 -13 251 0 0 1
-0.0297684 0.197431 680 0.0466719 0.00886616 12.9706 26.5389 -13 252 0 0 1
-0.0516351 -0.0256612 680 -0.00436709 0.0278051 11.7237 37.6563 -13 258 0 0 1
0.10694 -0.303907 680 -0.00982356 -0.00957995 14.4536 22.4729 -13 259 0 0 1
0.0549139 -0.187477 680 -0.0618311 -0.00553797 13.8318 32.8554 -13 261 0 0 1
0.0615237 -0.323795 680 -0.0229448 0.0779171 10.4773 30.8494 -13 263 0 0 1
0.132814 -0.228396 680 -0.00939118 -0.0353392 12.7934 42.9054 -13 265 0 0 1
-0.0573141 -0.310747 680 -0.0550856 0.0270878 7.27841 60.6215 -13 271 0 0 1
0.0362284 0.0961611 680 0.0113617 -0.014437 14.4611 26.9931 -13 272 0 0 1
-0.089136 -0.129517 680 -0.0422446 -0.00602143 8.10912 40.3282 -13 273 0 0 1
-0.00687961 0.0726354 680 -0.00382232 0.030525 12.6075 46.5077 -13 274 0 0 1
0.211665 0.136495 680 0.0590636 -0.00120386 11.5223 27.0131 -13 276 0 0 1
-0.133344 0.0209429 680 0.0392232 0.00644121 9.60609 50.4537 -13 277 0 0 1
-0.148016 0.0286293 680 0.0242589 0.0234569 13.7505 30.6632 -13 278 0 0 1
-0.0971092 0.227761 680 0.0428353 0.0657993 6.20967 44.8829 -13 280 0 0 1
-0.589698 0.206675 680 -0.0130443 0.0569123 9.53064 48.9188 -13 282 0 0 1
-0.395924 -0.0846394 680 0.00342391 0.0184145 7.13913 47.2888 -13 284 0 0 1
-0.224672 -0.0742617 680 -0.0135938 0.0661174 6.76479 61.6599 -13 286 0 0 1
0.46569 -0.153483 680 0.0235948 -0.0593548 11.9615 46.0088 -13 288 0 0 1
-0.037564 0.149953 680 0.028294 0.0382998 9.47747 43.3334 -13 289 0 0 1
0.0231058 -0.0400311 680 -0.0134991 -0.0181022 9.09063 35.4266 -13 290 0 0 1
-0.196919 0.129429 680 0.0255013 0.00392079 6.90378 53.7616 -13 291 0 0 1
-0.148901 0.0536167 680 -0.0204121 0.00818145 13.2512 21.8477 -13 292 0 0 1
-0.171967 0.147123 680 -0.0149387 0.0571366 13.7772 47.4191 -13 294 0 0 1
0.0340568 0.550409 680 0.145761 0.018076 5.89445 55.4201 -13 296 0 0 1
0.0266581 -0.133862 680 -0.0237847 0.00848497 12.1867 32.9252 -13 299 0 0 1
-0.0266503 0.109265 680 0.0217442 0.0187267 7.68802 48.7507 -13 304 0 0 1
-0.322111 -0.12518 680 -0.0310963 0.0659748 9.63749 40.6429 -13 306 0 0 1
0.655391 -2.59866 680 -0.0438297 -0.00906302 0.0588883 40.0199 11 306 1006 0 1
0.0933723 0.187687 680 0.0400807 -0.00765146 12.3794 26.4282 -13 308 0 0 1
0.0717387 -0.267137 680 -0.0656041 -0.0433487 9.55511 45.6913 -13 309 0 0 1
-0.630618 -0.368705 680 -0.0658425 0.0654865 5.62582 51.668 -13 310 0 0 1
0.232191 0.0708256 680 0.0330032 -0.00739711 14.0028 34.8312 -13 311 0 0 1
-0.143774 -0.01173 680 -0.0467357 0.00117766 13.0456 20.7816 -13 313 0 0 1
-0.11739 -0.289138 680 -0.00144766 0.0408742 13.7995 19.5456 -13 314 0 0 1
0.222481 0.527071 680 0.138185 -0.0265919 11.5977 25.0115 -13 315 0 0 1
0.285672 0.146899 680 -0.0103014 -0.0348351 9.05037 33.44 -13 316 0 0 1
-0.444434 0.328465 680 0.028281 0.0687131 1.68372 102.85 -13 317 0 0 1
0.153322 -0.0319663 680 0.00457454 0.0182359 9.84306 30.3323 -13 321 0 0 1
-1.5691 0.259034 680 0.0359965 0.0110619 0.069334 25.8057 11 321 1003 0 1
-0.347875 0.19828 680 0.0362584 0.0464361 12.7438 25.1234 -13 322 0 0 1
-0.324916 0.0872708 680 0.0273921 0.031133 10.6317 43.3086 -13 326 0 0 1
-1.51635 0.371475 680 0.00797651 0.0383013 0.0739121 42.6735 11 326 1001 0 1
-0.263372 -0.120198 680 -0.0797252 0.00320506 12.4502 32.8889 -13 327 0 0 1
-0.226154 0.252251 680 0.0245036 0.0112703 3.97495 77.3497 -13 328 0 0 1
-0.0817023 -0.0712979 680 0.0342819 -0.0243682 11.9626 42.8147 -13 329 0 0 1
-0.0879334 0.127451 680 0.0639878 0.00489601 8.95314 35.4239 -13 330 0 0 1
0.469995 0.0121067 680 0.0159229 -0.105979 5.54179 44.0568 -13 331 0 0 1
-0.152426 0.3074 680 0.0307397 0.0782812 4.7103 55.5022 -13 332 0 0 1
0.138255 -0.285848 680 -0.0186659 -0.0140411 9.83644 36.169 -13 333 0 0 1
0.146383 0.196979 680 -0.00781046 -0.0384742 12.843 21.848 -13 334 0 0 1
-0.210646 0.30979 680 0.0359513 0.0853571 14.2448 38.5423 -13 335 0 0 1
-0.744915 0.905293 680 0.0866988 0.137207 5.53189 56.4204 -13 336 0 0 1
0.500208 0.157887 680 0.00977138 -0.0772187 13.7224 36.4225 -13 337 0 0 1
-0.203575 -0.0763653 680 0.0200546 0.00598462 9.62797 49.946 -13 338 0 0 1
0.0632029 -0.0460964 680 -0.028595 -0.0492612 9.26836 55.0092 -13 339 0 0 1
-3.02335 1.12584 680 -0.0130797 -0.0253221 0.0642567 52.5374 11 339 1002 0 1
0.0575029 -0.698643 680 -nan -nan -nan 536.642 -13 340 0 0 1
0.0848828 -0.590998 680 -0.212461 0.0150324 12.4502 47.3847 -13 341 0 0 1
0.371754 -0.080132 680 0.00290271 -0.0567178 12.9448 32.886 -13 531 0 0 1
-0.0136583 -0.0180841 680 -0.0342589 0.00807687 13.8463 47.0613 -13 532 0 0 1
-0.304803 0.108158 680 -0.0148142 0.0377913 9.13115 50.1657 -13 534 0 0 1
-0.0775659 0.242065 680 0.0241886 0.061652 9.82684 27.7022 -13 535 0 0 1
0.333618 -0.27137 680 -0.0430735 -0.122474 4.23887 68.5488 -13 537 0 0 1
0.0360224 -0.00622516 680 -0.00329802 0.0137301 14.4714 35.4425 -13 538 0 0 1
-0.248415 0.0135492 680 -0.00834553 -0.0103633 7.28579 54.9566 -13 541 0 0 1
-0.0208382 0.792121 680 0.0976457 0.070189 12.8126 23.1049 -13 542 0 0 1
-0.0119939 0.298948 680 0.102791 -0.116365 4.68078 75.6417 -13 545 0 0 1
0.69345 -0.197216 680 -0.0867701 -0.0623119 6.51039 56.6201 -13 546 0 0 1
0.166611 -0.199464 680 -0.0544711 -0.0347698 10.586 28.9839 -13 551 0 0 1
-nan -nan -nan -nan -nan -nan -nan -13 558 0 0 1
0.101788 -0.165415 680 -0.0261056 0.0110798 14.2216 22.8437 -13 565 0 0 1
0.102993 0.339405 680 0.0651138 -0.0913167 6.9109 54.4574 -13 803 0 0 1
3.72807 -0.853883 680 -0.00715753 0.0239689 0.0446483 53.7172 11 803 1005 0 1
0.0238564 -0.211028 680 -0.049572 0.0548383 13.0019 26.6425 -13 804 0 0 1
0.00693092 -0.617784 680 -0.127434 -0.144612 9.59187 36.3389 -13 814 0 0 1
0.0194397 -0.57826 680 0.00772794 0.0299384 0.0193819 36.4207 11 814 1001 0 1
-0.0379049 -0.050166 680 -0.00531938 0.0159982 11.658 48.5967 -13 815 0 0 1
-0.0862317 0.243767 680 0.0394699 0.089804 11.4672 50.3611 -13 818 0 0 1
0.126582 0.0624484 680 -0.00888075 -0.0393679 13.3833 25.3218 -13 820 0 0 1
0.0710502 -0.004274 680 -0.0116689 -0.0261195 11.6873 49.717 -13 822 0 0 1
0.0549995 -0.00284736 680 -0.000899755 0.00330862 14.5563 38.0214 -13 824 0 0 1
0.0155368 0.475425 680 0.119068 0.070234 3.62376 90.5056 -13 827 0 0 1
-0.135839 -0.0996904 680 -0.070259 0.0188184 8.62625 55.0589 -13 828 0 0 1
-0.210437 -0.290178 680 -0.0337263 0.0331259 10.0498 50.8678 -13 829 0 0 1
0.205948 -0.0821801 680 -0.0105576 -0.0788988 14.0736 46.7199 -13 830 0 0 1
-0.0202173 0.32967 680 0.0181875 0.0143769 8.34831 36.074 -13 831 0 0 1
-5.19397 3.3372 680 -0.0327565 -0.0117932 0.0326069 35.7037 11 831 1003 0 1
0.30768 -0.257671 680 -0.0860149 -0.0521143 13.7628 31.6432 -13 832 0 0 1
-0.727675 -0.722933 680 -0.0914542 0.040229 4.63442 78.4306 -13 848 0 0 1
-0.0733788 -0.000833866 680 0.0266405 0.0276652 12.9514 30.806 -13 859 0 0 1
-0.190983 -0.212784 680 -0.0689819 -0.0112131 9.18003 47.4435 -13 869 0 0 1
-0.0566176 0.0691214 680 0.0643883 -0.000655444 12.3612 35.2005 -13 870 0 0 1
-0.104175 -0.0743551 680 -0.0217844 0.0593685 13.7351 40.3117 -13 871 0 0 1
0.333728 0.468002 680 0.145521 -0.0892906 5.14441 66.7331 -13 872 0 0 1
0.907756 0.0360228 680 -0.101263 -0.0854065 4.51779 58.2913 -13 873 0 0 1
-0.114748 -0.732652 680 -0.0892473 -0.0285913 4.78699 62.791 -13 874 0 0 1
0.113375 -0.0641676 680 0.0936104 0.0301712 2.93183 74.0378 -13 875 0 0 1
-0.155807 -0.138766 680 -0.0555197 0.0157202 11.7657 32.6702 -13 876 0 0 1
0.000440417 0.30377 680 0.00273057 -0.0641332 9.14869 49.6292 -13 877 0 0 1
0.592182 3.50947 680 -0.00104925 -0.0276773 0.0495377 47.6627 11 877 1005 0 1
-nan -nan -nan -nan -nan -nan -nan -13 878 0 0 1
0.34142 0.185685 680 0.0657717 -0.0390084 8.46267 35.4969 -13 886 0 0 1
-0.0676766 -0.384931 680 -0.0145585 0.016796 10.398 26.2685 -13 14 0 0 1
-0.354465 0.193146 680 0.0895506 0.0116355 5.05907 65.3013 -13 15 0 0 1
0.0424051 -0.084543 680 -0.00795314 -0.0245656 11.7664 50.1244 -13 23 0 0 1
0.0916253 -0.0357541 680 0.02777 0.0110573 10.9089 42.9709 -13 40 0 0 1
0.15138 0.264842 680 0.0632386 -0.00587466 8.85468 30.5407 -13 41 0 0 1
-0.252705 0.269957 680 0.0842411 0.104349 10.7858 47.1482 -13 45 0 0 1
-1.8803 -1.01414 680 -0.00834481 0.0561674 0.0305901 47.685 11 45 1004 0 1
0.586515 -0.0337302 680 0.0289472 -0.0665796 10.3391 43.0421 -13 55 0 0 1
0.194613 0.771962 680 0.183035 -0.00847462 6.63504 44.9444 -13 90 0 0 1
-0.0716355 0.0725283 680 0.0494536 0.0350882 7.07645 61.3742 -13 91 0 0 1
-0.142956 -0.499055 680 -0.094382 0.0156144 10.7541 34.4951 -13 95 0 0 1
-0.0618997 -0.00278153 680 0.0135143 -0.00737894 14.0115 22.8122 -13 99 0 0 1
-0.302673 -0.38777 680 -0.0827858 0.019026 9.57084 38.4137 -13 104 0 0 1
0.0657143 0.348502 680 0.0746023 0.00567429 8.78266 34.3953 -13 105 0 0 1
0.393708 0.0659457 680 -0.0931639 -0.0382439 7.65154 35.6408 -13 112 0 0 1
0.128962 0.168797 680 0.019863 -0.00798941 11.9427 30.7778 -13 113 0 0 1
0.607037 -4.80792 680 0.00406383 -0.0118227 -0.0388397 34.4414 11 113 1002 0 1
0.0749418 -0.00881112 680 0.00393551 -0.0483611 8.0131 36.9246 -13 114 0 0 1
-0.208885 -0.00439577 680 -0.0460629 0.0486218 12.986 34.2184 -13 124 0 0 1
-0.19535 -0.0967583 680 0.00351363 0.0535436 11.4888 41.0508 -13 139 0 0 1
0.149783 0.0190215 680 -0.0196497 -0.0196373 14.3906 37.804 -13 144 0 0 1
-0.0737959 -0.420304 680 -0.0574525 -0.0605285 9.21965 37.1085 -13 146 0 0 1
-0.148964 0.199553 680 0.00688371 0.0555456 11.2258 37.108 -13 147 0 0 1
-0.0315172 -0.0916562 680 0.0241786 0.00974328 9.86494 29.7119 -13 167 0 0 1
-0.0476855 -0.239318 680 -0.0590253 0.0183899 11.346 22.5947 -13 168 0 0 1
3.70119 6.8714 680 0.00773956 -0.043344 0.0748011 19.0573 11 168 1001 0 1
-0.32374 0.0758988 680 0.00404379 0.108475 8.91841 46.2832 -13 170 0 0 1
-nan -nan -nan -nan -nan -nan -nan -13 193 0 0 1
0.214389 0.12706 680 -0.0268278 -0.0699101 12.3173 24.5106 -13 198 0 0 1
0.167018 -0.0578686 680 0.00235481 -0.00175548 13.2418 25.0465 -13 344 0 0 1
0.320334 -0.0638166 680 -0.0290536 -0.0817269 9.71468 25.9117 -13 345 0 0 1
-0.161692 0.0254339 680 -0.0222154 0.00887256 13.4481 33.5291 -13 346 0 0 1
0.175657 -0.0443731 680 0.0153002 -0.00635619 10.8299 49.9197 -13 354 0 0 1
-0.574652 -1.57464 680 -0.0149451 0.0222399 0.0181764 51.9065 11 354 1001 0 1
0.166457 -0.596984 680 -0.0613094 -0.046613 6.04402 59.2267 -13 368 0 0 1
0.0206998 -0.247176 680 -0.0266979 0.000733015 14.1957 26.6061 -13 373 0 0 1
-0.115864 0.279474 680 0.00240035 0.0209399 4.92919 54.1848 -13 374 0 0 1
-0.194575 -0.215228 680 -0.123739 0.0951177 6.51767 49.7398 -13 376 0 0 1
-0.13768 0.487378 680 0.10531 0.000531723 10.5141 33.4592 -13 377 0 0 1
-nan -nan -nan -nan -nan -nan -nan -13 378 0 0 1
-0.47708 -0.0621459 680 0.00691102 0.0794115 7.38826 35.9016 -13 379 0 0 1
0.103196 0.235662 680 0.00995713 -0.0371519 4.77724 56.5258 -13 605 0 0 1
-0.155361 -0.146036 680 -0.021268 -0.00735564 11.866 25.5692 -13 609 0 0 1
-0.0590867 -0.0141055 680 -0.0489089 0.0120762 7.81959 42.8073 -13 612 0 0 1
-0.206615 -0.0447581 680 -0.036591 0.0796174 12.4338 34.2107 -13 613 0 0 1
0.0556058 0.24488 680 0.0158939 -0.00421425 12.1133 22.5613 -13 614 0 0 1
0.36876 -1.22427 680 -0.162378 0.103471 3.60497 80.6876 -13 615 0 0 1
-0.146144 0.144925 680 -0.0031058 0.0931754 3.56622 87.5517 -13 616 0 0 1
-0.121759 -0.305145 680 -0.0319066 0.0328319 8.0871 49.7521 -13 618 0 0 1
-0.291358 0.214219 680 -0.047966 0.0745941 12.358 39.4858 -13 620 0 0 1
0.433152 0.296874 680 -0.0219604 -0.0800126 11.1512 49.9851 -13 622 0 0 1
0.147992 -0.0738391 680 0.00582339 -0.00291849 9.72624 39.284 -13 623 0 0 1
0.079368 -0.0250179 680 -0.00826978 0.0276413 14.1611 18.6645 -13 624 0 0 1
0.180821 -0.122724 680 -0.0504481 -0.0212096 9.06131 42.7254 -13 625 0 0 1
-2.33502 0.844508 680 -0.0253373 0.0018637 0.0524463 38.1733 11 625 1002 0 1
-0.59023 0.258863 680 0.033652 0.151148 6.03565 48.2276 -13 626 0 0 1
-0.137304 0.12517 680 0.0129477 0.0185233 14.0744 29.7772 -13 632 0 0 1
-0.026004 -0.303012 680 -0.0074604 -0.0335306 8.34386 37.4657 -13 633 0 0 1
-0.740095 -0.34919 680 -0.0909948 0.0256113 4.73805 52.7013 -13 634 0 0 1
-0.158919 -0.2431 680 -0.0576322 0.0455715 8.01868 47.5286 -13 635 0 0 1
-0.516222 0.347612 680 -0.012266 0.111468 14.1319 24.768 -13 636 0 0 1
0.0489464 0.471378 680 0.0521435 -0.0963546 7.93591 52.3703 -13 637 0 0 1
-0.222592 0.376524 680 0.0151393 0.0935049 12.7041 35.2311 -13 638 0 0 1
0.0442005 0.215236 680 0.0219736 0.0013809 13.9956 23.0972 -13 639 0 0 1
-0.129328 0.0131501 680 -0.00789986 0.0245241 10.8866 23.6202 -13 640 0 0 1
0.503588 -0.739682 680 -0.0916666 -0.147957 4.2541 64.4515 -13 641 0 0 1
-0.118034 0.432591 680 0.0501437 -0.0133493 7.08032 57.0236 -13 642 0 0 1
0.500461 0.165977 680 0.00344428 -0.0698949 11.038 22.8447 -13 643 0 0 1
-0.0831536 0.0727692 680 0.00921226 -0.00673802 13.7547 34.8868 -13 646 0 0 1
0.315693 -0.330279 680 -0.242333 0.289732 6.23839 48.7397 -13 649 0 0 1
0.0430674 0.0899395 680 0.0113376 0.0503994 13.5208 22.3429 -13 650 0 0 1
0.0186167 0.114928 680 0.00286962 0.0323425 10.4573 49.4274 -13 652 0 0 1
0.119182 -0.132712 680 -0.0155486 -0.00906895 11.9749 38.1035 -13 653 0 0 1
0.0369982 -0.0768438 680 -0.0329272 0.00647867 14.3497 39.4215 -13 655 0 0 1
-0.143964 0.0913679 680 -0.0374241 -0.00932682 9.55961 41.6497 -13 656 0 0 1
0.149933 -0.0303295 680 -0.0227572 0.0206452 7.92445 52.4072 -13 657 0 0 1
3.96711 4.60697 680 -0.0131379 -0.00692479 0.0491927 51.0018 11 657 1003 0 1
4.07771 6.06628 680 0.01148 -0.02458 -0.0414292 52.3542 11 657 1003 0 1
-0.324371 -0.261868 680 -0.0463537 -0.00262117 14.4144 30.9447 -13 659 0 0 1
-3.47678 0.60311 680 0.00126055 -0.0372994 0.0573388 32.4335 11 659 1001 0 1
-0.203548 0.197485 680 0.0249557 0.0499125 8.16922 58.8316 -13 664 0 0 1
-0.0732376 0.0813255 680 0.0292455 0.0207404 13.5658 35.3641 -13 670 0 0 1
-2.31055 -0.306755 680 5.42648e-06 -0.00062088 0.648456 559.291 -13 672 0 0 1
-0.382978 -0.491919 680 -0.0493681 0.154656 3.73268 74.7788 -13 673 0 0 1
-0.0230455 -0.0497503 680 0.010496 -0.00624139 12.5473 48.8813 -13 674 0 0 1
-0.216733 0.0877687 680 0.00316992 0.0369586 12.8907 45.1356 -13 676 0 0 1
-0.167719 0.118003 680 0.0235156 -0.0156941 9.38362 41.7016 -13 678 0 0 1
0.0128537 -0.21556 680 -0.0192248 0.0663943 8.09977 42.7146 -13 679 0 0 1
-0.189548 0.0359637 680 0.0156978 0.0583733 9.25366 44.9177 -13 680 0 0 1
-0.0744144 -0.17583 680 -0.0193039 0.0302401 14.0628 20.2954 -13 681 0 0 1
0.172693 0.0936944 680 -6.00573e-06 -0.0025533 13.2575 19.6848 -13 682 0 0 1
0.155957 0.234441 680 0.0227269 -0.00229911 12.9202 43.8817 -13 683 0 0 1
0.665008 0.375832 680 0.0497157 0.0191749 0.0698655 43.6527 11 683 1001 0 1
0.543224 -0.521063 680 -0.0683275 -0.0416832 8.56283 44.8014 -13 684 0 0 1
0.21951 -0.124761 680 -0.0203191 -0.0491676 12.3168 36.9951 -13 691 0 0 1
0.855683 1.01845 680 0.0995983 -0.100825 6.60327 50.0088 -13 696 0 0 1
0.961132 -0.286649 680 -0.0156736 -0.0231187 0.0216171 50.8356 11 696 1002 0 1
-0.0941479 -0.145665 680 -0.0633948 -0.026447 10.0021 42.8674 -13 697 0 0 1
0.147247 0.304002 680 0.0973163 -0.0153687 13.3277 42.1924 -13 699 0 0 1
0.0576331 -0.238801 680 -0.0321373 0.0234582 12.283 45.3253 -13 702 0 0 1
-0.561585 0.807302 680 0.0526295 0.242331 9.36776 34.6954 -13 704 0 0 1
-0.100936 -0.0474834 680 0.00984703 0.0331735 10.0978 30.8086 -13 705 0 0 1
-0.207407 -0.0585614 680 -0.0213948 0.0224426 9.54734 41.0057 -13 706 0 0 1
0.077313 0.235416 680 0.0366248 0.0355161 13.8429 19.2229 -13 707 0 0 1
0.110946 -0.274186 680 -0.0701445 0.0353031 10.5245 41.2844 -13 708 0 0 1
0.708269 -0.501649 680 -0.096761 -0.139861 3.41099 78.3731 -13 709 0 0 1
-0.0958858 0.225029 680 0.0590571 -0.00783344 14.1532 19.0941 -13 711 0 0 1
-0.100982 0.160205 680 0.0325072 -0.00327395 12.3734 49.202 -13 715 0 0 1
0.238452 -0.373468 680 -0.0579634 -0.0342917 13.1134 39.3806 -13 716 0 0 1
-0.376425 -0.216062 680 -0.0729913 0.0673642 8.65973 36.0468 -13 718 0 0 1
-0.365005 0.0903798 680 0.02619 0.0344915 10.6471 31.6071 -13 719 0 0 1
0.420949 -0.0237801 680 -0.0743954 -0.0373087 11.2662 50.3287 -13 720 0 0 1
-0.159097 0.277069 680 0.0438619 0.0273271 9.66121 50.9744 -13 721 0 0 1
0.221824 0.0495689 680 0.0248276 -0.0593095 4.92967 58.065 -13 722 0 0 1
-0.681347 -0.705257 680 0.00612905 0.199527 4.78367 71.1817 -13 724 0 0 1
0.418664 -0.0280798 680 -0.073238 -0.112115 5.31414 55.5053 -13 729 0 0 1
-0.0588669 0.249725 680 0.0289168 0.0197787 10.9696 39.0456 -13 735 0 0 1
-0.13399 -0.27711 680 -0.0832643 0.0346214 8.20314 49.8921 -13 737 0 0 1
-0.133359 0.388421 680 0.0146406 0.0193984 13.0348 42.5509 -13 740 0 0 1
1.76535 1.10881 680 0.675846 -0.764802 2.30401 89.8629 -13 744 0 0 1
0.382565 -0.164679 680 -0.0298777 -0.0599606 11.4912 36.1109 -13 745 0 0 1
-0.164448 -0.085998 680 -0.0327653 -0.00447981 10.4359 45.1683 -13 750 0 0 1
0.372994 0.655627 680 0.0249354 0.0414686 6.39906 41.3467 -13 752 0 0 1
1.41428 -1.2906 680 -0.0013427 -0.0237797 0.0385285 41.2193 11 752 1004 0 1
-0.653685 2.09701 680 0.255193 0.205399 10.7891 25.5031 -13 753 0 0 1
-0.414178 -0.0578351 680 0.0720359 -0.0102153 8.0576 50.5242 -13 760 0 0 1
-0.122826 0.321431 680 0.0571236 -0.077649 6.31189 44.9418 -13 761 0 0 1
-0.0627767 -0.236414 680 -0.00750464 0.0798659 13.8628 46.2247 -13 762 0 0 1
-0.000632039 -0.137016 680 -0.0464616 -0.00564337 13.396 22.1565 -13 774 0 0 1
0.106082 -0.00301851 680 0.001749 -0.00482043 11.8469 32.4679 -13 776 0 0 1
-0.0567785 0.0591218 680 0.00261736 0.0380943 9.54733 30.1977 -13 780 0 0 1
0.441672 -0.12071 680 0.0268505 -0.106718 11.6395 25.6206 -13 781 0 0 1
-0.0427524 0.0616748 680 0.0163527 -0.00898985 10.0506 27.8655 -13 782 0 0 1
-0.123122 0.0873693 680 -0.0106733 0.0366293 6.91666 51.5736 -13 783 0 0 1
-0.21329 0.170031 680 0.0247377 0.0250573 6.85852 37.9774 -13 784 0 0 1
-0.525634 0.0324856 680 0.0797955 0.0331051 4.69282 62.8496 -13 785 0 0 1
0.0375632 0.196501 680 -0.0127372 0.00412713 9.56304 44.5298 -13 786 0 0 1
-0.823574 0.173592 680 0.0134619 0.0762996 8.89365 44.2089 -13 787 0 0 1
-0.16492 -0.124733 680 -0.00988311 0.0198713 12.3442 38.2489 -13 788 0 0 1
-0.453292 -0.97862 680 -0.187834 0.0281671 14.1571 32.718 -13 789 0 0 1
0.179369 0.189654 680 -0.00273762 -0.0566341 9.92472 51.6628 -13 790 0 0 1
-0.24816 0.44833 680 -0.0303897 -0.0394476 4.82194 73.3861 -13 791 0 0 1
0.29833 -0.231113 680 -0.0429053 -0.0766444 11.7584 49.1909 -13 792 0 0 1
-0.122957 0.0709247 680 -0.00364465 0.0035763 11.4099 38.5798 -13 793 0 0 1
0.0103493 -0.00708938 680 -0.0174244 -0.0379786 11.4741 29.9754 -13 795 0 0 1
-0.0898541 0.229561 680 0.047796 -0.0367143 14.0013 42.5336 -13 797 0 0 1
-0.0245946 0.276104 680 0.0543218 0.0017722 13.7062 43.2045 -13 798 0 0 1
-0.161245 0.0248897 680 0.0282171 0.0693579 9.36094 55.4932 -13 799 0 0 1
0.169367 0.0347527 680 -0.0322159 -0.0175161 13.5444 20.736 -13 800 0 0 1
0.484465 -0.213745 680 0.0109018 -0.0216567 5.60454 46.9943 -13 801 0 0 1
0.393487 -0.103482 680 -0.00462678 -0.00669366 12.5366 46.6743 -13 805 0 0 1
-0.290049 -0.447803 680 -0.0881499 0.00479693 7.55314 45.469 -13 826 0 0 1
0.405431 -0.0385101 680 -0.0158221 -0.180735 7.81353 58.9915 -13 835 0 0 1
-0.0291908 0.0950358 680 0.0404782 -0.0138263 12.8244 36.1795 -13 838 0 0 1
0.538184 -1.72567 680 -0.28481 0.00249125 4.00199 80.0592 -13 844 0 0 1
-0.0439544 0.248035 680 0.0515762 0.0313677 12.2799 36.8211 -13 846 0 0 1
-0.0317404 0.116161 680 0.0645238 0.0271079 8.86379 35.547 -13 851 0 0 1
-0.0817685 -0.971728 680 -0.0639749 -0.0258565 0.802363 536.216 -13 852 0 0 1
-0.363144 -0.0403671 680 -0.000301376 0.0471667 11.5544 44.9574 -13 855 0 0 1
0.296903 -0.0309257 680 0.0276169 -0.0611082 13.7579 46.584 -13 973 0 0 1
-0.137733 0.0341886 680 -0.000799574 0.0221264 10.2689 43.8787 -13 975 0 0 1
0.324933 -0.0456492 680 -0.0242584 0.0274035 6.65294 42.5491 -13 976 0 0 1
0.034028 -0.0762484 680 -0.013445 -0.00979338 13.7177 36.7767 -13 979 0 0 1
0.0978109 -0.0731399 680 0.0081267 -0.0130605 9.66393 26.1508 -13 981 0 0 1
-0.0732943 0.0520039 680 0.0290195 -0.0050631 13.6124 31.0174 -13 982 0 0 1
-0.919704 0.254447 680 -0.192465 0.0978799 5.55556 66.4061 -13 983 0 0 1
0.0687387 0.169234 680 -0.0140891 -0.111729 10.0548 27.0029 -13 984 0 0 1
0.0502532 0.000287568 680 -0.0381764 -0.0164404 11.2508 37.2496 -13 985 0 0 1
0.121038 0.439774 680 0.0818208 -0.0109916 8.38575 47.8701 -13 986 0 0 1
-0.0233064 0.165355 680 0.0203601 -0.0121714 14.2275 42.0705 -13 987 0 0 1
-0.147422 0.104322 680 -0.0114775 0.078609 6.59624 58.4101 -13 988 0 0 1
-0.131457 0.352166 680 -0.0556558 0.0630226 2.10214 104.146 -13 989 0 0 1
0.190987 -0.212633 680 -0.0361173 -0.0373095 11.2633 50.8755 -13 993 0 0 1
-0.0225724 0.0677037 680 0.0151191 -0.0195436 13.0341 44.2564 -13 996 0 0 1
-0.0913928 0.253553 680 0.0438279 0.0387672 14.509 25.9113 -13 997 0 0 1
0.0239773 -0.105051 680 -0.0201876 -0.0168466 10.2504 49.118 -13 998 0 0 1
-0.0142737 0.143871 680 0.0537301 -0.0116386 7.35409 37.9859 -13 999 0 0 1
-0.0763589 -0.112175 680 -0.0960561 -0.0263294 4.9987 61.4288 -13 8 0 0 1
1.03175 1.57262 680 0.00375867 -0.00350078 0.0441096 59.6622 11 8 1004 0 1
-0.109388 0.0172123 680 -0.0268874 0.0105477 11.8108 24.5503 -13 12 0 0 1
0.0723707 0.0367265 680 -0.0208201 0.00129692 8.45507 38.9389 -13 27 0 0 1
0.0891276 0.158825 680 0.0189579 -0.015084 11.5713 48.7981 -13 28 0 0 1
0.210564 -1.13852 680 -0.18821 -0.0195291 4.99461 51.7098 -13 46 0 0 1
-0.0662548 0.313794 680 0.0446995 0.0113895 11.4068 29.5703 -13 47 0 0 1
-0.0221641 0.099302 680 0.0331748 0.0818086 8.17846 31.1225 -13 53 0 0 1
0.388167 -0.608849 680 -0.00329417 -0.0842409 14.0912 26.3803 -13 56 0 0 1
-0.554232 0.974971 680 0.0662577 0.140561 8.15617 55.6994 -13 77 0 0 1
0.23306 -0.159562 680 -0.00379747 0.0223608 8.48588 36.9721 -13 88 0 0 1
-0.0930623 -0.0223074 680 -0.0174039 0.0514001 7.68082 57.3395 -13 93 0 0 1
-0.995164 0.616147 680 -0.116816 -0.026228 0.879638 112.783 -13 96 0 0 1
-0.017848 -0.242759 680 -0.0478766 0.0191899 12.3202 20.8857 -13 100 0 0 1
0.280128 0.263033 680 0.0541864 -0.053792 11.4482 47.8971 -13 125 0 0 1
0.238447 0.0567331 680 0.0294839 0.0407954 9.61908 31.2362 -13 127 0 0 1
0.0934286 0.0604566 680 0.0416954 0.0044645 13.3538 22.7614 -13 135 0 0 1
0.216099 -0.174191 680 -0.0327738 -0.0652332 7.37077 46.1289 -13 148 0 0 1
-0.170835 -0.179326 680 0.00612347 0.0790697 6.97732 43.1813 -13 149 0 0 1
-0.020483 -0.101592 680 -0.0739608 -0.0441302 9.78162 48.6739 -13 174 0 0 1
-0.0295082 -0.0108301 680 0.0186949 -0.0214328 10.7713 37.0848 -13 176 0 0 1
0.157729 -0.574641 680 -0.154083 -0.063375 3.14347 74.8207 -13 177 0 0 1
-0.575687 -0.209525 680 -0.0191194 0.0931024 5.48544 59.9287 -13 179 0 0 1
-0.78401 0.581965 680 0.271903 0.045171 5.70429 42.9684 -13 189 0 0 1
-0.0335283 0.332793 680 0.0543058 -0.0012112 8.96467 56.1359 -13 213 0 0 1
-0.145825 0.146474 680 0.0592517 0.0227441 10.9143 38.7651 -13 242 0 0 1
-0.0546078 -0.326367 680 -0.0599874 0.0215146 13.7976 45.7079 -13 243 0 0 1
-0.7421 0.0510519 680 0.0512935 0.124852 8.67413 51.5146 -13 244 0 0 1
0.192274 0.309438 680 -0.00427593 -0.0337293 8.06497 38.998 -13 246 0 0 1
-0.306317 -0.278628 680 -0.0469765 0.0275991 11.8139 48.2089 -13 248 0 0 1
0.0287417 0.209441 680 0.0494744 -0.0225606 10.3351 43.0713 -13 250 0 0 1
0.150357 -0.202191 680 -0.0267433 -0.0454731 12.2468 20.8083 -13 256 0 0 1
0.455675 0.168867 680 0.0130729 -0.108248 11.2589 32.8954 -13 257 0 0 1
-0.0309728 0.136454 680 0.056829 0.00240094 12.9448 38.2485 -13 262 0 0 1
0.166541 0.000767192 680 0.106142 -0.131942 3.08245 93.0988 -13 264 0 0 1
0.0949401 0.195085 680 0.0267768 -0.0103373 11.3109 46.1637 -13 266 0 0 1
0.105656 0.0827082 680 0.00367321 -0.0177642 11.9773 25.2873 -13 297 0 0 1
-1.8313 -2.46625 680 -0.699926 -0.391398 2.75896 99.6202 -13 300 0 0 1
-0.0643705 0.259714 680 0.0484919 0.0419322 8.19759 56.0677 -13 301 0 0 1
-0.00145321 -0.0717385 680 -0.0105435 0.000383405 11.6282 34.1237 -13 303 0 0 1
0.140854 0.233586 680 0.062424 -0.0242328 10.9807 32.3638 -13 305 0 0 1
1.45961 -0.479706 680 -0.0555683 -0.0293751 0.0374727 32.646 11 305 1002 0 1
0.0336177 -0.0377488 680 0.0435766 0.108615 4.14024 66.482 -13 307 0 0 1
0.0976886 -0.0742526 680 -0.00639691 0.00801674 12.1552 27.2609 -13 312 0 0 1
-0.0416655 -0.0381502 680 -0.0231578 0.0336602 6.10293 45.206 -13 318 0 0 1
0.0527505 0.0585197 680 0.0290823 -0.0406127 13.8048 23.7018 -13 320 0 0 1
-0.317081 0.0793381 680 0.0447263 0.0192855 6.01976 47.1081 -13 323 0 0 1
-nan -nan -nan -nan -nan -nan -nan -13 324 0 0 1
-0.159039 0.255458 680 0.00591624 0.128769 11.4381 48.3097 -13 325 0 0 1
0.222719 0.0368885 680 -0.0435437 0.0227618 7.97308 39.3452 -13 459 0 0 1
0.0170827 0.17996 680 -0.0229558 -0.0189567 10.5459 26.4139 -13 460 0 0 1
0.700541 -3.84173 680 -0.0222053 -0.0117677 -0.0463902 34.4812 11 460 1001 0 1
1.11684 -0.136591 680 -0.0571879 -0.201989 3.67319 88.5952 -13 464 0 0 1
-nan -nan -nan -nan -nan -nan -nan -13 471 0 0 1
0.26154 -0.346357 680 -0.105422 -0.0438336 5.34622 46.6602 -13 473 0 0 1
-0.783915 -0.403906 680 0.0520442 -0.105998 3.00467 95.5352 -13 728 0 0 1
0.00335632 0.213853 680 0.0281319 -0.0255903 11.1639 29.1781 -13 730 0 0 1
-0.399638 0.305227 680 0.0395148 0.0482243 7.8808 34.7998 -13 734 0 0 1
0.0511604 -0.0068661 680 -0.0287853 -0.0675482 10.9742 31.9914 -13 736 0 0 1
0.381297 -0.112804 680 0.0114133 -0.00263643 8.39725 51.9711 -13 738 0 0 1
-0.163186 -0.176694 680 -0.0283457 0.00604022 11.8952 41.2885 -13 739 0 0 1
0.0885288 -0.0268657 680 0.0240406 -0.0567604 8.66111 47.5241 -13 741 0 0 1
0.228302 1.68682 680 0.14453 0.0625074 3.90887 80.9197 -13 742 0 0 1
0.217437 0.128102 680 0.0436537 0.0201946 8.3002 31.0477 -13 743 0 0 1
0.240129 -0.166667 680 -0.0484238 -0.0629811 8.54283 54.3712 -13 746 0 0 1
0.043267 -0.163885 680 -0.0251072 -0.00602425 11.8443 43.5553 -13 747 0 0 1
-0.166162 -0.191652 680 -0.0228998 0.0183898 10.557 40.2446 -13 748 0 0 1
-0.56726 0.129786 680 0.0310963 0.0336192 12.085 21.8097 -13 749 0 0 1
0.391499 -0.148121 680 -0.044179 -0.065573 11.1049 46.2723 -13 751 0 0 1
0.16966 0.0992079 680 0.100596 -0.00380414 8.61254 53.6322 -13 754 0 0 1
-0.37171 0.252526 680 0.0551375 0.0864264 7.90028 38.0365 -13 755 0 0 1
0.768876 -0.168286 680 -0.00144767 -0.114014 5.3326 56.4714 -13 756 0 0 1
-0.286131 -0.219311 680 -0.0242393 0.0562721 7.16008 46.3299 -13 757 0 0 1
-4.57945 -6.22512 680 0.000569087 0.00898526 0.0541941 37.228 11 757 1005 0 1
0.658379 -0.0431802 680 0.0984767 -0.160784 7.91106 33.3049 -13 758 0 0 1
0.0834132 -0.116965 680 -0.0211992 0.00778666 12.633 48.7421 -13 767 0 0 1
-0.302121 0.0391959 680 -0.00274744 0.0653758 10.8858 28.7394 -13 771 0 0 1
-0.0414354 -0.254972 680 -0.0211292 0.00620084 11.4214 26.4319 -13 773 0 0 1
-0.383193 -0.158337 680 0.0141865 0.00594884 8.45595 47.3269 -13 778 0 0 1
-7.19652 6.0729 680 -0.0232422 0.0204499 0.0474022 46.1368 11 778 1002 0 1
0.0881041 0.0941275 680 0.0143062 0.0245379 12.9237 19.7095 -13 779 0 0 1
-0.160761 0.443755 680 0.0558712 0.0383092 7.41766 45.1315 -13 794 0 0 1
-0.166325 0.213798 680 -0.000290127 -0.00400717 0.0128046 46.261 11 794 1006 1005 1
-0.496141 0.680695 680 -0.140723 0.098798 8.83071 50.4549 -13 796 0 0 1
0.58823 -0.66447 680 -0.135232 -0.0214131 2.67991 85.2203 -13 806 0 0 1
-0.00105216 -0.140233 680 -0.0583759 -0.0234349 13.641 28.7682 -13 807 0 0 1
-0.355369 0.110751 680 -0.0165565 0.00300352 6.98834 44.2289 -13 808 0 0 1
-0.0397737 0.0145129 680 -0.0149338 0.001952 14.3003 31.101 -13 809 0 0 1
0.147773 -0.463497 680 -0.0624797 0.0220419 6.24523 65.6233 -13 819 0 0 1
0.66608 0.10229 680 -0.0114821 -0.0936707 8.37213 32.7852 -13 821 0 0 1
0.383605 -3.01808 680 -0.0314515 -0.0121463 0.0524312 31.517 11 821 1003 0 1
-0.119108 -0.281215 680 -0.0602253 -0.0171687 12.5966 42.8379 -13 823 0 0 1
0.354763 -0.226594 680 -0.0358081 -0.0729279 10.8005 31.9793 -13 837 0 0 1
0.588769 0.244654 680 -0.0389151 -0.0625052 9.84768 46.5213 -13 840 0 0 1
0.541746 -0.922032 680 -0.0700417 -0.128684 8.2865 36.5935 -13 843 0 0 1
-0.000974229 0.140537 680 0.0173612 0.00923494 13.4839 27.438 -13 845 0 0 1
-0.423014 -0.211588 680 -0.0918099 0.052773 4.58816 60.7957 -13 847 0 0 1
0.0561901 0.00671317 680 0.0231011 0.0506329 9.55521 27.9865 -13 849 0 0 1
-0.11974 0.00971706 680 0.0357656 0.019803 12.3685 42.1203 -13 850 0 0 1
-0.0232668 -0.013099 680 -0.00914849 -0.00991185 14.3297 25.5512 -13 857 0 0 1
-0.208896 -0.297633 680 -0.0491852 0.0610121 10.2059 50.3365 -13 858 0 0 1
-0.162067 0.153976 680 0.0459045 0.041851 13.0372 43.85 -13 860 0 0 1
-0.111561 0.000194957 680 0.028778 -0.0260092 11.1717 25.1277 -13 861 0 0 1
0.23263 0.183975 680 0.0732623 0.00212776 5.79592 62.1515 -13 862 0 0 1
-0.0732539 -0.263287 680 0.152147 -0.0113076 3.55755 69.1555 -13 863 0 0 1
0.532968 -0.49491 680 -0.093541 -0.0593484 5.43079 72.5515 -13 866 0 0 1
-0.0580735 -0.195598 680 -0.0400915 0.0146681 8.32572 39.4953 -13 868 0 0 1
-0.0408405 0.0758369 680 -0.010907 0.0182097 14.2355 43.4889 -13 879 0 0 1
0.0627167 -0.00514884 680 -0.0224626 -0.015472 12.9351 24.5922 -13 880 0 0 1
-0.18575 -0.0893971 680 -0.0391868 0.0398881 14.5292 29.697 -13 881 0 0 1
-0.150597 0.816129 680 0.0842758 -0.0119186 6.37718 58.8686 -13 882 0 0 1
-0.359402 0.56239 680 -0.00878753 0.0657665 7.08679 58.2299 -13 883 0 0 1
-0.177986 -0.286531 680 0.0121296 0.0462202 5.66984 59.3946 -13 884 0 0 1
0.115996 -0.0813645 680 0.0352283 -0.0303086 12.5445 21.3409 -13 885 0 0 1
-0.207462 0.670788 680 0.0105678 0.287092 8.5093 29.3153 -13 887 0 0 1
-0.242999 0.219221 680 0.0764268 -0.00357767 8.53895 47.9336 -13 888 0 0 1
-0.0575454 -0.128842 680 -0.0429312 -0.00188284 11.3061 46.4979 -13 889 0 0 1
0.465068 1.27949 680 0.197696 -0.0456663 10.8239 34.4919 -13 890 0 0 1
-0.234162 0.281564 680 0.030832 0.056853 7.50707 40.5437 -13 891 0 0 1
0.190079 -0.0473232 680 0.00428018 -0.089791 14.0618 26.4618 -13 892 0 0 1
0.0298629 -0.23227 680 -0.0240891 0.0223937 9.36039 29.7811 -13 893 0 0 1
-0.270722 0.0160972 680 0.0486132 0.0610456 12.5653 38.0673 -13 894 0 0 1
-0.0771646 -0.0469982 680 -0.0473489 0.0305433 11.6084 38.0939 -13 895 0 0 1
0.0744402 -0.0090012 680 -0.018996 -0.0534628 6.66496 46.0633 -13 899 0 0 1
-0.111043 -0.0915113 680 -0.0199609 0.0421141 11.426 23.3706 -13 900 0 0 1
-0.225897 0.182816 680 0.12093 0.100628 6.53021 44.5894 -13 903 0 0 1
0.164704 0.129839 680 0.049807 -0.0038261 12.5378 27.2991 -13 904 0 0 1
0.00532736 0.148141 680 -0.0190217 0.0479382 5.17339 64.5236 -13 905 0 0 1
-0.0413213 -0.0806391 680 -0.0350356 -0.0319686 10.4515 43.3659 -13 906 0 0 1
-0.0570527 0.103175 680 0.0300865 0.00194733 11.621 47.6382 -13 907 0 0 1
-0.0264224 0.271979 680 0.0299766 0.00833469 12.9324 22.5778 -13 908 0 0 1
0.277863 -0.139123 680 -0.0917664 0.0386851 7.21494 48.5774 -13 909 0 0 1
0.464892 -0.571337 680 -0.0957988 -0.0715649 9.2516 28.1861 -13 910 0 0 1
-0.162208 -0.364665 680 -0.018989 -0.0226706 0.982407 550.512 -13 911 0 0 1
-0.159507 -0.0947432 680 -0.0114435 0.0660616 11.8264 22.8647 -13 912 0 0 1
-0.105273 0.0541191 680 -0.0187701 -0.00216862 13.231 23.2888 -13 10 0 0 1
0.533804 -0.546149 680 -0.0919096 -0.0221821 10.6003 25.5275 -13 11 0 0 1
-0.534594 -0.0531683 680 0.0359976 0.12567 3.50962 68.5776 -13 13 0 0 1
-0.155615 0.142591 680 -0.0203503 -0.00179655 14.496 23.8881 -13 17 0 0 1
-0.127175 0.0828153 680 0.0554222 0.0588498 6.95321 55.911 -13 29 0 0 1
-3.97491 -1.46607 680 -0.0135032 -0.0348935 0.0273325 56.0048 11 29 1002 0 1
0.227204 0.577433 680 0.541987 0.489874 8.43175 34.1898 -13 32 0 0 1
0.0385314 0.277204 680 0.0133362 -0.00526617 13.259 24.9224 -13 49 0 0 1
0.104538 0.474556 680 0.0373472 -0.0511121 4.15954 83.0926 -13 50 0 0 1
0.197077 0.182527 680 0.0311767 -0.0709154 2.61251 81.8558 -13 54 0 0 1
0.0736583 -0.421445 680 -0.110417 -0.028098 9.35149 38.7698 -13 62 0 0 1
-0.0457675 0.761254 680 0.107825 -0.00897074 5.35785 57.9821 -13 69 0 0 1
-0.113706 -0.0324957 680 -0.00524487 0.0667854 11.6813 24.8073 -13 71 0 0 1
-0.123889 0.0895397 680 0.0279374 0.0533952 12.6737 44.3354 -13 79 0 0 1
-0.0780625 0.343638 680 0.0656866 0.0292567 8.70468 50.9304 -13 81 0 0 1
0.0399102 -0.0752929 680 0.00889683 -0.00580714 13.1908 41.7244 -13 82 0 0 1
-0.313033 -0.130846 680 0.0143053 0.0133589 9.84995 43.6047 -13 83 0 0 1
-0.0879447 0.307339 680 0.0640783 -0.0465905 13.5686 21.9513 -13 85 0 0 1
-0.0508137 -0.774649 680 0.0181781 -0.0446348 0.729094 147.598 -13 87 0 0 1
-0.0386794 0.0111715 680 -0.0299251 -0.00568056 13.7576 35.6403 -13 107 0 0 1
0.00821763 0.0567726 680 0.00884207 -0.0123783 13.2374 41.0188 -13 132 0 0 1
-0.0471509 0.0650341 680 -0.00570567 0.0388536 14.5417 35.9331 -13 133 0 0 1
0.128883 -0.886375 680 -0.167445 -0.111053 7.17366 52.3892 -13 134 0 0 1
-0.0876525 -0.0214324 680 0.0764453 0.0646904 4.47845 57.4705 -13 138 0 0 1
-0.152976 0.0056409 680 -0.0194406 0.0137283 13.6943 41.7084 -13 153 0 0 1
-0.240969 0.194855 680 0.0183442 0.0116029 9.93911 49.8054 -13 155 0 0 1
-0.184742 0.0701984 680 -0.00477685 0.0261187 11.9668 37.269 -13 156 0 0 1
0.190127 -0.0688629 680 0.0676214 -0.0431268 8.38784 39.211 -13 158 0 0 1
0.0287593 0.124892 680 0.0204885 -0.0132662 14.1045 24.4837 -13 161 0 0 1
0.0178007 -0.149459 680 -0.0171369 -0.0271405 9.23445 43.9217 -13 182 0 0 1
-0.0767849 -0.0164134 680 -0.0207506 0.00697539 14.011 23.0441 -13 183 0 0 1
0.0792001 -0.00350458 680 -0.0107159 -0.00721423 11.4891 37.2357 -13 185 0 0 1
0.0152572 0.230546 680 0.0912069 0.0306836 8.40511 34.6625 -13 190 0 0 1
0.0600072 0.0701529 680 0.0195795 0.00774907 12.2452 26.1302 -13 191 0 0 1
-0.021415 0.0139462 680 0.0104497 -0.0229731 10.3434 30.7282 -13 194 0 0 1
-0.3916 -0.466202 680 -0.050995 0.0359468 10.8636 44.5127 -13 195 0 0 1
-0.104101 -0.138689 680 -0.00499183 0.0453064 11.5882 42.9276 -13 201 0 0 1
-0.426829 0.0366866 680 0.0394303 -0.0265151 2.9813 78.4473 -13 221 0 0 1
0.0778616 -0.122437 680 -0.0552684 -0.0335089 8.88784 34.389 -13 222 0 0 1
-0.0982772 0.116655 680 0.0272116 0.00991202 13.4982 31.5478 -13 228 0 0 1
-0.0904975 -0.267225 680 -0.0384243 -0.0406059 13.4281 29.1358 -13 229 0 0 1
0.352649 0.520636 680 0.0578493 -0.0534035 11.9661 21.9743 -13 230 0 0 1
0.452199 -0.0618868 680 0.122365 -0.0409316 9.05129 53.1439 -13 231 0 0 1
-0.200534 -0.271524 680 -0.084818 -0.0346602 6.25593 57.4145 -13 232 0 0 1
-0.142304 0.0220382 680 -0.00820975 0.011359 10.9484 50.2821 -13 233 0 0 1
-0.270631 0.0325726 680 -0.00773388 0.0474113 12.4815 22.6812 -13 234 0 0 1
-0.386845 0.351168 680 0.00645658 0.163127 6.15677 61.967 -13 235 0 0 1
-0.386428 0.350898 680 -0.0203369 -0.0200437 0.0367885 61.9668 11 235 1001 0 1
0.59837 0.477735 680 0.0613421 -0.117724 4.51441 71.9293 -13 236 0 0 1
0.100613 0.13948 680 -0.0294583 -0.0257827 8.37541 44.0671 -13 237 0 0 1
0.201635 -0.0965689 680 0.091953 -0.0745443 12.9062 31.4233 -13 245 0 0 1
-0.297655 0.191554 680 0.00643073 0.0452322 11.6315 31.5408 -13 247 0 0 1
-0.0197833 -0.138656 680 -0.0428275 0.029979 12.3454 30.6609 -13 249 0 0 1
0.14362 -0.0876091 680 0.00811397 -0.0409415 11.9159 41.7972 -13 253 0 0 1
-0.460604 0.285103 680 0.0185394 -0.0366632 8.27345 33.8496 -13 254 0 0 1
0.214189 0.136296 680 -0.0107216 -0.035315 12.0262 28.0143 -13 255 0 0 1
0.0340779 0.197117 680 0.0707668 -0.0101771 14.2056 41.0871 -13 260 0 0 1
-0.0628034 -0.0135309 680 0.011794 -0.000164469 14.0599 40.0251 -13 267 0 0 1
0.222538 0.135187 680 -0.0179248 -0.0230102 12.2665 25.6198 -13 268 0 0 1
0.470624 0.0483528 680 0.0223899 -0.0654609 11.7901 32.6374 -13 269 0 0 1
-1.78685 1.39133 680 -0.00977722 0.000597399 0.109401 24.2214 11 269 1004 0 1
-0.232549 0.0756994 680 0.0975066 0.0290238 2.93302 100.267 -13 270 0 0 1
-0.406177 -0.111483 680 0.0127681 0.0935071 8.76778 47.3488 -13 275 0 0 1
-0.0772154 0.134428 680 0.0124177 0.00438303 13.3463 39.0691 -13 279 0 0 1
0.119429 0.238935 680 0.115226 -0.0454335 8.12701 49.8721 -13 281 0 0 1
0.279924 -0.397722 680 -0.0542117 -0.0814385 10.6998 30.1084 -13 283 0 0 1
0.275847 0.7026 680 0.0986867 -0.0880837 2.6984 104.188 -13 285 0 0 1
-0.147704 -0.193822 680 0.00532167 0.0764669 10.869 50.7026 -13 287 0 0 1
0.0645688 0.212573 680 0.0163644 -0.0231086 7.35384 61.8789 -13 293 0 0 1
5.18809 0.337594 680 -0.000964315 -0.0223528 0.0344444 61.7235 11 293 1003 0 1
-0.106135 0.349256 680 0.0355885 0.00470508 7.21927 56.5208 -13 295 0 0 1
-nan -nan -nan -nan -nan -nan -nan -13 298 0 0 1
0.246717 -0.11771 680 0.0327849 -0.0778788 7.54271 48.0744 -13 302 0 0 1
0.536604 -0.698385 680 -0.0522812 -0.144611 9.82933 31.5687 -13 414 0 0 1
0.0776877 -0.250425 680 -0.0430658 -0.032711 12.6434 33.4504 -13 416 0 0 1
0.0446627 -0.344972 680 -0.0635061 -0.0048713 10.0219 50.8817 -13 418 0 0 1
0.77449 -0.158344 680 0.102316 -0.145503 7.61885 45.7025 -13 419 0 0 1
0.138476 0.079101 680 0.0213726 -0.0497386 12.4414 29.8321 -13 420 0 0 1
-0.127298 -0.499353 680 -0.0152549 -0.0313435 7.04311 38.4046 -13 422 0 0 1
-0.101735 0.0472107 680 -0.0171885 -0.000801449 9.31014 36.2635 -13 424 0 0 1
-0.150328 0.0132015 680 -0.0318342 0.0683981 7.00187 42.832 -13 428 0 0 1
-0.0460127 0.0255442 680 0.0330133 -0.0302545 7.80908 44.1954 -13 429 0 0 1
-0.160277 -0.0815583 680 0.00615383 0.0467412 10.8409 32.651 -13 431 0 0 1
-0.197174 0.348149 680 0.0561771 -0.0450686 9.9398 42.8209 -13 432 0 0 1
-0.0449214 -0.127559 680 -0.0368531 0.0160506 11.0243 47.5171 -13 433 0 0 1
-0.0430454 0.0614456 680 0.0378761 0.0150228 13.7017 29.426 -13 434 0 0 1
0.00800251 -0.278324 680 -0.0284185 -0.0276373 11.3809 36.5907 -13 435 0 0 1
-0.10788 0.303457 680 0.0553515 0.0193729 11.2462 28.6682 -13 436 0 0 1
0.053468 -0.0734196 680 0.00795943 -0.00546928 10.682 34.3099 -13 437 0 0 1
0.187732 0.0196563 680 0.0142714 -0.0494546 11.1173 38.5397 -13 438 0 0 1
-0.314696 -0.380457 680 -0.0883551 0.0856733 8.82581 48.6365 -13 440 0 0 1
-0.0969074 0.146296 680 0.0747371 -0.0185512 11.3579 35.7991 -13 441 0 0 1
0.148805 0.318607 680 0.0691346 0.0298944 11.3561 32.458 -13 444 0 0 1
0.0502778 0.107154 680 -0.0532122 0.0382039 7.81295 51.666 -13 451 0 0 1
0.289844 0.0588425 680 0.00855057 -0.031539 13.6806 44.3054 -13 462 0 0 1
-0.100662 -0.186634 680 -0.00617666 0.00220341 13.6917 34.5789 -13 498 0 0 1
-0.304511 0.162603 680 0.0149423 -0.0224089 11.8829 36.5547 -13 499 0 0 1
0.293377 0.145603 680 0.0683321 -0.0152777 12.616 32.9266 -13 500 0 0 1
-0.440109 -0.678411 680 0.0478231 -0.0163375 0.0302189 35.438 11 500 1003 0 1
0.420848 -0.296384 680 -0.104256 -0.0171756 7.88255 36.6012 -13 514 0 0 1
0.348734 -0.460868 680 -0.0677484 -0.0681856 9.68147 32.5332 -13 525 0 0 1
1.49643 -0.019874 680 -0.29939 -0.443031 2.86449 102.022 -13 527 0 0 1
-0.18857 0.090441 680 0.00500889 0.0325267 8.29004 52.0828 -13 530 0 0 1
-0.795458 0.888535 680 -0.00771318 0.245911 11.283 27.5587 -13 539 0 0 1
-1.38085 0.263436 680 0.00476359 -0.0204812 0.0536538 28.6666 11 539 1001 0 1
0.0456156 -0.186806 680 -0.010444 -0.0183914 11.2463 47.498 -13 540 0 0 1
-0.470571 -4.03867 680 -0.614427 -0.0100508 10.6589 42.632 -13 547 0 0 1
-0.195564 -0.14887 680 -0.0524473 0.0127425 8.58193 44.9952 -13 550 0 0 1
0.0754755 0.289002 680 0.0175203 -0.00361049 4.9845 49.1589 -13 554 0 0 1
-0.21518 -0.124034 680 -0.0131113 -0.0314033 6.14882 60.1328 -13 556 0 0 1
-0.0418964 0.294191 680 0.0662206 -0.0174626 10.9251 50.7259 -13 559 0 0 1
0.0322447 -0.0755731 680 -0.0274845 -0.0024137 13.5995 18.9856 -13 560 0 0 1
-0.391357 0.546969 680 -0.0084077 -0.0438797 5.04857 73.1211 -13 561 0 0 1
0.185514 0.488377 680 0.105321 -0.0555066 11.04 25.9169 -13 562 0 0 1
-0.189046 -0.0423398 680 -0.0579532 0.0596495 11.8282 46.8322 -13 568 0 0 1
-0.000169403 -0.0988476 680 -0.0125226 0.00287131 13.5333 29.484 -13 569 0 0 1
0.426069 -0.301853 680 -0.034822 -0.1041 11.0698 47.9284 -13 570 0 0 1
0.0469911 -0.239836 680 -0.0509516 -0.0409394 12.64 32.9841 -13 571 0 0 1
-0.147481 0.0745013 680 -0.00782168 -0.0151873 9.87951 37.102 -13 572 0 0 1
-0.130323 -0.257607 680 -0.0191466 -0.0331326 6.45246 50.0369 -13 573 0 0 1
0.18655 -0.0656601 680 -0.00864216 -0.0215271 13.7321 26.7568 -13 574 0 0 1
0.206365 -0.393828 680 -0.0994233 -0.000241468 13.9483 44.182 -13 584 0 0 1
0.014183 0.168445 680 0.0531961 -0.0482237 11.2253 29.9414 -13 585 0 0 1
0.147201 0.220156 680 0.0460545 -0.0406305 9.34697 50.987 -13 586 0 0 1
0.182304 0.264762 680 0.0284961 -0.0307921 13.7635 37.3551 -13 587 0 0 1
0.267547 0.555599 680 0.106242 -0.0542913 9.52505 35.2673 -13 588 0 0 1
-0.126643 0.0177374 680 0.00663969 0.023776 13.2682 30.9294 -13 589 0 0 1
-0.230047 0.0200275 680 0.0152515 0.0463981 9.06231 38.6269 -13 591 0 0 1
1.9939 1.75076 680 -0.00169566 0.0420374 0.0588748 37.11 11 591 1003 0 1
-0.070902 0.447579 680 0.0609174 0.0658157 8.28957 42.0161 -13 592 0 0 1
-0.068116 0.180526 680 0.095786 -0.041454 5.7067 68.8638 -13 593 0 0 1
-0.118749 0.388507 680 0.0298948 0.0187406 10.7516 52.0551 -13 594 0 0 1
0.295273 0.382634 680 0.0774307 -0.0322336 8.09253 46.7618 -13 596 0 0 1
0.339619 0.415113 680 0.0141459 0.0328945 0.0215164 46.807 11 596 1003 0 1
0.319648 0.0933258 680 0.0839215 -0.0409582 10.4026 35.3129 -13 597 0 0 1
0.283385 0.311867 680 0.0400723 -0.0805119 5.70923 48.7156 -13 599 0 0 1
-nan -nan -nan -nan -nan -nan -nan -13 600 0 0 1
-0.387165 -0.0721177 680 -0.0551831 0.026108 12.5322 37.6241 -13 601 0 0 1
-0.299926 0.264474 680 -0.0228865 0.0937923 6.76737 57.5304 -13 896 0 0 1
-0.324404 0.376534 680 0.0649624 0.0924004 10.3264 31.009 -13 897 0 0 1
-0.262865 -0.305869 680 -0.0432934 0.053615 8.37961 45.6286 -13 898 0 0 1
0.321212 -0.246065 680 -0.0596643 -0.106906 5.11207 74.1813 -13 901 0 0 1
-0.883227 -1.24033 680 0.00554942 0.00166129 -0.170153 633.062 11 901 1004 0 1
-0.0629425 0.117868 680 0.026107 -0.00111573 8.6196 30.7464 -13 902 0 0 1
-0.265791 0.0611692 680 -0.0288995 0.0399367 10.2761 25.9125 -13 914 0 0 1
0.319335 -0.626041 680 -0.0865967 -0.107819 9.06948 33.2735 -13 915 0 0 1
-0.00511686 -0.00499059 680 -0.0366542 0.0252793 13.787 36.7974 -13 916 0 0 1
0.103628 -0.0630096 680 0.0361748 0.00673233 12.4741 39.3711 -13 917 0 0 1
-0.0806621 0.284432 680 0.0415873 -0.0104136 12.8364 43.3978 -13 918 0 0 1
0.58304 -0.155274 680 -0.077803 -0.0171493 3.69484 67.3529 -13 919 0 0 1
0.213451 -0.17874 680 -0.0230883 0.00184651 8.62875 31.5624 -13 920 0 0 1
0.0181744 -0.00808474 680 -0.0258699 0.026031 14.0761 23.8978 -13 921 0 0 1
0.167229 -0.106344 680 -0.00288089 -0.0436194 12.8713 40.2912 -13 922 0 0 1
0.339406 -0.595037 680 -0.120779 -0.0432217 3.63627 89.1034 -13 923 0 0 1
-0.197204 -0.134053 680 -0.0192685 0.0228929 13.6142 32.1049 -13 924 0 0 1
0.107986 -0.26482 680 -0.0413402 -0.0329627 13.9622 46.2216 -13 925 0 0 1
-0.147876 -0.308197 680 -0.0330502 -0.0252857 12.8021 20.1688 -13 926 0 0 1
0.62077 -0.155691 680 -0.00538718 -0.0259499 4.7547 64.7075 -13 927 0 0 1
0.113105 -0.196842 680 -0.033839 -0.0374782 11.7735 44.6073 -13 928 0 0 1
-0.0114208 -0.0053551 680 0.00515903 0.0247055 13.5417 24.927 -13 929 0 0 1
0.262436 -0.218838 680 -0.00498184 -0.0461448 12.7117 37.6795 -13 930 0 0 1
-0.161528 -0.0378969 680 0.0127861 0.0249669 13.3019 39.9038 -13 931 0 0 1
-0.008414 -0.118941 680 -0.0319593 0.0158116 11.4252 50.5956 -13 932 0 0 1
-0.0921807 0.121674 680 -0.00294343 0.0176245 13.6069 31.5998 -13 933 0 0 1
0.238944 -0.0273371 680 -0.0262541 -0.072524 8.57775 40.8174 -13 934 0 0 1
0.549955 0.279471 680 -0.0375207 -0.121171 10.4096 44.9696 -13 935 0 0 1
0.079224 0.0998509 680 0.0345277 -0.00615665 12.4408 33.4153 -13 936 0 0 1
0.0708754 -0.21811 680 -0.0513775 -0.0319579 12.5228 47.0567 -13 937 0 0 1
-0.0976605 -0.148522 680 0.0902745 0.0196103 4.53622 56.0525 -13 938 0 0 1
-0.327422 -0.282393 680 -0.0144237 0.0982647 13.8092 27.9285 -13 939 0 0 1
-0.103489 -0.0112687 680 -0.023097 0.0344773 5.91532 44.8262 -13 940 0 0 1
-0.0982791 -0.0904902 680 -0.0678492 -0.0051224 12.2651 36.028 -13 941 0 0 1
0.285335 -0.753448 680 -0.101891 -0.0933394 0.877467 129.439 -13 942 0 0 1
-0.252968 0.193689 680 0.0144293 0.0488345 10.4584 48.3915 -13 943 0 0 1
0.128355 0.304325 680 0.121378 -0.0600378 11.1071 25.9366 -13 4 0 0 1
0.285164 -0.145261 680 0.0168173 -0.0457669 6.85884 42.2098 -13 5 0 0 1
-0.00812685 0.0316179 680 -0.0299074 0.00315456 14.3629 31.141 -13 25 0 0 1
-0.301608 -0.372227 680 -0.0651982 0.0419138 13.6241 20.2563 -13 30 0 0 1
0.0318372 0.0353526 680 -0.00650109 -0.0264027 10.3665 27.7315 -13 31 0 0 1
0.138193 0.336169 680 0.0182302 0.0147037 5.00753 73.8538 -13 35 0 0 1
0.0918528 0.0302051 680 0.0255715 0.0226171 11.8434 44.0917 -13 38 0 0 1
0.279218 -0.00819728 680 -0.028642 -0.0673209 8.39237 40.99 -13 51 0 0 1
0.049422 -0.739104 680 0.0702613 -0.0695638 0.649384 139.828 -13 52 0 0 1
-0.293674 0.164967 680 0.00309292 0.0279693 8.27719 36.4873 -13 58 0 0 1
-nan -nan -nan -nan -nan -nan -nan -13 342 0 0 1
-0.737317 -0.389409 680 -0.0824504 0.0757087 0.944059 137.288 -13 343 0 0 1
0.106884 -0.0445844 680 -0.113431 0.0336286 6.81002 57.1675 -13 602 0 0 1
-1.78349 -0.611217 680 -0.180512 0.0706506 9.24202 48.7001 -13 603 0 0 1
0.0618062 0.279339 680 0.0663353 -0.0560201 7.51511 45.1174 -13 604 0 0 1
0.0197917 -0.02068 680 -0.0115705 -0.00820786 12.4431 36.2217 -13 606 0 0 1
-0.397227 -0.0291827 680 -0.00653057 0.0921492 11.8817 26.375 -13 607 0 0 1
-0.308545 0.0850593 680 0.0420032 0.115796 12.93 33.8443 -13 608 0 0 1
-0.0140126 -0.164484 680 -0.100912 -0.0121839 8.74052 34.9765 -13 610 0 0 1
-1.12233 -0.845595 680 0.0261287 -0.0222425 0.0419294 34.3443 11 610 1001 0 1
0.159193 0.0933242 680 0.0106593 -0.0156726 10.3206 28.6099 -13 611 0 0 1
-0.0931771 -0.11372 680 0.00856801 0.0322424 10.79 39.6139 -13 617 0 0 1
0.185274 0.040067 680 -0.049362 0.0477767 4.64333 71.8607 -13 619 0 0 1
-0.334937 -0.274704 680 -0.0588212 0.0865541 5.10205 48.9308 -13 621 0 0 1
0.0626098 -0.127137 680 -0.0276482 -0.0452402 9.40508 43.5639 -13 627 0 0 1
1.43304 -0.178058 680 -0.0667568 -0.0905053 2.25378 100.04 -13 628 0 0 1
0.216485 -0.143577 680 -0.0231308 -0.0231994 10.4392 29.6244 -13 629 0 0 1
-0.215693 -0.150654 680 -0.0168698 0.0527766 11.7028 48.4369 -13 630 0 0 1
0.0712404 -0.03383 680 0.0256064 -0.0293542 8.83864 55.1474 -13 631 0 0 1
-0.478355 -0.0535138 680 -0.0879821 0.0619099 13.6956 36.4565 -13 644 0 0 1
0.0235203 0.030379 680 0.0148585 -0.00191509 9.71444 27.4066 -13 645 0 0 1
-0.40291 -0.129423 680 -0.00550633 0.0893535 5.94663 67.3384 -13 647 0 0 1
0.770525 -0.221294 680 -0.0424977 -0.00996814 3.87791 71.2285 -13 648 0 0 1
0.120202 0.0719872 680 0.0617006 0.0257406 10.0548 37.2715 -13 651 0 0 1
-0.058621 -0.483557 680 -0.0535672 0.011687 12.258 32.3823 -13 654 0 0 1
-0.402964 -0.264073 680 -0.0366724 0.133978 4.79578 64.3937 -13 658 0 0 1
4.71318 -1.02007 680 0.00083555 -0.00355389 0.0396484 62.7669 11 658 1006 0 1
0.0110267 -0.12268 680 -0.0596417 0.0407692 11.6739 43.4066 -13 660 0 0 1
0.231012 0.0480867 680 0.0333816 -0.0466728 10.6274 39.0256 -13 661 0 0 1
0.406405 0.270542 680 0.0649057 -0.0556993 12.1242 31.651 -13 662 0 0 1
-0.0144932 0.173078 680 0.0493097 0.0146349 9.52244 54.8032 -13 663 0 0 1
-0.389439 0.13168 680 0.0382887 0.0595718 11.3314 23.602 -13 665 0 0 1
0.0244705 0.226475 680 0.00972815 -0.0146073 11.7595 35.4836 -13 666 0 0 1
0.175996 -0.0174158 680 0.00913736 -0.0174628 13.0879 31.622 -13 667 0 0 1
-0.0724401 -0.252587 680 -0.0505712 0.0141922 6.60979 46.8223 -13 668 0 0 1
-0.499839 0.285253 680 0.0552457 0.0368203 9.54316 43.3074 -13 669 0 0 1
0.24878 0.129531 680 0.0163673 0.00929739 13.1362 38.4429 -13 671 0 0 1
-0.517985 -0.0386781 680 -0.0301715 0.0318144 7.14639 41.814 -13 675 0 0 1
0.449402 -0.933918 680 -0.127365 -0.0553293 11.8258 27.5217 -13 677 0 0 1
-0.487812 -0.258984 680 -0.0817882 0.0798684 8.00404 37.6844 -13 685 0 0 1
0.132783 -0.125121 680 -0.0094175 -0.0165902 11.6452 48.1657 -13 686 0 0 1
0.0656558 -0.423947 680 -0.033529 0.0131397 8.99192 33.5903 -13 687 0 0 1
0.152699 0.0692361 680 0.0188769 -0.0196708 12.8368 42.0986 -13 688 0 0 1
-0.268908 -0.0427927 680 -0.0485173 0.108029 9.87117 47.2429 -13 689 0 0 1
0.0481386 0.318094 680 0.0767536 0.0376664 5.14243 65.8565 -13 690 0 0 1
0.0579389 -0.450254 680 -0.0950472 -0.0408697 7.4157 34.3313 -13 692 0 0 1
0.0281202 0.0569505 680 0.0581766 0.0417751 12.7669 40.0905 -13 693 0 0 1
0.166878 0.124318 680 -0.0290655 0.0282269 3.52725 73.119 -13 694 0 0 1
0.0805024 0.141986 680 0.0768281 -0.0401656 7.31154 44.0199 -13 695 0 0 1
0.197993 0.256306 680 0.0700633 0.0345303 8.72959 35.7268 -13 698 0 0 1
-0.107415 -0.13274 680 -0.0563597 -0.093503 8.72273 38.1799 -13 700 0 0 1
-0.0396833 1.39297 680 0.00340777 0.0403987 0.0377816 38.4001 11 700 1002 0 1
-0.0226037 0.567044 680 0.072462 -0.063841 8.93144 29.1907 -13 701 0 0 1
0.842178 -0.341825 680 0.014824 0.000524952 0.0758132 27.0339 11 701 1002 0 1
-0.047484 -0.0947883 680 -0.0066768 0.00871234 12.0712 42.5589 -13 703 0 0 1
0.310469 -0.0803308 680 -0.00288851 -0.049757 7.93194 50.4325 -13 710 0 0 1
-0.0881447 -0.0473445 680 -0.00329759 -0.00841582 11.6049 40.8485 -13 712 0 0 1
0.481907 0.450296 680 0.0159712 -0.056077 6.33419 59.7437 -13 713 0 0 1
0.229397 0.131464 680 0.016343 0.0219812 14.0427 38.7183 -13 714 0 0 1
0.141067 0.0783464 680 -0.0152025 -0.0418539 10.5909 38.3922 -13 717 0 0 1
0.0542019 -0.093369 680 -0.00873046 -0.0214735 8.52362 31.9263 -13 723 0 0 1
-0.237041 -0.254623 680 -0.0666218 0.0484096 9.58709 37.2014 -13 725 0 0 1
-0.397334 0.108704 680 0.0348204 0.111533 13.5933 33.5584 -13 726 0 0 1
-0.0727977 -0.0243303 680 -0.0444065 0.0153103 14.1376 22.3813 -13 727 0 0 1
0.00281678 0.0578608 680 0.0308146 0.0132598 10.9634 25.3408 -13 731 0 0 1
-1.3947 0.317237 680 0.0256277 -0.0219256 0.934405 549.686 -13 732 0 0 1
0.173286 -0.00402229 680 -0.00647194 -0.0585274 4.5205 63.3281 -13 733 0 0 1
0.218608 -0.246723 680 0.00210929 -0.0644821 5.65026 65.4615 -13 944 0 0 1
0.352115 -0.996009 680 -0.0551405 -0.081967 3.55854 88.289 -13 945 0 0 1
-0.0924179 -0.0784136 680 -0.0143862 -0.0122695 14.3 30.2306 -13 946 0 0 1
-0.161223 0.0563252 680 0.0349894 0.017819 10.4775 28.6271 -13 947 0 0 1
-0.123952 -0.228399 680 -0.0191225 0.115872 7.69015 36.7029 -13 948 0 0 1
0.0493706 -0.100651 680 -0.0071161 -0.0241765 12.4776 40.8039 -13 949 0 0 1
1.07257 -0.982151 680 -0.211355 -0.105505 2.69527 76.03 -13 950 0 0 1
0.272172 -0.06168 680 0.0558637 -0.112734 5.19638 52.4949 -13 951 0 0 1
-0.888666 -1.07785 680 -0.0804068 0.106243 3.8419 84.466 -13 952 0 0 1
-0.0063724 -0.0704213 680 -0.000721697 -0.00296282 9.85059 31.7713 -13 953 0 0 1
-0.620492 0.429969 680 -0.00508711 0.162066 6.7065 55.8843 -13 954 0 0 1
-0.186855 0.141346 680 -0.0500614 0.0546221 7.34664 50.0983 -13 955 0 0 1
-0.0519721 0.0324583 680 -0.0421917 0.0943349 6.80789 42.7208 -13 956 0 0 1
0.103386 -0.0680648 680 -0.0155487 -0.0346833 14.0551 36.5077 -13 957 0 0 1
0.187276 0.399558 680 0.100358 0.00669992 11.8411 35.0727 -13 958 0 0 1
0.0051108 0.199929 680 0.00531282 -0.0115908 10.395 44.1975 -13 959 0 0 1
0.0200946 -0.0367262 680 -0.0153164 -0.000666226 14.4369 26.6672 -13 960 0 0 1
-0.382034 0.911937 680 0.0296535 -0.0149467 0.661427 540.128 -13 961 0 0 1
-0.159026 -0.0230233 680 -0.0272025 0.0205106 11.8059 39.8996 -13 962 0 0 1
-0.0539508 0.0979311 680 0.0123359 -0.0631541 9.38331 34.1353 -13 966 0 0 1
-0.708653 0.582623 680 -0.0195174 0.165955 1.64836 100.722 -13 968 0 0 1
0.0895828 0.012843 680 -0.0433594 -0.0216371 13.2443 32.6568 -13 971 0 0 1
-0.138865 0.14342 680 0.0104448 0.0361282 8.25924 46.9005 -13 19 0 0 1
0.237728 0.449368 680 0.000264662 0.000249985 1.1922 557.685 -13 20 0 0 1
0.345346 0.184745 680 0.0460876 -0.00893887 8.88417 42.7539 -13 26 0 0 1
-0.153158 0.191041 680 0.0894471 -0.017151 10.3836 51.5662 -13 37 0 0 1
0.062136 0.152462 680 0.0242675 -0.0550508 9.75993 52.2952 -13 57 0 0 1
-0.386933 -0.027304 680 -0.0592496 0.0824229 7.04453 51.3734 -13 59 0 0 1
-0.0442352 0.184332 680 0.00832857 -0.000608399 14.0112 45.7257 -13 63 0 0 1
-0.0802607 0.124623 680 0.0363669 0.0292781 7.34197 46.077 -13 66 0 0 1
-0.112599 0.116006 680 0.0384571 -0.0222779 10.6344 42.4499 -13 68 0 0 1
0.0313624 0.173689 680 0.0598202 -0.0319704 11.1599 27.0855 -13 70 0 0 1
-0.082977 -0.0589088 680 -0.0349555 0.00980343 10.3389 25.086 -13 72 0 0 1
-0.297095 0.146596 680 0.0443584 0.0726687 5.9978 61.3043 -13 73 0 0 1
0.177988 0.132115 680 0.0459236 -0.0395992 13.5213 31.7076 -13 78 0 0 1
6.30783 -0.428263 680 0.0122964 -0.0118506 0.0366034 42.1509 11 78 1002 0 1
-0.147101 -0.249855 680 -0.097076 -0.0420409 6.29497 51.4816 -13 84 0 0 1
-0.153957 -0.264177 680 -0.00879419 -0.00499571 0.00451044 51.5491 11 84 1001 0 1
0.198423 0.0359421 680 -0.00699041 -0.046065 12.8591 34.1838 -13 97 0 0 1
-0.121096 -0.165655 680 -0.0451091 0.017959 9.5655 33.554 -13 98 0 0 1
0.31821 0.70386 680 0.0163423 -0.0347353 4.72015 66.0603 -13 101 0 0 1
0.231975 -0.148301 680 -0.0678981 -0.0539747 9.93753 47.8317 -13 103 0 0 1
0.0306573 -0.0837689 680 -0.0476318 0.00701008 10.3072 51.7532 -13 106 0 0 1
0.0290951 0.237167 680 0.0328084 -0.0188447 7.27337 45.7463 -13 108 0 0 1
3.203 1.05137 680 0.0242357 -0.00756708 0.0426211 45.3733 11 108 1005 0 1
0.10485 0.0165723 680 -0.0161656 -0.0318866 13.5643 18.8333 -13 109 0 0 1
-0.579576 0.0713134 680 -0.0519624 0.115885 5.78856 46.4588 -13 118 0 0 1
-0.295694 -0.444762 680 -0.193963 0.113007 7.48455 46.3275 -13 120 0 0 1
0.0427556 0.00282529 680 -0.012685 -0.0352377 13.4905 27.9085 -13 128 0 0 1
-0.0422798 -0.07966 680 -0.0299658 0.0359682 13.4933 30.9742 -13 129 0 0 1
-0.341686 0.432658 680 0.00335465 0.0587336 10.4248 45.6877 -13 130 0 0 1
0.0278994 0.300911 680 0.0339579 0.00901346 9.16182 34.8495 -13 131 0 0 1
0.035989 0.0681688 680 -0.00386388 -0.0451071 12.9724 30.8607 -13 136 0 0 1
1.06725 0.926841 680 0.107318 -0.177807 13.8192 18.9872 -13 141 0 0 1
-0.480951 -0.0666102 680 -0.0126145 0.0683619 13.7432 29.6341 -13 142 0 0 1
-0.00156606 0.291713 680 0.0909575 -0.0164019 10.9878 27.8971 -13 143 0 0 1
-0.239021 0.388491 680 0.129873 0.0612825 9.82578 50.1474 -13 145 0 0 1
0.209349 -0.0611466 680 -0.0327087 0.00733053 13.8429 38.3959 -13 150 0 0 1
0.28345 0.131123 680 0.0343398 -0.0489547 9.4539 43.0311 -13 154 0 0 1
0.177015 -0.083205 680 -0.0382175 -0.0330848 13.2287 27.867 -13 157 0 0 1
-0.10721 -0.270323 680 -0.058794 -0.0798971 9.77235 40.2912 -13 162 0 0 1
0.101419 0.137948 680 -0.00814293 -0.0284435 9.74854 28.0787 -13 163 0 0 1
0.426779 0.00503458 680 0.0850596 -0.0610998 5.58717 54.4463 -13 178 0 0 1
0.0730251 -0.0180002 680 0.00871269 -0.0189477 12.0838 26.1128 -13 192 0 0 1
0.211398 -0.117872 680 0.0292732 -0.0368086 14.456 37.8508 -13 203 0 0 1
0.266023 0.477763 680 0.0811933 -0.0238149 7.1275 44.9957 -13 205 0 0 1
-nan -nan -nan -nan -nan -nan -nan -13 206 0 0 1
-0.0314793 -0.102345 680 -0.0137605 -0.0200204 13.706 30.9298 -13 209 0 0 1
-0.0933287 -0.104915 680 0.00207586 -0.0189972 12.0909 35.0097 -13 347 0 0 1
0.105118 0.141267 680 0.0452973 -0.0630167 7.10884 48.2543 -13 349 0 0 1
-0.292891 0.267741 680 0.102249 0.0729167 7.76505 54.4932 -13 350 0 0 1
-1.99388 -1.03603 680 -0.511102 0.195701 2.89699 89.9532 -13 355 0 0 1
-0.21942 -0.137807 680 0.0164836 0.0391111 9.74518 52.9301 -13 356 0 0 1
-0.117261 -0.0518378 680 0.0212614 -0.0216775 10.6645 50.3479 -13 357 0 0 1
0.225915 -0.310011 680 -0.0863548 -0.00915974 11.7804 27.1211 -13 359 0 0 1
0.167191 0.227447 680 0.0491743 0.0187515 13.4873 39.8894 -13 360 0 0 1
-1.44918 -1.88243 680 -0.00691222 0.0371879 0.0253228 40.8746 11 360 1001 0 1
0.29825 -0.338899 680 -0.168112 0.00259794 3.66186 67.0304 -13 361 0 0 1
0.422247 -0.167512 680 -0.0808748 -0.0522768 11.8041 25.5985 -13 365 0 0 1
-0.628237 2.52212 680 -0.00548551 -0.0345668 0.0252284 30.9722 11 365 1001 0 1
-0.342039 0.302678 680 -0.0404986 0.117024 7.86996 31.8345 -13 366 0 0 1
-0.130246 -0.20122 680 -0.0580751 0.0369465 11.6984 45.6437 -13 367 0 0 1
-0.0308644 0.304698 680 0.0250769 0.0158716 14.4913 34.8305 -13 371 0 0 1
0.0491671 -0.261036 680 -0.0949855 0.019859 10.6689 28.2762 -13 380 0 0 1
-0.343898 11.0204 680 -0.0021694 -0.0100369 0.0493402 30.4444 11 380 1002 0 1
0.177605 0.106956 680 0.0576021 -0.0757889 7.79451 43.8075 -13 381 0 0 1
0.0188668 -0.0249881 680 -0.0178538 -0.0107169 14.4278 35.0558 -13 387 0 0 1
0.327115 0.384286 680 0.0406844 -0.100946 9.3106 49.8763 -13 388 0 0 1
-1.58548 1.4642 680 0.00173929 -0.03665 0.0410936 50.172 11 388 1001 0 1
-0.0364587 0.0666635 680 0.0433611 0.0445596 13.4913 36.9838 -13 389 0 0 1
-0.199649 -0.040652 680 -0.0321484 0.241678 3.66261 63.1888 -13 393 0 0 1
0.0889258 0.183987 680 0.0203844 -0.0390308 3.53548 71.8994 -13 394 0 0 1
0.0730826 0.79515 680 0.0975702 0.0575634 13.2996 26.0144 -13 398 0 0 1
-0.139617 0.0175847 680 0.0086074 -0.0218798 12.6472 23.0229 -13 399 0 0 1
-0.0867094 0.0178444 680 0.00982818 0.0630333 11.643 32.6387 -13 400 0 0 1
0.0152898 0.22205 680 0.054685 0.0243074 11.1506 35.3488 -13 401 0 0 1
0.00628431 -0.156016 680 -0.039281 0.0753261 7.27881 34.8245 -13 402 0 0 1
0.0308896 -0.097819 680 -0.0398338 0.00464092 14.3887 25.7338 -13 404 0 0 1
-0.531086 -0.337245 680 -0.125296 0.0652012 4.64618 74.9959 -13 407 0 0 1
0.250077 0.393606 680 0.092835 -0.0546831 10.9122 44.0864 -13 408 0 0 1
0.0578401 0.284011 680 0.0801921 -0.0320032 7.10756 44.2215 -13 410 0 0 1
-0.581399 0.039238 680 0.0546029 0.0696664 6.82007 40.6077 -13 411 0 0 1
0.0503264 -0.643155 680 -0.112745 0.0662736 7.20302 38.2395 -13 412 0 0 1
-5.18774 2.31026 680 0.025761 -0.00731751 0.0430522 36.7753 11 412 1002 0 1
-0.226574 -0.368777 680 -0.0590777 0.0648421 5.72668 42.9783 -13 413 0 0 1
-0.126997 0.463564 680 -0.00512828 0.00500531 6.47239 42.9838 -13 417 0 0 1
0.804307 -2.09745 680 0.0183298 0.0186621 0.0424665 42.622 11 417 1001 0 1
-3.05896 1.14185 680 0.00732396 0.00633625 -0.0387049 48.469 11 417 1001 0 1
0.132563 0.0403093 680 0.0472148 0.00753855 13.2034 23.6007 -13 421 0 0 1
0.473916 -0.283948 680 -0.00341215 -0.0485462 4.91949 76.7657 -13 425 0 0 1
-0.121815 -0.46463 680 -0.0711433 0.0283979 4.77022 73.0066 -13 426 0 0 1
0.119333 0.049642 680 0.0173531 0.0799647 9.9216 35.0674 -13 430 0 0 1
0.10518 -0.0459512 680 -0.00818479 0.0152328 11.9339 49.2035 -13 439 0 0 1
-0.246358 -0.664981 680 -0.0681975 0.117802 3.99387 60.2417 -13 442 0 0 1
0.512002 -0.242115 680 -0.061362 -0.088039 7.57755 57.6196 -13 443 0 0 1
0.340411 -0.299974 680 -0.0269948 -0.0590936 7.98374 56.2818 -13 445 0 0 1
-0.0589582 -0.0513296 680 -0.0155619 0.0417935 13.3898 45.2266 -13 446 0 0 1
-0.0178345 0.0424033 680 -0.0626494 0.0163633 11.5456 33.396 -13 447 0 0 1
-1.60299 1.6623 680 -0.027961 -0.0285133 0.0108227 35.4108 11 447 1001 0 1
0.135075 0.141572 680 -0.115955 -0.0338105 9.81694 28.5757 -13 448 0 0 1
-0.149505 0.222763 680 -0.0115836 0.038746 8.15743 34.5731 -13 449 0 0 1
-0.256695 0.13039 680 0.0169729 0.00682219 12.3634 49.2207 -13 450 0 0 1
-0.248361 -0.024796 680 -0.0451504 0.0609138 11.8873 47.2589 -13 452 0 0 1
0.253456 0.233919 680 0.0204038 -0.0483355 12.9577 46.9374 -13 453 0 0 1
0.0694768 -0.0856269 680 -0.0236738 0.00798099 9.5114 35.0265 -13 454 0 0 1
-0.0179956 -0.0736446 680 -0.0193108 0.0112144 14.0715 20.9294 -13 467 0 0 1
0.0354426 -0.725777 680 -0.0664271 0.0463435 4.64795 67.7786 -13 469 0 0 1
-0.176223 0.0500035 680 -0.0708045 -0.0639845 6.34056 40.4097 -13 470 0 0 1
0.179208 -0.287074 680 -0.0449256 -0.0781832 10.0345 44.8508 -13 472 0 0 1
0.231625 -0.209469 680 0.0412255 -0.0715688 8.22774 44.9854 -13 474 0 0 1
0.0808176 -0.107862 680 0.0133505 -0.00701911 11.7851 31.3179 -13 475 0 0 1
0.0251078 0.342402 680 0.104129 -0.102079 7.81441 32.3118 -13 476 0 0 1
0.159135 0.290522 680 0.0041781 -0.00704905 9.50851 42.0322 -13 477 0 0 1
-0.195049 -0.033469 680 -0.0313709 0.0279364 9.6946 28.275 -13 478 0 0 1
0.0502975 -0.222798 680 0.0336866 0.0280502 10.6651 40.2651 -13 480 0 0 1
2.76272 -4.98835 680 -0.0154566 0.00310693 0.0543742 40.847 11 480 1002 0 1
-0.17182 0.153852 680 0.0417204 0.026925 13.9292 22.0863 -13 492 0 0 1
0.059121 0.139926 680 0.057592 -0.0291418 10.8831 32.9211 -13 501 0 0 1
0.265923 -0.0715496 680 0.00132955 -0.0376594 14.4296 22.5045 -13 502 0 0 1
-0.145574 -0.166473 680 0.00167086 0.0190893 11.1817 39.0301 -13 504 0 0 1
0.452891 -0.210573 680 0.0192106 -0.0504467 3.28903 83.1498 -13 505 0 0 1
-0.204603 -0.0882524 680 -0.025912 -0.00574531 8.67003 36.2209 -13 506 0 0 1
0.630176 0.574753 680 0.135037 -0.0357891 8.15432 50.3629 -13 509 0 0 1
0.321318 0.245467 680 -0.0468002 0.0551942 10.527 33.3624 -13 510 0 0 1
-0.0305408 -0.011079 680 0.0322577 -0.018097 10.4472 26.7173 -13 511 0 0 1
0.19892 -0.0645484 680 -0.0105661 -0.0555504 12.8736 37.2156 -13 512 0 0 1
0.0512877 -0.0913853 680 -0.0151073 -0.000582012 13.3382 19.388 -13 513 0 0 1
-0.101033 0.0368203 680 -0.00211588 0.0694197 10.215 47.8524 -13 515 0 0 1
-0.264004 -0.14493 680 0.00824315 0.0713264 3.61657 70.224 -13 516 0 0 1
0.0463202 -0.192691 680 -0.0661072 -0.0107629 11.6588 39.9855 -13 519 0 0 1
0.40926 -0.257238 680 0.0567272 -0.0536122 11.6205 38.4508 -13 520 0 0 1
-nan -nan -nan -nan -nan -nan -nan -13 521 0 0 1
0.330857 0.0793504 680 -0.0772046 -0.0922164 13.5407 34.3647 -13 523 0 0 1
-0.122717 -0.0701328 680 -0.0230987 0.0232048 14.169 33.0103 -13 759 0 0 1
-0.123564 -0.268678 680 -0.0644336 0.0109261 11.1435 48.2388 -13 763 0 0 1
0.0589044 -0.209072 680 0.0201433 -0.0551683 9.85087 35.8379 -13 764 0 0 1
-0.118203 -0.398258 680 -0.0027509 -0.00315812 5.81754 48.5358 -13 765 0 0 1
0.0410311 -0.0341792 680 -0.00970834 -0.0452913 8.58506 33.6304 -13 766 0 0 1
0.124785 0.0518832 680 0.0362432 -0.0157763 12.8659 40.1113 -13 768 0 0 1
-0.151758 -0.512071 680 -0.0321239 -0.0219914 6.93371 39.4707 -13 769 0 0 1
0.00426943 0.336332 680 0.0597264 -0.0124861 13.6287 24.9981 -13 770 0 0 1
-0.155532 0.136222 680 0.0307578 0.0311859 14.3243 19.6582 -13 772 0 0 1
-0.351623 -0.0284992 680 0.070956 0.0487015 3.60392 65.6834 -13 775 0 0 1
-1.37387 -0.150273 680 0.027376 0.0307221 -0.164519 755.066 11 775 1001 0 1
-0.233011 -0.030245 680 -0.00666138 0.0396907 10.6733 35.5312 -13 777 0 0 1
-0.394339 -0.152792 680 0.0210569 0.052168 10.8116 38.8336 -13 810 0 0 1
-0.0801841 -0.156164 680 0.00866703 -0.0475983 5.48452 46.0489 -13 811 0 0 1
-0.0847329 -0.19233 680 -0.0871418 -0.0399182 6.47812 39.3456 -13 812 0 0 1
0.405813 -0.173338 680 0.0421738 -0.0915153 13.2189 29.6146 -13 813 0 0 1
-0.109652 -0.274067 680 -0.0837374 0.0623582 5.93744 45.0165 -13 816 0 0 1
-0.108606 -0.438979 680 -0.0635144 0.091534 5.21484 69.8191 -13 817 0 0 1
0.183714 0.0460983 680 -0.00988014 -0.0153825 14.4466 43.2387 -13 825 0 0 1
-0.0530253 0.208626 680 0.00860102 -0.0365692 8.99411 56.5329 -13 833 0 0 1
-0.125121 -0.149971 680 -0.0653965 0.00294116 5.25494 69.2111 -13 834 0 0 1
-0.268487 0.249268 680 0.025419 0.0343676 11.8392 42.5677 -13 836 0 0 1
-0.055947 0.24058 680 0.0194166 0.00887568 11.1261 43.7618 -13 839 0 0 1
-nan -nan -nan -nan -nan -nan -nan -13 841 0 0 1
-0.0166614 -0.189263 680 -0.0254973 0.0307369 6.13666 65.9446 -13 842 0 0 1
-0.273705 -0.074749 680 -0.0261729 0.0408288 11.8592 43.6758 -13 963 0 0 1
0.308202 0.131691 680 0.0602228 -0.0183841 10.3632 50.2155 -13 964 0 0 1
-1.9788 -1.90402 680 0.0133774 0.0109951 0.0852419 46.8855 11 964 1006 0 1
-0.058024 0.126433 680 -0.000787737 -0.00553126 11.3199 37.3758 -13 965 0 0 1
-0.116674 -0.32008 680 -0.00866377 0.0159382 8.86859 40.23 -13 969 0 0 1
-1.90823 6.68052 680 -0.0281364 -0.0423919 0.0179811 42.4284 11 969 1003 0 1
-nan -nan -nan -nan -nan -nan -nan -13 970 0 0 1
-0.0231982 0.00855816 680 0.00792543 0.0491465 14.4439 32.4024 -13 972 0 0 1
