#BLTrackFile NTuple/Z700
#x y z Px Py Pz t PDGid EventID TrackID ParentID Weight
#mm mm mm MeV/c MeV/c MeV/c ns - - - - -
-0.122853 0.170984 700 -0.00244249 0.0308913 11.4972 40.7111 -13 1 0 0 1
0.195138 0.153978 700 0.0548169 -0.034346 9.92275 27.5289 -13 3 0 0 1
0.0123666 0.0133672 700 -0.00602409 0.0929136 13.6079 41.7816 -13 9 0 0 1
0.142793 0.0754061 700 -0.0264643 0.0116307 8.41451 32.3379 -13 16 0 0 1
-0.0039484 0.0928165 700 0.0232093 0.0104031 13.6884 39.9463 -13 34 0 0 1
-0.0813281 -0.239274 700 0.0693735 -0.00623681 8.57275 53.3256 -13 36 0 0 1
-0.323097 -0.188132 700 -0.00197741 0.0341388 9.48411 36.636 -13 39 0 0 1
-0.0816785 0.00679164 700 0.025713 0.0245018 14.4066 29.4102 -13 43 0 0 1
0.352593 -0.017514 700 -0.034617 0.0128589 11.2471 41.1964 -13 44 0 0 1
-0.66013 0.0933525 700 0.0712579 0.0141511 6.6728 47.2319 -13 48 0 0 1
0.139156 -0.135094 700 -0.0270957 -0.0557487 10.7169 38.1742 -13 74 0 0 1
0.0823156 -0.136978 700 -0.0488751 -0.0157778 10.2812 52.2562 -13 80 0 0 1
0.250868 0.0054351 700 -0.0261424 -0.0606441 7.93206 44.4303 -13 86 0 0 1
0.117287 -0.310095 700 -0.0040614 -0.0628831 9.90066 36.1518 -13 89 0 0 1
-0.120248 -0.0728334 700 0.020447 0.0969731 5.682 51.8299 -13 94 0 0 1
0.153046 -0.398308 700 -0.0783637 0.0650821 5.36999 48.3197 -13 110 0 0 1
-0.677472 -0.06979 700 0.0768598 0.0671885 4.83398 72.1067 -13 123 0 0 1
0.389234 -0.186933 700 0.0480347 -0.0561157 11.7136 46.5852 -13 126 0 0 1
0.101598 0.183423 700 0.174993 -0.157886 7.19877 38.7629 -13 137 0 0 1
0.10567 -0.0124059 700 0.0173233 -0.03639 14.1428 43.0439 -13 140 0 0 1
0.218706 -0.00226423 700 0.0313676 -0.0946569 8.0796 34.4047 -13 151 0 0 1
-0.0576721 0.0201822 700 -0.0402574 0.0421128 14.1163 42.2295 -13 152 0 0 1
0.933542 -0.628134 700 -0.0425877 -0.24179 7.47546 41.9798 -13 160 0 0 1
1.69085 -0.412811 700 -0.00165201 0.0295724 0.0240422 42.1828 11 160 1002 0 1
-0.0958715 0.250801 700 0.029392 0.0164019 10.6565 26.2346 -13 175 0 0 1
-0.0129342 -0.421721 700 -0.0291152 0.0305047 7.10853 58.498 -13 180 0 0 1
0.12497 -0.179903 700 -0.0422147 -0.0581883 8.76771 55.0815 -13 181 0 0 1
-0.0113148 0.0398337 700 0.0128671 0.0126408 12.2742 25.3652 -13 184 0 0 1
0.0659449 0.0292501 700 -0.0358122 -0.00402313 11.8711 50.4661 -13 186 0 0 1
-0.523382 0.0313995 700 -0.00373367 0.0839257 4.7335 55.27 -13 187 0 0 1
0.048395 -0.287999 700 -0.127521 -0.0289796 8.56035 45.8757 -13 188 0 0 1
-nan -nan -nan -nan -nan -nan -nan -13 200 0 0 1
-0.484482 0.699044 700 0.0693752 0.094066 6.6065 52.8076 -13 211 0 0 1
0.31005 0.0281087 700 0.0130641 -0.0702055 13.7877 44.8529 -13 348 0 0 1
-0.46547 0.227381 700 0.028335 0.0134843 4.39696 62.336 -13 351 0 0 1
0.38229 0.847456 700 0.0743066 0.0290076 4.11409 69.219 -13 352 0 0 1
0.30356 0.408261 700 -0.00024439 -0.00188039 0.035738 68.26 11 352 1007 0 1
0.0601232 -0.223628 700 -0.0161453 -0.032332 10.932 40.596 -13 358 0 0 1
-0.674352 0.215238 700 -0.00040143 0.133 8.72871 29.6848 -13 362 0 0 1
0.165637 -0.314529 700 -0.0601758 -0.0043486 12.1628 49.2792 -13 363 0 0 1
2.70643 5.88855 700 -0.0228593 -0.000889306 0.051959 53.8437 11 363 1001 0 1
0.0893013 0.114496 700 0.0270009 0.0124882 14.4435 22.4488 -13 364 0 0 1
-0.700909 -0.442542 700 -0.07784 0.175701 6.41363 42.5595 -13 370 0 0 1
0.0869474 -0.132331 700 0.000619656 -0.00296197 0.608516 572.358 -13 372 0 0 1
-0.539193 0.00970308 700 -0.0136869 0.086483 13.3621 41.0029 -13 375 0 0 1
-0.637694 -1.06744 700 -0.204274 0.0172664 13.3856 31.5772 -13 382 0 0 1
0.204792 -0.0656222 700 -0.0443372 -0.0356902 14.1064 32.586 -13 384 0 0 1
-0.0119681 -0.0421794 700 0.0041224 0.00587228 14.4553 26.8737 -13 386 0 0 1
-0.335119 0.0956861 700 0.0129175 0.0441077 10.3011 33.7758 -13 390 0 0 1
0.439609 -0.234121 700 0.0225697 -0.0460589 8.64741 57.2262 -13 391 0 0 1
-0.244275 -0.16675 700 -0.182429 -0.136872 8.13634 58.1275 -13 392 0 0 1
-0.101587 -0.241633 700 -0.0711004 0.0221474 14.0981 27.0649 -13 395 0 0 1
-0.0538522 -0.405371 700 -0.0166268 -0.0708467 6.9933 51.626 -13 396 0 0 1
0.129778 0.0748003 700 -0.00388343 0.0240703 14.5183 25.0578 -13 397 0 0 1
0.369212 -0.203461 700 -0.0829861 -0.0550341 5.64981 63.5994 -13 403 0 0 1
0.0612364 -0.0519619 700 0.00507837 -0.0513515 12.8435 37.0375 -13 405 0 0 1
0.228481 -0.0308885 700 0.019026 -0.0423622 7.04677 50.6078 -13 406 0 0 1
-0.31061 -0.124603 700 0.00542678 0.0354433 12.174 24.4196 -13 409 0 0 1
-0.376687 -0.20407 700 -0.0618717 0.0584793 8.23536 37.6034 -13 415 0 0 1
-0.408835 -0.0184678 700 0.00150877 0.0448858 10.8014 49.1876 -13 427 0 0 1
0.159171 -0.0182231 700 0.00261569 -0.0525411 14.0055 22.098 -13 456 0 0 1
-0.0998702 -0.0491595 700 -0.0207839 0.0309244 9.42369 28.3787 -13 457 0 0 1
0.945576 0.224846 700 0.127588 -0.133982 11.5936 48.5861 -13 458 0 0 1
-0.301531 0.0555635 700 0.0223915 0.00252591 13.4535 44.9287 -13 461 0 0 1
0.0870313 0.173799 700 -0.0258277 0.00539385 7.67609 44.8807 -13 463 0 0 1
-0.000856655 0.386206 700 0.122947 -0.00359123 9.89678 31.1127 -13 465 0 0 1
-0.218301 0.0574355 700 0.00206737 0.0595783 7.25204 36.0686 -13 466 0 0 1
0.271599 -0.0332367 700 -0.0172472 -0.0494887 8.79953 39.0479 -13 468 0 0 1
-0.432307 -0.0485329 700 -0.0234326 -0.0151846 0.0260693 39.6165 11 468 1001 0 1
-0.405164 0.0818229 700 -0.0387622 -0.0145999 5.29613 49.1256 -13 479 0 0 1
-0.057373 -0.249497 700 -0.0630282 0.0295001 8.98266 42.5292 -13 481 0 0 1
0.149011 -0.754367 700 -0.103484 -0.113398 6.46041 67.4271 -13 482 0 0 1
-0.038534 0.0268706 700 0.0249368 0.0063701 14.048 47.3616 -13 483 0 0 1
0.143749 -0.0694666 700 -0.010784 -0.050544 7.46245 47.7056 -13 484 0 0 1
0.00540587 0.108574 700 0.038623 0.0139205 11.3576 26.0138 -13 485 0 0 1
-0.146995 -0.0942454 700 -0.00830129 0.037828 7.27834 42.1505 -13 486 0 0 1
0.10622 -0.158722 700 -0.0888064 -0.0453244 13.0086 37.7869 -13 487 0 0 1
-0.401285 0.106737 700 -0.0473858 0.0344336 5.22045 67.2745 -13 488 0 0 1
0.20984 -0.285908 700 -0.0162496 -0.0132972 13.8841 23.2528 -13 489 0 0 1
0.0598436 -0.274351 700 -0.0100952 -0.012922 3.58221 67.8222 -13 490 0 0 1
0.0660019 0.000356107 700 0.00511404 -0.0131379 7.54759 58.0228 -13 491 0 0 1
-0.126196 -0.00926016 700 -0.0478422 0.00224033 12.4317 45.3469 -13 493 0 0 1
-0.112943 0.107243 700 0.0282515 0.0117071 12.9604 43.2531 -13 494 0 0 1
-0.0176632 -0.0367019 700 -0.00524706 -0.00470357 14.441 19.1533 -13 495 0 0 1
-0.0131747 -0.487186 700 -0.117236 0.0539134 10.6562 30.8078 -13 496 0 0 1
-0.408472 0.0996281 700 0.00247146 0.135437 14.0344 19.3095 -13 497 0 0 1
0.643962 0.0924868 700 -0.00575961 -0.035297 0.0188516 22.0395 11 497 1001 0 1
0.260541 -0.0527489 700 -0.0130805 -0.0124957 10.2295 30.585 -13 503 0 0 1
0.244148 -0.100185 700 -0.0286468 0.0211598 12.4235 32.3343 -13 507 0 0 1
-0.005898 0.0351481 700 -0.00402814 0.0190452 11.4177 47.7991 -13 508 0 0 1
0.0108731 -0.643695 700 -0.104027 0.0167315 8.17098 33.7555 -13 517 0 0 1
-0.273789 -0.120641 700 -0.0295413 0.0874125 12.3624 25.7337 -13 518 0 0 1
0.195951 -0.684205 700 -0.108268 0.0222998 12.9069 31.2469 -13 522 0 0 1
-0.589046 0.226089 700 0.0496083 0.00407351 3.57887 89.5312 -13 524 0 0 1
-0.126994 -0.754738 700 -0.0708399 0.0122155 11.6966 41.4755 -13 526 0 0 1
0.329549 -0.034304 700 0.0400463 -0.0708248 12.4832 36.4996 -13 528 0 0 1
0.209643 0.248255 700 0.0371728 -0.0397953 11.2612 45.4357 -13 529 0 0 1
0.376348 0.163962 700 -0.0163371 -0.0964121 9.04395 50.8881 -13 533 0 0 1
-3.02188 -5.35493 700 0.0240455 0.0101628 -0.0305768 69.8969 11 533 1001 0 1
-0.236672 -4.03783 700 0.0150852 0.0262474 0.0200229 71.9452 11 533 1001 0 1
0.336641 0.156997 700 0.0846896 0.0087077 13.0398 28.7438 -13 536 0 0 1
0.306256 0.251756 700 0.0629384 -0.0267321 8.51713 42.1905 -13 543 0 0 1
-0.0812858 0.150671 700 -0.00276804 0.0224359 13.7316 46.5117 -13 544 0 0 1
0.031932 0.237955 700 0.0770787 0.0580414 9.84957 44.7346 -13 548 0 0 1
0.034391 0.146585 700 0.0239832 0.000810299 9.61223 51.8619 -13 549 0 0 1
-0.13079 -4.27006e-06 700 -0.0505628 0.0207213 11.3007 32.5246 -13 552 0 0 1
-0.365745 -0.0129437 700 -0.0431009 0.0376787 7.87602 43.5279 -13 553 0 0 1
0.236837 0.361862 700 0.0850575 -0.0131774 7.88186 58.9645 -13 555 0 0 1
-2.77719 -4.97714 700 0.024398 0.019067 0.0459288 58.2612 11 555 1002 0 1
0.037358 0.137712 700 0.0332231 0.0445212 13.569 25.2626 -13 557 0 0 1
0.0018963 -0.0160067 700 -0.00235896 0.0203374 12.1049 36.3036 -13 563 0 0 1
-0.289821 0.096447 700 0.0214989 0.0112857 10.5554 52.123 -13 564 0 0 1
0.184433 -0.226648 700 -0.103931 0.0374684 9.33219 38.6802 -13 566 0 0 1
-0.00357415 5.20512 700 -0.0298486 0.00190276 0.0721982 34.0112 11 566 1003 0 1
0.138375 -0.167532 700 -0.00121085 -0.0309479 10.5788 35.4618 -13 567 0 0 1
0.0713988 -0.180503 700 0.00424688 0.0574535 7.02114 54.0373 -13 575 0 0 1
0.161408 -0.165263 700 -0.0946851 0.0324904 10.5866 42.8896 -13 576 0 0 1
0.183649 -0.112988 700 -0.00543916 -0.0219511 13.3702 21.6634 -13 577 0 0 1
0.105734 0.289109 700 0.0369498 -0.023792 8.37096 41.161 -13 578 0 0 1
0.0213328 -0.145397 700 -0.0186331 0.0170913 13.9659 34.3031 -13 579 0 0 1
0.236671 0.104313 700 0.0114285 -0.0550733 12.7345 27.7722 -13 580 0 0 1
-0.0258592 0.0448635 700 0.00820548 0.0268232 11.0825 50.7762 -13 581 0 0 1
0.342405 0.556077 700 0.0410646 -0.0263753 8.84457 40.6697 -13 582 0 0 1
-0.210027 0.436237 700 0.128703 0.0169676 7.55688 39.8847 -13 583 0 0 1
-nan -nan -nan -nan -nan -nan -nan -13 590 0 0 1
0.0192707 0.193798 700 0.000494646 0.019888 10.027 39.767 -13 595 0 0 1
1.59443 -0.151891 700 -0.0640178 -0.209076 4.72384 55.1112 -13 853 0 0 1
-0.0799321 0.0833345 700 -0.0112089 -0.00435813 11.4717 25.5904 -13 854 0 0 1
-nan -nan -nan -nan -nan -nan -nan -13 864 0 0 1
0.338374 -0.75135 700 -0.104667 -0.102326 6.83944 49.7492 -13 865 0 0 1
-0.0798623 -0.226963 700 0.0013678 -0.00744417 14.5522 37.3552 -13 974 0 0 1
-0.130118 0.212152 700 -0.00478001 0.0238065 8.96681 45.3176 -13 978 0 0 1
-3.82439 -1.34367 700 0.0178951 -0.0494863 0.0436125 39.0374 11 978 1003 0 1
1.95844 4.73458 700 -0.0197206 -0.00705188 -0.026521 71.347 11 978 1003 0 1
-0.0787792 0.21122 700 0.0458011 0.0185884 12.0736 24.8565 -13 980 0 0 1
-0.183412 -0.187831 700 -0.0703548 0.0263195 14.4575 25.8874 -13 990 0 0 1
-0.214466 0.0790566 700 -0.0304507 0.0818405 10.8284 43.4181 -13 991 0 0 1
0.0625888 0.219275 700 -0.00964118 0.0156142 13.0821 44.9312 -13 992 0 0 1
-0.0333649 -0.452963 700 -0.0344238 -0.0194108 12.7941 44.5338 -13 994 0 0 1
0.385088 0.569413 700 0.0793068 -0.0194928 13.9041 30.2954 -13 995 0 0 1
-0.10196 1.06569 700 0.129834 0.0144577 8.41157 51.5655 -13 1000 0 0 1
0.0116879 -0.0863251 700 0.0139835 -0.0227375 12.5643 42.3552 -13 2 0 0 1
-0.0103265 -0.00912001 700 0.0261405 -0.052844 7.61985 54.5492 -13 6 0 0 1
0.184293 0.184211 700 0.0214737 -0.0367034 12.0315 34.1912 -13 7 0 0 1
-0.110242 -0.2517 700 -0.0333194 0.00815791 13.0754 48.1 -13 18 0 0 1
0.188744 0.133089 700 0.0207632 -0.049922 14.4205 40.192 -13 21 0 0 1
0.224018 -0.130954 700 -0.0435351 -0.0390039 10.5143 25.4893 -13 22 0 0 1
0.0725692 0.024171 700 -0.00855465 -0.0315066 8.30604 57.1102 -13 24 0 0 1
0.0343441 -0.155121 700 -0.0611919 -0.0635412 3.06466 96.483 -13 33 0 0 1
-0.71702 -0.561599 700 -0.105427 0.0618947 9.88729 46.9961 -13 42 0 0 1
-0.0270882 0.137777 700 0.0310353 0.0132918 8.27165 51.7636 -13 60 0 0 1
-0.128477 0.0294442 700 -0.00635129 0.00342179 13.9472 33.5969 -13 61 0 0 1
0.605963 -0.222045 700 0.0500192 -0.0830364 8.88758 40.8049 -13 64 0 0 1
0.185603 0.288841 700 0.0580871 -0.0930759 4.88972 54.1935 -13 65 0 0 1
0.158327 0.0180493 700 -0.0213807 -0.0356532 11.5215 34.3279 -13 67 0 0 1
-0.0679555 0.7673 700 0.0522768 0.150287 7.75325 59.9337 -13 75 0 0 1
-0.242198 -0.0819709 700 0.0401511 -0.0127476 12.3963 45.8515 -13 76 0 0 1
3.82788 -2.21073 700 -0.00868748 -0.0183209 0.085101 47.0686 11 76 1003 0 1
-0.398341 -0.42171 700 -0.110641 0.0287925 6.60644 65.1499 -13 92 0 0 1
-0.0766013 -0.00397435 700 0.0232033 0.0168491 9.83243 29.3151 -13 111 0 0 1
0.080143 -0.0902673 700 0.0117854 -0.0252085 13.2114 38.7504 -13 115 0 0 1
-0.102506 0.131043 700 0.0111893 -0.0205568 10.2982 53.6212 -13 116 0 0 1
-0.0134058 0.12477 700 0.0232296 0.014368 11.5657 26.9088 -13 117 0 0 1
0.108392 0.403953 700 0.0642781 -0.0564363 10.9558 42.6838 -13 119 0 0 1
-0.11498 0.516495 700 0.101495 0.167549 7.80446 59.6363 -13 121 0 0 1
0.915958 -1.87722 700 0.0185467 -0.000123553 0.0638826 56.0446 11 121 1006 0 1
-0.365161 -0.0521833 700 -0.0347867 0.0239302 9.027 34.2159 -13 122 0 0 1
0.0445136 -0.00336906 700 0.0310754 0.00843648 14.3321 40.6744 -13 159 0 0 1
0.0478872 0.106857 700 0.0222996 -0.0352156 14.2139 38.0397 -13 164 0 0 1
0.139763 -0.169248 700 0.0116617 -0.0434987 12.3364 45.1887 -13 165 0 0 1
0.102295 -0.141886 700 -0.0234311 -0.0701523 10.9976 51.5971 -13 166 0 0 1
0.0533575 0.177547 700 0.021037 0.00280713 13.05 45.8251 -13 169 0 0 1
-0.19783 0.0422937 700 -0.0143664 0.0389955 14.5033 39.5731 -13 171 0 0 1
0.0831838 0.345719 700 0.0908718 0.00566014 11.8168 36.0254 -13 172 0 0 1
-0.070677 -0.0458246 700 -0.00787262 0.008971 13.0568 20.6021 -13 173 0 0 1
-0.250496 -0.890744 700 -0.14327 -0.0105542 11.6897 51.0022 -13 196 0 0 1
-0.113728 -0.0539502 700 -0.071368 0.0100314 12.9244 33.9458 -13 199 0 0 1
-0.443442 0.222099 700 0.142047 -0.000857852 12.0067 41.9758 -13 202 0 0 1
-0.136081 -0.0784521 700 0.0217679 0.0303686 5.3077 54.7282 -13 204 0 0 1
-0.178538 0.280613 700 0.0416929 0.026394 9.17614 55.2134 -13 207 0 0 1
3.48223 1.68783 700 0.044354 -0.0137788 0.00896931 58.7914 11 207 1001 0 1
0.370511 -0.0170862 700 -0.0532615 0.0502382 2.76409 97.9112 -13 210 0 0 1
0.16874 0.08609 700 0.0351954 -0.00244642 13.9433 19.5876 -13 212 0 0 1
0.415656 -0.0705882 700 -0.0929053 -0.0865487 9.78821 43.898 -13 214 0 0 1
0.805399 1.0041 700 0.0927651 0.00923592 3.81738 74.475 -13 215 0 0 1
0.135608 0.0730353 700 -0.010454 -0.0554028 9.88437 37.6627 -13 216 0 0 1
0.12013 0.0642185 700 0.0654176 -0.0253859 9.44026 39.605 -13 217 0 0 1
0.355778 0.209681 700 -0.131088 0.00513329 5.13138 62.6828 -13 218 0 0 1
0.734765 -0.00726987 700 -0.0809895 -0.0966396 9.70554 36.1713 -13 219 0 0 1
0.092509 -0.0151913 700 -0.0226915 -0.00930073 13.3183 30.8144 -13 220 0 0 1
0.0765043 -0.192044 700 -0.0395003 -0.0259657 8.6435 32.3823 -13 223 0 0 1
5.96714 -4.3749 700 -0.307214 -1.21246 6.0639 69.2011 -13 224 0 0 1
0.114851 0.11494 700 0.00277221 -0.0192099 12.3228 41.3695 -13 225 0 0 1
-0.0838514 -0.482554 700 -0.043586 0.0286369 10.0198 44.0634 -13 226 0 0 1
-0.177785 -0.105862 700 -0.00609532 0.00589452 12.6079 39.7735 -13 227 0 0 1
-0.0116127 -0.0958574 700 0.00355692 0.0324435 9.468 31.5018 -13 238 0 0 1
0.117577 -0.163873 700 -0.0345451 -0.0389692 12.7724 31.5118 -13 239 0 0 1
-0.455709 -0.775728 700 -0.17562 -0.0601788 12.712 25.2445 -13 240 0 0 1
0.171732 0.0323205 700 0.0275542 -0.00779634 12.8252 21.926 -13 241 0 0 1
0.21732 0.164836 700 0.0123182 -0.0579542 8.27062 56.2783 -13 251 0 0 1
0.0440145 0.195115 700 0.0476301 -0.01326 12.9706 27.0864 -13 252 0 0 1
-0.0463286 0.0193087 700 0.0168328 0.0261301 11.7231 38.2612 -13 258 0 0 1
0.0928183 -0.313906 700 -0.00986361 -0.0081594 14.4529 22.9652 -13 259 0 0 1
-0.0331752 -0.175351 700 -0.0583659 0.019163 13.8318 33.3693 -13 261 0 0 1
0.0623475 -0.171063 700 0.0227477 0.0719357 10.4714 31.5255 -13 263 0 0 1
0.105843 -0.277946 700 -0.0224185 -0.0312041 12.793 43.4604 -13 265 0 0 1
-0.158432 -0.18904 700 -0.0279155 0.0534102 7.27363 61.5923 -13 271 0 0 1
0.0475258 0.0742049 700 0.01249 -0.0234228 14.4611 27.4851 -13 272 0 0 1
-0.187581 -0.109558 700 -0.0320168 0.0309559 8.10722 41.2001 -13 273 0 0 1
-0.00916957 0.113537 700 0.00346949 0.0237957 12.6069 47.0707 -13 274 0 0 1
0.29459 0.125919 700 0.0414868 -0.0177931 11.5199 27.6286 -13 276 0 0 1
-0.0727852 0.00360861 700 0.0203528 -0.0170006 9.60154 51.1905 -13 277 0 0 1
-0.105863 0.0523634 700 0.0319949 0.00220658 13.7497 31.1802 -13 278 0 0 1
0.124554 0.346216 700 0.097634 -0.00144413 6.2026 46.0202 -13 280 0 0 1
-0.583271 0.327572 700 0.0189239 0.054285 9.52991 49.6614 -13 282 0 0 1
-0.369225 -0.046378 700 0.0103868 0.019805 7.1373 48.2784 -13 284 0 0 1
-0.156854 0.184938 700 0.0656928 0.0653019 6.74785 62.7063 -13 286 0 0 1
0.476466 -0.25778 700 -0.00909086 -0.0650588 11.9612 46.6019 -13 288 0 0 1
0.0434793 0.205794 700 0.0465471 0.0182017 9.47607 44.0802 -13 289 0 0 1
-0.0144205 -0.0663608 700 -0.0200126 -0.00415521 9.08944 36.2048 -13 290 0 0 1
-0.115005 0.108992 700 0.011869 -0.013345 6.90099 54.7848 -13 291 0 0 1
-0.177372 0.0736827 700 -0.0166791 0.0187583 13.2507 22.3838 -13 292 0 0 1
-0.175748 0.231309 700 0.0140103 0.0616158 13.7766 47.935 -13 294 0 0 1
0.481783 0.373268 700 0.0887523 -0.113444 5.88888 56.6187 -13 296 0 0 1
-0.00667642 -0.112411 700 -0.0178733 0.0194375 12.1867 33.5074 -13 299 0 0 1
0.0380676 0.142932 700 0.0231518 0.00569557 7.68548 49.67 -13 304 0 0 1
-0.339654 0.0254299 700 0.0175635 0.0725924 9.63682 41.3773 -13 306 0 0 1
1.06217 -3.16175 700 -0.0332705 -0.0283532 0.0590422 40.5974 11 306 1006 0 1
0.151701 0.158955 700 0.037221 -0.0273855 12.3788 27.0015 -13 308 0 0 1
-0.0775898 -0.311068 700 -0.0746356 0.00112532 9.5519 46.4321 -13 309 0 0 1
-0.700978 -0.0637169 700 0.0300906 0.0915189 5.62576 52.9227 -13 310 0 0 1
0.276094 0.0532074 700 0.0195423 -0.0263577 14.0021 35.339 -13 311 0 0 1
-0.210426 0.00651985 700 -0.0381176 0.0246585 13.0456 21.326 -13 313 0 0 1
-0.108099 -0.231416 700 0.0166402 0.0393008 13.7993 20.0607 -13 314 0 0 1
0.437376 0.421481 700 0.10306 -0.0822321 11.5959 25.623 -13 315 0 0 1
0.23669 0.0830879 700 -0.0308443 -0.0147866 9.0498 34.2217 -13 316 0 0 1
-0.0228074 0.0505094 700 -0.0254199 -0.0520385 1.55642 107.07 -13 317 0 0 1
0.167151 -0.00490908 700 0.00764205 0.0203014 9.84187 31.0515 -13 321 0 0 1
-1.04672 1.15004 700 0.00827693 0.0381909 0.0682231 26.3183 11 321 1003 0 1
-0.276361 0.256273 700 0.0561001 0.0298632 12.7432 25.6806 -13 322 0 0 1
-0.25858 0.126646 700 0.0382456 0.0132509 10.6291 43.975 -13 326 0 0 1
-1.16109 -0.00872889 700 0.0336609 -0.00928581 0.0759631 43.1669 11 326 1001 0 1
-0.384359 -0.086376 700 -0.066957 0.0391506 12.4494 33.459 -13 327 0 0 1
-0.0957405 0.206414 700 0.007866 -0.0330488 3.97324 79.1243 -13 328 0 0 1
-0.0359689 -0.123477 700 0.0184005 -0.0388271 11.962 43.4077 -13 329 0 0 1
0.0401157 0.0862034 700 0.0454617 -0.0343464 8.95154 36.214 -13 330 0 0 1
0.328202 -0.324896 700 -0.0892359 -0.0632078 5.53991 45.3305 -13 331 0 0 1
0.131941 0.487416 700 0.0812152 -0.0118597 4.67339 57.0008 -13 332 0 0 1
0.0958677 -0.30413 700 -0.0234464 0.00107504 9.83506 36.8888 -13 333 0 0 1
0.119576 0.140412 700 -0.0266107 -0.031859 12.8428 22.4009 -13 334 0 0 1
-0.137721 0.415746 700 0.0656025 0.0637192 14.2448 39.0416 -13 335 0 0 1
-0.245209 1.16319 700 0.168884 -0.0105808 5.53168 57.6963 -13 336 0 0 1
0.489161 0.0462984 700 -0.0270114 -0.0757119 13.7221 36.9405 -13 337 0 0 1
-0.16114 -0.074679 700 0.018829 -0.0168346 9.62796 50.6812 -13 338 0 0 1
-0.0228579 -0.121955 700 -0.0454204 -0.0160173 9.26793 55.7727 -13 339 0 0 1
-2.0157 1.47908 700 -0.0345644 0.00398063 0.0598241 53.1352 11 339 1002 0 1
-nan -nan -nan -nan -nan -nan -nan -13 340 0 0 1
-0.237279 -0.489133 700 -0.178117 0.110087 12.4499 47.9548 -13 341 0 0 1
0.356683 -0.166573 700 -0.0244699 -0.0583714 12.9444 33.4346 -13 531 0 0 1
-0.0598161 0.00360251 700 -0.0330914 0.0199526 13.8451 47.5748 -13 532 0 0 1
-0.307205 0.193932 700 0.0152893 0.0343852 9.1299 50.9405 -13 534 0 0 1
0.0205024 0.332057 700 0.0679159 0.0197407 9.82305 28.4227 -13 535 0 0 1
-0.161635 -0.565053 700 -0.120589 0.0171171 4.22937 70.2145 -13 537 0 0 1
0.0350011 0.013068 700 0.00816992 0.0058443 14.4697 35.9341 -13 538 0 0 1
-0.284157 -0.0107196 700 0.00651517 0.0110775 7.28472 55.9263 -13 541 0 0 1
0.149611 0.862447 700 0.116539 0.0158414 12.8117 23.6591 -13 542 0 0 1
0.00776438 -0.277891 700 -0.103434 -0.101102 4.66409 77.1505 -13 545 0 0 1
0.390068 -0.272835 700 -0.0987785 0.0145085 6.504 57.7049 -13 546 0 0 1
0.0512365 -0.23337 700 -0.0665526 0.00291671 10.584 29.6531 -13 551 0 0 1
-nan -nan -nan -nan -nan -nan -nan -13 558 0 0 1
0.0714394 -0.143131 700 -0.0152805 0.0196988 14.2215 23.3438 -13 565 0 0 1
0.158111 0.0364196 700 -0.0287727 -0.10829 6.90933 55.4796 -13 803 0 0 1
2.86225 -2.51783 700 0.00444778 -0.00648743 0.0500653 54.6121 11 803 1005 0 1
-0.0304646 -0.112701 700 -0.0211161 0.0678764 13.0009 27.1887 -13 804 0 0 1
-0.326751 -0.819563 700 -0.180649 -0.0433552 9.59078 37.0768 -13 814 0 0 1
-0.0394396 -0.0200386 700 0.00697974 0.0206287 11.6577 49.205 -13 815 0 0 1
0.0199195 0.37585 700 0.0837239 0.0547692 11.4662 50.9794 -13 818 0 0 1
0.100807 0.00731114 700 -0.025445 -0.035884 13.3828 25.8527 -13 820 0 0 1
0.0381327 -0.0482027 700 -0.0143175 -0.0113381 11.6867 50.3238 -13 822 0 0 1
0.0541519 0.0015185 700 -0.00537745 0.00449243 14.5559 38.5102 -13 824 0 0 1
0.659388 0.270741 700 0.0713106 -0.153031 3.58666 92.4519 -13 827 0 0 1
-0.267604 0.00333609 700 -0.0347133 0.0644567 8.62553 55.8788 -13 828 0 0 1
-0.253527 -0.210947 700 -0.0108016 0.0437417 10.0493 51.5724 -13 829 0 0 1
0.169974 -0.189483 700 -0.0356533 -0.0711471 14.0736 47.2251 -13 830 0 0 1
0.0287292 0.350195 700 0.0216139 0.00188858 8.34674 36.921 -13 831 0 0 1
-2.6091 3.16452 700 0.0253415 -0.0192874 0.0348677 36.6994 11 831 1003 0 1
0.170139 -0.30448 700 -0.0972625 0.00524889 13.7621 32.1597 -13 832 0 0 1
-0.96652 -0.358029 700 -0.0103964 0.0955136 4.61494 79.9574 -13 848 0 0 1
-0.0237527 0.0315754 700 0.0370484 0.0187479 12.9503 31.3543 -13 859 0 0 1
-0.338929 -0.186679 700 -0.0634249 0.0322483 9.17908 48.2142 -13 869 0 0 1
0.044467 0.0425988 700 0.052826 -0.0287958 12.3607 35.7746 -13 870 0 0 1
-0.117495 0.0159509 700 0.000587185 0.0617765 13.7349 40.8293 -13 871 0 0 1
0.597638 -0.0902316 700 -0.0191384 -0.156754 5.14336 68.1051 -13 872 0 0 1
0.372753 0.0114858 700 -0.100011 0.0670255 4.51003 59.853 -13 873 0 0 1
-0.461511 -0.625024 700 -0.0458345 0.0708599 4.78712 64.265 -13 874 0 0 1
0.524815 -0.425088 700 -0.0303867 -0.0941377 2.90514 76.4506 -13 875 0 0 1
-0.241298 -0.0893507 700 -0.0418753 0.0425633 11.7656 33.273 -13 876 0 0 1
-0.0401976 0.169741 700 -0.0450941 -0.0530537 9.14573 50.4026 -13 877 0 0 1
1.75298 3.2594 700 0.0217423 -0.0414602 0.0123143 48.8502 11 877 1005 0 1
-nan -nan -nan -nan -nan -nan -nan -13 878 0 0 1
0.456095 0.0457779 700 0.024165 -0.0729589 8.46172 36.3325 -13 886 0 0 1
-0.0856701 -0.345912 700 0.00249791 0.0295087 10.3974 26.9497 -13 14 0 0 1
-0.0602391 0.0495369 700 0.0582487 -0.0729496 5.05164 66.6962 -13 15 0 0 1
0.0194651 -0.121657 700 -0.0155605 -0.0183518 11.7664 50.7272 -13 23 0 0 1
0.144966 -0.031058 700 0.0294756 -0.00441959 10.9083 43.6205 -13 40 0 0 1
0.290832 0.207373 700 0.0576193 -0.047939 8.85383 31.3396 -13 41 0 0 1
-0.0517703 0.410579 700 0.131196 0.00689476 10.784 47.8051 -13 45 0 0 1
-2.44438 0.428943 700 -0.0530069 -0.0173577 0.031706 48.8355 11 45 1004 0 1
0.601917 -0.172962 700 -0.0111253 -0.0773988 10.3377 43.7272 -13 55 0 0 1
0.660557 0.51547 700 0.105577 -0.145393 6.63432 46.009 -13 90 0 0 1
0.0930721 0.105457 700 0.0587937 -0.00897963 7.07132 62.3727 -13 91 0 0 1
-0.303954 -0.425681 700 -0.0734422 0.0672443 10.7539 35.1539 -13 95 0 0 1
-0.0460476 -0.0179687 700 0.00532091 -0.022181 14.0113 23.3197 -13 99 0 0 1
-0.452241 -0.299314 700 -0.0541042 0.063536 9.57029 39.1532 -13 104 0 0 1
0.231704 0.307378 700 0.0605995 -0.0419122 8.78156 35.2007 -13 105 0 0 1
0.136762 0.0665533 700 -0.112809 0.0459991 7.64835 36.5645 -13 112 0 0 1
0.161001 0.147649 700 0.0157284 -0.0141524 11.9417 31.3718 -13 113 0 0 1
-1.61687 -3.03452 700 -0.00302475 -0.00793299 -0.0412951 33.5925 11 113 1002 0 1
0.0151519 -0.177642 700 -0.0569116 -0.0614134 8.01049 37.8069 -13 114 0 0 1
-0.263802 0.0830361 700 -0.0247504 0.0637941 12.9842 34.7653 -13 124 0 0 1
-0.16833 -0.00911789 700 0.0269733 0.0445401 11.4864 41.6679 -13 139 0 0 1
0.118128 -0.0016837 700 -0.026656 -0.00818906 14.3906 38.2984 -13 144 0 0 1
-0.23059 -0.501634 700 -0.074516 0.0113764 9.21972 37.8759 -13 146 0 0 1
-0.109572 0.289751 700 0.0299273 0.035695 11.2258 37.7394 -13 147 0 0 1
0.0200493 -0.0895076 700 0.0243914 -0.00187896 9.86428 30.4296 -13 167 0 0 1
-0.139569 -0.177774 700 -0.0421271 0.046971 11.3452 23.2196 -13 168 0 0 1
3.71205 6.23376 700 -0.0175286 0.0406344 0.0743684 19.5551 11 168 1001 0 1
-0.236325 0.298112 700 0.0709398 0.0814443 8.91648 47.0763 -13 170 0 0 1
-nan -nan -nan -nan -nan -nan -nan -13 193 0 0 1
0.147303 0.0297829 700 -0.0557349 -0.046762 12.3162 25.0868 -13 198 0 0 1
0.170266 -0.0601072 700 0.00074901 -0.00164105 13.2418 25.583 -13 344 0 0 1
0.213584 -0.204649 700 -0.0697502 -0.0498598 9.71402 26.6404 -13 345 0 0 1
-0.191409 0.0453714 700 -0.0187919 0.0150108 13.4475 34.0575 -13 346 0 0 1
0.199785 -0.0653152 700 0.0164751 -0.0160031 10.8293 50.574 -13 354 0 0 1
-0.0605997 -0.618189 700 -0.064242 0.0247554 6.03158 60.3949 -13 368 0 0 1
-0.0118353 -0.208569 700 -0.0181615 0.0369613 14.1954 27.1072 -13 373 0 0 1
-0.0639862 0.329171 700 0.0256107 0.0039977 4.89838 55.6164 -13 374 0 0 1
-0.394556 0.204659 700 0.00960171 0.155244 6.51571 50.8233 -13 376 0 0 1
0.0488077 0.434234 700 0.0820996 -0.0566799 10.5138 34.133 -13 377 0 0 1
-nan -nan -nan -nan -nan -nan -nan -13 378 0 0 1
-0.376864 0.118959 700 0.0657704 0.0488988 7.38387 36.858 -13 379 0 0 1
2.18653e-05 0.0848618 700 -0.0500222 -0.0226263 4.76671 58.0055 -13 605 0 0 1
-0.195328 -0.14891 700 -0.0277095 0.00192482 11.8649 26.167 -13 609 0 0 1
-0.161099 0.0605406 700 -0.0294428 0.0373469 7.81563 43.7112 -13 612 0 0 1
-0.231671 0.0982246 700 0.00264522 0.0920758 12.4337 34.7815 -13 613 0 0 1
0.08693 0.235388 700 0.0142875 -0.0158584 12.113 23.147 -13 614 0 0 1
0.193237 -0.289076 700 0.104914 0.147204 3.60095 82.6443 -13 615 0 0 1
0.21165 0.485037 700 0.0908747 -0.00274786 3.5636 89.5297 -13 616 0 0 1
-0.144746 -0.237901 700 0.00142838 0.0333506 8.07356 50.627 -13 618 0 0 1
-0.338847 0.3482 700 -0.00857549 0.0876464 12.3567 40.0601 -13 620 0 0 1
0.353479 0.177239 700 -0.0603377 -0.0563251 11.1512 50.6208 -13 622 0 0 1
0.152854 -0.091375 700 -0.000735318 -0.00736552 9.72442 40.0118 -13 623 0 0 1
0.0765385 0.0147796 700 0.00512043 0.0268636 14.1609 19.1667 -13 624 0 0 1
0.0594403 -0.129836 700 -0.0520994 0.0145429 9.06093 43.5062 -13 625 0 0 1
-3.60857 0.917605 700 -0.00528344 0.00643064 0.0574661 38.8529 11 625 1002 0 1
-0.265923 0.6333 700 0.138378 0.0570329 6.0354 49.3974 -13 626 0 0 1
-0.114118 0.147003 700 0.0200215 0.0134483 14.0744 30.2825 -13 632 0 0 1
-0.0642299 -0.35552 700 -0.0158714 -0.002726 8.33668 38.3133 -13 633 0 0 1
-0.97155 -0.0539799 700 -0.00778062 0.0997495 4.73792 54.1905 -13 634 0 0 1
-0.246647 -0.0889639 700 -0.00424838 0.0711961 8.01794 48.4102 -13 635 0 0 1
-0.502006 0.50191 700 0.0346219 0.106454 14.1319 25.2712 -13 636 0 0 1
0.0813248 0.20061 700 -0.0284585 -0.0997988 7.93272 53.2612 -13 637 0 0 1
-0.167247 0.511296 700 0.0744278 0.0703262 12.7031 35.7899 -13 638 0 0 1
0.0767216 0.210141 700 0.0117003 -0.00984332 13.9953 23.6053 -13 639 0 0 1
-0.130901 0.062695 700 0.00233734 0.0251446 10.8843 24.2711 -13 640 0 0 1
-0.183512 -0.963508 700 -0.143003 0.0700877 4.25426 66.1097 -13 641 0 0 1
-0.0190408 0.342773 700 0.0233716 -0.0478561 7.07881 58.0214 -13 642 0 0 1
0.473769 0.0437891 700 -0.0345972 -0.0615041 11.038 23.4868 -13 643 0 0 1
-0.0701091 0.0629389 700 0.00537428 -0.00689014 13.7544 35.4036 -13 646 0 0 1
0.066514 0.80455 700 0.102795 0.365392 6.23106 49.8722 -13 649 0 0 1
0.0763443 0.158279 700 0.0289571 0.0406505 13.5201 22.8685 -13 650 0 0 1
0.0399292 0.176437 700 0.0205151 0.0274626 10.4569 50.1047 -13 652 0 0 1
0.0903435 -0.142332 700 -0.0186461 0.00107867 11.9744 38.6959 -13 653 0 0 1
-0.00477288 -0.0599388 700 -0.0273983 0.0166372 14.3492 39.9173 -13 655 0 0 1
-0.222855 0.0946823 700 -0.030991 0.0155094 9.55876 42.3901 -13 656 0 0 1
0.118746 0.0235518 700 -0.00500651 0.0232943 7.92399 53.2993 -13 657 0 0 1
-0.387023 -0.252303 700 -0.0456184 0.0138977 14.4143 31.4382 -13 659 0 0 1
-4.3306 0.282674 700 0.0339826 0.0359541 0.0453643 33.2112 11 659 1001 0 1
-0.103371 0.290737 700 0.0522156 0.017502 8.16811 59.697 -13 664 0 0 1
-0.0254551 0.101758 700 0.0366776 0.00337198 13.5657 35.888 -13 670 0 0 1
-2.41847 -0.246859 700 -0.0298444 -0.0220793 0.795354 568.209 -13 672 0 0 1
0.00608554 0.171619 700 0.141228 0.0337534 3.67906 76.6686 -13 673 0 0 1
-0.00906995 -0.0650744 700 0.00436279 -0.00867115 12.5472 49.4471 -13 674 0 0 1
-0.20045 0.142099 700 0.0220434 0.0294546 12.8902 45.6865 -13 676 0 0 1
-0.135855 0.0698182 700 0.00858377 -0.0243771 9.38161 42.4558 -13 678 0 0 1
0.0374212 -0.0548563 700 0.0356336 0.0567678 8.09932 43.5874 -13 679 0 0 1
-0.11694 0.140437 700 0.0395069 0.0392436 9.25369 45.6823 -13 680 0 0 1
-0.0916647 -0.127512 700 -0.00278117 0.0325021 14.0627 20.8011 -13 681 0 0 1
0.166684 0.0943946 700 -0.00357183 0.00622559 13.2566 20.2207 -13 682 0 0 1
0.187408 0.229719 700 0.0155347 -0.00855728 12.9202 44.4314 -13 683 0 0 1
1.14829 0.182133 700 0.0106251 0.0365284 0.0789981 44.1816 11 683 1001 0 1
0.347566 -0.570054 700 -0.0906254 0.0108365 8.56152 45.6273 -13 684 0 0 1
0.169477 -0.194691 700 -0.0396154 -0.0355111 12.3155 37.5713 -13 691 0 0 1
1.00035 0.633323 700 -0.00758587 -0.144098 6.60069 51.0783 -13 696 0 0 1
1.01308 -0.321051 700 -0.000186555 0.0172558 0.0271588 52.489 11 696 1002 0 1
-0.230532 -0.160116 700 -0.0663205 0.0221941 10.0016 43.5753 -13 697 0 0 1
0.282145 0.249378 700 0.0737851 -0.0583093 13.3272 42.7254 -13 699 0 0 1
0.0150122 -0.186179 700 -0.0155515 0.0357266 12.2825 45.903 -13 702 0 0 1
-0.298294 1.25962 700 0.185334 0.163386 9.36775 35.4508 -13 704 0 0 1
-0.062904 0.00774853 700 0.0298153 0.028521 10.0958 31.5099 -13 705 0 0 1
-0.235365 -0.000760387 700 -0.00584699 0.0311658 9.54692 41.747 -13 706 0 0 1
0.137649 0.2741 700 0.0474532 0.0143625 13.8427 19.7365 -13 707 0 0 1
0.00571807 -0.174726 700 -0.0393133 0.0627354 10.5208 41.9575 -13 708 0 0 1
-0.11733 -0.667074 700 -0.136054 0.109051 3.38324 80.453 -13 709 0 0 1
-0.0170145 0.197839 700 0.0818698 -0.00664034 14.1527 19.5966 -13 711 0 0 1
-0.0523514 0.139413 700 0.0241257 -0.022781 12.373 49.7756 -13 715 0 0 1
0.141785 -0.404097 700 -0.0644748 -0.00256998 13.1115 39.9222 -13 716 0 0 1
-0.479132 -0.0263132 700 -0.00874477 0.0890711 8.65813 36.8635 -13 718 0 0 1
-0.29699 0.143611 700 0.0500919 0.0276381 10.643 32.2725 -13 719 0 0 1
0.282261 -0.0750879 700 -0.0792898 -0.0219785 11.2563 50.9581 -13 720 0 0 1
-0.0529956 0.304626 700 0.0669581 0.00239453 9.66094 51.707 -13 721 0 0 1
0.183846 -0.206745 700 -0.0478829 -0.0515413 4.92335 59.4973 -13 722 0 0 1
-0.166083 -0.0409536 700 0.213178 0.0688347 4.77008 72.6596 -13 724 0 0 1
-0.0206986 -0.230493 700 -0.118982 0.0171044 5.31423 56.8334 -13 729 0 0 1
-1.63205e-05 0.271492 700 0.0353597 0.00522802 10.9689 39.6917 -13 735 0 0 1
-0.288077 -0.129132 700 -0.0417267 0.0884499 8.20181 50.754 -13 737 0 0 1
-0.106235 0.410956 700 0.0202936 0.0123463 13.0346 43.0957 -13 740 0 0 1
-1.85829 -4.24848 700 -0.928925 0.319993 2.23494 92.9768 -13 744 0 0 1
0.306918 -0.250281 700 -0.0553143 -0.0415356 11.4901 36.7279 -13 745 0 0 1
-0.223095 -0.0739781 700 -0.0356845 0.0273 10.4338 45.8471 -13 750 0 0 1
0.52855 0.766076 700 0.0820381 0.0168554 6.38842 42.4508 -13 752 0 0 1
-1.16868 -1.23509 700 0.0155681 0.0257558 0.0300739 42.2395 11 752 1004 0 1
-0.100566 2.32908 700 0.323852 0.0400811 10.7889 26.1598 -13 753 0 0 1
-0.261959 -0.144165 700 0.0434835 -0.0457109 8.05741 51.4016 -13 760 0 0 1
-0.053789 0.0419263 700 -0.00201575 -0.0882555 6.29453 46.0605 -13 761 0 0 1
-0.0497783 -0.122482 700 0.0200164 0.0783225 13.8626 46.7375 -13 762 0 0 1
-0.0710277 -0.128444 700 -0.061869 0.0169318 13.3958 22.6869 -13 774 0 0 1
0.104609 -0.00806415 700 -0.00428876 -0.000999354 11.8467 33.0666 -13 776 0 0 1
-0.0283074 0.132006 700 0.0260079 0.0399466 9.54596 30.939 -13 780 0 0 1
0.440186 -0.305729 700 -0.0270083 -0.110858 11.6388 26.2299 -13 781 0 0 1
-0.000864144 0.0446999 700 0.0276496 -0.00714832 10.0437 28.5702 -13 782 0 0 1
-0.106661 0.186429 700 0.024173 0.0318264 6.91452 52.5949 -13 783 0 0 1
-0.123156 0.203354 700 0.0299179 -0.000749686 6.85578 39.0073 -13 784 0 0 1
-0.181157 -0.0553921 700 0.0606613 -0.0753792 4.69256 64.3531 -13 785 0 0 1
0.0171285 0.211462 700 -0.00940151 0.010867 9.55987 45.2699 -13 786 0 0 1
-0.739526 0.318592 700 0.0558677 0.0432593 8.89323 45.0042 -13 787 0 0 1
-0.174511 -0.0891959 700 -0.00206526 0.0224132 12.3408 38.8238 -13 788 0 0 1
-0.702254 -0.883782 700 -0.16044 0.10425 14.1567 33.2203 -13 789 0 0 1
0.130299 0.0872829 700 -0.035527 -0.0405844 9.92441 52.3761 -13 790 0 0 1
-0.486218 0.398711 700 -0.0632068 0.0273679 4.77767 74.8582 -13 791 0 0 1
0.195652 -0.339268 700 -0.0712501 -0.0470584 11.7569 49.7941 -13 792 0 0 1
-0.127904 0.0810975 700 -0.00350469 0.00767124 11.4099 39.2012 -13 793 0 0 1
-0.0340732 -0.0608628 700 0.000932798 -0.0544721 11.4732 30.5934 -13 795 0 0 1
-0.0347357 0.163683 700 0.0291818 -0.0534708 14.0009 43.0414 -13 797 0 0 1
0.0514167 0.265163 700 0.0517966 -0.0212061 13.7059 43.723 -13 798 0 0 1
-0.0610802 0.151517 700 0.0645338 0.0421382 9.35989 56.2492 -13 799 0 0 1
0.118698 0.0205088 700 -0.0352843 -0.000823296 13.5439 21.2607 -13 800 0 0 1
0.494012 -0.313105 700 -0.0101876 -0.0341571 5.59927 48.2547 -13 801 0 0 1
0.38375 -0.110475 700 -0.00927799 -0.00255669 12.5357 47.2405 -13 805 0 0 1
-0.498016 -0.347101 700 -0.0684566 0.0703048 7.55096 46.4047 -13 826 0 0 1
0.196684 -0.473247 700 -0.137387 -0.148419 7.79551 59.8967 -13 835 0 0 1
0.0268732 0.0593586 700 0.0323606 -0.0334465 12.824 36.7332 -13 838 0 0 1
-0.404888 -0.838525 700 -0.0119654 0.292959 4.00007 81.8217 -13 844 0 0 1
0.0490055 0.277819 700 0.0632042 0.00916306 12.278 37.399 -13 846 0 0 1
0.123829 0.125717 700 0.0704641 -0.0197212 8.86269 36.3451 -13 851 0 0 1
-0.4108 -0.802008 700 -0.0440045 0.0216742 0.651584 545.218 -13 852 0 0 1
-0.340218 0.0407078 700 0.026708 0.0414217 11.5535 45.5711 -13 855 0 0 1
0.316414 -0.124348 700 0.000247035 -0.0623582 13.7576 47.1007 -13 973 0 0 1
-0.123684 0.0659148 700 0.0149817 0.0100771 10.2662 44.5683 -13 975 0 0 1
0.268165 0.0783961 700 -0.000571743 0.0453291 6.65037 43.6107 -13 976 0 0 1
0.0122035 -0.0866216 700 -0.0196417 -0.0022437 13.7173 37.2949 -13 979 0 0 1
0.104404 -0.104266 700 0.00100622 -0.0122258 9.66354 26.8833 -13 981 0 0 1
-0.0331677 0.0349994 700 0.0243146 -0.0164417 13.6113 31.5395 -13 982 0 0 1
-1.31617 0.886228 700 -0.0465539 0.165488 5.51157 67.6767 -13 983 0 0 1
-0.0229713 -0.0325538 700 -0.0760169 -0.0742307 10.0541 27.7071 -13 984 0 0 1
-0.0244497 -0.00691347 700 -0.0388717 0.00751866 11.2508 37.8797 -13 985 0 0 1
0.290218 0.347358 700 0.0835777 -0.0753208 8.38479 48.7133 -13 986 0 0 1
0.000676648 0.141914 700 0.0108932 -0.018447 14.2269 42.5704 -13 987 0 0 1
-0.0782217 0.327205 700 0.0524366 0.065365 6.5933 59.4809 -13 988 0 0 1
0.205213 0.777919 700 0.0672636 -0.0210571 2.034 107.51 -13 989 0 0 1
0.111188 -0.259838 700 -0.0514476 -0.0136603 11.263 51.5048 -13 993 0 0 1
-0.00714759 0.0350392 700 -0.000362493 -0.0251514 13.0337 44.8013 -13 996 0 0 1
-0.0153975 0.293773 700 0.0696038 0.0212587 14.5062 26.4017 -13 997 0 0 1
-0.0221778 -0.124263 700 -0.0235975 0.00551907 10.2502 49.8089 -13 998 0 0 1
0.102676 0.0571351 700 0.0242509 -0.0572759 7.35127 38.9469 -13 999 0 0 1
-0.428161 0.069667 700 -0.0436047 0.0839876 4.9981 62.8405 -13 8 0 0 1
2.54826 -0.22802 700 0.00781393 -0.00155714 0.0416185 60.4449 11 8 1004 0 1
-0.148222 0.0446849 700 -0.0204129 0.02064 11.8097 25.1509 -13 12 0 0 1
0.035814 0.0730481 700 -0.00764381 0.0362186 8.44814 39.7755 -13 27 0 0 1
0.11433 0.126756 700 0.00555162 -0.0295874 11.568 49.4109 -13 28 0 0 1
-0.409015 -0.798117 700 -0.0884309 0.173849 4.97561 53.1267 -13 46 0 0 1
0.0127127 0.311135 700 0.0451711 -0.0122958 11.406 30.1918 -13 47 0 0 1
0.121248 0.253155 700 0.0806093 0.037222 8.1752 31.987 -13 53 0 0 1
0.359306 -0.72321 700 -0.0378857 -0.0721402 14.0909 26.885 -13 56 0 0 1
-0.275589 1.23294 700 0.140507 0.0648786 8.15276 56.5663 -13 77 0 0 1
0.245341 -0.111097 700 0.0118459 0.0128295 8.48402 37.8054 -13 88 0 0 1
-0.0879967 0.110391 700 0.0189641 0.0403637 7.67897 58.2597 -13 93 0 0 1
-1.41355 0.642765 700 -0.013494 0.0337217 0.820491 121.028 -13 96 0 0 1
-0.084435 -0.194602 700 -0.031579 0.0377194 12.3199 21.4617 -13 100 0 0 1
0.344503 0.14977 700 0.0202302 -0.0733967 11.447 48.5164 -13 125 0 0 1
0.320296 0.11972 700 0.0444049 0.0137707 9.61861 31.972 -13 127 0 0 1
0.155633 0.0542035 700 0.0433827 -0.0142122 13.3537 23.2934 -13 135 0 0 1
0.0632988 -0.300617 700 -0.0773289 -0.0216817 7.36751 47.0876 -13 148 0 0 1
-0.0382482 0.0212645 700 0.0755937 0.0461417 6.96747 44.1938 -13 149 0 0 1
-0.211453 -0.15534 700 -0.100088 0.00209683 9.7762 49.3978 -13 174 0 0 1
-0.00823582 -0.0546191 700 -0.000190447 -0.0249583 10.7709 37.7426 -13 176 0 0 1
-0.611727 -0.00616576 700 0.000494209 0.159614 3.11699 77.0729 -13 177 0 0 1
-0.475652 0.0972905 700 0.0887856 0.0679129 5.48504 61.2154 -13 179 0 0 1
0.0761245 0.250609 700 0.170926 -0.227978 5.69888 44.2059 -13 189 0 0 1
0.0730348 0.251171 700 -0.00233251 0.014969 0.00549933 44.213 11 189 1002 0 1
0.0781189 0.288133 700 0.0431952 -0.0379863 8.9637 56.925 -13 213 0 0 1
-0.0331061 0.155065 700 0.0617854 -0.0108389 10.913 39.4144 -13 242 0 0 1
-0.156546 -0.283833 700 -0.0628356 0.0390284 13.7923 46.2232 -13 243 0 0 1
-0.534165 0.277598 700 0.121679 0.063654 8.67111 52.33 -13 244 0 0 1
0.155749 0.234727 700 -0.0230062 -0.0239175 8.06189 39.8745 -13 246 0 0 1
-0.370602 -0.2131 700 -0.0290703 0.0459343 11.8138 48.8093 -13 248 0 0 1
0.107026 0.141454 700 0.042406 -0.0446496 10.3339 43.7566 -13 250 0 0 1
0.105103 -0.255528 700 -0.028796 -0.0276786 12.2466 21.3878 -13 256 0 0 1
0.428272 -0.022655 700 -0.0451611 -0.102244 11.2565 33.525 -13 257 0 0 1
0.0536791 0.118853 700 0.0525659 -0.0190448 12.9433 38.7971 -13 262 0 0 1
-0.108278 -0.95575 700 -0.165236 -0.0552164 3.05973 95.3937 -13 264 0 0 1
0.137584 0.166818 700 0.0145096 -0.0227687 11.3106 46.7905 -13 266 0 0 1
0.104455 0.0507218 700 -0.00600205 -0.0231205 11.9763 25.8796 -13 297 0 0 1
-5.79059 0.100676 700 0.0698825 0.781745 2.73956 102.179 -13 300 0 0 1
0.0847303 0.313516 700 0.0631909 -0.00287744 8.194 56.9302 -13 301 0 0 1
-0.0247655 -0.0694008 700 -0.0105816 0.00702192 11.6274 34.7336 -13 303 0 0 1
0.235798 0.162138 700 0.0377709 -0.0514096 10.9802 33.0092 -13 305 0 0 1
0.961408 -1.73195 700 0.042673 -0.0376456 0.0434777 33.6693 11 305 1002 0 1
0.495126 0.205284 700 0.112589 -0.0187794 4.12571 68.1862 -13 307 0 0 1
0.0914026 -0.0607274 700 -0.00715711 0.00706994 12.1548 27.8447 -13 312 0 0 1
-0.0496833 0.0871019 700 0.0167486 0.0387827 6.1029 46.3629 -13 318 0 0 1
0.0796506 -0.0081156 700 0.0112616 -0.0488635 13.8046 24.2168 -13 320 0 0 1
-0.155494 0.0680983 700 0.0462168 -0.0245019 6.0197 48.2809 -13 323 0 0 1
-nan -nan -nan -nan -nan -nan -nan -13 324 0 0 1
-0.0909187 0.468425 700 0.0687994 0.111797 11.4364 48.9295 -13 325 0 0 1
0.14279 0.131647 700 -0.0224649 0.0598135 7.97297 40.2318 -13 459 0 0 1
-0.0385371 0.153098 700 -0.0461884 -0.0224484 10.5416 27.0857 -13 460 0 0 1
2.46459 -2.75533 700 -0.0173171 -0.0199531 -0.0463741 33.7205 11 460 1001 0 1
0.176422 -0.665887 700 -0.228256 0.0640375 3.65309 90.521 -13 464 0 0 1
-nan -nan -nan -nan -nan -nan -nan -13 471 0 0 1
-0.141028 -0.279532 700 -0.0917477 0.0856 5.34211 47.9807 -13 473 0 0 1
-1.11166 -0.968852 700 -0.126241 -0.0044482 2.99158 97.8821 -13 728 0 0 1
0.0404664 0.155836 700 0.00727207 -0.0342326 11.1638 29.813 -13 730 0 0 1
-0.268961 0.374493 700 0.055175 0.00952639 7.87828 35.6967 -13 734 0 0 1
-0.0319755 -0.103254 700 -0.0584709 -0.0334829 10.9736 32.6372 -13 736 0 0 1
0.405896 -0.128815 700 0.0123934 -0.0127171 8.39436 52.8132 -13 738 0 0 1
-0.207513 -0.154545 700 -0.0225509 0.014626 11.8951 41.8848 -13 739 0 0 1
0.0920001 -0.169335 700 -0.0202161 -0.0613159 8.65815 48.3408 -13 741 0 0 1
0.910069 1.45231 700 0.0643805 -0.128951 3.90293 82.7243 -13 742 0 0 1
0.331149 0.135207 700 0.0433153 -0.0204664 8.29875 31.8995 -13 743 0 0 1
0.0838468 -0.267261 700 -0.0834051 -0.0160905 8.54022 55.1991 -13 746 0 0 1
-0.000863617 -0.16091 700 -0.0313102 -6.49767e-05 11.8443 44.1542 -13 747 0 0 1
-0.19933 -0.145354 700 -0.0109847 0.0302847 10.5566 40.9156 -13 748 0 0 1
-0.504018 0.170974 700 0.0511132 0.0073098 12.0844 22.3968 -13 749 0 0 1
0.285946 -0.243352 700 -0.0707722 -0.0407057 11.1044 46.9105 -13 751 0 0 1
0.381247 0.0147684 700 0.0681307 -0.0596809 8.61021 54.4533 -13 754 0 0 1
-0.162802 0.40518 700 0.0936738 0.0284718 7.89847 38.9313 -13 755 0 0 1
0.539929 -0.510354 700 -0.107794 -0.0376945 5.33103 57.795 -13 756 0 0 1
-0.276174 -0.0540536 700 0.0282419 0.0472423 7.15941 47.3166 -13 757 0 0 1
-5.69338 -7.18453 700 -0.0118294 -0.00050317 0.0531693 37.8676 11 757 1005 0 1
0.735579 -0.505343 700 -0.0140783 -0.15701 7.90899 34.1985 -13 758 0 0 1
0.0556404 -0.0992549 700 -0.0168813 0.0179298 12.633 49.304 -13 767 0 0 1
-0.272002 0.147881 700 0.035303 0.0548961 10.8855 29.3904 -13 771 0 0 1
-0.0716586 -0.235249 700 -0.00350289 0.0168502 11.4209 27.0526 -13 773 0 0 1
-0.346184 -0.158955 700 0.0178046 -0.0088971 8.45345 48.1631 -13 778 0 0 1
-8.52265 5.93069 700 -0.0173976 0.0281814 0.0433575 46.9151 11 778 1002 0 1
0.118339 0.125524 700 0.0182537 0.0161871 12.9237 20.259 -13 779 0 0 1
0.0143707 0.479058 700 0.0676808 -0.0175958 7.41483 46.0842 -13 794 0 0 1
-0.71689 0.989449 700 -0.0506683 0.158153 8.82926 51.2559 -13 796 0 0 1
0.125323 0.0235453 700 0.0427126 0.118013 2.62338 87.8625 -13 806 0 0 1
-0.0922296 -0.155098 700 -0.0643193 0.00232625 13.6401 29.2892 -13 807 0 0 1
-0.388854 0.139209 700 -0.0122824 0.0331174 6.98677 45.2398 -13 808 0 0 1
-0.0591999 0.0218721 700 -0.0130694 0.00822822 14.3003 31.5984 -13 809 0 0 1
0.00399761 -0.311809 700 -0.0120708 0.0662055 6.23024 66.754 -13 819 0 0 1
0.567778 -0.0923022 700 -0.0637165 -0.0621273 8.372 33.6298 -13 821 0 0 1
0.211929 -4.05814 700 -0.0155485 0.0279781 0.0531547 32.152 11 821 1003 0 1
-0.216788 -0.283812 700 -0.0615092 0.00874133 12.5957 43.4014 -13 823 0 0 1
0.254769 -0.338348 700 -0.0673054 -0.0477958 10.8002 32.6353 -13 837 0 0 1
0.476264 0.145453 700 -0.0657947 -0.033144 9.84705 47.2402 -13 840 0 0 1
0.277034 -1.15884 700 -0.136613 -0.0517301 8.27875 37.4469 -13 843 0 0 1
0.027388 0.148024 700 0.0246954 0.00492504 13.4835 27.965 -13 845 0 0 1
-0.617195 0.233636 700 0.0139667 0.110411 4.58502 62.3335 -13 847 0 0 1
0.134237 0.0927085 700 0.0429381 0.0292035 9.55388 28.7272 -13 849 0 0 1
-0.0556332 0.0255438 700 0.0416558 -0.00496235 12.3678 42.6941 -13 850 0 0 1
-0.0386829 -0.0229279 700 -0.00835095 0.00475063 14.3292 26.0476 -13 857 0 0 1
-0.265988 -0.156523 700 -0.0113772 0.0814127 10.205 51.0304 -13 858 0 0 1
-0.0818828 0.198659 700 0.0591222 0.0179081 13.0365 44.3948 -13 860 0 0 1
-0.0762998 -0.0598162 700 0.00889031 -0.0380758 11.1707 25.7621 -13 861 0 0 1
0.44196 0.156384 700 0.0518685 -0.0356553 5.76741 63.3749 -13 862 0 0 1
-2.16186 0.000488598 700 0.0136712 -0.024936 0.024671 63.5699 11 862 1005 0 1
0.401557 -0.866738 700 -0.0376913 -0.153702 3.5366 71.1382 -13 863 0 0 1
0.145298 -0.504654 700 -0.0996229 0.0591255 5.4306 73.8512 -13 866 0 0 1
-0.133039 -0.13293 700 -0.0275679 0.0406223 8.32129 40.3446 -13 868 0 0 1
-0.0497898 0.105084 700 -0.000118742 0.0244721 14.2354 43.9885 -13 879 0 0 1
0.0255096 -0.0163193 700 -0.0286617 -0.00192031 12.9348 25.1412 -13 880 0 0 1
-0.263745 0.00880574 700 -0.0468586 0.0892115 14.5284 30.1867 -13 881 0 0 1
0.0630028 0.667559 700 0.0404385 -0.0853829 6.37702 59.976 -13 882 0 0 1
-0.34317 0.713309 700 0.0333617 0.043968 7.07305 59.228 -13 883 0 0 1
-0.0647732 -0.172168 700 0.016817 0.0119058 5.66987 60.6395 -13 884 0 0 1
0.149189 -0.141094 700 -0.00517626 -0.040193 12.5397 21.9068 -13 885 0 0 1
0.0485527 1.28448 700 0.205213 0.198937 8.50634 30.1464 -13 887 0 0 1
-0.0833715 0.150109 700 0.0467277 -0.058272 8.53576 48.7618 -13 888 0 0 1
-0.136361 -0.117608 700 -0.0397306 0.0198032 11.3016 47.1249 -13 889 0 0 1
0.784785 1.13978 700 0.14267 -0.115819 10.8158 35.1469 -13 890 0 0 1
-0.0906743 0.408049 700 0.0760399 0.0395657 7.49845 41.4854 -13 891 0 0 1
0.169957 -0.172039 700 -0.0341929 -0.0849918 14.0609 26.9675 -13 892 0 0 1
-0.0052914 -0.174005 700 -0.012887 0.0300651 9.35948 30.5371 -13 893 0 0 1
-0.173935 0.0911236 700 0.0753235 0.0322861 12.5639 38.6323 -13 894 0 0 1
-0.141509 0.0268496 700 -0.0236195 0.048507 11.6082 38.7048 -13 895 0 0 1
-0.0392735 -0.120473 700 -0.0504533 -0.0132225 6.66158 47.123 -13 899 0 0 1
-0.125977 -0.0127746 700 0.00245138 0.046653 11.4259 23.9911 -13 900 0 0 1
0.230498 0.295467 700 0.152007 -0.0334297 6.52814 45.6709 -13 903 0 0 1
0.239783 0.105685 700 0.037149 -0.0304797 12.5371 27.8652 -13 904 0 0 1
0.0370399 0.326133 700 0.0353266 0.0338685 5.15331 65.8877 -13 905 0 0 1
-0.120482 -0.121646 700 -0.0441675 -0.0117144 10.4504 44.0436 -13 906 0 0 1
-0.0066175 0.0956149 700 0.0209472 0.0304103 11.618 48.2484 -13 907 0 0 1
0.0211838 0.27268 700 0.0291707 -0.00816265 12.9322 23.127 -13 908 0 0 1
0.0989781 0.0559955 700 -0.0107808 0.0847611 7.21366 49.5567 -13 909 0 0 1
0.22611 -0.649774 700 -0.10114 -0.0104232 9.25111 28.9509 -13 910 0 0 1
-0.162034 -0.574032 700 -0.0137473 0.0362828 0.746446 557.799 -13 911 0 0 1
-0.15287 0.016202 700 0.0184745 0.0621877 11.8258 23.4645 -13 912 0 0 1
-0.132832 0.0571247 700 -0.0152859 0.00864833 13.2306 23.8258 -13 10 0 0 1
0.357529 -0.537545 700 -0.0895378 0.0314543 10.5993 26.1959 -13 11 0 0 1
0.045068 0.236662 700 -0.0159482 -0.0597046 3.49796 70.5873 -13 13 0 0 1
-0.183001 0.14523 700 -0.0216885 0.00496296 14.4941 24.3789 -13 17 0 0 1
0.0817928 0.167444 700 0.0874136 0.00324732 6.94618 56.9271 -13 29 0 0 1
-1.65886 -1.43815 700 0.0401535 -0.01326 0.00895903 59.4324 11 29 1002 0 1
1.80491 1.20892 700 0.734812 0.0179154 8.43049 35.0286 -13 32 0 0 1
0.0577438 0.265854 700 0.0113209 -0.010591 13.259 25.4581 -13 49 0 0 1
0.103285 0.225361 700 -0.0452796 -0.0475634 4.15891 84.7886 -13 50 0 0 1
-0.126931 -0.198794 700 -0.0683889 0.00320037 2.56928 84.5663 -13 54 0 0 1
-0.158723 -0.404454 700 -0.0918568 0.0487866 9.35003 39.5265 -13 62 0 0 1
0.259247 0.523584 700 0.0356373 -0.105802 5.35347 59.2994 -13 69 0 0 1
-0.0647281 0.0722761 700 0.0501665 0.0542996 11.6736 25.4146 -13 71 0 0 1
-0.0624279 0.161332 700 0.04958 0.0390824 12.673 44.8956 -13 79 0 0 1
0.0901222 0.406411 700 0.0676269 0.00476797 8.7028 51.7429 -13 81 0 0 1
0.0511184 -0.0890535 700 0.00174783 -0.00761729 13.1895 42.2629 -13 82 0 0 1
-0.275194 -0.115453 700 0.0241946 -0.00138469 9.84854 44.3235 -13 83 0 0 1
-0.00945698 0.221666 700 0.0419465 -0.0572629 13.5676 22.4751 -13 85 0 0 1
0.0320315 -0.935309 700 0.000155129 -0.000424992 0.178433 508.147 -13 87 0 0 1
-0.0856123 0.0111465 700 -0.0289899 0.00969468 13.7574 36.157 -13 107 0 0 1
0.015737 0.0366708 700 0.0017937 -0.0159235 13.2374 41.5555 -13 132 0 0 1
-0.0429041 0.11903 700 0.00731626 0.0416489 14.541 36.4224 -13 133 0 0 1
-0.396055 -0.961839 700 -0.184358 0.0543265 7.1723 53.374 -13 134 0 0 1
0.341984 -0.0163543 700 0.0818915 -0.0598191 4.47119 59.0471 -13 138 0 0 1
-0.176078 0.0323395 700 -0.0137482 0.0218766 13.694 42.2274 -13 153 0 0 1
-0.203833 0.19735 700 0.0236849 0.0101734 9.93792 50.5177 -13 155 0 0 1
-0.180439 0.114701 700 0.0147936 0.0291511 11.9658 37.8618 -13 156 0 0 1
0.303269 -0.218064 700 0.0211401 -0.0778106 8.38662 40.054 -13 158 0 0 1
0.0526073 0.100923 700 0.0110421 -0.0235703 14.1045 24.9879 -13 161 0 0 1
-0.0334591 -0.192737 700 -0.0258581 -0.0193746 9.2338 44.6879 -13 182 0 0 1
-0.102341 -0.00181124 700 -0.0142026 0.0169254 14.011 23.5516 -13 183 0 0 1
0.0586823 -0.0100468 700 -0.0150815 0.000257417 11.4886 37.8528 -13 185 0 0 1
0.234793 0.221784 700 0.0894886 -0.044243 8.40039 35.5038 -13 190 0 0 1
0.092318 0.0745322 700 0.0183286 -0.00451314 12.2443 26.7096 -13 191 0 0 1
-0.0180376 -0.0352192 700 -0.00532171 -0.0202532 10.3428 31.4129 -13 194 0 0 1
-0.463582 -0.376399 700 -0.0263893 0.0625738 10.8633 45.165 -13 195 0 0 1
-0.0974171 -0.0599702 700 0.00860381 0.049086 11.585 43.5397 -13 201 0 0 1
-0.436722 -0.240458 700 -0.0331385 -0.0259776 2.95115 80.8136 -13 221 0 0 1
-0.0604576 -0.151731 700 -0.0723103 0.00694764 8.8869 35.1848 -13 222 0 0 1
-0.0546503 0.124284 700 0.0312362 -0.00385126 13.4982 32.0743 -13 228 0 0 1
-0.159673 -0.312425 700 -0.0526888 -0.016729 13.4275 29.665 -13 229 0 0 1
0.433841 0.408029 700 0.0405469 -0.0816083 11.9636 22.5672 -13 230 0 0 1
0.670345 -0.233585 700 0.0705381 -0.108117 9.04737 53.9255 -13 231 0 0 1
-0.483225 -0.245327 700 -0.0738756 0.0494611 6.25051 58.5432 -13 232 0 0 1
-0.152922 0.0447949 700 -0.00601733 0.0131568 10.9478 50.9294 -13 233 0 0 1
-0.265442 0.109344 700 0.0144489 0.0418186 12.481 23.2499 -13 234 0 0 1
-0.138357 0.787763 700 0.132034 0.0893157 6.15682 63.1138 -13 235 0 0 1
-1.04255 -1.26473 700 -0.0164568 0.0331164 0.0282521 63.0435 11 235 1001 0 1
0.507399 -0.0674551 700 -0.105473 -0.0945864 4.50947 73.4926 -13 236 0 0 1
0.0100298 0.103128 700 -0.043874 -0.00188244 8.37323 44.9113 -13 237 0 0 1
0.311276 -0.240845 700 0.0476493 -0.107366 12.9059 31.9735 -13 245 0 0 1
-0.27188 0.253505 700 0.0186534 0.0325204 11.6309 32.1505 -13 247 0 0 1
-0.0747954 -0.0749218 700 -0.0247565 0.0504651 12.3445 31.2357 -13 249 0 0 1
0.140203 -0.157953 700 -0.0100347 -0.0309439 11.9151 42.3925 -13 253 0 0 1
-0.463156 0.182173 700 -0.0323597 -0.0476894 8.26228 34.7045 -13 254 0 0 1
0.183063 0.082738 700 -0.0243704 -0.0263507 12.0257 28.6042 -13 255 0 0 1
0.12837 0.164005 700 0.0551086 -0.0389164 14.2044 41.5877 -13 260 0 0 1
-0.0469458 -0.0164197 700 0.00765553 -0.0094899 14.0579 40.5309 -13 267 0 0 1
0.185896 0.106113 700 -0.0240552 -0.013801 12.2661 26.1983 -13 268 0 0 1
0.480805 -0.0659927 700 -0.0127151 -0.067785 11.7884 33.239 -13 269 0 0 1
-1.63338 0.923179 700 0.00954034 -0.00774916 0.108738 24.5408 11 269 1004 0 1
0.199624 -0.299813 700 -0.00847523 -0.0767542 2.90885 102.672 -13 270 0 0 1
-0.310319 0.0740652 700 0.0668645 0.0678124 8.767 48.1555 -13 275 0 0 1
-0.0583726 0.13631 700 0.0113943 -0.00248731 13.3433 39.6015 -13 279 0 0 1
0.339713 0.0429549 700 0.0586289 -0.113182 8.12521 50.7421 -13 281 0 0 1
0.141228 -0.5144 700 -0.0892469 -0.0436268 10.6994 30.7706 -13 283 0 0 1
0.0617066 -0.0513519 700 -0.124662 -0.0200031 2.6444 106.812 -13 285 0 0 1
0.114382 -0.0444061 700 -0.000777846 -0.006217 0.0131895 106.757 11 285 1008 0 1
-0.0979257 -0.0612907 700 0.0456352 0.0534697 10.8682 51.3545 -13 287 0 0 1
0.0547061 0.134734 700 -0.0236966 -0.0298127 7.34406 62.8402 -13 293 0 0 1
-0.0149493 0.319434 700 0.0271221 -0.0308387 7.21646 57.4995 -13 295 0 0 1
-nan -nan -nan -nan -nan -nan -nan -13 298 0 0 1
0.241356 -0.332275 700 -0.048414 -0.0704288 7.54134 49.0113 -13 302 0 0 1
0.350578 -0.94657 700 -0.123406 -0.0910406 9.8291 32.2889 -13 414 0 0 1
0.000400645 -0.282985 700 -0.0493286 0.00470047 12.643 34.0119 -13 416 0 0 1
-0.0785668 -0.316674 700 -0.0626204 0.0141801 10.0173 51.5882 -13 418 0 0 1
0.86707 -0.599609 700 -0.0326066 -0.177261 7.61576 46.6301 -13 419 0 0 1
0.152308 -0.0055483 700 -0.00235822 -0.0539004 12.4393 30.4025 -13 420 0 0 1
-0.199832 -0.557914 700 -0.0381097 -0.00949296 7.03974 39.4077 -13 422 0 0 1
-0.137352 0.05263 700 -0.0159732 0.0105944 9.30782 37.0236 -13 424 0 0 1
-0.152876 0.223118 700 0.0490333 0.0599975 6.99985 43.8409 -13 428 0 0 1
0.0112662 -0.0808922 700 0.00924892 -0.0483962 7.80462 45.1005 -13 429 0 0 1
-0.127599 -0.00289051 700 -0.00302689 0.0491587 10.8399 33.3047 -13 431 0 0 1
-0.113446 0.225231 700 0.0269662 -0.0756508 9.93879 43.5332 -13 432 0 0 1
-0.100961 -0.0803965 700 -0.0245419 0.0331798 11.0233 48.1599 -13 433 0 0 1
0.0292645 0.060452 700 0.0538999 -0.0157419 13.6987 29.9448 -13 434 0 0 1
-0.0514277 -0.312253 700 -0.0404322 -0.0113522 11.3809 37.2136 -13 435 0 0 1
-0.00433614 0.317557 700 0.0609711 0.00112398 11.246 29.2985 -13 436 0 0 1
0.0630763 -0.085751 700 -0.000889929 -0.00745743 10.6818 34.9732 -13 437 0 0 1
0.188528 -0.0737415 700 -0.0122033 -0.0486612 11.1166 39.1772 -13 438 0 0 1
-0.440106 -0.136782 700 -0.0188789 0.130093 8.82507 49.438 -13 440 0 0 1
0.0207471 0.0795997 700 0.0542609 -0.0564544 11.3573 36.4233 -13 441 0 0 1
0.279427 0.338279 700 0.0768479 -0.00702037 11.3552 33.0823 -13 444 0 0 1
-0.0427789 0.247028 700 -0.0220297 0.0696123 7.81041 52.5707 -13 451 0 0 1
0.29162 0.0108517 700 -0.0019137 -0.0360039 13.6797 44.825 -13 462 0 0 1
-0.109942 -0.18096 700 -0.00734537 0.00773043 13.6909 35.098 -13 498 0 0 1
-0.290826 0.121167 700 0.00648173 -0.0217888 11.8825 37.1516 -13 499 0 0 1
0.391803 0.0939103 700 0.0516768 -0.050208 12.6152 33.4892 -13 500 0 0 1
-1.11931 -0.363228 700 0.0240053 0.0342738 0.0416345 36.6348 11 500 1003 0 1
0.164228 -0.241605 700 -0.0847085 0.0628915 7.87616 37.498 -13 514 0 0 1
0.17462 -0.552563 700 -0.0930707 -0.0175839 9.68102 33.2643 -13 525 0 0 1
-1.58144 0.22307 700 -0.230862 0.426169 2.85658 104.486 -13 527 0 0 1
-1.55905 0.0756965 700 0.00219709 0.00151496 0.00205906 104.565 11 527 1006 0 1
-0.150912 0.158939 700 0.0249853 0.0268004 8.28592 52.9356 -13 530 0 0 1
-0.696075 1.29818 700 0.11783 0.209269 11.2831 28.1869 -13 539 0 0 1
-0.815016 1.52236 700 0.026861 -0.0295831 0.040886 29.7837 11 539 1001 0 1
0.0190723 -0.21111 700 -0.0178438 -0.0123855 11.2458 48.1283 -13 540 0 0 1
-1.54286 -3.73222 700 -0.50823 0.317771 10.655 43.2968 -13 547 0 0 1
-0.296227 -0.0784503 700 -0.030582 0.0413769 8.58194 45.8192 -13 550 0 0 1
0.113633 0.268099 700 -0.00133149 -0.00995536 4.96147 50.5746 -13 554 0 0 1
-0.293852 -0.195329 700 -0.0280881 -0.0185692 6.14882 61.2811 -13 556 0 0 1
0.0646584 0.229545 700 0.0462294 -0.0527064 10.9246 51.3745 -13 559 0 0 1
-0.00907907 -0.0707605 700 -0.0300922 0.0100701 13.5993 19.5082 -13 560 0 0 1
-0.515688 0.416046 700 -0.0514845 -0.0137539 5.03568 74.5211 -13 561 0 0 1
0.340175 0.341207 700 0.0574905 -0.0993975 11.04 26.5589 -13 562 0 0 1
-0.25596 0.0797104 700 -0.0196232 0.0757533 11.828 47.4319 -13 568 0 0 1
-0.0168471 -0.0897065 700 -0.00875913 0.0078551 13.5329 30.0091 -13 569 0 0 1
0.317903 -0.46678 700 -0.0822597 -0.0799791 11.0691 48.5686 -13 570 0 0 1
-0.0466867 -0.284533 700 -0.0671434 -0.0126419 12.6396 33.5457 -13 571 0 0 1
-0.171846 0.0476313 700 -0.0198783 -0.00884017 9.8772 37.8187 -13 572 0 0 1
-0.180024 -0.317392 700 -0.0234045 0.0114689 6.44801 51.132 -13 573 0 0 1
0.166675 -0.0910191 700 -0.0218045 -0.0146104 13.7314 27.2744 -13 574 0 0 1
0.0689914 -0.364407 700 -0.0911375 0.0438912 13.9463 44.6918 -13 584 0 0 1
0.0859747 0.0679767 700 0.0260217 -0.0501898 11.2208 30.5729 -13 585 0 0 1
0.162759 0.135946 700 -0.0114904 -0.0386149 9.33384 51.7449 -13 586 0 0 1
0.214059 0.211446 700 0.0125131 -0.0415781 13.7634 37.8716 -13 587 0 0 1
0.440311 0.384239 700 0.0525373 -0.102843 9.52283 36.0103 -13 588 0 0 1
-0.109564 0.0496447 700 0.0185687 0.0151496 13.2672 31.4648 -13 589 0 0 1
-0.160465 0.110457 700 0.0420586 0.0280632 9.06155 39.4076 -13 591 0 0 1
2.6686 2.43052 700 0.0213084 -0.0296694 0.0616776 37.777 11 591 1003 0 1
0.124745 0.548831 700 0.0920946 0.0109122 8.2886 42.8691 -13 592 0 0 1
0.137842 -0.101753 700 0.0120985 -0.107143 5.7062 70.1008 -13 593 0 0 1
-0.057311 0.39614 700 0.0339551 -0.00731401 10.7513 52.7141 -13 594 0 0 1
0.488832 0.257389 700 0.0812824 -0.07967 8.07341 47.6365 -13 596 0 0 1
1.28844 -2.73549 700 0.0129139 -0.0299047 0.0211928 48.4324 11 596 1003 0 1
0.445187 -0.0237886 700 0.0461428 -0.0814511 10.4025 35.9937 -13 597 0 0 1
0.244577 0.0476246 700 -0.0566056 -0.061827 5.70731 49.952 -13 599 0 0 1
-nan -nan -nan -nan -nan -nan -nan -13 600 0 0 1
-0.466999 -0.00951107 700 -0.0417341 0.0494348 12.5314 38.1905 -13 601 0 0 1
-0.252924 0.543925 700 0.0587447 0.088097 6.76459 58.5744 -13 896 0 0 1
-0.15721 0.517008 700 0.105269 0.0445229 10.3264 31.6949 -13 897 0 0 1
-0.345946 -0.0902138 700 -0.000408493 0.104265 8.35732 46.4742 -13 898 0 0 1
-1.64051 -1.60428 700 0.00861699 -0.0164059 0.032916 46.8459 11 898 1002 0 1
-0.0471821 -0.419993 700 -0.108375 0.0174778 5.09333 75.563 -13 901 0 0 1
-0.682946 -1.2082 700 0.00335364 -0.00591327 -0.17015 632.851 11 901 1004 0 1
-0.00976274 0.0952914 700 0.0182437 -0.0147831 8.61731 31.5669 -13 902 0 0 1
-0.290081 0.14545 700 0.00457506 0.0448857 10.2737 26.6017 -13 914 0 0 1
0.0642281 -0.788148 700 -0.141481 -0.0259974 9.0692 34.0536 -13 915 0 0 1
-0.0480187 0.0416471 700 -0.0216884 0.0391883 13.787 37.313 -13 916 0 0 1
0.15964 -0.0634631 700 0.0305697 -0.0111188 12.474 39.9401 -13 917 0 0 1
-0.0217389 0.238419 700 0.0319367 -0.0571406 12.829 43.9511 -13 918 0 0 1
0.261394 0.0509094 700 0.025062 0.0531702 3.67022 69.2619 -13 919 0 0 1
0.161508 -0.154911 700 -0.0109316 0.022602 8.62619 32.382 -13 920 0 0 1
-0.00866614 0.036479 700 -0.00960157 0.0364437 14.0758 24.403 -13 921 0 0 1
0.147631 -0.169152 700 -0.0285457 -0.0320354 12.8697 40.8429 -13 922 0 0 1
-0.179658 -0.293683 700 -0.0229616 0.11945 3.59496 91.0429 -13 923 0 0 1
-0.216674 -0.0952348 700 -0.00533673 0.0319802 13.614 32.6269 -13 924 0 0 1
0.0428479 -0.298943 700 -0.0472647 -0.0140275 13.9617 46.7308 -13 925 0 0 1
-0.208472 -0.331262 700 -0.0416906 -0.00499861 12.8017 20.7235 -13 926 0 0 1
0.49049 -0.210218 700 -0.0547667 0.0105741 4.71846 66.1944 -13 927 0 0 1
0.0435104 -0.244371 700 -0.0515402 -0.0191885 11.7734 45.2097 -13 928 0 0 1
0.00484842 0.0285036 700 0.0170444 0.0232189 13.5415 25.4518 -13 929 0 0 1
0.239049 -0.285989 700 -0.0215589 -0.0416628 12.7114 38.238 -13 930 0 0 1
-0.132331 -0.00769934 700 0.0201107 0.0176897 13.3012 40.4379 -13 931 0 0 1
-0.0527817 -0.0785309 700 -0.0178415 0.0285161 11.4252 51.2161 -13 932 0 0 1
-0.0894725 0.150789 700 0.00640553 0.017345 13.6066 32.1221 -13 933 0 0 1
0.130989 -0.155571 700 -0.0535235 -0.037391 8.57785 41.6418 -13 934 0 0 1
0.437034 0.0553543 700 -0.0916566 -0.0992508 10.406 45.6502 -13 935 0 0 1
0.128603 0.0778824 700 0.0251874 -0.0311815 12.4408 33.9858 -13 936 0 0 1
-0.0201255 -0.245684 700 -0.0609537 -1.55277e-05 12.5228 47.6235 -13 937 0 0 1
0.235914 -0.321775 700 0.0450874 -0.0970019 4.53494 57.6078 -13 938 0 0 1
-0.318413 -0.140674 700 0.0268333 0.0941664 13.8088 28.4433 -13 939 0 0 1
-0.113492 0.117303 700 0.0097591 0.0339815 5.91536 46.0197 -13 940 0 0 1
-0.204681 -0.0691631 700 -0.0586912 0.0238665 12.2644 36.6065 -13 941 0 0 1
0.0330533 -0.855816 700 -0.124185 0.0126566 0.720067 137.669 -13 942 0 0 1
-0.198388 0.276573 700 0.0448637 0.0324714 10.4575 49.0687 -13 943 0 0 1
0.308321 0.143769 700 0.0727979 -0.107732 11.1018 26.575 -13 4 0 0 1
0.269678 -0.286567 700 -0.0461971 -0.0468635 6.855 43.2396 -13 5 0 0 1
-0.0463758 0.0445221 700 -0.0262114 0.0143531 14.3626 31.6363 -13 25 0 0 1
-0.3824 -0.292619 700 -0.041621 0.0680775 13.6228 20.778 -13 30 0 0 1
0.00608225 -0.00948826 700 -0.00903041 -0.0157327 10.3663 28.4147 -13 31 0 0 1
0.225794 0.352401 700 0.0183637 -0.00191715 5.00746 75.2631 -13 35 0 0 1
0.14124 0.0563184 700 0.0348009 0.0062241 11.843 44.6906 -13 38 0 0 1
0.155589 -0.12798 700 -0.0629547 -0.0232796 8.39109 41.8326 -13 51 0 0 1
-0.182593 -0.966589 700 -0.0372346 0.0537592 0.572309 151.102 -13 52 0 0 1
-0.26259 0.21936 700 0.0107492 0.0072034 8.27618 37.3415 -13 58 0 0 1
-nan -nan -nan -nan -nan -nan -nan -13 342 0 0 1
-0.853925 -0.169903 700 5.69365e-05 0.000549281 0.0421584 168.199 -13 343 0 0 1
-0.147954 0.177351 700 -0.0503943 0.0994273 6.81014 58.2048 -13 602 0 0 1
-2.10201 -0.353063 700 -0.109748 0.160907 9.23999 49.4658 -13 603 0 0 1
0.169377 0.0760811 700 0.00133403 -0.104771 7.51351 46.0577 -13 604 0 0 1
0.000111173 -0.030465 700 -0.00974538 -0.00469273 12.4423 36.7921 -13 606 0 0 1
-0.370342 0.123043 700 0.0337695 0.0883885 11.8807 26.972 -13 607 0 0 1
-0.205503 0.243253 700 0.0880718 0.0853826 12.9296 34.3935 -13 608 0 0 1
-0.238325 -0.114942 700 -0.0819021 0.0562954 8.73972 35.7857 -13 610 0 0 1
0.0401204 -1.67023 700 -0.00966024 -0.029369 0.0442409 35.1476 11 610 1001 0 1
0.170937 0.059706 700 0.00383737 -0.0140095 10.3197 29.2962 -13 611 0 0 1
-0.062387 -0.0591082 700 0.025582 0.024524 10.7898 40.2706 -13 617 0 0 1
0.147057 0.32313 700 0.029079 0.057697 4.64275 73.3803 -13 619 0 0 1
-0.336259 0.10612 700 0.0666628 0.1145 5.1014 50.314 -13 621 0 0 1
-0.0179395 -0.196262 700 -0.0492454 -0.0197279 9.40182 44.3164 -13 627 0 0 1
0.761871 0.111468 700 0.0280364 0.119657 2.20193 103.186 -13 628 0 0 1
0.158955 -0.171447 700 -0.0344473 -0.00588854 10.4377 30.3029 -13 629 0 0 1
-0.222284 -0.0557881 700 -0.00487451 0.0722503 11.7011 49.0429 -13 630 0 0 1
0.101868 -0.115782 700 0.00429545 -0.0375751 8.83707 55.9477 -13 631 0 0 1
-0.582348 0.0631572 700 -0.0504237 0.0935617 13.6953 36.9755 -13 644 0 0 1
0.0508918 0.0177242 700 0.014404 -0.00862626 9.7132 28.1352 -13 645 0 0 1
-0.266297 0.135631 700 0.0733696 0.0505961 5.94431 68.5256 -13 647 0 0 1
0.576164 -0.108224 700 -0.0228075 0.0473197 3.87569 73.0474 -13 648 0 0 1
0.249717 0.0841469 700 0.0604501 -0.0303957 10.0529 37.9757 -13 651 0 0 1
-0.137736 -0.444094 700 -0.0397429 0.0365693 12.258 32.9612 -13 654 0 0 1
-0.228478 0.25089 700 0.118797 0.0856409 4.79421 65.865 -13 658 0 0 1
6.5841 1.78522 700 -0.00276676 -0.00600197 0.0375504 63.6634 11 658 1006 0 1
-0.0711774 -0.0250637 700 -0.0320761 0.067999 11.6714 44.0141 -13 660 0 0 1
0.264217 -0.0487553 700 0.00127886 -0.0534522 10.6255 39.6922 -13 661 0 0 1
0.488435 0.156627 700 0.0343066 -0.0781933 12.1238 32.2361 -13 662 0 0 1
0.09201 0.171462 700 0.0448291 -0.0176816 9.52117 55.5464 -13 663 0 0 1
-0.296186 0.21561 700 0.0617489 0.0384352 11.331 24.2277 -13 665 0 0 1
0.0369223 0.198579 700 -0.0017482 -0.0298166 11.7577 36.0867 -13 666 0 0 1
0.182602 -0.0473141 700 0.000189976 -0.0190935 13.0859 32.1647 -13 667 0 0 1
-0.168335 -0.17099 700 -0.00789991 0.0251938 6.59099 47.8921 -13 668 0 0 1
-0.367437 0.322137 700 0.0637286 -0.00711346 9.54191 44.049 -13 669 0 0 1
0.276668 0.13672 700 0.020876 -0.000822398 13.136 38.9836 -13 671 0 0 1
-0.556094 0.0731136 700 0.00576084 0.0508525 7.14263 42.8026 -13 675 0 0 1
0.219282 -0.970845 700 -0.137667 0.014367 11.8247 28.1214 -13 677 0 0 1
-0.600963 -0.0060793 700 -0.00664948 0.114605 8.0013 38.5676 -13 685 0 0 1
0.090625 -0.15021 700 -0.0327414 -0.00416828 11.6435 48.7747 -13 686 0 0 1
0.00535312 -0.373042 700 -0.0180392 0.0325683 8.99115 34.377 -13 687 0 0 1
0.17489 0.033329 700 0.00955941 -0.0276458 12.8367 42.6517 -13 688 0 0 1
-0.301882 0.193216 700 0.0153824 0.119189 9.86703 47.9601 -13 689 0 0 1
0.291362 0.231647 700 0.0412817 -0.057265 5.13077 67.2316 -13 690 0 0 1
-0.289641 -0.547343 700 -0.143111 0.00960925 7.41341 35.2843 -13 692 0 0 1
0.131438 0.0984811 700 0.0500767 0.0118492 12.7662 40.6466 -13 693 0 0 1
0.184098 0.328191 700 0.0378958 0.0344275 3.51353 75.1195 -13 694 0 0 1
0.232094 -0.0374759 700 0.024589 -0.0841824 7.31051 44.9864 -13 695 0 0 1
0.29327 0.0645293 700 0.000101848 -0.115386 8.72873 36.537 -13 698 0 0 1
-0.296054 -0.288963 700 -0.0915733 -0.0271317 8.7193 38.9907 -13 700 0 0 1
-1.34692 1.85441 700 -0.0231278 0.0326451 0.0367294 39.2854 11 700 1002 0 1
0.0824609 0.384791 700 0.0213469 -0.0884585 8.92776 29.9828 -13 701 0 0 1
1.74722 -0.151903 700 0.0122743 0.0123326 0.0752193 27.4929 11 701 1002 0 1
-0.056054 -0.0791505 700 0.00533371 -0.00436414 12.0693 43.1466 -13 703 0 0 1
0.255652 -0.191086 700 -0.0400683 -0.0331849 7.92746 51.3236 -13 710 0 0 1
-0.098553 -0.0612497 700 -0.00475631 -0.00436256 11.6035 41.4596 -13 712 0 0 1
0.443222 0.26405 700 -0.0428502 -0.0605446 6.33399 60.8585 -13 713 0 0 1
0.259738 0.156623 700 0.0237032 0.0153639 14.0424 39.2247 -13 714 0 0 1
0.0889918 0.0104255 700 -0.0368615 -0.0305385 10.5896 39.0611 -13 717 0 0 1
0.0164061 -0.134982 700 -0.0223173 -0.015833 8.52361 32.756 -13 723 0 0 1
-0.336481 -0.117224 700 -0.0184269 0.0799191 9.58232 37.9396 -13 725 0 0 1
-0.313335 0.255378 700 0.0783736 0.0843619 13.5927 34.0812 -13 726 0 0 1
-0.128803 0.010142 700 -0.0337487 0.0348741 14.1372 22.8843 -13 727 0 0 1
0.057144 0.0604181 700 0.0271214 -0.00239852 10.9634 25.9872 -13 731 0 0 1
-1.3406 0.275703 700 -0.0111196 -0.132193 0.724192 557.404 -13 732 0 0 1
0.00962067 -0.182241 700 -0.00399411 0.0171678 4.50983 64.8888 -13 733 0 0 1
0.105171 -0.443936 700 -0.0499888 -0.0271406 5.64708 66.7108 -13 944 0 0 1
-0.137646 -1.06491 700 -0.0737742 0.0624073 3.55004 90.271 -13 945 0 0 1
-0.115612 -0.0917771 700 -0.0201111 -0.00704146 14.2996 30.728 -13 946 0 0 1
-0.0881038 0.0712264 700 0.040818 -0.00604168 10.4771 29.3032 -13 947 0 0 1
-0.0469336 0.0592598 700 0.0732448 0.0903865 7.68941 37.622 -13 948 0 0 1
0.0244995 -0.140741 700 -0.0217464 -0.0213944 12.4771 41.3727 -13 949 0 0 1
-0.060314 -0.144695 700 0.0370824 0.213056 2.65587 78.6589 -13 950 0 0 1
0.217278 -0.520255 700 -0.076711 -0.0959793 5.19435 53.8534 -13 951 0 0 1
-0.798987 -0.464325 700 0.0974899 0.0848529 3.83081 86.3021 -13 952 0 0 1
-0.0102321 -0.0758156 700 -0.000553476 -0.00666127 9.84951 32.49 -13 953 0 0 1
-0.43369 0.857222 700 0.122965 0.110375 6.69505 56.938 -13 954 0 0 1
-0.250929 0.323862 700 -0.0094854 0.0684661 7.3454 51.0602 -13 955 0 0 1
-0.0447458 0.327961 700 0.0597539 0.0526395 6.80493 43.7585 -13 956 0 0 1
0.0722159 -0.113537 700 -0.0199452 -0.0222357 14.0551 37.0137 -13 957 0 0 1
0.348887 0.367449 700 0.0854527 -0.0443496 11.8406 35.6717 -13 958 0 0 1
0.00739457 0.134436 700 -0.00378729 -0.0362826 10.3873 44.8793 -13 959 0 0 1
-0.00159278 -0.0329198 700 -0.016376 0.0104893 14.4368 27.16 -13 960 0 0 1
-0.0126545 0.567448 700 -0.0806711 -0.0545969 0.562046 551.296 -13 961 0 0 1
-0.201327 0.0271956 700 -0.0250657 0.0427621 11.8028 40.5005 -13 962 0 0 1
-0.0719987 -0.0362101 700 -0.0331721 -0.060044 9.38133 34.8895 -13 966 0 0 1
0.422419 0.498753 700 -0.0166443 -0.159405 1.54354 105.018 -13 968 0 0 1
0.0270518 0.000863055 700 -0.0404103 0.00195194 13.2441 33.1932 -13 971 0 0 1
-0.0832129 0.23489 700 0.0364358 0.0305873 8.25899 47.7565 -13 19 0 0 1
0.607593 -0.380897 700 -0.138118 -0.0368708 1.21509 563.343 -13 20 0 0 1
0.433091 0.135354 700 0.0319684 -0.0350527 8.88317 43.5501 -13 26 0 0 1
-0.00123599 0.110053 700 0.0595651 -0.0686293 10.3834 52.2484 -13 37 0 0 1
0.0739007 0.0288632 700 -0.00832955 -0.057461 9.75862 53.0205 -13 57 0 0 1
-0.445267 0.244667 700 0.0285912 0.0871287 7.04148 52.3762 -13 59 0 0 1
-0.0329036 0.183315 700 0.00817382 0.00304253 14.0105 46.2332 -13 63 0 0 1
0.0359852 0.149801 700 0.0393651 -0.0046009 7.33983 47.0394 -13 66 0 0 1
-0.0579495 0.0567079 700 0.0185882 -0.0361471 10.6331 43.116 -13 68 0 0 1
0.118017 0.0920712 700 0.0388268 -0.0604444 11.1597 27.7207 -13 70 0 0 1
-0.146877 -0.0159727 700 -0.0344183 0.0291524 10.3385 25.771 -13 72 0 0 1
-0.0531119 0.282877 700 0.0864141 -0.00864518 5.99446 62.4814 -13 73 0 0 1
0.229282 0.061626 700 0.0233108 -0.0548989 13.5209 32.2331 -13 78 0 0 1
8.52735 -0.192875 700 -0.00421009 0.0251896 0.0278987 43.2499 11 78 1002 0 1
-0.462448 -0.222842 700 -0.0811885 0.0562036 6.26686 52.6073 -13 84 0 0 1
0.173567 -0.0267245 700 -0.0274623 -0.0350988 12.8589 34.7361 -13 97 0 0 1
-0.203863 -0.100147 700 -0.0325821 0.0425519 9.56386 34.294 -13 98 0 0 1
0.282004 0.562148 700 -0.029634 -0.0259924 4.71283 67.5553 -13 101 0 0 1
0.0690259 -0.20944 700 -0.0915282 0.00184623 9.93498 48.5442 -13 103 0 0 1
-0.0485692 -0.0445206 700 -0.0335692 0.0258173 10.3072 52.4403 -13 106 0 0 1
0.096209 0.161961 700 0.00709253 -0.0416988 7.26825 46.7178 -13 108 0 0 1
3.79373 3.25779 700 -0.0185121 0.0217404 0.0384341 46.2136 11 108 1005 0 1
0.0673489 -0.02397 700 -0.0195649 -0.0260843 13.5629 19.3573 -13 109 0 0 1
-0.536349 0.495885 700 0.0733706 0.107906 5.78834 47.6783 -13 118 0 0 1
-0.64876 0.0233741 700 -0.0561339 0.217444 7.48455 47.2717 -13 120 0 0 1
0.0130534 -0.0434112 700 -0.0243947 -0.0378582 13.4901 28.4352 -13 128 0 0 1
-0.0736559 -0.0166591 700 -0.0138513 0.0468772 13.4933 31.5009 -13 129 0 0 1
-0.304031 0.539504 700 0.0389033 0.0457949 10.4234 46.3672 -13 130 0 0 1
0.10353 0.294042 700 0.0233485 -0.0123787 9.16048 35.6218 -13 131 0 0 1
0.0137572 0.00115491 700 -0.024271 -0.0433168 12.9724 31.4082 -13 136 0 0 1
1.16327 0.641922 700 0.0198506 -0.208612 13.8189 19.5017 -13 141 0 0 1
-0.475605 0.0336383 700 0.0220624 0.0656288 13.7428 30.1513 -13 142 0 0 1
0.14939 0.220959 700 0.0684745 -0.056485 10.9872 28.5421 -13 143 0 0 1
0.0480655 0.428131 700 0.14626 -0.0258786 9.82439 50.8679 -13 145 0 0 1
0.16458 -0.0413925 700 -0.0286224 0.0213331 13.8426 38.9095 -13 150 0 0 1
0.317331 0.0118929 700 -0.00527182 -0.0408477 9.45325 43.7797 -13 154 0 0 1
0.113079 -0.120598 700 -0.0481504 -0.0161245 13.227 28.404 -13 157 0 0 1
-0.245746 -0.3678 700 -0.0641789 -0.00236225 9.74099 41.0163 -13 162 0 0 1
-0.157945 0.0664449 700 0.0434639 -0.00488224 0.0312186 41.1253 11 162 1001 0 1
0.0677996 0.0872792 700 -0.0138814 -0.0157491 9.74757 28.8048 -13 163 0 0 1
0.567047 -0.317227 700 -0.00646246 -0.0882216 5.5831 55.7097 -13 178 0 0 1
0.0792634 -0.0511148 700 0.00120299 -0.0168685 12.0827 26.6999 -13 192 0 0 1
0.242266 -0.176698 700 0.011985 -0.0462789 14.4553 38.343 -13 203 0 0 1
0.440772 0.332043 700 0.0351922 -0.0746972 7.12624 45.9869 -13 205 0 0 1
-nan -nan -nan -nan -nan -nan -nan -13 206 0 0 1
-0.0568544 -0.127078 700 -0.02056 -0.0121904 13.706 31.4484 -13 209 0 0 1
-0.0972505 -0.133334 700 -0.00517159 -0.0117986 12.0905 35.5965 -13 347 0 0 1
0.155685 -0.065959 700 -0.00440119 -0.0893538 7.10136 49.2484 -13 349 0 0 1
0.022054 0.342852 700 0.123839 -0.0224186 7.76215 55.4034 -13 350 0 0 1
-2.56267 2.08873 700 0.423437 0.35875 2.84376 92.4036 -13 355 0 0 1
-0.166022 -0.0724844 700 0.0268387 0.00545021 9.74419 53.6565 -13 356 0 0 1
-0.0926411 -0.0994343 700 -0.00164472 -0.032675 10.6639 51.0123 -13 357 0 0 1
0.0803741 -0.288471 700 -0.0841394 0.0301304 11.7804 27.7232 -13 359 0 0 1
0.24439 0.240269 700 0.0521453 -0.0032686 13.4873 40.4163 -13 360 0 0 1
-4.18801 -1.78191 700 -0.00516698 0.0372889 0.0226489 42.3443 11 360 1001 0 1
-0.252209 0.279068 700 0.0127178 0.170048 3.64197 68.9582 -13 361 0 0 1
0.276759 -0.213791 700 -0.0931924 -0.00356951 11.8032 26.1993 -13 365 0 0 1
-0.747311 -0.0909217 700 -0.0300814 0.0197947 0.0190715 32.8714 11 365 1001 0 1
-0.327026 0.610476 700 0.0508229 0.107681 7.86641 32.7327 -13 366 0 0 1
-0.207578 -0.118552 700 -0.0323727 0.0560675 11.6977 46.2499 -13 367 0 0 1
0.00750283 0.318785 700 0.0319532 0.0045023 14.491 35.3215 -13 371 0 0 1
-0.113101 -0.172476 700 -0.0724041 0.0760158 10.6688 28.9402 -13 380 0 0 1
-2.22762 10.575 700 -0.000187551 0.0254614 0.0433143 31.2758 11 380 1002 0 1
0.24044 -0.12399 700 -0.0215047 -0.0882908 7.79133 44.7143 -13 381 0 0 1
-0.00722097 -0.0359413 700 -0.0231862 -0.00216315 14.4274 35.5489 -13 387 0 0 1
0.343871 0.157109 700 -0.0249197 -0.10319 9.30977 50.6363 -13 388 0 0 1
-0.761886 0.202754 700 -0.0230309 -0.0190422 0.0462915 50.955 11 388 1001 0 1
0.0390115 0.11693 700 0.0594793 0.0180246 13.4912 37.5106 -13 389 0 0 1
0.535561 0.853931 700 0.241074 -0.0004962 3.62208 65.1208 -13 393 0 0 1
0.025854 0.0105004 700 -0.00257905 -0.0320474 3.53467 73.8945 -13 394 0 0 1
0.233751 0.847407 700 0.11075 0.00938366 13.299 26.5486 -13 398 0 0 1
-0.134273 -0.0203773 700 0.000712937 -0.0265659 12.6472 23.5842 -13 399 0 0 1
-0.0428995 0.116038 700 0.0412331 0.0491939 11.6428 33.2478 -13 400 0 0 1
0.100851 0.238788 700 0.0536313 0.00517213 11.15 35.9845 -13 401 0 0 1
-0.016695 0.0623494 700 0.0225544 0.0791576 7.27561 35.7952 -13 402 0 0 1
-0.0221198 -0.0801952 700 -0.0320131 0.0207538 14.3881 26.2283 -13 404 0 0 1
-0.756928 0.130893 700 0.0321815 0.117847 4.61983 76.5145 -13 407 0 0 1
0.400013 0.263438 700 0.0571964 -0.0867117 10.9111 44.7358 -13 408 0 0 1
0.225609 0.107606 700 0.0283309 -0.0838438 7.10654 45.2155 -13 410 0 0 1
-0.30928 0.194047 700 0.125917 0.020466 6.79028 41.6459 -13 411 0 0 1
-0.319436 0.174604 700 -0.00724489 -0.00741421 0.00311867 41.7407 11 411 1004 0 1
-0.159963 -0.35881 700 -0.0289845 0.132602 7.19893 39.2206 -13 412 0 0 1
-6.51717 4.16817 700 0.0133005 0.0179121 0.0445274 37.6403 11 412 1002 0 1
-0.289532 -0.0805685 700 0.029478 0.092941 5.72531 44.2109 -13 413 0 0 1
-0.133751 0.477761 700 -0.00972915 0.00557931 6.4603 44.0765 -13 417 0 0 1
1.52571 -4.20703 700 -0.00336442 0.0245685 0.0383302 43.5393 11 417 1001 0 1
-1.40786 -0.345197 700 0.0158584 -0.00815555 -0.039707 47.4312 11 417 1001 0 1
0.205309 0.0365865 700 0.0514251 -0.0120661 13.2032 24.1387 -13 421 0 0 1
0.383543 -0.445329 700 -0.0417181 -0.0334243 4.91884 78.2001 -13 425 0 0 1
-0.272214 -0.210819 700 -0.0075861 0.0642579 4.76457 74.4859 -13 426 0 0 1
0.200834 0.192461 700 0.0582091 0.0555089 9.92003 35.781 -13 430 0 0 1
0.0976953 -0.0173215 700 -0.000643896 0.0194105 11.9317 49.798 -13 439 0 0 1
-0.101219 -0.0625942 700 0.0921097 0.0592778 3.9786 62.0091 -13 442 0 0 1
-0.132862 -0.0464549 700 3.06816e-05 0.00648745 0.00284711 62.103 11 442 1004 0 1
0.273406 -0.407743 700 -0.104576 -0.0239458 7.57446 58.5523 -13 443 0 0 1
0.220416 -0.412469 700 -0.071217 -0.0253721 7.98191 57.1672 -13 445 0 0 1
-0.0666573 0.0131663 700 0.00136134 0.0433428 13.3892 45.7573 -13 446 0 0 1
-0.113552 0.0966086 700 -0.0467167 0.0434839 11.5451 34.0102 -13 447 0 0 1
-2.90147 0.527753 700 0.00252013 -0.0341681 0.0216204 37.2254 11 447 1001 0 1
-0.108372 0.150086 700 -0.107807 0.0462363 9.81545 29.2968 -13 448 0 0 1
-0.147641 0.321383 700 0.0176929 0.0399677 8.15708 35.4398 -13 449 0 0 1
-0.226094 0.130184 700 0.0194043 -0.00555257 12.3633 49.7948 -13 450 0 0 1
-0.296282 0.0906461 700 -0.00314214 0.0648077 11.8865 47.8556 -13 452 0 0 1
0.265739 0.155086 700 -0.00665431 -0.0535432 12.9572 47.4855 -13 453 0 0 1
0.0297806 -0.0536179 700 -0.0179775 0.0208244 9.51085 35.7706 -13 454 0 0 1
-0.0356079 -0.0549246 700 -0.00763897 0.0123286 14.0715 21.4348 -13 467 0 0 1
-0.0613154 -0.425366 700 0.0165506 0.0801856 4.61777 69.2975 -13 469 0 0 1
-0.0278113 -0.435513 700 0.00356698 0.0198914 0.0293635 69.2671 11 469 1005 0 1
-0.45444 -0.0286537 700 -0.101697 0.0145252 6.34034 41.5234 -13 470 0 0 1
0.0493952 -0.407039 700 -0.0809328 -0.0384548 10.0345 45.5564 -13 472 0 0 1
0.266283 -0.402155 700 -0.0133089 -0.0785569 8.2269 45.8447 -13 474 0 0 1
0.098932 -0.125127 700 0.00349401 -0.0152294 11.7843 31.9197 -13 475 0 0 1
0.16473 0.00524158 700 -0.00474303 -0.137497 7.81058 33.2164 -13 476 0 0 1
0.148153 0.252275 700 -0.0203668 -0.0293263 9.50278 42.7766 -13 477 0 0 1
-0.238653 0.0400504 700 -0.00796792 0.0435521 9.69436 29.0052 -13 478 0 0 1
0.125398 -0.190515 700 0.0452717 0.00331438 10.6622 40.9295 -13 480 0 0 1
1.21265 -4.74055 700 0.0151956 -0.0103743 0.0522605 41.4949 11 480 1002 0 1
-0.107419 0.180547 700 0.0485626 0.00614414 13.9292 22.5967 -13 492 0 0 1
0.145303 0.0620751 700 0.0382128 -0.0537979 10.8805 33.5722 -13 501 0 0 1
0.255332 -0.12379 700 -0.0164629 -0.0370675 14.4296 22.9975 -13 502 0 0 1
-0.13363 -0.136482 700 0.00271951 0.0177766 11.181 39.664 -13 504 0 0 1
0.300209 -0.401562 700 -0.0415771 0.025258 3.25938 85.2969 -13 505 0 0 1
-0.26949 -0.0794356 700 -0.0344167 0.0209635 8.66469 37.0367 -13 506 0 0 1
0.905183 0.384458 700 0.0807763 -0.116713 8.1505 51.2301 -13 509 0 0 1
0.266399 0.368015 700 -0.0195138 0.0748637 10.5259 34.0353 -13 510 0 0 1
0.00578104 -0.0580998 700 0.0107623 -0.0335664 10.4467 27.3953 -13 511 0 0 1
0.164179 -0.142211 700 -0.0329039 -0.0444605 12.8725 37.7672 -13 512 0 0 1
0.028967 -0.0874879 700 -0.0143884 0.00855332 13.3369 19.9207 -13 513 0 0 1
-0.0620075 0.163672 700 0.0386817 0.0602401 10.2149 48.5457 -13 515 0 0 1
0.0248938 0.0665593 700 0.0671355 -0.0231176 3.6142 72.1743 -13 516 0 0 1
-0.0671928 -0.183024 700 -0.0601106 0.0253085 11.6586 40.5938 -13 519 0 0 1
0.479413 -0.370274 700 0.0261964 -0.070836 11.6191 39.0611 -13 520 0 0 1
-nan -nan -nan -nan -nan -nan -nan -13 521 0 0 1
0.189741 -0.0270997 700 -0.115922 -0.0496948 13.5404 34.8895 -13 523 0 0 1
-0.149536 -0.0326463 700 -0.0161502 0.033294 14.1684 33.5123 -13 759 0 0 1
-0.226131 -0.216874 700 -0.0485318 0.0460172 11.1434 48.8748 -13 763 0 0 1
0.0609384 -0.328602 700 -0.0190867 -0.0609162 9.84712 36.5566 -13 764 0 0 1
-0.130853 -0.39539 700 -0.00951844 3.89609e-05 5.81753 49.7493 -13 765 0 0 1
-0.0153604 -0.125899 700 -0.038371 -0.031042 8.58268 34.4543 -13 766 0 0 1
0.174645 0.0162546 700 0.0263258 -0.0300679 12.865 40.6633 -13 768 0 0 1
-0.256687 -0.5354 700 -0.0907371 -0.0379222 6.92931 40.4898 -13 769 0 0 1
0.0837635 0.29837 700 0.0443869 -0.0378642 13.6282 25.5196 -13 770 0 0 1
-0.105589 0.169805 700 0.044024 0.0134722 14.324 20.1548 -13 772 0 0 1
-0.069966 -0.294153 700 -0.00411092 -0.0877779 3.59449 67.6404 -13 775 0 0 1
-1.61793 -0.0250251 700 -0.0353442 0.0184207 -0.164925 754.845 11 775 1001 0 1
-0.223833 0.0430733 700 0.0127402 0.0381731 10.6728 36.195 -13 777 0 0 1
-0.328654 -0.0723117 700 0.0444378 0.038007 10.808 39.4891 -13 810 0 0 1
-0.143168 -0.312872 700 -0.0353834 -0.0311137 5.44011 47.3358 -13 811 0 0 1
-0.376435 -0.176106 700 -0.0953345 0.0347834 6.46593 40.4358 -13 812 0 0 1
0.436703 -0.32149 700 -0.0115417 -0.108472 13.2184 30.152 -13 813 0 0 1
-0.249739 0.0331124 700 0.0059129 0.126172 5.93685 46.2055 -13 816 0 0 1
-0.117997 -0.0373431 700 0.0679355 0.0972748 5.21402 71.1724 -13 817 0 0 1
0.165167 0.0295024 700 -0.0160976 -0.0062226 14.4466 43.7311 -13 825 0 0 1
-0.0606078 0.120028 700 -0.0176351 -0.0421538 8.99316 57.3195 -13 833 0 0 1
-0.318025 -0.0109776 700 -0.034688 0.0620253 5.25481 70.5541 -13 834 0 0 1
-0.214719 0.294301 700 0.0365959 0.0180058 11.8391 43.1668 -13 836 0 0 1
-0.0162679 0.2484 700 0.0233477 0.00352028 11.1261 44.3988 -13 839 0 0 1
-nan -nan -nan -nan -nan -nan -nan -13 841 0 0 1
-0.0400238 -0.0708511 700 0.0136419 0.0128349 6.11216 67.0959 -13 842 0 0 1
-0.0886342 -0.0309541 700 -0.0250755 0.00173542 0.0256197 67.1277 11 842 1007 0 1
-0.300349 0.00134137 700 -0.00611396 0.0455536 11.8584 44.2739 -13 963 0 0 1
0.408954 0.0636381 700 0.0358579 -0.0443597 10.3625 50.899 -13 964 0 0 1
-1.79626 -2.57336 700 0.0158303 0.00127115 0.0854913 47.3297 11 964 1006 0 1
-0.0597404 0.116005 700 -0.00802448 -0.0172903 11.3197 38.0021 -13 965 0 0 1
-0.122428 -0.278246 700 -0.000747536 0.016299 8.86305 41.0277 -13 969 0 0 1
-4.97485 5.51783 700 0.0319643 -0.0248292 0.0163104 47.6795 11 969 1003 0 1
-nan -nan -nan -nan -nan -nan -nan -13 970 0 0 1
0.00105751 0.0731575 700 0.0368797 0.0569767 14.4438 32.8949 -13 972 0 0 1
