#BLTrackFile NTuple/Z760
#x y z Px Py Pz t PDGid EventID TrackID ParentID Weight
#mm mm mm MeV/c MeV/c MeV/c ns - - - - -
-0.072505 0.281278 760 -0.00988256 0.00860814 11.484 42.5614 -13 1 0 0 1
-0.0843787 0.393319 760 -0.0296712 -0.00757935 0.0149638 43.1543 11 1 1002 0 1
0.434842 -0.26125 760 -0.0265864 -0.0871248 9.89667 29.6737 -13 3 0 0 1
0.223799 0.327421 760 0.0866915 0.0272569 13.6067 43.3484 -13 9 0 0 1
0.144559 0.267809 760 0.0371144 0.0226654 8.40967 34.8595 -13 16 0 0 1
0.083641 0.0730689 760 0.0105797 -0.0163859 13.6871 41.5041 -13 34 0 0 1
0.0296648 -0.546513 760 -0.0497165 -0.0301043 8.56357 55.8016 -13 36 0 0 1
-0.142883 -0.103599 760 0.0364114 -0.0288866 9.48055 38.8748 -13 39 0 0 1
0.0493781 0.0204955 760 0.02597 -0.0214527 14.4062 30.8916 -13 43 0 0 1
0.246546 0.139691 760 0.00858446 0.0397549 11.2465 43.0873 -13 44 0 0 1
-0.448733 -0.444609 760 -0.0684966 -0.0897978 6.65254 50.4101 -13 48 0 0 1
-0.15566 -0.228247 760 -0.0521568 0.028024 10.7153 40.1575 -13 74 0 0 1
-0.0322435 0.0663728 760 0.0409074 0.0484249 10.2751 54.3234 -13 80 0 0 1
-0.259764 0.106615 760 -0.0760157 0.124988 7.8936 47.1063 -13 86 0 0 1
-0.27609 0.2426 760 0.0262016 0.0202033 0.0309126 47.1978 11 86 1002 0 1
-0.176466 -0.574549 760 -0.0833657 -0.00425345 9.89178 38.2978 -13 89 0 0 1
0.51773 -0.225622 760 -0.0103826 -0.0900979 5.64909 55.5614 -13 94 0 0 1
0.507745 -0.0175822 760 -0.0286303 0.000372881 0.0169391 55.8949 11 94 1002 0 1
0.686165 0.0561691 760 0.059211 -0.0764895 5.36388 52.2627 -13 110 0 0 1
-0.229777 -0.732446 760 -0.0787859 -0.0426532 4.79345 76.5047 -13 123 0 0 1
0.361383 -0.526381 760 -0.0595727 -0.0587649 11.7113 48.4018 -13 126 0 0 1
-0.435366 -1.18908 760 -0.214213 0.00238109 7.17906 41.7097 -13 137 0 0 1
0.0812375 -0.147308 760 -0.0244953 -0.0198665 14.1412 44.5525 -13 140 0 0 1
-0.244708 -0.497394 760 -0.112995 0.0260926 8.02912 37.0363 -13 151 0 0 1
0.55017 1.24254 760 -0.0287561 -0.00366498 0.0480837 36.8537 11 151 1001 0 1
-0.103312 0.273451 760 0.0245548 0.0595199 14.1148 43.7409 -13 152 0 0 1
0.882672 -0.955405 760 0.0667574 -0.0113348 7.47358 44.8156 -13 160 0 0 1
0.0720351 0.194322 760 0.0137691 -0.0308786 10.6541 28.2291 -13 175 0 0 1
0.123376 -0.188576 760 0.0467396 -0.00968157 7.10197 61.4806 -13 180 0 0 1
-0.278842 -0.170302 760 -0.0343843 0.0564898 8.76626 57.5018 -13 181 0 0 1
0.0749702 0.0137641 760 0.0135881 -0.0204037 12.2721 27.0997 -13 184 0 0 1
-0.0730582 0.139178 760 -0.0152498 0.0336286 11.8684 52.2588 -13 186 0 0 1
0.0584037 -0.0120308 760 -0.00258522 -0.0630645 4.68408 59.7803 -13 187 0 0 1
-0.47408 0.266282 760 0.0358016 0.128714 8.55629 48.3546 -13 188 0 0 1
-nan -nan -nan -nan -nan -nan -nan -13 200 0 0 1
0.27601 0.382203 760 -0.0211512 -0.127984 6.59218 56.0178 -13 211 0 0 1
0.171385 -0.212815 760 -0.0633622 -0.0188045 13.7878 46.3996 -13 348 0 0 1
-0.522811 -0.148767 760 -0.0531251 0.0203373 4.34993 67.1679 -13 351 0 0 1
-0.100706 0.453066 760 -0.083925 0.119408 4.08061 74.3805 -13 352 0 0 1
-0.0774287 -0.304787 760 -0.0239967 0.00496217 10.9286 42.541 -13 358 0 0 1
-0.0465589 0.600868 760 0.117574 -0.0705214 8.72548 32.1161 -13 362 0 0 1
0.0110635 -0.141753 760 0.0222449 0.0574547 12.1611 51.0294 -13 363 0 0 1
0.307074 7.12696 760 0.0220376 0.016984 0.0482844 55.9913 11 363 1001 0 1
0.195244 0.0757 760 0.00932724 -0.00144284 14.4418 23.9265 -13 364 0 0 1
0.289484 0.212784 760 0.118092 -0.149969 6.41289 45.8627 -13 370 0 0 1
0.485025 -0.558242 760 0.0216971 -0.107112 0.741931 597.609 -13 372 0 0 1
-0.350909 0.347038 760 0.089522 0.048637 13.3611 42.5981 -13 375 0 0 1
-1.29881 -0.452363 760 -0.0338914 0.222545 13.3823 33.1698 -13 382 0 0 1
-0.0101878 -0.0677222 760 -0.0417068 0.0379937 14.1047 34.0984 -13 384 0 0 1
0.00658799 -0.0422232 760 0.00774872 -0.00436509 14.454 28.3502 -13 386 0 0 1
-0.134155 0.183658 760 0.0336865 -0.0199629 10.2975 35.8386 -13 390 0 0 1
0.301532 -0.455415 760 -0.0444736 0.00528685 8.64675 59.6798 -13 391 0 0 1
-1.44795 0.358955 760 -0.000720462 0.199668 8.12601 60.7356 -13 392 0 0 1
-0.286262 -0.0237287 760 -0.0131146 0.0673718 14.095 28.5783 -13 395 0 0 1
-0.532826 -0.360647 760 -0.010579 0.0699887 6.98516 54.6577 -13 396 0 0 1
0.175181 0.153922 760 0.0148902 0.0158236 14.5175 26.528 -13 397 0 0 1
-0.00309293 0.227054 760 0.042855 0.0699428 5.57506 67.3584 -13 403 0 0 1
-0.0454662 -0.249277 760 -0.0444046 -0.0184941 12.8414 38.6962 -13 405 0 0 1
0.0591154 -0.186613 760 -0.0287847 0.0344249 7.0376 53.6168 -13 406 0 0 1
-0.176677 -0.0183944 760 0.0419106 0.00104613 12.1716 26.1682 -13 409 0 0 1
-0.291405 0.242587 760 0.0665114 0.0061733 8.23285 40.1794 -13 415 0 0 1
-0.253074 0.146182 760 0.0460074 0.000705853 10.7986 51.1557 -13 427 0 0 1
0.0183336 -0.180623 760 -0.0551607 -0.00738425 14.0042 23.621 -13 456 0 0 1
-0.0320797 0.134001 760 0.0256401 0.0143501 9.42184 30.6318 -13 457 0 0 1
0.898478 -0.605605 760 -0.15057 -0.124727 11.5883 50.4214 -13 458 0 0 1
-0.202304 0.0102188 760 0.0162681 -0.0238143 13.4521 46.5133 -13 461 0 0 1
0.0876758 0.318037 760 0.0220587 0.0132213 7.67078 47.6435 -13 463 0 0 1
0.390066 -0.151023 760 -0.0374105 -0.13094 9.89436 33.2588 -13 465 0 0 1
0.136616 0.162345 760 0.0314438 -0.0518342 7.24394 38.9923 -13 466 0 0 1
-0.0273989 -0.094731 760 -0.0379151 0.0373957 8.79528 41.4595 -13 468 0 0 1
-0.390942 0.471812 760 0.0729382 0.0106318 5.29001 53.1268 -13 479 0 0 1
-0.157316 0.114867 760 0.0394067 0.0437461 8.97872 44.8924 -13 481 0 0 1
-0.574988 -0.157793 760 0.0652641 0.167936 6.43379 70.711 -13 482 0 0 1
0.0411618 -0.0123859 760 0.00729486 -0.019712 14.047 48.8802 -13 483 0 0 1
-0.178756 -0.123723 760 -0.0251864 0.0447253 7.45516 50.5479 -13 484 0 0 1
0.194817 0.0288075 760 0.0219802 -0.0434436 11.3554 27.8865 -13 485 0 0 1
0.0235748 0.0386203 760 0.0278688 -0.0219976 7.27153 45.0641 -13 486 0 0 1
-0.291056 -0.0647656 760 -0.0626386 0.0872658 13.0059 39.4249 -13 487 0 0 1
-0.0823484 0.520092 760 0.0628512 -0.0278774 5.14634 71.3523 -13 488 0 0 1
0.1237 -0.276341 760 -0.0157624 0.017488 13.8834 24.789 -13 489 0 0 1
-0.465405 -0.905698 760 -0.116521 -0.0297168 3.48199 73.7947 -13 490 0 0 1
0.00593018 -0.0387876 760 -0.00087559 0.0154308 7.53952 60.8328 -13 491 0 0 1
-0.258393 0.121029 760 0.000988447 0.0471018 12.4302 47.0598 -13 493 0 0 1
-0.000320782 0.0802957 760 0.0182294 -0.0184707 12.9595 44.897 -13 494 0 0 1
-0.0512426 -0.0466149 760 -0.0127311 0.000899193 14.44 20.6313 -13 495 0 0 1
-0.228099 0.133453 760 0.055842 0.115325 10.6552 32.8024 -13 496 0 0 1
-0.0626705 0.528657 760 0.137793 0.0383344 14.034 20.8295 -13 497 0 0 1
0.155283 -0.0677252 760 -0.0146103 0.0113557 10.2264 32.6622 -13 503 0 0 1
0.200473 0.0642176 760 0.017306 0.0360224 12.4233 34.0482 -13 507 0 0 1
0.0666979 0.118743 760 0.0236798 -0.00179789 11.4139 49.6623 -13 508 0 0 1
-0.306539 -0.124289 760 0.0324021 0.0699962 8.1647 36.3521 -13 517 0 0 1
-0.125243 0.23951 760 0.0499154 0.0393372 12.3556 27.456 -13 518 0 0 1
-0.0657108 -0.312286 760 0.0136248 0.106131 12.9054 32.8975 -13 522 0 0 1
-0.9325 0.315676 760 0.0544406 0.101894 3.48153 95.5212 -13 524 0 0 1
-0.33299 -0.485045 760 0.0126511 0.0619392 11.6942 43.2946 -13 526 0 0 1
0.252423 -0.382366 760 -0.0709351 -0.0523643 12.4815 38.2055 -13 528 0 0 1
0.135813 0.0486984 760 -0.0510168 -0.0133065 11.2595 47.3243 -13 529 0 0 1
-0.109234 -0.0621458 760 -0.08991 0.0508435 9.03907 53.2348 -13 533 0 0 1
-0.642774 -0.210205 760 0.0202495 -0.0395037 -0.0165737 65.3796 11 533 1001 0 1
0.639352 -0.0198571 760 0.0264282 -0.0702549 13.039 30.3778 -13 536 0 0 1
0.306295 -0.00247412 760 -0.0463732 -0.0159358 8.50262 44.6837 -13 543 0 0 1
-0.0408862 0.230656 760 0.0197935 0.00964708 13.7289 48.0648 -13 544 0 0 1
0.52167 0.114185 760 0.0363291 -0.0882982 9.84595 46.8912 -13 548 0 0 1
0.119766 0.0547148 760 0.0018077 -0.0253285 9.60957 54.0711 -13 549 0 0 1
-0.252253 0.217856 760 0.0115047 0.0466836 11.2996 34.4066 -13 552 0 0 1
-0.273458 0.313018 760 0.0314514 0.0110196 7.86089 46.2215 -13 553 0 0 1
0.340503 -0.184926 760 -0.0599492 -0.00646994 7.87905 61.6551 -13 555 0 0 1
-1.93177 -3.04702 760 0.00512602 0.0287175 0.0439812 60.5466 11 555 1002 0 1
0.246903 0.202709 760 0.0478368 -0.0227684 13.5654 26.8338 -13 557 0 0 1
0.0496907 0.0396147 760 0.0143534 0.00226691 12.1037 38.062 -13 563 0 0 1
-0.214928 0.0512096 760 -0.00581479 -0.01699 10.5535 54.1365 -13 564 0 0 1
0.0182338 0.377829 760 0.0717562 0.084849 9.33047 40.9552 -13 566 0 0 1
-0.953855 4.92062 760 0.00159743 -0.0281563 0.071339 35.4633 11 566 1003 0 1
0.0232136 -0.269531 760 -0.0301089 0.00201728 10.577 37.4708 -13 567 0 0 1
0.410998 -0.11624 760 -0.0102934 -0.0424329 6.99554 57.0586 -13 575 0 0 1
-0.0258175 0.304404 760 0.0486505 0.0943079 10.5838 44.8973 -13 576 0 0 1
0.105706 -0.176268 760 -0.026006 -0.0031315 13.3692 23.2577 -13 577 0 0 1
0.074526 0.0560542 760 -0.0473269 -0.00933462 8.36535 43.6957 -13 578 0 0 1
0.000469279 -0.0971445 760 0.00262646 0.00823193 13.9656 35.8305 -13 579 0 0 1
0.111017 -0.109623 760 -0.0513231 -0.0135894 12.7331 29.4448 -13 580 0 0 1
0.0937824 0.0949297 760 0.022161 -0.0127972 11.0782 52.6949 -13 581 0 0 1
0.126655 0.423601 760 -0.114375 0.0973095 8.83663 43.0705 -13 582 0 0 1
0.216854 -0.17621 760 -0.0622947 -0.0966666 7.54956 42.6913 -13 583 0 0 1
-nan -nan -nan -nan -nan -nan -nan -13 590 0 0 1
-0.0133023 0.240762 760 0.00166779 0.0116691 10.0208 41.8863 -13 595 0 0 1
0.429139 0.74356 760 0.206565 0.146466 4.69075 59.5994 -13 853 0 0 1
-0.115004 0.119408 760 -0.0156509 0.00516068 11.47 27.4447 -13 854 0 0 1
-nan -nan -nan -nan -nan -nan -nan -13 864 0 0 1
-0.495523 -0.274979 760 0.0388129 0.13957 6.83315 52.8484 -13 865 0 0 1
-0.101019 -0.253957 760 -0.0103967 -0.0024572 14.5519 38.8221 -13 974 0 0 1
-0.000887733 0.283314 760 0.0725683 -0.0200485 8.96419 47.6846 -13 978 0 0 1
-4.11562 1.13428 760 -0.0482351 -0.0128238 0.0424805 41.4707 11 978 1003 0 1
2.84502 -1.09827 760 0.0113783 0.0339279 -0.0349241 60.3103 11 978 1003 0 1
0.148286 0.111791 760 0.0261611 -0.0644885 12.0717 26.6194 -13 980 0 0 1
-0.338391 0.0538774 760 0.00958831 0.0819915 14.4567 27.3637 -13 990 0 0 1
0.0278968 0.464398 760 0.0782461 0.0152193 10.8182 45.382 -13 991 0 0 1
0.0748409 0.290528 760 0.0141431 0.0124619 13.0813 46.56 -13 992 0 0 1
-0.210158 -0.425217 760 -0.0274041 0.0319905 12.7932 46.1987 -13 994 0 0 1
0.542069 0.310256 760 -0.014918 -0.0768165 13.9032 31.8294 -13 995 0 0 1
0.300124 0.46749 760 -0.0654501 -0.100318 8.40431 54.0883 -13 1000 0 0 1
-0.0438284 -0.250582 760 -0.0349947 -0.0273355 12.5625 44.0502 -13 2 0 0 1
-0.203691 -0.348519 760 -0.0540128 0.00630708 7.60989 57.3329 -13 6 0 0 1
0.131712 0.0159922 760 -0.035994 -0.0214825 12.0254 35.9604 -13 7 0 0 1
-0.19797 -0.128914 760 0.00220675 0.034313 13.0742 49.7297 -13 18 0 0 1
0.134724 -0.0762807 760 -0.0452222 -0.0333878 14.4196 41.672 -13 21 0 0 1
-0.0573003 -0.106894 760 -0.0379441 0.0481302 10.5115 27.5105 -13 22 0 0 1
-0.101906 -0.0394015 760 -0.0236496 0.0123453 8.30035 59.6645 -13 24 0 0 1
0.133089 -0.114196 760 -0.0505114 -0.0872727 2.95144 103.534 -13 33 0 0 1
-0.774903 0.0743806 760 0.0957994 0.0804463 9.88453 49.1444 -13 42 0 0 1
0.0827426 0.0522402 760 -0.00654482 -0.0252827 8.26226 54.3293 -13 60 0 0 1
-0.139694 0.062292 760 0.00518861 0.013881 13.9466 35.1262 -13 61 0 0 1
0.341756 -0.730457 760 -0.107856 -0.0166889 8.88103 43.1937 -13 64 0 0 1
-0.538166 -0.00393541 760 -0.00958038 0.0930882 4.86641 58.5291 -13 65 0 0 1
-0.0217665 -0.0296036 760 -0.0156796 0.00974326 11.5193 36.1743 -13 67 0 0 1
0.794431 0.721238 760 0.051284 -0.142188 7.68914 62.6872 -13 75 0 0 1
-3.47819 1.98903 760 0.00300197 -0.0345046 0.0510157 62.0203 11 75 1004 0 1
-0.14122 -0.261181 760 -0.00646075 -0.0418704 12.3953 47.5691 -13 76 0 0 1
4.52432 -0.948824 760 -1.28743e-06 0.0177945 0.0853753 48.3817 11 76 1003 0 1
-0.355021 0.335213 760 0.106726 0.014269 6.60016 68.3578 -13 92 0 0 1
0.100467 -0.0336073 760 0.0257024 -0.024058 9.82915 31.4753 -13 111 0 0 1
0.0587154 -0.196719 760 -0.000641552 -0.0164391 13.207 40.3636 -13 115 0 0 1
-0.162638 0.00579333 760 -0.0178914 -0.00275803 10.2941 55.6846 -13 116 0 0 1
0.125133 0.112659 760 0.0178438 -0.0211423 11.5645 28.7482 -13 117 0 0 1
0.122083 0.0011178 760 -0.0534534 -0.0468372 10.9534 44.6243 -13 119 0 0 1
1.05307 0.430477 760 0.0464221 -0.158479 7.79251 62.3551 -13 121 0 0 1
2.02393 -0.422468 760 -0.0131161 -0.020729 0.0607573 57.7704 11 121 1006 0 1
-0.34519 0.235063 760 0.0503367 0.0364329 9.02119 36.5673 -13 122 0 0 1
0.167294 -0.0527435 760 0.0155637 -0.0349023 14.3315 42.1634 -13 159 0 0 1
0.0100364 -0.071989 760 -0.0356009 -0.0319097 14.213 39.5408 -13 164 0 0 1
0.0275206 -0.338305 760 -0.050359 -0.01648 12.3348 46.9145 -13 165 0 0 1
-0.224305 -0.30114 760 -0.0720927 0.0243844 10.9955 53.5305 -13 166 0 0 1
0.0650089 0.176303 760 -0.0102256 -0.00146162 13.0465 47.4581 -13 169 0 0 1
-0.168519 0.180948 760 0.0247065 0.024901 14.5022 41.0448 -13 171 0 0 1
0.408385 0.0416649 760 0.00286198 -0.0970588 11.8156 37.8262 -13 172 0 0 1
-0.045839 0.0275871 760 0.0282797 0.0161449 13.0556 22.234 -13 173 0 0 1
-0.755872 -0.47428 760 -0.0122806 0.136555 11.6872 52.8223 -13 196 0 0 1
-0.263733 0.175115 760 0.0198016 0.0696885 12.9222 35.5942 -13 199 0 0 1
0.0384315 -0.240802 760 0.0171698 -0.139656 12.0058 43.7484 -13 202 0 0 1
-0.0111316 -0.110015 760 -0.0054549 0.0153476 5.29656 58.7198 -13 204 0 0 1
0.0916672 0.195595 760 0.022601 -0.0463667 9.16746 57.5271 -13 207 0 0 1
0.364788 -0.0808687 760 -0.0721372 0.0498378 2.68848 105.652 -13 210 0 0 1
0.271628 0.00609942 760 0.010003 -0.0306649 13.9416 21.1174 -13 212 0 0 1
-0.207409 0.0979722 760 -0.0394528 0.122379 9.7784 46.0686 -13 214 0 0 1
0.54301 0.868337 760 0.0138739 0.0869849 3.75962 80.0853 -13 215 0 0 1
-0.142372 -0.0987223 760 -0.0641449 0.00958569 9.88112 39.8117 -13 216 0 0 1
0.164987 -0.361801 760 -0.0578862 -0.0540334 9.43494 41.8545 -13 217 0 0 1
0.848055 1.12154 760 0.174012 -0.0673566 5.08355 66.8232 -13 218 0 0 1
0.212845 0.000946362 760 -0.0386624 0.0771332 9.68604 38.362 -13 219 0 0 1
0.0031473 0.0166463 760 -0.0124535 0.0198747 13.3166 32.4148 -13 220 0 0 1
-0.129154 -0.138523 760 0.00782314 0.0149091 8.64005 34.8373 -13 223 0 0 1
-2.21329 -2.93171 760 0.132833 1.25723 6.03984 72.7029 -13 224 0 0 1
0.0606682 0.0428783 760 -0.0225223 0.00241132 12.322 43.0972 -13 225 0 0 1
-0.108015 -0.202024 760 0.0369835 0.0353102 10.0182 46.1834 -13 226 0 0 1
-0.179202 -0.0702999 760 0.00721054 -0.000888111 12.6026 41.463 -13 227 0 0 1
0.248951 0.0364837 760 0.0572068 -0.0347143 9.46285 33.7453 -13 238 0 0 1
-0.122439 -0.183517 760 -0.0468957 0.0348778 12.7709 33.1796 -13 239 0 0 1
-1.186 -0.652944 760 -0.106922 0.125159 12.6979 26.9216 -13 240 0 0 1
0.257531 -0.0578442 760 0.00549348 -0.0286487 12.8223 23.587 -13 241 0 0 1
-0.0333887 -0.114923 760 -0.0597892 0.0192194 8.26661 58.8433 -13 251 0 0 1
0.134345 0.0273229 760 -0.0118989 -0.041186 12.9699 28.729 -13 252 0 0 1
0.0848863 0.0587809 760 0.0246553 -0.0135165 11.7217 40.0762 -13 258 0 0 1
0.0409152 -0.331368 760 -0.0122213 -0.000142396 14.4521 24.4419 -13 259 0 0 1
-0.178712 0.0257427 760 0.00525767 0.0515723 13.8313 34.9112 -13 261 0 0 1
0.413407 -0.0102566 760 0.0624883 -0.0293231 10.4693 33.5549 -13 263 0 0 1
-0.153089 -0.198176 760 -0.0442427 0.0736252 12.7807 45.1263 -13 265 0 0 1
0.0582626 0.0804575 760 0.0410422 -0.00876848 7.26812 64.507 -13 271 0 0 1
0.0433042 -0.0160118 760 -0.0106458 -0.012919 14.4596 28.9611 -13 272 0 0 1
-0.115078 0.132231 760 0.0234854 0.0133327 8.10286 43.8165 -13 273 0 0 1
0.0707935 0.185427 760 0.0194736 -0.00161608 12.6057 48.7601 -13 274 0 0 1
0.384449 -0.0773722 760 -0.0127146 -0.0457579 11.5155 29.4753 -13 276 0 0 1
-0.0746629 -0.154182 760 -0.0271341 -0.0250699 9.59788 53.4022 -13 277 0 0 1
0.0115703 -0.0110111 760 0.0429871 -0.01841 13.7399 32.7313 -13 278 0 0 1
0.188801 -0.283659 760 -0.0998763 -0.0154811 6.20159 49.4357 -13 280 0 0 1
-0.318535 0.412973 760 0.0392035 -0.0319019 9.52793 51.8896 -13 282 0 0 1
-0.250928 -0.0888613 760 0.00627205 -0.0272013 7.13034 51.2495 -13 284 0 0 1
0.474437 -0.224316 760 -0.0338307 -0.122146 6.7408 65.8489 -13 286 0 0 1
0.252814 -0.44643 760 -0.0674157 0.0111847 11.9594 48.3812 -13 288 0 0 1
0.402198 0.0228786 760 0.0173047 -0.0778318 9.45913 46.3227 -13 289 0 0 1
-0.0729252 0.013366 760 0.00628001 0.0137879 9.08406 38.5408 -13 290 0 0 1
-0.173547 0.000708822 760 -0.0215182 -0.00568625 6.88417 57.8588 -13 291 0 0 1
-0.181181 0.199372 760 0.0163198 0.0235516 13.2497 23.9922 -13 292 0 0 1
0.0434383 0.371455 760 0.0584624 -0.00522506 13.7758 49.483 -13 294 0 0 1
-0.354244 -0.0803117 760 -0.0759666 0.128397 5.84827 60.2301 -13 296 0 0 1
-0.0301317 -0.0207104 760 0.0165831 0.0226349 12.1837 35.2543 -13 299 0 0 1
0.144279 0.0585478 760 -0.00428048 -0.0148236 7.67505 52.4306 -13 304 0 0 1
-0.0176613 0.0914915 760 0.0371509 -0.0598392 9.61128 43.5833 -13 306 0 0 1
2.0447 -1.95033 760 -0.0403811 -0.0101136 0.0597967 42.3467 11 306 1006 0 1
0.125966 -0.0477754 760 -0.0459045 -0.0299322 12.3787 28.7215 -13 308 0 0 1
-0.317391 -0.060588 760 0.0127177 0.0625219 9.54529 48.656 -13 309 0 0 1
-0.0847476 -0.366 760 -0.0613177 -0.112588 5.59645 56.6979 -13 310 0 0 1
0.283358 -0.087622 760 -0.0158853 -0.0317839 14.0005 36.8625 -13 311 0 0 1
-0.264842 0.205797 760 0.0180857 0.0524571 13.0454 22.9593 -13 313 0 0 1
0.0554624 -0.133195 760 0.0456309 -0.0055766 13.7971 21.6063 -13 314 0 0 1
0.517331 -0.178188 760 -0.0743221 -0.0917487 11.5951 27.4575 -13 315 0 0 1
0.0935452 0.162551 760 -0.000359475 0.0281213 9.0447 36.5672 -13 316 0 0 1
-0.657232 0.137135 760 -0.0811853 0.0484291 1.10239 122.132 -13 317 0 0 1
0.275345 0.018975 760 0.0159593 -0.00488725 9.8352 33.2099 -13 321 0 0 1
-0.209893 -0.546311 760 0.00784652 -0.0457203 0.060251 27.9448 11 321 1003 0 1
-0.0207054 0.183323 760 0.0282506 -0.0568773 12.7419 27.3521 -13 322 0 0 1
-0.0342663 0.0501066 760 0.0321155 -0.0426217 10.6219 45.975 -13 326 0 0 1
-1.12598 2.22771 760 -0.0226961 -0.0193946 0.077374 44.7573 11 326 1001 0 1
-0.511791 0.259863 760 0.0299832 0.078493 12.4481 35.1694 -13 327 0 0 1
-0.313731 0.275278 760 0.0188465 0.0289444 3.96052 84.4627 -13 328 0 0 1
-0.0700774 -0.284841 760 -0.0246686 -0.0245542 11.9608 45.1868 -13 329 0 0 1
-0.0263571 -0.339151 760 -0.0729814 -0.029686 8.94395 38.5857 -13 330 0 0 1
-0.053423 0.366949 760 0.0953993 0.0851366 5.52642 49.1557 -13 331 0 0 1
-0.0538833 -0.0216971 760 -0.0691051 0.0325475 4.65223 61.5428 -13 332 0 0 1
0.0906375 -0.278 760 0.0154496 0.000938117 9.83257 39.0484 -13 333 0 0 1
-0.0536645 0.107157 760 -0.0348289 0.0207963 12.841 24.0597 -13 334 0 0 1
0.247608 0.399017 760 0.0808246 -0.0695389 14.241 40.5397 -13 335 0 0 1
-0.28741 0.0829362 760 -0.141439 0.0276309 5.49893 61.535 -13 336 0 0 1
0.204506 -0.123953 760 -0.0876433 0.0103002 13.7216 38.4945 -13 337 0 0 1
-0.173457 -0.22271 760 -0.0242832 -0.0185759 9.62353 52.8869 -13 338 0 0 1
-0.215128 0.0710939 760 0.00495058 0.054662 9.26511 58.0634 -13 339 0 0 1
-1.84859 1.2571 760 -0.0222209 -0.0366744 0.0511019 55.3711 11 339 1002 0 1
-nan -nan -nan -nan -nan -nan -nan -13 340 0 0 1
-0.493825 0.393272 760 0.0920083 0.185499 12.4465 49.6653 -13 341 0 0 1
0.113337 -0.27256 760 -0.062899 0.0174141 12.9433 35.0805 -13 531 0 0 1
-0.132893 0.152484 760 0.00157155 0.0398034 13.8433 49.1153 -13 532 0 0 1
-0.111778 0.139821 760 0.001282 -0.0317513 9.11764 53.2674 -13 534 0 0 1
0.332453 0.109454 760 -0.00331082 -0.0555524 9.80683 30.5857 -13 535 0 0 1
0.231865 0.0365603 760 0.0340303 -0.102449 4.18833 75.2476 -13 537 0 0 1
0.0346321 0.0464778 760 0.00190688 0.0104606 14.4692 37.4092 -13 538 0 0 1
-0.212544 0.0129433 760 0.0261275 -0.018729 7.27906 58.837 -13 541 0 0 1
0.600867 0.600155 760 0.0463082 -0.119303 12.8099 25.3218 -13 542 0 0 1
-0.500742 0.573959 760 0.0502333 0.0311649 4.65048 81.6957 -13 545 0 0 1
0.381414 0.304872 760 0.084958 0.00479315 6.47854 60.9649 -13 546 0 0 1
-0.160922 -0.0184528 760 0.00644763 0.0515239 10.5824 31.6612 -13 551 0 0 1
-1.03597 0.624235 760 0.00341686 0.0421194 -0.0280308 40.4114 11 551 1001 0 1
-nan -nan -nan -nan -nan -nan -nan -13 558 0 0 1
0.059803 -0.077303 760 0.00423693 0.0148488 14.2205 24.8442 -13 565 0 0 1
-0.430736 0.154248 760 -0.00291758 0.104386 6.89659 58.5487 -13 803 0 0 1
4.44384 -3.0513 760 -0.0329897 0.0207837 0.0273043 57.7192 11 803 1005 0 1
0.108332 0.161656 760 0.0713584 0.023232 12.9988 28.8276 -13 804 0 0 1
-1.09447 -0.176017 760 0.0142706 0.184418 9.58702 39.2912 -13 814 0 0 1
0.11728 -0.00495436 760 0.0258419 -0.0257877 11.654 51.0304 -13 815 0 0 1
0.454861 0.289756 760 0.0450718 -0.0814188 11.4646 52.8346 -13 818 0 0 1
-0.0847047 -0.044227 760 -0.0471106 0.0153511 13.3823 27.4454 -13 820 0 0 1
-0.0431498 -0.0429417 760 -0.00677702 0.0123508 11.683 52.1445 -13 822 0 0 1
0.0326208 0.0290772 760 -0.00928771 0.0119189 14.5552 39.9767 -13 824 0 0 1
0.200584 0.630328 760 0.201627 -0.00620898 3.5038 98.3975 -13 827 0 0 1
-0.085403 0.384141 760 0.0745546 0.00602542 8.62101 58.3392 -13 828 0 0 1
-0.0803509 0.0158205 760 0.0554961 0.0053953 10.0478 53.6862 -13 829 0 0 1
-0.111772 -0.34815 760 -0.0863716 -5.64121e-05 14.0726 48.741 -13 830 0 0 1
0.0352012 0.0513483 760 -0.0651255 -0.0593847 8.32149 39.4639 -13 831 0 0 1
-0.00571508 0.0835585 760 0.0195385 -0.0209538 0.0222115 39.8186 11 831 1001 0 1
-8.87445 5.87597 760 0.00607279 0.0299908 0.0308092 40.1571 11 831 1003 0 1
-0.138749 -0.0363044 760 -0.0193071 0.100469 13.7615 33.7093 -13 832 0 0 1
-0.372387 -0.520352 760 -0.0410368 -0.0679512 4.60645 84.5443 -13 848 0 0 1
0.111792 -0.0180652 760 0.0092567 -0.0311776 12.9495 32.9995 -13 859 0 0 1
-0.446093 0.332095 760 0.0680091 0.0801116 9.1607 50.5296 -13 869 0 0 1
0.130995 -0.248566 760 -0.0278599 -0.0698907 12.3557 37.4973 -13 870 0 0 1
0.0361925 0.206057 760 0.0559481 0.0148302 13.734 42.3818 -13 871 0 0 1
-0.397213 0.141511 760 0.0598504 0.130924 5.13248 72.2246 -13 872 0 0 1
0.656818 0.793726 760 0.058172 -0.061198 4.47008 64.5621 -13 873 0 0 1
0.105502 -0.448839 760 0.00258977 -0.0731194 4.73649 68.7025 -13 874 0 0 1
0.462989 -0.445191 760 -0.0192065 -0.0924018 2.80928 83.8394 -13 875 0 0 1
-0.267144 0.21394 760 0.033336 0.0536453 11.7623 35.0816 -13 876 0 0 1
-0.435736 0.162256 760 -0.0437921 0.0574707 9.14181 52.7235 -13 877 0 0 1
1.72356 -1.73796 760 -0.0315999 0.00702007 0.0304275 53.0001 11 877 1005 0 1
-nan -nan -nan -nan -nan -nan -nan -13 878 0 0 1
0.121315 -0.266175 760 -0.0783808 0.021381 8.45957 38.84 -13 886 0 0 1
0.0580591 -0.258691 760 0.034579 -0.00631482 10.3945 28.9936 -13 14 0 0 1
-0.471927 -0.00373355 760 0.00604997 0.0849304 4.96546 70.905 -13 15 0 0 1
-0.0938254 -0.144748 760 -0.0242843 0.0073316 11.7646 52.5356 -13 23 0 0 1
0.192006 -0.160866 760 -0.0164342 -0.0274461 10.9018 45.5697 -13 40 0 0 1
0.240723 -0.505148 760 -0.101533 -0.0964344 8.85114 33.7368 -13 41 0 0 1
0.413433 -0.0326827 760 0.00130004 -0.124747 10.7811 49.7765 -13 45 0 0 1
-2.77825 1.23886 760 -0.0480384 -0.0244361 0.0310416 52.0713 11 45 1004 0 1
0.153733 -0.433365 760 -0.098204 0.0400163 10.3352 45.7827 -13 55 0 0 1
-0.126429 -0.340763 760 -0.158702 0.0889584 6.62279 49.2057 -13 90 0 0 1
0.177167 -0.285977 760 -0.0479804 -0.0340841 7.0614 65.3718 -13 91 0 0 1
-0.296796 0.0492032 760 0.0671853 0.062065 10.7528 37.1305 -13 95 0 0 1
-0.0927038 -0.117276 760 -0.0259617 -0.0178828 14.01 24.8422 -13 99 0 0 1
-0.48067 0.122973 760 0.0309225 0.0403328 9.53752 41.3751 -13 104 0 0 1
-0.190085 -0.0144326 760 0.0166806 -0.0379115 0.0241908 42.1273 11 104 1002 0 1
0.231866 -0.098507 760 -0.0604481 -0.0270779 8.78058 37.6171 -13 105 0 0 1
0.140791 0.834812 760 0.10753 0.0503457 7.63658 39.3384 -13 112 0 0 1
0.0959018 -0.0939557 760 -0.0492119 -0.0277329 11.9216 33.1564 -13 113 0 0 1
-0.460552 0.00495092 760 0.000932469 0.101819 8.00622 40.4549 -13 114 0 0 1
-0.178158 0.353867 760 0.0508494 0.0335011 12.9824 36.4062 -13 124 0 0 1
0.0446301 0.0484322 760 0.0353101 -0.0211551 11.4851 43.5198 -13 139 0 0 1
0.00968621 0.0345242 760 -0.0160134 0.0217559 14.3901 39.7814 -13 144 0 0 1
-0.412692 -0.114396 760 0.0492942 0.0600479 9.21752 40.1783 -13 146 0 0 1
0.114706 0.277427 760 0.0277081 -0.0400757 11.2236 39.6339 -13 147 0 0 1
0.0824463 -0.1946 760 -0.0138175 -0.0165401 9.85785 32.5831 -13 167 0 0 1
-0.115959 0.123004 760 0.0531115 0.0391199 11.3428 25.0943 -13 168 0 0 1
3.00508 8.29933 760 -0.0191971 0.0119147 0.0823544 20.995 11 168 1001 0 1
0.364425 0.218757 760 0.0464781 -0.0899835 8.9122 49.4567 -13 170 0 0 1
-nan -nan -nan -nan -nan -nan -nan -13 193 0 0 1
-0.191457 0.0314506 760 -0.0625438 0.0506941 12.3124 26.8154 -13 198 0 0 1
0.174956 -0.0685928 760 0.00293294 -6.53491e-05 13.2404 27.1925 -13 344 0 0 1
-0.227951 -0.0440748 760 -0.0294178 0.0857853 9.71022 28.8267 -13 345 0 0 1
-0.226984 0.149599 760 0.00118888 0.0276318 13.444 35.6428 -13 346 0 0 1
0.216158 -0.193553 760 -0.00996973 -0.0355296 10.8272 52.537 -13 354 0 0 1
0.012256 -0.142979 760 0.0604091 0.00133403 6.02049 63.9077 -13 368 0 0 1
0.012109 -0.0424349 760 0.0320369 0.0325055 14.194 28.6102 -13 373 0 0 1
-0.212151 0.177233 760 -0.0459651 -0.0246714 4.86485 59.9549 -13 374 0 0 1
0.460071 0.291791 760 0.022531 -0.1269 6.51124 54.0757 -13 376 0 0 1
0.086236 -0.0540771 760 -0.0742144 -0.066396 10.5124 36.1544 -13 377 0 0 1
-nan -nan -nan -nan -nan -nan -nan -13 378 0 0 1
0.134794 -0.126109 760 0.00618676 -0.0773619 7.371 39.7313 -13 379 0 0 1
-0.0484461 0.472214 760 0.0592083 0.00468375 4.74482 62.4523 -13 605 0 0 1
-0.292959 -0.0582668 760 -0.00149387 0.0334566 11.8588 27.9608 -13 609 0 0 1
-0.0233025 0.369836 760 0.0458123 0.0353667 7.80604 46.4253 -13 612 0 0 1
0.0614206 0.404747 760 0.095302 0.016993 12.4311 36.4941 -13 613 0 0 1
0.0823645 0.147724 760 -0.0177288 -0.0142578 12.1128 24.9042 -13 614 0 0 1
0.143356 -0.988196 760 -0.10528 0.133145 3.54695 88.5595 -13 615 0 0 1
-0.0702462 0.261852 760 0.039652 0.0938797 3.442 95.58 -13 616 0 0 1
0.0663034 -0.139905 760 0.0318623 -0.0200412 8.07267 53.2539 -13 618 0 0 1
-0.115545 0.673596 760 0.083634 0.0190395 12.3563 41.7831 -13 620 0 0 1
-0.0656192 0.1841 760 -0.0765524 0.0579904 11.1471 52.5277 -13 622 0 0 1
0.0588552 -0.0910648 760 -0.0171267 0.00525546 9.72207 42.1957 -13 623 0 0 1
0.162635 0.0718589 760 0.0297381 -0.000261305 14.1588 20.6735 -13 624 0 0 1
-0.07945 0.0461364 760 -0.000132596 0.0256537 9.0432 45.8513 -13 625 0 0 1
-7.81631 2.30054 760 0.0350298 -0.0320838 0.0126977 42.9573 11 625 1002 0 1
-9.99431 3.56179 760 0.00866523 -0.0321991 -0.00417055 45.0355 11 625 1002 0 1
-10.0031 3.55916 760 0.0118925 -0.0103416 0.0288333 46.8339 11 625 1002 0 1
0.15466 -0.20833 760 -0.129792 -0.0532516 6.03327 52.9076 -13 626 0 0 1
-0.0112478 0.135797 760 0.0192968 -0.0201172 14.0742 31.7982 -13 632 0 0 1
-0.121673 -0.286197 760 8.08158e-06 0.0165006 8.33121 40.8586 -13 633 0 0 1
-0.397364 -0.261635 760 -0.0660682 -0.0789623 4.70943 58.6664 -13 634 0 0 1
0.129495 0.12916 760 0.0518429 -0.0352476 8.01487 51.0556 -13 635 0 0 1
-0.139396 0.768729 760 0.109755 0.00475297 14.1316 26.7809 -13 636 0 0 1
-0.573379 0.123923 760 -0.0567522 0.0973893 7.92882 55.935 -13 637 0 0 1
0.252613 0.605164 760 0.0774953 -0.0392013 12.7017 37.4666 -13 638 0 0 1
0.0945864 0.154188 760 -0.00523578 -0.0149552 13.9945 25.1294 -13 639 0 0 1
-0.0299137 0.174552 760 0.0301764 0.0125676 10.882 26.2243 -13 640 0 0 1
0.570228 -0.357297 760 0.0126661 -0.154044 4.24409 71.0869 -13 641 0 0 1
-0.237738 0.0965565 760 -0.0492989 0.0223597 7.07353 61.0163 -13 642 0 0 1
0.0988281 -0.0324111 760 -0.0662717 0.048824 11.0345 25.4131 -13 643 0 0 1
-0.0327339 0.0435775 760 0.0248354 0.00206632 13.7502 36.9541 -13 646 0 0 1
2.65421 0.520762 760 0.00889531 -0.391197 6.22446 53.2738 -13 649 0 0 1
0.249835 0.204606 760 0.0340358 -0.0255368 13.517 24.4454 -13 650 0 0 1
0.228136 0.174258 760 0.0110309 -0.02423 10.4563 52.1369 -13 652 0 0 1
0.0221697 -0.084145 760 -0.00664177 0.0226921 11.9737 40.4731 -13 653 0 0 1
-0.0503611 0.0530793 760 0.0110399 0.0347856 14.3481 41.4045 -13 655 0 0 1
-0.269631 0.300885 760 0.029363 0.0299623 9.55287 44.6118 -13 656 0 0 1
0.209511 0.136167 760 0.0257453 -0.0073427 7.91925 55.9761 -13 657 0 0 1
-0.495543 -0.110031 760 0.00187109 0.0482219 14.4126 32.9189 -13 659 0 0 1
-5.7191 -0.891664 760 -0.00419039 0.0370986 0.0539398 35.3679 11 659 1001 0 1
0.0930354 0.0986006 760 -0.00992826 -0.0405333 8.16186 62.2941 -13 664 0 0 1
0.0960004 0.0122855 760 0.0103525 -0.0354503 13.5645 37.4597 -13 670 0 0 1
-4.68028 2.6042 760 -0.00416666 0.00535022 0.0382575 776.106 -13 672 0 0 1
-0.083005 -0.529902 760 -0.0267864 0.0815365 3.66361 82.4332 -13 673 0 0 1
-0.0205884 -0.100267 760 -0.0112958 -0.00777098 12.5446 51.1443 -13 674 0 0 1
-0.0518756 0.179178 760 0.0306658 -0.0110948 12.8884 47.3392 -13 676 0 0 1
-0.22853 -0.0344058 760 -0.0205001 -0.00308971 9.37991 44.7188 -13 678 0 0 1
0.417408 -0.0672441 760 0.0139802 -0.0601944 8.09505 46.2062 -13 679 0 0 1
0.204712 0.0670623 760 0.0244241 -0.0520446 9.25118 47.9766 -13 680 0 0 1
-0.0150563 -0.0239565 760 0.0376564 0.00535462 14.0623 22.3181 -13 681 0 0 1
0.174558 0.128201 760 0.00908101 -0.00110384 13.2555 21.8284 -13 682 0 0 1
0.222985 0.181755 760 0.00275295 -0.00625756 12.9191 46.0803 -13 683 0 0 1
1.03776 2.02341 760 -0.00875333 0.0368213 0.0777282 45.8875 11 683 1001 0 1
0.127369 -0.0771839 760 0.058009 0.0732355 8.55458 48.106 -13 684 0 0 1
-0.0879943 -0.174395 760 -0.0449414 0.0425553 12.314 39.3 -13 691 0 0 1
0.0411598 0.52407 760 -0.065082 0.144489 6.58915 54.2896 -13 696 0 0 1
-0.286804 0.260682 760 0.0669896 0.0617312 9.90881 45.7093 -13 697 0 0 1
-0.0690248 0.775922 760 0.00647328 -0.0216004 0.0895868 45.1949 11 697 1002 0 1
0.379802 -0.131117 760 -0.0409716 -0.0847701 13.3261 44.3248 -13 699 0 0 1
0.0657164 0.000674961 760 0.0348421 0.0233823 12.2811 47.6364 -13 702 0 0 1
1.0187 0.924853 760 0.0880161 -0.232598 9.36577 37.7171 -13 704 0 0 1
0.13811 -0.0361425 760 0.00985861 -0.0592083 10.0886 33.6143 -13 705 0 0 1
-0.0987621 0.159022 760 0.0333647 -0.00724798 9.54586 43.971 -13 706 0 0 1
0.328895 0.207115 760 0.0219144 -0.0351578 13.8402 21.2772 -13 707 0 0 1
0.0862929 0.191597 760 0.0637657 0.0435789 10.5191 43.9775 -13 708 0 0 1
0.370683 -0.813132 760 -0.19082 -0.0520624 3.32497 86.7457 -13 709 0 0 1
0.229051 -0.0108639 760 0.0195386 -0.078773 14.1514 21.1041 -13 711 0 0 1
-0.0380577 -0.00577557 760 -0.0216985 -0.0272112 12.3713 51.4965 -13 715 0 0 1
-2.05196 0.622982 760 -0.0304162 0.00395999 -0.0114025 59.8451 11 715 1001 0 1
-0.0879408 -0.247227 760 -0.0241807 0.0633635 13.1051 41.5478 -13 716 0 0 1
-0.051443 0.242133 760 0.0756786 -0.0382309 8.6542 39.3147 -13 718 0 0 1
-0.00981092 0.00112717 760 0.0176906 -0.0691787 10.6415 34.2696 -13 719 0 0 1
-0.0743069 0.121651 760 -0.029108 0.0850914 11.2541 52.8474 -13 720 0 0 1
0.175093 -0.000392964 760 -0.0209751 -0.0666464 9.65821 53.9053 -13 721 0 0 1
0.0156635 0.175935 760 0.0678307 0.0068349 4.92266 63.7971 -13 722 0 0 1
-0.361284 -1.49592 760 -0.209498 0.116872 4.72104 77.1273 -13 724 0 0 1
0.27675 0.658458 760 0.123315 -0.0262278 5.28104 60.8258 -13 729 0 0 1
-0.445777 4.19126 760 -0.0175162 -0.00380278 0.036019 60.6097 11 729 1001 0 1
0.106792 0.212108 760 0.00159241 -0.0173419 10.9665 41.6301 -13 735 0 0 1
0.0381896 0.390659 760 0.0971474 0.00507256 8.19869 53.3405 -13 737 0 0 1
-0.00665612 0.41666 760 0.0249815 -0.00972663 13.033 44.7304 -13 740 0 0 1
-2.81317 0.95361 760 0.623292 0.628213 2.06966 102.754 -13 744 0 0 1
-0.0278606 -0.224775 760 -0.0577986 0.0536111 11.4873 38.5794 -13 745 0 0 1
-0.206854 0.159317 760 0.0492993 0.0317216 10.4311 47.8839 -13 750 0 0 1
0.657748 0.236391 760 -0.0819535 -0.0234701 6.38519 45.7679 -13 752 0 0 1
1.1097 1.28605 760 0.0107615 -0.335354 10.786 28.1302 -13 753 0 0 1
-0.436717 -0.477474 760 -0.0735998 -0.00137835 8.04983 54.0351 -13 760 0 0 1
-0.758624 -0.131476 760 -0.0497865 0.0726652 6.2843 49.427 -13 761 0 0 1
0.207748 0.0795022 760 0.0815654 -0.00100005 13.861 48.276 -13 762 0 0 1
-0.238819 0.0785648 760 -0.00505148 0.0643883 13.3943 24.2782 -13 774 0 0 1
0.0697768 -0.0107571 760 -0.00910881 0.00430923 11.8445 34.8629 -13 776 0 0 1
0.212955 0.132745 760 0.0382069 -0.0415545 9.54218 33.1635 -13 780 0 0 1
0.00184518 -0.562572 760 -0.104832 0.0234245 11.6365 28.058 -13 781 0 0 1
0.0623094 -0.0753415 760 -0.00589586 -0.0151561 10.0425 30.6852 -13 782 0 0 1
0.0985328 0.00598572 760 -0.0103221 -0.0448076 6.909 55.6609 -13 783 0 0 1
-0.0968961 -0.0503934 760 -0.0397761 -0.0202972 6.84765 42.1 -13 784 0 0 1
-0.983187 -0.316443 760 0.00522065 0.107337 4.6222 68.8923 -13 785 0 0 1
0.0574093 0.270969 760 0.022384 0.000756959 9.55705 47.4912 -13 786 0 0 1
-0.28937 0.195439 760 0.0218765 -0.0683026 8.89078 47.3908 -13 787 0 0 1
-0.120086 0.00371933 760 0.0170696 0.0103714 12.3394 40.549 -13 788 0 0 1
-0.972655 -0.189598 760 0.0395352 0.167589 14.1499 34.7276 -13 789 0 0 1
-0.141907 0.0681942 760 -0.0326089 0.031546 9.92192 54.5164 -13 790 0 0 1
0.0355716 0.724829 760 0.0660095 -0.0854537 4.756 79.2978 -13 791 0 0 1
-0.186734 -0.270451 760 -0.0470928 0.0668897 11.7529 51.6042 -13 792 0 0 1
-0.120164 0.104011 760 0.00251666 -0.00999285 11.4079 41.0654 -13 793 0 0 1
-0.224222 -0.246137 760 -0.0637253 0.00357264 11.4694 32.4476 -13 795 0 0 1
-0.0535944 -0.0598101 760 -0.0333878 -0.0350217 13.9997 44.565 -13 797 0 0 1
0.13958 0.0745495 760 -0.0132188 -0.0470628 13.7049 45.2789 -13 798 0 0 1
0.386439 0.00366079 760 0.0276142 -0.0904138 9.35663 58.5176 -13 799 0 0 1
0.0259837 0.0942457 760 0.00187986 0.019341 13.5431 22.8348 -13 800 0 0 1
0.307703 -0.243729 760 0.0196275 0.0254152 5.59021 52.0386 -13 801 0 0 1
0.375361 -0.1013 760 0.00123626 0.0025749 12.5321 48.9394 -13 805 0 0 1
-0.236992 0.152315 760 0.112839 -0.0401288 7.52888 49.2138 -13 826 0 0 1
-0.922939 0.0267642 760 0.00401292 0.212415 7.78402 62.6185 -13 835 0 0 1
-0.00261994 -0.250492 760 -0.0589928 -0.0666062 12.8207 38.3944 -13 838 0 0 1
0.831511 -1.72232 760 -0.290309 -0.059639 3.98573 87.1169 -13 844 0 0 1
0.302601 0.116882 760 0.0185382 -0.0632465 12.2728 39.1332 -13 846 0 0 1
0.364772 -0.255821 760 -0.0194841 -0.0721713 8.85473 38.7406 -13 851 0 0 1
-0.78069 -0.955316 760 0.0344699 0.0126381 0.940663 603.941 -13 852 0 0 1
-0.136339 0.0542725 760 0.0313841 -0.0254196 11.5521 47.4123 -13 855 0 0 1
0.146818 -0.322018 760 -0.0669484 -0.0102764 13.7571 48.6508 -13 973 0 0 1
-0.0551983 0.0462577 760 -0.0196209 0.00618945 10.2643 46.6379 -13 975 0 0 1
0.593813 0.165426 760 0.0213402 -0.0441096 6.64112 46.7987 -13 976 0 0 1
-0.104956 -0.00873375 760 -0.0168742 0.0348728 13.7159 38.8495 -13 979 0 0 1
0.0435374 -0.151068 760 -0.0278824 -0.0090107 9.66237 29.0808 -13 981 0 0 1
0.013262 -0.0836912 760 -0.0105396 -0.024826 13.6109 33.1059 -13 982 0 0 1
-0.237804 1.06539 760 0.0157054 -0.171093 5.50945 71.5192 -13 983 0 0 1
-0.591247 -0.035516 760 -0.0772687 0.0727013 10.0465 29.8206 -13 984 0 0 1
-0.120095 0.107411 760 0.00659528 0.0271192 11.2482 39.77 -13 985 0 0 1
0.0749831 -0.1597 760 -0.0983136 -0.00408094 8.3752 51.2454 -13 986 0 0 1
-0.0201855 0.0870023 760 -0.0182399 -0.0018361 14.2266 44.0702 -13 987 0 0 1
0.411817 0.0735627 760 -0.00422278 -0.0842191 6.57568 62.6982 -13 988 0 0 1
0.123549 0.323727 760 -0.0236363 0.0393691 1.68542 118.597 -13 989 0 0 1
-0.129043 -0.151722 760 -0.0368702 0.0505598 11.2611 53.393 -13 993 0 0 1
-0.0765765 -0.0532481 760 -0.025768 -0.00641821 13.031 46.4361 -13 996 0 0 1
0.257909 0.206166 760 0.0406214 -0.0599442 14.5054 27.8731 -13 997 0 0 1
-0.0698007 -0.0140185 760 0.00894244 0.0192151 10.2488 51.8817 -13 998 0 0 1
-0.286566 -0.0399563 760 -0.0243152 0.0522997 7.30836 41.84 -13 999 0 0 1
-4.07625 0.519775 760 -0.0101459 0.0137134 0.0415582 41.9073 11 999 1005 0 1
0.239054 0.213282 760 0.0176414 -0.111432 4.9363 67.0968 -13 8 0 0 1
0.407538 0.722135 760 0.0185014 -0.000874226 0.0328722 63.1938 11 8 1004 0 1
-0.120531 0.175554 760 0.0327741 0.0174929 11.808 26.9526 -13 12 0 0 1
0.191276 0.174902 760 0.0297618 -0.0149153 8.36687 42.2971 -13 27 0 0 1
-0.763115 0.705587 760 -0.0269732 -0.00768095 0.0720791 41.81 11 27 1003 0 1
0.0239552 -0.0238951 760 -0.0370617 -0.0320669 11.5666 51.25 -13 28 0 0 1
0.691863 -0.43365 760 0.00554485 -0.173783 4.93932 57.4005 -13 46 0 0 1
0.248869 0.19211 760 0.0389893 -0.0344137 11.4042 32.0567 -13 47 0 0 1
0.528007 0.0325374 760 0.00223437 -0.043825 8.17326 34.5816 -13 53 0 0 1
0.101545 -0.830004 760 -0.0633566 0.0181784 14.0901 28.399 -13 56 0 0 1
0.517669 0.699029 760 -0.0134494 -0.157468 8.14224 59.1694 -13 77 0 0 1
0.317517 -0.148008 760 -0.0061464 -0.0130565 8.47481 40.3071 -13 88 0 0 1
0.206073 0.129154 760 0.019722 -0.0445433 7.67635 61.0211 -13 93 0 0 1
0.0207945 -0.0814893 760 0.0385946 -0.00826855 12.3172 23.1901 -13 100 0 0 1
0.150876 -0.224656 760 -0.090223 -0.0434774 11.4427 50.3749 -13 125 0 0 1
0.544609 -0.042416 760 0.00822759 -0.0544679 9.61604 34.1799 -13 127 0 0 1
0.274019 -0.092603 760 0.0014424 -0.043965 13.3524 24.8896 -13 135 0 0 1
0.00657316 -0.0695848 760 0.05689 0.00953368 7.30298 49.9788 -13 148 0 0 1
-1.35152 -1.94319 760 -0.0233483 0.0103686 0.0454348 49.8659 11 148 1003 0 1
0.390972 -0.350024 760 -0.0489784 -0.0697062 6.96278 47.2363 -13 149 0 0 1
-0.41703 0.355322 760 0.046128 0.0917012 9.75907 51.5729 -13 174 0 0 1
-0.11445 -0.148459 760 -0.0278862 -0.00156247 10.7682 39.7161 -13 176 0 0 1
-0.705369 -0.339701 760 -0.088481 0.175199 3.04034 83.9432 -13 177 0 0 1
0.0471818 -0.491686 760 -0.0782853 -0.0640499 5.46865 65.081 -13 179 0 0 1
-1.45788 -0.909057 760 -0.167323 0.22863 5.66046 47.9388 -13 189 0 0 1
0.00571976 -0.0577454 760 -0.0592685 -0.0240804 8.95719 59.2934 -13 213 0 0 1
0.0961593 -0.0838921 760 -0.0194822 -0.0488501 10.9103 41.3627 -13 242 0 0 1
-0.204192 0.0105256 760 0.033455 0.0672349 13.792 47.7694 -13 243 0 0 1
0.0750714 -0.0521165 760 0.0109942 -0.0846938 8.65194 54.7779 -13 244 0 0 1
0.082969 -0.047255 760 -0.0103651 -0.0136465 0.00427759 54.8155 11 244 1003 0 1
-0.0512037 0.215705 760 6.16699e-05 0.0311144 8.04855 42.5067 -13 246 0 0 1
-0.332546 0.0278052 760 0.0472866 0.0427038 11.8124 50.6105 -13 248 0 0 1
0.111369 -0.164479 760 -0.0441481 -0.0507436 10.3313 45.8129 -13 250 0 0 1
-0.0569071 -0.265115 760 -0.030479 0.0246585 12.2459 23.1261 -13 256 0 0 1
-0.0594483 -0.222086 760 -0.101162 0.0412663 11.2554 35.4143 -13 257 0 0 1
0.182625 -0.0812432 760 -0.00879181 -0.0548202 12.9402 40.4433 -13 262 0 0 1
0.130887 -0.828312 760 -0.0953667 -0.103119 2.94712 102.413 -13 264 0 0 1
0.142851 -0.827708 760 -0.0110015 -0.000376273 0.00976656 102.421 11 264 1011 0 1
-0.0251931 0.110266 760 -0.058294 0.02381 11.2572 48.6754 -13 266 0 0 1
0.389791 0.0708848 760 -0.00226242 -0.0487676 0.056013 48.6811 11 266 1002 0 1
0.017671 -0.0235781 760 -0.0188527 -0.00251927 11.9746 27.6567 -13 297 0 0 1
-5.55807 1.14467 760 0.38148 0.716147 2.66625 109.979 -13 300 0 0 1
0.196497 -0.0275544 760 -0.0144333 -0.0544991 8.19077 59.5188 -13 301 0 0 1
-0.0373715 0.000307299 760 0.014106 0.0150458 11.6226 36.5634 -13 303 0 0 1
0.161828 -0.159408 760 -0.0590773 -0.0325752 10.9766 34.9457 -13 305 0 0 1
0.285182 -3.19128 760 -0.00847764 -0.0498668 0.0494642 36.856 11 305 1002 0 1
0.0331531 -0.314366 760 -0.0343667 0.103026 4.04069 73.3439 -13 307 0 0 1
0.0740363 0.00970051 760 -0.00267692 0.0173367 12.1501 29.5963 -13 312 0 0 1
0.187445 0.118241 760 0.0142655 -0.0221701 6.05327 49.842 -13 318 0 0 1
-0.0131164 -0.17097 760 -0.0485083 -0.0161421 13.8033 25.7617 -13 320 0 0 1
-0.0487619 -0.504857 760 -0.0702798 -0.0377937 6.00329 51.804 -13 323 0 0 1
-nan -nan -nan -nan -nan -nan -nan -13 324 0 0 1
0.529752 0.587803 760 0.113761 -0.0828277 11.4345 50.7894 -13 325 0 0 1
0.335284 0.450474 760 0.0527432 0.00388672 7.96818 42.8923 -13 459 0 0 1
-0.289714 0.235833 760 -0.0124255 0.0153364 10.5092 29.1023 -13 460 0 0 1
-0.534671 0.407818 760 -0.0452693 -0.0148628 0.0262447 29.2317 11 460 1001 0 1
2.7255 -1.8647 760 -0.00753682 -0.0201276 -0.049371 31.603 11 460 1001 0 1
1.26751 -0.380079 760 -0.144873 -0.241013 3.57951 96.3905 -13 464 0 0 1
-nan -nan -nan -nan -nan -nan -nan -13 471 0 0 1
0.566001 0.291542 760 0.0752131 -0.138915 5.30045 51.9546 -13 473 0 0 1
-0.867148 -1.15253 760 -0.146623 -0.0134347 2.85558 105.085 -13 728 0 0 1
-0.0485297 0.0610453 760 -0.025028 0.00107185 11.1615 31.7179 -13 730 0 0 1
-0.0263851 0.134052 760 0.00702469 -0.0460681 7.86652 38.3894 -13 734 0 0 1
-0.358069 -0.00614505 760 -0.0526822 0.0577142 10.9667 34.5749 -13 736 0 0 1
0.355388 -0.252831 760 -0.0294991 -0.00707518 8.38651 55.3413 -13 738 0 0 1
-0.239836 -0.0310959 760 0.0108613 0.0231797 11.8946 43.6738 -13 739 0 0 1
-0.269363 -0.260965 760 -0.0509855 0.0329336 8.65287 50.7919 -13 741 0 0 1
0.148104 1.60838 760 0.135766 0.0893242 3.84815 88.1776 -13 742 0 0 1
0.370214 -0.121349 760 -0.0509664 0.0297998 8.29435 34.456 -13 743 0 0 1
-0.243602 0.0922636 760 0.0191033 0.0757031 8.5354 57.6839 -13 746 0 0 1
-0.0974718 -0.0817493 760 -0.000754345 0.0229801 11.8414 45.9509 -13 747 0 0 1
-0.133254 -0.0135167 760 0.0149839 0.00828226 10.5515 42.9289 -13 748 0 0 1
-0.320958 0.0393379 760 0.000973271 -0.103402 12.0807 24.1581 -13 749 0 0 1
-0.134418 -0.131799 760 -0.0484527 0.0835846 11.1001 48.8256 -13 751 0 0 1
0.282178 -0.492019 760 -0.0726054 -0.0194712 8.60703 56.9179 -13 754 0 0 1
0.234658 -0.0297191 760 -0.0390889 -0.0954011 7.88517 41.6186 -13 755 0 0 1
0.338842 0.168816 760 0.0979705 0.023187 5.32362 61.7702 -13 756 0 0 1
0.130257 -0.142657 760 0.0179679 -0.0673965 7.14932 50.2777 -13 757 0 0 1
-7.76029 -8.44478 760 0.0042176 -0.00183073 0.0516967 39.7974 11 757 1005 0 1
-0.0857089 -0.889454 760 -0.110826 0.100969 7.90243 36.8798 -13 758 0 0 1
-0.00359377 0.017851 760 -0.000389835 0.0335736 12.6306 50.99 -13 767 0 0 1
0.0638963 0.18096 760 0.0506118 -0.0495697 10.8849 31.3433 -13 771 0 0 1
-0.0321444 -0.161788 760 0.0154779 0.000983123 11.4181 28.9151 -13 773 0 0 1
-0.336226 -0.230523 760 -0.0113911 0.0051544 8.44356 50.6736 -13 778 0 0 1
-7.12786 7.6457 760 0.0062203 -0.000645617 0.0492974 49.0858 11 778 1002 0 1
0.211417 0.168063 760 0.0201072 -0.00498567 12.9234 21.9074 -13 779 0 0 1
0.000381074 0.0420747 760 -0.0708766 -0.028767 7.40506 48.945 -13 794 0 0 1
-0.126538 1.82965 760 0.186857 -0.00019589 8.82675 53.6595 -13 796 0 0 1
0.551683 0.504835 760 0.131502 0.0189131 2.49722 96.1516 -13 806 0 0 1
-0.296192 -1.51058e-05 760 -0.0179884 0.057888 13.6394 30.8525 -13 807 0 0 1
-0.270155 0.279953 760 0.0125608 -0.0194274 6.9748 48.2752 -13 808 0 0 1
-0.0547676 0.123 760 0.0293528 0.0341006 14.2918 33.0909 -13 809 0 0 1
0.410891 -0.158885 760 0.0192073 -0.0369681 6.21891 70.1566 -13 819 0 0 1
0.067833 0.0879101 760 -0.00363837 0.0966982 8.36807 36.1642 -13 821 0 0 1
0.996014 -4.6602 760 0.00352939 -0.000131391 0.0580873 34.09 11 821 1003 0 1
9.73732 -2.67855 760 -0.004197 -0.0135199 -0.0419103 47.4518 11 821 1003 0 1
-0.410754 -0.0833842 760 0.00033946 0.0574732 12.5941 45.0923 -13 823 0 0 1
-0.12681 -0.243371 760 -0.0382844 0.0719256 10.7987 34.6036 -13 837 0 0 1
0.126984 0.263928 760 -0.026174 0.0575182 9.84405 49.3972 -13 840 0 0 1
-0.402128 -0.573636 760 0.0335813 0.149024 8.27043 40.0101 -13 843 0 0 1
0.103208 0.0785717 760 -0.00515547 -0.0308422 13.4827 29.5461 -13 845 0 0 1
0.0809767 -0.158008 760 -0.0984635 -0.0813037 4.5826 66.9507 -13 847 0 0 1
0.269411 -0.156922 760 -0.0377848 -0.0602534 9.53353 30.9523 -13 849 0 0 1
0.075912 -0.0946743 760 0.00119613 -0.0477951 12.3653 44.4156 -13 850 0 0 1
-0.0813131 -0.0284966 760 -0.00947062 0.000262852 14.3286 27.5369 -13 857 0 0 1
0.0150972 0.156418 760 0.0824009 -0.0057572 10.2008 53.1126 -13 858 0 0 1
0.145462 0.0940979 760 0.013765 -0.0486901 13.0348 46.0293 -13 860 0 0 1
-0.155805 -0.234651 760 -0.0311345 -0.0212497 11.1661 27.666 -13 861 0 0 1
0.0940764 -0.194244 760 -0.0739902 0.0314547 5.76178 67.0481 -13 862 0 0 1
0.306938 -0.314356 760 0.168565 -0.0995901 3.48181 77.1537 -13 863 0 0 1
0.57776 0.148952 760 0.0943509 -0.0771253 5.42509 77.7508 -13 866 0 0 1
0.0138883 0.212167 760 0.0670741 0.0182471 8.31801 42.894 -13 868 0 0 1
0.0106804 0.178697 760 0.0245607 0.0111791 14.2349 45.4874 -13 879 0 0 1
-0.0849922 0.0572664 760 -0.00549519 0.0283615 12.9335 26.7884 -13 880 0 0 1
-0.201058 0.391729 760 0.0737684 0.0686645 14.528 31.656 -13 881 0 0 1
-0.582174 0.175997 760 -0.115492 0.0600619 6.37632 63.2982 -13 882 0 0 1
0.029894 0.574656 760 0.00104 -0.0703555 7.06202 62.2267 -13 883 0 0 1
-0.113374 -0.325128 760 -0.0375516 -0.000661841 5.61518 64.399 -13 884 0 0 1
0.715313 -0.663217 760 0.00400236 0.00875205 0.0377293 63.7676 11 884 1006 0 1
0.0134003 -0.259288 760 -0.0433341 -0.0131811 12.5376 23.605 -13 885 0 0 1
1.63133 0.723644 760 0.0424637 -0.28527 8.49778 32.642 -13 887 0 0 1
-0.216759 -0.214746 760 -0.0795519 -0.0166966 8.52962 51.2481 -13 888 0 0 1
-0.24032 0.0844059 760 0.010294 0.0411448 11.2972 49.0068 -13 889 0 0 1
0.822058 0.231624 760 -0.136721 -0.130089 10.814 37.1124 -13 890 0 0 1
0.25554 0.239756 760 -0.0162917 -0.0521683 7.45268 44.3241 -13 891 0 0 1
1.99378 -0.559534 760 0.0342745 -0.0121019 0.0235438 45.2053 11 891 1002 0 1
-0.142597 -0.362275 760 -0.0909482 0.00674627 14.0606 28.4847 -13 892 0 0 1
0.104673 -0.00834956 760 0.0464921 0.0129619 9.35535 32.8055 -13 893 0 0 1
0.174838 -0.0536012 760 0.0385632 -0.0868907 12.5608 40.3273 -13 894 0 0 1
-0.101557 0.197035 760 0.0279613 0.0172082 11.6071 40.5375 -13 895 0 0 1
-0.129968 0.171732 760 0.0450585 0.021659 6.65194 50.3063 -13 899 0 0 1
0.0522748 0.129239 760 0.0382316 -0.00252875 11.4256 25.8526 -13 900 0 0 1
0.12158 -0.634195 760 -0.130935 -0.0133612 6.50623 48.9209 -13 903 0 0 1
0.274862 -0.113038 760 -0.0278104 -0.0447959 12.5344 29.564 -13 904 0 0 1
0.190677 0.0457678 760 -0.0412573 -0.00807497 5.10514 69.9995 -13 905 0 0 1
-1.14527 -3.2265 760 0.00156705 0.00882521 -0.0324921 76.2652 11 905 1003 0 1
-0.34282 -0.0321848 760 -0.023121 0.02457 10.439 46.0778 -13 906 0 0 1
0.150772 0.100935 760 0.0205561 -0.0359803 11.6161 50.0796 -13 907 0 0 1
0.123309 0.179383 760 0.0122306 -0.0312723 12.9305 24.7745 -13 908 0 0 1
0.594039 0.331783 760 0.0578456 -0.0525796 7.20842 52.4953 -13 909 0 0 1
-0.116178 -0.210795 760 0.0413328 0.0970161 9.24714 31.2458 -13 910 0 0 1
0.0351493 -0.86815 760 -0.0451032 0.0121879 1.02301 607.173 -13 911 0 0 1
0.108763 0.163133 760 0.0617768 -0.0182993 11.822 25.2639 -13 912 0 0 1
-0.14743 0.131693 760 0.0124919 0.0219393 13.2298 25.4366 -13 10 0 0 1
0.127578 -0.102284 760 0.0211741 0.108646 10.5937 28.2013 -13 11 0 0 1
-0.0119497 0.340043 760 0.0304074 -0.0749655 3.41663 76.6912 -13 13 0 0 1
-0.261456 0.237485 760 -0.00890863 0.0361524 14.492 25.8516 -13 17 0 0 1
0.274406 -0.366961 760 -0.0678821 -0.0501522 6.93268 59.9806 -13 29 0 0 1
3.94556 -2.48129 760 -0.385433 -0.63274 8.42638 37.5455 -13 32 0 0 1
0.0658888 0.198854 760 -0.00681846 -0.00984175 13.2555 27.0656 -13 49 0 0 1
-0.0532404 0.475008 760 0.0418927 -0.0153716 4.12632 89.8901 -13 50 0 0 1
-0.162952 -0.290759 760 -0.0761667 0.0485059 2.46605 92.9435 -13 54 0 0 1
-0.226208 0.158269 760 0.0720272 0.0672795 9.34583 41.7971 -13 62 0 0 1
-0.461784 0.241171 760 0.00531825 0.0676508 5.32083 63.2627 -13 69 0 0 1
0.303256 0.0821479 760 0.0649913 -0.0588462 11.6705 27.2374 -13 71 0 0 1
0.225804 0.146873 760 0.0524232 -0.0470452 12.6722 46.5762 -13 79 0 0 1
0.272489 0.0948821 760 -0.0375402 -0.0571532 8.69898 54.1813 -13 81 0 0 1
0.0342356 -0.122869 760 -0.00773697 -0.00740693 13.1866 43.8788 -13 82 0 0 1
-0.212026 -0.244036 760 -0.0148454 -0.0375499 9.83915 46.481 -13 83 0 0 1
-0.0452939 -0.0664431 760 -0.0293005 -0.0429003 13.5595 24.0465 -13 85 0 0 1
-0.0135717 -0.667406 760 0.0221889 0.0360978 0.720809 598.396 -13 87 0 0 1
-0.135617 0.0881384 760 0.00229415 0.0194236 13.757 37.7071 -13 107 0 0 1
-0.0343415 -0.050764 760 -0.0155032 -0.0183061 13.2367 43.1655 -13 132 0 0 1
0.0751363 0.232465 760 0.0384948 0.00895581 14.5394 37.8904 -13 133 0 0 1
-0.36046 0.366511 760 0.213532 0.0726877 7.14826 56.3338 -13 134 0 0 1
-0.170937 -0.260269 760 -0.00958214 0.123239 4.41895 63.7918 -13 138 0 0 1
-0.133746 0.13922 760 0.0455728 0.00927896 13.6879 43.7847 -13 153 0 0 1
-0.187581 0.160478 760 -0.00689694 -0.00536904 9.93527 52.6551 -13 155 0 0 1
-0.0466503 0.168276 760 0.0268213 -0.0179893 11.9655 39.6404 -13 156 0 0 1
0.0111453 -0.517324 760 -0.0798768 0.0362745 8.35386 42.587 -13 158 0 0 1
0.0972431 -0.497623 760 -0.00473148 -0.0295585 0.0126886 43.2779 11 158 1003 0 1
0.0360149 0.00269872 760 -0.0179884 -0.019069 14.1033 26.5005 -13 161 0 0 1
-0.217868 -0.112622 760 0.00185121 0.0350128 9.23103 46.9871 -13 182 0 0 1
-0.0852308 0.110731 760 0.0229548 0.020357 14.0103 25.0741 -13 183 0 0 1
0.00422942 0.0247898 760 -0.00319971 0.00706613 11.4884 39.7043 -13 185 0 0 1
0.268446 -0.349152 760 -0.0794018 -0.0416842 8.39384 38.0298 -13 190 0 0 1
0.125196 0.021753 760 -0.00383206 -0.0119417 12.2432 28.4483 -13 191 0 0 1
-0.126424 -0.0846591 760 -0.0272666 0.00892716 10.3413 33.4674 -13 194 0 0 1
-0.325921 -0.0504804 760 0.0692425 0.0370707 10.8625 47.1218 -13 195 0 0 1
0.0892267 0.059961 760 0.0446229 -0.00952986 11.5836 45.376 -13 201 0 0 1
-0.449805 -0.471572 760 -0.0563095 -0.0154674 2.82361 88.1512 -13 221 0 0 1
-0.242457 0.224595 760 0.0459909 0.0594669 8.88272 37.573 -13 222 0 0 1
0.0236853 0.0254996 760 -2.60498e-05 -0.0292202 13.4969 33.6537 -13 228 0 0 1
-0.356126 -0.222458 760 -0.0119978 0.046461 13.4257 31.2526 -13 229 0 0 1
0.301645 0.017259 760 -0.0801147 -0.044541 11.9619 24.3461 -13 230 0 0 1
0.361466 -0.882824 760 -0.138495 -0.0173237 9.0454 56.2715 -13 231 0 0 1
-0.20058 0.318404 760 0.0987036 -0.0290804 6.22624 61.9355 -13 232 0 0 1
-0.0862318 0.0667694 760 0.0207471 -0.019795 10.9467 52.8714 -13 233 0 0 1
-0.0993476 0.201847 760 0.0437451 -0.014284 12.4796 24.956 -13 234 0 0 1
0.515177 -0.0269432 760 -0.106808 -0.115193 6.13207 66.5618 -13 235 0 0 1
0.407275 0.699179 760 0.13939 -0.0664619 4.35215 78.2691 -13 236 0 0 1
2.63279 2.63747 760 -0.0178515 0.00945312 0.0311726 77.5358 11 236 1004 0 1
-0.137226 0.303386 760 0.000251097 0.047649 8.36999 47.445 -13 237 0 0 1
0.175125 -0.732889 760 -0.0982617 -0.0656876 12.9014 33.6245 -13 245 0 0 1
0.0331802 0.371787 760 0.0808426 -0.0108972 11.5676 33.9844 -13 247 0 0 1
1.12304 -0.0216178 760 -0.0190942 -0.0109406 0.0802403 33.8882 11 247 1001 0 1
-0.0163123 0.184653 760 0.0350286 0.0463414 12.3434 32.9605 -13 249 0 0 1
0.0265557 -0.191106 760 -0.0158422 0.018829 11.9087 44.1789 -13 253 0 0 1
-0.768273 0.24746 760 -0.00287984 0.0541794 8.25322 37.2731 -13 254 0 0 1
0.0422865 0.045435 760 -0.0257183 0.00656731 12.0246 30.374 -13 255 0 0 1
0.221025 -0.0884386 760 -0.0157079 -0.0678668 14.2039 43.0899 -13 260 0 0 1
-0.0596355 -0.0654105 760 -0.013556 -0.00778067 14.0567 42.0485 -13 267 0 0 1
0.0620075 0.129791 760 -0.0177469 0.024046 12.2651 27.9339 -13 268 0 0 1
0.241427 -0.244151 760 -0.0618927 0.0150979 11.7872 35.044 -13 269 0 0 1
-1.21328 2.0768 760 -0.0101641 -0.00761912 0.108393 25.5044 11 269 1004 0 1
0.227721 -0.218345 760 -0.0161645 -0.0516196 2.8047 110.036 -13 270 0 0 1
0.206334 -0.0550809 760 0.0230585 -0.0778412 8.76488 50.576 -13 275 0 0 1
-0.00533802 0.137832 760 0.00810581 0.00102603 13.3425 41.1989 -13 279 0 0 1
0.00536544 -0.550694 760 -0.106558 0.0112317 8.11422 53.3549 -13 281 0 0 1
-0.316465 -0.354655 760 -0.0396339 0.0856887 10.6973 32.7572 -13 283 0 0 1
-0.195503 -0.0241924 760 -0.118869 0.0386351 2.48482 115.105 -13 285 0 0 1
0.256254 -0.0516553 760 0.0444583 -0.0568892 10.8637 53.3108 -13 287 0 0 1
-0.157233 0.152806 760 0.00145654 0.0342626 7.33324 65.7274 -13 293 0 0 1
-0.13696 0.160228 760 -0.0248707 0.00935237 7.2041 60.4389 -13 295 0 0 1
-nan -nan -nan -nan -nan -nan -nan -13 298 0 0 1
-0.271183 -0.20404 760 -0.0123244 0.0833437 7.5306 51.8238 -13 302 0 0 1
-0.442168 -0.725783 760 -0.0608938 0.147818 9.82309 34.4499 -13 414 0 0 1
-0.14944 -0.11795 760 0.000777681 0.0517644 12.6413 35.6965 -13 416 0 0 1
-0.240934 0.0229591 760 0.0344886 0.0678896 10.0155 53.7088 -13 418 0 0 1
-0.264521 -0.854967 760 -0.120972 0.146069 7.60714 49.4151 -13 419 0 0 1
0.0146444 -0.190083 760 -0.0463281 -0.00751494 12.438 32.1143 -13 420 0 0 1
-0.360718 -0.30816 760 0.0126591 0.0277875 7.03395 42.4197 -13 422 0 0 1
-0.102382 0.151573 760 0.0304801 0.000838951 9.30143 39.3047 -13 424 0 0 1
0.322709 0.0581684 760 -0.00644779 -0.0728215 6.99168 46.8696 -13 428 0 0 1
-0.0647528 -0.261542 760 -0.0214021 -0.0054126 7.78009 47.8226 -13 429 0 0 1
0.0474953 0.187517 760 0.0566497 0.0039881 10.8353 35.2661 -13 431 0 0 1
-0.323215 -0.178475 760 -0.0840991 -0.0195691 9.93592 45.6704 -13 432 0 0 1
-0.0564997 0.118975 760 0.0418018 0.0136184 11.0225 50.0887 -13 433 0 0 1
0.148965 -0.161561 760 -0.021759 -0.060533 13.6986 31.5015 -13 434 0 0 1
-0.225167 -0.203639 760 -0.00411843 0.0436083 11.3763 39.0826 -13 435 0 0 1
0.204415 0.124669 760 0.00785956 -0.0590724 11.2428 31.1897 -13 436 0 0 1
0.00166615 -0.0743267 760 -0.00625588 0.0135492 10.6805 36.963 -13 437 0 0 1
-0.0200472 -0.199923 760 -0.0456629 0.0145672 11.1155 41.09 -13 438 0 0 1
0.00667547 0.404502 760 0.118819 -0.0142439 8.81331 51.8444 -13 440 0 0 1
0.032817 -0.302722 760 -0.052512 -0.0652362 11.3553 38.296 -13 441 0 0 1
0.525676 0.0356296 760 -0.00237159 -0.084009 11.3538 34.9554 -13 444 0 0 1
0.366146 0.695886 760 0.103397 -0.0260741 7.80111 55.2878 -13 451 0 0 1
0.204295 -0.0842676 760 -0.0283728 0.00149 13.6794 46.3837 -13 462 0 0 1
-0.0973545 -0.123136 760 0.0127249 0.00958562 13.689 36.6555 -13 498 0 0 1
-0.336847 0.0346486 760 -0.0206162 -0.00352978 11.8807 38.9425 -13 499 0 0 1
0.422587 -0.232406 760 -0.0385864 -0.0688849 12.6142 35.1775 -13 500 0 0 1
-0.121367 -1.34481 760 0.0465765 0.0183609 0.0241361 40.2408 11 500 1003 0 1
0.322728 0.36727 760 0.10016 0.0148172 7.86515 40.1923 -13 514 0 0 1
-0.178522 -0.231284 760 0.012759 0.0826171 9.67503 35.4583 -13 525 0 0 1
-1.47237 0.362716 760 -0.18705 0.448824 2.71699 112.075 -13 527 0 0 1
0.0418054 0.11341 760 -0.000530854 -0.0334112 8.28273 55.496 -13 530 0 0 1
0.359579 1.58534 760 0.18387 -0.120519 11.2797 30.0721 -13 539 0 0 1
1.56343 1.68874 760 0.016047 -0.0372271 0.0333331 32.6736 11 539 1001 0 1
-0.0851612 -0.185692 760 -0.00735512 0.0175764 11.2445 50.0194 -13 540 0 0 1
-1.97777 -0.758509 760 0.38415 0.462938 10.6497 45.2923 -13 547 0 0 1
-0.16422 0.180101 760 0.0544309 -0.00584747 8.57681 48.2919 -13 550 0 0 1
0.0344501 0.339595 760 0.00472904 0.0106209 4.94852 54.8462 -13 554 0 0 1
-0.371199 -0.0670607 760 0.0280048 0.00602038 6.13239 64.7311 -13 556 0 0 1
0.0238364 -0.116812 760 -0.0545364 -0.0460865 10.9215 53.3208 -13 559 0 0 1
-0.0700822 0.0464498 760 0.00947985 0.0364498 13.5989 21.076 -13 560 0 0 1
-0.595796 0.629142 760 -0.0151646 -0.0376824 5.01489 78.73 -13 561 0 0 1
0.171407 -0.211675 760 -0.107925 -0.0563415 11.035 28.4851 -13 562 0 0 1
-0.0798547 0.389681 760 0.0721407 0.0261084 11.8269 49.231 -13 568 0 0 1
-0.0362423 -0.0393756 760 -0.00113265 0.0130944 13.5304 31.5845 -13 569 0 0 1
-0.216635 -0.42382 760 -0.0676104 0.0808338 11.066 50.4897 -13 570 0 0 1
-0.307727 -0.140658 760 -0.0271327 0.0658197 12.6363 35.2308 -13 571 0 0 1
-0.277168 0.0789011 760 0.000762933 0.0151975 9.87556 39.9691 -13 572 0 0 1
-0.0830255 -0.205828 760 0.0234541 -0.00649758 6.44697 54.418 -13 573 0 0 1
0.0525469 -0.0700375 760 -0.0224371 0.02214 13.73 28.8274 -13 574 0 0 1
-0.132204 -0.00298837 760 0.00293298 0.103562 13.9452 46.2213 -13 584 0 0 1
0.0035073 -0.15553 760 -0.0349199 -0.00854259 11.2208 32.4681 -13 585 0 0 1
0.00874041 0.1904 760 0.0020539 0.0406215 9.31986 54.0212 -13 586 0 0 1
0.160525 0.0293331 760 -0.0373334 -0.0344907 13.7629 39.421 -13 587 0 0 1
0.179385 -0.171333 760 -0.103114 -0.0315769 9.51636 38.2404 -13 588 0 0 1
-0.00175444 0.0612258 760 0.0247012 -0.0134502 13.2665 33.0712 -13 589 0 0 1
0.0945108 -0.0260384 760 0.00344103 -0.0572826 9.05617 41.7502 -13 591 0 0 1
4.61039 1.7806 760 -0.00182737 0.0377568 0.0605847 39.8801 11 591 1003 0 1
0.454281 0.133354 760 -0.0292242 -0.0646459 8.27743 45.4289 -13 592 0 0 1
-0.504124 -0.182609 760 0.00413329 0.0916991 5.69022 73.8142 -13 593 0 0 1
0.0147363 0.248924 760 0.00628185 -0.0413914 10.7488 54.6913 -13 594 0 0 1
0.211294 -0.402139 760 -0.12625 -0.0105431 8.0621 50.2649 -13 596 0 0 1
0.29417 -0.474143 760 -0.0849063 -0.0342403 10.4 38.0366 -13 597 0 0 1
-0.292244 0.463902 760 0.0142796 0.102089 5.64256 53.685 -13 599 0 0 1
-nan -nan -nan -nan -nan -nan -nan -13 600 0 0 1
-0.457408 0.270527 760 0.0363664 0.0452299 12.5305 39.8898 -13 601 0 0 1
0.43958 0.327676 760 0.001612 -0.0986774 6.75475 61.7082 -13 896 0 0 1
0.384166 0.257414 760 0.032084 -0.114928 10.3206 33.7528 -13 897 0 0 1
0.141071 0.113955 760 0.0680047 -0.0643183 8.35293 49.0132 -13 898 0 0 1
0.23794 0.184334 760 0.103123 -0.0548385 5.08484 79.7229 -13 901 0 0 1
-0.255975 -0.908126 760 0.00161408 0.00890111 -0.166472 632.216 11 901 1004 0 1
-0.000215406 -0.0164056 760 -0.0114472 -0.0041957 8.61184 34.0296 -13 902 0 0 1
-0.0992206 0.282369 760 0.060807 -0.00439155 10.2712 28.6699 -13 914 0 0 1
-0.495039 -0.228005 760 0.0270133 0.133816 9.06764 36.3939 -13 915 0 0 1
-0.0325382 0.223405 760 0.0309676 0.036763 13.786 38.8599 -13 916 0 0 1
0.238849 -0.180104 760 -0.00181174 -0.0353412 12.4729 41.6472 -13 917 0 0 1
-0.10293 0.000749768 760 -0.0529489 -0.0178717 12.8239 45.6118 -13 918 0 0 1
0.294436 -0.333832 760 -0.0775008 0.0703773 3.61276 75.0856 -13 919 0 0 1
0.268637 -0.0439612 760 0.0398439 3.82583e-05 8.62383 34.8418 -13 920 0 0 1
0.0437469 0.1893 760 0.0314225 0.0272105 14.0751 25.9186 -13 921 0 0 1
-0.0197661 -0.23158 760 -0.0364173 0.0106239 12.8643 42.4985 -13 922 0 0 1
0.0577473 -0.655544 760 -0.177182 0.103466 3.54255 96.9457 -13 923 0 0 1
-0.168511 0.0275761 760 0.0258584 0.0191445 13.6128 34.1931 -13 924 0 0 1
-0.182384 -0.207486 760 -0.040287 0.0508539 13.958 48.2587 -13 925 0 0 1
-0.288684 -0.26656 760 0.00613776 0.0239115 12.7963 22.3878 -13 926 0 0 1
0.629221 0.140436 760 0.0360297 -0.0409224 4.70939 70.6854 -13 927 0 0 1
-0.212188 -0.146172 760 -0.0292339 0.0484057 11.7716 47.0171 -13 928 0 0 1
0.0890107 0.0856263 760 0.0258152 -0.00218004 13.5404 27.0261 -13 929 0 0 1
0.0669833 -0.364426 760 -0.0377568 0.0084343 12.7105 39.9136 -13 930 0 0 1
-0.0375287 -0.00411059 760 0.0163471 -0.0198196 13.2997 42.0403 -13 931 0 0 1
-0.0242634 0.110906 760 0.0273402 0.0405646 11.4215 53.0779 -13 932 0 0 1
-0.0422441 0.189095 760 0.0121248 -0.00285636 13.6056 33.6891 -13 933 0 0 1
-0.154395 -0.0127697 760 0.00430742 0.0597343 8.57027 44.1155 -13 934 0 0 1
-0.233952 0.100546 760 -0.0874895 0.117666 10.4013 47.6927 -13 935 0 0 1
0.123515 -0.0978904 760 -0.0294616 -0.0311129 12.4398 35.6974 -13 936 0 0 1
-0.253672 -0.0813707 760 -0.0208125 0.0638395 12.5216 49.3241 -13 937 0 0 1
-0.152784 0.293854 760 0.14759 0.0877224 4.49816 62.2779 -13 938 0 0 1
0.0116618 0.122503 760 0.103851 0.0012803 13.8074 29.9877 -13 939 0 0 1
0.0947291 0.0710533 760 -0.00249724 -0.024567 5.90743 49.603 -13 940 0 0 1
-0.297398 0.176282 760 0.0235977 0.0566785 12.2626 38.3424 -13 941 0 0 1
-1.37371 -0.405871 760 -nan -nan -nan 171.172 -13 942 0 0 1
0.0402759 0.190318 760 0.0151712 -0.0525502 10.4467 51.1014 -13 943 0 0 1
0.169044 -0.46942 760 -0.113457 -0.0614473 11.0993 28.4904 -13 4 0 0 1
-0.185174 -0.194742 760 -0.00848468 0.0457091 6.83656 46.3341 -13 5 0 0 1
-0.0950124 0.154799 760 0.002326 0.017786 14.3615 33.1222 -13 25 0 0 1
-0.362911 0.0422892 760 0.0536171 0.0628236 13.6212 22.3432 -13 30 0 0 1
-0.0889396 0.00429364 760 -0.0101599 0.0226006 10.3651 30.4645 -13 31 0 0 1
0.0887676 0.334711 760 -0.000641495 0.0384954 4.95877 79.5084 -13 35 0 0 1
0.290403 -0.048595 760 0.00514356 -0.0410149 11.8396 46.4875 -13 38 0 0 1
-0.114943 0.133042 760 0.0174089 0.0562653 8.38545 44.3612 -13 51 0 0 1
-nan -nan -nan -nan -nan -nan -nan -13 52 0 0 1
-0.197622 0.181142 760 0.000819213 0.0027705 8.26297 39.9059 -13 58 0 0 1
-nan -nan -nan -nan -nan -nan -nan -13 342 0 0 1
-0.781767 -0.209692 760 0.00332999 0.034345 0.78975 597.477 -13 343 0 0 1
0.421834 0.648638 760 0.114444 -0.0399471 6.78749 61.3185 -13 602 0 0 1
0.321249 0.698545 760 -0.0232663 0.00046386 0.0244704 61.6023 11 602 1004 0 1
-1.62132 0.55289 760 0.188475 0.0164421 9.22925 51.7651 -13 603 0 0 1
-0.533157 -0.273939 760 -0.116035 0.056259 7.50538 48.8805 -13 604 0 0 1
-0.112752 -0.0515718 760 -0.0406506 0.00581051 12.4409 38.5035 -13 606 0 0 1
0.0452867 0.309346 760 0.0956067 -0.0315383 11.8798 28.7632 -13 607 0 0 1
0.316076 0.293682 760 0.0981723 -0.0726852 12.9288 36.0413 -13 608 0 0 1
-0.223266 0.441518 760 0.083381 0.0437899 8.73197 38.2149 -13 610 0 0 1
0.76742 1.96108 760 0.00829818 -0.019861 0.0471158 37.5601 11 610 1001 0 1
0.111005 -0.0341422 760 -0.0194843 -0.000160446 10.3171 31.3553 -13 611 0 0 1
0.0620616 -0.0742856 760 -0.014209 -0.0198972 10.7749 42.2413 -13 617 0 0 1
0.104995 0.0206471 760 0.00164925 0.0320356 0.0174809 43.4341 11 617 1002 0 1
0.321776 0.0420093 760 -0.0593067 -0.0150042 4.63496 77.9427 -13 619 0 0 1
0.234437 -0.425815 760 -0.0958453 -0.057728 5.1003 54.4647 -13 621 0 0 1
-0.375155 -0.0936038 760 -0.0317186 0.0546491 9.38612 46.5772 -13 627 0 0 1
1.58448 0.102813 760 0.0620812 -0.0772976 2.00599 113.138 -13 628 0 0 1
0.0301584 -0.0707573 760 0.00502535 0.0268707 10.4353 32.3389 -13 629 0 0 1
-0.0279557 0.212134 760 0.0627447 0.0156734 11.7007 50.8612 -13 630 0 0 1
-0.0198974 -0.288806 760 -0.0252763 -0.00596643 8.82813 58.3497 -13 631 0 0 1
-0.474372 0.497495 760 0.0875509 0.0656328 13.6942 38.5326 -13 644 0 0 1
0.0790489 -0.0794216 760 -0.0109726 -0.0160433 9.7112 30.3217 -13 645 0 0 1
0.0355085 -0.361515 760 -0.0824344 -0.0472202 5.92622 72.0922 -13 647 0 0 1
0.710863 -0.193511 760 -0.070099 0.00173622 3.81678 78.5122 -13 648 0 0 1
0.348928 -0.265703 760 -0.0227011 -0.0443394 10.0418 40.0892 -13 651 0 0 1
-0.169975 -0.20551 760 0.0244063 0.0475995 12.2558 34.698 -13 654 0 0 1
0.130048 -0.625543 760 -0.152602 -0.021673 4.76671 70.2867 -13 658 0 0 1
0.0559386 0.35152 760 0.0710821 0.0406179 11.6697 45.837 -13 660 0 0 1
0.0782349 -0.244394 760 -0.0545363 -0.000239479 10.6229 41.6925 -13 661 0 0 1
0.390147 -0.180122 760 -0.0596088 -0.0310929 12.1224 33.9918 -13 662 0 0 1
0.139874 -0.0917734 760 -0.0404552 -0.0301597 9.51982 57.7765 -13 663 0 0 1
0.0375192 0.112856 760 0.03298 -0.0711179 11.3276 26.1048 -13 665 0 0 1
-0.0573339 0.115246 760 -0.0201947 0.00797421 11.7568 37.8964 -13 666 0 0 1
0.161383 -0.133964 760 -0.00369285 -0.0200254 13.0835 33.7931 -13 667 0 0 1
-0.0977887 -0.0854554 760 -0.000541604 0.000825366 6.58561 51.1076 -13 668 0 0 1
-0.212033 0.0423618 760 -0.0251928 -0.0491199 9.53498 46.2748 -13 669 0 0 1
0.34539 0.0844612 760 0.00494275 -0.0194904 13.1349 40.6059 -13 671 0 0 1
-0.303162 0.136216 760 0.00559888 -0.0359608 7.13485 45.7713 -13 675 0 0 1
-0.193606 -0.512915 760 -0.00819646 0.130493 11.82 29.9212 -13 677 0 0 1
-0.155125 0.311081 760 0.06677 -0.0346194 7.9825 41.2219 -13 685 0 0 1
-0.0484287 -0.0894981 760 -0.0136174 0.0246212 11.6416 50.602 -13 686 0 0 1
0.0812234 -0.176182 760 0.0354888 0.00695064 8.9878 36.738 -13 687 0 0 1
0.134238 -0.0798205 760 -0.0302649 -0.0107667 12.8362 44.3112 -13 688 0 0 1
0.118533 0.529748 760 0.099912 -0.0290378 9.85163 50.115 -13 689 0 0 1
-0.316826 -0.553258 760 -0.11005 0.0581046 5.08927 71.3651 -13 690 0 0 1
-0.551866 0.329907 760 0.117135 0.0962301 7.40318 38.1456 -13 692 0 0 1
0.322839 0.0190772 760 0.016194 -0.0380196 12.765 42.3151 -13 693 0 0 1
0.144409 0.571503 760 0.0334655 0.0708422 3.447 81.1906 -13 694 0 0 1
-0.346185 -0.355776 760 -0.0553656 -0.000689498 7.29745 47.8884 -13 695 0 0 1
-0.258457 -0.258873 760 -0.0959081 0.055983 8.72391 38.9685 -13 698 0 0 1
-0.714913 0.0517951 760 0.0699983 0.0940546 8.71708 41.4244 -13 700 0 0 1
-0.118929 1.54257 760 0.0403452 -0.00882649 0.0274273 42.8233 11 700 1002 0 1
-0.247794 -0.0248232 760 -0.0945763 0.00119232 8.92301 32.3604 -13 701 0 0 1
1.96806 -0.55742 760 0.0122321 -0.0120321 0.0746885 28.8745 11 701 1002 0 1
-0.0480383 -0.0962242 760 0.00525678 -0.00381715 12.0669 44.9102 -13 703 0 0 1
0.0149415 -0.310618 760 -0.0357669 -0.00283481 7.92242 53.9993 -13 710 0 0 1
-0.132086 -0.0438007 760 0.00614274 0.0143081 11.6029 43.2929 -13 712 0 0 1
-0.00220007 0.454024 760 0.00755659 0.0592067 6.32893 64.2038 -13 713 0 0 1
0.407279 0.179182 760 0.0371017 -0.0160421 14.0398 40.744 -13 714 0 0 1
-0.183038 0.0363319 760 -0.0385604 0.0376111 10.586 41.0683 -13 717 0 0 1
-0.0955518 0.0538201 760 0.0252344 0.0386035 8.50952 35.2473 -13 723 0 0 1
-0.052111 0.219321 760 0.0713238 -0.0109473 9.57916 40.1558 -13 725 0 0 1
0.169069 0.309036 760 0.105731 -0.0716306 13.5899 35.65 -13 726 0 0 1
-0.154306 0.175515 760 0.0219937 0.0391101 14.1358 24.3935 -13 727 0 0 1
0.161432 -0.0539465 760 -0.00345313 -0.0261381 10.9616 27.9264 -13 731 0 0 1
-1.37931 0.19776 760 -0.0450296 -0.157903 0.420486 594.803 -13 732 0 0 1
0.211079 -0.276851 760 0.000558071 -0.032083 4.4505 69.5994 -13 733 0 0 1
-0.000302629 -0.176319 760 0.035974 -0.000587392 5.64394 70.4626 -13 944 0 0 1
0.182416 -1.15038 760 -0.09737 -0.0441216 3.4582 96.2996 -13 945 0 0 1
-0.189634 -0.0641181 760 -0.00751221 0.0168343 14.2986 32.2203 -13 946 0 0 1
0.0277443 -0.0722836 760 -0.0131711 -0.0300885 10.4736 31.3317 -13 947 0 0 1
0.615566 -0.169093 760 0.0103687 -0.122758 7.68257 40.38 -13 948 0 0 1
-0.106477 -0.152018 760 -0.0254214 0.0178638 12.4748 43.0795 -13 949 0 0 1
0.432168 0.282957 760 0.139478 0.100691 2.41239 86.9703 -13 950 0 0 1
-0.409956 0.0329387 760 0.0741125 0.0876094 5.14701 57.9467 -13 951 0 0 1
-0.833288 -0.982869 760 -0.0929721 0.123112 3.77511 91.8508 -13 952 0 0 1
-0.0257088 -0.0898891 760 -0.00250308 -0.00305909 9.83986 34.6467 -13 953 0 0 1
0.484722 0.120359 760 0.0302996 -0.191828 6.67607 60.108 -13 954 0 0 1
0.115974 0.506905 760 0.0546449 -0.0557293 7.33459 53.9472 -13 955 0 0 1
0.359117 0.0211836 760 -0.0470523 -0.07036 6.79964 46.8738 -13 956 0 0 1
-0.0520362 -0.132549 760 -0.0174105 0.0142902 14.0541 38.5315 -13 957 0 0 1
0.505224 -0.0485701 760 -0.0328793 -0.0878232 11.8391 37.4689 -13 958 0 0 1
-0.135395 0.0429856 760 -0.0258796 0.0135806 10.3862 46.925 -13 959 0 0 1
0.0815136 -0.0921349 760 0.0276789 -0.0397337 14.4362 28.6384 -13 960 0 0 1
-0.146023 0.251989 760 0.0339272 0.0135539 11.8005 42.3034 -13 962 0 0 1
-0.472136 -0.118341 760 -0.0554119 0.0451681 9.37217 37.1531 -13 966 0 0 1
0.0446097 0.287187 760 -0.0229888 -0.0489645 1.09882 120.273 -13 968 0 0 1
-0.108054 0.104104 760 -0.0117603 0.037798 13.2425 34.8025 -13 971 0 0 1
0.156473 0.115422 760 -0.000936213 -0.0546189 8.25193 50.3255 -13 19 0 0 1
0.526475 0.123414 760 -0.0144695 0.0200927 0.695993 586.354 -13 20 0 0 1
0.368968 -0.0750245 760 -0.0170695 -0.0275632 8.87578 45.9396 -13 26 0 0 1
-0.00767589 -0.323323 760 -0.0370324 -0.0510832 10.3739 54.2952 -13 37 0 0 1
-0.180057 -0.115585 760 -0.0523822 0.0211909 9.75608 55.1969 -13 57 0 0 1
0.146123 0.185328 760 0.0239413 -0.0905256 7.02983 55.3879 -13 59 0 0 1
-0.00407011 0.172588 760 0.00647362 -0.00780041 14.0093 47.7558 -13 63 0 0 1
0.0563247 -0.108085 760 -0.0442665 -0.013171 7.33523 49.928 -13 66 0 0 1
-0.144989 -0.13214 760 -0.0249181 0.022029 10.6307 45.1149 -13 68 0 0 1
0.0217983 -0.25252 760 -0.0663497 -0.0290115 11.1572 29.6262 -13 70 0 0 1
-0.149383 0.215713 760 0.0308932 0.0283002 10.3364 27.8264 -13 72 0 0 1
-0.107611 -0.308691 760 -0.0932442 -0.0056584 5.97684 66.0182 -13 73 0 0 1
0.151447 -0.17296 760 -0.0535089 -0.0300036 13.5201 33.8099 -13 78 0 0 1
-0.163012 0.413845 760 0.099366 -0.0323148 6.20616 56.0031 -13 84 0 0 1
-0.00280479 -0.0528802 760 -0.0353413 0.0295075 12.8583 36.3927 -13 97 0 0 1
-0.125705 0.175741 760 0.0474136 0.01733 9.56096 36.5144 -13 98 0 0 1
0.0470669 0.928361 760 0.0411327 0.0303877 4.70287 72.0501 -13 101 0 0 1
-0.185775 0.193008 760 0.0380183 0.0870766 9.93239 50.6823 -13 103 0 0 1
-0.0139168 0.248436 760 0.0622265 0.049895 10.3039 54.5019 -13 106 0 0 1
-0.265199 -0.037853 760 -0.0496478 0.0184309 7.23619 49.642 -13 108 0 0 1
6.44531 2.57835 760 -0.0287246 0.00148846 0.0317933 49.255 11 108 1005 0 1
-0.0638454 -0.0209498 760 -0.0171409 0.0313587 13.5622 20.9292 -13 109 0 0 1
0.501235 0.0630707 760 -0.0497748 -0.13805 5.75941 51.3449 -13 118 0 0 1
0.460388 0.584559 760 -0.00216727 -0.00543446 0.00778863 51.8313 11 118 1002 0 1
0.481156 0.872019 760 0.191 -0.110918 7.47866 50.1044 -13 120 0 0 1
-0.172045 -0.0885679 760 -0.0439904 0.0229361 13.4894 30.0155 -13 128 0 0 1
0.00438728 0.174525 760 0.0529149 0.0202169 13.492 33.0808 -13 129 0 0 1
0.000400582 0.534608 760 0.0415398 -0.0493475 10.4217 48.4059 -13 130 0 0 1
0.112105 0.162875 760 -0.0221432 -0.0034997 9.15655 37.939 -13 131 0 0 1
-0.181096 -0.0875809 760 -0.0483768 0.00724365 12.9719 33.0505 -13 136 0 0 1
0.707466 -0.0780053 760 -0.200942 -0.0720409 13.8169 21.045 -13 141 0 0 1
-0.233133 0.177586 760 0.0767243 -0.00735594 13.7427 31.703 -13 142 0 0 1
0.167208 -0.212507 760 -0.0682295 -0.0580457 10.9851 30.4772 -13 143 0 0 1
0.393375 -0.244054 760 -0.0675527 -0.117837 9.82094 53.0299 -13 145 0 0 1
0.106079 0.0774212 760 0.00445604 0.0252961 13.8411 40.4503 -13 150 0 0 1
0.107201 -0.111838 760 -0.0870852 -0.0069138 9.44692 46.0258 -13 154 0 0 1
-0.105958 -0.0409166 760 -0.0408684 0.0510771 13.225 30.0153 -13 157 0 0 1
-0.504632 -0.11984 760 0.00760042 0.0701604 9.73796 43.1966 -13 162 0 0 1
-2.25929 0.433693 760 -0.0173145 -0.0427855 0.0199071 45.3901 11 162 1001 0 1
-0.0501747 0.0912411 760 -0.0134308 0.0199071 9.74488 30.9837 -13 163 0 0 1
-0.0358706 -0.319024 760 0.00302521 0.0688485 5.54521 59.5079 -13 178 0 0 1
0.0355176 -0.0848918 760 -0.0244633 0.021608 12.0787 28.4615 -13 192 0 0 1
0.159629 -0.356112 760 -0.0475392 -0.0285264 14.4543 39.8195 -13 203 0 0 1
0.026669 -0.0646191 760 -0.0901367 0.0404762 7.11865 48.9621 -13 205 0 0 1
-nan -nan -nan -nan -nan -nan -nan -13 206 0 0 1
-0.0947491 -0.164896 760 -0.00892704 -0.0054788 13.705 33.0042 -13 209 0 0 1
-0.108616 -0.15357 760 -0.00149824 -0.00204736 12.0858 37.3573 -13 347 0 0 1
-0.616326 -0.100836 760 -0.0969175 0.145811 7.07021 52.2434 -13 349 0 0 1
0.203946 -0.341283 760 -0.0962532 -0.0632144 7.75662 58.1359 -13 350 0 0 1
-2.21104 2.42387 760 0.475063 0.252587 2.74068 99.9804 -13 355 0 0 1
-0.0737308 -0.157643 760 -0.00453288 -0.0328255 9.74039 55.836 -13 356 0 0 1
-0.215462 -0.171839 760 -0.0300324 0.017835 10.6603 53.0055 -13 357 0 0 1
-0.0505297 0.119951 760 0.0522047 0.0924838 11.775 29.5298 -13 359 0 0 1
0.416998 0.11895 760 0.0181404 -0.0451694 13.4861 41.997 -13 360 0 0 1
-4.70593 -3.51783 760 -0.00229063 0.00250647 0.0336288 45.7552 11 360 1001 0 1
0.183626 -0.0758986 760 -0.106015 0.019161 3.60637 74.7955 -13 361 0 0 1
-0.0428423 0.0670155 760 -0.00707248 0.0914795 11.8022 28.0021 -13 365 0 0 1
0.469428 0.581689 760 0.0544914 -0.125893 7.86137 35.4292 -13 366 0 0 1
-0.119883 0.195 760 0.0605903 0.0336306 11.6954 48.0689 -13 367 0 0 1
0.11996 0.25695 760 0.012658 -0.0358549 14.4903 36.7944 -13 371 0 0 1
-0.0575321 0.372471 760 0.0837789 0.0746661 10.6675 30.9324 -13 380 0 0 1
-2.13786 11.7849 760 0.0185479 0.0135401 0.0400579 34.0144 11 380 1002 0 1
-0.274505 -0.205301 760 -0.029482 0.0839312 7.78137 47.4374 -13 381 0 0 1
-0.0824278 0.0163414 760 -0.00882361 0.0213918 14.4264 37.0283 -13 387 0 0 1
-0.168685 -0.0223388 760 -0.0709343 0.067766 9.3083 52.9167 -13 388 0 0 1
2.94463 2.06933 760 0.0210725 0.0189667 0.0451257 53.2211 11 388 1001 0 1
0.285503 0.0134342 760 0.0368199 -0.0534176 13.4884 39.0908 -13 389 0 0 1
-0.0760524 0.348152 760 0.0793581 0.201691 3.55348 71.0155 -13 393 0 0 1
-0.0425396 -0.0608863 760 0.00515929 -0.0299701 3.48999 79.9038 -13 394 0 0 1
0.608451 0.590146 760 0.0311264 -0.102255 13.2984 28.1513 -13 398 0 0 1
-0.20911 -0.111364 760 -0.0285293 -0.0109047 12.6465 25.2682 -13 399 0 0 1
0.24387 0.163893 760 0.0511885 -0.0320525 11.6408 35.0752 -13 400 0 0 1
0.27544 0.0501246 760 -0.0138162 -0.0561253 11.1453 37.8919 -13 401 0 0 1
0.515716 0.135105 760 0.0462751 -0.0682777 7.26109 38.7118 -13 402 0 0 1
-0.0768244 0.0570701 760 0.0114371 0.0336013 14.3866 27.7116 -13 404 0 0 1
-0.13102 -0.470201 760 -0.118581 -0.0826422 4.56833 81.1268 -13 407 0 0 1
0.264863 -0.194258 760 -0.0993345 -0.0379878 10.9086 46.6844 -13 408 0 0 1
-0.234329 -0.165254 760 -0.0447722 0.0676056 7.09796 48.1994 -13 410 0 0 1
0.0398938 -0.558909 760 -0.0978025 -0.0826538 6.77344 44.7699 -13 411 0 0 1
0.569755 0.0878402 760 0.103942 -0.084702 7.18713 42.1666 -13 412 0 0 1
-8.31737 6.62191 760 0.0284832 -0.00832184 0.0353962 40.1662 11 412 1002 0 1
0.285593 -0.357715 760 -0.0415992 -0.106573 5.72063 47.911 -13 413 0 0 1
-0.114875 0.547781 760 0.0129145 -0.00420797 6.44741 47.3574 -13 417 0 0 1
0.339955 -0.138434 760 -0.00208885 -0.0541366 13.2017 25.7528 -13 421 0 0 1
0.34108 -0.07998 760 0.0466948 -0.0148547 4.88547 82.526 -13 425 0 0 1
0.109727 -0.245878 760 -0.0412727 -0.0360823 4.76221 78.9288 -13 426 0 0 1
0.598548 0.113296 760 0.0329709 -0.0735797 9.91755 37.9223 -13 430 0 0 1
0.158817 0.0491526 760 0.0210547 0.00952015 11.931 51.5816 -13 439 0 0 1
-0.24613 -0.646683 760 -0.0384424 0.0756608 3.91738 67.357 -13 442 0 0 1
-0.118138 0.103799 760 0.0666693 0.105032 7.55957 61.3531 -13 443 0 0 1
-0.0506887 -0.0835036 760 0.0332455 0.0676429 7.97533 59.8247 -13 445 0 0 1
0.0640973 0.147486 760 0.0481844 0.00246957 13.3884 47.3493 -13 446 0 0 1
-0.118064 0.410099 760 0.0520389 0.0508184 11.5426 35.8528 -13 447 0 0 1
-0.328257 0.784649 760 0.0596503 0.113547 9.80557 31.4616 -13 448 0 0 1
0.171816 0.29936 760 0.0224341 -0.0427809 8.14662 38.0416 -13 449 0 0 1
-0.153292 0.0599005 760 0.00105838 -0.0256476 12.3623 51.5169 -13 450 0 0 1
-0.0870233 0.320941 760 0.0719626 0.0081863 11.8854 49.6459 -13 452 0 0 1
0.144343 -0.150017 760 -0.0620866 -0.0624308 12.92 49.1327 -13 453 0 0 1
2.12571 0.177392 760 0.00356101 -0.0506334 0.0375872 50.2224 11 453 1001 0 1
0.188844 0.129513 760 0.0534049 -0.00629786 9.50618 38.0031 -13 454 0 0 1
-0.0598794 0.0323336 760 0.00150611 0.0221895 14.071 22.9509 -13 467 0 0 1
0.266792 -0.788706 760 -0.0957231 -0.0475896 4.59649 73.8932 -13 469 0 0 1
-0.458231 0.642767 760 0.100429 0.0133144 6.33454 44.8662 -13 470 0 0 1
-0.376658 -0.183014 760 -0.0196478 0.101879 10.0309 47.6735 -13 472 0 0 1
-0.158792 -0.545708 760 -0.0511495 0.0535343 8.22141 48.4238 -13 474 0 0 1
0.0551179 -0.188753 760 -0.0196321 -0.00504229 11.7821 33.7254 -13 475 0 0 1
-0.743566 -0.326983 760 -0.128273 0.117839 7.80084 35.9322 -13 476 0 0 1
-0.0733859 0.195026 760 -0.036518 0.0256039 9.49987 45.0112 -13 477 0 0 1
-0.10262 0.227796 760 0.0409024 0.00694224 9.69013 31.1961 -13 478 0 0 1
0.300609 -0.343049 760 -0.00837811 -0.0459407 10.6591 42.9232 -13 480 0 0 1
0.698135 -3.99907 760 -0.0015063 0.00884999 0.0525101 43.416 11 480 1002 0 1
0.0682915 0.1265 760 0.024434 -0.0394619 13.9275 24.128 -13 492 0 0 1
0.0581759 -0.258874 760 -0.0641129 -0.0182795 10.8794 35.5261 -13 501 0 0 1
0.119917 -0.224332 760 -0.0410983 -0.00450916 14.4289 24.4766 -13 502 0 0 1
-0.0996701 -0.101494 760 0.00707259 0.00380305 11.1772 41.566 -13 504 0 0 1
0.688955 -0.343126 760 -0.00705982 -0.0444657 3.20152 91.8421 -13 505 0 0 1
-0.134973 0.100371 760 0.0390878 -0.00820211 8.66148 39.4858 -13 506 0 0 1
0.543028 -0.34128 760 -0.113427 -0.00914334 8.12547 53.833 -13 509 0 0 1
0.339156 0.0716336 760 -0.0277925 -0.02239 0.0217998 53.9384 11 509 1002 0 1
0.476057 0.677565 760 0.0711886 0.00803033 10.5251 36.0542 -13 510 0 0 1
-0.138108 -0.17844 760 -0.0583845 0.0152526 10.4439 29.4296 -13 511 0 0 1
-0.0867463 -0.185459 760 -0.0552278 0.0367489 12.8702 39.4222 -13 512 0 0 1
0.0125128 -0.0286269 760 -0.0015727 0.0194411 13.3358 21.5189 -13 513 0 0 1
0.317387 0.218306 760 0.0467449 -0.0532607 10.2091 50.6258 -13 515 0 0 1
-0.415018 -0.0222651 760 0.020088 0.0797486 3.57839 78.0531 -13 516 0 0 1
-0.18208 0.138933 760 0.0331271 0.0727544 11.656 42.4188 -13 519 0 0 1
0.345529 -0.697283 760 -0.0672051 -0.02687 11.618 40.8921 -13 520 0 0 1
-nan -nan -nan -nan -nan -nan -nan -13 521 0 0 1
-0.314911 0.108011 760 -0.0778754 0.0990544 13.5391 36.4641 -13 523 0 0 1
-0.128977 0.123457 760 0.0252511 0.0282661 14.1669 35.0182 -13 759 0 0 1
-0.205798 0.0853886 760 0.0635002 0.0165023 11.1356 50.7832 -13 763 0 0 1
-0.366284 -0.19337 760 -0.0254142 0.0879447 9.84234 38.7138 -13 764 0 0 1
-0.110999 -0.347549 760 0.0157004 0.00218575 5.81487 53.3911 -13 765 0 0 1
-0.290065 0.00564025 760 0.00131002 0.0552309 8.57831 36.9266 -13 766 0 0 1
0.197202 -0.154742 760 -0.0191067 -0.0337789 12.8634 42.3191 -13 768 0 0 1
-0.599496 -0.0512133 760 0.0626162 0.0734565 6.91417 43.5506 -13 769 0 0 1
0.129518 0.0518184 760 -0.0297878 -0.0598038 13.6262 27.0842 -13 770 0 0 1
0.0547587 0.108678 760 0.0243079 -0.0409581 14.3232 21.6446 -13 772 0 0 1
-0.145711 -0.0563046 760 0.0698216 -0.0401631 3.55518 73.5617 -13 775 0 0 1
-1.63307 0.144436 760 -0.031741 0.0217509 -0.165257 754.185 11 775 1001 0 1
-0.0189191 0.129264 760 0.0419775 -0.0169145 10.6709 38.1865 -13 777 0 0 1
-0.0528443 -0.101684 760 0.0318294 -0.0393843 10.8048 41.4562 -13 810 0 0 1
-0.317239 0.0249891 760 0.0508417 0.0248857 5.42737 51.2305 -13 811 0 0 1
-0.133057 0.400432 760 0.0965006 -0.0296631 6.44399 43.7195 -13 812 0 0 1
0.117839 -0.660319 760 -0.11253 -0.0195538 13.2148 31.7646 -13 813 0 0 1
0.455339 0.179583 760 0.0300583 -0.0982222 5.91007 49.7841 -13 816 0 0 1
0.344878 -0.459947 760 -0.0814696 -0.0570844 5.20111 75.2385 -13 817 0 0 1
0.107225 0.0534809 760 -0.00598461 0.0141656 14.4455 45.2085 -13 825 0 0 1
-0.277776 0.120517 760 -0.0206186 0.0394899 8.99103 59.6795 -13 833 0 0 1
0.212189 0.315282 760 0.0325439 -0.0611692 5.23036 74.5902 -13 834 0 0 1
-0.0290267 0.22167 760 0.0196586 -0.0446398 11.8371 44.9642 -13 836 0 0 1
0.0742378 0.185235 760 0.00623161 -0.0283544 11.1236 46.31 -13 839 0 0 1
-nan -nan -nan -nan -nan -nan -nan -13 841 0 0 1
0.000510108 -0.219209 760 -0.0617429 -0.0669898 6.05915 70.5679 -13 842 0 0 1
-0.0480483 -0.253753 760 0.0159086 0.00930127 0.0295583 70.6644 11 842 1004 0 1
-0.183233 0.189756 760 0.0406891 0.0110127 11.8563 46.0685 -13 963 0 0 1
0.357498 -0.236156 760 -0.0480394 -0.0293822 10.3587 52.9497 -13 964 0 0 1
-1.49909 -3.62668 760 0.010057 0.00197068 0.0859079 48.6198 11 964 1006 0 1
-0.135997 0.0897231 760 -0.0194705 0.00370017 11.3175 39.881 -13 965 0 0 1
-0.0452503 -0.214716 760 0.0141036 -0.0115519 8.85801 43.4226 -13 969 0 0 1
-nan -nan -nan -nan -nan -nan -nan -13 970 0 0 1
0.240345 0.173001 760 0.0603202 -0.00727355 14.4413 34.3727 -13 972 0 0 1
