#BLTrackFile NTuple/Z80
#x y z Px Py Pz t PDGid EventID TrackID ParentID Weight
#mm mm mm MeV/c MeV/c MeV/c ns - - - - -
-0.0403474 0.0228776 80 -0.0201274 0.0148324 11.5304 21.6233 -13 1 0 0 1
-0.000613331 0.0572509 80 0.0132489 0.0108733 9.96888 5.46232 -13 3 0 0 1
0.0302131 0.0147698 80 0.0130088 -0.000380964 13.6567 25.6144 -13 9 0 0 1
-0.0485171 0.0225185 80 -0.00281338 0.0125257 8.48236 6.38258 -13 16 0 0 1
0.0132666 0.00493554 80 0.0088771 -0.000833634 13.7035 23.8572 -13 34 0 0 1
-0.019575 -0.189161 80 -0.0242305 -0.0269192 8.62372 27.833 -13 36 0 0 1
-0.00695117 0.0109749 80 -0.00110559 0.000793339 9.53955 13.5726 -13 39 0 0 1
0.0751562 0.0179948 80 0.01738 -0.00311964 14.4282 14.1163 -13 43 0 0 1
0.0261898 0.079823 80 0.0181417 0.00646409 11.3157 21.6949 -13 44 0 0 1
-0.186702 -0.251642 80 -0.0335542 0.00852025 6.80547 14.804 -13 48 0 0 1
0.00135158 -0.0144143 80 0.000105528 0.00186751 10.7569 17.7156 -13 74 0 0 1
0.0238759 -0.0110127 80 0.00652103 -0.00551177 10.3289 30.9432 -13 80 0 0 1
0.0432336 0.0449731 80 0.00601891 -0.00323503 7.99161 16.9199 -13 86 0 0 1
0.0931539 -0.0892647 80 0.0159612 -0.0535975 9.99756 14.0821 -13 89 0 0 1
0.1725 -0.120676 80 -0.0125523 -0.0347097 5.91643 14.0587 -13 94 0 0 1
0.122604 -0.091692 80 0.020649 -0.0105035 5.61999 8.52289 -13 110 0 0 1
-0.0576228 0.0526473 80 -0.00126594 -0.0183516 5.23108 28.3938 -13 123 0 0 1
0.0415765 0.00988537 80 0.012328 -0.0037262 11.7431 27.8453 -13 126 0 0 1
-0.0104108 -0.0322144 80 0.00404993 0.00213563 7.31316 8.54558 -13 137 0 0 1
0.0288395 0.00870453 80 0.0360364 -0.00967996 14.1522 27.4618 -13 140 0 0 1
-0.0837237 -0.0292792 80 -0.0248458 0.000463534 8.15327 7.40146 -13 151 0 0 1
0.0378834 0.101881 80 0.0257568 0.0283728 14.1418 26.6337 -13 152 0 0 1
0.1544 0.0373631 80 0.0238438 -0.0223215 7.57484 12.9256 -13 160 0 0 1
-0.032341 -0.00640634 80 -0.0071536 0.00123636 10.6876 5.65889 -13 175 0 0 1
-0.0239087 -0.12763 80 -0.0224054 0.00163966 7.20838 27.9163 -13 180 0 0 1
0.0590733 0.00197899 80 0.00897351 -0.00706468 8.82599 30.1607 -13 181 0 0 1
0.0695841 -0.0916162 80 -0.00414366 -0.0280756 12.3015 7.46525 -13 184 0 0 1
-0.00737696 -0.00249096 80 -0.0048795 0.00364525 11.891 31.96 -13 186 0 0 1
-0.554624 -0.163467 80 -0.0500038 0.0682421 4.94732 10.1687 -13 187 0 0 1
0.0183166 -0.0457536 80 -0.00688217 -0.00675718 8.66558 20.3726 -13 188 0 0 1
-0.0453729 0.064168 80 0.0285126 0.0364301 2.72586 30.5097 -13 200 0 0 1
0.0429365 0.0207132 80 0.0225661 -0.0166079 6.71503 19.9217 -13 211 0 0 1
-0.0193146 -0.0165648 80 -0.0154235 -0.00550475 13.8032 28.8766 -13 348 0 0 1
0.00721746 0.026911 80 -0.00345003 0.00131481 4.73983 14.5828 -13 351 0 0 1
-0.105804 0.643381 80 0.0973865 0.0174863 4.42433 18.7819 -13 352 0 0 1
0.0250991 -0.0170902 80 0.000396835 -0.0038899 10.968 20.5377 -13 358 0 0 1
-0.118203 -0.136705 80 -0.0318652 0.0124056 8.78285 4.64888 -13 362 0 0 1
0.0564611 -0.0237068 80 0.00646678 -0.00586304 12.227 31.2334 -13 363 0 0 1
0.00877807 0.00289594 80 0.00489771 0.00722326 14.4662 7.18872 -13 364 0 0 1
0.138624 0.166187 80 0.0497194 -0.0363592 6.55915 8.75991 -13 370 0 0 1
-0.0499565 -0.073972 80 0.000717409 -0.00552537 2.93318 37.9868 -13 372 0 0 1
-0.0140437 -0.0111258 80 -0.0067129 0.00840735 13.3777 24.5274 -13 375 0 0 1
-0.0508424 -0.355892 80 -0.0597341 -0.132533 13.42 15.1492 -13 382 0 0 1
0.00767711 -0.000866571 80 -0.00464544 0.00215752 14.1267 16.9695 -13 384 0 0 1
-0.159505 0.0437012 80 0.029998 0.0140775 0.729551 143.557 -13 385 0 0 1
0.00758261 0.0100828 80 0.00478927 0.011539 14.4674 11.6236 -13 386 0 0 1
0.00379119 0.0272462 80 0.0117558 0.00501241 10.3413 12.4945 -13 390 0 0 1
0.0540396 -0.0890413 80 -0.0147135 -0.0210111 8.73541 32.0177 -13 391 0 0 1
0.0323782 -0.0307429 80 0.00422922 -0.0151763 8.2105 31.3053 -13 392 0 0 1
-0.0167286 -0.0227277 80 -0.0155985 0.010003 14.1144 11.4372 -13 395 0 0 1
0.165929 -0.171093 80 0.00385796 -0.0542913 7.14885 20.67 -13 396 0 0 1
-0.0159499 0.00272988 80 -0.00436381 0.003392 14.5365 9.87737 -13 397 0 0 1
0.0905138 0.00660959 80 -0.00297295 -0.0142175 5.81065 25.413 -13 403 0 0 1
-0.0279981 -0.0128586 80 -0.00309335 0.00246051 12.8644 19.912 -13 405 0 0 1
0.0162292 0.0639046 80 0.0324723 -0.0032555 7.14161 19.713 -13 406 0 0 1
-0.0645244 0.126516 80 -0.0159389 0.0159239 0.0611723 19.6412 11 406 1007 0 1
1.47693 0.927332 80 0.0567494 -0.00612987 -0.014161 34.0474 11 406 1007 0 1
-0.265204 0.725877 80 0.0505174 -0.0299454 0.00467546 36.4868 11 406 1007 0 1
-1.99481 5.35661 80 0.0349459 -0.00777751 -0.0187051 48.3615 11 406 1007 0 1
-0.0119435 0.0229719 80 0.00788846 0.00547176 12.2198 6.38112 -13 409 0 0 1
0.0456908 0.0129428 80 0.00924292 0.00785202 8.33749 11.1253 -13 415 0 0 1
-0.0443922 -0.231195 80 -0.0570928 -0.000310046 2.39097 31.6654 -13 423 0 0 1
0.0115448 -0.000683178 80 0.00289249 -0.00232244 10.8347 28.8787 -13 427 0 0 1
0.0129149 0.00835726 80 0.0284899 -0.00684106 14.0195 6.36759 -13 456 0 0 1
-0.0132414 -0.00837671 80 0.00571634 -0.000320675 9.47417 5.16351 -13 457 0 0 1
0.00209878 -0.0217767 80 -0.0117707 -0.0129545 11.6375 29.6517 -13 458 0 0 1
0.0301904 0.0050514 80 0.0138495 0.00899368 13.4721 28.5661 -13 461 0 0 1
-0.0733278 -0.00712108 80 -0.00795455 0.00974704 7.74519 16.4537 -13 463 0 0 1
0.0476079 0.0080061 80 0.0100038 -0.00584496 9.95137 8.99881 -13 465 0 0 1
-0.00431182 -0.00754231 80 -0.00533815 0.0017488 7.45134 6.14016 -13 466 0 0 1
0.00462698 -0.054693 80 0.00234038 -0.00352773 8.86508 14.2563 -13 468 0 0 1
-0.0899771 0.0135348 80 -0.00760042 0.00683757 5.53362 8.6625 -13 479 0 0 1
0.107359 0.0723395 80 0.0190839 -0.0173065 9.03222 18.182 -13 481 0 0 1
0.129306 -0.0359424 80 0.0384072 -0.0172717 6.63421 34.0332 -13 482 0 0 1
0.000748888 0.0039656 80 -0.00361643 0.00100978 14.0615 31.6764 -13 483 0 0 1
-0.0990317 -0.00412458 80 -0.0212037 0.020854 7.54469 18.5119 -13 484 0 0 1
0.00778613 -0.0172972 80 -2.03481e-06 -0.00759876 11.3864 6.69016 -13 485 0 0 1
0.0383516 0.0177371 80 -0.00123838 -0.00351873 7.37894 12.2569 -13 486 0 0 1
0.0661626 0.013929 80 0.015458 -0.0109175 13.0336 20.8796 -13 487 0 0 1
-0.211549 0.0296629 80 0.0121727 0.0191891 5.50197 26.4526 -13 488 0 0 1
-0.0223501 0.0139167 80 -0.00322833 0.00436308 13.8996 7.38851 -13 489 0 0 1
-0.100712 -0.0435122 80 -0.00574304 0.0494815 4.13901 11.7529 -13 490 0 0 1
-0.0238663 -0.117444 80 -0.0226953 -0.00881751 7.62818 29.1774 -13 491 0 0 1
-0.0199088 -0.0161797 80 -0.00143437 -0.00204994 12.4452 27.6585 -13 493 0 0 1
-0.139747 0.0147334 80 -0.0216143 0.0276944 12.9737 26.2769 -13 494 0 0 1
-0.00500672 -0.0244166 80 -0.000354253 -0.00343123 14.4564 3.88943 -13 495 0 0 1
0.0861159 0.0216447 80 0.0184017 -0.00803304 10.7452 10.2798 -13 496 0 0 1
-0.155145 0.0312187 80 -0.0306361 0.0422312 14.0673 3.62849 -13 497 0 0 1
-0.0167065 0.0185588 80 -0.0170442 0.00694966 10.2741 9.17287 -13 503 0 0 1
-0.019254 0.041477 80 0.00350843 0.0193729 12.4755 14.6677 -13 507 0 0 1
-0.00435547 0.0168728 80 0.00360093 0.000820292 11.4492 28.5797 -13 508 0 0 1
0.0104139 0.0157033 80 0.00747154 0.00923409 8.25522 7.10689 -13 517 0 0 1
0.00641456 -0.0216224 80 -0.0023706 -0.00541628 12.3902 7.95618 -13 518 0 0 1
-0.0102461 -0.0202089 80 -0.00629894 0.0024188 12.9626 14.2266 -13 522 0 0 1
-0.147909 0.0429698 80 -0.03337 0.0329555 4.09955 33.1871 -13 524 0 0 1
0.00173627 -0.0116079 80 -0.000711607 0.0052223 11.7233 22.7032 -13 526 0 0 1
-0.0157708 0.0106415 80 0.00176488 0.00570732 12.5046 18.8885 -13 528 0 0 1
-0.00792142 -0.0235354 80 -0.00340923 0.000620388 11.2928 25.9457 -13 529 0 0 1
-0.00823385 0.0621928 80 0.00419908 0.0261675 9.09909 26.7096 -13 533 0 0 1
0.0167764 0.0101678 80 0.00387067 0.00558864 13.0593 11.8697 -13 536 0 0 1
0.00133276 0.0965083 80 0.00567386 0.0253706 8.58175 16.5591 -13 543 0 0 1
-0.124622 0.0188581 80 -0.0208168 0.0202429 13.7438 30.4727 -13 544 0 0 1
0.0442318 -0.00458334 80 0.00909855 -0.0142482 9.8955 22.497 -13 548 0 0 1
-0.0362115 0.0521535 80 0.00696432 0.0149533 9.6558 29.0901 -13 549 0 0 1
-0.0636896 0.191885 80 0.0220778 0.0274763 11.3229 13.0995 -13 552 0 0 1
-0.027466 -0.0171039 80 -0.0110786 0.00961123 7.95629 15.8205 -13 553 0 0 1
-0.00961159 0.0253077 80 0.00396818 -0.00572717 8.01751 31.4595 -13 555 0 0 1
-0.0264567 -0.0184077 80 -0.0112576 0.0112663 13.5794 9.03321 -13 557 0 0 1
-0.00543932 -0.0324233 80 -0.00899235 -0.00550092 12.1251 18.1509 -13 563 0 0 1
-0.00649286 0.0798066 80 0.0103107 0.0151431 10.588 31.3514 -13 564 0 0 1
-0.053969 0.019353 80 -0.00555335 0.00829075 9.45658 15.316 -13 566 0 0 1
-0.00469276 0.0315263 80 0.00592345 0.0097787 10.6094 14.7383 -13 567 0 0 1
0.215163 -0.0632972 80 0.00202072 -0.0355903 7.12566 23.0741 -13 575 0 0 1
0.0879687 -0.0109739 80 0.021497 -0.0170287 10.6218 22.185 -13 576 0 0 1
-0.0407335 0.0411206 80 -0.000811609 0.0166815 13.4097 5.21955 -13 577 0 0 1
0.00206414 -0.021506 80 -0.00201581 -0.00183609 8.44115 15.1018 -13 578 0 0 1
0.0157968 -0.0106698 80 8.49155e-05 -0.00661463 13.9796 18.5302 -13 579 0 0 1
0.0298365 0.0855208 80 0.0161394 0.0163927 12.7557 10.4979 -13 580 0 0 1
0.011206 0.0190752 80 0.00331256 -0.00397787 11.1105 30.9763 -13 581 0 0 1
0.0903557 0.141738 80 0.0258456 0.040436 8.94444 16.0387 -13 582 0 0 1
0.0818512 -0.000232615 80 0.0281009 -0.0124328 7.70445 11.1135 -13 583 0 0 1
-0.70756 1.05174 80 0.012606 -0.00898317 0.0412453 11.1987 11 583 1009 0 1
-0.32546 -0.207197 80 -0.040585 0.0705988 1.90403 21.0486 -13 590 0 0 1
0.0253597 0.0673216 80 0.0109092 0.0182769 10.0616 17.9167 -13 595 0 0 1
0.149134 -0.0642673 80 0.00661725 -0.0376605 5.00647 10.0169 -13 853 0 0 1
-0.00324419 0.00306056 80 -0.00819934 -0.00444754 11.5009 6.45039 -13 854 0 0 1
0.452688 0.0247086 80 -0.0160251 -0.0264368 1.58591 35.1719 -13 864 0 0 1
0.00713616 -0.0919138 80 -0.00651966 0.00040319 6.98062 18.0817 -13 865 0 0 1
0.022069 -0.000979346 80 0.00507354 0.001301 14.5665 22.2064 -13 974 0 0 1
-0.105017 -0.0501992 80 -0.0198146 0.0196418 9.09539 20.9418 -13 978 0 0 1
-0.051367 -0.0882688 80 -0.0274706 -0.0151195 12.0957 6.65776 -13 980 0 0 1
-0.0368433 -0.0124039 80 -0.0289218 0.00914082 14.4691 10.6387 -13 990 0 0 1
-0.0108791 -0.0285696 80 -0.00138916 0.0048829 10.9004 23.1956 -13 991 0 0 1
-0.0293036 -0.00568591 80 -0.0094976 0.0134417 13.1051 28.1096 -13 992 0 0 1
0.00441666 -0.0581082 80 -0.00571896 -0.00722672 12.8378 27.3703 -13 994 0 0 1
-0.0554638 0.0144564 80 -0.0187684 0.015198 13.9163 14.4519 -13 995 0 0 1
0.060464 0.034858 80 -0.000222445 -0.00788512 8.48584 25.6258 -13 1000 0 0 1
-0.0154599 0.0288731 80 0.0040876 0.0256509 12.5843 24.8566 -13 2 0 0 1
0.060876 -0.188575 80 -0.0191466 -0.0436022 7.69194 25.9281 -13 6 0 0 1
-0.0296674 0.0305296 80 -0.00125605 0.0174982 12.0574 15.9329 -13 7 0 0 1
0.111787 -0.0156494 80 0.0250425 -0.0161554 13.0977 31.274 -13 18 0 0 1
0.00653745 -0.0226791 80 -0.00231581 -0.0100475 14.4306 24.9036 -13 21 0 0 1
-0.0356574 0.0266137 80 -0.015033 0.0154416 10.5537 4.64032 -13 22 0 0 1
0.0579772 -0.0517903 80 -0.0257366 -0.0101543 8.3542 30.8101 -13 24 0 0 1
0.152572 0.0293197 80 0.0126384 -0.0372232 3.76117 33.3242 -13 33 0 0 1
-0.177467 -0.370108 80 -0.0917875 -0.0579724 9.93854 24.8527 -13 42 0 0 1
0.0391519 -0.0855234 80 -0.00589132 -0.014206 8.34054 25.3757 -13 60 0 0 1
0.0185469 -0.0555594 80 0.00121915 -0.0158092 13.9571 17.7993 -13 61 0 0 1
-0.0236989 0.0247246 80 0.00258746 0.00108251 8.95058 16.2206 -13 64 0 0 1
0.185142 -0.249486 80 -0.0330357 -0.0354318 5.18376 10.8109 -13 65 0 0 1
0.0135544 -0.00153058 80 0.00114673 0.0137973 11.5444 15.2692 -13 67 0 0 1
0.117874 -0.0415831 80 0.0155106 -0.0292137 7.84612 31.8218 -13 75 0 0 1
-0.00654888 -0.0231704 80 0.00371491 0.0105587 12.5033 28.1519 -13 76 0 0 1
0.063534 -0.124641 80 -0.0169495 -0.0229272 6.74428 32.3156 -13 92 0 0 1
-0.0165141 0.0302346 80 0.00634108 0.0044716 9.86776 7.03812 -13 111 0 0 1
-0.0262357 0.0280143 80 0.00169765 0.0105124 13.2404 22.1025 -13 115 0 0 1
-0.00379087 -0.00659724 80 -0.00253463 -0.00699281 10.3276 32.3354 -13 116 0 0 1
0.00553341 -0.0389802 80 -0.0131484 -0.0138499 11.59 7.9229 -13 117 0 0 1
0.0138754 0.0138738 80 -0.0013108 0.00378764 10.9911 22.6576 -13 119 0 0 1
0.0921893 0.217525 80 0.0397004 -0.0118642 7.96629 31.8952 -13 121 0 0 1
-0.0765658 -2.24372 80 0.0217337 -0.0191673 0.0486192 31.4669 11 121 1009 0 1
0.00391669 0.0477188 80 0.00662046 0.00593858 9.09247 10.0101 -13 122 0 0 1
0.00669529 -0.018399 80 -0.000132431 -0.00446373 14.3462 25.2952 -13 159 0 0 1
0.0151703 0.0126659 80 0.00655539 -0.00507581 14.2337 22.5388 -13 164 0 0 1
-0.00791996 -0.00695411 80 -0.0027723 0.002137 12.3524 27.3659 -13 165 0 0 1
-0.0799202 -0.0843728 80 -0.0242562 0.00254373 11.0345 31.6541 -13 166 0 0 1
0.00403266 0.0208304 80 -0.00632474 -0.000131967 13.0741 28.9683 -13 169 0 0 1
0.00116863 0.00414975 80 -0.00369392 -0.00475893 14.5222 24.3745 -13 171 0 0 1
0.00147731 0.00232631 80 -0.000697244 -0.00241129 11.8769 17.4637 -13 172 0 0 1
0.00472335 0.00193051 80 -0.00269504 -0.000695061 13.0769 3.7495 -13 173 0 0 1
-0.00517001 0.0258615 80 0.00249393 -0.0013902 11.7116 32.216 -13 196 0 0 1
0.0263232 0.00230896 80 0.00994629 -0.00421753 12.9464 16.9334 -13 199 0 0 1
0.0256162 -0.0211314 80 0.00229144 -0.0162484 12.0302 23.676 -13 202 0 0 1
0.0710358 0.0203626 80 0.011831 -0.0325254 5.5582 14.5545 -13 204 0 0 1
0.0352005 0.0442709 80 -0.0165119 0.0098459 0.0288633 14.5996 11 204 1012 0 1
0.0137863 0.00745097 80 0.00328328 -0.000718729 9.26182 31.4646 -13 207 0 0 1
0.145853 -0.344082 80 -0.0357157 -0.021214 3.62453 30.4161 -13 210 0 0 1
0.00581846 0.0438031 80 0.00527876 0.0151078 13.9583 3.78917 -13 212 0 0 1
-0.015317 -0.0358798 80 -0.0115709 -0.00839462 9.82228 21.5154 -13 214 0 0 1
0.0261391 -0.0260201 80 0.00183891 0.0090244 4.30401 20.7547 -13 215 0 0 1
-0.00262524 0.0369389 80 0.00316425 0.00840003 9.92735 15.5002 -13 216 0 0 1
0.0381493 0.0209126 80 0.00958116 -0.000846653 9.48899 16.4366 -13 217 0 0 1
0.0366206 0.252305 80 0.0387907 0.00645619 5.35422 20.9007 -13 218 0 0 1
0.0292481 -0.0286207 80 -0.00131521 -0.0101049 9.78153 13.6233 -13 219 0 0 1
-0.0118357 0.0253839 80 -0.0079145 0.00633309 13.3327 14.2867 -13 220 0 0 1
0.0046797 -0.00420953 80 0.000265561 -0.00151652 8.70406 7.10928 -13 223 0 0 1
-0.13509 0.0587577 80 0.0142512 0.0303358 6.27355 33.9058 -13 224 0 0 1
-0.00878107 -0.0286242 80 -0.00158672 -0.0048356 12.3568 23.5525 -13 225 0 0 1
0.0379299 0.0552084 80 0.0221488 -0.00542593 10.1165 22.2168 -13 226 0 0 1
0.0155649 -0.02006 80 0.000169424 -0.00558483 12.6331 22.341 -13 227 0 0 1
-0.0201923 0.0280581 80 0.00589857 -0.00146098 9.53411 8.4252 -13 238 0 0 1
0.0872753 0.08839 80 0.0314512 0.00287279 12.7887 14.2912 -13 239 0 0 1
0.0459653 -0.0726017 80 -0.00422235 -0.0113226 12.7607 7.96003 -13 240 0 0 1
-0.0105705 -0.0327511 80 -0.010043 -0.00268538 12.8415 4.77424 -13 241 0 0 1
0.029895 0.0438238 80 0.00522359 0.00240746 8.38018 29.9951 -13 251 0 0 1
-0.0193535 0.0242689 80 0.00410647 0.00459648 12.9906 10.1291 -13 252 0 0 1
0.00378979 -0.0430143 80 -0.00904593 -0.00702162 11.7435 19.5236 -13 258 0 0 1
-0.00812125 0.0134348 80 -0.00026992 0.00735177 14.4731 7.71912 -13 259 0 0 1
0.0149358 0.000670902 80 0.00856967 0.003587 13.8528 17.4444 -13 261 0 0 1
0.0287309 0.00355073 80 0.00836827 0.001675 10.5522 10.6503 -13 263 0 0 1
0.0272065 0.0150945 80 0.00890941 -0.00305516 12.8163 26.2701 -13 265 0 0 1
0.0444413 -0.0402823 80 -0.017105 -0.011377 7.36973 31.6781 -13 271 0 0 1
-0.00646347 -0.00578861 80 -0.00328375 0.00223106 14.4762 12.2413 -13 272 0 0 1
0.0215179 -0.0243865 80 0.00921095 -0.0040348 8.15664 14.2462 -13 273 0 0 1
-0.0173766 0.0222757 80 0.00103976 0.0165217 12.623 29.6271 -13 274 0 0 1
-0.00404013 0.0151541 80 0.00543128 0.00465108 11.5436 8.56891 -13 276 0 0 1
0.0490094 0.00155585 80 0.00350229 0.00419749 9.64866 28.3975 -13 277 0 0 1
-0.0264178 0.00854027 80 -0.00596002 0.00963073 13.7637 15.1602 -13 278 0 0 1
0.11383 0.0431773 80 0.0184397 -0.019448 6.41575 11.269 -13 280 0 0 1
-0.08151 0.0374415 80 -0.0019332 0.0139069 9.56624 26.6812 -13 282 0 0 1
-0.0354119 0.0493724 80 0.0053733 0.0162978 7.27177 17.8842 -13 284 0 0 1
0.0205724 -0.0233844 80 -0.00232432 -0.00521355 6.85206 30.5598 -13 286 0 0 1
-0.00961477 0.216417 80 0.0238739 0.0401836 11.9874 28.2338 -13 288 0 0 1
-0.0232423 -0.0649783 80 -0.0210646 0.00124805 9.50441 20.9625 -13 289 0 0 1
-0.0563318 -0.0510719 80 -0.0326838 -0.0121249 9.14322 12.1502 -13 290 0 0 1
0.107348 -0.0706428 80 -1.74023e-05 -0.0101032 6.99248 23.2775 -13 291 0 0 1
0.0424224 0.0206642 80 0.0124933 0.00256069 13.2817 5.77336 -13 292 0 0 1
-0.0280253 -0.00478746 80 -0.0231326 0.0094226 13.8305 31.9615 -13 294 0 0 1
0.0995716 -0.212836 80 -0.0308259 -0.0472834 6.13341 20.2237 -13 296 0 0 1
0.00350015 -0.00728477 80 -0.00187821 -0.00119108 12.2015 15.4674 -13 299 0 0 1
0.0482005 0.105986 80 0.00913216 -0.0116118 7.78359 21.3267 -13 304 0 0 1
0.0247636 0.019384 80 0.0111873 0.00200659 9.74344 18.7803 -13 306 0 0 1
0.0377656 0.0497594 80 0.0149568 0.00506851 12.3925 9.23993 -13 308 0 0 1
-0.0194507 0.0311102 80 -0.00881698 0.01221 9.61046 23.531 -13 309 0 0 1
0.0430381 0.116911 80 0.0167344 -0.00573184 5.87437 14.8335 -13 310 0 0 1
-0.00429587 0.0270811 80 0.00236328 0.00744772 14.014 19.6031 -13 311 0 0 1
-0.0429194 0.0452857 80 -0.00571165 0.0228046 13.0597 4.45687 -13 313 0 0 1
-0.00902963 -0.0145067 80 -0.00689167 -0.0048167 13.8279 4.10725 -13 314 0 0 1
-0.00763529 -0.0322744 80 -0.00326473 -0.000565285 11.6458 6.71959 -13 315 0 0 1
-0.0572222 0.0315309 80 -0.00713705 0.0217368 9.12672 10.0904 -13 316 0 0 1
-0.00137571 -0.0194699 80 0.023401 0.000514922 3.19879 18.1347 -13 317 0 0 1
-0.0826951 0.0822499 80 -0.00628258 0.030731 10.0198 8.89569 -13 321 0 0 1
-0.0838992 -0.0288382 80 -0.0180788 0.0107047 12.763 8.42009 -13 322 0 0 1
0.00793253 0.00508661 80 0.0050209 0.0046779 10.7562 23.4818 -13 326 0 0 1
-0.0292013 -0.0291028 80 -0.0123862 -0.00542243 12.4865 15.8155 -13 327 0 0 1
0.147306 0.00228221 80 0.0254223 -0.0418234 4.46345 27.6784 -13 328 0 0 1
0.00157057 -0.00211416 80 -0.00517117 0.00365652 11.9997 25.045 -13 329 0 0 1
-0.0333564 -0.0198086 80 -0.00338431 0.00580022 9.02966 11.8216 -13 330 0 0 1
-0.00487149 0.0124608 80 -0.00568112 -0.00865032 5.69808 6.42744 -13 331 0 0 1
-0.0443355 -0.0565161 80 0.0152868 0.0201276 5.04172 12.2117 -13 332 0 0 1
0.00352928 0.135375 80 0.02279 0.024145 9.88279 14.6213 -13 333 0 0 1
-0.00048416 0.0168067 80 -0.00120275 0.00424495 12.862 5.27351 -13 334 0 0 1
0.0104164 0.0117562 80 0.00493853 -0.0023505 14.2605 23.5722 -13 335 0 0 1
-0.0252088 0.0632194 80 -0.0114464 0.0120984 5.8502 19.242 -13 336 0 0 1
-0.0653254 -0.0326075 80 -0.0352197 -0.00346356 13.7426 20.8929 -13 337 0 0 1
0.0538338 -0.0130372 80 0.0257251 0.000674332 9.67432 27.9507 -13 338 0 0 1
0.0232536 0.16324 80 0.0307242 0.00786416 9.37016 32.2393 -13 339 0 0 1
-0.158145 -0.067827 80 -0.124243 -0.0744288 2.46262 39.9622 -13 340 0 0 1
0.00618983 0.0109724 80 0.00493741 0.00624273 12.4679 30.2938 -13 341 0 0 1
0.0718879 0.0211326 80 0.0252297 -0.00328927 12.958 16.438 -13 531 0 0 1
-0.00376889 0.000639225 80 -0.000399366 0.00177953 13.8549 31.6625 -13 532 0 0 1
-0.00946327 -0.0415865 80 -0.000462504 -0.000986133 9.18342 26.9992 -13 534 0 0 1
0.0315676 -0.0109845 80 0.00651502 -0.00266896 9.86316 6.13185 -13 535 0 0 1
-0.102276 -0.0984139 80 0.00925034 -0.00103905 4.65813 21.112 -13 537 0 0 1
0.0220073 1.54835 80 -0.0080769 -0.0278717 0.0205617 21.0716 11 537 1020 0 1
0.0212321 0.00528211 80 -0.00353617 0.00338303 14.4837 20.7 -13 538 0 0 1
0.0156287 -0.0070185 80 -0.00451729 -0.00320605 7.43643 26.1774 -13 541 0 0 1
-0.269804 0.260738 80 -0.0419375 0.112601 12.8303 6.49222 -13 542 0 0 1
-0.0670807 -0.171776 80 -0.0239838 -0.0036107 5.06219 32.1499 -13 545 0 0 1
0.0566262 -0.0469091 80 0.0151845 -0.0103627 6.73367 24.4919 -13 546 0 0 1
-0.0445882 0.0243815 80 -0.00698389 0.0124971 10.6148 8.94078 -13 551 0 0 1
0.0171912 -0.225998 80 -0.000105567 -0.0118299 1.66168 29.06 -13 558 0 0 1
0.0287323 0.0301331 80 0.0133486 0.00582534 14.2355 7.84695 -13 565 0 0 1
-0.00314227 0.10726 80 0.0172196 0.0106493 7.08797 24.3138 -13 803 0 0 1
-0.0206882 -0.013367 80 -0.010748 0.00436757 13.021 10.2683 -13 804 0 0 1
-0.0357256 -0.0106378 80 0.00302933 -0.00604473 9.64798 14.2841 -13 814 0 0 1
-0.0140783 -0.0158891 80 -0.00417293 -0.00182275 11.6799 30.362 -13 815 0 0 1
0.0560414 -0.0202848 80 0.0183508 -0.0125978 11.4946 31.8329 -13 818 0 0 1
0.0128312 0.0185153 80 -0.00125512 -0.00362668 13.4041 9.4105 -13 820 0 0 1
-0.0134052 -0.00652544 80 -0.00124936 0.00260053 11.7153 31.5301 -13 822 0 0 1
-0.0111129 0.0359536 80 0.000955365 0.0066426 14.5662 23.3619 -13 824 0 0 1
0.101701 -0.0482947 80 -0.0283917 0.00146603 4.11159 36.0929 -13 827 0 0 1
0.0189068 -0.00924272 80 -0.000292975 -0.0171508 8.67276 30.5197 -13 828 0 0 1
-0.0128854 0.0862303 80 0.01393 0.0141993 10.1148 29.7855 -13 829 0 0 1
0.00702688 0.0122606 80 0.00480132 0.0002665 14.0874 31.5716 -13 830 0 0 1
-0.0408543 -0.0116661 80 -0.00754447 0.00214968 8.45693 10.8556 -13 831 0 0 1
-0.0225265 0.0252042 80 -0.0021637 0.00349424 13.8043 16.1778 -13 832 0 0 1
0.0375795 -0.0490692 80 0.00347529 -0.0111815 4.87074 33.7418 -13 848 0 0 1
-0.0767672 -0.102707 80 -0.0291816 0.0160138 1.44636 20.4706 -13 856 0 0 1
0.0104167 -0.035642 80 0.00117861 -0.0143767 12.9657 14.3664 -13 859 0 0 1
0.0207626 -0.151746 80 -0.0158666 -0.0135231 9.2205 24.3793 -13 869 0 0 1
-0.0324347 0.00799173 80 -0.0029787 0.00988703 12.3834 17.994 -13 870 0 0 1
-0.12862 -0.0415159 80 -0.0343267 0.0188598 13.7441 24.7919 -13 871 0 0 1
-0.114332 -0.111914 80 -0.00937212 0.0223161 5.35526 26.293 -13 872 0 0 1
0.236014 0.0174681 80 -0.01763 -0.0187959 4.65303 12.2119 -13 873 0 0 1
0.0279982 -0.125483 80 -0.0300781 0.000809055 5.03617 19.5656 -13 874 0 0 1
-0.076675 -0.105893 80 -0.0103032 -0.00116627 3.61664 10.2527 -13 875 0 0 1
0.00447442 0.0255656 80 0.0113609 0.00737528 11.7912 14.6071 -13 876 0 0 1
0.0234006 -0.0403632 80 -0.00061356 -0.0112804 9.25968 26.5489 -13 877 0 0 1
-0.0698609 0.185881 80 0.0389224 -0.161216 1.82455 20.3361 -13 878 0 0 1
-0.103331 -0.0391525 80 -0.0288092 0.0133154 8.51902 10.522 -13 886 0 0 1
-0.00874118 -0.0100519 80 0.0002515 0.00554923 10.451 5.87997 -13 14 0 0 1
0.119434 -0.0362454 80 -0.0111663 -0.0209143 5.38365 24.9412 -13 15 0 0 1
0.00380071 0.0307623 80 0.00657126 0.00485805 11.7909 32.0596 -13 23 0 0 1
0.0157134 0.155099 80 0.0281572 0.0309691 10.9462 23.5219 -13 40 0 0 1
0.0580631 -0.00371658 80 0.00843822 -0.00943013 8.94166 6.68438 -13 41 0 0 1
-0.0328217 -0.0272226 80 -0.0226824 -0.0026562 10.8874 27.5731 -13 45 0 0 1
0.0531687 -0.0208733 80 0.00673535 -0.0122858 10.4185 22.571 -13 55 0 0 1
-0.0826366 0.0132676 80 -0.00238876 0.0290551 6.74732 13.2873 -13 90 0 0 1
-0.0214628 -0.0335048 80 -0.0023452 -0.00424872 7.20664 31.6806 -13 91 0 0 1
-0.0462784 0.0142709 80 -0.00248671 0.0113411 10.7936 14.772 -13 95 0 0 1
-0.00419161 -0.000343153 80 -0.000858949 -0.00277038 14.0236 7.59308 -13 99 0 0 1
-0.0351823 0.03529 80 -0.00681239 0.0163936 9.6344 16.3006 -13 104 0 0 1
-0.0110642 0.0852871 80 0.00536508 0.0188551 8.85185 10.334 -13 105 0 0 1
-0.0207263 0.0449031 80 -0.00144805 0.00273721 7.72738 8.06796 -13 112 0 0 1
0.0113787 -0.00394488 80 0.0016479 -0.00453301 11.9727 12.9829 -13 113 0 0 1
0.0443008 0.0209481 80 0.00413653 -0.0117485 8.11867 10.6263 -13 114 0 0 1
-0.0542663 -0.0245267 80 -0.00186511 0.00731566 13.0031 17.8229 -13 124 0 0 1
0.0292453 0.0298164 80 0.00838931 -0.00431072 11.5121 22.5537 -13 139 0 0 1
0.00389749 -0.00679099 80 -0.00299301 -0.00247927 14.4033 22.9775 -13 144 0 0 1
0.0252612 -0.0424399 80 -0.00481541 -0.0136239 9.24918 14.1239 -13 146 0 0 1
-0.0129359 -0.0303099 80 -0.0111756 -0.00992551 11.2542 18.19 -13 147 0 0 1
0.0033671 0.0176884 80 0.00740439 -0.00176908 9.89932 8.22656 -13 167 0 0 1
0.00208904 0.0518553 80 0.0305786 -0.0273344 11.3617 3.86215 -13 168 0 0 1
0.0273189 0.0778055 80 -0.00554595 0.0491876 0.0780356 3.82149 11 168 1001 0 1
-0.139777 -0.0715189 80 -0.0211806 0.0152412 8.97173 22.555 -13 170 0 0 1
0.150454 -0.0921732 80 -nan -nan -nan 158.222 -13 193 0 0 1
-0.010172 0.0167889 80 0.000521792 0.0114407 12.3381 7.24305 -13 198 0 0 1
0.000958457 -0.0140552 80 -0.00209334 -0.00113783 13.2604 8.96726 -13 344 0 0 1
-0.0258314 -0.0142502 80 -0.00830322 0.0147311 9.74484 4.08975 -13 345 0 0 1
-0.00321409 -0.0239005 80 -0.015432 -0.0121409 13.4669 17.689 -13 346 0 0 1
0.241097 0.333327 80 0.0333904 -0.0358009 1.64645 22.8589 -13 353 0 0 1
0.0130642 0.0286608 80 0.00532744 0.0093123 10.8791 30.3527 -13 354 0 0 1
-0.00550837 0.022248 80 -0.013898 -0.0334708 6.17367 24.4665 -13 368 0 0 1
0.0275527 0.00319841 80 0.00530939 -0.00470385 14.2115 11.5856 -13 373 0 0 1
-0.0932488 -0.000241909 80 0.00274383 0.053911 5.11152 11.9552 -13 374 0 0 1
-0.0279002 -0.00181364 80 -0.00475397 -0.00184537 6.71044 17.6373 -13 376 0 0 1
0.0247126 0.00534589 80 0.00423219 -0.00352922 10.5532 13.2712 -13 377 0 0 1
0.0530747 -0.207929 80 -0.0669927 -0.00971763 2.41272 14.8217 -13 378 0 0 1
-0.00393172 -0.035949 80 -0.00864249 -0.00383085 7.50501 7.40352 -13 379 0 0 1
0.0475599 0.103045 80 0.0162949 -0.00190627 4.98439 13.5432 -13 605 0 0 1
0.0382501 -0.0101103 80 0.0036468 -0.0109449 11.8929 7.65745 -13 609 0 0 1
-0.0397819 -0.00858321 80 -0.0204422 0.0146 7.90526 15.8556 -13 612 0 0 1
-0.00890626 -0.0255134 80 -0.0101297 -0.00184859 12.4788 17.1106 -13 613 0 0 1
0.0110963 -0.00421689 80 0.00280849 0.00837654 12.1365 5.00664 -13 614 0 0 1
0.469995 0.574837 80 0.28579 0.0381092 4.08502 25.1874 -13 615 0 0 1
-0.057853 0.112357 80 0.0288917 0.0175396 4.13961 32.6927 -13 616 0 0 1
0.0681608 0.0429214 80 0.0115055 0.00201183 8.15047 23.622 -13 618 0 0 1
-0.0451691 -0.00294783 80 -0.0157642 -0.000133432 12.3701 22.2679 -13 620 0 0 1
-0.123886 0.375343 80 0.0184539 0.118238 11.1726 30.9369 -13 622 0 0 1
-0.0729471 0.0571093 80 -0.00501465 0.0224424 9.751 17.4784 -13 623 0 0 1
-0.0154784 0.0236723 80 -0.00334514 0.00986401 14.1827 3.61093 -13 624 0 0 1
0.141336 0.00390869 80 0.0160866 -0.0224899 9.16937 19.3903 -13 625 0 0 1
-0.0437136 0.0200165 80 0.00721114 -0.000959292 6.19021 13.3487 -13 626 0 0 1
-0.103829 -0.0269967 80 -0.0305885 0.0133269 14.0855 14.6253 -13 632 0 0 1
-0.00265781 -0.0280537 80 -0.00216499 -0.00891547 8.39137 12.1162 -13 633 0 0 1
-0.128739 -0.16526 80 -0.0194666 0.0199424 4.92644 8.99146 -13 634 0 0 1
-0.0260558 -0.000948564 80 0.00407243 -0.00200567 8.09365 21.2111 -13 635 0 0 1
-0.05344 0.000792459 80 -0.0160261 0.0144684 14.1431 9.67762 -13 636 0 0 1
-0.15693 0.188239 80 -0.0109855 0.0582412 8.04544 25.8259 -13 637 0 0 1
-0.0203807 0.0345641 80 -0.0802933 0.00870866 12.7241 18.4772 -13 638 0 0 1
0.011179 0.0093256 80 0.00575541 -0.000387021 14.0128 7.8654 -13 639 0 0 1
-0.0642191 0.00414277 80 -0.000769718 0.0106038 10.9143 4.11646 -13 640 0 0 1
-0.054763 -0.0857606 80 -0.0262111 0.00471209 4.65915 16.7549 -13 641 0 0 1
0.143895 0.187062 80 0.0212033 -0.0295293 7.20885 27.3936 -13 642 0 0 1
-0.0262474 0.0894462 80 0.00176502 0.0347643 11.0646 3.60694 -13 643 0 0 1
1.9834 2.95567 80 -0.0228997 0.019574 0.0227652 5.27068 11 643 1004 0 1
-0.0201474 -0.0064095 80 -0.0142454 0.000553769 13.7729 19.3945 -13 646 0 0 1
-0.0132422 0.11382 80 0.0283154 0.0236479 6.38502 15.2219 -13 649 0 0 1
0.0172377 -0.0163876 80 -3.12588e-05 -0.00202381 13.5437 6.58901 -13 650 0 0 1
0.0126533 0.0649339 80 0.0236526 0.0156516 10.5133 29.1646 -13 652 0 0 1
0.0452275 -0.0069516 80 0.00472183 -0.00615243 11.9922 20.3441 -13 653 0 0 1
-0.013188 -0.00489247 80 -0.00231114 0.00928382 14.3681 24.5601 -13 655 0 0 1
-0.017168 -0.0546555 80 -0.0136153 -0.015583 9.60221 19.4928 -13 656 0 0 1
0.00653168 0.0286185 80 -0.019123 0.0216935 8.03362 25.8351 -13 657 0 0 1
-0.0149769 -0.0312627 80 -0.00619305 -0.00652716 14.4634 16.1781 -13 659 0 0 1
-0.0156411 -0.0368608 80 -0.0115589 0.00141422 8.2542 32.9743 -13 664 0 0 1
0.039082 0.0253586 80 0.0128815 0.00359743 13.5912 19.6671 -13 670 0 0 1
0.276932 -0.183316 80 -0.0417752 -0.04031 2.35394 27.8515 -13 672 0 0 1
0.0434962 0.0201938 80 0.00782734 -0.011962 4.15986 21.0312 -13 673 0 0 1
0.012863 0.00386939 80 0.000785079 -0.00308845 12.5615 31.9199 -13 674 0 0 1
-0.0067698 -0.0432465 80 -0.00571358 -0.0136172 12.9164 28.6258 -13 676 0 0 1
-0.00962096 -0.0502316 80 -0.0275842 -0.0253468 9.42393 19.1288 -13 678 0 0 1
0.133668 -0.15765 80 0.0147516 -0.038968 8.15668 16.6192 -13 679 0 0 1
-0.0268177 -0.108816 80 -0.0229693 -0.00552134 9.29455 22.028 -13 680 0 0 1
-0.0244279 0.0248636 80 -0.00834499 0.00981478 14.0756 5.1331 -13 681 0 0 1
0.024612 -0.00432757 80 0.00219245 -0.00121532 13.2712 3.61802 -13 682 0 0 1
0.108488 0.0382917 80 0.0370093 -0.0030907 13.0082 27.4795 -13 683 0 0 1
0.156154 0.00687455 80 0.0295466 -0.0131608 8.6545 20.1413 -13 684 0 0 1
0.0245908 -0.00257846 80 0.00484597 -0.00462064 12.3352 19.7183 -13 691 0 0 1
-0.324424 0.816966 80 0.0910202 0.168764 6.73882 18.2808 -13 696 0 0 1
-0.0479946 0.0317237 80 -0.00623593 0.0171223 10.0407 21.6745 -13 697 0 0 1
-0.00598868 0.0299697 80 0.000172502 0.00910962 13.3602 26.2144 -13 699 0 0 1
0.0328805 0.0116369 80 0.0102683 -0.00302267 12.3119 28.0105 -13 702 0 0 1
-0.0212832 0.0384134 80 0.00593902 0.0102117 9.43736 12.1141 -13 704 0 0 1
-0.0229698 -0.03679 80 -0.00458207 -0.00312192 10.1192 9.79815 -13 705 0 0 1
-0.124392 0.0409719 80 -0.0102681 0.0283373 9.6043 18.8366 -13 706 0 0 1
-0.152565 -0.0678074 80 -0.0513269 0.00625015 13.8537 3.82215 -13 707 0 0 1
0.903286 2.39493 80 0.0259963 -0.026142 0.0428471 5.45488 11 707 1002 0 1
-0.0103451 0.0161383 80 0.00238832 0.0146498 10.5674 21.127 -13 708 0 0 1
0.00414644 -0.108241 80 -0.0217978 -0.00629435 4.00216 21.5415 -13 709 0 0 1
0.0129093 0.0123981 80 0.00731845 0.00014299 14.1699 4.02921 -13 711 0 0 1
-0.0204792 0.0182372 80 -0.000726728 0.00365961 12.3873 32.0029 -13 715 0 0 1
0.0901725 -0.0772781 80 0.0165271 -0.0299688 13.1296 23.1401 -13 716 0 0 1
-0.137883 0.084043 80 0.00469839 0.0281342 8.71688 11.6403 -13 718 0 0 1
-0.00654792 0.000713689 80 -0.000437907 -0.0053705 10.6803 11.6796 -13 719 0 0 1
-0.0356543 0.22249 80 0.0317969 0.0577336 11.2984 31.4773 -13 720 0 0 1
-0.0156914 0.00641411 80 -0.00147718 0.00562605 9.71746 29.0472 -13 721 0 0 1
-0.156909 -0.0218184 80 -0.0232789 0.0303046 5.31112 16.5062 -13 722 0 0 1
4.05614 -2.47417 80 -0.0400745 -0.0123341 0.00257311 15.7525 11 722 1009 0 1
0.13408 0.198189 80 0.0441614 -0.015484 5.02379 28.1309 -13 724 0 0 1
-0.018337 -0.0868729 80 -0.00593624 -0.0230099 5.5224 16.4166 -13 729 0 0 1
-0.0176846 0.00792587 80 -0.00584324 0.00190369 11.0019 19.6902 -13 735 0 0 1
0.228494 0.0696493 80 0.0261392 -0.0304026 8.28345 24.1779 -13 737 0 0 1
-3.39271 3.70533 80 -0.0162435 0.00990689 0.0180495 27.3568 11 737 1007 0 1
0.00284776 0.00263821 80 0.00558712 0.00064272 13.0494 26.2143 -13 740 0 0 1
0.0530772 -0.0762037 80 -0.0154777 -0.0413019 3.42438 16.0934 -13 744 0 0 1
0.0373181 -0.0423281 80 -0.00030891 -0.0155602 11.5118 17.6173 -13 745 0 0 1
-0.0299741 0.0226877 80 -0.00480929 0.00963777 10.4673 24.8358 -13 750 0 0 1
0.235732 -0.0422712 80 -0.00626731 -0.0136328 6.64493 9.02961 -13 752 0 0 1
-0.00343695 0.078784 80 0.0084286 0.0150354 10.8246 5.83696 -13 753 0 0 1
0.0237753 0.0138037 80 0.000518596 -0.00304566 8.13663 24.3281 -13 760 0 0 1
0.0607456 -0.0332517 80 -0.00143037 -0.0132255 6.52038 11.8589 -13 761 0 0 1
0.00636839 0.0146019 80 0.00075839 0.00501316 13.8781 30.8487 -13 762 0 0 1
-0.0152946 -0.0286217 80 -0.0172604 -0.0147043 13.4116 6.25391 -13 774 0 0 1
0.0197497 -0.0379732 80 -0.00355366 -0.0167863 11.8588 14.5149 -13 776 0 0 1
-0.0448585 0.0516071 80 -0.00256178 0.0122071 9.61448 8.01737 -13 780 0 0 1
-0.00317036 -0.0210233 80 -0.00334329 0.00585239 11.656 7.35607 -13 781 0 0 1
-0.0037554 -0.0292059 80 0.00163447 -0.00386344 10.0877 6.76972 -13 782 0 0 1
-0.00033585 0.051158 80 -0.00327166 0.016308 7.01896 21.1701 -13 783 0 0 1
-0.043714 0.0330236 80 0.0066287 0.0201135 6.95546 7.29223 -13 784 0 0 1
-0.151468 0.103162 80 0.00654005 0.0238986 5.16453 20.4987 -13 785 0 0 1
-0.0376264 -0.00870119 80 -0.0125728 0.0272561 9.61757 22.3818 -13 786 0 0 1
-0.00920142 -0.0442407 80 -0.00850426 -0.00206858 8.95193 20.4333 -13 787 0 0 1
-0.0648093 0.0169097 80 -0.00897468 0.0108175 12.3669 21.0197 -13 788 0 0 1
0.0165318 0.0149382 80 0.00161057 0.00237512 14.1722 17.6578 -13 789 0 0 1
-0.113028 0.0134379 80 -0.0164991 0.025618 9.98417 30.3239 -13 790 0 0 1
0.00402953 0.0949364 80 0.0230608 -0.0384004 5.08874 30.5991 -13 791 0 0 1
-0.028447 0.0567217 80 0.000921207 0.0204919 11.8019 31.1299 -13 792 0 0 1
-0.000833876 -0.0647947 80 -0.00694885 -0.00755016 11.444 19.9652 -13 793 0 0 1
-0.0389431 0.010021 80 -0.00476447 0.0167116 11.5086 11.4664 -13 795 0 0 1
-0.00367072 -0.00619207 80 0.00309289 -0.00109842 14.0215 27.3076 -13 797 0 0 1
0.0226235 -0.0249484 80 -0.00346551 -0.00592938 13.7229 27.6568 -13 798 0 0 1
-0.00298485 0.00766823 80 0.01396 0.00468918 9.40613 32.8705 -13 799 0 0 1
0.0158548 0.0116441 80 0.00645592 0.00321103 13.5585 5.00521 -13 800 0 0 1
0.00843749 0.0530687 80 0.00534 0.00102901 5.90477 10.2935 -13 801 0 0 1
0.100222 0.617315 80 0.173265 -0.172446 0.660039 53.2379 -13 802 0 0 1
-0.00335474 0.0216969 80 -0.00101812 0.0042178 12.5919 29.7107 -13 805 0 0 1
-0.0381731 -0.0756792 80 -0.00592434 -0.000159617 7.66122 17.5696 -13 826 0 0 1
0.0255366 0.0186897 80 0.00575852 -0.003367 7.88501 31.9804 -13 835 0 0 1
-0.00641523 -0.0159994 80 -0.00685367 -0.00154238 12.845 19.5824 -13 838 0 0 1
-0.0428619 0.0166877 80 -0.00864662 0.0159981 4.56024 30.4746 -13 844 0 0 1
0.0414464 -0.00624095 80 0.00284513 -0.00492591 12.3116 19.5075 -13 846 0 0 1
0.0685316 0.0648452 80 0.0177386 0.0100874 8.92701 11.6887 -13 851 0 0 1
0.32529 0.00247319 80 0.0136901 -0.0654068 2.54157 33.1217 -13 852 0 0 1
-0.0141167 -0.027903 80 -0.00510956 -0.00915334 11.5748 26.5623 -13 855 0 0 1
-0.00574079 -0.0173182 80 0.00212918 -0.0029123 13.7726 31.094 -13 973 0 0 1
-0.0326564 -0.00402439 80 -0.00974222 0.00100269 10.3065 23.2274 -13 975 0 0 1
-0.0463416 0.00991485 80 0.00735379 0.000820781 6.78726 11.0479 -13 976 0 0 1
-0.00339861 0.257691 80 0.00520249 -0.0167453 1.21336 29.4431 -13 977 0 0 1
-0.0155912 -0.00581518 80 -0.00852277 -0.00366315 13.7303 21.2406 -13 979 0 0 1
-0.00574301 0.0330161 80 0.0346663 0.0160602 9.70708 4.24184 -13 981 0 0 1
-0.0227464 0.0115066 80 -0.00591664 0.0051955 13.6324 15.3673 -13 982 0 0 1
-0.611209 0.154687 80 -0.141617 0.110219 5.81262 29.2035 -13 983 0 0 1
0.0116406 0.00953286 80 0.00129239 -0.00378371 10.1151 5.93692 -13 984 0 0 1
0.0340036 0.0046745 80 -0.00721832 0.000742863 11.273 18.3678 -13 985 0 0 1
-0.018087 -0.00873707 80 0.000927811 0.00589695 8.43385 22.6428 -13 986 0 0 1
-0.0127068 -0.0107147 80 -0.00798191 0.00345808 14.2477 27.0853 -13 987 0 0 1
-0.0150781 -0.104942 80 -0.00517081 -0.012453 6.73972 26.6071 -13 988 0 0 1
0.0403545 0.00738119 80 -0.0200925 -0.0107488 3.25007 27.1512 -13 989 0 0 1
0.00940301 -0.00646398 80 0.0131365 0.00561842 11.2909 32.0198 -13 993 0 0 1
-0.0745787 0.0370598 80 -0.0163895 0.0125863 13.055 27.9205 -13 996 0 0 1
0.0172793 0.0116806 80 0.0102679 0.000152957 14.5267 11.2099 -13 997 0 0 1
0.0515418 -0.0999115 80 -0.00776781 -0.0184601 10.2768 28.4167 -13 998 0 0 1
-0.14715 -0.0357691 80 -0.0194915 0.00879235 7.42165 9.3136 -13 999 0 0 1
-0.039701 0.152167 80 0.0311076 0.00771603 5.26101 20.3856 -13 8 0 0 1
0.0140523 0.0211757 80 0.00363356 0.00637637 11.8311 6.54857 -13 12 0 0 1
0.0168013 -0.0253507 80 -0.00224172 -0.010164 8.50579 13.9313 -13 27 0 0 1
0.00761808 0.0443258 80 0.00661404 0.0108708 11.5927 30.4316 -13 28 0 0 1
-0.18125 0.00384445 80 0.00611991 0.0180718 5.21148 10.2695 -13 46 0 0 1
-0.0289408 -0.0384649 80 -0.0163294 -0.0104545 11.4317 10.9443 -13 47 0 0 1
0.0449514 -0.00820718 80 -0.00111857 -0.0161281 8.26043 5.30897 -13 53 0 0 1
-0.00659622 0.0287724 80 0.000440802 0.00824203 14.137 11.2695 -13 56 0 0 1
-0.323245 -0.00670702 80 -0.0625317 0.0379877 8.26952 29.8599 -13 77 0 0 1
0.0799925 0.0383801 80 0.012736 0.00162304 8.55329 12.0883 -13 88 0 0 1
-0.0423461 0.0350651 80 0.0145509 0.0123425 7.7445 29.8591 -13 93 0 0 1
0.195031 -0.0851133 80 0.00352852 -0.0136902 3.03199 16.0622 -13 96 0 0 1
0.035603 -0.035232 80 0.00593559 -0.0172658 12.3379 3.61564 -13 100 0 0 1
0.0106453 0.00772454 80 0.0021825 -0.00721924 11.4894 29.3575 -13 125 0 0 1
0.131389 -0.0257194 80 0.0175151 -0.0116124 9.68322 9.24099 -13 127 0 0 1
0.0110369 0.00736528 80 0.00676505 0.00498688 13.3711 6.81069 -13 135 0 0 1
-0.0277644 -0.271364 80 -0.0469315 -0.010522 7.45544 17.5228 -13 148 0 0 1
0.0304391 0.0143434 80 0.00548356 0.00175682 7.0802 13.0517 -13 149 0 0 1
-0.1034 -0.070178 80 -0.0315206 0.00428066 9.81898 27.0077 -13 174 0 0 1
-0.0213417 -0.0122251 80 -0.00970099 -0.00107002 10.8058 17.3816 -13 176 0 0 1
0.0510054 -0.0610052 80 0.00881312 -0.0164923 3.8341 14.5028 -13 177 0 0 1
0.052445 0.070661 80 0.0287863 -0.015071 5.75643 22.0624 -13 179 0 0 1
0.025896 0.115495 80 0.0156259 0.0107877 5.93768 6.54703 -13 189 0 0 1
2.80561 1.1748 80 0.0128968 0.00398525 0.0471122 5.50335 11 189 1009 0 1
0.0632092 0.0467227 80 -0.0210673 -0.023279 2.64294 30.6234 -13 208 0 0 1
-0.00758666 -0.00370356 80 -0.00284824 -0.000819415 9.00598 32.5157 -13 213 0 0 1
-0.012417 -0.010766 80 0.00528129 -0.00755142 10.9429 19.3066 -13 242 0 0 1
0.0237054 -0.00310289 80 0.00263663 0.000677275 13.8131 30.2602 -13 243 0 0 1
-0.0032649 0.0166974 80 -0.0016617 -0.00286444 8.73102 27.1339 -13 244 0 0 1
-0.0739249 -0.0324369 80 -0.0234795 0.00862802 8.1404 12.8364 -13 246 0 0 1
-0.00259775 0.0284872 80 0.000456748 0.00872789 11.8545 30.2226 -13 248 0 0 1
-0.0210478 -0.0682241 80 -0.0107987 -0.0228504 10.3734 22.5521 -13 250 0 0 1
0.0347586 0.0127605 80 0.0100156 -0.00790031 12.2622 3.43597 -13 256 0 0 1
-0.0300094 -0.0014804 80 -0.0154863 0.0074454 11.2997 14.041 -13 257 0 0 1
0.00101565 -0.00471871 80 0.00357276 0.0035665 12.9689 21.8045 -13 262 0 0 1
-0.178347 0.0256761 80 0.0092861 0.0253408 3.77348 31.6979 -13 264 0 0 1
-0.579292 0.543905 80 -0.0420308 -0.00954011 -0.165302 544.815 11 264 1016 0 1
-0.0767762 -0.0677825 80 -0.0219015 0.00707359 11.3402 27.3855 -13 266 0 0 1
0.00327781 -0.0137109 80 6.88816e-05 -0.00569847 12.0003 7.53674 -13 297 0 0 1
0.166157 0.120046 80 0.0440476 -0.0391458 3.7237 35.0162 -13 300 0 0 1
-0.0286897 -0.060873 80 -0.0112776 -0.00524775 8.28118 30.3545 -13 301 0 0 1
0.13283 0.0627557 80 0.0262441 -0.0122069 11.6659 15.857 -13 303 0 0 1
-0.0242186 0.00475683 80 -0.00278352 0.00845223 11.1026 13.1284 -13 305 0 0 1
0.27203 -0.0557427 80 0.0182945 -0.045343 4.65272 18.1991 -13 307 0 0 1
-0.0106078 -0.0232875 80 -0.00920057 -0.00341366 12.1746 9.76554 -13 312 0 0 1
-0.0180636 -0.029885 80 -0.000485593 -0.00224349 6.18668 10.6942 -13 318 0 0 1
0.2748 0.172721 80 0.1014 0.00377428 1.2051 38.3351 -13 319 0 0 1
0.00827731 0.0180099 80 0.00374631 -0.00146009 13.8183 8.25992 -13 320 0 0 1
-0.142051 -0.0364518 80 -0.0267894 -0.000462475 6.23682 12.6159 -13 323 0 0 1
-0.00574194 -0.122927 80 0.020498 -0.0174018 2.54839 35.7482 -13 324 0 0 1
0.0291617 -0.0186961 80 0.00121575 -0.00810886 11.4668 29.7359 -13 325 0 0 1
0.072986 0.0794838 80 0.0206535 0.00213195 8.05495 12.8626 -13 459 0 0 1
-0.0554051 -0.0234082 80 -0.0109928 0.00618402 10.6005 6.30301 -13 460 0 0 1
0.272606 0.146411 80 0.0202117 -0.0301298 4.19399 35.1313 -13 464 0 0 1
-0.0935934 -0.251891 80 -0.0615324 0.0118355 2.45355 17.9329 -13 471 0 0 1
0.0365634 -0.0244548 80 0.016299 -0.00560687 5.54945 7.7023 -13 473 0 0 1
-0.06927 -0.120466 80 0.00103226 0.0137181 3.60556 31.3944 -13 728 0 0 1
-0.0877438 -0.14785 80 -0.0358678 -0.0135225 11.1834 10.1478 -13 730 0 0 1
-1.50982 -2.06851 80 -0.0236383 0.0247289 0.0371923 11.2486 11 730 1002 0 1
-0.10535 -0.00954158 80 -0.02073 0.00161174 7.94054 7.97538 -13 734 0 0 1
0.00942228 -0.0106393 80 0.00439253 0.000184284 11.0031 12.638 -13 736 0 0 1
0.0430056 -0.0286797 80 -0.000669595 -0.000123969 8.45695 26.7869 -13 738 0 0 1
0.00545509 -0.0277954 80 0.00656351 -0.0144848 11.9158 23.4127 -13 739 0 0 1
0.0309884 0.000554887 80 0.00836523 -0.00919991 8.73023 23.1208 -13 741 0 0 1
0.045604 -0.00386713 80 0.00129855 0.00643757 4.46193 30.4149 -13 742 0 0 1
-0.00946881 -0.0518545 80 -0.0368208 0.0202082 8.36148 5.58995 -13 743 0 0 1
0.0603291 0.0332396 80 0.0215938 -0.0026147 8.59466 29.6058 -13 746 0 0 1
0.0495532 0.086038 80 0.0386651 0.019498 11.8597 25.6001 -13 747 0 0 1
0.0736881 0.0948227 80 0.0335972 0.00865971 10.5955 20.1399 -13 748 0 0 1
0.0670808 -0.0913984 80 0.00391694 -0.0344706 12.1304 4.2356 -13 749 0 0 1
-0.0100218 0.029058 80 -0.00499966 0.00787647 11.1533 27.1622 -13 751 0 0 1
-0.0182632 -0.0114946 80 -0.0065004 0.00562271 8.71641 29.1625 -13 754 0 0 1
-0.027882 0.0109983 80 -0.000267096 0.0042171 7.96994 11.3399 -13 755 0 0 1
0.0868805 0.0106487 80 0.00338327 -0.0217323 5.53814 17.5136 -13 756 0 0 1
-0.0700659 -0.0123514 80 -0.00142545 0.0164915 7.31503 16.966 -13 757 0 0 1
0.0240807 -0.0192023 80 -0.0102173 -0.00283105 7.99797 6.65123 -13 758 0 0 1
-0.0119728 0.00949601 80 0.000664489 0.00413453 12.6587 31.9027 -13 767 0 0 1
0.0696506 0.00410881 80 0.00981913 -0.00932586 10.9143 9.24411 -13 771 0 0 1
0.0238556 0.00650109 80 0.00320045 0.000146012 11.4432 7.82877 -13 773 0 0 1
-0.114083 -0.144729 80 -0.0351552 -0.00164807 8.6222 22.4819 -13 778 0 0 1
1.8071 0.948012 80 0.0432392 0.0178128 0.0282969 23.0346 11 778 1006 0 1
-0.0144593 -0.0211551 80 -0.00318864 -0.00684821 12.9531 3.24923 -13 779 0 0 1
0.0406987 0.00210794 80 0.00838643 -0.00899543 7.52074 16.7771 -13 794 0 0 1
-0.036931 0.0757371 80 0.00282274 0.0404343 8.91209 26.5462 -13 796 0 0 1
0.0533118 -0.0771106 80 -0.0102602 0.0221448 3.42891 16.5334 -13 806 0 0 1
-0.011795 -0.0145569 80 -0.00700107 -0.00959765 13.659 13.1464 -13 807 0 0 1
-0.118393 -0.0156984 80 -0.0111254 0.00081746 7.13386 14.2176 -13 808 0 0 1
-0.00237506 -0.0209374 80 -0.00433822 -0.00564245 14.3142 16.1859 -13 809 0 0 1
0.0851214 -0.0837811 80 0.00432364 -0.0253219 6.28724 31.8011 -13 819 0 0 1
0.0133028 0.0194897 80 0.0101194 0.0107098 8.49697 7.69167 -13 821 0 0 1
0.0128958 -0.00532729 80 0.0102684 -0.00187032 12.6303 25.9494 -13 823 0 0 1
0.00967912 -0.0179872 80 0.000212225 -0.00876383 10.8371 12.3202 -13 837 0 0 1
0.021966 -0.00704305 80 -0.00185591 -0.0020344 9.88486 25.0048 -13 840 0 0 1
0.0598165 -0.0175126 80 0.139637 0.101038 8.3374 11.0616 -13 843 0 0 1
-0.0196581 -0.0178179 80 -0.00833683 -0.00146843 13.4996 11.6367 -13 845 0 0 1
-0.16866 -0.134683 80 -0.00733429 0.00680008 4.82921 15.7998 -13 847 0 0 1
-0.005235 -0.0380892 80 -0.00506599 -0.00474182 9.64239 5.8512 -13 849 0 0 1
-0.0155575 -0.0334715 80 0.00129716 -0.00678338 12.3931 24.9238 -13 850 0 0 1
0.0298256 0.0259623 80 0.0125413 -0.00612329 14.3413 10.6647 -13 857 0 0 1
-0.0138604 0.0413304 80 0.00979032 0.00987257 10.2416 29.5583 -13 858 0 0 1
-0.0135789 0.0265152 80 -0.0131483 0.0133606 13.0542 27.5161 -13 860 0 0 1
-0.0363272 0.0296863 80 -0.000562735 0.0152392 11.1957 6.11144 -13 861 0 0 1
0.109355 0.104423 80 0.0347888 -0.0172699 6.02717 26.3975 -13 862 0 0 1
0.375204 -0.0465997 80 -0.0276718 -0.0779972 4.22348 14.322 -13 863 0 0 1
0.156638 0.0676348 80 0.0208978 -0.0214462 5.5985 34.0832 -13 866 0 0 1
0.054527 0.2224 80 0.0441322 0.12885 0.811821 50.6129 -13 867 0 0 1
0.0102111 -0.0553824 80 -0.002319 -0.013822 8.38843 14.1254 -13 868 0 0 1
-0.034163 0.0860619 80 -0.00746261 0.0152615 14.2468 28.5071 -13 879 0 0 1
0.00805036 0.0211636 80 0.00496214 0.00139306 12.9491 8.13235 -13 880 0 0 1
0.0154927 -0.00416007 80 0.00222205 -0.00300619 14.5412 15.0121 -13 881 0 0 1
-0.165104 0.135998 80 0.00727671 0.0316177 6.57601 26.1595 -13 882 0 0 1
-0.0282984 -0.0943275 80 -0.010176 -0.0104337 7.1865 28.5645 -13 883 0 0 1
0.0506987 0.0226907 80 -0.00426867 -0.00679541 5.80393 22.5537 -13 884 0 0 1
-0.0136786 0.0163716 80 0.0024324 0.00249154 12.5823 4.39154 -13 885 0 0 1
-0.0729813 -0.0299199 80 -0.0119466 0.00668279 8.57649 4.48237 -13 887 0 0 1
-0.0322324 -0.0226406 80 -0.0226971 0.0138382 8.5978 23.1849 -13 888 0 0 1
0.0236151 0.0370733 80 0.0167632 -0.00240367 11.3338 27.7058 -13 889 0 0 1
-0.0211386 0.0223512 80 -0.0101767 0.00984851 10.8674 14.8978 -13 890 0 0 1
-0.00771816 0.0944136 80 0.0168009 0.0141365 7.62118 12.4994 -13 891 0 0 1
0.0385253 -0.200816 80 -0.0162782 -0.0734951 14.073 11.296 -13 892 0 0 1
0.0441441 -0.0315449 80 0.0143793 -0.00541894 9.41792 7.17983 -13 893 0 0 1
0.0158231 0.0577604 80 -0.0022781 0.0214471 12.6232 21.1651 -13 894 0 0 1
0.00528566 -0.0354355 80 -0.00324665 -0.00192646 11.6338 19.7837 -13 895 0 0 1
0.0918745 0.186278 80 0.0334646 -0.0128501 6.76284 14.4887 -13 899 0 0 1
-0.0437729 -0.027674 80 -0.0129188 0.00468727 11.457 4.77509 -13 900 0 0 1
0.173015 -0.00608702 80 -0.00608592 -0.0422327 6.69371 12.5819 -13 903 0 0 1
0.00289771 -0.0143654 80 -6.4899e-05 0.00223979 12.5663 10.34 -13 904 0 0 1
-0.161661 0.185714 80 0.0323638 0.0489775 5.30263 23.9337 -13 905 0 0 1
-0.0109493 0.0108972 80 -0.00143227 0.00212641 10.5036 23.0806 -13 906 0 0 1
-0.0286311 -0.06261 80 -0.0147983 0.00117097 11.6481 29.3505 -13 907 0 0 1
-0.173666 0.147788 80 0.000688513 0.051241 12.9429 6.11119 -13 908 0 0 1
0.0689856 0.123943 80 0.0281731 0.00549517 7.31478 19.4233 -13 909 0 0 1
-0.0171514 -0.0483086 80 -0.017049 -0.0161297 9.32682 5.30431 -13 910 0 0 1
-0.0234577 -0.211559 80 -0.0665432 -0.0527185 2.75077 32.7844 -13 911 0 0 1
0.0297421 -0.018179 80 0.00214546 -0.0103409 11.857 4.89842 -13 912 0 0 1
-0.0280231 -0.0370208 80 -0.0124204 -0.0122844 13.2442 7.1913 -13 10 0 0 1
-0.0148866 0.0218025 80 0.00212634 0.0156931 10.6578 5.54746 -13 11 0 0 1
0.128407 0.0121197 80 0.0173758 -0.0201888 4.09919 13.4128 -13 13 0 0 1
-0.114144 0.000448608 80 -0.0377855 0.0208778 14.5087 9.17069 -13 17 0 0 1
-0.0349484 0.0101075 80 0.00450896 0.00698867 7.09758 25.8374 -13 29 0 0 1
-0.176396 -0.0904385 80 -0.0214395 0.0252387 8.53016 9.19519 -13 32 0 0 1
-0.0204673 0.0267949 80 -0.00727229 0.00843956 13.2786 8.86119 -13 49 0 0 1
0.189786 0.024779 80 -0.00742263 -0.0301009 4.47668 34.006 -13 50 0 0 1
-0.134733 0.14632 80 0.00967945 0.000947206 3.4337 13.6574 -13 54 0 0 1
-0.0660335 -0.177722 80 -0.0329678 -0.034036 9.40317 16.1432 -13 62 0 0 1
-0.00919755 0.0284097 80 0.0109682 -0.00630085 5.57358 19.2004 -13 69 0 0 1
-0.00992017 0.0028881 80 0.000807548 -0.00194176 11.7086 6.6089 -13 71 0 0 1
-0.0207309 0.011412 80 0.00017163 -0.00140326 12.692 27.5442 -13 79 0 0 1
-0.0390782 -0.061054 80 -0.0368225 0.000406689 8.74445 26.6129 -13 81 0 0 1
-0.00404493 -0.00249686 80 -1.46494e-05 -0.000531094 13.2133 25.5859 -13 82 0 0 1
-0.0516945 -0.0688881 80 -0.00481643 -0.00338601 9.88126 22.0743 -13 83 0 0 1
0.0122666 -0.00136127 80 0.00462821 -0.00521306 13.6154 6.25405 -13 85 0 0 1
0.100032 0.0645608 80 0.0171324 -0.0229154 2.93748 37.5608 -13 87 0 0 1
-0.0540702 -0.0556403 80 -0.00316068 0.0116569 2.19551 25.2912 -13 102 0 0 1
0.012846 0.0300651 80 0.00655105 -0.000600106 13.7781 20.1526 -13 107 0 0 1
-0.0205052 -0.00435946 80 -0.0064058 -0.000651585 13.2506 24.9279 -13 132 0 0 1
0.00172619 0.0264637 80 -0.00327329 0.0179622 14.5555 21.2623 -13 133 0 0 1
0.0374466 -0.112166 80 -0.0404731 -0.0209056 7.30243 23.1072 -13 134 0 0 1
-0.104026 -0.0966024 80 -0.0183262 0.0205668 4.77745 11.8187 -13 138 0 0 1
-0.0155824 0.000866857 80 -0.00540573 0.000430876 13.7067 26.1446 -13 153 0 0 1
0.0364836 -0.0189104 80 0.00839635 -0.0130678 9.98133 28.4859 -13 155 0 0 1
-0.00820334 0.00550651 80 -0.00466841 -0.00144127 11.9985 19.5073 -13 156 0 0 1
-0.149981 -0.136609 80 -0.037317 0.0160308 8.5091 14.0683 -13 158 0 0 1
0.000934809 -0.00818062 80 3.3659e-05 -0.00474081 14.1158 9.36511 -13 161 0 0 1
0.0119968 0.0225735 80 0.00486388 0.00324399 9.28912 20.9975 -13 182 0 0 1
0.00405547 0.00186766 80 -0.00143125 -0.00818488 14.0389 7.83361 -13 183 0 0 1
0.00322326 0.00465808 80 0.00285275 0.00512094 11.5159 18.7457 -13 185 0 0 1
-0.0459846 -0.108261 80 -0.023783 7.94643e-05 8.46377 9.50095 -13 190 0 0 1
-0.000836852 0.0755887 80 0.0137212 0.0151433 12.259 8.75513 -13 191 0 0 1
-0.00220594 0.000482556 80 -0.000437863 -7.8899e-05 10.373 10.2213 -13 194 0 0 1
0.0127885 -0.00378581 80 0.0151366 -0.00616812 10.8863 24.9647 -13 195 0 0 1
-0.200692 -0.173279 80 -0.0421731 0.027886 2.15442 35.156 -13 197 0 0 1
-0.0199814 0.000799407 80 0.00647076 -0.0019961 11.6213 24.599 -13 201 0 0 1
0.023638 -0.308596 80 -0.0671936 -0.0177729 3.88004 17.2302 -13 221 0 0 1
-1.0317 -0.0622731 80 -0.0181267 -0.00339107 0.0293198 15.9186 11 221 1024 0 1
0.00781106 0.0147388 80 0.00902769 -0.000537437 8.94115 10.5825 -13 222 0 0 1
-0.00128492 -0.0116775 80 -0.0011308 -0.00712035 13.5169 15.7665 -13 228 0 0 1
0.0316565 -0.0389536 80 -7.99382e-05 -0.0194776 13.4542 13.2737 -13 229 0 0 1
0.0284631 0.0638361 80 0.0104415 0.00670976 11.9928 4.20845 -13 230 0 0 1
0.019301 0.0192977 80 0.00407736 0.00441958 9.09499 29.7419 -13 231 0 0 1
-0.144972 -0.0316977 80 -0.00156403 0.0263846 6.39518 23.8847 -13 232 0 0 1
0.0123583 0.00696408 80 0.0017423 -0.00524036 10.9901 30.8944 -13 233 0 0 1
-0.0193938 -0.020588 80 -0.00458444 -0.0041078 12.5047 5.63531 -13 234 0 0 1
0.128195 0.113145 80 0.0251662 -0.0320643 6.40358 28.339 -13 235 0 0 1
-0.0663821 0.0909732 80 0.0127993 0.0177954 4.80702 26.6871 -13 236 0 0 1
0.0103561 -0.0102798 80 -0.0078577 0.000615421 8.43823 18.8254 -13 237 0 0 1
0.0291771 -0.00792436 80 0.00144428 -0.00577626 12.9332 14.932 -13 245 0 0 1
0.000564276 -0.0505585 80 -0.0176609 -0.0210006 11.6561 13.2745 -13 247 0 0 1
0.0016521 0.0122108 80 -0.00266658 0.0048663 12.3685 13.4315 -13 249 0 0 1
-0.0129294 -0.0152692 80 0.00420378 -0.00540342 11.9408 23.9623 -13 253 0 0 1
-0.344413 -0.0637477 80 -0.0385198 0.0445094 8.36316 8.3608 -13 254 0 0 1
-0.0571931 0.116523 80 0.0102011 0.0270614 12.0856 10.3632 -13 255 0 0 1
0.00808724 -0.0348558 80 -0.00416411 -0.00921279 14.2242 26.0763 -13 260 0 0 1
0.00421949 0.0011635 80 0.00845061 0.00152495 14.0743 24.8592 -13 267 0 0 1
-0.00114396 0.0312486 80 0.00838038 0.00973451 12.2815 8.27684 -13 268 0 0 1
0.00630772 0.0218412 80 0.00421255 0.015264 11.9234 14.612 -13 269 0 0 1
-0.16446 -0.324889 80 -0.0516639 0.0140786 3.70757 37.0713 -13 270 0 0 1
-0.0305614 -0.0667339 80 -0.0237898 -0.000877952 8.85092 23.2661 -13 275 0 0 1
0.00150347 -0.00107973 80 -0.00187479 -0.00118924 13.3577 23.1066 -13 279 0 0 1
0.0772432 -0.0587253 80 -0.00427209 -0.017325 8.19421 23.8746 -13 281 0 0 1
-0.00178075 -0.0135814 80 -0.000326645 -0.00586501 10.737 10.2794 -13 283 0 0 1
-0.0569008 0.00236832 80 -0.0129249 0.0273923 3.55031 36.3465 -13 285 0 0 1
0.0951366 0.0212367 80 0.0213483 -0.00929637 10.9058 31.1743 -13 287 0 0 1
0.0651432 -0.0764335 80 -0.00464127 -0.0196675 7.47328 33.2971 -13 293 0 0 1
-0.044397 0.016984 80 0.000635441 0.00853872 7.31354 27.363 -13 295 0 0 1
0.346205 0.0138738 80 0.0271317 -0.0813701 2.63692 40.1334 -13 298 0 0 1
0.087882 -0.198293 80 -0.0215398 -0.0356103 7.62173 20.1156 -13 302 0 0 1
0.0253874 -0.0590852 80 -0.00411068 -0.0128459 9.86461 10.0102 -13 414 0 0 1
0.013626 -0.00651421 80 0.00470008 -0.00699558 12.6606 16.6177 -13 416 0 0 1
-0.0228166 -0.037723 80 -0.00795304 -0.00313874 10.0661 29.7248 -13 418 0 0 1
-0.111282 -0.0547479 80 -0.0248372 0.00918326 7.73844 18.0861 -13 419 0 0 1
-0.00516617 0.00559296 80 0.000798122 0.00383778 12.4944 12.7369 -13 420 0 0 1
0.0121199 -0.122089 80 0.00791928 -0.0212472 7.15919 8.54786 -13 422 0 0 1
-0.0278137 -0.0688589 80 -0.0216471 -0.00509631 9.35953 13.5147 -13 424 0 0 1
-0.00181266 0.0931204 80 0.00787062 0.00741625 7.08945 12.7913 -13 428 0 0 1
-0.00255726 -0.0797707 80 -0.0116037 -0.00341754 7.90152 17.2144 -13 429 0 0 1
-0.00227294 -0.0590051 80 0.00451032 -0.00705108 10.8663 13.0652 -13 431 0 0 1
-0.00353071 -0.0139782 80 -0.0080363 -0.0108061 9.9861 21.4854 -13 432 0 0 1
-0.0253225 0.0393778 80 0.00145614 0.01387 11.0645 28.2765 -13 433 0 0 1
0.000406918 0.0170108 80 0.00588017 0.00395292 13.7155 13.8708 -13 434 0 0 1
0.0424643 -0.0311256 80 0.00721101 -0.0108705 11.4066 17.9234 -13 435 0 0 1
0.00286293 -0.0118153 80 -0.00373441 -0.00665938 11.2806 9.78462 -13 436 0 0 1
0.0418566 -0.0120361 80 0.0225772 -0.00207519 10.7236 14.4523 -13 437 0 0 1
-0.00988867 0.0452264 80 -0.00216846 0.0155833 11.1452 19.4343 -13 438 0 0 1
0.0648617 -0.0505041 80 -0.00901228 -0.0108903 8.88717 24.6793 -13 440 0 0 1
0.000282025 -0.0290086 80 -0.0163236 -0.00528995 11.4401 17.1219 -13 441 0 0 1
5.10515 6.9179 80 -8.66814e-05 -0.0368229 -0.0313333 39.7242 11 441 1003 0 1
-0.0932522 0.0314699 80 -0.00876528 0.0170129 11.4045 13.7752 -13 444 0 0 1
-0.0603783 0.0171247 80 -0.00380868 0.0287881 7.92129 24.6726 -13 451 0 0 1
-0.0598601 0.132353 80 -0.132224 -0.0722996 2.59704 15.7783 -13 455 0 0 1
-1.15496 -0.117598 80 0.00222285 0.0181065 -0.167222 307.59 11 455 1003 0 1
-0.0253294 0.0283729 80 -0.000503313 0.0163462 13.6967 28.7274 -13 462 0 0 1
-0.00110076 -0.0124234 80 -0.00272514 -0.00683442 13.7082 19.0137 -13 498 0 0 1
0.018497 0.0241729 80 0.0036509 0.00244014 11.9885 18.6769 -13 499 0 0 1
-0.0141077 -0.00338691 80 0.00037445 -0.00316022 12.6773 16.11 -13 500 0 0 1
0.0845099 0.169873 80 0.051549 0.046474 7.95697 9.82235 -13 514 0 0 1
0.553467 -1.25094 80 0.027411 -0.0219003 0.0409588 9.75241 11 514 1004 0 1
-0.00634966 0.0193359 80 -0.00326955 -0.000802582 9.73949 10.6686 -13 525 0 0 1
0.0157108 0.0894942 80 -0.342216 0.251331 3.63146 36.8535 -13 527 0 0 1
-0.0679353 -0.0120942 80 -0.00459122 0.0185315 8.34874 26.599 -13 530 0 0 1
0.027988 -0.019004 80 0.00807248 -0.00889099 11.352 8.79091 -13 539 0 0 1
-0.0334614 0.0191044 80 -0.00290966 -0.00574979 11.2829 28.6229 -13 540 0 0 1
-0.0106743 0.0258483 80 0.00279677 0.00553596 10.6989 22.7415 -13 547 0 0 1
-0.0291068 -0.0293375 80 -0.0113958 0.00346099 8.64693 20.3633 -13 550 0 0 1
-0.00604127 -0.174114 80 -0.0423407 0.00329764 5.20542 7.48749 -13 554 0 0 1
-0.0705759 0.0803319 80 0.0109795 0.0232893 6.22068 25.8871 -13 556 0 0 1
-0.0422748 -0.00379316 80 -0.00423918 0.00611942 10.9554 31.3007 -13 559 0 0 1
0.0330197 0.0346576 80 0.0133298 0.00434418 13.6153 3.31887 -13 560 0 0 1
-0.00918875 0.242825 80 0.0387551 0.0221914 5.33708 32.5225 -13 561 0 0 1
-0.078371 -0.0526079 80 -0.0284137 -0.00243444 11.0684 6.68486 -13 562 0 0 1
0.0148988 -0.00313932 80 -0.00141461 -0.0015194 11.871 28.8752 -13 568 0 0 1
-0.0281186 -0.0460008 80 -0.0186387 -0.00340267 13.5546 13.7438 -13 569 0 0 1
0.00948938 -0.00810389 80 0.00295985 -0.00158018 11.1154 28.7615 -13 570 0 0 1
0.0580477 -0.00490104 80 0.0100459 -0.0158747 12.6593 16.1501 -13 571 0 0 1
-0.0786338 -0.0559622 80 -0.0218048 -0.00209336 9.92287 15.6479 -13 572 0 0 1
-0.0230715 -0.0239936 80 -0.00602934 -0.0100689 6.66996 17.66 -13 573 0 0 1
0.122778 0.0183251 80 0.0158218 -0.0128855 13.747 11.2373 -13 574 0 0 1
-0.00957239 -0.0312277 80 -0.00758831 -0.00812375 13.9857 28.9099 -13 584 0 0 1
-0.0787586 -0.131657 80 -0.0430481 -0.0168563 11.2682 11.0265 -13 585 0 0 1
-0.000737603 0.00237206 80 -0.00137431 0.0119203 9.40869 28.3548 -13 586 0 0 1
0.00058748 0.0275566 80 -0.00170805 0.013997 13.7735 21.8655 -13 587 0 0 1
0.132899 0.172686 80 0.0512303 0.00286746 9.61784 13.0777 -13 588 0 0 1
0.0023091 -0.0171061 80 -0.00229496 -0.002515 13.2833 14.8745 -13 589 0 0 1
-0.016518 -0.0271429 80 0.0135636 -0.0020684 9.18572 15.4099 -13 591 0 0 1
-0.0151163 0.0167733 80 -0.00914696 0.00348516 8.36077 16.5359 -13 592 0 0 1
-0.00872897 0.0945071 80 -0.0105422 0.0147463 5.93514 32.3433 -13 593 0 0 1
0.00549626 -0.0490065 80 -0.0206942 -0.0032682 10.7783 32.3073 -13 594 0 0 1
0.0214565 -0.0342484 80 -0.0366229 0.0066411 8.16208 20.711 -13 596 0 0 1
0.222659 -0.0282277 80 0.0411311 -0.0322344 10.4451 14.9389 -13 597 0 0 1
0.364897 0.250323 80 0.0409313 -0.0772537 0.970216 30.8184 -13 598 0 0 1
-0.0847509 -0.0539607 80 -0.0119276 0.00659981 5.91782 12.2464 -13 599 0 0 1
-0.125698 -0.153084 80 -0.0260437 0.0235258 2.43401 12.1773 -13 600 0 0 1
-0.0265087 -0.00504786 80 -0.00585475 -0.00480649 12.5649 20.6605 -13 601 0 0 1
-0.0730055 0.202958 80 0.0176794 0.0228436 6.84521 26.3763 -13 896 0 0 1
0.0277806 0.0576536 80 0.0167583 -0.00283613 10.3799 10.4961 -13 897 0 0 1
0.0402439 -0.0873509 80 -0.0109799 -0.0220038 8.46234 20.4448 -13 898 0 0 1
0.00405052 0.175041 80 0.0294229 0.00617953 5.45946 34.0548 -13 901 0 0 1
-0.626582 -2.65965 80 -0.0317833 -0.0302343 -0.164337 639.671 11 901 1004 0 1
-0.029672 0.0181397 80 0.00329548 0.0121718 8.66956 6.20108 -13 902 0 0 1
0 0 80 0 0 0.269863 152.002 -13 913 0 0 1
0.00347597 0.0126566 80 0.00902584 0.00977677 10.3245 5.28765 -13 914 0 0 1
0.0328149 0.0201407 80 0.00912656 -0.0231655 9.13861 9.9878 -13 915 0 0 1
0.0151049 0.0249451 80 0.000199092 0.00175532 13.8182 21.3499 -13 916 0 0 1
0.00110881 0.00952859 80 0.00443598 0.0141563 12.5056 22.3282 -13 917 0 0 1
-0.00245623 -0.0224427 80 -0.00634004 -0.0018956 12.8601 26.8189 -13 918 0 0 1
0.175222 -0.0769672 80 0.0118194 -0.0457982 4.12189 13.1479 -13 919 0 0 1
0.104774 0.00769641 80 0.0124039 -0.0135084 8.66692 7.02892 -13 920 0 0 1
-0.0532698 -0.026457 80 -0.0244187 0.00992759 14.0906 8.75127 -13 921 0 0 1
-0.0140405 0.00784358 80 -0.000491285 0.0117164 12.8852 23.7501 -13 922 0 0 1
0.117469 0.0925448 80 0.0222928 -0.0259999 4.28684 35.8549 -13 923 0 0 1
-0.00365522 -0.0113746 80 -0.00338057 -0.00141757 13.6285 16.4523 -13 924 0 0 1
0.00618969 -0.017216 80 0.00319453 -0.00849792 13.9767 30.9511 -13 925 0 0 1
0.0104355 -0.00760033 80 0.0131685 -0.002838 12.8229 3.54395 -13 926 0 0 1
0.0339835 0.00179664 80 0.0185069 -0.0184657 4.96953 21.2233 -13 927 0 0 1
-0.020041 0.0136799 80 -0.0108446 0.00651419 11.7983 26.5586 -13 928 0 0 1
0.0218556 -0.0183703 80 0.00389407 -0.0144927 13.5676 9.19982 -13 929 0 0 1
0.143331 0.0411556 80 0.0515893 -0.0103196 12.7501 20.9488 -13 930 0 0 1
-0.0267376 -0.036318 80 -0.0128424 -0.0126416 13.3216 23.8901 -13 931 0 0 1
-0.0114611 0.04374 80 0.00918076 0.00752906 11.4625 32.0163 -13 932 0 0 1
-0.0497924 0.0250305 80 -0.00730085 0.0149093 13.6201 15.9389 -13 933 0 0 1
0.00257464 -0.0234632 80 0.00494774 0.0012497 8.66389 16.1801 -13 934 0 0 1
-0.0584391 0.0404721 80 -0.0639835 0.0779328 10.4452 24.5958 -13 935 0 0 1
0.0274729 -0.00671218 80 0.0040817 -0.00755193 12.4567 16.3111 -13 936 0 0 1
0.0113163 0.00566779 80 0.0087082 0.0036763 12.5451 30.0698 -13 937 0 0 1
0.117725 -0.233662 80 -0.0316927 -0.0187978 4.75992 10.4738 -13 938 0 0 1
0.00245788 -0.00183147 80 0.00420678 0.0213193 13.8532 12.5165 -13 939 0 0 1
0.084969 0.208447 80 0.0373162 -0.0197625 6.05629 9.45819 -13 940 0 0 1
-0.0123462 0.0383455 80 0.00278316 0.0145364 12.3038 18.7054 -13 941 0 0 1
-0.0647013 -0.229549 80 0.00923939 -0.00122179 3.15075 33.6925 -13 942 0 0 1
-0.0788724 -0.149656 80 -0.0369073 -0.015652 10.5252 28.1485 -13 943 0 0 1
3.88343 -0.705785 80 -0.00374914 -0.0157984 0.0298497 29.5565 11 943 1007 0 1
-0.0711972 -0.0713221 80 -0.0351941 -0.00456121 11.1678 6.84619 -13 4 0 0 1
-0.00259969 0.0540658 80 0.0124483 0.00981567 6.96254 11.5209 -13 5 0 0 1
-0.00349338 -0.0182619 80 -0.0041977 -0.00903284 14.3767 16.2908 -13 25 0 0 1
-0.00622739 0.0121366 80 -0.00173198 -0.00794305 13.6572 4.62377 -13 30 0 0 1
0.0329154 -0.0469629 80 0.00171834 -0.00439162 10.3893 7.25762 -13 31 0 0 1
0.0196536 -0.038989 80 -0.0237278 -0.0145587 5.27946 32.5194 -13 35 0 0 1
-0.0233657 -0.00698101 80 -0.0063833 0.000378776 11.8663 26.1416 -13 38 0 0 1
-0.045485 0.0130312 80 -0.0137119 0.0117059 8.45269 15.7997 -13 51 0 0 1
0.0909698 -0.316273 80 -0.115829 -0.0529811 2.99436 32.5447 -13 52 0 0 1
-0.0525658 -0.0539803 80 -0.0305845 0.0120097 8.33132 10.934 -13 58 0 0 1
0.473284 -0.994813 80 -0.195539 0.078731 1.36677 42.0616 -13 342 0 0 1
-0.18394 0.160838 80 0.00689858 0.0162587 2.96421 38.896 -13 343 0 0 1
-0.0312653 -0.0708922 80 -0.0403301 -0.00860267 6.9418 26.3476 -13 602 0 0 1
-1.23544 -1.26468 80 -0.321067 0.0476516 9.31334 25.803 -13 603 0 0 1
-0.0834321 -0.116292 80 -0.0254901 0.0104731 7.60151 17.0948 -13 604 0 0 1
-0.0483011 -0.0199751 80 -0.0142207 0.00710348 12.4673 19.1271 -13 606 0 0 1
0.0610875 -0.00467772 80 0.0186808 -0.00321274 11.8982 8.47719 -13 607 0 0 1
-0.0428936 0.0981203 80 0.0116394 0.0340875 12.9577 17.3835 -13 608 0 0 1
0.0305371 -0.0886315 80 -0.00153353 -0.0178455 8.84671 10.873 -13 610 0 0 1
0.0110139 0.00868469 80 -0.0020773 0.00315707 10.3541 8.05154 -13 611 0 0 1
-0.0144637 -0.00579075 80 -0.00642514 -0.00131477 10.8352 19.9609 -13 617 0 0 1
-0.148149 0.118096 80 0.0183284 0.0339122 4.99082 27.7335 -13 619 0 0 1
0.00475624 -0.0149837 80 0.00876939 0.00173012 5.29383 8.21084 -13 621 0 0 1
0.00247336 -0.0559606 80 -0.016235 -0.0161276 9.4441 21.0448 -13 627 0 0 1
0.177399 -0.0155051 80 0.0128034 0.0091321 3.40603 26.9624 -13 628 0 0 1
-0.00204248 -0.0132754 80 0.00160739 0.00447077 10.4711 9.30243 -13 629 0 0 1
0.204548 -0.162108 80 -0.00261991 -0.0499407 11.7371 30.2859 -13 630 0 0 1
1.48055 -2.04741 80 0.0063193 -0.0344256 0.0737787 30.1446 11 630 1003 0 1
4.74159 -10.2115 80 -0.00293753 0.0450861 -0.0498082 61.328 11 630 1003 0 1
0.0576483 0.0462639 80 0.0373569 0.0253664 8.89027 31.2136 -13 631 0 0 1
0.00580255 0.00228301 80 -0.00254581 -0.00317365 13.7433 20.9104 -13 644 0 0 1
0.0892029 0.0182538 80 0.0220226 -0.0171786 9.75276 5.59454 -13 645 0 0 1
-0.0925916 -0.246303 80 -0.0232995 0.0105437 6.04178 32.0788 -13 647 0 0 1
0.179238 0.0428546 80 0.0108818 -0.0328625 4.40052 20.1462 -13 648 0 0 1
0.0608891 -0.0163208 80 0.0110852 -0.00533781 10.108 16.1955 -13 651 0 0 1
0.0734721 -0.23966 80 -0.0110303 -0.0365749 12.2779 15.0305 -13 654 0 0 1
-1.58996 -0.221161 80 -0.00348332 0.020627 0.044825 16.7665 11 654 1005 0 1
0.100122 0.109427 80 0.0163528 -0.0152705 5.24434 22.5295 -13 658 0 0 1
0.00848179 -0.00940163 80 0.00319423 -0.00415454 11.709 25.2156 -13 660 0 0 1
0.0559755 0.017866 80 0.0110166 -0.00531527 10.6596 19.0568 -13 661 0 0 1
-0.184059 0.115756 80 -0.0104976 0.0457851 12.1428 14.1096 -13 662 0 0 1
0.116582 0.0692002 80 0.0132943 -0.00365456 9.55742 32.547 -13 663 0 0 1
-0.000426669 -0.0414864 80 -0.00670449 -0.0140713 11.363 4.86288 -13 665 0 0 1
-0.151453 0.0298354 80 -0.0409107 0.035465 11.7954 17.4079 -13 666 0 0 1
-0.0110591 -0.00458552 80 -0.00239742 -0.00689778 13.1089 15.3537 -13 667 0 0 1
0.039586 -0.0604523 80 -0.000647042 -0.0164388 6.73351 15.0613 -13 668 0 0 1
-0.0114797 -0.0132542 80 -0.00592227 -0.0103127 9.62859 21.1513 -13 669 0 0 1
0.00441599 -0.0154792 80 -0.00378503 -0.00329566 13.1576 22.2328 -13 671 0 0 1
0.00633713 0.0368772 80 0.00442229 0.00180502 7.24158 12.3593 -13 675 0 0 1
-0.0333485 -0.0858721 80 -0.0209425 -0.0199943 11.8475 9.5465 -13 677 0 0 1
0.0569852 -0.0915019 80 -0.00332948 -0.0335544 8.07577 11.3246 -13 685 0 0 1
0.0120985 0.0205148 80 0.00673605 0.00172004 11.6675 29.9161 -13 686 0 0 1
0.0117135 0.0857086 80 0.0241852 0.0255997 9.05346 10.0604 -13 687 0 0 1
0.0422682 0.0355998 80 0.0205561 0.0072527 12.8569 25.5149 -13 688 0 0 1
0.0297011 0.0615804 80 0.00806262 0.01035 9.91824 25.781 -13 689 0 0 1
-0.00688373 0.0762028 80 0.0123089 0.00606535 5.33536 25.2222 -13 690 0 0 1
-0.213717 -0.125798 80 -0.0245307 0.0292385 7.51432 5.94168 -13 692 0 0 1
0.0190677 0.0168902 80 0.0100353 0.00300536 12.7838 23.4183 -13 693 0 0 1
-0.00631124 0.0402483 80 0.0370731 0.038322 4.122 18.1796 -13 694 0 0 1
-0.0635061 -0.094973 80 -0.0207984 0.0129056 7.38946 15.1799 -13 695 0 0 1
0.175285 0.126911 80 0.0296647 -0.00234994 8.77445 11.4879 -13 698 0 0 1
-0.0180821 -0.0256715 80 -0.0054019 0.00914113 8.83392 14.0737 -13 700 0 0 1
0.0286844 -0.0250214 80 0.00914867 -0.00568284 9.10092 5.70077 -13 701 0 0 1
0.0167398 0.0207185 80 0.00330663 0.00558585 12.0911 24.9449 -13 703 0 0 1
0.00382854 0.0958342 80 0.0222407 0.0211263 7.97872 23.7711 -13 710 0 0 1
-0.00545312 0.00510407 80 -0.00247612 -0.00428512 11.6236 22.5295 -13 712 0 0 1
-0.0336266 -0.0269369 80 -0.0101711 -0.00823843 6.50904 26.7494 -13 713 0 0 1
0.0944241 0.169555 80 0.0421705 0.0151667 14.0572 23.5354 -13 714 0 0 1
-0.00991125 -0.0153365 80 -0.00320874 0.00308844 10.6186 18.3543 -13 717 0 0 1
0.0801337 0.0134877 80 0.0103997 -0.0173598 8.58306 7.1314 -13 723 0 0 1
-0.0671763 0.0164343 80 -0.0123331 0.00713728 9.62773 15.107 -13 725 0 0 1
0.00861772 -0.000938334 80 -0.00451944 0.00283907 13.6262 17.8877 -13 726 0 0 1
-0.0106229 -0.0113113 80 -0.00276499 -0.00365973 14.1576 7.30272 -13 727 0 0 1
-0.0161366 -0.00724267 80 -0.00332564 0.000116211 10.9919 5.97277 -13 731 0 0 1
-0.40467 0.0164136 80 -0.0813602 0.0601676 2.88311 29.2941 -13 732 0 0 1
0.252353 -0.0224737 80 0.0167202 -0.0243409 4.93123 18.2879 -13 733 0 0 1
0.00645214 0.0671617 80 0.0148815 -0.00706983 5.90726 28.7887 -13 944 0 0 1
0.171448 -0.0947375 80 -0.0352541 -0.017478 4.13668 33.9671 -13 945 0 0 1
0.0319877 0.0157301 80 0.00857167 0.000335164 14.313 15.3145 -13 946 0 0 1
-0.0101151 -0.0802562 80 -0.0158105 -0.0148441 10.4965 8.36695 -13 947 0 0 1
0.0645788 0.0587657 80 0.0170709 -0.00398594 7.79172 9.27824 -13 948 0 0 1
0.013586 -0.025077 80 -0.00106448 -0.00873578 12.4988 23.7542 -13 949 0 0 1
-0.0372096 0.0063928 80 0.0306939 0.00421561 3.71326 11.1137 -13 950 0 0 1
-0.106901 0.0688372 80 -0.00785167 0.0374485 5.41504 12.7996 -13 951 0 0 1
-0.0313908 -0.337582 80 -0.0293355 -0.0121301 4.38945 32.6954 -13 952 0 0 1
0.0151747 -0.0474595 80 -0.00988147 0.000778555 9.90292 10.2697 -13 953 0 0 1
-0.137839 0.0591844 80 0.0135554 0.0192381 6.80577 24.5598 -13 954 0 0 1
-0.0271962 0.0727761 80 -0.00679205 0.0198045 7.44921 21.4569 -13 955 0 0 1
0.0146867 -0.0306969 80 -0.00399132 -0.00774671 7.03853 11.9719 -13 956 0 0 1
0.00653822 -0.050055 80 -0.00816507 -0.0196274 14.0687 21.3388 -13 957 0 0 1
-0.0188729 0.0413329 80 -0.0134662 0.0225518 11.895 17.1341 -13 958 0 0 1
0.0161389 -0.0125571 80 -0.00225891 -0.00268351 10.4213 23.7865 -13 959 0 0 1
-0.00330017 -0.00477613 80 -0.00538553 -0.00631819 14.4488 11.8895 -13 960 0 0 1
0.0760336 0.0384181 80 0.0608091 -0.0102295 2.86024 23.6828 -13 961 0 0 1
0.0136233 -0.11831 80 -0.0127782 -0.021405 11.8386 21.9009 -13 962 0 0 1
0.0502925 -0.103307 80 -0.00425765 -0.032381 9.43754 11.5744 -13 966 0 0 1
-0.0779789 0.0136373 80 -nan -nan -nan 158.188 -13 967 0 0 1
-0.0326176 0.189649 80 0.00879289 0.000723673 3.24353 17.8502 -13 968 0 0 1
0.0465675 0.023365 80 0.0148267 -0.0026204 13.2601 16.5736 -13 971 0 0 1
-0.102855 0.0606412 80 -0.0134082 0.0250896 8.31192 21.297 -13 19 0 0 1
0.0360823 0.0202869 80 -0.0352801 -0.0410283 2.8107 28.8877 -13 20 0 0 1
0.0606529 0.0267317 80 0.0169081 -0.0018174 8.96932 18.9965 -13 26 0 0 1
0.054341 -0.13761 80 -0.00994144 -0.0264428 10.4222 31.1412 -13 37 0 0 1
-0.00659119 -0.0374571 80 -0.0131858 -0.0115047 9.81335 30.5905 -13 57 0 0 1
-0.165686 -0.0109521 80 -0.0192346 0.0311119 7.1553 21.5591 -13 59 0 0 1
-0.000240532 -0.00203714 80 0.00270507 -0.000169885 14.0295 30.5112 -13 63 0 0 1
-0.0220705 0.06513 80 0.00094999 0.0290145 7.44045 17.3851 -13 66 0 0 1
-0.0419443 -0.00275614 80 -0.0134428 0.00169698 10.6763 22.5079 -13 68 0 0 1
-0.00232723 -0.0386322 80 -0.00803576 -0.00944413 11.1878 8.05543 -13 70 0 0 1
-0.025568 0.00800077 80 -0.00475472 0.0122808 10.3939 4.5842 -13 72 0 0 1
0.0518481 -0.138466 80 -0.00795331 0.0120062 6.24769 26.5906 -13 73 0 0 1
0.00997792 -0.00672502 80 0.00624639 -0.0039514 13.5633 15.9745 -13 78 0 0 1
-0.260284 0.149583 80 0.00733732 0.0435822 6.43452 18.3525 -13 84 0 0 1
0.000821665 0.0155057 80 -0.00175359 0.00601295 12.8771 17.6311 -13 97 0 0 1
-0.0366291 0.0767074 80 0.0075879 0.0201931 9.60654 11.404 -13 98 0 0 1
0.120855 -0.0663455 80 -0.0206916 -0.0405674 4.92493 22.1714 -13 101 0 0 1
-0.0423749 -0.0079964 80 -0.00826808 -0.00681669 9.9905 26.5151 -13 103 0 0 1
0.0066754 -0.0209553 80 -0.00437169 -0.00651081 10.3417 31.1675 -13 106 0 0 1
0.0165937 -0.0778162 80 -0.0131997 0.00263693 7.39614 16.9328 -13 108 0 0 1
0.00863307 0.00520966 80 0.0121157 -0.00881282 13.585 3.127 -13 109 0 0 1
-0.100814 0.0261657 80 -0.00254566 0.0144476 5.95916 10.3812 -13 118 0 0 1
0.00663013 0.00726205 80 -0.00160859 -0.00491136 7.56628 18.1583 -13 120 0 0 1
-0.0378759 -0.0342496 80 -0.00980343 -0.00969733 13.5111 12.119 -13 128 0 0 1
-0.0186858 0.000980314 80 -0.00390985 0.0040618 13.5084 15.185 -13 129 0 0 1
-0.00536282 0.00558025 80 2.8942e-05 -0.00150227 10.4738 25.3523 -13 130 0 0 1
0.0068628 0.0480957 80 0.0174697 0.0102726 9.21792 11.7481 -13 131 0 0 1
0.00674191 -0.0112251 80 0.00917511 -0.0166731 12.9892 14.4485 -13 136 0 0 1
0.00621192 -0.0068646 80 0.00293012 -0.00293645 13.8328 3.56254 -13 141 0 0 1
0.0132738 -0.0434506 80 -0.00695948 -0.00871146 13.7641 14.1312 -13 142 0 0 1
-0.0778116 -0.102186 80 -0.0252504 0.00804496 11.0333 8.58082 -13 143 0 0 1
-0.0286107 0.175522 80 0.0221859 0.0213242 9.87538 28.583 -13 145 0 0 1
0.00405037 0.00645129 80 0.0014664 -0.000554488 13.8639 23.0028 -13 150 0 0 1
-0.0285581 -0.0103385 80 -0.00423555 0.0025504 9.49712 20.6223 -13 154 0 0 1
0.0543658 0.0806952 80 0.0233931 0.00600854 13.2527 11.7652 -13 157 0 0 1
-0.122807 -0.29001 80 -0.0996328 -0.134156 9.82194 18.6164 -13 162 0 0 1
-0.0121158 -0.000801621 80 -0.00590241 -0.00026815 9.79583 6.35309 -13 163 0 0 1
0.180707 -0.0294095 80 0.0187062 0.0113321 5.72282 16.9261 -13 178 0 0 1
-0.013422 0.0459502 80 0.00722024 0.00953481 12.1032 8.51162 -13 192 0 0 1
0.0498856 -0.0515403 80 -0.00159608 -0.0198512 14.47 23.0942 -13 203 0 0 1
0.0136307 0.0720153 80 -0.00536269 0.0199947 7.25195 15.5334 -13 205 0 0 1
-0.00526459 -0.331553 80 -0.0381061 0.0334598 2.29586 40.8236 -13 206 0 0 1
-0.0341952 -0.00694732 80 -0.0119678 0.00660097 13.7216 15.3758 -13 209 0 0 1
0.0366582 -0.0242462 80 0.00611225 -0.0115579 12.128 17.4376 -13 347 0 0 1
-0.0475408 -0.0489015 80 -0.00593652 0.00719589 7.21457 18.6473 -13 349 0 0 1
0.0567724 -0.0372709 80 0.00253144 -0.0217694 7.8385 27.3371 -13 350 0 0 1
-0.0737967 -0.100475 80 -0.0151573 0.0196641 3.71258 27.0052 -13 355 0 0 1
0.127775 0.0529711 80 0.026811 -0.0140233 9.80697 31.2085 -13 356 0 0 1
-0.00865291 -0.0130277 80 0.00215952 -0.00969534 10.6991 30.449 -13 357 0 0 1
-0.00580252 -0.0369708 80 0.000234813 -0.00955442 11.8097 9.08059 -13 359 0 0 1
-0.0104462 -0.00281489 80 0.00332985 -0.000333913 13.5211 24.1127 -13 360 0 0 1
0.375742 -0.135691 80 -0.0292214 -0.0637591 4.13562 13.2817 -13 361 0 0 1
0.0142604 -0.0188398 80 0.00871532 -0.00287303 11.8638 7.6262 -13 365 0 0 1
-0.0429889 -0.0458988 80 -0.00833805 0.00551873 7.95378 5.03126 -13 366 0 0 1
0.0133797 -0.0212408 80 -0.00384312 -0.00946493 11.7266 27.4835 -13 367 0 0 1
0.139406 -0.199059 80 -0.040409 -0.0265033 2.5565 32.642 -13 369 0 0 1
-0.0204143 -0.0182387 80 -0.013733 0.000138896 14.5323 20.127 -13 371 0 0 1
-0.0701782 0.0591748 80 -0.0104795 0.029079 10.7499 8.42074 -13 380 0 0 1
-0.0248431 -0.00881943 80 -0.00121137 0.00420241 7.89522 16.7766 -13 381 0 0 1
0.0830593 0.0953999 80 0.0477071 0.0181752 2.13055 38.4585 -13 383 0 0 1
-0.0350784 -0.0227699 80 -0.0149759 -0.00450001 14.4431 20.2723 -13 387 0 0 1
-0.065512 0.0282095 80 -0.00626926 0.0177989 9.42398 27.2375 -13 388 0 0 1
0.0163613 0.0175887 80 0.00521628 -0.000325302 13.5103 21.1909 -13 389 0 0 1
-0.124539 0.0303952 80 -0.0106164 -0.00346376 4.27439 10.5979 -13 393 0 0 1
-0.0851108 0.0358043 80 -0.0200143 0.0202655 4.16996 17.1708 -13 394 0 0 1
-0.31904 0.557579 80 0.040525 0.137143 13.3123 9.99669 -13 398 0 0 1
-0.0377042 0.0131431 80 -0.00789614 0.00914378 12.6602 6.1928 -13 399 0 0 1
0.0597978 0.0202299 80 0.0141777 0.00178794 11.6708 14.3854 -13 400 0 0 1
-0.034742 -0.00272796 80 -0.00754963 0.00419235 11.1913 16.316 -13 401 0 0 1
-0.00905137 0.101459 80 0.0210347 0.0125271 7.38798 5.97363 -13 402 0 0 1
0.016753 0.0162079 80 0.00673499 -0.00335793 14.4011 10.9067 -13 404 0 0 1
-0.101709 -0.0406088 80 -0.00363859 -0.0239764 4.92808 30.4067 -13 407 0 0 1
0.00181614 0.0103578 80 -0.00542025 0.00591162 10.9467 24.6363 -13 408 0 0 1
0.18268 0.197732 80 0.0332416 -0.0269266 7.22051 14.6693 -13 410 0 0 1
-4.10182 -2.58449 80 0.0158351 0.00198079 0.032645 15.4563 11 410 1007 0 1
0.0352014 -0.0598765 80 0.00153392 -0.0187861 6.92588 9.80256 -13 411 0 0 1
0.00712757 0.0147795 80 0.0099861 0.0280893 7.34929 9.16727 -13 412 0 0 1
0.045028 0.109066 80 0.0331752 0.00163668 5.82966 6.31512 -13 413 0 0 1
0.0765654 0.0222174 80 0.0203018 -0.0205192 6.65866 10.8052 -13 417 0 0 1
0.016089 0.00671539 80 0.00742894 -0.000270598 13.2172 7.46856 -13 421 0 0 1
-0.0473156 0.0537432 80 0.00841971 0.0161783 5.25498 35.1169 -13 425 0 0 1
0.188587 0.115749 80 0.047852 -0.0292093 5.17429 30.4367 -13 426 0 0 1
0.0316799 0.0441832 80 0.0157633 0.0156489 9.97203 13.7092 -13 430 0 0 1
0.0363666 0.0108619 80 0.00921791 -0.00624193 11.9638 31.3921 -13 439 0 0 1
0.0901808 -0.123513 80 -0.0122227 -0.0123949 4.3805 9.63919 -13 442 0 0 1
0.0918128 -0.0923804 80 0.00732569 0.00487541 0.00439514 9.72242 11 442 1014 0 1
0.0855668 -0.00497049 80 0.00374472 -0.0119834 7.67258 29.8341 -13 443 0 0 1
0.0663412 0.11189 80 0.0225064 -0.00463705 8.05104 29.8358 -13 445 0 0 1
0.0180511 -0.00587909 80 0.00728783 -0.00765925 13.4178 29.3246 -13 446 0 0 1
-0.0178952 -0.000557675 80 -0.0115316 0.00491926 11.5942 15.0268 -13 447 0 0 1
0.014856 0.00582004 80 -0.000551774 0.0011095 9.86031 6.992 -13 448 0 0 1
0.00321744 0.0161845 80 0.00354358 0.00724499 8.22852 8.6925 -13 449 0 0 1
-0.0284175 -0.0246136 80 -0.0115524 -0.00324365 12.3873 32.0138 -13 450 0 0 1
-0.00512938 0.0109382 80 0.000586409 0.00220376 11.909 29.3738 -13 452 0 0 1
0.0163273 0.0714876 80 0.00953307 0.00113976 12.9841 30.5071 -13 453 0 0 1
0.0792315 -0.0435063 80 0.00396804 -0.0220399 9.58473 12.7791 -13 454 0 0 1
-0.0248192 -0.00738847 80 -0.0074466 0.00495187 14.0885 5.77878 -13 467 0 0 1
0.116279 -0.112749 80 -0.0215068 -0.024386 5.00238 23.5403 -13 469 0 0 1
-0.120315 0.115572 80 0.00447689 -0.00419352 6.56051 7.6274 -13 470 0 0 1
-0.0438156 -0.0846226 80 -0.0286884 -0.00465698 10.0805 23.7382 -13 472 0 0 1
0.0270287 0.0650516 80 0.0142391 0.00719949 8.2914 19.2953 -13 474 0 0 1
0.0255552 -0.0164451 80 0.00161503 -0.000927777 11.8051 13.2763 -13 475 0 0 1
0.0249075 0.0427012 80 0.0184757 -0.000506592 7.89191 5.30474 -13 476 0 0 1
0.0141349 0.0120003 80 0.00397453 -0.0012667 9.55409 19.7644 -13 477 0 0 1
-0.052102 0.00731588 80 -0.00867726 0.00485535 9.77802 6.44368 -13 478 0 0 1
0.0187434 0.0221561 80 0.010817 0.00447304 10.7346 20.3707 -13 480 0 0 1
-0.00327135 0.019565 80 0.00532429 0.00546719 13.9433 6.78113 -13 492 0 0 1
0.00853921 -0.0299356 80 -0.00471309 -0.0171978 10.9115 13.415 -13 501 0 0 1
-0.011882 -0.013934 80 -0.00517453 0.000956477 14.441 7.72099 -13 502 0 0 1
-0.0134399 -0.0712895 80 -0.0108961 -0.01266 11.2092 20.0384 -13 504 0 0 1
0.0307344 0.0791061 80 0.0182492 0.00532797 3.98905 24.7652 -13 505 0 0 1
0.0359445 -0.0469907 80 0.0246482 -0.0232736 8.73748 11.8473 -13 506 0 0 1
0.0506297 0.0271638 80 0.0057286 -0.00830166 8.28455 24.5784 -13 509 0 0 1
0.215856 0.435096 80 0.0943624 0.0337583 10.5776 13.2262 -13 510 0 0 1
0.0620341 -0.189348 80 -0.00843629 -0.055966 10.4767 6.41382 -13 511 0 0 1
0.0185558 0.00478369 80 0.0096308 -0.00150213 12.9073 20.6879 -13 512 0 0 1
-0.0106074 -0.00115411 80 -0.00342854 -0.00161568 13.3564 3.41882 -13 513 0 0 1
-0.05613 0.0188051 80 -0.0141248 0.0161464 10.2573 27.1027 -13 515 0 0 1
-0.187705 -0.0499062 80 0.00370482 0.0236584 4.18863 16.3291 -13 516 0 0 1
0.00820499 0.00625207 80 -0.00365557 0.00306064 11.6846 21.7556 -13 519 0 0 1
0.0633209 -0.0371838 80 0.00893399 -0.0204832 11.6549 20.1746 -13 520 0 0 1
0.0789124 -0.34883 80 -0.157699 0.0708787 0.923009 30.9554 -13 521 0 0 1
-0.00295267 0.0240647 80 0.00143071 0.00105395 13.5896 18.6526 -13 523 0 0 1
0.00200052 0.00610106 80 0.00744775 0.0026514 14.1838 17.962 -13 759 0 0 1
0.0236853 -0.0143157 80 0.00557531 -0.00926703 11.1707 29.1793 -13 763 0 0 1
0.0410095 -0.0375938 80 0.000628297 -0.00958704 9.88728 14.3147 -13 764 0 0 1
-0.125496 -0.119067 80 -0.00998045 0.00193478 5.91937 12.5107 -13 765 0 0 1
0.00746128 0.0144086 80 0.00197516 -0.00357771 8.62714 8.98208 -13 766 0 0 1
-0.000233704 0.00843901 80 0.00544956 -0.000276502 12.8876 23.5676 -13 768 0 0 1
0.0027077 0.00498069 80 0.0015032 -0.0183573 7.05772 9.12183 -13 769 0 0 1
-0.0174167 0.00119133 80 -0.000853128 0.000585838 13.6545 9.36898 -13 770 0 0 1
-0.0191021 0.0267756 80 -0.00331477 0.00938098 14.3477 4.77336 -13 772 0 0 1
-0.168613 -0.00510336 80 -0.0176844 0.0237495 4.0885 10.7051 -13 775 0 0 1
-2.021 -0.0520799 80 -0.0363766 0.0335119 -0.162024 761.834 11 775 1001 0 1
0.0357465 0.0286559 80 0.00554769 -0.0140101 10.6999 15.6467 -13 777 0 0 1
0.0122721 -0.205101 80 -0.0357575 -0.0491157 10.8376 19.1993 -13 810 0 0 1
0.373711 -0.186695 80 0.00436078 -0.0471697 5.75068 8.47587 -13 811 0 0 1
0.0218685 0.0102956 80 0.0159223 -0.00441225 6.60614 6.96374 -13 812 0 0 1
-0.00575709 0.0198537 80 -0.000804101 0.0138169 13.2327 13.5015 -13 813 0 0 1
-0.0939581 0.209742 80 0.0556792 0.0431552 6.17214 10.0153 -13 816 0 0 1
0.0657864 -0.185711 80 -0.0134502 -0.0284705 5.49521 30.2626 -13 817 0 0 1
0.00568462 -0.0122176 80 1.52901e-05 -0.00252474 14.4605 28.4705 -13 825 0 0 1
0.00905694 0.0189751 80 0.0119902 -0.00313216 9.06159 33.008 -13 833 0 0 1
-0.00725511 -0.0331204 80 -0.00405926 -0.0198637 5.55075 30.0597 -13 834 0 0 1
-0.0110594 -0.000960796 80 -0.00914794 -0.00525489 11.8743 24.614 -13 836 0 0 1
0.00510095 0.00783963 80 -0.00484266 0.000493249 11.1452 24.664 -13 839 0 0 1
-0.360196 0.0835607 80 0.00727123 0.0398269 0.803213 24.132 -13 841 0 0 1
0.0870802 -0.0805254 80 -0.00859352 -0.0241289 6.28524 31.9372 -13 842 0 0 1
0.0236924 -0.00207969 80 -0.00412826 -0.00131244 11.8843 25.7551 -13 963 0 0 1
-0.0915381 -0.0274746 80 -0.0165192 0.00627174 10.5014 29.8571 -13 964 0 0 1
-0.095019 -0.00411706 80 -0.0139568 0.0116357 11.3562 18.6187 -13 965 0 0 1
-0.0131539 -0.0580863 80 -0.00532846 -0.0143126 8.97459 16.4517 -13 969 0 0 1
-0.0869953 0.205152 80 0.0407195 0.0657404 1.94197 41.8242 -13 970 0 0 1
-0.00969052 0.00445195 80 -0.00144576 -0.00377518 14.4683 17.6339 -13 972 0 0 1
