#BLTrackFile NTuple/Z860
#x y z Px Py Pz t PDGid EventID TrackID ParentID Weight
#mm mm mm MeV/c MeV/c MeV/c ns - - - - -
-0.030392 0.292249 860 0.00443113 -0.0357327 11.4798 45.6488 -13 1 0 0 1
-0.110639 -0.106454 860 0.0169951 0.0732157 9.89296 33.2511 -13 3 0 0 1
0.58351 -0.0284785 860 -0.0119593 -0.0639519 13.6041 45.9602 -13 9 0 0 1
0.256087 0.0925685 860 -0.0145992 -0.00821267 8.40374 39.0651 -13 16 0 0 1
-0.0250725 -0.0120787 860 -0.0242528 0.0109357 13.6817 44.1008 -13 34 0 0 1
-0.1492 0.0133767 860 0.0791855 0.0393282 8.54258 59.9353 -13 36 0 0 1
-0.330771 -0.36168 860 -0.0299971 0.0297556 9.47658 42.6078 -13 39 0 0 1
0.0191238 -0.189287 860 -0.0416309 -0.0185699 14.4047 33.3608 -13 43 0 0 1
0.589966 0.153363 860 0.0253252 -0.0374587 11.2421 46.2392 -13 44 0 0 1
-0.563424 0.29224 860 0.118836 -0.0308102 6.63371 55.7253 -13 48 0 0 1
-0.130983 0.164668 860 0.0508607 0.0162717 10.7104 43.464 -13 74 0 0 1
0.333916 -0.0778477 860 -0.0144103 -0.0402425 10.2699 57.7703 -13 80 0 0 1
0.497966 0.346733 860 -0.0171042 -0.129363 7.81291 51.6102 -13 86 0 0 1
-0.279135 -0.499441 860 -0.013791 -0.00735488 0.0705781 50.3603 11 86 1001 0 1
-0.201486 -0.0358317 860 0.0875118 0.0120344 9.88406 41.8774 -13 89 0 0 1
0.449127 0.0785432 860 0.0902564 -0.0536282 5.60626 61.8163 -13 94 0 0 1
0.554567 0.340401 860 0.0980369 -0.00904899 5.32732 58.854 -13 110 0 0 1
-0.113759 -0.991563 860 -0.144526 -0.0491329 4.72546 83.9082 -13 123 0 0 1
-0.152932 -0.291719 860 0.00716724 0.0989523 11.7056 51.4304 -13 126 0 0 1
0.278911 -0.121359 860 0.104658 -0.194687 7.16788 46.6333 -13 137 0 0 1
-0.08103 -0.0504899 860 -0.00325461 0.0335032 14.1392 47.0671 -13 140 0 0 1
0.131365 0.164502 860 0.0753958 -0.0790675 8.01953 41.4415 -13 151 0 0 1
3.6862 1.34094 860 -0.0187795 0.0165765 0.0486603 40.4465 11 151 1001 0 1
0.238927 0.333079 860 0.0393353 -0.039647 14.1145 46.26 -13 152 0 0 1
0.571322 -1.33682 860 -0.0400481 0.0516274 7.39756 49.5547 -13 160 0 0 1
1.92021 -1.16902 860 -0.0223716 0.0118572 0.0591176 49.1719 11 160 1001 0 1
-0.133928 0.0448101 860 -0.0341986 0.0147239 10.6525 31.554 -13 175 0 0 1
0.113986 -0.419469 860 0.0146019 0.0295028 7.08548 66.4595 -13 180 0 0 1
0.170663 -0.0508507 860 0.0158127 -0.0788953 8.7574 61.5382 -13 181 0 0 1
-0.0669434 -0.1144 860 -0.0311643 0.0098115 12.2677 29.9912 -13 184 0 0 1
0.177216 0.322918 860 0.0514779 -0.0327978 11.8607 55.2482 -13 186 0 0 1
-0.258457 -0.107721 860 -0.0254482 -0.00657763 4.61858 67.3566 -13 187 0 0 1
0.401622 -0.0101543 860 -0.0619325 -0.117261 8.54581 52.4888 -13 188 0 0 1
-nan -nan -nan -nan -nan -nan -nan -13 200 0 0 1
-0.256358 0.874305 860 0.130669 0.0192647 6.56092 61.3872 -13 211 0 0 1
-0.141274 0.092331 860 0.0166262 0.0895193 13.7864 48.9775 -13 348 0 0 1
-0.430354 -0.269875 860 -0.0324097 0.0218961 4.27404 75.338 -13 351 0 0 1
-0.15959 0.963999 860 0.0661044 0.146687 4.06465 83.0399 -13 352 0 0 1
-0.0643556 -0.0905555 860 0.0246745 0.00173856 10.9264 45.7834 -13 358 0 0 1
-0.633798 -0.125663 860 -0.0986637 0.108847 8.71103 36.1731 -13 362 0 0 1
0.373664 -0.178829 860 0.0119828 -0.0580071 12.1577 53.9472 -13 363 0 0 1
2.58332 6.05613 860 0.00487263 -0.00906301 0.0502079 59.628 11 363 1001 0 1
0.240583 0.0276847 860 0.000726438 -0.00322539 14.4368 26.39 -13 364 0 0 1
-0.585822 0.464857 860 0.16586 0.124863 6.40184 51.3747 -13 370 0 0 1
0.20903 -0.00430396 860 0.00697195 -0.103974 13.3557 45.2574 -13 375 0 0 1
-0.162001 0.322635 860 0.190319 -0.119056 13.38 35.8247 -13 382 0 0 1
0.106227 0.275956 860 0.0725829 0.0115101 14.1016 36.6195 -13 384 0 0 1
-0.014301 -0.119328 860 -0.010787 -0.0080095 14.4531 30.8114 -13 386 0 0 1
-0.222893 -0.0541459 860 -0.0317792 0.00933327 10.2949 39.2778 -13 390 0 0 1
0.383427 -0.157963 860 0.0351924 -0.0160688 8.63752 63.7711 -13 391 0 0 1
-0.136521 0.134352 860 -0.0871114 -0.16874 8.10923 65.0899 -13 392 0 0 1
-0.00968323 0.238987 860 0.0576923 -0.0243533 14.0942 31.101 -13 395 0 0 1
-0.462413 -0.289965 860 -0.0397017 -0.00526193 6.93941 59.7368 -13 396 0 0 1
0.320433 0.158029 860 0.0177451 -0.0188691 14.5153 28.9786 -13 397 0 0 1
0.264979 -0.00120027 860 -0.0247108 0.0318974 5.55533 73.6953 -13 403 0 0 1
-0.248504 -0.105599 860 0.0114812 0.0290282 12.8401 41.4611 -13 405 0 0 1
0.342246 0.00723071 860 0.0172431 -0.0386845 7.0131 58.6444 -13 406 0 0 1
-0.120135 -0.209664 860 -0.0226324 -0.011847 12.1704 29.083 -13 409 0 0 1
-0.349819 -0.288108 860 -0.0840276 0.0110937 8.22277 44.4761 -13 415 0 0 1
-0.165056 0.0189783 860 -0.015698 -0.00807531 10.7872 54.439 -13 427 0 0 1
-0.208472 0.0710252 860 0.016097 0.0518539 14.0003 26.16 -13 456 0 0 1
0.0816227 -0.0677361 860 -0.0276506 -0.0298218 9.41222 34.3896 -13 457 0 0 1
-0.148059 0.0809132 860 0.0532414 0.180557 11.5848 53.4813 -13 458 0 0 1
-0.159816 -0.111289 860 -0.0143497 -0.0179282 13.4474 49.1551 -13 461 0 0 1
0.045731 0.0529224 860 -0.0521591 0.0133127 7.65313 52.2539 -13 463 0 0 1
-0.55319 0.0338538 860 -0.00344047 0.139408 9.87478 36.8388 -13 465 0 0 1
-0.40613 0.0212429 860 0.0218388 0.0805966 7.21273 43.8812 -13 466 0 0 1
0.378433 0.346245 860 0.0659443 -0.0453918 8.79023 45.4817 -13 468 0 0 1
-0.661057 0.386363 860 0.0800195 0.0679479 5.2675 59.8152 -13 479 0 0 1
0.0676527 -0.189476 860 -0.0487305 -0.0179742 8.96928 48.8332 -13 481 0 0 1
-0.345882 -1.06306 860 -0.182486 0.0729607 6.41976 76.2054 -13 482 0 0 1
-0.0661712 -0.104423 860 -0.0287566 0.00571267 14.0447 51.4115 -13 483 0 0 1
0.0180973 -0.0779795 860 -0.0378749 -0.0110383 7.43341 55.2917 -13 484 0 0 1
-0.0341267 -0.163839 860 -0.0343151 0.0288154 11.35 31.0089 -13 485 0 0 1
-0.155142 -0.0349222 860 0.00981395 0.0348856 7.26513 49.9237 -13 486 0 0 1
0.127399 0.649744 860 0.12957 -0.015801 12.9946 42.157 -13 487 0 0 1
-0.00523613 0.547106 860 0.0902812 -0.0346545 5.10027 78.2363 -13 488 0 0 1
0.173722 -0.143401 860 0.0217876 -0.00125729 13.8812 27.3495 -13 489 0 0 1
-0.933669 -0.363313 860 0.0189939 0.113027 3.36357 84.0507 -13 490 0 0 1
0.00815015 -0.0375781 860 -0.0084548 -0.00253405 7.52445 65.523 -13 491 0 0 1
0.0255438 0.239255 860 0.0353353 -0.0289936 12.425 49.9153 -13 493 0 0 1
-0.0360319 -0.0538188 860 -0.0253847 -0.00293194 12.9556 47.6373 -13 494 0 0 1
-0.0869073 0.00479925 860 0.00365975 0.00781494 14.4361 23.095 -13 495 0 0 1
0.645246 -0.0587966 860 -0.00587713 -0.123796 10.6527 36.1272 -13 496 0 0 1
0.509847 -0.0229619 860 -0.0392284 -0.117737 14.031 23.3631 -13 497 0 0 1
0.176111 0.0448002 860 0.0165286 0.0007593 10.2232 36.1251 -13 503 0 0 1
0.473798 0.0718889 860 0.019513 -0.0439379 12.4199 36.9051 -13 507 0 0 1
0.286774 0.150146 860 0.0368652 -0.00469445 11.4023 52.77 -13 508 0 0 1
0.0441697 -0.456008 860 -0.0657764 -0.0454829 8.15312 40.6841 -13 517 0 0 1
0.21085 0.0427153 860 -0.0122777 -0.0589617 12.3527 30.3283 -13 518 0 0 1
0.565865 -0.10709 860 0.0629055 -0.0782092 12.9007 35.6492 -13 522 0 0 1
-0.452896 0.407142 860 0.0754495 -0.0153181 3.43045 105.704 -13 524 0 0 1
0.0678396 -0.499433 860 0.0214317 -0.0620324 11.6907 46.3272 -13 526 0 0 1
-0.185308 -0.0936862 860 0.0266613 0.0798145 12.4793 41.049 -13 528 0 0 1
-0.0120312 0.305984 860 0.0330029 0.0312179 11.2568 50.4724 -13 529 0 0 1
0.494227 0.488193 860 0.0980021 -0.0924359 8.97633 57.1639 -13 533 0 0 1
0.299461 -0.347766 860 -0.0758252 0.0269525 13.034 33.1018 -13 536 0 0 1
0.0328873 0.52395 860 0.0595146 0.0406856 8.4792 48.847 -13 543 0 0 1
0.0700923 0.169247 860 0.00456015 -0.0228246 13.7279 50.6536 -13 544 0 0 1
-0.0590269 -0.146214 860 -0.050637 0.0831903 9.84125 50.487 -13 548 0 0 1
-0.119859 0.0857494 860 -0.00581853 0.0390011 9.60099 57.7556 -13 549 0 0 1
0.105911 0.187022 860 0.0141324 -0.0605649 11.2964 37.5437 -13 552 0 0 1
-0.203931 0.124156 860 -0.0273024 0.00716745 7.85619 50.7182 -13 553 0 0 1
0.318662 0.0352863 860 0.0298048 -0.0212193 7.86897 66.1427 -13 555 0 0 1
-3.93895 2.2432 860 -0.00490337 -0.0296523 0.0379425 64.6661 11 555 1002 0 1
0.313924 -0.13344 860 -0.0346564 -0.0443304 13.5645 29.4533 -13 557 0 0 1
0.0393484 -0.0693289 860 -0.0261929 -0.0145768 12.1002 40.9934 -13 563 0 0 1
-0.274057 -0.0689378 860 -0.00542585 -0.0224418 10.5483 57.4933 -13 564 0 0 1
0.519514 -0.0572474 860 -0.0657283 -0.0664882 9.32674 44.7478 -13 566 0 0 1
-1.92132 7.4584 860 -0.00151271 0.0296617 0.0678947 37.9385 11 566 1003 0 1
-0.0965729 -0.133461 860 0.00335645 0.0262393 10.5697 40.8198 -13 567 0 0 1
0.279215 0.039229 860 0.0536484 0.000785509 6.98108 62.1126 -13 575 0 0 1
0.652894 0.14545 860 -0.0123513 -0.0977498 10.5793 48.2444 -13 576 0 0 1
0.0155501 -0.0304573 860 0.0187219 0.024894 13.3637 25.9153 -13 577 0 0 1
0.0315816 0.337786 860 0.0392002 -0.0118211 8.35177 47.9256 -13 578 0 0 1
0.0796649 -0.142342 860 0.00679232 -0.0285809 13.9634 38.3763 -13 579 0 0 1
-0.127872 0.191778 860 0.0213501 0.0588187 12.7315 32.233 -13 580 0 0 1
0.0587294 -0.0814974 860 -0.0212237 -0.00883483 11.076 55.8939 -13 581 0 0 1
0.875894 1.13658 860 0.0858539 -0.120823 8.83122 47.0734 -13 582 0 0 1
-0.168155 0.170559 860 0.071312 0.0112 7.53932 47.3752 -13 583 0 0 1
-nan -nan -nan -nan -nan -nan -nan -13 590 0 0 1
0.0661449 0.241904 860 0.00913932 -0.0122839 10.0154 45.4199 -13 595 0 0 1
0.691282 0.907524 860 0.259814 0.116329 4.66361 67.136 -13 853 0 0 1
-0.0695898 0.223599 860 0.0263693 -0.000917642 11.468 30.5358 -13 854 0 0 1
-nan -nan -nan -nan -nan -nan -nan -13 864 0 0 1
-0.146669 -0.910841 860 -0.155097 0.0062193 6.81908 58.0218 -13 865 0 0 1
-0.10221 -0.286452 860 -0.00247029 -0.00157483 14.551 41.2669 -13 974 0 0 1
-0.0751395 -0.223734 860 -0.0679055 0.00400602 8.95625 51.6316 -13 978 0 0 1
-4.98461 0.104242 860 -0.0355029 0.0286363 0.0449796 45.5128 11 978 1003 0 1
4.11971 1.48158 860 0.0324001 0.0228828 -0.0374806 55.6838 11 978 1003 0 1
-0.189531 -0.125133 860 -0.0586889 0.0454359 12.0678 29.5584 -13 980 0 0 1
0.136144 0.224343 860 0.062148 -0.0561388 14.4538 29.8245 -13 990 0 0 1
0.178148 0.00812436 860 -0.0678311 -0.0240942 10.8146 48.6574 -13 991 0 0 1
-0.067113 0.179873 860 -0.0432484 0.0194321 13.0709 49.2765 -13 992 0 0 1
-0.0585889 -0.21447 860 0.0406514 -0.0153303 12.7911 48.9739 -13 994 0 0 1
0.0855585 0.156299 860 -0.0697173 0.0528237 13.8991 34.3866 -13 995 0 0 1
-0.317497 1.07591 860 0.102011 0.0860822 8.39438 58.2974 -13 1000 0 0 1
-0.297506 -0.124347 860 0.00516687 0.0432316 12.56 46.8756 -13 2 0 0 1
-0.0910948 -0.0275404 860 0.00487301 -0.0354341 7.53481 61.9858 -13 6 0 0 1
-0.131384 0.536437 860 -0.0268856 0.014228 0.0565033 61.8511 11 6 1001 0 1
-0.0787834 0.125275 860 -0.0303719 0.0335326 12.0221 38.9107 -13 7 0 0 1
0.0181917 -0.10021 860 0.0138513 -0.0264669 13.0715 52.4461 -13 18 0 0 1
-0.0791466 0.171197 860 0.0346917 0.0621009 14.4111 44.1397 -13 21 0 0 1
0.23023 0.120281 860 0.0811499 -0.0665408 10.441 30.8817 -13 22 0 0 1
0.0617765 0.167848 860 -0.0347865 -0.0245398 0.0677223 30.8581 11 22 1002 0 1
-0.0227549 0.00874418 860 -0.0047848 -0.0228586 8.29003 63.9262 -13 24 0 0 1
0.0614217 0.257559 860 -0.00368899 0.0201904 2.8832 115.604 -13 33 0 0 1
-0.22014 -0.568961 860 -0.0948437 -0.0800047 9.8774 52.7269 -13 42 0 0 1
-0.0150027 -0.0446729 860 -0.012126 -0.009111 8.25082 58.6107 -13 60 0 0 1
-0.0575888 0.0749858 860 0.00360991 -0.00614053 13.9447 37.6754 -13 61 0 0 1
0.354477 -0.0545158 860 0.122142 -0.0409858 8.87065 47.1772 -13 64 0 0 1
-0.625763 0.0400802 860 -0.0102741 0.110612 4.8489 65.7945 -13 65 0 0 1
-0.106418 0.107956 860 0.00661812 0.0198866 11.5134 39.2526 -13 67 0 0 1
0.0230043 0.814461 860 0.0619198 0.119498 7.67088 67.29 -13 75 0 0 1
-2.18867 -0.471014 860 0.00990115 0.016682 0.05618 65.7279 11 75 1004 0 1
-0.443399 -0.35065 860 -0.0280849 0.0324595 12.392 50.4323 -13 76 0 0 1
4.87209 -0.414513 860 -0.0147575 -0.0155981 0.0775957 50.6164 11 76 1003 0 1
-0.727799 -0.0406904 860 -0.0282818 0.108078 6.59144 73.7123 -13 92 0 0 1
-0.048695 -0.183373 860 -0.0200704 0.0235755 9.8224 35.0775 -13 111 0 0 1
-0.0295123 -0.234543 860 -0.0131455 0.0118237 13.2037 43.0532 -13 115 0 0 1
-0.20815 0.126007 860 0.0123733 0.0104732 10.2888 59.1253 -13 116 0 0 1
0.0377209 -0.0530089 860 -0.0257798 0.000637407 11.5595 31.8148 -13 117 0 0 1
-0.339824 0.353613 860 0.0085344 0.0907285 10.9508 47.8597 -13 119 0 0 1
0.196629 0.459309 860 0.0906963 0.110146 7.7676 66.8953 -13 121 0 0 1
1.58403 -1.68253 860 -0.00938176 -0.0224488 0.0557644 60.7769 11 121 1006 0 1
-0.0720214 -0.2084 860 -0.0688676 -0.0448913 9.01475 40.4892 -13 122 0 0 1
0.0270106 -0.274147 860 -0.0430904 0.000994754 14.3305 44.6452 -13 159 0 0 1
-0.21287 0.038014 860 0.00469834 0.0413975 14.2125 42.0429 -13 164 0 0 1
-0.235804 -0.0484157 860 0.0177445 0.0603933 12.3292 49.7917 -13 165 0 0 1
-0.184189 0.222324 860 0.0784691 0.0187192 10.9923 56.7535 -13 166 0 0 1
0.0274066 0.181469 860 -0.00174092 -0.0041266 13.0412 50.1804 -13 169 0 0 1
0.0231484 0.141379 860 0.00930769 -0.0211903 14.5009 43.4979 -13 171 0 0 1
-0.147605 -0.137582 860 -0.0549476 0.0765302 11.8133 40.8278 -13 172 0 0 1
0.107157 -0.103586 860 -0.0231337 -0.0405164 13.054 24.9542 -13 173 0 0 1
0.114217 -0.143084 860 0.0604582 -0.157099 11.68 55.8572 -13 196 0 0 1
0.127904 0.434981 860 0.0610966 -0.0394001 12.9104 38.3438 -13 199 0 0 1
-0.687402 -0.671301 860 -0.0976326 0.0863774 12.0032 46.7032 -13 202 0 0 1
0.0498798 -0.136804 860 -0.0178557 0.0256209 5.2518 65.4154 -13 204 0 0 1
-0.174941 0.0206463 860 -0.0203034 0.0356586 9.16384 61.3867 -13 207 0 0 1
0.754004 -0.303268 860 -0.019157 -0.0442608 2.468 119.318 -13 210 0 0 1
0.0979149 -0.0652253 860 -0.0309838 0.0251469 13.9345 23.668 -13 212 0 0 1
0.711882 0.269664 860 0.0578657 -0.157634 9.7683 49.6897 -13 214 0 0 1
1.11193 1.0161 860 0.0676192 -0.0448076 3.66898 89.56 -13 215 0 0 1
-0.015461 0.287364 860 0.0649781 -0.0261461 9.87938 43.3944 -13 216 0 0 1
-0.161994 0.0935097 860 0.0630341 0.0575467 9.43161 45.6054 -13 217 0 0 1
0.454672 1.07327 860 0.165637 0.0187594 5.05813 73.7776 -13 218 0 0 1
0.739821 0.291959 860 0.0430327 -0.0661313 9.67662 42.0179 -13 219 0 0 1
0.068992 0.160658 860 0.0259674 0.00229727 13.3144 35.0825 -13 220 0 0 1
-0.035426 -0.257467 860 -0.00873327 0.00470031 8.63147 38.9317 -13 223 0 0 1
0.531848 -7.16225 860 -1.16372 0.464653 5.99102 78.5844 -13 224 0 0 1
-8.76012 0.965087 860 0.000670141 0.00671217 0.0392378 77.6339 11 224 1001 0 1
0.0450037 0.164989 860 0.0190065 0.00267009 12.32 45.977 -13 225 0 0 1
-0.162813 -0.323606 860 -0.0296903 0.0245928 9.99523 49.723 -13 226 0 0 1
-0.155003 -0.203247 860 0.00495394 -0.0253999 12.5995 44.2798 -13 227 0 0 1
-0.00873884 -0.365951 860 -0.0577485 0.0332233 9.45741 37.4852 -13 238 0 0 1
-0.0244035 0.188275 860 0.0619022 0.00994622 12.7666 35.9596 -13 239 0 0 1
-0.735744 0.216455 860 0.157039 -0.0204854 12.6931 29.7177 -13 240 0 0 1
0.103651 -0.226907 860 -0.043932 0.00350278 12.8198 26.356 -13 241 0 0 1
0.195752 0.230519 860 0.0422239 -0.0654343 8.25846 63.1209 -13 251 0 0 1
-0.124678 0.0587323 860 -0.0125468 0.043692 12.9676 31.4671 -13 252 0 0 1
0.0299929 -0.0426729 860 -0.0206477 0.0141215 11.7193 43.1016 -13 258 0 0 1
0.00201197 -0.251055 860 0.0161369 0.0240697 14.4483 26.9036 -13 259 0 0 1
0.0676676 0.138734 860 0.0279015 -0.0271201 13.8299 37.4812 -13 261 0 0 1
0.323511 -0.421407 860 -0.0550699 0.00605771 10.4669 36.9381 -13 263 0 0 1
0.135329 0.249688 860 0.0708444 -0.0119384 12.7781 47.9041 -13 265 0 0 1
-0.287687 -0.0322227 860 -0.00183018 0.0775156 7.25307 69.3716 -13 271 0 0 1
-0.0557888 -0.0225638 860 -0.00783045 0.00846073 14.4578 31.4213 -13 272 0 0 1
-0.0850668 -0.0205929 860 -0.0283395 -0.00551588 8.08756 48.1826 -13 273 0 0 1
-0.418272 -0.0324903 860 -0.0738937 0.0873957 12.5993 51.5763 -13 274 0 0 1
0.0747413 -0.0784292 860 -0.0150873 0.0488626 11.509 32.555 -13 276 0 0 1
-0.199169 -0.16066 860 0.0122182 -0.0199563 9.58776 57.091 -13 277 0 0 1
0.0305175 -0.295984 860 -0.0396744 -0.0289684 13.7357 35.3184 -13 278 0 0 1
0.516062 0.140224 860 -0.0109527 -0.0917362 6.19198 55.1313 -13 280 0 0 1
-0.594178 0.068795 860 -0.093592 0.0453977 9.51967 55.6052 -13 282 0 0 1
-0.395864 -0.348369 860 -0.0406152 -0.00320607 7.0967 56.2159 -13 284 0 0 1
0.0754781 0.0975709 860 0.0957495 -0.0319233 6.72525 71.0936 -13 286 0 0 1
0.190802 -0.000570866 860 0.0608003 0.0342683 11.9546 51.3474 -13 288 0 0 1
-0.0782871 -0.111681 860 -0.0139655 0.0667078 9.45075 50.0651 -13 289 0 0 1
0.0492783 -0.03242 860 0.00436841 -0.0195445 9.07727 42.4362 -13 290 0 0 1
-0.0704324 0.0115154 860 -0.00834753 -0.012682 6.86408 62.9966 -13 291 0 0 1
0.00511865 0.159278 860 0.00230495 -0.0351084 13.2456 26.6733 -13 292 0 0 1
0.142013 0.0320853 860 -0.0585638 -0.0441614 13.7708 52.0634 -13 294 0 0 1
0.0348142 -0.44251 860 -0.179499 -0.00632313 5.80752 66.2885 -13 296 0 0 1
0.193474 -0.0292242 860 0.0167171 -0.0161336 12.1778 38.1666 -13 299 0 0 1
-0.0249678 0.0839409 860 -0.0104793 0.0141587 7.66369 57.0373 -13 304 0 0 1
-0.486906 -0.219077 860 -0.0550573 0.0651946 9.60295 47.2663 -13 306 0 0 1
-0.251864 -0.0402785 860 -0.0314009 0.0233139 0.0597987 45.3798 11 306 1006 0 1
-0.160302 0.146596 860 0.0137168 0.0575641 12.3739 31.5885 -13 308 0 0 1
0.0933741 -0.108595 860 -0.0047746 -0.0558932 9.53983 52.3642 -13 309 0 0 1
-0.125408 -0.0409763 860 0.038249 -0.111533 5.54265 63.0452 -13 310 0 0 1
0.0607379 -0.0615539 860 -0.0128685 0.0370868 13.9991 39.402 -13 311 0 0 1
0.0791132 0.337277 860 0.0447263 -0.02873 13.0421 25.6817 -13 313 0 0 1
0.149878 -0.376731 860 -0.0336034 -0.0345205 13.7962 24.1824 -13 314 0 0 1
-0.147004 0.0761183 860 0.0129051 0.130314 11.5914 30.5157 -13 315 0 0 1
0.441934 0.23746 860 0.016632 -0.0276219 9.03893 40.4794 -13 316 0 0 1
0.239399 -0.11626 860 -0.0101826 -0.00238459 9.82926 36.8102 -13 321 0 0 1
-1.20761 -2.36129 860 0.0302017 -0.017468 0.0625597 30.9149 11 321 1003 0 1
-0.239131 -0.141451 860 -0.0537173 0.00439378 12.7394 30.1383 -13 322 0 0 1
-0.291166 -0.326115 860 -0.0718321 0.00876101 10.6126 49.3113 -13 326 0 0 1
-1.30408 2.97178 860 0.009231 -0.0177448 0.0789713 47.2282 11 326 1001 0 1
0.0597967 0.246231 860 0.0287062 -0.0906477 12.4457 38.0205 -13 327 0 0 1
-0.209762 0.198888 860 -0.00773131 -0.0245063 3.89112 93.4518 -13 328 0 0 1
-0.258915 -0.212418 860 -0.00156821 0.0322596 11.9572 48.1527 -13 329 0 0 1
-0.239721 0.316477 860 0.102627 0.0439983 8.92838 42.545 -13 330 0 0 1
-0.223639 -0.0589696 860 0.00254929 0.112885 5.46327 55.5785 -13 331 0 0 1
-0.20889 -0.0254798 860 -0.0679108 0.0663573 4.63308 69.1426 -13 332 0 0 1
0.0406186 -0.298772 860 -0.0100305 0.0128778 9.82871 42.6487 -13 333 0 0 1
0.000201489 0.360717 860 0.045867 0.00916218 12.839 26.8247 -13 334 0 0 1
0.108009 -0.25463 860 -0.109414 -0.0392674 14.2396 43.0371 -13 335 0 0 1
0.151372 0.347412 860 -0.119775 -0.123282 5.47189 67.9749 -13 336 0 0 1
0.0349296 0.360244 860 0.0588406 0.0604926 13.7202 41.0847 -13 337 0 0 1
-0.190765 -0.119927 860 0.0230908 -0.0125541 9.61747 56.5652 -13 338 0 0 1
0.149352 0.0292812 860 -0.00726392 -0.043486 9.25788 61.8835 -13 339 0 0 1
-2.58179 0.763741 860 0.0214532 -0.0456175 0.0360097 59.9076 11 339 1002 0 1
-nan -nan -nan -nan -nan -nan -nan -13 340 0 0 1
0.760811 0.241498 860 0.0439955 -0.200928 12.4438 52.5169 -13 341 0 0 1
0.0144929 0.148884 860 0.0393405 0.0341297 12.9414 37.824 -13 531 0 0 1
0.0807244 0.278078 860 0.0410574 -0.0164103 13.842 51.683 -13 532 0 0 1
-0.274168 0.103079 860 0.00349755 0.00668404 9.11233 57.1478 -13 534 0 0 1
-0.0328849 0.256096 860 0.0194065 0.0786159 9.79482 34.1964 -13 535 0 0 1
0.139671 -0.320825 860 -0.0920171 -0.106624 4.09236 83.7513 -13 537 0 0 1
0.0850104 0.0463173 860 0.00813964 -0.00939064 14.4666 39.8679 -13 538 0 0 1
-0.391332 0.029779 860 0.00750023 0.0333112 7.2537 63.7007 -13 541 0 0 1
-0.0840103 0.23143 860 -0.108044 0.0815825 12.8051 28.0936 -13 542 0 0 1
-0.33729 0.503721 860 0.0624065 0.0404582 4.63542 89.2929 -13 545 0 0 1
0.0537271 -0.00197107 860 -0.0198512 0.0935498 6.44285 66.4286 -13 546 0 0 1
0.224425 -0.271705 860 -0.0291188 -0.0726646 10.5446 35.0178 -13 551 0 0 1
-nan -nan -nan -nan -nan -nan -nan -13 558 0 0 1
0.220654 -0.0497689 860 0.0209083 -0.0130677 14.2162 27.3455 -13 565 0 0 1
-0.0954051 -0.088824 860 -0.0996533 -0.0137996 6.82083 63.7042 -13 803 0 0 1
4.09132 0.615539 860 0.0195214 0.0366419 0.0354448 62.812 11 803 1002 0 1
0.478407 -0.131588 860 -0.00530763 -0.0653213 12.9967 31.5595 -13 804 0 0 1
0.132361 -0.230105 860 -0.0135528 -0.182154 9.58434 42.9831 -13 814 0 0 1
0.0728243 -0.311467 860 -0.0359857 -0.0054212 11.6437 54.0751 -13 815 0 0 1
0.0473788 -0.152328 860 -0.0763455 0.0350347 11.4585 55.9275 -13 818 0 0 1
-0.128209 0.273372 860 0.0404317 0.0285216 13.3789 30.1004 -13 820 0 0 1
0.0107023 0.0228693 860 0.0124998 -0.00516213 11.6809 55.1797 -13 822 0 0 1
0.0755372 0.103411 860 0.00785017 -0.00284531 14.5522 42.4211 -13 824 0 0 1
0.773875 -0.342961 860 -0.118916 -0.141831 3.43821 108.535 -13 827 0 0 1
-0.292742 -0.0985376 860 -0.0762106 0.0364515 8.61105 62.4446 -13 828 0 0 1
0.0815711 -0.35164 860 -0.0543874 -0.0336034 10.0448 57.2101 -13 829 0 0 1
-0.498283 0.230791 860 0.0515483 0.100904 14.063 51.2691 -13 830 0 0 1
-0.336758 0.574041 860 0.0757555 0.0406474 8.31516 43.7138 -13 831 0 0 1
0.286167 0.348497 860 0.0869762 -0.0407192 13.759 36.292 -13 832 0 0 1
-0.334726 -0.532057 860 -0.0589132 -0.0639899 4.54663 92.256 -13 848 0 0 1
-0.148299 -0.0867763 860 -0.0741104 0.02522 12.9348 35.7427 -13 859 0 0 1
0.0963765 -0.226365 860 -0.0902717 -0.0850588 9.15512 54.3923 -13 869 0 0 1
-0.324766 -0.24389 860 -0.0152527 0.0541899 12.3524 40.3697 -13 870 0 0 1
0.324429 -0.0199354 860 -0.00848852 -0.0550351 13.7313 44.9699 -13 871 0 0 1
-0.58083 0.021835 860 0.0166101 0.18961 5.04606 79.1653 -13 872 0 0 1
0.748588 0.642064 860 -7.97329e-05 -0.061262 4.41229 72.5073 -13 873 0 0 1
0.169076 -0.59355 860 -0.0371096 -0.103023 4.67333 76.2113 -13 874 0 0 1
0.170383 -0.0673926 860 -0.017055 -0.0303875 2.6261 96.83 -13 875 0 0 1
0.126571 0.167648 860 0.0101853 -0.0521086 11.754 38.0975 -13 876 0 0 1
0.00603241 0.400353 860 0.0324884 -0.0772405 9.13777 56.5939 -13 877 0 0 1
-nan -nan -nan -nan -nan -nan -nan -13 878 0 0 1
0.315617 0.193474 860 0.0604662 -0.0431058 8.45269 43.0207 -13 886 0 0 1
0.0321546 -0.515475 860 -0.0429583 0.00615935 10.3929 32.4007 -13 14 0 0 1
-0.563797 -0.118447 860 -0.0148655 0.0922782 4.95634 78.0174 -13 15 0 0 1
-0.122846 0.0119343 860 0.0138999 0.0104091 11.761 55.5501 -13 23 0 0 1
-0.0673306 -0.0800244 860 0.0420977 0.112414 10.8991 48.8198 -13 40 0 0 1
-0.437966 0.289945 860 0.110185 0.0957644 8.84012 37.7347 -13 41 0 0 1
-0.517006 -0.157417 860 -0.0443602 0.136787 10.7746 53.0637 -13 45 0 0 1
0.318744 0.296986 860 0.116766 0.00938571 10.3289 49.2101 -13 55 0 0 1
0.736866 0.0328778 860 -0.0515583 -0.173295 6.5959 54.5481 -13 90 0 0 1
0.0413122 -0.0671522 860 0.0360313 0.0179526 7.01344 70.3887 -13 91 0 0 1
0.217218 -0.289907 860 -0.0305907 -0.0856516 10.75 40.4257 -13 95 0 0 1
-0.00325451 0.247168 860 0.080995 0.0306312 14.0091 27.3799 -13 99 0 0 1
-0.168785 -0.0767726 860 -0.0324562 -0.035881 9.52805 45.0868 -13 104 0 0 1
0.117275 0.412439 860 0.0722318 0.0163933 8.77192 41.6465 -13 105 0 0 1
0.156524 0.152215 860 -0.1065 0.0385884 7.62451 43.9687 -13 112 0 0 1
-0.19149 0.139638 860 0.0184883 0.0547832 11.9177 36.1316 -13 113 0 0 1
0.168004 -0.120254 860 -0.0544518 -0.0924087 7.98791 44.874 -13 114 0 0 1
0.102805 0.0952993 860 -0.0240934 -0.0569343 12.9798 39.1416 -13 124 0 0 1
-0.0713933 -0.211593 860 -0.0405477 0.00384328 11.4833 46.6067 -13 139 0 0 1
0.101362 0.170095 860 0.0332125 -0.00312776 14.3889 42.2532 -13 144 0 0 1
-0.288582 -0.646801 860 -0.100048 -0.0603737 9.17095 44.0308 -13 146 0 0 1
1.70444 -1.69861 860 -0.0210893 0.0134687 0.0458856 44.8606 11 146 1001 0 1
-0.0897687 0.0305486 860 -0.0478513 0.021097 11.2199 42.7923 -13 147 0 0 1
-0.00860712 -0.181046 860 0.00878732 0.012322 9.85145 36.1745 -13 167 0 0 1
0.27804 -0.136854 860 -0.020533 -0.0734683 11.341 28.2195 -13 168 0 0 1
6.38851 7.14074 860 -0.0382493 0.0175599 0.0735829 23.4141 11 168 1001 0 1
-0.256628 -0.0773259 860 -0.0477379 0.0836081 8.90614 53.4263 -13 170 0 0 1
-nan -nan -nan -nan -nan -nan -nan -13 193 0 0 1
-0.0529382 0.483283 860 0.0711875 0.00562341 12.31 29.6975 -13 198 0 0 1
0.244806 -0.0750625 860 0.0095621 -0.0180908 13.2392 29.8753 -13 344 0 0 1
0.352861 0.190882 860 0.0411728 -0.0886606 9.70535 32.4724 -13 345 0 0 1
-0.0714989 0.214587 860 0.0299004 -0.0186206 13.4403 38.2857 -13 346 0 0 1
-0.00755117 -0.1833 860 0.00714071 0.0280874 10.825 55.8096 -13 354 0 0 1
-0.42603 -0.539226 860 -0.0103859 0.112898 6.0026 69.7796 -13 368 0 0 1
0.29255 -0.126968 860 0.0128621 -0.0498528 14.1926 31.1156 -13 373 0 0 1
-0.323678 -0.0651268 860 -0.0732944 -0.0307439 4.81514 67.2336 -13 374 0 0 1
-0.416378 -0.535853 860 -0.0859597 -0.042772 6.48691 59.5035 -13 376 0 0 1
-0.518163 0.289368 860 0.0364843 0.091664 10.5097 39.5241 -13 377 0 0 1
-nan -nan -nan -nan -nan -nan -nan -13 378 0 0 1
-0.283964 -0.0296138 860 0.0421077 0.046253 7.36409 44.5265 -13 379 0 0 1
-0.183751 0.410694 860 0.0794979 0.0197503 4.6947 69.9332 -13 605 0 0 1
-0.138697 -0.0286182 860 -0.00790315 -0.0295963 11.8559 30.9516 -13 609 0 0 1
0.122091 0.0633194 860 -0.030471 0.00324283 7.80083 50.9538 -13 612 0 0 1
0.349185 -0.135199 860 -0.0680095 -0.0795127 12.4295 39.3489 -13 613 0 0 1
0.0789822 0.0824647 860 -0.010939 -0.0133112 12.1106 27.8332 -13 614 0 0 1
0.29297 -0.202187 860 0.120967 0.059177 3.46413 98.5842 -13 615 0 0 1
0.330017 0.250465 860 -0.0436299 -0.111549 3.2481 106.111 -13 616 0 0 1
-0.218881 -0.271413 860 -0.0261409 0.0583032 8.06659 57.6339 -13 618 0 0 1
0.203467 0.218908 860 -0.040942 -0.0799285 12.3537 44.655 -13 620 0 0 1
0.0153191 0.94478 860 0.0982837 0.0506604 11.1419 55.7076 -13 622 0 0 1
0.111773 0.00210443 860 0.017484 -0.00754234 9.71724 45.8369 -13 623 0 0 1
0.290243 -0.033913 860 0.0316605 -0.0208267 14.1517 23.185 -13 624 0 0 1
0.0801201 -0.0458978 860 -0.0195228 -0.0648724 9.03173 49.7649 -13 625 0 0 1
0.543433 0.274805 860 0.0124258 -0.165363 5.97978 58.7715 -13 626 0 0 1
-0.0832343 -0.0596699 860 -0.0384319 -0.0100005 14.0727 34.3245 -13 632 0 0 1
-0.0417588 -0.201695 860 0.00993885 -0.0104943 8.30647 45.1077 -13 633 0 0 1
-0.731339 -0.0842778 860 -0.0860679 -0.00608159 4.66453 66.1906 -13 634 0 0 1
-0.251416 -0.130117 860 -0.0154657 0.0689963 8.00106 55.4689 -13 635 0 0 1
0.203711 0.259906 860 -0.0503597 -0.079613 14.1293 29.2973 -13 636 0 0 1
0.0685227 0.228062 860 -0.0190607 -0.118551 7.92285 60.394 -13 637 0 0 1
0.117176 0.252836 860 -0.0590477 0.00339779 12.6883 40.2634 -13 638 0 0 1
0.0114805 0.180624 860 -0.00431126 0.0265873 13.9894 27.6701 -13 639 0 0 1
0.0754702 -0.0273617 860 -0.0214091 -0.0213984 10.8798 29.4804 -13 640 0 0 1
0.346764 -0.649224 860 -0.0873088 -0.0899766 4.11271 79.5017 -13 641 0 0 1
-0.143665 0.337985 860 -0.000782554 -0.0457086 7.03244 66.0248 -13 642 0 0 1
0.233287 0.443527 860 0.0709805 -0.0147701 11.0307 28.6248 -13 643 0 0 1
-0.0307007 -0.0566507 860 -0.0569135 0.0184173 13.7473 39.5392 -13 646 0 0 1
1.55638 1.90368 860 0.401313 -0.0516573 6.18188 58.9714 -13 649 0 0 1
0.194863 -0.069446 860 -0.0516496 -0.00787364 13.5123 27.0746 -13 650 0 0 1
0.128268 0.0882948 860 -0.00882348 0.0120675 10.4495 55.5249 -13 652 0 0 1
0.137572 -0.0111899 860 0.0194007 0.00518178 11.9639 43.4358 -13 653 0 0 1
0.0709685 -0.0256284 860 -0.00413458 -0.0444703 14.343 43.8839 -13 655 0 0 1
-0.0126323 0.101495 860 -0.02351 -0.0379685 9.54696 48.3169 -13 656 0 0 1
0.162919 0.00486187 860 -0.00758047 0.0408125 7.85249 60.4455 -13 657 0 0 1
-0.311946 0.23636 860 0.0189666 0.023778 0.0577029 60.2758 11 657 1002 0 1
-0.236469 0.0294822 860 0.0462336 -0.0229409 14.4108 35.387 -13 659 0 0 1
-5.18332 -1.06918 860 -0.00486349 0.000693452 0.0579132 38.7326 11 659 1001 0 1
0.00515758 0.25881 860 0.0484187 0.0243829 8.15666 66.6264 -13 664 0 0 1
-0.0888995 -0.14088 860 -0.0420933 0.0128215 13.5627 40.0794 -13 670 0 0 1
-15.5714 16.589 860 -0.00416666 0.00535022 0.0382575 1697.33 -13 672 0 0 1
0.230497 -0.406773 860 0.0487121 -0.0132673 3.5607 92.2099 -13 673 0 0 1
0.18136 -0.380024 860 0.00154378 0.00269595 0.00390295 92.3022 11 673 1003 0 1
-0.0944055 -0.0254047 860 0.00234043 0.0159642 12.5421 53.9737 -13 674 0 0 1
-0.000849521 -0.0185299 860 -0.0394686 -0.0270753 12.8844 50.0944 -13 676 0 0 1
-0.228598 0.0654781 860 0.0208465 -0.0132433 9.37244 48.4923 -13 678 0 0 1
0.0821618 -0.0310137 860 0.0129331 0.0563531 8.08635 50.5756 -13 679 0 0 1
-0.223842 -0.116693 860 -0.0203451 0.0703786 9.23816 51.8025 -13 680 0 0 1
0.157238 -0.162602 860 -0.00518741 -0.0319044 14.0593 24.8467 -13 681 0 0 1
0.194629 0.0901916 860 -0.00164298 0.00443355 13.2506 24.5084 -13 682 0 0 1
0.276273 0.0975355 860 -0.0139469 -0.023095 12.9155 48.8291 -13 683 0 0 1
1.57795 0.463618 860 -0.0530725 0.0347488 0.0575506 48.6948 11 683 1001 0 1
0.735982 -0.4666 860 -0.0650789 -0.0909304 8.5443 52.2425 -13 684 0 0 1
0.0615464 0.202964 860 0.0651824 0.000775964 12.3131 42.1816 -13 691 0 0 1
1.03747 0.216334 860 -0.162231 -0.110793 6.56424 59.6595 -13 696 0 0 1
0.160671 -0.0807765 860 -0.0437819 -0.0646029 9.8964 49.2841 -13 697 0 0 1
-0.928602 1.42242 860 0.00186447 0.0175014 0.0898642 47.1398 11 697 1002 0 1
0.0203127 -0.217114 860 -0.0114205 0.0340055 13.2918 46.9937 -13 699 0 0 1
-0.323953 1.33309 860 0.0173208 -0.0427415 0.0425498 47.991 11 699 1001 0 1
0.284348 -0.105314 860 -0.0164667 -0.0356138 12.2784 50.5258 -13 702 0 0 1
-0.596929 0.337585 860 -0.107505 0.210965 9.3628 41.4955 -13 704 0 0 1
-0.311766 -0.112629 860 -0.024736 0.0727626 10.0801 37.125 -13 705 0 0 1
-0.114938 0.0361114 860 -0.00834702 0.011784 9.53959 47.6796 -13 706 0 0 1
0.194671 0.0414577 860 -0.035377 0.0103151 13.8363 23.8456 -13 707 0 0 1
0.421399 -0.178939 860 -0.0504154 -0.0511651 10.5127 47.3452 -13 708 0 0 1
-0.0450266 0.162405 860 0.127833 0.180279 3.23695 97.4544 -13 709 0 0 1
-0.104976 -0.323305 860 -0.0705381 0.0297207 14.1482 23.6171 -13 711 0 0 1
-0.26686 -0.156179 860 -0.0489305 -0.00148678 12.3482 54.3673 -13 715 0 0 1
0.202677 0.0905146 860 0.068259 -0.0116926 13.1041 44.2578 -13 716 0 0 1
-0.250242 -0.194241 860 -0.0251085 0.0468333 8.64089 43.4033 -13 718 0 0 1
-0.440276 -0.254459 860 -0.0538468 0.0315161 10.6372 37.5988 -13 719 0 0 1
0.426069 0.508708 860 0.0738963 -0.0618709 11.2525 55.9968 -13 720 0 0 1
-0.215581 0.163662 860 0.0344898 0.0553148 9.65258 57.5703 -13 721 0 0 1
-0.107952 0.231868 860 0.0596658 0.0359492 4.86337 71.007 -13 722 0 0 1
-0.468229 -1.53209 860 -0.194206 0.155028 4.64818 84.623 -13 724 0 0 1
0.268508 0.620229 860 0.111613 0.0348924 5.26446 67.5164 -13 729 0 0 1
0.0216825 0.0508725 860 -0.0238219 -0.0149611 10.9476 44.8634 -13 735 0 0 1
0.0725013 -0.110389 860 -0.0407801 0.0482033 8.18954 57.6543 -13 737 0 0 1
-0.0687933 0.200409 860 -0.040293 -0.00651119 13.0293 47.4554 -13 740 0 0 1
0.755503 -3.15288 860 -0.5447 -0.475149 1.68551 121.203 -13 744 0 0 1
0.112757 0.171257 860 0.0580502 -0.00662586 11.4825 41.6664 -13 745 0 0 1
0.0855349 -0.135214 860 -0.0320718 -0.0461971 10.4262 51.2797 -13 750 0 0 1
0.733608 0.728601 860 0.0581942 -0.0864138 6.33967 51.3275 -13 752 0 0 1
0.518119 -3.92343 860 0.0154856 0.00674125 0.0351459 50.8788 11 752 1001 0 1
-1.0361 0.909235 860 -0.115136 0.316633 10.778 31.4158 -13 753 0 0 1
-0.225631 -0.0669902 860 0.0546221 -0.0533865 8.03772 58.4283 -13 760 0 0 1
-0.374462 -0.280287 860 -0.0750066 -0.06363 6.27665 55.0474 -13 761 0 0 1
0.453225 -0.321357 860 -0.0393444 -0.062283 13.8575 50.8408 -13 762 0 0 1
0.104753 0.25702 860 0.056341 -0.0373441 13.392 26.9306 -13 774 0 0 1
0.0489132 0.0651355 860 0.0074506 0.013199 11.8414 37.8573 -13 776 0 0 1
-0.0555902 -0.0525776 860 -0.0271583 0.0545674 9.53476 36.8733 -13 780 0 0 1
-0.023672 0.0720822 860 0.094307 0.0202911 11.6298 31.1059 -13 781 0 0 1
0.0933529 0.00439705 860 0.0264046 0.00827328 10.031 34.2123 -13 782 0 0 1
-0.261189 0.15362 860 0.0252729 0.0424475 6.88863 60.7801 -13 783 0 0 1
-0.240386 -0.00617435 860 -0.0134683 -0.0120305 6.83264 47.2638 -13 784 0 0 1
-0.876941 -0.129452 860 0.0723971 0.0574246 4.56789 76.56 -13 785 0 0 1
0.115955 0.0210686 860 -0.0243565 -0.0176646 9.54946 51.1948 -13 786 0 0 1
-0.716571 0.11372 860 0.00943777 0.0648163 8.88277 51.3705 -13 787 0 0 1
0.0058084 -0.0735823 860 -8.01944e-06 -0.0218445 12.337 43.4248 -13 788 0 0 1
-0.0363501 0.065827 860 0.113438 -0.119156 14.1479 37.2407 -13 789 0 0 1
0.058783 0.224221 860 0.023759 0.000860312 9.90702 58.0857 -13 790 0 0 1
0.0588954 0.734299 860 0.0342441 -0.0664606 4.69826 86.7486 -13 791 0 0 1
0.191697 0.158979 860 0.0851222 -0.0482815 11.7454 54.6225 -13 792 0 0 1
-0.191346 0.0803683 860 -0.0247056 0.0011709 11.4048 44.1731 -13 793 0 0 1
-0.326844 0.153571 860 0.0540541 0.0246273 11.4662 35.5389 -13 795 0 0 1
-0.343673 -0.0229679 860 -0.0155583 0.0381394 13.9984 47.1046 -13 797 0 0 1
-0.166702 0.020226 860 -0.0269731 0.0459036 13.7008 47.8724 -13 798 0 0 1
-0.0638418 -0.0158357 860 0.0193256 0.0949363 9.34821 62.3 -13 799 0 0 1
0.185889 0.1254 860 0.0200656 -0.0235795 13.5421 25.4585 -13 800 0 0 1
0.188885 -0.266195 860 0.0213191 0.0473326 5.58535 58.3548 -13 801 0 0 1
0.412303 -0.0378473 860 0.0437191 0.0210402 12.5184 51.7717 -13 805 0 0 1
-0.681658 -0.465156 860 -0.0556691 0.0666061 7.49396 53.9137 -13 826 0 0 1
-1.2495 1.89985 860 -0.0228728 0.0216741 0.015314 55.7277 11 826 1001 0 1
0.240798 -0.411967 860 -0.140219 -0.133381 7.77571 67.1606 -13 835 0 0 1
-0.523859 -0.0716291 860 -0.0155504 0.088147 12.8159 41.1641 -13 838 0 0 1
0.0514411 -1.30552 860 -0.144566 0.23617 3.89738 96.0231 -13 844 0 0 1
0.00254285 -0.132523 860 -0.0452096 0.0352712 12.2719 42.0243 -13 846 0 0 1
-0.102678 -0.0542426 860 0.0397833 0.068348 8.843 42.7373 -13 851 0 0 1
-0.949948 -1.38953 860 0.0197872 0.00321843 0.935261 667.184 -13 852 0 0 1
-0.234126 -0.21324 860 -0.0418365 -0.00163013 11.5499 50.4817 -13 855 0 0 1
-0.0994694 -0.126361 860 0.00949728 0.0353914 13.756 51.2343 -13 973 0 0 1
0.0978919 0.205451 860 0.0376923 -0.0126528 10.2514 50.0898 -13 975 0 0 1
0.373826 0.200718 860 0.0224331 0.0121932 6.6167 52.1231 -13 976 0 0 1
0.0924698 0.198935 860 0.0504122 -0.0112362 13.7133 41.4409 -13 979 0 0 1
0.0776344 0.0981132 860 0.0367995 -0.0021609 9.65101 32.7463 -13 981 0 0 1
-0.22977 -0.12755 860 -0.0390562 0.0268809 13.6041 35.7171 -13 982 0 0 1
-0.489278 1.38384 860 0.119818 -0.12477 5.43828 77.9597 -13 983 0 0 1
-4.3144 0.986644 860 0.0261576 -0.019068 0.0270844 77.3486 11 983 1002 0 1
-0.0883383 0.311427 860 0.0781187 -0.111268 10.0379 33.3454 -13 984 0 0 1
-0.0483007 -0.278418 860 -0.0657942 -0.0414587 11.1972 42.9318 -13 985 0 0 1
1.98143 -0.220849 860 0.0490045 -0.00290399 0.0444822 43.6923 11 985 1005 0 1
0.362894 0.541643 860 0.117578 -0.0620696 8.36893 55.4676 -13 986 0 0 1
-0.0823825 0.178719 860 0.00829527 0.0198633 14.2248 46.5701 -13 987 0 0 1
0.117509 0.325115 860 0.0998883 -1.52963e-05 6.56402 68.0727 -13 988 0 0 1
0.444299 0.737097 860 0.000746086 -0.0712086 1.11804 143.243 -13 989 0 0 1
0.147719 0.142394 860 0.0652923 -0.0223788 11.2557 56.541 -13 993 0 0 1
-0.183423 0.0650233 860 0.00776713 0.0248004 13.0249 49.1617 -13 996 0 0 1
0.0865251 -0.147332 860 -0.075296 -0.0181749 14.5011 30.3258 -13 997 0 0 1
0.104157 -0.0733236 860 0.00422226 -0.0219599 10.2394 55.3376 -13 998 0 0 1
-0.0603716 -0.0388253 860 -0.0283302 -0.0269876 7.29473 46.6777 -13 999 0 0 1
-8.46616 -2.41572 860 -0.0142309 0.0191509 0.0297258 46.1913 11 999 1005 0 1
0.272379 0.214325 860 0.00401402 -0.122065 4.89294 74.2854 -13 8 0 0 1
0.0221014 0.0258406 860 -0.0133325 -0.0240432 11.8012 29.9567 -13 12 0 0 1
0.0294716 0.0486481 860 -0.0145769 0.0284912 8.35937 46.5246 -13 27 0 0 1
-2.76089 -0.102644 860 -0.0379801 -0.0242912 0.0617186 44.2398 11 27 1003 0 1
-0.28579 0.156907 860 0.00394713 0.0481804 11.5634 54.3156 -13 28 0 0 1
0.656929 -0.462018 860 0.0380551 -0.157842 4.87597 64.5808 -13 46 0 0 1
0.183466 0.0113886 860 -0.0104658 0.0254712 11.3938 35.1659 -13 47 0 0 1
0.441747 -0.0308984 860 0.00301956 -0.0049916 8.16033 38.9091 -13 53 0 0 1
0.0490014 -0.447088 860 0.0694474 0.0548069 14.0841 30.9227 -13 56 0 0 1
-0.403164 1.15027 860 0.115817 0.135501 8.13844 63.512 -13 77 0 0 1
0.151843 -0.0821178 860 0.00863663 0.0295985 8.46578 44.481 -13 88 0 0 1
-0.0717599 0.0927009 860 0.033481 0.0392578 7.66405 65.6292 -13 93 0 0 1
0.04689 -0.305959 860 -0.0322777 -0.00723417 12.3144 26.0712 -13 100 0 0 1
-0.403689 0.168404 860 0.0227079 0.0840907 11.4353 53.4738 -13 125 0 0 1
0.168858 -0.104595 860 -0.0464466 0.0537056 9.56959 37.8621 -13 127 0 0 1
0.15054 -0.295265 860 -0.00506887 0.0230191 0.054534 37.8916 11 127 1001 0 1
0.0299376 -0.229173 860 -0.0438576 0.0236293 13.3466 27.5508 -13 135 0 0 1
-0.0366242 -0.368943 860 -0.0096415 0.0387157 7.28509 54.8197 -13 148 0 0 1
-2.96587 -1.33475 860 -0.010015 -0.0200633 0.0425414 53.9644 11 148 1003 0 1
0.487176 0.232561 860 0.115598 -0.0602425 6.93408 52.3226 -13 149 0 0 1
0.224549 0.139044 860 -0.0272794 -0.0992338 9.75413 55.2006 -13 174 0 0 1
-0.175514 -0.026954 860 0.00870175 0.0122895 10.7635 43.0067 -13 176 0 0 1
0.506035 -0.0810948 860 -0.0206059 -0.229952 2.82428 95.8672 -13 177 0 0 1
0.207263 -0.522877 860 -0.0666029 -0.101296 5.40544 71.5606 -13 179 0 0 1
-0.633621 -1.27564 860 -0.282262 -0.00524635 5.63862 54.1887 -13 189 0 0 1
-0.107224 0.34338 860 0.0699952 0.00265973 8.94198 63.245 -13 213 0 0 1
-0.249917 -0.0662017 860 -0.0111765 0.0419634 10.9066 44.6106 -13 242 0 0 1
0.219844 -0.0303195 860 0.0202973 -0.0658212 13.7879 50.347 -13 243 0 0 1
-0.299655 -0.0695522 860 0.0351892 0.0399953 8.6458 58.8659 -13 244 0 0 1
0.109624 0.102618 860 -0.0527329 -0.0328102 8.02919 46.9009 -13 246 0 0 1
0.0166629 -0.133236 860 -0.0120716 -0.0388662 11.8095 53.613 -13 248 0 0 1
-0.261462 0.108245 860 0.0124079 0.0749147 10.3237 49.2418 -13 250 0 0 1
0.177896 0.0387192 860 0.0716713 -0.0134406 12.2282 26.0262 -13 256 0 0 1
0.0677194 0.492053 860 0.114671 0.0117016 11.2503 38.5638 -13 257 0 0 1
-0.108868 -0.177502 860 -0.0263449 0.0282492 12.9365 43.1873 -13 262 0 0 1
-0.134283 -0.176698 860 0.0483149 0.0132916 2.76788 114.749 -13 264 0 0 1
0.138057 0.487085 860 0.0758789 -0.0063339 11.2537 51.8244 -13 266 0 0 1
-0.968599 0.480274 860 0.0246332 0.0434739 0.0527914 52.2009 11 266 1002 0 1
-0.0434337 0.071984 860 0.0111325 0.0134349 11.9698 30.6193 -13 297 0 0 1
-5.54938 -1.46255 860 -0.389814 0.687921 2.56254 123.435 -13 300 0 0 1
-0.267627 0.311196 860 0.0558937 0.0684185 8.17917 63.8371 -13 301 0 0 1
0.185492 0.172134 860 0.0414048 0.0206563 11.608 39.6153 -13 303 0 0 1
-0.120298 0.195196 860 0.0529713 0.0753235 10.9745 38.1741 -13 305 0 0 1
2.83021 -1.97395 860 0.0295014 0.00694108 0.0613513 42.5648 11 305 1002 0 1
0.267054 0.188517 860 0.0772889 0.0325255 3.96663 82.162 -13 307 0 0 1
0.241814 0.117703 860 0.040143 -0.00948879 12.1463 32.5165 -13 312 0 0 1
-0.105733 0.305613 860 0.0474349 0.0477616 6.01722 55.692 -13 318 0 0 1
-0.2362 0.020591 860 0.0115595 0.047256 13.802 28.3368 -13 320 0 0 1
0.405664 -0.253245 860 -0.0386324 -0.123442 5.97606 57.697 -13 323 0 0 1
-nan -nan -nan -nan -nan -nan -nan -13 324 0 0 1
0.127722 -0.258036 860 -0.146988 0.0330372 11.4305 53.8902 -13 325 0 0 1
0.289741 0.155662 860 -0.0339398 0.0266759 7.95932 47.3307 -13 459 0 0 1
-0.196991 0.310377 860 0.0113009 -0.0101458 10.5065 32.473 -13 460 0 0 1
-0.368388 -0.33184 860 -0.13722 0.218409 3.43926 106.442 -13 464 0 0 1
-nan -nan -nan -nan -nan -nan -nan -13 471 0 0 1
0.520838 0.580888 860 0.153912 -0.0876814 5.29629 58.6143 -13 473 0 0 1
-0.430352 -0.747815 860 -0.0235038 -0.145491 2.59444 117.925 -13 728 0 0 1
-0.220295 0.195059 860 0.00507353 0.0270285 11.1553 34.8942 -13 730 0 0 1
-0.367239 -0.0108982 860 -0.00750453 0.0247376 7.80543 42.901 -13 734 0 0 1
0.496839 0.879697 860 0.0107192 -0.0190263 0.056806 42.2206 11 734 1002 0 1
-0.0255652 0.434044 860 0.0836821 -0.0328332 10.962 37.8064 -13 736 0 0 1
0.418098 -0.233663 860 0.0147392 -0.0341182 8.37671 59.5583 -13 738 0 0 1
-0.0833106 -0.0633766 860 0.00254509 -0.0269527 11.8886 46.6563 -13 739 0 0 1
0.0643591 -0.0212188 860 0.0397297 -0.0901048 8.63896 54.8826 -13 741 0 0 1
0.800277 1.61107 860 0.108308 -0.136092 3.76741 97.4297 -13 742 0 0 1
0.735458 0.0961792 860 0.0495889 -0.0759773 8.28456 38.7204 -13 743 0 0 1
0.158465 -0.133401 860 -0.0652796 -0.0566683 8.52962 61.8279 -13 746 0 0 1
0.0535319 -0.0135282 860 0.0227149 -0.0250783 11.8386 48.946 -13 747 0 0 1
-0.0558178 -0.116374 860 -0.0197286 -0.0114471 10.5481 46.2862 -13 748 0 0 1
-0.929796 -0.165146 860 -0.0595012 0.0871375 12.0781 27.0948 -13 749 0 0 1
0.296991 0.327418 860 0.0857088 -0.0536218 11.0959 52.0185 -13 751 0 0 1
0.323196 0.12658 860 0.0973256 -0.018761 8.59845 61.0279 -13 754 0 0 1
-0.258768 0.403058 860 0.0985863 0.0537075 7.87741 46.1022 -13 755 0 0 1
0.422026 0.0174329 860 0.0517802 0.00888917 5.28947 68.4185 -13 756 0 0 1
0.0261319 0.0118054 860 0.0338679 0.00580634 7.11465 55.2329 -13 757 0 0 1
-8.82539 -5.74023 860 0.000698752 -0.00695783 0.0506945 43.1989 11 757 1005 0 1
0.774824 -0.453504 860 0.023291 -0.153458 7.89229 41.3547 -13 758 0 0 1
0.163053 0.091067 860 0.0189165 -0.0238084 12.6294 53.8003 -13 767 0 0 1
-0.166137 -0.289255 860 -0.0757647 0.0144791 10.8835 34.5984 -13 771 0 0 1
0.0214571 -0.185173 860 0.00457382 -0.00674355 11.4139 32.0201 -13 773 0 0 1
-0.437618 -0.0690952 860 0.0100564 0.0134625 8.43181 54.863 -13 778 0 0 1
-14.9742 3.33218 860 -0.00221932 -0.00463884 0.0434071 52.6358 11 778 1002 0 1
0.265859 0.0667653 860 -0.00651379 -0.0157342 12.9206 24.6551 -13 779 0 0 1
-0.00490771 0.304047 860 0.0364519 -0.0550351 7.28535 53.7443 -13 794 0 0 1
0.562944 1.37006 860 -0.0119304 -0.0228579 0.0480998 53.3445 11 794 1003 0 1
0.255973 -1.53372 860 -0.00827357 -0.0233801 0.0465347 53.1214 11 794 1004 0 1
-0.269926 0.595719 860 -0.177078 0.0465996 8.81697 57.6679 -13 796 0 0 1
0.526 0.451341 860 0.128192 -0.0291859 2.20546 111.003 -13 806 0 0 1
-0.030147 0.248183 860 0.0571831 -0.0215497 13.6368 33.4581 -13 807 0 0 1
-0.403592 0.120587 860 0.0356208 -0.0131799 6.94186 53.3564 -13 808 0 0 1
0.207737 0.0347938 860 0.010927 -0.05728 14.2901 35.5796 -13 809 0 0 1
0.308443 -0.217951 860 0.0519743 -0.0205255 6.2024 75.8375 -13 819 0 0 1
0.663591 -0.0239531 860 -0.0349683 -0.106628 8.35561 40.3922 -13 821 0 0 1
-0.15683 -0.112608 860 0.0117197 -0.0455723 12.5917 47.9107 -13 823 0 0 1
0.27417 0.0603263 860 0.0581735 -0.0709963 10.7957 37.8848 -13 837 0 0 1
0.511193 0.463135 860 0.0317567 -0.0527098 9.83941 52.9936 -13 840 0 0 1
0.454279 -1.04916 860 -0.103121 -0.112362 8.26317 44.2858 -13 843 0 0 1
-0.0941164 0.0234992 860 -0.0257172 0.0204774 13.4794 32.1817 -13 845 0 0 1
0.0244383 -0.355031 860 -0.117934 -0.0700154 4.55112 74.6657 -13 847 0 0 1
0.0792708 0.0178565 860 0.0360063 0.0137332 9.52748 34.6651 -13 849 0 0 1
-0.271688 -0.146816 860 -0.0310872 0.0575275 12.3598 47.2859 -13 850 0 0 1
-0.109481 0.0245555 860 0.00756839 0.00880206 14.3261 30.0193 -13 857 0 0 1
0.0585025 -0.385055 860 -0.0869814 -0.0167748 10.1985 56.5839 -13 858 0 0 1
-0.094268 -0.135182 860 -0.0499753 0.0175668 13.0327 48.7537 -13 860 0 0 1
-0.367917 -0.0784801 860 0.0106244 0.0363876 11.1628 30.8403 -13 861 0 0 1
0.302159 -0.153048 860 -0.080615 -0.00876864 5.70167 73.2076 -13 862 0 0 1
-0.238423 -1.53145 860 -0.210963 -0.00563249 3.33005 87.3965 -13 863 0 0 1
0.338196 0.308445 860 0.138058 0.0168978 5.38688 84.2943 -13 866 0 0 1
0.119806 -0.146309 860 -0.0363303 0.0155027 8.30539 47.1461 -13 868 0 0 1
0.128674 0.10726 860 -0.000276618 -0.0238596 14.2323 47.9858 -13 879 0 0 1
0.0791549 0.160205 860 0.0210061 -0.0244887 12.9324 29.5338 -13 880 0 0 1
0.410918 0.30605 860 0.0544276 -0.0879916 14.5228 34.105 -13 881 0 0 1
0.115334 0.276567 860 -0.0692728 -0.135715 6.36858 68.836 -13 882 0 0 1
-0.0701048 0.927351 860 0.122109 0.00153065 7.0322 67.2375 -13 883 0 0 1
0.255047 -0.222658 860 0.00950709 -0.0651879 5.59464 70.6932 -13 884 0 0 1
-0.089289 -0.0797223 860 0.0297732 0.0291358 12.5348 26.4362 -13 885 0 0 1
-0.182378 0.832739 860 0.0782464 0.259939 8.49186 36.8038 -13 887 0 0 1
-0.149466 0.279586 860 0.109061 -0.0658769 8.50666 55.397 -13 888 0 0 1
0.022822 -0.00648719 860 -0.00183009 -0.0571374 11.2927 52.1448 -13 889 0 0 1
-0.145833 0.923244 860 0.0871465 0.163523 10.8084 40.3892 -13 890 0 0 1
-0.0627961 0.366967 860 0.0518981 0.0333948 7.43966 49.0689 -13 891 0 0 1
-0.369734 0.116284 860 0.0457418 0.0713247 14.0593 31.0134 -13 892 0 0 1
0.337281 -0.494335 860 -0.0553015 -0.0661591 9.34987 36.5886 -13 893 0 0 1
-0.216724 -0.476512 860 -0.0821428 0.0360897 12.5564 43.1533 -13 894 0 0 1
0.101961 -0.0481628 860 -0.00883841 -0.0633519 11.6034 43.5925 -13 895 0 0 1
-0.273973 -0.462955 860 -0.0924492 0.0554527 6.617 55.6372 -13 899 0 0 1
0.130661 -0.101446 860 -0.0329968 -0.0277784 11.4209 28.9558 -13 900 0 0 1
0.523644 -0.141433 860 0.0243205 -0.141288 6.50144 54.3504 -13 903 0 0 1
0.0131006 -0.0441409 860 0.00643348 0.0409731 12.5318 32.3956 -13 904 0 0 1
0.157772 0.0815417 860 -0.0764949 -0.0143256 5.05284 76.9435 -13 905 0 0 1
-0.215626 0.125707 860 0.0235179 -0.0118564 10.4364 49.4708 -13 906 0 0 1
-0.0239631 -0.0753275 860 -0.026223 0.0224836 11.613 53.1322 -13 907 0 0 1
-0.0297869 -0.0140323 860 -0.0339141 0.00948877 12.925 27.5209 -13 908 0 0 1
0.0822329 0.132411 860 0.0139877 0.0658345 7.1495 57.4058 -13 909 0 0 1
-0.857494 0.977664 860 0.0207613 0.00735186 0.0540412 57.1401 11 909 1003 0 1
0.299916 -0.540377 860 -0.0748726 -0.0609587 9.23139 35.0752 -13 910 0 0 1
0.0667684 -1.13317 860 0.135487 -0.0545853 0.715785 667.715 -13 911 0 0 1
0.0964221 -0.311019 860 -0.075648 -0.0377935 11.8199 28.264 -13 912 0 0 1
0.00808416 0.116524 860 0.011615 -0.0166757 13.2274 28.1215 -13 10 0 0 1
1.02371 -0.154023 860 0.0570579 -0.13514 10.5892 31.5455 -13 11 0 0 1
-0.390348 0.0828478 860 -0.0503739 0.0464499 3.31175 87.2074 -13 13 0 0 1
-0.183033 0.409052 860 -0.0036532 -0.00500138 14.4867 28.3066 -13 17 0 0 1
0.125542 0.0733832 860 0.0577219 -0.0107297 6.92145 65.0791 -13 29 0 0 1
0.460941 0.730656 860 0.591661 0.409902 8.4186 41.7434 -13 32 0 0 1
-0.0257311 0.190979 860 -0.0013742 0.0149333 13.2515 29.7456 -13 49 0 0 1
0.216468 0.490686 860 0.0499109 -0.0445848 4.09137 98.4937 -13 50 0 0 1
-0.0596205 -0.402349 860 -0.10333 0.0447375 2.23651 107.763 -13 54 0 0 1
0.250545 -0.337768 860 -0.0665881 -0.0739388 9.34104 45.584 -13 62 0 0 1
-0.376163 -0.0925715 860 -0.0582107 0.0413153 5.28906 69.9162 -13 69 0 0 1
0.061338 -0.445358 860 -0.0890769 0.00970852 11.6667 30.2761 -13 71 0 0 1
0.0740264 -0.269163 860 -0.0681586 -0.00703597 12.6689 49.3777 -13 79 0 0 1
-0.0630279 0.39037 860 0.0562895 0.0329429 8.68937 58.2481 -13 81 0 0 1
0.0262007 -0.045791 860 0.0174311 0.0147345 13.1828 46.5725 -13 82 0 0 1
-0.446169 -0.17849 860 -0.064916 0.124075 9.82977 50.0796 -13 83 0 0 1
-0.35014 -0.185572 860 -0.0380858 0.028791 13.5554 26.6677 -13 85 0 0 1
-0.263256 -0.295161 860 -0.119266 0.139656 0.713283 663.27 -13 87 0 0 1
-0.090989 0.114312 860 -0.00860686 -0.00996179 13.7554 40.2907 -13 107 0 0 1
-0.215289 9.822e-05 860 -0.00334859 0.0488239 13.2351 45.849 -13 132 0 0 1
0.233764 0.0709613 860 -0.0102777 -0.0385913 14.536 40.3375 -13 133 0 0 1
-0.563963 -0.841232 860 -0.162151 0.13633 7.1403 61.2778 -13 134 0 0 1
-0.1936 0.0600621 860 0.0460273 0.080893 4.33898 71.8637 -13 138 0 0 1
0.0198762 -0.0891123 860 -0.0275853 -0.0417492 13.6864 46.3812 -13 153 0 0 1
-0.251825 0.225048 860 0.0101325 0.0121934 9.93023 56.2189 -13 155 0 0 1
-0.128412 -0.0402294 860 -0.0402149 0.00950739 11.9622 42.605 -13 156 0 0 1
0.306123 0.0613977 860 0.073961 -0.0480792 8.34158 46.8209 -13 158 0 0 1
-0.122078 0.0205815 860 -0.00675883 0.0228021 14.0997 29.0219 -13 161 0 0 1
-0.0120952 -0.271017 860 -0.0268833 -0.0525673 9.22187 50.8219 -13 182 0 0 1
0.0723081 0.0643267 860 0.00351028 -0.026744 14.0067 27.6117 -13 183 0 0 1
0.0519991 0.0846285 860 0.0140212 -0.0305294 11.486 42.7904 -13 185 0 0 1
0.150083 0.172924 860 0.0827986 0.0159669 8.38696 42.2435 -13 190 0 0 1
0.0229106 -0.0402896 860 -0.015257 0.00475413 12.2391 31.3469 -13 191 0 0 1
-0.0973306 0.0362417 860 0.0383908 -0.019708 10.3275 36.8936 -13 194 0 0 1
-0.0101407 -0.43358 860 -0.0404968 -0.0558418 10.8595 50.3838 -13 195 0 0 1
0.138355 -0.209396 860 -0.0401599 -0.028753 11.5819 48.4369 -13 201 0 0 1
-0.445769 -0.319008 860 -0.0485956 0.00379622 2.59182 101.1 -13 221 0 0 1
0.196491 -0.0715605 860 -0.0375823 -0.0456471 8.87318 41.5563 -13 222 0 0 1
-0.115638 -0.0621471 860 -0.0311429 0.0158253 13.492 36.2864 -13 228 0 0 1
-0.149069 -0.0263868 860 0.0476598 -0.0110355 13.4234 33.8991 -13 229 0 0 1
-0.17016 0.495807 860 0.0463323 0.108182 11.9578 27.3117 -13 230 0 0 1
0.276947 0.0355706 860 0.135791 -0.00121837 9.03462 60.1838 -13 231 0 0 1
-0.660715 0.0507257 860 0.0257242 0.0961109 6.2098 67.6097 -13 232 0 0 1
-0.196588 -0.156013 860 -0.0358699 0.00293719 10.9434 56.1086 -13 233 0 0 1
-0.124314 -0.12436 860 -0.051213 -0.02583 12.4787 27.7999 -13 234 0 0 1
0.43439 0.656579 860 0.101209 -0.111144 6.11993 72.3228 -13 235 0 0 1
0.653395 0.609711 860 0.0783232 -0.151856 4.29897 86.3974 -13 236 0 0 1
0.215736 0.118511 860 -0.0430445 -0.0439772 8.36219 51.6704 -13 237 0 0 1
-0.438696 -0.300794 860 0.0306361 0.124177 12.8986 36.3767 -13 245 0 0 1
0.13589 -0.14458 860 -0.0723262 -0.0409956 11.5584 37.051 -13 247 0 0 1
1.23233 0.885099 860 -0.011141 -0.035488 0.0731879 36.8 11 247 1001 0 1
0.308652 0.0970357 860 0.00630538 -0.0475948 12.3396 35.8357 -13 249 0 0 1
0.255794 0.0126787 860 0.0326552 -0.0174974 11.8979 47.1593 -13 253 0 0 1
-0.437422 0.199886 860 -0.0237403 -0.0522573 8.24807 41.5574 -13 254 0 0 1
0.0916035 0.107167 860 0.0190866 -0.0163779 12.0178 33.3246 -13 255 0 0 1
-0.104578 -0.26204 860 -0.0476641 0.024842 14.203 45.5935 -13 260 0 0 1
-0.137691 0.0241287 860 0.00410725 0.0161592 14.0554 44.5779 -13 267 0 0 1
0.139412 0.298189 860 0.0270796 -0.00640404 12.2624 30.8271 -13 268 0 0 1
0.134484 0.291109 860 0.0643543 0.0499259 11.7766 38.0543 -13 269 0 0 1
-1.70196 2.16199 860 -0.00719438 -0.0153874 0.107601 27.1814 11 269 1004 0 1
0.0683707 0.0170683 860 0.0299035 0.0363688 2.57849 123.079 -13 270 0 0 1
-0.296899 -0.194048 860 0.00216734 0.0746255 8.75953 54.612 -13 275 0 0 1
0.0429101 0.0977979 860 0.000776135 -0.0100602 13.3396 43.8615 -13 279 0 0 1
0.0241753 0.0458253 860 0.0414159 -0.0475007 8.09011 57.7161 -13 281 0 0 1
0.219259 0.0195389 860 0.0666498 -0.0737596 10.6887 36.07 -13 283 0 0 1
-0.286292 -0.0940315 860 -0.128834 0.01183 2.12926 130.379 -13 285 0 0 1
-0.0557016 -0.370041 860 -0.054432 0.0275082 10.8593 56.5726 -13 287 0 0 1
0.0117733 -0.0255765 860 -0.0377762 -0.0463063 7.32028 70.5471 -13 293 0 0 1
0.0139545 0.207567 860 -0.00540033 -0.0200159 7.18515 65.3512 -13 295 0 0 1
-0.937305 0.700866 860 0.00756737 0.0316273 -0.0262097 67.2298 11 295 1001 0 1
-nan -nan -nan -nan -nan -nan -nan -13 298 0 0 1
0.185446 -0.409685 860 -0.0777358 -0.0536085 7.49507 56.5304 -13 302 0 0 1
0.506493 -0.256977 860 0.080555 -0.131027 9.81648 38.0542 -13 414 0 0 1
0.120004 0.0178991 860 0.0340153 -0.031845 12.6392 38.5046 -13 416 0 0 1
0.107321 -0.235024 860 -0.0501985 -0.0411683 10.0102 57.2444 -13 418 0 0 1
0.850673 -0.598043 860 -0.0293399 -0.186925 7.5975 54.063 -13 419 0 0 1
-0.00861797 0.0150097 860 0.0607542 0.00031878 12.4355 34.9675 -13 420 0 0 1
-0.18329 -0.309775 860 -0.00202654 -0.000669147 7.00857 47.4519 -13 422 0 0 1
-0.16607 -0.0812034 860 -0.0382275 0.00619119 9.29395 43.1095 -13 424 0 0 1
-0.0293875 0.380774 860 0.0825736 0.0250786 6.97332 51.9263 -13 428 0 0 1
-0.0474279 -0.0637188 860 0.0362745 -0.000116428 7.77356 52.3666 -13 429 0 0 1
0.0440833 -0.109177 860 -0.0436029 0.00283706 10.8298 38.5364 -13 431 0 0 1
-0.398089 0.280846 860 0.0773529 0.00447369 9.93107 49.2338 -13 432 0 0 1
0.0637428 -0.21765 860 -0.0455495 -0.0340028 11.0201 53.3038 -13 433 0 0 1
-0.210804 -0.209844 860 -0.036364 0.0488179 13.6962 34.096 -13 434 0 0 1
-0.00639416 -0.0561067 860 0.0233278 -0.0218015 11.374 42.1988 -13 435 0 0 1
-0.124939 -0.0488125 860 -0.0291006 0.0430853 11.2379 34.3431 -13 436 0 0 1
0.0858856 0.00373442 860 0.0178522 -0.00302709 10.6764 40.2802 -13 437 0 0 1
0.0511715 0.331283 860 0.0952274 0.0120293 11.1102 44.2788 -13 438 0 0 1
-0.338051 -0.339785 860 -0.137924 0.0750727 8.79585 55.8604 -13 440 0 0 1
-0.473707 -0.062362 860 0.00916458 0.0909672 11.3501 41.418 -13 441 0 0 1
-0.0278129 -0.0599153 860 -0.0405258 0.0844755 11.3515 38.0776 -13 444 0 0 1
-0.138176 0.162312 860 -0.058503 0.100693 7.79189 59.8205 -13 451 0 0 1
0.111783 0.109881 860 0.0284024 0.0378387 13.677 48.9818 -13 462 0 0 1
0.0348854 -0.093174 860 0.00636984 -0.0204067 13.6809 39.2523 -13 498 0 0 1
-0.37382 0.115851 860 0.00904077 0.0146362 11.8748 41.9283 -13 499 0 0 1
-0.0640858 -0.120633 860 -0.0185192 0.0888865 12.6091 37.9918 -13 500 0 0 1
-2.14385 1.80003 860 0.0139511 -0.0379794 0.0339681 45.7085 11 500 1003 0 1
0.16476 -0.34188 860 -0.117554 0.0294473 7.8512 44.6887 -13 514 0 0 1
0.257026 -0.19612 860 0.00825371 -0.0781781 9.65509 39.1217 -13 525 0 0 1
-0.296782 -0.595557 860 -0.454271 0.0695272 2.46703 125.689 -13 527 0 0 1
-0.116595 0.163593 860 0.0445857 -0.00405113 8.25809 59.7706 -13 530 0 0 1
-0.0819445 0.226142 860 -0.221139 0.0143556 11.2765 33.2148 -13 539 0 0 1
-0.568881 6.20946 860 -0.0199813 -0.0264868 0.0286943 38.4499 11 539 1001 0 1
-0.137427 -0.0993132 860 -0.0225805 -0.000976047 11.2382 53.1721 -13 540 0 0 1
1.41071 -2.5516 860 -0.190662 -0.518205 10.6347 48.6203 -13 547 0 0 1
-0.274075 -0.210086 860 -0.0547878 0.0207044 8.57003 52.4164 -13 550 0 0 1
-0.0616611 0.36532 860 -0.0217661 0.0181535 4.90246 61.9962 -13 554 0 0 1
-0.482644 -0.274747 860 -0.0209941 0.0160299 6.12704 70.4901 -13 556 0 0 1
-0.395709 0.255587 860 0.0419609 0.0719346 10.9143 56.566 -13 559 0 0 1
0.0577381 0.0728845 860 0.0152989 -0.0153976 13.5973 23.6892 -13 560 0 0 1
-0.616114 0.654111 860 -0.0174552 -0.036947 4.99501 85.7783 -13 561 0 0 1
-0.32013 0.418883 860 0.086126 0.100388 11.0317 31.6967 -13 562 0 0 1
0.19495 -0.0331013 860 -0.0514405 -0.0655635 11.8248 52.2298 -13 568 0 0 1
0.0496329 -0.0150426 860 0.0488586 -0.00660205 13.5172 34.211 -13 569 0 0 1
0.179176 0.102971 860 0.0873485 -0.0459291 11.0613 53.6927 -13 570 0 0 1
-0.00821279 0.172907 860 0.069195 -0.0177592 12.6337 38.0399 -13 571 0 0 1
-0.119557 0.062442 860 0.00322424 -0.0256574 9.87099 43.5544 -13 572 0 0 1
-0.230954 -0.310006 860 0.0125076 0.0397778 6.44429 59.8962 -13 573 0 0 1
0.177319 0.148325 860 0.0456282 0.00160387 13.7262 31.4161 -13 574 0 0 1
0.419919 0.302021 860 0.0872008 -0.0570439 13.9429 48.7707 -13 584 0 0 1
-0.143698 0.0142957 860 0.0129551 0.0312251 11.2191 35.6269 -13 585 0 0 1
0.281501 0.128237 860 -0.00372029 -0.0530897 9.31688 57.8181 -13 586 0 0 1
-0.105193 0.103168 860 -0.00585946 0.0447231 13.7609 42.0035 -13 587 0 0 1
0.140224 0.514562 860 0.102612 0.00263225 9.5122 41.9598 -13 588 0 0 1
-0.0310213 -0.127019 860 -0.0347822 -0.0190606 13.2616 35.7489 -13 589 0 0 1
-0.257144 -0.102238 860 0.00392182 0.0426813 9.03473 45.6603 -13 591 0 0 1
4.93917 2.00674 860 0.042361 -0.0273932 0.0429505 43.6698 11 591 1003 0 1
0.305875 0.36399 860 0.0813625 0.0235023 8.24862 49.7057 -13 592 0 0 1
-0.549634 -0.531509 860 -0.0935161 0.0842815 5.65654 80.0354 -13 593 0 0 1
2.56718 -2.55226 860 0.0144946 -0.0189298 0.0252955 80.1129 11 593 1002 0 1
-0.241525 0.149968 860 -0.0277834 0.0339161 10.7454 57.9874 -13 594 0 0 1
0.477493 0.259959 860 0.0946952 -0.0671101 8.04426 54.6553 -13 596 0 0 1
-0.0656405 0.109852 860 0.0716179 0.0630951 10.3969 41.4424 -13 597 0 0 1
-0.225716 0.19795 860 -0.036888 0.0250149 5.58545 59.9599 -13 599 0 0 1
-nan -nan -nan -nan -nan -nan -nan -13 600 0 0 1
-0.184091 0.160688 860 -0.0104864 -0.0425657 12.5246 42.7228 -13 601 0 0 1
0.000700474 0.592713 860 0.083034 0.0335621 6.73559 66.9423 -13 896 0 0 1
-0.389462 -0.0843941 860 -0.0683862 0.0970282 10.3176 37.1842 -13 897 0 0 1
-0.296935 -0.340563 860 -0.0397128 0.0629633 8.33868 53.2487 -13 898 0 0 1
0.143352 0.410438 860 0.130561 -0.0326076 5.04055 86.6958 -13 901 0 0 1
-0.0435157 0.187536 860 0.023616 0.0349091 8.60818 38.1364 -13 902 0 0 1
-0.08686 -0.184688 860 -0.0701071 -0.0271404 10.2654 32.1182 -13 914 0 0 1
0.28679 -0.444973 860 -0.0371706 -0.139598 9.05635 40.2975 -13 915 0 0 1
0.326512 0.154721 860 0.0166338 -0.0574141 13.7837 41.4381 -13 916 0 0 1
-0.0066794 -0.230687 860 -0.0250815 0.0354622 12.4702 44.4927 -13 917 0 0 1
-0.266198 0.248182 860 0.0357791 0.0419213 12.8223 48.3804 -13 918 0 0 1
0.405582 0.241048 860 0.131271 0.0295251 3.56567 84.9085 -13 919 0 0 1
0.310365 -0.420623 860 -0.0537698 0.0103946 8.59654 38.952 -13 920 0 0 1
0.191074 -0.030095 860 -0.0216714 -0.0469216 14.0647 28.4461 -13 921 0 0 1
0.150734 0.152387 860 0.0789075 -0.000307622 12.8469 45.2614 -13 922 0 0 1
0.193775 0.520227 860 0.178258 0.0395959 3.39217 107.131 -13 923 0 0 1
-0.0541527 -0.0587356 860 -0.0127305 -0.0179023 13.6104 36.8037 -13 924 0 0 1
-0.0151081 0.129116 860 0.0697556 0.00814098 13.9567 50.8057 -13 925 0 0 1
-0.186885 -0.216006 860 0.00937661 -0.00600627 12.7938 25.1623 -13 926 0 0 1
0.253436 0.169638 860 0.00421833 -0.0132902 4.6646 78.1953 -13 927 0 0 1
0.0274079 0.139613 860 0.05167 -0.0224559 11.7682 50.0299 -13 928 0 0 1
-0.122119 -0.196837 860 -0.0568669 0.0068194 13.51 29.6557 -13 929 0 0 1
-4.50434 1.56438 860 -0.0295494 0.004954 0.0471169 31.1565 11 929 1001 0 1
0.0438134 -0.100279 860 0.0427937 0.0250516 12.7077 42.7066 -13 930 0 0 1
-0.107468 -0.142384 860 -0.0274627 0.0017365 13.2976 44.7113 -13 931 0 0 1
0.250186 -0.0292284 860 -0.0120803 -0.0488905 11.4157 56.1824 -13 932 0 0 1
-0.0139262 0.102475 860 -0.0182229 -0.0180691 13.6041 36.3011 -13 933 0 0 1
0.182656 -0.0963851 860 -0.0251885 -0.0449479 8.56452 48.2425 -13 934 0 0 1
0.752321 0.872514 860 0.146543 -0.124644 10.3768 51.1031 -13 935 0 0 1
-0.11957 0.0290307 860 0.00893583 0.0461883 12.4376 38.5504 -13 936 0 0 1
0.0400053 0.20435 860 0.0537965 -0.0200371 12.5188 52.1589 -13 937 0 0 1
0.218625 0.406525 860 0.153638 -0.0160275 4.38208 70.208 -13 938 0 0 1
0.320939 -0.438521 860 -0.0557169 -0.0904587 13.8021 32.5625 -13 939 0 0 1
0.0490569 0.117209 860 0.00417275 -0.00207241 5.83163 55.6259 -13 940 0 0 1
3.05947 2.49985 860 -0.00947548 0.00269741 0.053093 53.503 11 940 1004 0 1
0.0928113 0.191828 860 0.0262472 -0.0517386 12.2577 41.2364 -13 941 0 0 1
-nan -nan -nan -nan -nan -nan -nan -13 942 0 0 1
-0.30526 0.0123475 860 -0.0352593 0.0396703 10.4412 54.4923 -13 943 0 0 1
-0.289661 0.228793 860 0.103667 0.102029 11.0952 31.6836 -13 4 0 0 1
0.0835191 -0.4416 860 -0.0548825 -0.014483 6.8164 51.5065 -13 5 0 0 1
-0.0314734 0.211753 860 0.0047011 -0.000871242 14.3578 35.5991 -13 25 0 0 1
0.115125 -0.0733871 860 0.0184355 -0.0803239 13.6191 24.9522 -13 30 0 0 1
0.158455 0.0822566 860 0.0278647 -0.0428894 10.3613 33.8814 -13 31 0 0 1
-0.0251389 1.35903 860 0.175266 0.126154 4.90066 86.6549 -13 35 0 0 1
0.0478975 -0.160532 860 -0.0237032 0.0356121 11.8369 49.4833 -13 38 0 0 1
0.342871 -0.0500745 860 -0.0245499 -0.0542071 8.37777 48.5797 -13 51 0 0 1
-nan -nan -nan -nan -nan -nan -nan -13 52 0 0 1
-0.156249 0.142144 860 -0.0217961 -0.0104436 8.2491 44.1868 -13 58 0 0 1
-nan -nan -nan -nan -nan -nan -nan -13 342 0 0 1
-0.258677 0.480426 860 0.0152636 0.159532 6.76553 66.527 -13 602 0 0 1
-1.54264 -0.830461 860 -0.213869 0.00145958 9.20909 55.6046 -13 603 0 0 1
-0.0236456 0.197313 860 0.0252839 -0.120213 7.48962 53.5932 -13 604 0 0 1
-0.153768 0.222515 860 0.0402334 0.0246065 12.4363 41.3563 -13 606 0 0 1
-0.103563 -0.449225 860 -0.136391 -0.0504543 11.8706 31.749 -13 607 0 0 1
0.161834 -0.416945 860 -0.113517 -0.0212809 12.9262 38.7878 -13 608 0 0 1
-0.0162614 -0.111091 860 -0.0861428 -0.0228002 8.71766 42.2681 -13 610 0 0 1
0.0699865 0.0560864 860 0.0310463 0.00115995 10.3053 34.7893 -13 611 0 0 1
-0.0165213 0.0557085 860 0.0114061 0.00992184 10.7608 45.5325 -13 617 0 0 1
0.296843 -0.00440073 860 -0.0892863 0.0141087 4.49053 85.6492 -13 619 0 0 1
0.254672 -0.491236 860 -0.106914 -0.0751261 5.06578 61.4057 -13 621 0 0 1
0.0287111 0.0934359 860 0.0345 -0.0667627 9.38147 50.3477 -13 627 0 0 1
0.273874 -0.504313 860 0.0860232 0.148342 1.40534 133.044 -13 628 0 0 1
0.149415 0.111086 860 0.0212658 -0.00960279 10.4309 35.7332 -13 629 0 0 1
0.247114 -0.150767 860 -0.0370598 -0.0598054 11.6993 53.8918 -13 630 0 0 1
0.0379581 -0.209944 860 0.0554434 -0.0520875 8.80812 62.3571 -13 631 0 0 1
0.111501 0.188776 860 0.00346557 -0.117372 13.6918 41.128 -13 644 0 0 1
0.0446411 0.0746539 860 0.0243505 0.0188893 9.70417 33.9677 -13 645 0 0 1
0.202038 -0.203565 860 -0.0298827 -0.109358 5.88854 78.0708 -13 647 0 0 1
0.463565 -0.0383978 860 0.0170632 0.0679246 3.64373 87.9287 -13 648 0 0 1
0.053582 -0.100221 860 0.0262752 0.0548839 10.0382 43.6154 -13 651 0 0 1
0.167727 -0.192104 860 0.0170816 -0.040812 12.2548 37.593 -13 654 0 0 1
0.2345 -0.617255 860 -0.157771 -0.0632251 4.66857 77.7521 -13 658 0 0 1
-0.599464 1.98303 860 -0.00687849 0.0140787 0.0387093 76.9714 11 658 1001 0 1
0.410193 -0.163423 860 -0.0659397 -0.087556 11.6584 48.877 -13 660 0 0 1
0.0289151 0.0858389 860 0.0636971 0.0241664 10.6195 45.0274 -13 661 0 0 1
0.107184 0.10582 860 0.0307946 0.0517111 12.1183 36.9186 -13 662 0 0 1
-0.142574 0.0627739 860 0.00220367 0.00955648 9.49061 61.4967 -13 663 0 0 1
2.64948 0.895849 860 -0.0135161 0.0268363 0.0271551 62.6619 11 663 1001 0 1
-0.406062 -0.204721 860 -0.0710382 0.061393 11.3213 29.2352 -13 665 0 0 1
-0.0741757 0.288046 860 0.0237407 0.0143329 11.754 40.913 -13 666 0 0 1
0.0950028 -0.182704 860 -0.0203374 -0.000458123 13.0822 36.5075 -13 667 0 0 1
-0.051416 -0.0457674 860 0.0266917 -0.0107784 6.5742 56.4733 -13 668 0 0 1
-0.577058 0.0720645 860 -0.00354165 0.0352087 9.52678 49.9878 -13 669 0 0 1
0.275074 0.0223633 860 -0.012846 0.0100235 13.1326 43.3099 -13 671 0 0 1
-0.599504 0.217297 860 0.0500451 0.0574435 7.06218 50.7635 -13 675 0 0 1
-2.59739 0.46138 860 0.0164025 0.00476202 0.063136 48.7894 11 675 1004 0 1
0.504443 -0.341815 860 0.046922 -0.100836 11.8131 32.9223 -13 677 0 0 1
-0.651938 -0.207958 860 -0.0657463 0.0941055 7.95804 45.6595 -13 685 0 0 1
-0.00109779 0.0788108 860 0.0110058 -0.0130566 11.6349 53.6481 -13 686 0 0 1
0.23413 -0.46284 860 -0.0391687 -0.0344937 8.98061 40.6752 -13 687 0 0 1
-0.047459 0.029086 860 -0.00948446 0.0152033 12.832 47.0775 -13 688 0 0 1
-0.142321 -0.114432 860 -0.112905 0.0435149 9.84775 53.7084 -13 689 0 0 1
-0.402384 -0.817755 860 -0.177827 0.016968 5.03322 78.3228 -13 690 0 0 1
3.37959 -2.44592 860 -0.013953 0.00199065 0.036163 78.0147 11 690 1003 0 1
-0.381261 -0.634423 860 -0.147942 0.0317798 7.39437 42.9204 -13 692 0 0 1
0.122867 -0.188273 860 -0.0417247 0.0133893 12.7599 45.0965 -13 693 0 0 1
0.615785 0.455467 860 -0.0517916 -0.053668 3.20994 91.7593 -13 694 0 0 1
-0.175131 -0.16264 860 0.0121671 -0.0561781 7.28066 52.7343 -13 695 0 0 1
0.091537 0.384416 860 0.0763809 -0.0534789 8.72007 43.0229 -13 698 0 0 1
-0.204359 -0.502565 860 -0.108092 -0.0746316 8.70702 45.4828 -13 700 0 0 1
-0.0900319 0.563764 860 0.097322 -0.0364071 8.91209 36.3269 -13 701 0 0 1
-0.626114 -3.19917 860 0.00593247 -0.0269259 0.0705233 31.2075 11 701 1002 0 1
-0.0489419 -0.0346847 860 -0.000201561 0.0355096 12.0456 47.8514 -13 703 0 0 1
0.0394001 0.146893 860 0.0556957 0.00465482 7.89757 58.4689 -13 710 0 0 1
-0.0522167 -0.0552659 860 0.0112237 -0.00795038 11.5991 46.3491 -13 712 0 0 1
0.0466124 0.18614 860 -0.0901652 0.00558555 6.30956 69.7886 -13 713 0 0 1
0.441926 -0.0609976 860 -0.0287781 -0.0322148 14.0382 43.2765 -13 714 0 0 1
-0.221835 0.385855 860 0.0284805 0.0162597 10.5105 44.4279 -13 717 0 0 1
1.11019 0.693948 860 0.0391994 0.0296043 0.069364 43.9168 11 717 1002 0 1
0.114258 -0.192046 860 -0.0562215 -0.0269007 8.50309 39.404 -13 723 0 0 1
-0.0895628 -0.275459 860 -0.0827983 -0.00745893 9.56483 43.8519 -13 725 0 0 1
0.115542 -0.468014 860 -0.117559 -0.0539432 13.5884 38.2649 -13 726 0 0 1
0.132237 0.221506 860 0.0312904 -0.0257106 14.1339 26.9092 -13 727 0 0 1
-0.0165134 -0.0882632 860 -0.00509527 0.0225965 10.9577 31.1593 -13 731 0 0 1
-2.40632 0.286945 860 -5.82504e-05 -0.000103634 0.721141 679.798 -13 732 0 0 1
0.0771672 -0.32773 860 -0.0268054 -0.00774906 4.41279 77.5519 -13 733 0 0 1
-0.185255 -0.204449 860 0.0115195 0.0561235 5.62517 76.7202 -13 944 0 0 1
-0.309179 -0.794805 860 0.0130168 0.0979219 3.33342 106.635 -13 945 0 0 1
-0.0893041 -0.000781969 860 0.0163991 -0.00907743 14.2949 34.7079 -13 946 0 0 1
-0.176253 -0.00849403 860 0.00839162 0.0349452 10.4698 34.7138 -13 947 0 0 1
-0.241971 0.0760908 860 0.0380199 0.124271 7.66908 44.9823 -13 948 0 0 1
-0.0361522 0.00779285 860 0.0315199 -0.00472243 12.4718 45.9247 -13 949 0 0 1
0.77158 0.297099 860 0.129019 0.0098592 2.08915 102.432 -13 950 0 0 1
-0.586406 -0.188285 860 0.0232114 0.111502 5.08132 64.8604 -13 951 0 0 1
-0.555911 -0.232174 860 0.152379 0.0465476 3.59129 101.355 -13 952 0 0 1
-0.0186985 0.00387863 860 0.0208614 0.00799808 9.83466 38.2448 -13 953 0 0 1
-0.774327 0.372601 860 0.148578 0.125052 6.66543 65.4016 -13 954 0 0 1
-0.323178 0.399722 860 0.026194 0.078778 7.31625 58.7695 -13 955 0 0 1
0.279631 0.574449 860 0.101583 -0.0248398 6.7843 52.074 -13 956 0 0 1
-0.028782 -0.00998363 860 0.0177588 0.00758413 14.0524 41.0614 -13 957 0 0 1
-0.119612 -0.0502228 860 -0.0324403 0.0816511 11.8372 40.4645 -13 958 0 0 1
-0.0257315 0.230629 860 0.0460546 -0.0216356 10.3777 50.3362 -13 959 0 0 1
-0.053592 -0.347093 860 -0.0442948 -0.00608927 14.4342 31.1025 -13 960 0 0 1
0.0226645 -0.018392 860 -0.0318547 -0.0480772 11.7985 45.3088 -13 962 0 0 1
-0.199635 0.242777 860 0.0485222 -0.0477068 9.36475 40.9297 -13 966 0 0 1
-0.511557 0.368646 860 -nan -nan -nan 170.715 -13 968 0 0 1
0.081997 0.280723 860 0.0424896 -0.0140692 13.2379 37.485 -13 971 0 0 1
-0.285833 0.00389061 860 -0.0145327 0.055131 8.22476 54.6187 -13 19 0 0 1
0.141254 0.29457 860 -0.0500631 -0.0204351 0.625305 667.006 -13 20 0 0 1
0.183154 -0.0342483 860 0.00332347 0.00714615 8.86879 49.9256 -13 26 0 0 1
-0.318725 -0.158781 860 0.024165 0.0440685 10.3668 57.7096 -13 37 0 0 1
-0.165981 0.142745 860 0.0196664 0.0151901 9.74912 58.8264 -13 57 0 0 1
-0.367845 0.280676 860 0.060571 0.0651242 7.01567 60.4162 -13 59 0 0 1
-0.0203326 0.0860599 860 -0.011179 -0.00937682 14.008 50.2936 -13 63 0 0 1
0.110906 0.0998328 860 0.0333716 -0.0295085 7.32681 54.7464 -13 66 0 0 1
-0.0139692 -0.029272 860 0.0150488 -0.0292794 10.6229 48.4481 -13 68 0 0 1
-0.206357 0.1008 860 0.044503 0.038383 11.1545 32.803 -13 70 0 0 1
-0.0109643 0.00723403 860 -0.0463162 -0.0291942 10.3294 31.2531 -13 72 0 0 1
0.110388 0.0136112 860 -0.0102466 -0.0729839 5.96531 71.9288 -13 73 0 0 1
-0.107049 -0.0391442 860 0.00806938 0.0402652 13.5157 36.4385 -13 78 0 0 1
-0.686263 0.220302 860 0.0191638 0.125868 6.19209 61.7001 -13 84 0 0 1
0.0655447 0.210168 860 0.0407376 0.00470114 12.8527 39.1544 -13 97 0 0 1
-0.0100823 -0.205102 860 -0.0585896 -0.0238562 9.55584 40.2165 -13 98 0 0 1
0.0896276 0.891277 860 0.0335132 0.00389656 4.66818 79.584 -13 101 0 0 1
0.411827 -0.0760444 860 -0.038231 -0.100817 9.92581 54.2473 -13 103 0 0 1
0.382877 0.12596 860 -0.0103781 -0.0352644 10.2961 57.94 -13 106 0 0 1
0.048922 0.19138 860 0.0264278 -0.030577 7.1939 54.529 -13 108 0 0 1
0.0414233 -0.576475 860 0.0105176 -0.0283877 0.0326562 54.5853 11 108 1001 0 1
0.0331926 0.138252 860 0.0234047 -0.00735207 13.5606 23.5493 -13 109 0 0 1
0.286609 0.588465 860 0.112909 -0.100687 5.72559 57.4861 -13 118 0 0 1
-0.580282 0.07786 860 -0.0381542 0.222343 7.46387 54.832 -13 120 0 0 1
-0.145955 0.217488 860 0.0464984 0.0208129 13.4857 32.6496 -13 128 0 0 1
0.24778 -0.0957897 860 -0.0287522 -0.067849 13.4899 35.7145 -13 129 0 0 1
-0.341248 0.23274 860 -0.0601082 0.0438072 10.4183 51.8044 -13 130 0 0 1
0.192293 0.325753 860 0.0425913 -0.00448797 9.14788 41.8043 -13 131 0 0 1
-0.260071 0.178342 860 0.0438678 0.02608 12.9687 35.7881 -13 136 0 0 1
-0.309189 0.721388 860 0.035718 0.205443 13.8116 23.6177 -13 141 0 0 1
-0.044272 -0.285312 860 -0.0447234 -0.0788163 13.7393 34.2894 -13 142 0 0 1
-0.249904 0.090964 860 0.0463607 0.0560934 10.9808 33.7032 -13 143 0 0 1
-0.558115 0.23785 860 0.050338 0.145155 9.81027 56.6364 -13 145 0 0 1
0.281565 0.0594677 860 0.0112782 -0.0354026 13.8396 43.0184 -13 150 0 0 1
0.0808211 0.506388 860 0.0935465 0.00168568 9.43963 49.773 -13 154 0 0 1
0.0373064 0.305664 860 0.0697763 -0.00448201 13.221 32.7013 -13 157 0 0 1
-0.0301133 -0.234729 860 -0.0101226 -0.084558 9.73041 46.8323 -13 162 0 0 1
-0.0596159 0.161541 860 -0.00268072 -0.000959512 9.73114 34.6183 -13 163 0 0 1
0.0504596 -0.248604 860 0.0334306 0.0689216 5.50127 65.8951 -13 178 0 0 1
0.116372 0.131365 860 0.0379165 0.00768315 12.0761 31.3986 -13 192 0 0 1
-0.12133 -0.221273 860 -0.0029302 0.0499154 14.4523 42.2807 -13 203 0 0 1
0.409211 0.265895 860 0.0148682 -0.0746099 7.10979 53.9272 -13 205 0 0 1
-nan -nan -nan -nan -nan -nan -nan -13 206 0 0 1
-0.18237 -0.156327 860 -0.00703487 0.00834683 13.7039 35.5975 -13 209 0 0 1
-0.146541 -0.171728 860 -0.0113354 0.000794893 12.0827 40.2928 -13 347 0 0 1
0.470975 0.0790174 860 -0.0541532 -0.153537 7.03371 57.2517 -13 349 0 0 1
0.071388 0.354869 860 0.119262 -0.00691901 7.74057 62.6961 -13 350 0 0 1
-3.15926 0.557932 860 -0.12255 0.564657 2.52382 113.301 -13 355 0 0 1
-0.175956 -0.180247 860 0.00514568 -0.120479 9.73593 59.4702 -13 356 0 0 1
-0.12241 0.0589962 860 0.0352847 -0.000622469 10.6554 56.3289 -13 357 0 0 1
0.559024 0.00166959 860 0.00900894 -0.084615 11.772 32.5417 -13 359 0 0 1
0.126418 -0.0981206 860 -0.0725906 0.0329374 13.4831 44.6318 -13 360 0 0 1
-0.159729 0.49546 860 0.0705712 0.101957 3.56046 84.6129 -13 361 0 0 1
0.538787 0.286328 860 0.0565319 -0.0568699 11.7991 31.0072 -13 365 0 0 1
-0.434365 0.590636 860 0.0457862 0.143352 7.85328 39.9272 -13 366 0 0 1
0.223836 -0.16656 860 -0.0345541 -0.0723181 11.6909 51.1015 -13 367 0 0 1
-0.0635909 0.108469 860 -0.0439122 0.0208899 14.4876 39.2495 -13 371 0 0 1
0.517409 -0.0227396 860 -0.0509191 -0.0857167 10.6614 34.2537 -13 380 0 0 1
-2.56032 11.2146 860 -0.0165023 0.0247694 0.0174825 39.2628 11 380 1002 0 1
0.276363 -0.0444077 860 -0.00573912 -0.0649597 7.76741 51.9825 -13 381 0 0 1
0.00142611 0.142305 860 0.0284789 0.00642549 14.4229 39.4942 -13 387 0 0 1
0.334658 0.4999 860 0.067623 -0.0617588 9.29962 56.7194 -13 388 0 0 1
3.23108 0.0256066 860 -0.0134442 -0.00873248 0.0435105 57.0457 11 388 1001 0 1
0.127236 -0.372605 860 -0.061323 -0.0119359 13.4838 41.7251 -13 389 0 0 1
1.0335 0.339608 860 0.0560904 -0.140604 3.41781 81.1433 -13 393 0 0 1
-0.256535 -0.063314 860 0.00584348 0.0218421 3.42433 90.1055 -13 394 0 0 1
0.1367 0.164359 860 -0.0788475 0.0404334 13.2926 30.8227 -13 398 0 0 1
-0.343922 -0.0247149 860 0.00666507 0.0230274 12.6454 28.0751 -13 399 0 0 1
0.140129 -0.292006 860 -0.0680902 -0.0206792 11.6382 38.1216 -13 400 0 0 1
-0.107219 0.0805932 860 -0.0133237 0.0662883 11.1417 41.072 -13 401 0 0 1
-0.0541539 0.0690312 860 0.0259812 0.0989465 7.25243 43.5795 -13 402 0 0 1
0.139447 0.105879 860 0.0308258 -0.0269726 14.3861 30.184 -13 404 0 0 1
-0.334099 -0.958496 860 -0.175801 -0.0563832 4.44033 88.9737 -13 407 0 0 1
-0.0980144 0.355733 860 0.0706646 0.068629 10.9066 49.9327 -13 408 0 0 1
0.248157 -0.224959 860 -0.0420224 -0.0834299 7.08842 53.1797 -13 410 0 0 1
-0.192544 0.371316 860 0.100968 -0.0345139 6.75318 49.9915 -13 411 0 0 1
-0.0998081 -0.173571 860 0.0213385 0.135444 7.17152 47.0873 -13 412 0 0 1
0.218183 0.00883798 860 0.073276 -0.0820598 5.71327 54.0862 -13 413 0 0 1
-0.219768 0.511303 860 -0.00210385 0.0329597 6.42506 52.8385 -13 417 0 0 1
0.0477106 -0.284834 860 -0.0402826 0.033672 13.1996 28.4434 -13 421 0 0 1
0.282655 -0.13032 860 0.0166109 0.00318913 4.87313 89.7575 -13 425 0 0 1
0.0577332 -0.274355 860 -0.0681472 -0.0273161 4.69576 86.4116 -13 426 0 0 1
-0.0157068 -0.232431 860 -0.0802591 0.0798559 9.90918 41.4928 -13 430 0 0 1
0.273524 -0.0720129 860 -0.0132984 -0.0242103 11.9273 54.5547 -13 439 0 0 1
-1.17966 -0.382537 860 -0.103804 0.184564 3.86917 76.4091 -13 442 0 0 1
0.383689 -0.503552 860 -0.103454 -0.0352 7.55328 66.0292 -13 443 0 0 1
0.197009 -0.219791 860 -0.0268829 -0.0205054 7.95368 64.2634 -13 445 0 0 1
0.232958 -0.130587 860 -0.0312192 -0.0528536 13.3818 50.0034 -13 446 0 0 1
0.24077 0.191646 860 -0.0150768 -0.0568206 11.5373 38.9251 -13 447 0 0 1
0.3874 0.352518 860 -0.057637 -0.102915 9.80318 35.0717 -13 448 0 0 1
-0.323684 0.281426 860 -0.00461418 0.076021 8.12844 42.3852 -13 449 0 0 1
-0.346141 0.0740462 860 -0.0103014 0.036322 12.3582 54.3876 -13 450 0 0 1
0.136912 -0.145153 860 -0.0521468 -0.0579382 11.8834 52.6301 -13 452 0 0 1
-0.372448 0.031797 860 -0.0160801 0.0938893 12.9167 51.8811 -13 453 0 0 1
0.450733 1.70179 860 -0.00685214 0.0150181 0.0476102 55.8489 11 453 1001 0 1
0.154973 -0.0850208 860 -0.0237736 0.0110954 9.49791 41.7275 -13 454 0 0 1
0.114682 0.116907 860 0.0287718 -0.0170736 14.0678 25.478 -13 467 0 0 1
-0.10093 -1.18917 860 -0.225614 -0.0358899 4.442 81.6919 -13 469 0 0 1
-0.79933 0.267668 860 0.000940816 0.10619 6.33368 50.4406 -13 470 0 0 1
0.266814 -0.0321189 860 0.0266744 -0.092059 10.0263 51.2037 -13 472 0 0 1
0.292663 -0.354469 860 0.0182971 -0.0771706 8.20997 52.7266 -13 474 0 0 1
-0.0281819 -0.074924 860 0.0100134 0.0191997 11.7751 36.736 -13 475 0 0 1
0.257282 0.215794 860 0.0234468 -0.17392 7.79171 40.4643 -13 476 0 0 1
0.259668 0.240191 860 0.0200381 -0.0658026 9.48052 48.7408 -13 477 0 0 1
-0.0713452 -0.10978 860 -0.0524909 -0.0153458 9.68354 34.8489 -13 478 0 0 1
-0.0521727 -0.336517 860 -0.011598 0.0410439 10.654 46.2472 -13 480 0 0 1
-2.72114 -3.10788 860 0.021695 0.0109798 0.0390466 47.1266 11 480 1002 0 1
-0.273016 0.010511 860 -0.0617533 0.0473793 13.9262 26.6805 -13 492 0 0 1
-0.141281 0.25869 860 0.0628223 0.0540572 10.8706 38.7844 -13 501 0 0 1
-0.0156458 -0.0160504 860 0.0218027 0.038162 14.4275 26.942 -13 502 0 0 1
-0.0696055 -0.101849 860 -0.0098988 -0.0110636 11.1731 44.7373 -13 504 0 0 1
0.653286 -0.189544 860 0.00512144 -0.00393757 3.01414 103.195 -13 505 0 0 1
-0.322315 -0.140074 860 -0.0373132 0.0364391 8.65424 43.5703 -13 506 0 0 1
0.694245 0.348464 860 0.0957803 -0.0596594 8.11326 58.1851 -13 509 0 0 1
0.520922 0.159188 860 -0.0847647 -0.0199081 10.5195 39.4201 -13 510 0 0 1
-0.133683 0.130105 860 0.0431087 0.00036688 10.4385 32.8213 -13 511 0 0 1
-0.0227608 0.24923 860 0.0745051 0.021281 12.8672 42.1811 -13 512 0 0 1
0.126379 -0.00930847 860 0.0145144 -0.0290633 13.3348 24.1827 -13 513 0 0 1
-0.0114637 -0.136701 860 -0.0609913 0.0382508 10.2069 54.0944 -13 515 0 0 1
-0.0460734 0.471439 860 0.0630069 -0.0324263 3.42105 88.0239 -13 516 0 0 1
0.33754 0.070503 860 0.0138387 -0.0712954 11.6528 45.4612 -13 519 0 0 1
-0.0420916 -0.380751 860 0.0258917 0.0770523 11.6133 43.9442 -13 520 0 0 1
-nan -nan -nan -nan -nan -nan -nan -13 521 0 0 1
-2.50367e-05 0.803567 860 0.125349 0.00807422 13.5377 39.0886 -13 523 0 0 1
0.174431 0.0500104 860 0.0225525 -0.0567768 14.1644 37.5284 -13 759 0 0 1
0.011961 -0.178928 860 -0.020523 -0.0321084 11.1296 53.9668 -13 763 0 0 1
0.127506 -0.0863044 860 0.0158694 -0.0884471 9.83767 42.3111 -13 764 0 0 1
-0.313445 -0.375767 860 0.0132101 0.0393747 5.80947 59.4642 -13 765 0 0 1
0.0493459 0.01319 860 -0.0179234 -0.0329094 8.57205 41.0502 -13 766 0 0 1
-0.0482841 -0.141358 860 -0.0120005 0.0422519 12.8605 45.0794 -13 768 0 0 1
-0.529114 -0.620126 860 -0.0851458 0.0422294 6.90213 48.6616 -13 769 0 0 1
-0.229617 -0.0172052 860 -0.0316882 0.042648 13.6238 29.6922 -13 770 0 0 1
-0.12119 -0.117007 860 -0.0520738 0.0113984 14.3212 24.1279 -13 772 0 0 1
-0.173537 -0.42305 860 -0.0814824 -0.0492982 3.38082 83.6908 -13 775 0 0 1
-0.979404 -0.349316 860 0.0278088 0.0276531 -0.165088 753.088 11 775 1001 0 1
-0.0691701 -0.206725 860 -0.0348844 -0.00819177 10.6556 41.508 -13 777 0 0 1
-0.226877 -0.37603 860 -0.0275479 0.0249887 10.8006 44.7357 -13 810 0 0 1
-0.488887 -0.270489 860 0.0311353 0.0892727 5.40722 57.7473 -13 811 0 0 1
-0.394861 0.256607 860 0.0383623 0.0791938 6.38374 49.2306 -13 812 0 0 1
-0.294147 -0.0662823 860 0.0340997 0.128608 13.2138 34.4524 -13 813 0 0 1
0.285835 0.566188 860 0.103892 0.00888057 5.88468 55.7719 -13 816 0 0 1
0.228737 -0.555166 860 -0.0959065 -0.0746892 5.14412 82.0648 -13 817 0 0 1
0.239934 -0.523481 860 0.010318 0.00168793 0.00439901 82.142 11 817 1005 0 1
0.110539 0.133261 860 -0.0088919 0.00312852 14.4423 47.6711 -13 825 0 0 1
-0.0424177 0.208947 860 0.00656817 -0.0468514 8.98014 63.6155 -13 833 0 0 1
0.236395 0.623363 860 0.0851824 -0.0547223 5.20632 81.3511 -13 834 0 0 1
-0.28262 0.0351428 860 -0.0396339 0.0293932 11.833 47.9603 -13 836 0 0 1
-0.134358 0.0863226 860 -0.0216105 0.0286681 11.1144 49.497 -13 839 0 0 1
-nan -nan -nan -nan -nan -nan -nan -13 841 0 0 1
-0.0684586 0.165442 860 0.0367109 -0.0856876 6.02964 76.4118 -13 842 0 0 1
-0.0282701 0.0594739 860 -0.0254259 0.00266896 11.8484 49.0604 -13 963 0 0 1
0.158387 0.0886703 860 0.046147 0.0464567 10.3532 56.3693 -13 964 0 0 1
-1.72406 -4.91356 860 0.0147023 0.00222768 0.083506 50.7082 11 964 1006 0 1
-0.0265798 0.143632 860 0.0350525 -0.0260933 11.3088 43.0141 -13 965 0 0 1
-0.0688441 -0.454007 860 -0.0337016 -0.0339218 8.84156 47.419 -13 969 0 0 1
-nan -nan -nan -nan -nan -nan -nan -13 970 0 0 1
0.341779 -0.157222 860 -0.04964 -0.0434971 14.4396 36.836 -13 972 0 0 1
