#BLTrackFile NTuple/Z900
#x y z Px Py Pz t PDGid EventID TrackID ParentID Weight
#mm mm mm MeV/c MeV/c MeV/c ns - - - - -
-0.0318302 0.153479 900 -0.0306507 -0.0354137 11.4762 46.8843 -13 1 0 0 1
0.0878201 0.0773652 900 0.0701607 0.00985802 9.89212 34.6824 -13 3 0 0 1
0.479708 -0.188334 900 -0.0557033 -0.0355391 13.6031 47.005 -13 9 0 0 1
0.171183 0.105356 900 -0.0177018 0.0230883 8.39993 40.7484 -13 16 0 0 1
-0.0254686 0.0786054 900 0.0114213 0.0333399 13.6739 45.1402 -13 34 0 0 1
0.238857 -0.0803552 900 0.0488727 -0.0792078 8.54011 61.5912 -13 36 0 0 1
-0.350099 -0.230637 900 0.0224824 0.0160753 9.47315 44.1015 -13 39 0 0 1
-0.102719 -0.187627 900 -0.0347291 0.0186191 14.4033 34.3486 -13 43 0 0 1
0.59939 -0.00867907 900 -0.0222252 -0.0442777 11.2399 47.5003 -13 44 0 0 1
-0.27471 -0.2782 900 -0.0373904 -0.0997944 6.62904 57.8548 -13 48 0 0 1
0.045845 0.142078 900 0.0394637 -0.030159 10.7091 44.7871 -13 74 0 0 1
0.209993 -0.1681 900 -0.0416177 0.000809615 10.2685 59.1495 -13 80 0 0 1
0.0842741 -0.0663825 900 -0.12669 -0.00762311 7.80858 53.4198 -13 86 0 0 1
-1.35246 -1.5814 900 -0.0137733 0.00603713 0.0699484 51.343 11 86 1001 0 1
0.100327 -0.1956 900 0.0359637 -0.0788642 9.88309 43.31 -13 89 0 0 1
0.432204 -0.628294 900 -0.123918 -0.0414274 5.59649 64.337 -13 94 0 0 1
0.775435 -0.203469 900 -0.0644021 -0.0902044 5.30308 61.5102 -13 110 0 0 1
-0.730328 -0.216618 900 0.0882925 0.125139 4.69863 86.8949 -13 123 0 0 1
0.0199793 -0.0197693 900 0.0832982 0.047932 11.7036 52.6421 -13 126 0 0 1
-0.0860689 -1.1962 900 -0.212887 -0.100957 7.10115 48.6124 -13 137 0 0 1
-0.435612 0.292878 900 -0.0197863 -0.00378088 0.0617528 48.2293 11 137 1001 0 1
-0.0467669 0.0307751 900 0.0219187 0.0166826 14.1386 48.0731 -13 140 0 0 1
0.14529 -0.3273 900 -0.0640933 -0.0778383 8.01626 43.2047 -13 151 0 0 1
7.72613 1.62837 900 -0.00914067 0.00728777 0.0476123 41.845 11 151 1001 0 1
0.29736 0.183622 900 0.00203696 -0.0582853 14.1133 47.2677 -13 152 0 0 1
0.579942 -1.06348 900 0.0405341 0.0400814 7.3947 51.4653 -13 160 0 0 1
2.70273 -1.50509 900 0.000831157 0.0312757 0.0551599 50.3836 11 160 1001 0 1
-0.197201 0.166424 900 0.00543835 0.0372142 10.6498 32.8842 -13 175 0 0 1
0.191766 -0.319857 900 0.0247215 -0.00158771 7.07253 68.4564 -13 180 0 0 1
0.00537502 -0.353928 900 -0.0774817 -0.0337663 8.75572 63.1536 -13 181 0 0 1
-0.137403 -0.0329966 900 -0.0156761 0.0350698 12.2661 31.1481 -13 184 0 0 1
0.257417 0.143647 900 -0.00918627 -0.0636247 11.86 56.4443 -13 186 0 0 1
-0.188867 0.0153002 900 0.0312809 -0.00403335 4.56123 70.4267 -13 187 0 0 1
-0.221959 -0.0259566 900 -0.0196358 0.0027805 0.025154 70.2269 11 187 1004 0 1
-0.119121 -0.22356 900 -0.12209 0.0447156 8.53761 54.1442 -13 188 0 0 1
-nan -nan -nan -nan -nan -nan -nan -13 200 0 0 1
0.334364 0.432367 900 0.00387571 -0.139458 6.54431 63.5425 -13 211 0 0 1
0.00932792 0.301827 900 0.0809491 0.0444444 13.7853 50.0088 -13 348 0 0 1
-0.243337 -0.0944439 900 0.0590648 -0.0445495 4.22311 78.654 -13 351 0 0 1
0.842617 0.631341 900 -0.0389538 -0.152576 4.01043 86.5386 -13 352 0 0 1
0.344991 1.27272 900 -0.0187426 -0.00506519 0.0276129 85.7484 11 352 1003 0 1
0.0176884 -0.132576 900 0.0149793 -0.0257667 10.9238 47.0807 -13 358 0 0 1
-0.653169 0.517743 900 0.0952507 0.120131 8.70713 37.7971 -13 362 0 0 1
0.307479 -0.379856 900 -0.0546903 -0.053341 12.1554 55.1146 -13 363 0 0 1
4.11032 9.28447 900 -0.00193404 -0.00788724 0.0503235 61.0022 11 363 1001 0 1
0.234511 0.0219379 900 -0.00482653 -0.000334596 14.4365 27.3756 -13 364 0 0 1
0.430055 0.155711 900 0.0292304 -0.184593 6.37615 53.5819 -13 370 0 0 1
0.092369 -0.279387 900 -0.0817443 -0.0599348 13.3551 46.3213 -13 375 0 0 1
0.192543 -0.227271 900 0.0298574 -0.219741 13.3796 36.8868 -13 382 0 0 1
0.307848 0.221771 900 0.0592719 -0.0428588 14.1008 37.6281 -13 384 0 0 1
-0.0283254 -0.148226 900 0.0060235 -0.0239676 14.4465 31.796 -13 386 0 0 1
-0.306674 0.0429354 900 -0.00645792 0.034453 10.2934 40.6537 -13 390 0 0 1
0.387001 -0.261986 900 -0.039527 -0.0102295 8.63505 65.4088 -13 391 0 0 1
-0.92211 -0.138293 900 -0.169262 0.0738254 8.1082 66.8335 -13 392 0 0 1
0.111758 0.10492 900 0.0257615 -0.0635448 14.093 32.1101 -13 395 0 0 1
-0.632823 -0.143638 900 0.00802088 0.0360234 6.92873 61.7743 -13 396 0 0 1
0.340487 0.0911695 900 -0.00448109 -0.0293081 14.5141 29.959 -13 397 0 0 1
0.340892 0.239682 900 0.0307331 0.00947237 5.5546 76.2366 -13 403 0 0 1
-0.22902 -0.0369994 900 0.0104224 0.017013 12.8354 42.5673 -13 405 0 0 1
0.270721 -0.177266 900 -0.0351793 -0.0152003 7.01048 60.659 -13 406 0 0 1
-0.202808 -0.214027 900 -0.0251587 0.0093771 12.1699 30.249 -13 409 0 0 1
-0.621119 0.00533851 900 -0.0102 0.095663 8.22166 46.1958 -13 415 0 0 1
-0.262116 -0.00613241 900 -0.0295467 0.00552852 10.7808 55.7532 -13 427 0 0 1
-0.0965106 0.183747 900 0.0586233 0.0272424 13.9992 27.1758 -13 456 0 0 1
-0.0804866 -0.108553 900 -0.0360495 0.0106791 9.41129 35.8933 -13 457 0 0 1
0.287754 0.515564 900 0.179177 0.0500035 11.5837 54.7056 -13 458 0 0 1
-0.217289 -0.135997 900 -0.0222567 0.0312992 13.4464 50.212 -13 461 0 0 1
-0.128511 0.367291 900 0.0111188 0.0850255 7.62924 54.1042 -13 463 0 0 1
-0.259155 0.469238 900 0.131355 0.0436769 9.87348 38.2727 -13 465 0 0 1
0.00421994 0.240608 900 0.0836765 -0.039724 7.20995 45.8405 -13 466 0 0 1
0.494624 0.0281852 900 -0.0231574 -0.071471 8.78716 47.0912 -13 468 0 0 1
-0.0592395 0.177612 900 0.0398631 -0.0909742 5.24952 62.4994 -13 479 0 0 1
-0.13957 -0.158091 900 -0.036641 0.0273397 8.96784 50.4107 -13 481 0 0 1
-0.61075 -0.0344437 900 0.124533 0.156595 6.41907 78.4055 -13 482 0 0 1
-0.126801 -0.0645303 900 -0.011575 0.0238534 14.0447 52.4241 -13 483 0 0 1
-0.152772 0.0456544 900 -0.0019897 0.0541134 7.42396 57.1938 -13 484 0 0 1
-0.0798856 -0.0260317 900 0.00884495 0.0411435 11.3489 32.2581 -13 485 0 0 1
-0.00784239 0.0223919 900 0.0304006 -0.0155648 7.2621 51.869 -13 486 0 0 1
0.448985 0.439531 900 0.0656086 -0.110549 12.99 43.2501 -13 487 0 0 1
0.0592084 -0.0486326 900 -0.0740632 -0.0524098 5.09307 81.0036 -13 488 0 0 1
0.240256 -0.162515 900 0.0120769 -0.0152304 13.8807 28.3739 -13 489 0 0 1
-0.196155 -0.550936 900 -0.0501888 -0.0864235 3.34157 88.2529 -13 490 0 0 1
-0.0203143 -0.0160503 900 0.00445432 -0.0145651 7.51922 67.4021 -13 491 0 0 1
0.057006 0.0581192 900 -0.0165958 -0.0616425 12.4212 51.058 -13 493 0 0 1
-0.0922655 0.0156513 900 0.000236173 0.0514227 12.9491 48.7339 -13 494 0 0 1
-0.0664038 0.0245335 900 0.00756783 0.00569231 14.4352 24.0807 -13 495 0 0 1
0.391279 -0.424122 900 -0.114045 -0.0474081 10.6515 37.4574 -13 496 0 0 1
0.275821 -0.274353 900 -0.114264 -0.0485184 14.029 24.3767 -13 497 0 0 1
0.22426 0.0230983 900 0.000569818 -0.0131828 10.218 37.5108 -13 503 0 0 1
0.468492 -0.0832936 900 -0.0239974 -0.0463239 12.4185 38.048 -13 507 0 0 1
0.384992 0.0728918 900 0.0151674 -0.0348106 11.4017 54.0135 -13 508 0 0 1
-0.292456 -0.405909 900 -0.0512782 0.0568822 8.15194 42.4183 -13 517 0 0 1
0.0946586 -0.111246 900 -0.0559554 -0.0304458 12.3519 31.4773 -13 518 0 0 1
0.626198 -0.398613 900 -0.0350273 -0.0976626 12.8986 36.7501 -13 522 0 0 1
-0.718918 0.12647 900 -0.0357555 0.0792867 3.35534 109.882 -13 524 0 0 1
0.0312727 -0.716532 900 -0.0508302 -0.0566292 11.6886 47.5405 -13 526 0 0 1
-0.000939365 0.0831828 900 0.0848355 0.0211257 12.4765 42.1867 -13 528 0 0 1
0.132945 0.339048 900 0.0371512 -0.0153452 11.256 51.7319 -13 529 0 0 1
0.570622 -0.0619379 900 -0.0661358 -0.120626 8.97438 58.7402 -13 533 0 0 1
0.136072 -0.177443 900 -0.0211289 0.0694047 13.0322 34.1917 -13 536 0 0 1
0.334703 0.510881 900 0.0493116 -0.046463 8.47152 50.5154 -13 543 0 0 1
0.0468923 0.104333 900 -0.0167977 -0.0114903 13.7267 51.6892 -13 544 0 0 1
-0.0821502 0.293498 900 0.0536981 0.103833 9.83123 51.9268 -13 548 0 0 1
-0.0503449 0.223468 900 0.0293839 0.016859 9.59732 59.2304 -13 549 0 0 1
0.0456602 -0.00671178 900 -0.0378916 -0.0561498 11.2942 38.7989 -13 552 0 0 1
-0.3685 0.158481 900 -0.026809 0.0290515 7.84276 52.5196 -13 553 0 0 1
0.33693 -0.139046 900 -0.00885211 -0.0308828 7.86242 67.9397 -13 555 0 0 1
-1.29815 1.43191 900 -0.0267239 -0.0178839 0.030599 66.8651 11 555 1002 0 1
0.175483 -0.210433 900 -0.0535117 -0.00169864 13.5642 30.5012 -13 557 0 0 1
-0.0735614 -0.101638 900 -0.0379813 0.00227818 12.0965 42.1662 -13 563 0 0 1
-0.338548 -0.1302 900 -0.0269556 -0.00431819 10.5447 58.8365 -13 564 0 0 1
0.123374 -0.15557 900 -0.109632 0.0102202 9.29881 46.2663 -13 566 0 0 1
0.804202 0.61402 900 -0.0364955 -0.0146906 0.0264134 46.5321 11 566 1001 0 1
-2.35735 8.93345 900 -0.0276742 -0.006511 0.0676415 38.9627 11 566 1003 0 1
-0.0334698 -0.0577484 900 0.0323622 0.00819664 10.5687 42.1603 -13 567 0 0 1
0.485135 -0.186604 900 -0.00606689 -0.0633141 6.97793 64.1365 -13 575 0 0 1
0.425851 -0.134851 900 -0.0980504 -0.0350562 10.5784 49.5837 -13 576 0 0 1
0.1063 0.0136659 900 0.0364526 0.00796463 13.3631 26.9787 -13 577 0 0 1
0.161261 0.193497 900 0.000430671 -0.0322367 8.34958 49.6191 -13 578 0 0 1
0.0665881 -0.221889 900 -0.0101671 -0.0325327 13.9625 39.3947 -13 579 0 0 1
0.0092662 0.322283 900 0.0629415 0.00810785 12.73 33.3483 -13 580 0 0 1
-0.00823654 -0.0757828 900 -0.00620953 0.01353 11.0746 57.1737 -13 581 0 0 1
0.823804 0.489697 900 -0.107748 -0.115216 8.82904 48.6754 -13 582 0 0 1
0.111413 -0.00864417 900 0.0124031 -0.0560013 7.53129 49.2505 -13 583 0 0 1
-nan -nan -nan -nan -nan -nan -nan -13 590 0 0 1
0.0782919 0.197246 900 -0.00467405 -0.00776646 10.0149 46.8338 -13 595 0 0 1
1.81083 -0.421645 900 -0.162389 -0.229973 4.63612 70.1666 -13 853 0 0 1
0.026834 0.121015 900 0.0174099 -0.066345 11.4664 31.7724 -13 854 0 0 1
-nan -nan -nan -nan -nan -nan -nan -13 864 0 0 1
-0.585601 -0.264891 900 0.053545 0.142228 6.81546 60.0937 -13 865 0 0 1
-0.119515 -0.287932 900 -0.00502239 0.00269962 14.5503 42.2449 -13 974 0 0 1
-0.288118 -0.0321055 900 -0.0145573 0.0714509 8.95348 53.2114 -13 978 0 0 1
-3.59003 -2.28278 900 -0.0105536 0.0429524 0.0429699 47.0711 11 978 1003 0 1
3.50781 0.932018 900 0.00182857 0.0328317 -0.0446769 53.8997 11 978 1003 0 1
-0.290027 0.107954 900 0.00199596 0.0812293 12.0676 30.7342 -13 980 0 0 1
0.224639 0.0147489 900 -0.00447419 -0.0943048 14.4533 30.809 -13 990 0 0 1
-0.0681714 0.0650756 900 -0.0606657 0.0570397 10.8128 49.9678 -13 991 0 0 1
-0.163527 0.290297 900 -0.0142103 0.0488191 13.0701 50.3633 -13 992 0 0 1
0.0316995 -0.309508 900 0.00953864 -0.0385288 12.7907 50.084 -13 994 0 0 1
-0.0226103 0.377486 900 -0.00349641 0.0898907 13.8963 35.4097 -13 995 0 0 1
0.193467 0.926722 900 0.0654583 -0.107636 8.38527 59.983 -13 1000 0 0 1
-0.219865 -0.0159597 900 0.0432112 0.0183533 12.5595 48.0059 -13 2 0 0 1
-0.2064 -0.157878 900 -0.0378476 -0.00409056 7.53272 63.8618 -13 6 0 0 1
-1.14637 2.6817 900 -0.0018281 0.00438495 0.0587626 63.1103 11 6 1001 0 1
-0.115691 0.261023 900 0.010173 0.0454463 12.0197 40.091 -13 7 0 0 1
0.0214064 -0.184351 900 -0.0100324 -0.0266091 13.0698 53.5329 -13 18 0 0 1
0.0712495 0.283056 900 0.0689368 0.0151638 14.4105 45.127 -13 21 0 0 1
0.263311 -0.207819 900 -0.0392992 -0.081259 10.4303 32.2396 -13 22 0 0 1
1.09497 -0.985212 900 0.031321 -0.0374782 0.0624791 31.9299 11 22 1002 0 1
-0.103996 -0.0697593 900 -0.0291177 -0.00559441 8.28496 65.6324 -13 24 0 0 1
0.433327 0.296801 900 -0.0169239 -0.0416349 2.85729 120.514 -13 33 0 0 1
-0.711301 -0.650113 900 -0.125167 0.0495008 9.876 54.1604 -13 42 0 0 1
-0.0919277 -0.0313632 900 -0.0162297 0.00396722 8.24945 60.3246 -13 60 0 0 1
-0.0545389 0.0511688 900 0.00192995 -0.00635107 13.9433 38.6952 -13 61 0 0 1
0.646814 -0.513502 900 -0.0173655 -0.123121 8.86747 48.7722 -13 64 0 0 1
0.00678077 0.527779 900 0.116112 -0.0414481 4.84613 68.7056 -13 65 0 0 1
-0.0519746 0.149825 900 0.0226704 0.00305027 11.5114 40.4843 -13 67 0 0 1
0.61516 1.0091 900 0.0983075 -0.0729266 7.65247 69.1333 -13 75 0 0 1
0.484325 1.06022 900 0.0150348 -0.026802 0.0140978 69.4066 11 75 1001 0 1
-1.65239 0.0480543 900 -0.00960274 0.00280536 0.057906 67.351 11 75 1004 0 1
-0.44137 -0.214795 900 0.0183789 0.0412213 12.3883 51.5777 -13 76 0 0 1
4.39916 -0.735855 900 0.0331006 0.0260189 0.0682828 51.6721 11 76 1003 0 1
-0.369835 0.406994 900 0.11027 -0.00932764 6.57976 75.8561 -13 92 0 0 1
-0.065516 -0.0614454 900 0.0145305 0.026958 9.82027 36.5191 -13 111 0 0 1
-0.042639 -0.191636 900 0.00321523 0.0160184 13.2037 44.1292 -13 115 0 0 1
-0.146602 0.140723 900 0.0134919 -0.006926 10.2875 60.502 -13 116 0 0 1
-0.0460051 -0.0145815 900 -0.0135419 0.0248739 11.558 33.0417 -13 117 0 0 1
-0.155779 0.623071 900 0.089463 0.0413892 10.9484 49.154 -13 119 0 0 1
0.878565 0.542143 900 0.113776 -0.0910704 7.76212 68.7154 -13 121 0 0 1
1.97972 0.601067 900 0.0294394 0.00197945 0.0493621 62.1159 11 121 1006 0 1
-0.420033 -0.184871 900 -0.067837 0.0498032 9.01473 42.0587 -13 122 0 0 1
-0.0800442 -0.219982 900 -0.0276626 0.0347249 14.33 45.638 -13 159 0 0 1
-0.161909 0.13859 900 0.031516 0.0303906 14.2108 43.0437 -13 164 0 0 1
-0.0990353 0.0893754 900 0.0646194 0.012566 12.3279 50.9429 -13 165 0 0 1
0.0952674 0.13659 900 0.0669466 -0.0762722 10.9914 58.043 -13 166 0 0 1
0.0182544 0.173223 900 -0.00606432 0.00113327 13.0409 51.2696 -13 169 0 0 1
0.019284 0.0724174 900 -0.0166805 -0.0291516 14.4997 44.4793 -13 171 0 0 1
-0.173229 0.166523 900 0.0424192 0.0863428 11.8116 42.0286 -13 172 0 0 1
-0.0121835 -0.176397 900 -0.0485935 -0.0010699 13.0508 26.0424 -13 173 0 0 1
0.0254365 -0.695731 900 -0.109795 -0.133524 11.6791 57.0715 -13 196 0 0 1
0.233637 0.246543 900 9.69978e-05 -0.0704881 12.9095 39.4439 -13 199 0 0 1
-0.827933 -0.2917 900 0.0568803 0.134598 12.0021 47.8852 -13 202 0 0 1
0.140626 0.0249376 900 0.0322509 0.00674921 5.24071 68.1059 -13 204 0 0 1
-0.166834 0.173452 900 0.0200287 0.026643 9.16179 62.9309 -13 207 0 0 1
0.811464 -0.509123 900 -0.0184274 -0.0886246 2.3651 125.152 -13 210 0 0 1
0.0403568 0.0322356 900 -0.00241172 0.0399345 13.9337 24.6885 -13 212 0 0 1
0.591212 -0.362493 900 -0.112939 -0.123517 9.7638 51.1392 -13 214 0 0 1
0.945845 0.588385 900 -0.0597159 0.0379752 3.583 93.4306 -13 215 0 0 1
0.135801 0.0316713 900 -0.00304058 -0.0774863 9.878 44.8276 -13 216 0 0 1
0.149662 0.085983 900 0.0569094 -0.0564478 9.42985 47.1062 -13 217 0 0 1
0.941366 0.204199 900 -0.104181 -0.128599 5.05689 76.5681 -13 218 0 0 1
0.731772 -0.00961937 900 -0.0470925 -0.0639791 9.67436 43.481 -13 219 0 0 1
0.127617 0.122333 900 0.00510297 -0.0273634 13.3141 36.1497 -13 220 0 0 1
-0.0620276 -0.228979 900 -0.002409 0.003229 8.62713 40.5704 -13 223 0 0 1
-0.786658 -0.278181 900 0.902702 0.866552 5.99137 80.9413 -13 224 0 0 1
-10.7017 2.67708 900 0.0189978 -0.00514784 0.0288358 79.9141 11 224 1001 0 1
0.0596842 0.15104 900 -0.0151336 -0.00590873 12.3182 47.129 -13 225 0 0 1
-0.203804 -0.180652 900 0.0273855 0.0290502 9.99314 51.1398 -13 226 0 0 1
-0.181598 -0.274888 900 -0.025684 -0.014148 12.5966 45.4067 -13 227 0 0 1
-0.101317 -0.124479 900 0.0219768 0.0626371 9.45571 38.9819 -13 238 0 0 1
0.152019 0.136349 900 0.0461506 -0.0305435 12.7655 37.0719 -13 239 0 0 1
-0.342752 -0.051115 900 0.0869246 -0.12306 12.6928 30.8364 -13 240 0 0 1
0.0441412 -0.223844 900 -0.0184039 0.00919196 12.8188 27.4638 -13 241 0 0 1
0.153729 -0.111776 900 -0.0515286 -0.0511013 8.25252 64.8335 -13 251 0 0 1
-0.099584 0.190581 900 0.0273168 0.0372686 12.9661 32.5624 -13 252 0 0 1
-0.00552098 0.0295449 900 0.00312592 0.0262073 11.7186 44.3119 -13 258 0 0 1
0.0723002 -0.211066 900 0.0325376 0.00487945 14.4474 27.8884 -13 259 0 0 1
0.108547 0.0372361 900 -0.0076388 -0.04343 13.8297 38.5093 -13 261 0 0 1
0.164687 -0.282183 900 -0.019038 0.0568243 10.4654 38.2916 -13 263 0 0 1
0.313702 0.117104 900 0.0329289 -0.0633626 12.7761 49.0154 -13 265 0 0 1
-0.0452586 0.216172 900 0.0641829 -0.00892031 7.24951 71.3203 -13 271 0 0 1
-0.0679459 0.00943713 900 0.0047373 0.0152724 14.4573 32.4055 -13 272 0 0 1
-0.25956 -0.00155884 900 0.00144499 0.0242776 8.03411 49.937 -13 273 0 0 1
0.35175 -1.13938 900 0.00205282 0.00507282 0.0393576 50.1493 11 273 1001 0 1
-3.8336 0.638385 900 -0.00986409 0.0265201 0.0326655 50.705 11 273 1002 0 1
-0.496118 0.298068 900 0.0298938 0.107505 12.5983 52.7032 -13 274 0 0 1
0.101839 0.0943601 900 0.0355069 0.0406569 11.507 33.7873 -13 276 0 0 1
-0.191152 -0.257542 900 -0.00672756 -0.0263359 9.58407 58.5677 -13 277 0 0 1
-0.108452 -0.323781 900 -0.0436455 0.0137098 13.7352 36.3534 -13 278 0 0 1
0.0897514 -0.112131 900 -0.0817574 0.0233937 6.18761 57.4119 -13 280 0 0 1
-0.793117 0.417477 900 0.0143631 0.101062 9.5166 57.0923 -13 282 0 0 1
-0.554767 -0.210646 900 -0.0165549 0.0325908 7.08969 58.2072 -13 284 0 0 1
0.304959 -0.422172 900 -0.0437325 -0.0990974 6.72224 73.1943 -13 286 0 0 1
0.42159 -0.0226493 900 0.0691786 -0.043049 11.952 52.5343 -13 288 0 0 1
0.027955 0.118381 900 0.0545267 0.0298796 9.44567 51.563 -13 289 0 0 1
0.00275431 -0.123976 900 -0.0272661 -0.0196366 9.07624 43.995 -13 290 0 0 1
-0.146433 0.00076203 900 -0.024832 0.0150429 6.85828 65.0553 -13 291 0 0 1
-0.0368163 0.0561552 900 -0.02945 -0.0272794 13.2452 27.7459 -13 292 0 0 1
-0.0568994 -0.00936379 900 -0.0696112 0.0114291 13.7702 53.0958 -13 294 0 0 1
-0.51368 0.435929 900 0.0785813 0.162814 5.79859 68.7211 -13 296 0 0 1
0.218489 -0.102519 900 -0.0085869 -0.0251634 12.177 39.3319 -13 299 0 0 1
0.124412 0.180704 900 0.0744086 0.00431965 7.63218 58.8844 -13 304 0 0 1
-0.747963 -1.65955 900 -0.00242184 0.0361968 0.0219242 59.2967 11 304 1001 0 1
-0.508397 0.101552 900 0.0360855 0.0722556 9.59957 48.7407 -13 306 0 0 1
-0.530326 -0.14 900 0.0225144 0.0158281 0.0638603 46.6312 11 306 1006 0 1
-0.0393881 0.280612 900 0.0540507 0.0180285 12.3726 32.7356 -13 308 0 0 1
-0.0608446 -0.281237 900 -0.0640056 -0.0128051 9.5385 53.8479 -13 309 0 0 1
-0.613974 -0.41318 900 -0.0936954 0.0523993 5.51575 65.6004 -13 310 0 0 1
0.0727621 0.0446031 900 0.0236226 0.0312733 13.9989 40.4178 -13 311 0 0 1
0.163959 0.204155 900 0.00554069 -0.0495036 13.0389 26.7709 -13 313 0 0 1
0.0224006 -0.43014 900 -0.0333781 -0.00808 13.7945 25.213 -13 314 0 0 1
0.101506 0.426197 900 0.115287 0.0540854 11.5891 31.7393 -13 315 0 0 1
0.424977 0.144751 900 -0.022089 -0.0112711 9.03663 42.0449 -13 316 0 0 1
0.199164 -0.098643 900 -0.0147825 0.00732347 9.82751 38.2507 -13 321 0 0 1
-2.67242 -2.48747 900 -0.0377463 0.0171816 0.0578042 32.1337 11 321 1003 0 1
-0.376181 -0.0554284 900 -0.027604 0.0443884 12.7389 31.2529 -13 322 0 0 1
-0.491565 -0.166401 900 -0.0582395 0.0565286 10.6109 50.6464 -13 326 0 0 1
-1.19205 1.6829 900 -0.0131673 -0.0187312 0.0778589 48.1613 11 326 1001 0 1
-0.0191254 -0.0738634 900 -0.0689415 -0.0805232 12.445 39.161 -13 327 0 0 1
-0.344864 0.206107 900 -0.0104969 0.0163651 3.87929 97.0841 -13 328 0 0 1
-0.206719 -0.11947 900 0.0265593 0.0221393 11.9557 49.3392 -13 329 0 0 1
0.156889 0.244612 900 0.0585155 -0.0670562 8.91417 44.1311 -13 330 0 0 1
0.372395 0.22243 900 0.0739268 -0.0490935 5.45486 58.1637 -13 331 0 0 1
-0.0649014 0.558146 900 0.0665018 0.0136427 4.60939 72.2012 -13 332 0 0 1
0.0541919 -0.240409 900 0.0132123 0.00752842 9.82672 44.0893 -13 333 0 0 1
0.123448 0.374696 900 0.0362073 -0.00356988 12.8302 27.9313 -13 334 0 0 1
-0.206334 -0.232417 900 -0.102264 0.0514202 14.239 44.036 -13 335 0 0 1
-0.873705 0.603717 900 -0.0534062 0.174502 5.43545 70.5621 -13 336 0 0 1
0.253871 0.441737 900 0.0806375 -0.00899765 13.7199 42.1208 -13 337 0 0 1
-0.13583 -0.205847 900 -0.00396578 -0.0343104 9.61572 58.0372 -13 338 0 0 1
-0.0225197 -0.0571415 900 -0.052298 0.0192676 9.24641 63.413 -13 339 0 0 1
-3.07619 -4.91641 900 0.0166984 0.00998805 0.0421937 71.3244 11 339 1002 0 1
3.3801 -14.2131 900 0.00697289 -0.0185257 -0.0329558 76.3295 11 339 1002 0 1
-nan -nan -nan -nan -nan -nan -nan -13 340 0 0 1
0.611745 -0.378806 900 -0.131212 -0.159325 12.4432 53.6577 -13 341 0 0 1
0.173476 0.188022 900 0.0587707 -0.0120205 12.9396 38.9215 -13 531 0 0 1
0.167841 0.191901 900 0.0187089 -0.0405415 13.841 52.7102 -13 532 0 0 1
-0.245064 0.108345 900 0.00615422 -0.00442674 9.10395 58.7011 -13 534 0 0 1
0.198166 0.506621 900 0.091723 0.0212081 9.79131 35.6421 -13 535 0 0 1
-0.489877 0.154958 900 0.0620995 0.0827468 4.05194 87.2151 -13 537 0 0 1
0.0945019 0.00936927 900 0.00387237 -0.0161988 14.4661 40.8515 -13 538 0 0 1
-0.275699 0.111115 900 0.00852705 -0.0067732 7.2394 65.6499 -13 541 0 0 1
-0.260727 0.602472 900 0.00240403 0.140046 12.8041 29.2026 -13 542 0 0 1
-0.0111568 0.168002 900 -0.0438115 -0.0548144 4.63378 92.3377 -13 545 0 0 1
0.394651 0.363718 900 0.104336 -0.00874313 6.44162 68.6208 -13 546 0 0 1
0.0077633 -0.442159 900 -0.0801241 -0.00915095 10.5412 36.3616 -13 551 0 0 1
-nan -nan -nan -nan -nan -nan -nan -13 558 0 0 1
0.256882 -0.108492 900 0.00983337 -0.0232348 14.2153 28.3461 -13 565 0 0 1
-0.441474 0.247583 900 0.0116606 0.0940558 6.81963 65.7755 -13 803 0 0 1
5.68835 2.8631 900 -0.01136 -0.00940939 0.0484622 65.5861 11 803 1002 0 1
11.33 1.22628 900 0.0244497 0.011627 -0.0235259 77.543 11 803 1002 0 1
0.372917 -0.298799 900 -0.060297 -0.027706 12.9965 32.6524 -13 804 0 0 1
-0.319639 -0.765055 900 -0.166803 -0.0435705 9.58319 44.4601 -13 814 0 0 1
-0.03513 -0.262528 900 -0.0174629 0.0304723 11.6431 55.2932 -13 815 0 0 1
-0.110337 0.0693801 900 -0.00650071 0.0760304 11.4581 57.165 -13 818 0 0 1
0.00776499 0.304763 900 0.0472846 -0.00791001 13.3782 31.1626 -13 820 0 0 1
0.0206735 -0.0425766 900 -0.010719 -0.0291904 11.6769 56.3941 -13 822 0 0 1
0.0942339 0.0857235 900 0.00518015 -0.00911464 14.5512 43.399 -13 824 0 0 1
-0.0731017 1.09727 900 0.229178 0.183515 3.38697 112.658 -13 827 0 0 1
-0.439545 0.218534 900 0.0207073 0.0739001 8.60951 64.0873 -13 828 0 0 1
-0.147048 -0.33976 900 -0.0485948 0.0403689 10.0428 58.6201 -13 829 0 0 1
-0.257238 0.421403 900 0.10449 0.0240989 14.0622 52.2804 -13 830 0 0 1
0.0449718 0.507816 900 0.0574537 -0.0617855 8.31346 45.4146 -13 831 0 0 1
0.454942 0.144032 900 0.0230298 -0.0873244 13.7578 37.3253 -13 832 0 0 1
-0.726199 -0.332896 900 0.013403 0.0795213 4.51273 95.3754 -13 848 0 0 1
-0.316749 0.0782748 900 -0.0320132 0.0644288 12.9331 36.8408 -13 859 0 0 1
-0.391993 -0.285003 900 -0.101826 0.0597947 9.15337 55.938 -13 869 0 0 1
-0.267326 -0.0555474 900 0.049134 0.0516019 12.3487 41.5189 -13 870 0 0 1
0.230891 -0.154267 900 -0.0501448 -0.0332333 13.7285 46.0053 -13 871 0 0 1
0.438465 0.345631 900 0.0898003 -0.13708 5.03011 81.9675 -13 872 0 0 1
0.401816 0.613345 900 -0.00582771 0.0570258 4.3933 75.7085 -13 873 0 0 1
-0.494156 -0.400731 900 0.00330902 0.109176 4.61215 79.2599 -13 874 0 0 1
-0.00855157 0.18249 900 0.0392738 -0.0129706 2.54138 102.266 -13 875 0 0 1
0.0750905 -0.00214148 900 -0.0382164 -0.0381565 11.7526 39.3043 -13 876 0 0 1
-0.0802015 0.0653481 900 -0.0662212 -0.054933 9.1356 58.1426 -13 877 0 0 1
-nan -nan -nan -nan -nan -nan -nan -13 878 0 0 1
0.335499 -0.134728 900 -0.0624744 -0.0631829 8.43594 44.6953 -13 886 0 0 1
-0.0856813 -0.41144 900 -0.0121952 0.0287639 10.3894 33.7639 -13 14 0 0 1
-0.0457624 0.231913 900 0.0813794 -0.0608149 4.95255 80.8649 -13 15 0 0 1
-0.0635152 0.0178782 900 0.0132483 -0.00802757 11.7593 56.7563 -13 23 0 0 1
0.261385 0.173709 900 0.11711 0.00844343 10.8981 50.1202 -13 40 0 0 1
0.197846 0.309657 900 0.11987 -0.102092 8.8392 39.3351 -13 41 0 0 1
-0.382869 0.344192 900 0.096686 0.10076 10.7733 54.379 -13 45 0 0 1
0.696491 0.0805298 900 0.0498753 -0.107468 10.3266 50.5815 -13 55 0 0 1
-0.227639 -0.370403 900 -0.186892 0.101187 6.58725 56.691 -13 90 0 0 1
0.289472 -0.0941033 900 0.0530259 -0.0318443 7.01153 72.4033 -13 91 0 0 1
-0.0437941 -0.495166 900 -0.093563 -0.0179359 10.7484 41.7439 -13 95 0 0 1
0.241123 0.242368 900 0.083154 -0.0392055 14.0087 28.3951 -13 99 0 0 1
-0.36486 -0.12395 900 -0.0530695 0.0173595 9.52549 46.5726 -13 104 0 0 1
0.369706 0.277039 900 -0.085347 -0.0599278 8.76777 43.2593 -13 105 0 0 1
-0.0515423 0.63381 900 0.0410638 0.10379 7.6147 45.8235 -13 112 0 0 1
-0.0723694 0.258518 900 0.0477877 0.0101299 11.9159 37.3221 -13 113 0 0 1
-0.300993 -0.229445 900 -0.0911304 0.0701548 7.97895 46.6442 -13 114 0 0 1
-0.0366648 -0.0264117 900 -0.062967 -0.0179874 12.9778 40.2359 -13 124 0 0 1
-0.178267 -0.142239 900 -0.0181107 0.0363334 11.4808 47.8417 -13 139 0 0 1
0.190163 0.117119 900 0.0196436 -0.032899 14.3873 43.242 -13 144 0 0 1
-0.767281 -0.594844 900 -0.0856182 0.0759436 9.16827 45.574 -13 146 0 0 1
3.06706 -0.504825 900 -0.0148685 -0.013964 0.0466429 46.8873 11 146 1001 0 1
-0.184703 0.17944 900 0.00248626 0.0525928 11.2178 44.0559 -13 147 0 0 1
0.0333708 -0.140726 900 0.0120985 0.00368231 9.85032 37.6119 -13 167 0 0 1
0.0954134 -0.319931 900 -0.0670338 -0.0187824 11.3407 29.4697 -13 168 0 0 1
7.04781 7.18388 900 0.019483 -0.0205209 0.0794473 24.4535 11 168 1001 0 1
-0.188754 0.313935 900 0.0721206 0.0623659 8.90349 55.015 -13 170 0 0 1
-nan -nan -nan -nan -nan -nan -nan -13 193 0 0 1
0.165632 0.387763 900 0.0500519 -0.0607597 12.3089 30.8505 -13 198 0 0 1
0.249482 -0.13907 900 -0.00957031 -0.0196433 13.2371 30.9485 -13 344 0 0 1
0.242374 -0.160544 900 -0.100721 -0.0484508 9.6853 33.9321 -13 345 0 0 1
0.00502642 -0.0602749 900 0.0248232 -0.00256374 0.030231 34.8195 11 345 1002 0 1
-0.020517 0.133127 900 0.00251669 -0.0332609 13.4395 39.343 -13 346 0 0 1
0.0693362 -0.122181 900 0.025617 -0.00281918 10.8223 57.1189 -13 354 0 0 1
0.0300733 -0.114644 900 0.106865 -0.0419154 5.94858 72.1408 -13 368 0 0 1
0.284211 -0.188721 900 -0.0195998 -0.0123109 14.1584 32.1195 -13 373 0 0 1
0.807206 1.19436 900 0.0294208 -0.0121381 0.049969 32.8944 11 373 1002 0 1
-0.649098 0.345319 900 0.046856 0.0600859 4.79994 70.1681 -13 374 0 0 1
-0.806385 -0.671255 900 -0.0588914 -0.0189669 6.48576 61.6807 -13 376 0 0 1
-0.223882 0.484832 900 0.100319 -0.00277044 10.5085 40.8722 -13 377 0 0 1
-nan -nan -nan -nan -nan -nan -nan -13 378 0 0 1
0.0143149 -0.028405 900 0.0441882 -0.0452646 7.35546 46.4465 -13 379 0 0 1
0.15654 0.00155515 900 -0.0473344 -0.0703196 4.69138 72.939 -13 605 0 0 1
-0.20936 -0.0956631 900 -0.0362913 -0.00191954 11.855 32.1482 -13 609 0 0 1
0.0300706 0.178452 900 0.00289258 0.0251638 7.79364 52.7668 -13 612 0 0 1
-0.00746026 -0.270147 900 -0.171988 -0.0888517 12.428 40.491 -13 613 0 0 1
0.047931 0.0918143 900 -0.00332746 0.016907 12.1098 29.0049 -13 614 0 0 1
0.772449 -1.05413 900 -0.101495 -0.0623398 3.42727 102.664 -13 615 0 0 1
-0.41417 0.55793 900 0.0607355 0.0844577 3.22569 110.463 -13 616 0 0 1
-0.127448 -0.0342504 900 0.0477848 0.0115483 8.06301 59.3868 -13 618 0 0 1
-0.0252816 0.0455012 900 -0.0795497 -0.00901406 12.3521 45.804 -13 620 0 0 1
0.389948 0.922692 900 0.0876734 -0.0626989 11.1389 56.98 -13 622 0 0 1
0.161658 -0.0708208 900 0.00274755 -0.0211297 9.71487 47.2938 -13 623 0 0 1
0.347942 -0.118538 900 0.00581451 -0.0339925 14.15 24.1902 -13 624 0 0 1
-0.172278 -0.20771 900 -0.0821693 0.00581765 9.02985 51.3316 -13 625 0 0 1
-0.234751 -0.321435 900 -0.166127 0.0597585 5.9788 61.1329 -13 626 0 0 1
-0.1871 -0.0458688 900 -0.0326478 0.00794236 14.0718 35.3352 -13 632 0 0 1
-0.0395156 -0.246543 900 0.0180668 -0.0395716 8.30222 46.8104 -13 633 0 0 1
-1.09757 0.431447 900 0.0630573 0.0732461 4.6531 69.2166 -13 634 0 0 1
-0.0827563 0.153901 900 0.0702992 0.0240727 7.99807 57.236 -13 635 0 0 1
-0.019308 0.121653 900 -0.0964614 -0.00783014 14.1286 30.3039 -13 636 0 0 1
-0.3722 -0.0907878 900 -0.115857 0.0206371 7.91858 62.1788 -13 637 0 0 1
-0.0579178 0.337922 900 -0.0419949 0.0505724 12.6879 41.3825 -13 638 0 0 1
0.00124236 0.256729 900 -0.00570354 0.0235305 13.9836 28.6868 -13 639 0 0 1
-0.0282785 -0.0509977 900 -0.0287215 0.0119981 10.8787 30.783 -13 640 0 0 1
-0.257958 -0.051367 900 0.0768999 0.100885 4.05298 82.9536 -13 641 0 0 1
-0.235817 0.268265 900 -0.023089 0.00801705 7.01815 68.0365 -13 642 0 0 1
0.429388 0.265712 900 0.0260199 -0.0809326 11.0298 29.9099 -13 643 0 0 1
-0.1531 0.0440137 900 -0.0285898 0.0476045 13.7465 40.5733 -13 646 0 0 1
2.59032 -0.0477807 900 -0.175668 -0.357581 6.17735 61.2566 -13 649 0 0 1
0.0500773 -0.0323795 900 -0.0428369 0.0329547 13.5116 28.1265 -13 650 0 0 1
0.0962037 0.110682 900 -0.00171397 0.0057866 10.4463 56.8808 -13 652 0 0 1
0.210839 -0.0260451 900 0.0205614 -0.0120248 11.963 44.6217 -13 653 0 0 1
0.0167828 -0.136103 900 -0.0370869 -0.026146 14.343 44.8758 -13 655 0 0 1
-0.176646 0.024522 900 -0.0478635 0.000775496 9.54025 49.8002 -13 656 0 0 1
0.259908 0.188118 900 0.0265059 0.015445 7.84915 62.246 -13 657 0 0 1
-2.3965 1.84852 900 0.0294459 -0.0245884 0.052263 61.5798 11 657 1002 0 1
-0.138844 -0.0760235 900 0.0184996 -0.0511637 14.4098 36.3744 -13 659 0 0 1
-1.85883 -0.777837 900 0.022942 -0.00622292 0.0500661 40.0783 11 659 1001 0 1
0.233775 0.206849 900 0.0354068 -0.0183733 8.1506 68.36 -13 664 0 0 1
0.245635 0.182745 900 -0.00226352 -0.00907601 0.00227233 68.474 11 664 1001 0 1
-0.182382 -0.0546467 900 -0.014148 0.0399265 13.5617 41.1273 -13 670 0 0 1
-19.9278 22.1829 900 -0.00416666 0.00535022 0.0382575 2065.82 -13 672 0 0 1
-0.126154 -1.07045 900 -0.16806 0.00198068 3.52819 96.1796 -13 673 0 0 1
-0.0542478 0.0166158 900 0.0192075 0.00573347 12.5415 55.1057 -13 674 0 0 1
-0.145027 -0.0460027 900 -0.0498312 0.00915539 12.884 51.1967 -13 676 0 0 1
-0.201627 -0.0353897 900 -0.0125179 -0.0306091 9.36707 50.0026 -13 678 0 0 1
0.296374 0.115615 900 0.0516741 -0.00614803 8.08182 52.3245 -13 679 0 0 1
-0.0587553 0.143974 900 0.088756 0.0260174 9.22888 53.3349 -13 680 0 0 1
0.109183 -0.242071 900 -0.0238417 -0.0121491 14.0591 25.8582 -13 681 0 0 1
0.197491 0.104603 900 0.00541022 0.000973276 13.2502 25.5806 -13 682 0 0 1
0.205832 0.0504762 900 -0.0343894 -0.0136421 12.9141 49.9288 -13 683 0 0 1
1.82604 -0.350176 900 0.0522554 -0.014936 0.066364 49.9318 11 683 1001 0 1
0.270374 -0.587314 900 -0.0956915 0.0475084 8.54162 53.898 -13 684 0 0 1
0.243276 0.110881 900 0.0400177 -0.0519417 12.312 43.3343 -13 691 0 0 1
0.0715927 0.524822 900 -0.042888 0.193233 6.55671 61.8125 -13 696 0 0 1
-0.114553 -0.198966 900 -0.0785967 0.0200625 9.89521 50.7149 -13 697 0 0 1
-0.491682 1.58275 900 0.00932926 -0.0234527 0.0879846 47.924 11 697 1002 0 1
0.0298471 -0.109183 900 0.0158947 0.030518 13.2905 48.0627 -13 699 0 0 1
-0.686801 -0.449228 900 -0.00648694 0.0338823 0.0505494 49.4852 11 699 1001 0 1
0.1768 -0.182612 900 -0.0493052 -0.00681052 12.2769 51.6817 -13 702 0 0 1
-0.419835 1.28951 900 0.179537 0.165241 9.36107 43.0072 -13 704 0 0 1
-0.224215 0.149357 900 0.0635443 0.0385916 10.0759 38.5303 -13 705 0 0 1
-0.0920554 0.0896577 900 0.0192555 0.00419152 9.53715 49.1636 -13 706 0 0 1
0.119284 0.111835 900 -0.0142604 0.0362763 13.8363 24.8732 -13 707 0 0 1
0.163639 -0.235303 900 -0.0666761 0.0278096 10.5117 48.6929 -13 708 0 0 1
0.829407 -0.82702 900 -0.190523 -0.0483135 3.18336 101.832 -13 709 0 0 1
-0.245403 -0.163626 900 -0.0237499 0.0737002 14.1473 24.6224 -13 711 0 0 1
-0.403956 -0.0904068 900 -0.0270081 0.0365669 12.3472 55.5168 -13 715 0 0 1
0.366799 -0.0272833 900 0.0302897 -0.063281 13.1039 45.3419 -13 716 0 0 1
-0.194742 0.0256157 900 0.0443008 0.0272473 8.63654 45.0405 -13 718 0 0 1
-0.530903 -0.100703 900 0.00615284 0.0442982 10.6342 38.931 -13 719 0 0 1
0.51974 0.207713 900 -0.0252378 -0.0928427 11.2519 57.2568 -13 720 0 0 1
0.0196213 0.266895 900 0.062488 -0.0190142 9.64815 59.037 -13 721 0 0 1
0.279785 -0.00162715 900 -0.0303261 -0.0500368 4.84381 73.9176 -13 722 0 0 1
-0.0996413 -0.100339 900 0.22593 -0.00518259 4.60627 87.6804 -13 724 0 0 1
0.745942 0.111331 900 -0.0412482 -0.105556 5.26285 70.1983 -13 729 0 0 1
-0.0561196 0.0832607 900 -0.00735791 0.0256092 10.9405 46.1583 -13 735 0 0 1
0.0825332 0.154008 900 0.0408275 0.0178291 8.17801 59.3814 -13 737 0 0 1
-0.189775 0.252576 900 -0.0307631 0.0393371 13.0281 48.5456 -13 740 0 0 1
-1.77166 -3.12723 900 -0.545604 0.192971 1.49424 129.87 -13 744 0 0 1
0.306862 0.0795805 900 0.0580459 -0.045652 11.4709 42.9017 -13 745 0 0 1
-0.105166 -0.209156 900 -0.056139 0.0105609 10.4238 52.6385 -13 750 0 0 1
0.532706 0.167214 900 -0.0861261 -0.0311248 6.32935 53.5561 -13 752 0 0 1
3.17386 -5.22781 900 0.00309271 -0.0030407 0.0336862 53.4739 11 752 1001 0 1
-0.679874 2.20678 900 0.318601 0.303682 10.7733 32.7309 -13 753 0 0 1
-0.213904 -0.373726 900 -0.043401 -0.0482428 8.0352 60.1875 -13 760 0 0 1
-0.914555 -0.129989 900 -0.0696183 0.0767896 6.21905 57.3077 -13 761 0 0 1
0.257598 -0.433949 900 -0.0901515 -0.00577584 13.8564 51.8669 -13 762 0 0 1
0.203436 0.0931605 900 0.00380303 -0.0622389 13.3918 27.9917 -13 774 0 0 1
0.091577 0.0908429 900 0.0190691 -0.00164846 11.8406 39.0554 -13 776 0 0 1
-0.0638997 0.173523 900 0.0285558 0.0483412 9.52712 38.3586 -13 780 0 0 1
0.21285 0.014828 900 0.0542236 -0.0489742 11.6228 32.326 -13 781 0 0 1
0.190862 -0.0302199 900 0.0132605 -0.0208733 10.0282 35.6242 -13 782 0 0 1
0.00230251 0.207097 900 0.0565299 -0.0246415 6.86679 62.8326 -13 783 0 0 1
-0.069832 0.190055 900 0.00367455 -0.00567992 0.0319014 63.1523 11 783 1002 0 1
-0.33392 0.0668208 900 -0.000152509 0.0476291 6.82422 49.3325 -13 784 0 0 1
-0.438339 -0.532631 900 -0.0258162 -0.0897794 4.55165 79.6499 -13 785 0 0 1
-0.00191161 0.0976625 900 -0.00768355 0.0511856 9.54902 52.6771 -13 786 0 0 1
-0.544168 0.323422 900 0.0650775 0.0122258 8.88037 52.9632 -13 787 0 0 1
-0.0176372 -0.127094 900 -0.0127875 -0.00847829 12.3347 44.5754 -13 788 0 0 1
0.108381 -0.370126 900 -0.0158824 -0.169542 14.1469 38.246 -13 789 0 0 1
0.129834 0.175992 900 0.00711428 -0.0196219 9.90554 59.515 -13 790 0 0 1
-0.306924 0.400467 900 -0.070777 0.0409708 4.65644 89.7548 -13 791 0 0 1
0.358091 -0.112411 900 0.000870294 -0.0982537 11.7442 55.8302 -13 792 0 0 1
-0.262189 0.118226 900 -0.010601 0.0216138 11.4039 45.4165 -13 793 0 0 1
-0.101425 0.111116 900 0.0567942 -0.0527283 11.465 36.7757 -13 795 0 0 1
-0.335317 0.0899847 900 0.0181676 0.0391865 13.9976 48.1205 -13 797 0 0 1
-0.178075 0.167185 900 0.0210183 0.0444176 13.6986 48.91 -13 798 0 0 1
0.217351 0.238588 900 0.0960416 0.00838839 9.34484 63.8142 -13 799 0 0 1
0.202204 0.02884 900 -0.00897581 -0.0342048 13.5413 26.5081 -13 800 0 0 1
0.533123 -0.229889 900 0.0431859 -0.0436982 5.58062 60.8835 -13 801 0 0 1
0.582092 -0.0551727 900 0.0481418 -0.0359056 12.5141 52.9059 -13 805 0 0 1
-0.64119 -0.0459723 900 0.0567595 0.0596239 7.48896 55.8002 -13 826 0 0 1
-0.542978 -0.452696 900 -0.114846 0.103236 7.7531 68.9828 -13 835 0 0 1
0.0403917 -2.48638 900 0.00661793 -0.0263807 0.0195088 70.7152 11 835 1002 0 1
-0.451006 0.183622 900 0.0610943 0.0638733 12.8157 42.2722 -13 838 0 0 1
1.55356 -0.387272 900 0.138752 -0.221177 3.88623 99.6449 -13 844 0 0 1
-0.0742874 0.0308513 900 -0.00054561 0.0551542 12.2705 43.1808 -13 846 0 0 1
0.221384 0.0475057 900 0.0936156 -0.0353631 8.83696 44.3374 -13 851 0 0 1
-1.00518 -1.20888 900 -nan -nan -nan 683.878 -13 852 0 0 1
-0.359253 -0.15813 900 -0.0274651 0.0320481 11.5489 51.7096 -13 855 0 0 1
-0.031658 -0.0471767 900 0.0340519 0.0184518 13.7557 52.2678 -13 973 0 0 1
0.191296 0.0869408 900 0.00286126 -0.0439701 10.2482 51.4715 -13 975 0 0 1
0.531224 0.1417 900 0.0345713 -0.0488065 6.60778 54.2582 -13 976 0 0 1
0.21045 0.104172 900 0.029417 -0.04117 13.713 42.4775 -13 979 0 0 1
0.163475 0.0122904 900 0.00378377 -0.0309362 9.64605 34.2135 -13 981 0 0 1
-0.296153 -0.0069123 900 -0.00371973 0.0526526 13.6039 36.7619 -13 982 0 0 1
-0.884286 0.407246 900 -0.192073 -0.0267989 5.43299 80.5566 -13 983 0 0 1
-2.84202 4.2923 900 -0.00903488 -0.0163404 0.0310368 80.011 11 983 1002 0 1
-0.0993065 -0.198876 900 -0.0819147 -0.108667 10.036 34.7562 -13 984 0 0 1
-0.309427 -0.276826 900 -0.06502 0.0382313 11.1963 44.1979 -13 985 0 0 1
3.36123 -2.1957 900 0.0261561 -0.0237731 0.0558179 45.1745 11 985 1005 0 1
0.579058 -0.0359823 900 -0.0404411 -0.13902 8.36065 57.158 -13 986 0 0 1
-0.0363858 0.215966 900 0.0187341 0.006405 14.224 47.5701 -13 987 0 0 1
0.42756 -0.0781033 900 -0.0364165 -0.110005 6.54702 70.2255 -13 988 0 0 1
0.419919 -0.0698332 900 0.00597779 0.0152922 0.0055987 70.2503 11 988 1003 0 1
0.350417 0.838086 900 0.036911 -0.0709602 0.714799 158.132 -13 989 0 0 1
0.27794 0.00299231 900 0.0021205 -0.03747 11.2481 57.8009 -13 993 0 0 1
-0.129522 0.117897 900 0.0381858 0.00707415 13.0248 50.2522 -13 996 0 0 1
-0.123809 -0.111702 900 -0.0737034 0.0466986 14.5006 31.3071 -13 997 0 0 1
0.0572436 -0.169687 900 -0.0321627 -0.0193994 10.2381 56.7208 -13 998 0 0 1
-0.213163 -0.0334577 900 -0.0431516 0.0135964 7.26154 48.6165 -13 999 0 0 1
-0.380442 -0.0714368 900 0.0258835 -0.00489376 0.0300732 48.6985 11 999 1003 0 1
-8.78965 -2.33305 900 0.00425963 0.00168234 0.0321539 48.7041 11 999 1005 0 1
-0.415859 -0.156652 900 -0.0935714 0.0751134 4.86895 77.1772 -13 8 0 0 1
-0.0460699 -0.0256095 900 -0.0246851 -0.00423302 11.7982 31.1588 -13 12 0 0 1
0.0588991 0.179342 900 0.0317679 0.00217788 8.35194 48.2167 -13 27 0 0 1
-1.57386 1.28418 900 -0.0338438 -0.0264462 0.0627424 45.322 11 27 1003 0 1
-0.19627 0.283886 900 0.0432136 0.0152362 11.562 55.5421 -13 28 0 0 1
-0.212645 -0.948878 900 -0.124117 0.107436 4.87288 67.4766 -13 46 0 0 1
0.208164 0.0995546 900 0.0201527 0.0210812 11.3917 36.4104 -13 47 0 0 1
0.455086 -0.0393873 900 0.00137345 0.00160713 8.15351 40.6419 -13 53 0 0 1
0.287258 -0.378555 900 0.0896918 -0.010484 14.0829 31.9325 -13 56 0 0 1
0.39462 1.27509 900 0.160413 -0.0996594 8.13415 65.2497 -13 77 0 0 1
0.251539 0.0192541 900 0.0285502 0.0156814 8.46327 46.1518 -13 88 0 0 1
0.193953 0.185721 900 0.066204 -0.0258414 7.65189 67.4754 -13 93 0 0 1
-0.054083 -0.278446 900 -0.0243091 0.0229652 12.3136 27.2238 -13 100 0 0 1
-0.205746 0.371791 900 0.0757911 0.0217595 11.4344 54.7139 -13 125 0 0 1
0.145918 0.168256 900 0.0335489 0.0475481 9.56636 39.3414 -13 127 0 0 1
-0.254177 0.734681 900 0.0102323 0.00321685 0.0574926 39.2757 11 127 1001 0 1
-0.060232 -0.123685 900 -0.015005 0.0431174 13.3459 28.6154 -13 135 0 0 1
0.0499945 -0.197558 900 0.0292004 0.0106854 7.28188 56.7597 -13 148 0 0 1
-5.46578 2.04062 900 0.00310537 -0.00701321 0.0466927 55.489 11 148 1003 0 1
0.555386 -0.408124 900 -0.0868262 -0.0909981 6.91698 54.362 -13 149 0 0 1
-0.0468429 -0.102204 900 -0.0828671 -0.00456356 9.74636 56.6525 -13 174 0 0 1
-0.137631 0.00271543 900 0.011727 0.00592137 10.7612 44.3233 -13 176 0 0 1
-0.480863 0.578385 900 0.209004 0.0656702 2.74686 100.908 -13 177 0 0 1
-0.444958 -0.383427 900 -0.0154355 0.11863 5.30862 74.195 -13 179 0 0 1
-1.40709 0.13456 900 0.160846 0.23476 5.63331 56.694 -13 189 0 0 1
0.120161 0.170071 900 -0.00796956 -0.0496605 8.93808 64.8274 -13 213 0 0 1
-0.203369 0.0897124 900 0.0352425 0.0308841 10.9063 45.91 -13 242 0 0 1
0.189037 -0.224237 900 -0.0404991 -0.0643923 13.7874 51.3781 -13 243 0 0 1
-0.0914129 -0.0214165 900 0.0440106 -0.0192914 8.64155 60.5021 -13 244 0 0 1
-0.187416 0.152625 900 -0.0425106 0.0615209 8.02246 48.6627 -13 246 0 0 1
-0.0734701 -0.229036 900 -0.0288338 -0.00553856 11.8089 54.8142 -13 248 0 0 1
-0.063471 0.285394 900 0.0790516 -0.00748669 10.3148 50.6141 -13 250 0 0 1
0.35666 -0.10248 900 0.0314424 -0.0700114 12.2269 27.1868 -13 256 0 0 1
0.41411 0.327677 900 0.0582102 -0.092577 11.2493 39.824 -13 257 0 0 1
-0.143684 -0.0569408 900 0.00794027 0.0412472 12.9354 44.2852 -13 262 0 0 1
-0.206122 -0.482619 900 -0.00767937 0.0312621 2.71855 119.886 -13 264 0 0 1
0.406161 0.319601 900 0.0632849 -0.0851175 11.2511 53.0843 -13 266 0 0 1
-0.101865 0.869201 900 0.00524726 -0.0102086 0.067497 53.641 11 266 1002 0 1
0.0143715 0.0964344 900 0.0219875 -0.00372767 11.9688 31.8046 -13 297 0 0 1
-2.00824 -2.39909 900 -0.663508 -0.32662 2.47125 129.034 -13 300 0 0 1
0.121299 0.420383 900 0.0800418 -0.0443351 8.17045 65.5667 -13 301 0 0 1
0.355381 0.180746 900 0.0334229 -0.0257146 11.6073 40.8371 -13 303 0 0 1
0.168627 0.337893 900 0.0899425 -0.00171483 10.9736 39.4657 -13 305 0 0 1
3.01479 -3.54172 900 0.00888242 0.0494114 0.0419425 44.3912 11 305 1002 0 1
0.55546 -0.211929 900 -0.047162 -0.0233966 3.96705 85.7185 -13 307 0 0 1
0.335952 0.0152268 900 0.0115735 -0.0493377 12.1445 33.6848 -13 312 0 0 1
-0.2165 0.3411 900 -0.0992294 0.0467707 6.01207 58.0401 -13 318 0 0 1
-0.153505 0.124045 900 0.038503 0.0207219 13.8017 29.3669 -13 320 0 0 1
-0.272144 -0.309913 900 -0.0742587 0.128502 5.97424 60.0603 -13 323 0 0 1
-nan -nan -nan -nan -nan -nan -nan -13 324 0 0 1
-0.246595 0.0855494 900 -0.0565807 0.145335 11.4297 55.1307 -13 325 0 0 1
0.214272 0.429766 900 0.0172455 0.0884706 7.9545 49.1074 -13 459 0 0 1
-0.176459 0.253406 900 0.00484235 -0.0231603 10.5047 33.8215 -13 460 0 0 1
1.3098 0.237979 900 0.0657123 -0.282393 3.36498 110.587 -13 464 0 0 1
-nan -nan -nan -nan -nan -nan -nan -13 471 0 0 1
0.449998 -0.459217 900 -0.141761 -0.0756663 5.29494 61.2794 -13 473 0 0 1
-0.706435 -0.224752 900 0.150883 -0.0513048 2.45747 123.523 -13 728 0 0 1
-0.162543 0.266191 900 0.0238057 0.00820749 11.1539 36.165 -13 730 0 0 1
-0.399002 0.0471951 900 -0.00844362 -0.00105531 7.80243 44.7123 -13 734 0 0 1
2.46196 0.975642 900 0.00750128 -0.0175319 0.0573177 43.5055 11 734 1002 0 1
0.164366 0.180275 900 0.015554 -0.0882117 10.9584 39.0995 -13 736 0 0 1
0.388726 -0.396398 900 -0.0215417 -0.0259229 8.37311 61.2468 -13 738 0 0 1
-0.120167 -0.140606 900 -0.0270089 -0.0121056 11.888 47.8496 -13 739 0 0 1
-0.0487884 -0.453213 900 -0.0840342 -0.0634728 8.63506 56.5203 -13 741 0 0 1
-0.158769 0.930241 900 -0.104696 0.149388 3.74377 101.174 -13 742 0 0 1
0.752174 -0.345625 900 -0.0604802 -0.0827966 8.26098 40.4299 -13 743 0 0 1
-0.220573 -0.114039 900 -0.0921999 0.0416471 8.52728 63.4862 -13 746 0 0 1
0.0758494 -0.115801 900 -0.00917247 -0.0449284 11.8368 50.1443 -13 747 0 0 1
-0.146659 -0.119649 900 -0.020441 0.0106663 10.5475 47.6293 -13 748 0 0 1
-0.967084 0.177787 900 0.0367741 0.0965127 12.0772 28.2696 -13 749 0 0 1
0.453166 -0.0269134 900 -0.0170487 -0.128698 11.0853 53.2965 -13 751 0 0 1
0.622806 -0.196394 900 0.0316312 -0.0956117 8.59599 62.6731 -13 754 0 0 1
0.217542 0.287589 900 0.0679547 -0.086201 7.8754 47.8969 -13 755 0 0 1
0.629659 -0.304596 900 -0.0208296 -0.0725847 5.27761 71.0889 -13 756 0 0 1
0.137754 -0.0746902 900 -0.00364047 -0.0245444 7.10938 57.2195 -13 757 0 0 1
-9.69551 -4.93644 900 0.00700984 -0.00479691 0.0484329 44.5643 11 757 1005 0 1
0.309396 -1.12255 900 -0.181797 -0.0417043 7.87766 43.1481 -13 758 0 0 1
0.176307 0.00267842 900 -0.0158221 -0.0259381 12.6286 54.9245 -13 767 0 0 1
-0.381725 -0.109393 900 -0.0266908 0.0742966 10.8815 35.9007 -13 771 0 0 1
0.0346821 -0.216401 900 -0.00238639 -0.0162527 11.4122 33.2625 -13 773 0 0 1
-0.375348 -0.0554927 900 0.00987524 0.00676032 8.42961 56.5405 -13 778 0 0 1
-14.5358 7.34045 900 -0.0071037 0.00579398 0.0414715 54.2426 11 778 1002 0 1
0.239666 0.0356356 900 -0.00765765 -0.00647432 12.9199 25.7543 -13 779 0 0 1
-0.0725639 0.0875141 900 -0.0415535 0.00235263 7.27098 55.6856 -13 794 0 0 1
4.07035 2.46861 900 0.0137004 0.0110703 0.048771 54.8018 11 794 1003 0 1
4.24952 -2.65869 900 -0.0152265 -0.0210472 0.0442462 54.6373 11 794 1004 0 1
-0.726926 1.23313 900 0.0107968 0.187425 8.81405 59.2724 -13 796 0 0 1
0.0785446 0.292635 900 0.092917 0.0678898 2.04476 117.635 -13 806 0 0 1
0.0906105 0.123294 900 0.0210612 -0.0560042 13.6363 34.5005 -13 807 0 0 1
-0.330077 -0.0646646 900 -0.0169016 -0.0319262 6.93909 55.3919 -13 808 0 0 1
0.146287 -0.107726 900 -0.0475017 -0.0311688 14.2893 36.5751 -13 809 0 0 1
0.355265 -0.521688 900 -0.0434541 -0.040912 6.20222 78.1143 -13 819 0 0 1
0.256832 -0.265389 900 -0.0963813 0.0279867 8.35251 42.0847 -13 821 0 0 1
-0.188968 -0.198357 900 -0.0230173 -0.0205083 12.5861 49.0385 -13 823 0 0 1
0.315171 -0.256321 900 -0.0323378 -0.0846554 10.791 39.1975 -13 837 0 0 1
0.483762 0.237059 900 -0.0403461 -0.0444959 9.83609 54.4327 -13 840 0 0 1
-0.168127 -1.06818 900 -0.104972 0.0916722 8.25995 45.9972 -13 843 0 0 1
-0.138908 0.109205 900 -0.00077285 0.0336347 13.4787 33.236 -13 845 0 0 1
-0.588239 0.365852 900 0.0853546 0.12789 4.52015 77.7791 -13 847 0 0 1
0.22828 -0.0625153 900 -0.00304913 -0.0481803 9.52632 36.1508 -13 849 0 0 1
-0.273037 0.0556623 900 0.0453854 0.0745813 12.3586 48.4343 -13 850 0 0 1
-0.0770848 0.0374565 900 0.0162967 -0.000713139 14.3249 31.0124 -13 857 0 0 1
-0.259033 -0.262916 900 -0.0552203 0.075714 10.1962 57.9727 -13 858 0 0 1
-0.197732 -0.0298678 900 -0.0144096 0.0491894 13.0311 49.8437 -13 860 0 0 1
-0.294587 0.0226871 900 0.0350528 0.0213114 11.1596 32.1102 -13 861 0 0 1
0.0548165 0.240383 900 0.0375828 0.0730388 5.69668 75.6848 -13 862 0 0 1
0.0353437 0.253058 900 0.229548 -0.00242455 3.12927 91.7349 -13 863 0 0 1
0.778125 -0.395326 900 -0.0909506 -0.125063 5.38371 86.9151 -13 866 0 0 1
0.0276941 0.00622201 900 -0.00027551 0.0348324 8.3031 48.8488 -13 868 0 0 1
0.106616 0.0477393 900 -0.0162744 -0.0158447 14.2312 48.9853 -13 879 0 0 1
0.110634 0.0619618 900 0.00188345 -0.0360162 12.9315 30.6321 -13 880 0 0 1
0.446115 0.0303009 900 -0.034251 -0.100812 14.5215 35.0849 -13 881 0 0 1
-0.719872 0.156214 900 -0.10843 0.116311 6.36073 71.054 -13 882 0 0 1
0.307765 0.430941 900 -0.0381849 -0.127276 7.0224 69.2481 -13 883 0 0 1
-0.108596 -0.543149 900 -0.0755753 0.0209384 5.57228 73.2218 -13 884 0 0 1
0.0431609 -0.045419 900 0.0460249 -0.00841903 12.5347 27.5687 -13 885 0 0 1
0.793928 1.4755 900 0.282244 -0.0268697 8.49079 38.4693 -13 887 0 0 1
0.035045 -0.241411 900 -0.034865 -0.108483 8.49672 57.0605 -13 888 0 0 1
-0.0970093 -0.165166 900 -0.0410736 0.0047434 11.292 53.4003 -13 889 0 0 1
0.439433 1.26322 900 0.195904 -0.0146708 10.8045 41.7005 -13 890 0 0 1
0.249534 0.239142 900 0.0384098 -0.0825473 7.43246 50.9698 -13 891 0 0 1
-0.18238 0.236247 900 0.0777034 0.010423 14.0591 32.0249 -13 892 0 0 1
-0.0320818 -0.533903 900 -0.091382 0.0588094 9.34396 38.1027 -13 893 0 0 1
-0.396011 -0.256892 900 -0.020359 0.0920331 12.5532 44.2841 -13 894 0 0 1
-0.0268384 -0.219402 900 -0.0641925 -0.0328922 11.6024 44.8148 -13 895 0 0 1
-0.357313 0.121081 900 0.0954093 0.0741594 6.61323 57.7723 -13 899 0 0 1
-0.0254711 -0.131485 900 -0.0475807 0.0109372 11.4207 30.1974 -13 900 0 0 1
-0.0132799 -0.651805 900 -0.142125 0.0300436 6.50136 56.5229 -13 903 0 0 1
0.105675 0.0596099 900 0.0438477 0.0118617 12.5316 33.5285 -13 904 0 0 1
-0.160333 0.416901 900 0.0280667 0.0705168 5.04088 79.7412 -13 905 0 0 1
-0.175912 0.0401128 900 -0.00391144 -0.0229126 10.4339 50.8283 -13 906 0 0 1
-0.0849451 0.0579166 900 2.35597e-05 0.0515102 11.6092 54.3536 -13 907 0 0 1
-0.104808 0.0615898 900 -0.0102089 0.0356795 12.9239 28.6198 -13 908 0 0 1
0.523083 0.316157 900 0.093372 -0.0519794 7.13456 59.3849 -13 909 0 0 1
2.05632 1.11943 900 0.022628 -0.0197476 0.0485335 58.6398 11 909 1003 0 1
-0.114963 -0.625597 900 -0.0921772 0.0184095 9.22708 36.6084 -13 910 0 0 1
-nan -nan -nan -nan -nan -nan -nan -13 911 0 0 1
-0.179614 -0.292084 900 -0.0741439 0.0493961 11.819 29.4642 -13 912 0 0 1
0.0145613 0.0592572 900 -0.00779188 -0.0157137 13.2267 29.1957 -13 10 0 0 1
0.927886 -0.683219 900 -0.100318 -0.109305 10.5866 32.8836 -13 11 0 0 1
0.0140706 0.391665 900 0.040602 -0.0731981 3.27618 91.4786 -13 13 0 0 1
-0.203694 0.403255 900 -0.00877458 -0.00342931 14.4863 29.2889 -13 17 0 0 1
0.315947 -0.203323 900 -0.00334313 -0.0677573 6.91355 67.121 -13 29 0 0 1
3.58877 0.393271 900 0.487662 -0.524686 8.41584 43.4236 -13 32 0 0 1
-0.0208329 0.215407 900 0.00334884 0.00467479 13.2513 30.8178 -13 49 0 0 1
-0.0760195 0.0984674 900 -0.0557067 0.01335 4.0754 101.944 -13 50 0 0 1
0.305363 -0.133694 900 -0.0599971 -0.0648082 2.10512 114.118 -13 54 0 0 1
-0.115056 -0.412417 900 -0.0836465 0.0316996 9.33769 47.0992 -13 62 0 0 1
-0.270862 0.386884 900 0.0845433 0.0250961 5.28236 72.5856 -13 69 0 0 1
-0.174517 -0.272431 900 -0.0370406 0.0830413 11.6643 31.4918 -13 71 0 0 1
-0.151477 -0.242998 900 -0.0702007 0.026747 12.6685 50.4985 -13 79 0 0 1
0.23637 0.380119 900 0.0630857 -0.0257743 8.68119 59.8766 -13 81 0 0 1
0.0810282 -0.0272989 900 0.019573 -0.00272199 13.1815 47.6503 -13 82 0 0 1
-0.399729 0.348019 900 0.0871427 0.104268 9.82603 51.5201 -13 83 0 0 1
-0.42083 -0.0745909 900 -0.00520503 0.0418727 13.5546 27.7162 -13 85 0 0 1
-0.48997 2.90541 900 -0.0791936 0.029174 0.10101 691.639 -13 87 0 0 1
-0.122779 0.109675 900 -0.0243705 0.0132797 13.7551 41.3242 -13 107 0 0 1
-0.166612 0.129951 900 0.0357378 0.0287216 13.2348 46.9225 -13 132 0 0 1
0.173678 -0.00940995 900 -0.0351486 -0.0124118 14.5345 41.3165 -13 133 0 0 1
-0.538566 0.263399 900 0.176466 0.144526 7.13195 63.2581 -13 134 0 0 1
0.456181 -0.0896777 900 0.0143259 -0.100173 4.30447 75.1271 -13 138 0 0 1
-0.104414 -0.164117 900 -0.0503433 -0.00560773 13.6859 47.4199 -13 153 0 0 1
-0.192519 0.241874 900 0.0140464 -0.000133054 9.92998 57.6448 -13 155 0 0 1
-0.220894 0.0402255 900 -0.0104413 0.029857 11.9611 43.7911 -13 156 0 0 1
0.419491 -0.306376 900 -0.0353641 -0.0825763 8.33914 48.5163 -13 158 0 0 1
-0.129958 0.0806695 900 0.00250022 0.027966 14.0988 30.0306 -13 161 0 0 1
-0.229098 -0.395556 900 -0.0587263 0.00181345 9.21606 52.3568 -13 182 0 0 1
0.048353 -0.00885686 900 -0.0214434 -0.0196806 14.0051 28.6271 -13 183 0 0 1
0.0378263 -0.0279106 900 -0.0207322 -0.0284605 11.485 44.025 -13 185 0 0 1
0.454758 -0.0235822 900 0.0158457 -0.0818057 8.38617 43.9297 -13 190 0 0 1
-0.012025 -0.000418928 900 -0.0836757 0.035006 12.2366 32.5065 -13 191 0 0 1
-0.01926 -0.103963 900 0.00150978 -0.046343 10.3266 38.2652 -13 194 0 0 1
-0.222076 -0.482105 900 -0.0565492 0.0269288 10.8561 51.6891 -13 195 0 0 1
-0.0684017 -0.221174 900 -0.0673807 0.0331055 11.5812 49.6615 -13 201 0 0 1
-0.542516 -0.355398 900 -0.0450111 -0.0383805 2.48788 106.615 -13 221 0 0 1
-0.0594637 -0.136059 900 -0.0567665 0.0226522 8.86842 43.1509 -13 222 0 0 1
-0.165778 0.0295645 900 0.00539436 0.0308664 13.4916 37.3398 -13 228 0 0 1
-0.0349003 -0.119586 900 0.0195891 -0.0507007 13.4214 34.9578 -13 229 0 0 1
0.127701 0.733969 900 0.116377 0.0233678 11.9569 28.4982 -13 230 0 0 1
0.415918 -0.857418 900 -0.119219 -0.20125 9.0291 61.7502 -13 231 0 0 1
-0.165877 0.225668 900 0.0749859 -0.0596136 6.18096 69.8843 -13 232 0 0 1
-0.296267 -0.0880324 900 -0.0211612 0.0285814 10.9426 57.4037 -13 233 0 0 1
-0.306488 -0.125579 900 -0.0473877 0.0240283 12.4779 28.9375 -13 234 0 0 1
0.222275 -0.147907 900 -0.156613 -0.0607001 6.09104 74.6316 -13 235 0 0 1
-0.191668 -0.0416599 900 -0.109826 0.171434 4.27736 89.6885 -13 236 0 0 1
-0.0730482 0.1043 900 -0.0582823 0.0401883 8.35979 53.3617 -13 237 0 0 1
-0.195763 -0.00410987 900 0.116742 0.055833 12.8979 37.4778 -13 245 0 0 1
-0.166268 -0.151208 900 -0.0850469 0.040972 11.5569 38.278 -13 247 0 0 1
0.245363 0.497528 900 0.0243944 -0.0261761 0.0732845 37.862 11 247 1001 0 1
0.318431 -0.0381126 900 0.0127188 -0.0480235 12.3297 36.9865 -13 249 0 0 1
0.316711 -0.0796232 900 -0.00440824 -0.0331052 11.8947 48.3517 -13 253 0 0 1
-0.652091 0.0792564 900 -0.067929 0.0287613 8.24175 43.2722 -13 254 0 0 1
0.126716 0.0513812 900 0.0101372 -0.024812 12.0174 34.5053 -13 255 0 0 1
-0.219739 -0.1248 900 -0.0247482 0.0750925 14.2024 46.595 -13 260 0 0 1
-0.108231 0.0727229 900 0.0185284 0.0145238 14.0548 45.5898 -13 267 0 0 1
0.20423 0.240001 900 0.00559518 -0.0304682 12.2621 31.9845 -13 268 0 0 1
0.396448 0.332427 900 0.0786376 -0.0280218 11.7746 39.2589 -13 269 0 0 1
-2.16509 2.39516 900 0.00786387 -0.0164732 0.107309 27.8593 11 269 1004 0 1
0.180558 -0.29628 900 -0.100759 -0.0179607 2.45631 128.636 -13 270 0 0 1
-0.0716067 0.0349242 900 0.0764428 0.00389032 8.75784 56.2271 -13 275 0 0 1
0.0266546 0.0754726 900 -0.0100681 -0.00378638 13.3389 44.9267 -13 279 0 0 1
0.0604422 -0.251899 900 -0.0378716 -0.0549064 8.07798 59.4647 -13 281 0 0 1
0.266408 -0.330842 900 -0.0732234 -0.0682828 10.6717 37.3958 -13 283 0 0 1
-0.0657055 0.0963194 900 -0.0228254 -0.0221621 0.0236652 37.6386 11 283 1001 0 1
0.0126 -0.14172 900 -0.144787 -0.074155 1.9804 137.166 -13 285 0 0 1
-0.162462 -0.17945 900 0.00435736 0.064804 10.8568 57.8777 -13 287 0 0 1
-0.285319 -0.0421307 900 -0.0483727 0.0391886 7.3127 72.4786 -13 293 0 0 1
-0.0452584 0.00544471 900 -0.0381856 -0.0276751 7.14366 67.3275 -13 295 0 0 1
-nan -nan -nan -nan -nan -nan -nan -13 298 0 0 1
-0.233687 -0.322269 900 -0.0446291 0.0780011 7.49224 58.4162 -13 302 0 0 1
0.479102 -0.849381 900 -0.0963175 -0.127399 9.81484 39.4966 -13 414 0 0 1
0.174708 -0.135896 900 -0.00170442 -0.0657906 12.6387 39.6279 -13 416 0 0 1
-0.144649 -0.262865 900 -0.055569 0.0361897 10.008 58.6592 -13 418 0 0 1
0.113144 -1.0882 900 -0.181681 0.0429517 7.59082 55.924 -13 419 0 0 1
0.161507 -0.0689514 900 0.0357131 -0.0506091 12.4331 36.109 -13 420 0 0 1
-0.189239 -0.311476 900 -0.0193243 0.00126637 7.00274 49.4685 -13 422 0 0 1
-0.268811 0.0395447 900 -0.0152084 0.0757463 9.28987 44.6324 -13 424 0 0 1
0.376513 0.0432349 900 -0.004133 -0.099316 6.95387 53.9561 -13 428 0 0 1
0.0810481 -0.196728 900 -0.00372321 -0.0338396 7.76955 54.1854 -13 429 0 0 1
-0.0820947 -0.0263615 900 -0.0139129 0.0381599 10.8286 39.845 -13 431 0 0 1
-0.142312 0.134682 900 0.0377116 -0.0719954 9.9285 50.6598 -13 432 0 0 1
-0.124499 -0.247173 900 -0.0494091 0.0192043 11.0185 54.59 -13 433 0 0 1
-0.250414 -0.0531836 900 0.00971327 0.0562295 13.6957 35.1339 -13 434 0 0 1
-0.0662427 -0.142902 900 -0.0508046 -0.00384444 11.3735 43.4454 -13 435 0 0 1
-0.138755 0.12914 900 0.0195451 0.0452505 11.2364 35.6046 -13 436 0 0 1
0.140456 -0.0552618 900 0.00214535 -0.0250679 10.6749 41.6074 -13 437 0 0 1
0.339998 0.200271 900 0.0503161 -0.0751722 11.1088 45.5547 -13 438 0 0 1
-0.674858 0.279808 900 0.0209228 0.164393 8.78676 57.4697 -13 440 0 0 1
-0.286177 0.18284 900 0.0897122 0.0354564 11.3494 42.6673 -13 441 0 0 1
0.00273753 0.254606 900 0.0602858 0.0773508 11.3504 39.3267 -13 444 0 0 1
-0.00332743 0.670967 900 0.100425 0.0542554 7.78695 61.6348 -13 451 0 0 1
0.23375 0.183163 900 0.0473534 0.00783596 13.6759 50.0212 -13 462 0 0 1
0.0358604 -0.144894 900 0.00177886 -0.0164513 13.6787 40.2914 -13 498 0 0 1
-0.337604 0.158125 900 0.00360966 0.0136229 11.874 43.123 -13 499 0 0 1
0.0146461 0.152026 900 0.0651695 0.0661487 12.6076 39.1178 -13 500 0 0 1
-1.08576 4.73434 900 -0.0025246 0.00248235 0.0503346 47.6106 11 500 1003 0 1
-0.0982921 0.0936186 900 0.0247458 0.100011 7.84852 46.4895 -13 514 0 0 1
0.12512 -0.400476 900 -0.0532705 -0.0167477 9.65443 40.5879 -13 525 0 0 1
1.33285 0.376987 900 -0.161165 -0.392356 2.33906 131.5 -13 527 0 0 1
0.0140938 -0.00222078 900 0.001264 -0.0459276 8.25505 61.483 -13 530 0 0 1
-0.699523 0.63888 900 -0.098057 0.200226 11.2757 34.4721 -13 539 0 0 1
0.656263 8.60552 900 0.00916237 0.0215734 0.0310701 41.2186 11 539 1001 0 1
-0.192066 -0.0405687 900 0.0012822 0.0301067 11.234 54.4336 -13 540 0 0 1
-0.13609 -3.75578 900 -0.54322 -0.0555107 10.632 49.9527 -13 547 0 0 1
-0.333016 0.0569575 900 0.0424186 0.0624929 8.5618 54.0677 -13 550 0 0 1
0.0499235 0.428013 900 0.0207708 -0.0206523 4.88217 64.8825 -13 554 0 0 1
-0.48356 -0.146905 900 0.0181739 0.00927437 6.11546 72.7959 -13 556 0 0 1
-0.127844 0.389881 900 0.0878533 -0.00648894 10.9125 57.8647 -13 559 0 0 1
0.0712442 0.017212 900 0.000360189 -0.0239412 13.596 24.7345 -13 560 0 0 1
-0.899627 0.731459 900 -0.0158521 0.0604551 4.97167 88.6061 -13 561 0 0 1
0.133322 0.553865 900 0.136372 -0.0384271 11.0296 32.9817 -13 562 0 0 1
-0.0570145 -0.136614 900 -0.0828168 0.00951698 11.8236 53.4295 -13 568 0 0 1
0.160182 -0.0910274 900 0.0211814 -0.0388519 13.5158 35.2624 -13 569 0 0 1
0.359269 -0.190717 900 0.00466324 -0.106148 11.0595 54.9742 -13 570 0 0 1
0.153913 0.0255794 900 0.0250423 -0.0687416 12.6336 39.1637 -13 571 0 0 1
-0.156525 -0.0308264 900 -0.02827 -0.0120298 9.86267 44.9897 -13 572 0 0 1
-0.0287284 -0.275289 900 0.0287795 -0.0348438 6.44192 62.0884 -13 573 0 0 1
0.293178 0.0920684 900 0.0308221 -0.040806 13.7254 32.4518 -13 574 0 0 1
0.569443 0.0470328 900 0.0106025 -0.108443 13.9417 49.7906 -13 584 0 0 1
-0.0351878 0.0655537 900 0.0424154 -0.00785181 11.2179 36.8906 -13 585 0 0 1
0.113898 -0.0311178 900 -0.0694796 -0.00947288 9.31427 59.3372 -13 586 0 0 1
-0.0599694 0.2243 900 0.0345709 0.0293597 13.7602 43.0367 -13 587 0 0 1
0.471216 0.284623 900 0.0314071 -0.0952013 9.5091 43.448 -13 588 0 0 1
-0.143825 -0.141814 900 -0.0387812 0.0110927 13.2595 36.8204 -13 589 0 0 1
-0.151818 0.0166895 900 0.0341696 0.00665128 9.03215 47.2265 -13 591 0 0 1
5.17596 2.84155 900 0.0447257 0.00778911 0.0473039 45.2186 11 591 1003 0 1
0.631152 0.161287 900 0.023898 -0.094293 8.24052 51.4206 -13 592 0 0 1
-0.43906 0.19337 900 0.118368 0.0532938 5.64066 82.5361 -13 593 0 0 1
-0.26666 0.298444 900 0.0246155 0.0419474 10.7424 59.3063 -13 594 0 0 1
0.578579 -0.259271 900 -0.053288 -0.0967893 8.04122 56.4131 -13 596 0 0 1
0.277613 0.173604 900 0.0895065 -0.0344594 10.3944 42.805 -13 597 0 0 1
0.0517148 0.52457 900 0.127039 -0.00669706 5.58381 62.4876 -13 599 0 0 1
-nan -nan -nan -nan -nan -nan -nan -13 600 0 0 1
-0.275662 0.0516599 900 -0.0418143 -0.0221581 12.5235 43.8563 -13 601 0 0 1
0.399444 0.375964 900 0.0106627 -0.0897708 6.72849 69.04 -13 896 0 0 1
-0.41966 0.359102 900 0.0643942 0.105312 10.315 38.5572 -13 897 0 0 1
-0.233285 -0.00611616 900 0.0674777 0.0453879 8.33521 54.9447 -13 898 0 0 1
0.24822 -0.490185 900 -0.13263 -0.0921181 5.02319 89.4982 -13 901 0 0 1
0.159005 0.244064 900 0.0415745 -0.0142831 8.60582 39.7798 -13 902 0 0 1
-0.356178 -0.124285 900 -0.0535044 0.0560197 10.2609 33.4982 -13 914 0 0 1
-0.141727 -0.841917 900 -0.136856 -0.0208905 9.05 41.8604 -13 915 0 0 1
0.300045 -0.00659076 900 -0.0388462 -0.0455602 13.7831 42.4696 -13 916 0 0 1
-0.0285826 -0.100082 900 0.0105075 0.0487504 12.4697 45.631 -13 917 0 0 1
-0.119793 0.313622 900 0.0517481 -0.00505907 12.8201 49.488 -13 918 0 0 1
0.55004 -0.725171 900 -0.150632 -0.0300021 3.55235 88.8685 -13 919 0 0 1
0.16047 -0.246476 900 0.020493 0.0602131 8.59143 40.5975 -13 920 0 0 1
0.0761533 -0.131947 900 -0.0574361 -0.0170061 14.0641 29.4573 -13 921 0 0 1
0.362604 0.0570044 900 0.0541611 -0.0556717 12.8459 46.3668 -13 922 0 0 1
0.259778 -0.688789 900 -0.176252 0.0162386 3.34356 111.316 -13 923 0 0 1
-0.101428 -0.0890404 900 -0.0170037 -0.000114927 13.6097 37.848 -13 924 0 0 1
0.168861 0.0757949 900 0.0535944 -0.0506895 13.9557 51.8246 -13 925 0 0 1
-0.165705 -0.253023 900 0.00136992 -0.0183398 12.7931 26.2723 -13 926 0 0 1
0.210467 0.151287 900 -0.000907425 0.00541482 4.64325 81.2206 -13 927 0 0 1
0.153632 -0.00879426 900 0.0114939 -0.057574 11.7658 51.2353 -13 928 0 0 1
-0.26607 -0.103756 900 -0.0355828 0.0558045 13.5098 30.7077 -13 929 0 0 1
-5.47897 1.21958 900 -0.0183183 -0.0219376 0.0468468 32.6281 11 929 1001 0 1
0.184986 -0.0927705 900 0.0387635 -0.0146245 12.7014 43.8242 -13 930 0 0 1
-0.174481 -0.103351 900 -0.00833717 0.0275859 13.2975 45.7798 -13 931 0 0 1
0.0789699 -0.114379 900 -0.0696535 0.0163587 11.4118 57.4248 -13 932 0 0 1
-0.0831771 0.0840953 900 -0.0282592 0.00982377 13.6033 37.3459 -13 933 0 0 1
-0.052875 -0.179248 900 -0.0608797 0.0153572 8.55997 49.8943 -13 934 0 0 1
0.948953 0.188294 900 -0.0595884 -0.214907 10.3714 52.4683 -13 935 0 0 1
-0.0454559 0.156729 900 0.0376443 0.0218299 12.4363 39.6917 -13 936 0 0 1
0.163641 0.0573186 900 0.0212277 -0.0775927 12.5149 53.2929 -13 937 0 0 1
0.364398 -0.600473 900 -0.134146 -0.0598295 4.37901 73.4299 -13 938 0 0 1
0.0664672 -0.606173 900 -0.1123 -0.0168845 13.8017 33.5926 -13 939 0 0 1
0.0187541 0.16384 900 -0.00329917 0.00756574 5.77637 58.0538 -13 940 0 0 1
0.628803 1.20842 900 -0.0104523 -0.00145518 0.0492389 57.7392 11 940 1003 0 1
1.63867 5.56799 900 -0.00179668 -0.0020303 0.0509986 54.8088 11 940 1004 0 1
0.0915781 0.0128499 900 -0.0259321 -0.0493187 12.2544 42.3944 -13 941 0 0 1
-nan -nan -nan -nan -nan -nan -nan -13 942 0 0 1
-0.336887 0.237757 900 0.0318182 0.0561251 10.4392 55.8492 -13 943 0 0 1
0.199597 0.335079 900 0.137319 -0.0512445 11.0946 32.9612 -13 4 0 0 1
-0.121013 -0.274582 900 0.00777255 0.0524269 6.81185 53.5795 -13 5 0 0 1
-0.0173152 0.225904 900 0.00933082 0.0149618 14.3571 36.59 -13 25 0 0 1
0.0624486 -0.276492 900 -0.0523129 -0.0457339 13.6186 25.9959 -13 30 0 0 1
0.167826 -0.1238 900 -0.028606 -0.0546576 10.3586 35.2486 -13 31 0 0 1
1.09892 0.618422 900 -0.0505302 -0.196301 4.89833 89.5349 -13 35 0 0 1
0.0408907 -0.0388414 900 0.0216099 0.0327621 11.8321 50.6821 -13 38 0 0 1
0.0453643 -0.142197 900 -0.062903 0.0198934 8.36978 50.2684 -13 51 0 0 1
-nan -nan -nan -nan -nan -nan -nan -13 52 0 0 1
-0.251342 0.174054 900 -0.0113976 0.0199768 8.2479 45.9011 -13 58 0 0 1
-nan -nan -nan -nan -nan -nan -nan -13 342 0 0 1
0.475429 0.969282 900 0.158327 -0.0341707 6.75259 68.6165 -13 602 0 0 1
-2.23511 -0.236969 900 -0.0495971 0.231743 9.20548 57.1413 -13 603 0 0 1
-0.379562 -0.295651 900 -0.130671 -0.0170065 7.48449 55.4804 -13 604 0 0 1
-0.0136955 0.229705 900 0.0560087 -0.0319926 12.4357 42.4977 -13 606 0 0 1
-0.574683 -0.408032 900 -0.114163 0.0610114 11.8639 32.9442 -13 607 0 0 1
-0.171501 -0.328679 900 -0.0858753 0.0746066 12.9257 39.8865 -13 608 0 0 1
-0.367655 0.0374521 900 -0.0427917 0.0787845 8.7161 43.8908 -13 610 0 0 1
0.168073 -0.0110709 900 0.00856925 -0.0307838 10.3039 36.1638 -13 611 0 0 1
0.0289172 0.0575611 900 0.00778726 -0.00987632 10.7566 46.8496 -13 617 0 0 1
0.370099 0.514575 900 0.0976427 0.0136242 4.4603 88.8045 -13 619 0 0 1
-0.444438 -0.0784634 900 0.00843803 0.134676 5.05196 64.1923 -13 621 0 0 1
-0.0156876 -0.190318 900 -0.0534046 -0.0560088 9.3775 51.8566 -13 627 0 0 1
1.37637 -0.718843 900 0.00119473 -0.146821 1.18396 143.438 -13 628 0 0 1
0.196582 0.0503073 900 0.000265702 -0.0215355 10.4305 37.0913 -13 629 0 0 1
0.057036 -0.295159 900 -0.0652583 -0.0210312 11.6976 55.1042 -13 630 0 0 1
0.0972161 -0.512798 900 -0.0323268 -0.0595896 8.80701 63.9633 -13 631 0 0 1
-0.0141222 -0.12039 900 -0.085824 -0.0784917 13.6916 42.1662 -13 644 0 0 1
0.17553 0.0857715 900 0.106478 0.0167451 9.70149 35.4266 -13 645 0 0 1
-0.414658 -0.39709 900 -0.0899967 0.0766991 5.86223 80.4735 -13 647 0 0 1
0.899161 -0.137635 900 -0.0318994 -0.0641387 3.5788 91.8355 -13 648 0 0 1
0.262874 0.0109804 900 0.0628899 -0.00271326 10.0372 45.0261 -13 651 0 0 1
0.150155 -0.323956 900 -0.0307944 -0.0318169 12.2543 38.7511 -13 654 0 0 1
-0.474335 0.284288 900 0.090583 0.153156 4.65649 80.7787 -13 658 0 0 1
-0.524598 2.31079 900 0.00845765 -0.00161508 0.036689 78.7566 11 658 1001 0 1
0.0709833 -0.302924 900 -0.111006 0.0151985 11.6575 50.0936 -13 660 0 0 1
0.277244 0.0363624 900 0.0634776 -0.0540018 10.6154 46.3617 -13 661 0 0 1
0.264864 0.201226 900 0.0562595 0.000162907 12.1166 38.0896 -13 662 0 0 1
-0.104799 0.0593198 900 0.00880569 0.00194554 9.49005 62.9881 -13 663 0 0 1
5.84104 0.87811 900 -0.0173441 -0.0134295 0.0291064 65.562 11 663 1001 0 1
-0.484522 0.0830755 900 0.0321286 0.0861028 11.3203 30.4876 -13 665 0 0 1
0.0129822 0.300486 900 0.0057014 -0.00531679 11.753 42.1199 -13 666 0 0 1
0.0345391 -0.162343 900 -0.0187125 0.01329 13.0822 37.5934 -13 667 0 0 1
0.148207 0.295298 900 0.068925 0.0569236 6.5473 58.628 -13 668 0 0 1
-0.506431 0.20024 900 0.0267403 0.0167231 9.52199 51.4738 -13 669 0 0 1
0.242066 0.0649385 900 -0.00265629 0.0135886 13.1303 44.3918 -13 671 0 0 1
-0.149443 0.112 900 0.0415417 -0.0921361 7.03422 52.7694 -13 675 0 0 1
-3.17335 0.366158 900 -0.00847108 0.0204945 0.0609701 49.924 11 675 1004 0 1
0.473909 -0.709007 900 -0.060991 -0.0989549 11.812 34.1232 -13 677 0 0 1
-0.559199 0.30397 900 0.0994513 0.0710826 7.95265 47.4364 -13 685 0 0 1
0.00657838 0.00500408 900 -0.00949409 -0.02391 11.6337 54.8671 -13 686 0 0 1
0.00624656 -0.475231 900 -0.0444804 0.0321886 8.97761 42.2507 -13 687 0 0 1
-0.0499234 0.0801232 900 0.0063259 0.0185858 12.831 48.1842 -13 688 0 0 1
-0.391458 0.289634 900 0.00572949 0.129276 9.84616 55.1462 -13 689 0 0 1
-0.666908 0.339875 900 0.104671 0.131235 5.01062 81.1314 -13 690 0 0 1
-0.754191 -0.037096 900 0.037161 0.134726 7.39257 44.8319 -13 692 0 0 1
0.0376722 -0.0903919 900 -0.0228584 0.0443794 12.759 46.2093 -13 693 0 0 1
0.336866 0.930703 900 0.0351332 0.0248776 3.09687 96.2158 -13 694 0 0 1
-0.331009 -0.398816 900 -0.0544779 -0.012172 7.27759 54.6755 -13 695 0 0 1
0.206544 0.0115703 900 -0.0364099 -0.0833106 8.71936 44.6451 -13 698 0 0 1
-0.319173 -0.307556 900 0.114857 0.0905593 8.70433 47.1076 -13 700 0 0 1
0.115923 0.192051 900 -0.0258811 -0.0968844 8.90626 37.9146 -13 701 0 0 1
-0.454592 -3.45544 900 0.027652 0.00471618 0.0699386 32.1877 11 701 1002 0 1
0.00652592 0.0633342 900 0.0274873 0.0190268 12.0449 49.0293 -13 703 0 0 1
0.239344 -0.0177599 900 0.0120832 -0.0556836 7.89524 60.2591 -13 710 0 0 1
-0.0417316 -0.09673 900 0.0030457 -0.0117295 11.5966 47.5718 -13 712 0 0 1
-0.249173 0.606578 900 0.0213296 0.0867 6.30953 72.027 -13 713 0 0 1
0.334506 -0.104143 900 -0.0361867 0.00596755 14.0357 44.2896 -13 714 0 0 1
-0.104474 0.38379 900 0.0279481 -0.015271 10.5083 45.7759 -13 717 0 0 1
0.562322 -0.613522 900 0.0385034 -0.0277057 0.0704942 44.9253 11 717 1002 0 1
-0.147707 -0.136471 900 -0.0432563 0.038042 8.50217 41.0674 -13 723 0 0 1
-0.373347 -0.099928 900 -0.0510429 0.0782522 9.56015 45.332 -13 725 0 0 1
-0.251947 -0.456456 900 -0.105292 0.0577601 13.5876 39.3109 -13 726 0 0 1
0.17556 0.111536 900 0.0195397 -0.0470797 14.1284 27.9156 -13 727 0 0 1
0.00775921 -0.0143144 900 0.0223328 0.0114721 10.9571 32.4528 -13 731 0 0 1
-1.80615 0.625078 900 0.229065 0.15246 0.764995 695.036 -13 732 0 0 1
0.0972129 -0.126766 900 0.0438959 0.00212122 4.40199 80.7531 -13 733 0 0 1
0.14851 -0.0695611 900 0.0353644 -0.0198723 5.62518 79.23 -13 944 0 0 1
0.34776 -0.971746 900 -0.0317974 -0.0856518 3.29587 110.892 -13 945 0 0 1
-0.0428578 -0.0327708 900 0.0143956 -0.0150417 14.2939 35.7031 -13 946 0 0 1
-0.0437418 0.107765 900 0.0559371 0.011896 10.4682 36.067 -13 947 0 0 1
0.286772 0.347102 900 0.122156 -0.044175 7.66621 46.8254 -13 948 0 0 1
0.0426017 -0.0487292 900 0.0161009 -0.0260844 12.4715 47.0629 -13 949 0 0 1
0.68295 0.200096 900 0.0821728 -0.0419709 1.93287 109.409 -13 950 0 0 1
0.129548 -0.00288665 900 0.0731732 -0.0930443 5.0356 67.6506 -13 951 0 0 1
0.304428 3.00198 900 0.00744384 -0.0226688 0.0351551 67.0658 11 951 1001 0 1
-0.393916 -1.31617 900 -0.182791 -0.0304273 3.54247 105.303 -13 952 0 0 1
0.0751664 -0.0136915 900 0.0107566 -0.0240706 9.8323 39.6845 -13 953 0 0 1
0.29013 0.0930347 900 0.0794273 -0.207119 6.6571 67.5228 -13 954 0 0 1
0.0525684 0.566786 900 0.0825528 -0.0404003 7.30653 60.7022 -13 955 0 0 1
0.481184 0.0945532 900 -0.0508533 -0.095631 6.77811 54.1572 -13 956 0 0 1
0.0320648 -0.0125548 900 0.0255752 -0.0135279 14.0503 42.0735 -13 957 0 0 1
-0.0661796 0.222532 900 0.0611507 0.0660915 11.836 41.6629 -13 958 0 0 1
0.0834855 0.0781166 900 0.00505773 -0.0470762 10.3762 51.7012 -13 959 0 0 1
-0.169054 -0.315219 900 -0.0321985 0.0310011 14.4328 32.0883 -13 960 0 0 1
-0.151294 -0.0891694 900 -0.063274 0.00856726 11.7972 46.5111 -13 962 0 0 1
-0.0628447 0.0145184 900 -0.0083711 -0.066098 9.35694 42.442 -13 966 0 0 1
-nan -nan -nan -nan -nan -nan -nan -13 968 0 0 1
0.177937 0.184865 900 0.0159234 -0.0450196 13.2373 38.5583 -13 971 0 0 1
-0.174067 0.236497 900 0.0523922 0.017601 8.22159 56.3382 -13 19 0 0 1
0.451941 0.289227 900 0.000325429 0.000544777 0.597956 705.579 -13 20 0 0 1
0.208948 -0.0151891 900 0.0120573 0.000586462 8.86568 51.5209 -13 26 0 0 1
-0.126546 -0.0746696 900 0.0538192 -0.0133525 10.3647 59.0762 -13 37 0 0 1
-0.0527773 0.144412 900 0.0285177 -0.0182913 9.74639 60.2788 -13 57 0 0 1
0.0868387 0.253437 900 0.0657016 -0.0783389 7.01058 62.4307 -13 59 0 0 1
-0.0487487 0.0598189 900 -0.0064774 -0.00783025 14.0075 51.3088 -13 63 0 0 1
0.121229 -0.110202 900 -0.0294991 -0.0321807 7.31976 56.6757 -13 66 0 0 1
-0.0178574 -0.146055 900 -0.0177573 -0.0279509 10.6224 49.7819 -13 68 0 0 1
-0.0151891 0.144507 900 0.0543292 -0.013669 11.1528 34.0739 -13 70 0 0 1
-0.217984 0.0361377 900 -0.0446021 0.0436368 10.3287 32.6245 -13 72 0 0 1
-0.217101 -0.079152 900 -0.0338797 0.0542699 5.95311 74.2983 -13 73 0 0 1
-0.0355182 0.0484852 900 0.0379227 0.0144333 13.5144 37.4901 -13 78 0 0 1
-0.0680231 0.476366 900 0.0750767 -0.157638 6.18737 63.9808 -13 84 0 0 1
0.183377 0.167002 900 0.0293595 -0.0302241 12.8526 40.2593 -13 97 0 0 1
-0.202973 -0.209623 900 -0.0288536 0.012456 9.55375 41.6979 -13 98 0 0 1
0.158832 0.663524 900 -0.0436604 -0.0154143 4.64858 82.6082 -13 101 0 0 1
0.0919516 -0.295645 900 -0.101648 0.00124175 9.92332 55.674 -13 103 0 0 1
0.283125 0.0462801 900 -0.0305863 0.00353651 10.2946 59.3158 -13 106 0 0 1
0.0511402 0.000630079 900 -0.0369485 -0.0138185 7.18629 56.494 -13 108 0 0 1
3.39578 2.22597 900 0.0287832 -0.0114324 0.0269648 56.9575 11 108 1001 0 1
0.089479 0.0892596 900 0.0222703 -0.0216289 13.5598 24.5975 -13 109 0 0 1
0.0566203 -0.254428 900 -0.154703 -0.0437157 5.69916 59.952 -13 118 0 0 1
0.0607865 0.958595 900 0.218138 0.0416721 7.45779 56.7261 -13 120 0 0 1
-0.00234514 0.212175 900 0.0447114 -0.0213212 13.4832 33.7035 -13 128 0 0 1
0.0877054 -0.244687 900 -0.0713065 -0.0249227 13.4897 36.768 -13 129 0 0 1
-0.415372 0.500045 900 0.0403444 0.0804727 10.4179 53.1642 -13 130 0 0 1
0.324677 0.207544 900 0.00966806 -0.0469763 9.14663 43.3512 -13 131 0 0 1
-0.114642 0.189359 900 0.04751 -0.0215196 12.9684 36.8833 -13 136 0 0 1
0.0148961 1.19773 900 0.170567 0.100965 13.8115 24.6471 -13 141 0 0 1
-0.248301 -0.434238 900 -0.0888755 -0.0167024 13.7384 35.3242 -13 142 0 0 1
-0.00984729 0.175346 900 0.0664537 -0.0209177 10.9772 34.9941 -13 143 0 0 1
-0.085518 0.581911 900 0.152836 0.00177853 9.80848 58.0797 -13 145 0 0 1
0.277368 -0.037787 900 -0.00736261 -0.026465 13.8377 44.0458 -13 150 0 0 1
0.375156 0.286852 900 0.0258871 -0.0931639 9.43888 51.2724 -13 154 0 0 1
0.215743 0.198751 900 0.0450977 -0.0596548 13.2169 33.7761 -13 157 0 0 1
-0.261021 -0.472712 900 -0.0780262 -0.0168656 9.72944 48.2874 -13 162 0 0 1
-0.073528 0.167613 900 -0.00307748 0.00798131 9.73026 36.0732 -13 163 0 0 1
0.540555 -0.212804 900 0.0444374 -0.0791193 5.48978 68.4626 -13 178 0 0 1
0.234387 0.103457 900 0.0317907 -0.0229655 12.0747 32.5737 -13 192 0 0 1
-0.0749471 -0.099771 900 0.0316 0.0338686 14.4495 43.2654 -13 203 0 0 1
0.146267 0.0063012 900 -0.073463 0.0132891 7.09778 55.9162 -13 205 0 0 1
-nan -nan -nan -nan -nan -nan -nan -13 206 0 0 1
-0.195084 -0.12522 900 -0.0139668 0.0185398 13.7004 36.6349 -13 209 0 0 1
-0.169077 -0.150592 900 0.000606598 0.00928601 12.0822 41.4672 -13 347 0 0 1
-0.320384 -0.212205 900 -0.161903 0.087044 7.02929 59.2607 -13 349 0 0 1
0.45904 -0.0457164 900 0.0151938 -0.117728 7.73686 64.5224 -13 350 0 0 1
-1.01124 -0.896278 900 -0.571175 -0.0728093 2.4583 118.944 -13 355 0 0 1
-0.421441 -0.584165 900 -0.108846 -0.0502886 9.7345 60.9244 -13 356 0 0 1
-0.0072133 0.0197118 900 0.0302231 -0.0161486 10.6505 57.6589 -13 357 0 0 1
0.456178 -0.273529 900 -0.0641575 -0.0653905 11.7713 33.7467 -13 359 0 0 1
-0.0261676 0.0733109 900 -0.0194564 0.0778171 13.4828 45.6859 -13 360 0 0 1
0.498825 -0.0538258 900 -0.097958 -0.0811353 3.51496 88.6028 -13 361 0 0 1
0.619917 0.0445001 900 -0.0122972 -0.0806329 11.7957 32.2096 -13 365 0 0 1
0.168823 0.92562 900 0.12675 -0.0347864 7.84306 41.7279 -13 366 0 0 1
0.003043 -0.304896 900 -0.0836318 -0.00585679 11.6901 52.3147 -13 367 0 0 1
-0.148946 0.208615 900 -0.0165453 0.0479673 14.4867 40.2317 -13 371 0 0 1
0.192944 -0.292041 900 -0.124834 -0.0372627 10.6587 35.5828 -13 380 0 0 1
0.0168948 -0.304683 900 -0.0791676 -0.00673743 7.76026 53.8034 -13 381 0 0 1
0.0806466 0.130048 900 0.0271746 -0.0142583 14.4215 40.4807 -13 387 0 0 1
0.410729 0.17249 900 -0.032482 -0.0615961 9.29899 58.2412 -13 388 0 0 1
6.29668 2.17844 900 0.010532 0.0218758 0.0219479 58.8768 11 388 1001 0 1
-0.0468652 -0.321744 900 -0.0507035 0.0455707 13.4833 42.7792 -13 389 0 0 1
0.157006 0.162209 900 0.0135391 0.154157 3.35382 85.3027 -13 393 0 0 1
-0.0368573 -0.175123 900 -0.00356568 -0.0288943 3.40482 94.236 -13 394 0 0 1
-0.0079405 0.365187 900 -0.00949369 0.0833961 13.2917 31.8917 -13 398 0 0 1
-0.292624 0.0338759 900 0.0229281 0.00836292 12.6425 29.198 -13 399 0 0 1
-0.0849395 -0.236483 900 -0.0445403 0.0505908 11.6366 39.3403 -13 400 0 0 1
-0.00210258 0.309056 900 0.0648658 0.043291 11.1353 42.3445 -13 401 0 0 1
0.365791 0.276024 900 0.083428 -0.039865 7.24704 45.5284 -13 402 0 0 1
0.190875 0.0127144 900 0.0066769 -0.0395409 14.3853 31.173 -13 404 0 0 1
-0.9934 0.043415 900 0.128562 0.126231 4.43544 92.1519 -13 407 0 0 1
0.236248 0.437221 900 0.0953752 -0.0243373 10.905 51.2322 -13 408 0 0 1
-0.162219 -0.360167 900 -0.0639828 0.0388559 7.0794 55.1734 -13 410 0 0 1
-0.0117321 -0.124446 900 -0.0632423 -0.0789122 6.74731 52.0837 -13 411 0 0 1
0.487887 0.207978 900 0.132968 -0.0350463 7.16685 49.0579 -13 412 0 0 1
0.0476321 -0.561461 900 -0.100427 -0.0164432 5.69652 56.561 -13 413 0 0 1
-0.0888095 0.636056 900 0.0190578 -0.0134487 6.42409 55.0369 -13 417 0 0 1
-0.0143338 -0.150696 900 -0.00167314 0.0469684 13.1987 29.5197 -13 421 0 0 1
0.336759 -0.239858 900 -0.00794189 -0.00432896 4.86616 92.6544 -13 425 0 0 1
-0.296518 0.103562 900 0.0252872 0.0745847 4.69387 89.4171 -13 426 0 0 1
-0.0861567 0.185974 900 0.0485824 0.101646 9.90657 42.9218 -13 430 0 0 1
0.205469 -0.123514 900 -0.0253405 -0.000198948 11.9258 55.7442 -13 439 0 0 1
0.135774 0.580227 900 0.146469 -0.150441 3.81545 80.0705 -13 442 0 0 1
-0.0683267 -0.2616 900 -0.0234092 0.108395 7.54706 67.9009 -13 443 0 0 1
0.040713 -0.208014 900 -0.0213645 0.0315837 7.94994 66.0413 -13 445 0 0 1
0.0819599 -0.222343 900 -0.0589846 -0.00871586 13.3816 51.0653 -13 446 0 0 1
0.106988 0.0581182 900 -0.0559686 -0.00986107 11.5347 40.1543 -13 447 0 0 1
-0.0461698 0.156228 900 -0.130917 0.0228177 9.80029 36.5161 -13 448 0 0 1
-0.027503 0.594498 900 0.106705 0.0108881 8.11075 44.1266 -13 449 0 0 1
-0.318293 0.18362 900 0.0247974 0.02683 12.3571 55.5362 -13 450 0 0 1
-0.100038 -0.219074 900 -0.0804204 0.0160431 11.8827 53.8239 -13 452 0 0 1
-0.279598 0.305302 900 0.069372 0.0659277 12.9163 52.9807 -13 453 0 0 1
-3.6427 3.81902 900 -0.00629936 0.00688647 0.0490419 57.4255 11 453 1001 0 1
0.105057 0.0112176 900 0.00106891 0.0289045 9.49296 43.218 -13 454 0 0 1
0.172903 0.0377434 900 0.00216361 -0.0362931 14.0669 26.489 -13 467 0 0 1
-0.791637 0.181546 900 0.152837 0.158266 4.42768 84.8723 -13 469 0 0 1
-0.282622 0.574882 900 0.103138 -0.0413909 6.33275 52.6706 -13 470 0 0 1
0.13386 -0.377809 900 -0.109677 -0.131082 10.0243 52.6162 -13 472 0 0 1
0.0993612 -0.648245 900 -0.124455 -0.021311 8.20891 54.4489 -13 474 0 0 1
0.0116133 -0.00604943 900 0.0108777 0.0177711 11.7731 37.9408 -13 475 0 0 1
-0.223607 -0.453763 900 -0.169482 -0.0338429 7.78864 42.2788 -13 476 0 0 1
0.167242 -0.0263817 900 -0.0734811 -0.0214809 9.47642 50.234 -13 477 0 0 1
-0.271432 -0.0323199 900 -0.0315177 0.045969 9.68309 36.3109 -13 478 0 0 1
-0.00344219 -0.180614 900 0.0304351 0.0313488 10.6539 47.5771 -13 480 0 0 1
-4.67142 -4.01449 900 0.023191 -0.00390501 0.0359532 49.0284 11 480 1002 0 1
-0.373797 0.207097 900 -0.00201817 0.0808054 13.9248 27.7016 -13 492 0 0 1
0.142923 0.292545 900 0.0700043 -0.0362726 10.8692 40.0882 -13 501 0 0 1
0.0782709 0.0491663 900 0.0447964 0.00703089 14.4269 27.9282 -13 502 0 0 1
-0.118524 -0.112888 900 -0.0151839 0.00757769 11.1715 46.0061 -13 504 0 0 1
0.683515 -0.171019 900 0.0352675 -0.00589637 2.92421 107.923 -13 505 0 0 1
-0.352893 0.0869821 900 0.0200417 0.0600423 8.65131 45.205 -13 506 0 0 1
0.868553 -0.118007 900 -0.0311306 -0.0930264 8.10078 59.9289 -13 509 0 0 1
0.22749 0.267688 900 -0.0507459 0.0760789 10.5184 40.7669 -13 510 0 0 1
0.00298299 0.0450183 900 0.0222992 -0.0411101 10.4371 34.1785 -13 511 0 0 1
0.202992 0.203413 900 0.0576809 -0.0461301 12.8661 43.2848 -13 512 0 0 1
0.133082 -0.0988323 900 -0.00713563 -0.0294646 13.3348 25.2483 -13 513 0 0 1
-0.206952 0.188444 900 -0.0171537 0.116783 10.1374 55.4871 -13 515 0 0 1
-0.885254 -0.106569 900 -0.00282572 0.0463828 0.0633575 55.3294 11 515 1001 0 1
-0.47173 0.0244477 900 -0.0857878 0.0555239 3.38569 92.1559 -13 516 0 0 1
0.267785 -0.155209 900 -0.0488027 -0.0425199 11.6516 46.6784 -13 519 0 0 1
0.167404 -0.2109 900 0.0783675 0.0140989 11.6117 45.1655 -13 520 0 0 1
-nan -nan -nan -nan -nan -nan -nan -13 521 0 0 1
0.337977 0.676837 900 0.0942833 -0.0843229 13.537 40.1385 -13 523 0 0 1
0.159918 -0.120739 900 -0.0321622 -0.0574644 14.1605 38.5326 -13 759 0 0 1
-0.0973401 -0.241614 900 -0.0369042 -0.00401794 11.1294 55.2405 -13 763 0 0 1
-0.0308825 -0.392894 900 -0.0844465 -0.0376122 9.83654 43.7504 -13 764 0 0 1
-0.0902885 -0.329179 900 0.0270584 -0.0334599 5.80501 61.8946 -13 765 0 0 1
-0.0847657 -0.0602829 900 -0.0169589 -0.0473882 8.56845 42.7005 -13 766 0 0 1
-0.0169149 -0.0155022 900 0.0302809 0.0340476 12.8588 46.1837 -13 768 0 0 1
-0.651128 -0.160886 900 0.0623577 0.0750584 6.89534 50.7088 -13 769 0 0 1
-0.263042 0.126886 900 0.0201325 0.0426405 13.623 30.7356 -13 770 0 0 1
-0.242298 -0.0342015 900 -0.0278286 0.0467298 14.3209 25.1213 -13 772 0 0 1
-0.279207 0.198723 900 0.0966133 -0.0124679 3.32249 87.8769 -13 775 0 0 1
-1.1039 -0.257112 900 0.0221548 -0.0306832 -0.165378 752.649 11 775 1001 0 1
-0.216191 -0.142156 900 -0.0323342 0.0446515 10.6523 42.8379 -13 777 0 0 1
-0.264314 -0.256348 900 0.00762567 0.0303583 10.798 46.0478 -13 810 0 0 1
0.0283998 -0.199417 900 0.0398859 -0.0703328 5.40405 60.3578 -13 811 0 0 1
0.138405 0.371228 900 0.0567815 -0.0502131 6.37735 51.4446 -13 812 0 0 1
-0.0424941 0.235378 900 0.102881 0.0726667 13.2048 35.5277 -13 813 0 0 1
0.58875 0.0444789 900 -0.0612156 -0.105037 5.87463 58.1728 -13 816 0 0 1
-0.454973 -0.147375 900 4.53781e-05 0.147613 5.11297 84.8099 -13 817 0 0 1
0.0974439 0.152324 900 0.00108215 0.0116882 14.442 48.6564 -13 825 0 0 1
-0.131979 0.029623 900 -0.0487399 -0.0260612 8.97441 65.1914 -13 833 0 0 1
0.139667 0.0158249 900 -0.0946812 -0.025285 5.19508 84.0622 -13 834 0 0 1
-0.352312 0.178042 900 0.00140678 0.0480349 11.829 49.1592 -13 836 0 0 1
-0.145697 0.206213 900 0.0178979 0.0386506 11.1121 50.7725 -13 839 0 0 1
-nan -nan -nan -nan -nan -nan -nan -13 841 0 0 1
-0.347773 -0.149229 900 -0.0858933 0.00303459 6.02304 78.7553 -13 842 0 0 1
-0.0976432 0.115249 900 -0.00963144 0.0266883 11.8476 50.2577 -13 963 0 0 1
0.500555 0.115977 900 0.105898 -0.0518447 10.2898 57.7424 -13 964 0 0 1
0.902593 0.313687 900 0.0420606 0.0150199 0.0636362 57.5771 11 964 1005 0 1
-2.36994 -3.62534 900 -0.0131913 0.00644072 0.0824408 51.55 11 964 1006 0 1
0.049169 0.00574112 900 0.00427677 -0.0398133 11.3072 44.2679 -13 965 0 0 1
-0.268007 -0.471627 900 -0.0414224 0.0273859 8.83736 49.0191 -13 969 0 0 1
-nan -nan -nan -nan -nan -nan -nan -13 970 0 0 1
0.168445 -0.214191 900 -0.0652834 0.00698855 14.439 37.8214 -13 972 0 0 1
