#BLTrackFile NTuple/Z1000
#x y z Px Py Pz t PDGid EventID TrackID ParentID Weight
#mm mm mm MeV/c MeV/c MeV/c ns - - - - -
0.0725637 0.0759578 1000 -0.0265544 -0.033344 11.4854 49.9638 -13 1 0 0 1
-0.389599 0.242693 1000 0.0925635 0.103014 12.5495 50.8367 -13 2 0 0 1
-0.0148646 0.424008 1000 0.168084 -0.131294 9.81758 38.5446 -13 3 0 0 1
-0.0113347 -0.0481415 1000 -0.0280027 -0.0507367 11.1092 36.1026 -13 4 0 0 1
0.522154 -0.625475 1000 -0.000992023 -0.000650316 0.000697638 37.3147 11 4 1001 0 1
0.0138615 -0.272894 1000 -0.114157 -0.002532 6.80058 58.8402 -13 5 0 0 1
0.0304961 0.0884924 1000 -0.0883582 0.00792536 7.58669 68.4425 -13 6 0 0 1
0.0505269 0.0736871 1000 0.0510571 -0.0124535 12.014 43.0532 -13 7 0 0 1
-0.118699 0.0241138 1000 0.096175 -0.0281697 4.95509 83.8623 -13 8 0 0 1
-0.0440718 -0.00833048 1000 0.0173093 0.059837 13.6122 49.5994 -13 9 0 0 1
0.115528 0.119625 1000 -0.0151676 -0.0119098 13.2228 31.8748 -13 10 0 0 1
-0.0566723 0.14896 1000 0.0270904 -0.0448338 10.5887 36.2354 -13 11 0 0 1
0.120122 0.143028 1000 0.0548071 -0.160573 11.7872 34.1713 -13 12 0 0 1
-0.149634 -0.772122 1000 -0.319577 0.230992 2.64196 107.4 -13 13 0 0 1
0.0230871 0.0734247 1000 0.0283194 -0.0118573 10.247 37.47 -13 14 0 0 1
0.875556 1.3069 1000 -0.0379244 0.0089481 0.0429398 37.8693 11 14 1001 0 1
1.65372 3.69273 1000 -0.00425207 -0.0135697 0.092329 23.1213 11 14 1002 0 1
-0.242651 -0.0878647 1000 0.0785694 0.0427303 5.03727 87.4004 -13 15 0 0 1
0.340944 0.0973604 1000 0.0363206 -0.206649 8.30288 45.1952 -13 16 0 0 1
-0.0324101 -0.109677 1000 -0.0137306 0.0191821 14.5032 31.7236 -13 17 0 0 1
0.0094061 -0.0606336 1000 0.0133754 -0.0588649 13.0631 56.244 -13 18 0 0 1
0.567555 0.103582 1000 -0.0705177 -0.180786 8.19323 60.6541 -13 19 0 0 1
-1.12297 -8.1754 1000 -0.00549491 -0.0346643 0.0257589 61.545 11 19 1001 0 1
-0.0265305 0.063906 1000 0.00823099 0.0101756 14.4161 47.591 -13 21 0 0 1
-0.146554 0.222175 1000 0.00461345 0.0530138 10.4161 35.7998 -13 22 0 0 1
-0.0939529 -0.0156309 1000 -0.0339384 -0.00782444 11.7545 59.7681 -13 23 0 0 1
0.0723613 -0.0481429 1000 0.00137359 -0.0260769 8.23378 69.9834 -13 24 0 0 1
0.0164755 0.110377 1000 0.0300793 0.0626392 14.3617 39.0669 -13 25 0 0 1
0.0981015 0.148135 1000 -0.119627 0.102973 8.90931 55.4021 -13 26 0 0 1
-0.155488 -0.177151 1000 -0.0558596 0.0361131 8.40034 52.4286 -13 27 0 0 1
0.126024 -0.097127 1000 -0.0383284 -0.0410318 11.5296 58.6246 -13 28 0 0 1
0.0531882 -0.0326129 1000 -0.019331 0.0437204 6.87059 72.357 -13 29 0 0 1
-0.0929624 0.41568 1000 0.109083 0.00305257 13.5693 28.6378 -13 30 0 0 1
1.05016 -1.38976 1000 0.0242377 0.0521413 0.0346906 31.1862 11 30 1001 0 1
0.045032 0.0868057 1000 -0.0034971 0.0257889 10.3226 38.7273 -13 31 0 0 1
-0.0982487 -0.0666174 1000 -0.0019786 0.129304 8.39975 47.5435 -13 32 0 0 1
-0.285486 -1.91012 1000 -0.0102125 0.0331558 0.04524 46.4582 11 32 1001 0 1
0.267712 -0.0152538 1000 -0.124096 0.192191 2.28205 136.923 -13 33 0 0 1
0.339915 -0.329182 1000 -0.0611557 -0.0909477 13.6252 47.8241 -13 34 0 0 1
0.010096 0.260472 1000 0.0106458 -0.112149 4.83328 96.3655 -13 35 0 0 1
0.219297 -0.0284943 1000 -0.0921104 -0.0961937 8.50896 65.7633 -13 36 0 0 1
-0.354008 0.150529 1000 -0.0526964 0.0836203 10.3671 62.4766 -13 37 0 0 1
0.132932 0.0918374 1000 0.00527332 -0.0458733 11.8196 53.6799 -13 38 0 0 1
0.00573516 0.0365392 1000 -0.00411012 0.00785137 9.47157 47.8134 -13 39 0 0 1
0.319068 -0.205677 1000 -0.245888 0.89031 10.8132 53.4822 -13 40 0 0 1
-0.394117 -0.041478 1000 -0.122897 0.0347831 8.85481 43.2761 -13 41 0 0 1
-0.265351 0.180949 1000 0.122366 0.114833 9.86822 57.7014 -13 42 0 0 1
-1.46453 3.79259 1000 -0.016102 0.0309087 0.0275862 59.8561 11 42 1001 0 1
0.0297654 0.0769877 1000 0.0361314 0.0459349 14.4107 36.812 -13 43 0 0 1
-0.180655 -0.030178 1000 0.0420005 0.0565451 11.2403 50.6157 -13 44 0 0 1
-0.0706267 -0.274838 1000 -0.0669127 0.0972172 10.8369 57.5844 -13 45 0 0 1
-0.346436 0.189648 1000 0.0148964 0.094122 4.72132 75.4093 -13 46 0 0 1
0.158186 -0.0828617 1000 0.0297941 -0.0528578 11.3958 39.5179 -13 47 0 0 1
0.747679 0.312431 1000 -0.0407084 -0.213684 6.57803 63.4162 -13 48 0 0 1
-0.0326601 0.00929449 1000 -0.0363968 0.033755 13.262 33.4854 -13 49 0 0 1
0.728761 -0.414869 1000 -0.039712 -0.118106 3.91609 110.465 -13 50 0 0 1
0.1364 -0.154912 1000 0.0134641 -0.138423 8.33517 54.5858 -13 51 0 0 1
-0.271639 0.120364 1000 0.0867963 0.0220519 8.15432 44.9454 -13 53 0 0 1
-0.67015 -0.0492653 1000 0.118215 -0.103233 0.790395 148.255 -13 54 0 0 1
-0.145056 -0.155404 1000 -0.0735619 0.0920404 10.3633 53.9173 -13 55 0 0 1
-0.0463503 0.002828 1000 0.0682452 0.0556933 14.0556 34.4937 -13 56 0 0 1
-3.68098 5.84203 1000 -0.0110286 -0.0535444 0.0324321 43.316 11 56 1001 0 1
-0.0313085 1.46352 1000 0.425913 0.0842997 9.75829 63.8545 -13 57 0 0 1
-0.0775817 -0.463356 1000 -0.0670084 -0.0379465 8.19996 50.308 -13 58 0 0 1
12.1198 3.59136 1000 -0.0146191 0.0209497 0.0480083 41.3594 11 58 1001 0 1
0.0721136 -0.0535216 1000 -0.0626896 0.168462 6.91203 67.9307 -13 59 0 0 1
0.024301 0.150182 1000 0.0810719 -0.0377117 8.19123 64.8166 -13 60 0 0 1
0.0948433 -0.0285661 1000 -0.0348481 -0.0104121 13.94 41.2465 -13 61 0 0 1
-0.0449939 0.0998551 1000 0.0228728 -0.0181541 9.32562 50.9263 -13 62 0 0 1
0.0318732 0.0902619 1000 0.0390786 0.00170878 13.9976 53.861 -13 63 0 0 1
-0.0368892 -0.209738 1000 -0.080809 -0.157015 8.8289 52.8497 -13 64 0 0 1
0.0826993 -0.0526835 1000 0.0340159 -0.0246602 4.86729 74.7264 -13 65 0 0 1
0.199892 0.175561 1000 -0.00263551 -0.0644674 7.33738 61.3734 -13 66 0 0 1
-0.0937197 0.088017 1000 0.0262728 0.05641 11.5017 43.5695 -13 67 0 0 1
0.0161271 0.0108202 1000 0.0850939 -0.0898777 10.604 53.1334 -13 68 0 0 1
0.0629043 0.152596 1000 0.138955 -0.0470976 5.20847 79.4252 -13 69 0 0 1
0.0735595 0.0273494 1000 -0.0262144 0.026261 11.1352 37.2762 -13 70 0 0 1
0.201598 -0.063608 1000 -0.0283227 -0.0373233 11.6574 34.544 -13 71 0 0 1
0.0334338 -0.068244 1000 0.010989 -0.0240807 10.3316 36.0161 -13 72 0 0 1
0.476931 0.0370628 1000 0.147962 -0.134057 5.99191 79.7995 -13 73 0 0 1
-0.0809589 0.150395 1000 0.0565764 0.0126627 10.6721 48.108 -13 74 0 0 1
0.129942 0.462751 1000 0.0620714 0.0240554 7.71298 73.5691 -13 75 0 0 1
-0.0628927 -0.104643 1000 0.0247766 -0.0148571 12.4722 54.2991 -13 76 0 0 1
-0.0446538 0.00540377 1000 0.00207737 0.0218692 8.09648 69.5668 -13 77 0 0 1
0.00223259 -0.0983282 1000 0.0184174 -0.0257298 13.539 40.1007 -13 78 0 0 1
-0.0592823 -0.0233732 1000 0.0509556 -0.035957 12.646 53.3136 -13 79 0 0 1
0.151834 0.0182001 1000 0.0220653 -0.064385 10.2652 62.5964 -13 80 0 0 1
0.104813 0.202283 1000 0.119126 -0.0223641 8.6269 64.1267 -13 81 0 0 1
-0.120139 -0.400627 1000 -0.0837447 0.0494884 13.1913 50.3349 -13 82 0 0 1
0.122461 0.0403395 1000 -0.0230344 -0.076245 9.83373 55.1147 -13 83 0 0 1
0.272187 -0.0128257 1000 -0.0209854 0.107466 6.18633 69.7397 -13 84 0 0 1
-0.0282736 0.10299 1000 0.0246119 0.0578475 13.5892 30.2844 -13 85 0 0 1
-0.0519769 -0.250245 1000 -0.033953 0.0647079 7.89368 57.8045 -13 86 0 0 1
0.0705604 -0.130348 1000 -0.0455007 0.105911 8.42422 50.3909 -13 88 0 0 1
0.424142 -0.241378 1000 -0.111748 -0.0664051 9.92448 46.7517 -13 89 0 0 1
0.114143 0.188942 1000 -0.0258158 0.0521674 6.62038 61.9023 -13 90 0 0 1
-0.196845 -0.215533 1000 -0.0075668 -0.0293981 7.06356 77.1501 -13 91 0 0 1
0.168322 0.437653 1000 0.112322 -0.076832 6.57295 81.0576 -13 92 0 0 1
0.509423 0.691291 1000 0.229031 0.0657972 7.62803 72.1876 -13 93 0 0 1
0.0212317 -0.326951 1000 -0.017425 -0.030889 5.40835 70.9143 -13 94 0 0 1
0.155676 0.0767785 1000 0.0111433 -0.0490582 10.7356 45.0445 -13 95 0 0 1
0.0547848 -0.0848157 1000 -0.0286251 0.0286574 12.7866 43.0424 -13 97 0 0 1
1.53993 1.22679 1000 -0.0344283 -0.0154941 0.075282 43.3577 11 97 1001 0 1
-0.507233 1.06264 1000 0.318116 -0.289049 9.40135 45.7961 -13 98 0 0 1
5.20475 0.302804 1000 -0.021812 -0.021893 0.078053 32.4794 11 98 1001 0 1
-0.0557208 -0.0384375 1000 -0.02419 0.037256 14.0041 30.933 -13 99 0 0 1
-0.024398 0.126199 1000 0.141304 -0.00423763 12.2995 30.1263 -13 100 0 0 1
-0.397174 -0.0128427 1000 -0.0587359 -0.110402 4.39201 91.3262 -13 101 0 0 1
-0.409266 -0.26504 1000 -0.168194 0.0630252 9.8927 59.2166 -13 103 0 0 1
-0.0300798 -0.180219 1000 -0.0389119 0.000614209 9.57355 50.1964 -13 104 0 0 1
0.100179 0.0377762 1000 -0.0529968 -0.0159666 8.76177 47.2618 -13 105 0 0 1
-0.381887 -0.0300635 1000 -0.0105541 0.108467 10.2847 62.7622 -13 106 0 0 1
0.10375 -0.0243351 1000 -0.0143101 -0.0547524 13.7366 43.9265 -13 107 0 0 1
0.309908 0.0704529 1000 0.0350351 -0.0224996 7.22775 61.4027 -13 108 0 0 1
-0.00672906 0.146698 1000 -0.0242824 0.0553396 13.5611 27.2161 -13 109 0 0 1
0.269818 0.212057 1000 -0.124846 -0.18824 5.30612 67.8508 -13 110 0 0 1
-0.060144 0.0255226 1000 0.00512715 0.0254803 9.80924 40.1366 -13 111 0 0 1
-0.153074 0.0143796 1000 0.124025 0.127094 7.61281 50.4406 -13 112 0 0 1
-0.0551208 -0.0498973 1000 -0.00454462 0.00863918 11.929 40.288 -13 113 0 0 1
0.264643 -0.208887 1000 -0.175498 -0.0404748 7.97715 50.9969 -13 114 0 0 1
-0.12012 0.0444949 1000 -0.367222 -0.137093 13.2064 46.8171 -13 115 0 0 1
0.0478433 -0.141535 1000 -0.0616535 -0.0162247 10.2587 63.9784 -13 116 0 0 1
-0.10637 -0.0847569 1000 0.0722086 0.0201441 11.5341 36.1288 -13 117 0 0 1
-0.372446 -0.338818 1000 -0.237749 -0.00623345 5.66755 66.0331 -13 118 0 0 1
-0.0120805 0.00327832 1000 -0.0362567 0.0642401 10.9402 52.372 -13 119 0 0 1
0.376236 -0.641696 1000 -0.0422397 -0.0442008 7.41759 61.4852 -13 120 0 0 1
-0.318815 0.0351884 1000 -0.0776334 0.145479 7.89739 72.7404 -13 121 0 0 1
0.0309879 -0.0870877 1000 0.00698522 0.0837362 8.94469 46.1733 -13 122 0 0 1
-0.39342 0.0984251 1000 0.0787587 0.0395336 4.72936 93.4739 -13 123 0 0 1
0.0529184 4.38525 1000 0.00439903 0.000612759 0.0345053 89.0197 11 123 1001 0 1
-0.0507359 -0.0964425 1000 -0.0575475 -0.00934613 12.9829 42.9632 -13 124 0 0 1
-0.210343 -0.10306 1000 -0.0606738 0.0786666 11.4423 57.8157 -13 125 0 0 1
-0.540869 -0.673585 1000 -0.148025 0.171716 11.7059 55.6693 -13 126 0 0 1
0.0744358 -0.187266 1000 -0.0212441 -0.0336962 9.57503 43.0628 -13 127 0 0 1
0.249423 -0.0127592 1000 -0.0520068 -0.116376 13.4899 36.3269 -13 128 0 0 1
0.0507947 0.0370988 1000 -0.0652086 -0.00686616 13.4796 39.4094 -13 129 0 0 1
0.078131 -0.0781394 1000 0.0258926 -0.0778647 10.4349 56.5099 -13 130 0 0 1
0.168038 -0.147749 1000 0.0581924 -0.0570848 9.09856 47.2832 -13 131 0 0 1
-0.011923 -0.0509506 1000 0.169123 -0.20125 13.2338 49.6066 -13 132 0 0 1
-0.0190691 0.161552 1000 0.0824049 0.0308287 14.4933 43.814 -13 133 0 0 1
0.220687 -0.378686 1000 -0.131509 -0.0994656 7.19804 67.8663 -13 134 0 0 1
0.0440909 -0.00177975 1000 -0.0285111 -0.00507031 13.338 31.2901 -13 135 0 0 1
-0.050109 -0.054824 1000 -0.0260306 0.0289138 12.9671 39.6178 -13 136 0 0 1
-0.243768 0.152683 1000 0.0489663 -0.0259084 7.14656 53.4621 -13 137 0 0 1
0.593083 -0.35624 1000 0.0598276 -0.245496 4.24107 83.576 -13 138 0 0 1
-0.223175 0.0551326 1000 0.0422302 0.0402451 11.4648 50.9436 -13 139 0 0 1
0.0938172 -0.0489642 1000 -0.0222851 -0.0789975 14.1264 50.5953 -13 140 0 0 1
-0.0636993 0.063142 1000 -0.007753 0.0146789 13.8086 27.2234 -13 141 0 0 1
-0.134479 -0.0290419 1000 -0.0276826 0.0745305 13.7264 37.9137 -13 142 0 0 1
-0.0848879 -0.0483492 1000 0.0832308 -0.000186238 11.0167 38.1293 -13 143 0 0 1
-0.0407914 -0.0457667 1000 -0.0157296 0.0191413 14.3831 45.7153 -13 144 0 0 1
-0.0634166 0.22139 1000 0.0100638 -0.0232003 9.82109 61.6033 -13 145 0 0 1
0.287663 0.0881048 1000 0.0238711 -0.0278498 9.19293 49.3927 -13 146 0 0 1
-0.0664713 -0.0858835 1000 -0.041205 0.0230924 11.2187 47.2132 -13 147 0 0 1
-0.00327929 0.0464779 1000 -0.00137692 -0.00712715 7.30796 61.5948 -13 148 0 0 1
0.060334 -0.0633335 1000 0.0438212 0.0151775 6.91779 59.4088 -13 149 0 0 1
-0.0522223 -0.164833 1000 -0.0619145 0.0220126 13.8383 46.6185 -13 150 0 0 1
-0.538197 -0.229156 1000 -0.047923 0.0778645 7.98669 47.6429 -13 151 0 0 1
-0.0780728 -0.0191665 1000 -0.0147605 0.0312141 14.1234 49.7805 -13 152 0 0 1
0.0910583 0.0991369 1000 0.104329 0.0251629 13.6603 50.0324 -13 153 0 0 1
-0.0630178 -0.30905 1000 -0.0377 -0.0136988 9.42722 55.0453 -13 154 0 0 1
-0.128197 -0.372408 1000 -0.148426 0.0612989 9.91648 61.2236 -13 155 0 0 1
-0.029618 -0.0388376 1000 -0.0354383 0.0522222 11.9608 46.7422 -13 156 0 0 1
-0.0279329 0.0757918 1000 0.0682544 0.0782887 13.2208 36.4398 -13 157 0 0 1
0.629158 -0.326489 1000 -0.140258 0.13935 8.34797 52.6736 -13 158 0 0 1
-0.0536385 -0.0244566 1000 -0.00557551 0.0301085 14.3267 48.1199 -13 159 0 0 1
-0.197427 0.319873 1000 0.0619989 -0.0389873 7.43374 56.2803 -13 160 0 0 1
-0.17236 0.107341 1000 0.06091 0.0975898 14.0973 32.5526 -13 161 0 0 1
0.0607633 0.132223 1000 0.0809819 -0.00882399 9.69499 52.0486 -13 162 0 0 1
0.0487042 -0.0433098 1000 0.0496358 0.0254367 9.71454 39.7553 -13 163 0 0 1
-0.107406 0.125757 1000 0.0374376 0.0365845 14.2137 45.5443 -13 164 0 0 1
-0.0232393 0.0894063 1000 0.02086 -0.134889 12.3243 53.8228 -13 165 0 0 1
-0.0159416 0.179214 1000 0.125262 0.0317481 11.0001 61.239 -13 166 0 0 1
-0.0169935 0.223678 1000 0.000381023 -0.0627258 9.7916 41.307 -13 167 0 0 1
0.223159 0.135314 1000 0.0340871 -0.0764999 11.412 32.4067 -13 168 0 0 1
0.113747 -0.14271 1000 -0.059802 -0.0469691 13.0519 53.9748 -13 169 0 0 1
0.0967728 -0.05606 1000 -0.0198311 -0.101591 8.88675 58.9821 -13 170 0 0 1
0.0557835 0.105712 1000 0.00045431 -0.000115886 14.5026 46.928 -13 171 0 0 1
-0.104204 0.0157241 1000 0.0983385 -0.0302233 11.833 44.9855 -13 172 0 0 1
-0.0335279 0.125213 1000 0.0361121 -0.0095437 13.0355 28.7959 -13 173 0 0 1
-0.0475762 -0.168705 1000 -0.0327482 -0.0199408 9.64865 60.4253 -13 174 0 0 1
0.0866863 -1.74962 1000 0.00236484 -0.0314469 0.0698724 58.6843 11 174 1001 0 1
-0.0734948 -0.0407745 1000 -0.00105536 -0.00163926 10.6509 36.1974 -13 175 0 0 1
0.289033 0.0788878 1000 0.245499 -0.0764682 10.7582 47.609 -13 176 0 0 1
0.420575 -0.973892 1000 -0.0487547 -0.17596 2.65404 114.623 -13 177 0 0 1
-0.643393 0.0795758 1000 -0.185609 0.183567 5.4619 75.1374 -13 178 0 0 1
0.0251828 0.308535 1000 0.10374 0.288003 5.2487 80.8774 -13 179 0 0 1
-1.08278 0.14998 1000 -0.0662593 0.270095 7.04997 73.4907 -13 180 0 0 1
-0.0782449 -0.189907 1000 -0.0199103 -0.0955067 8.73299 67.2225 -13 181 0 0 1
-0.0160038 -0.0488349 1000 -0.00805964 0.0594996 9.2317 56.14 -13 182 0 0 1
0.228899 -0.0926465 1000 -0.0221978 -0.0740173 14.0178 31.1502 -13 183 0 0 1
-0.136882 -0.263898 1000 -0.0882504 0.0445062 12.2421 34.0615 -13 184 0 0 1
-0.23179 -0.248128 1000 0.0131968 0.159531 11.488 47.0976 -13 185 0 0 1
-0.103115 -0.0374405 1000 0.0337137 -0.0376884 11.8577 59.4317 -13 186 0 0 1
0.536583 0.239813 1000 0.0954377 -0.126564 4.4841 78.8457 -13 187 0 0 1
-0.057663 0.472409 1000 0.0974892 -0.00830308 8.51942 58.2571 -13 188 0 0 1
-1.70915 -4.13225 1000 -0.00749863 -0.040865 0.0336629 58.0415 11 188 1001 0 1
-0.137243 -0.0590682 1000 0.0288865 0.0618565 5.63428 62.283 -13 189 0 0 1
0.0791264 0.115797 1000 0.0399888 -0.0443358 8.36064 48.1639 -13 190 0 0 1
-0.738197 0.859808 1000 0.226344 0.0558806 12.1375 35.4634 -13 191 0 0 1
3.15159 0.209018 1000 -0.000102551 0.0592337 0.00929893 46.4287 11 191 1003 0 1
-0.0391103 0.0375512 1000 -0.0476027 0.020727 12.0589 35.5253 -13 192 0 0 1
0.183548 0.10418 1000 0.000948268 -0.040953 10.2976 41.7302 -13 194 0 0 1
-0.116427 -0.05189 1000 -0.0790255 0.0973186 10.8295 54.9761 -13 195 0 0 1
0.0131969 0.191636 1000 0.0759811 -0.015736 11.6696 60.1202 -13 196 0 0 1
-0.0271285 0.11548 1000 0.0242188 -0.0491675 12.2856 33.7711 -13 198 0 0 1
-0.03877 0.0707825 1000 0.0302387 -0.00563166 12.9148 42.1991 -13 199 0 0 1
-0.0952547 -0.0449411 1000 0.0101794 0.0151005 11.5828 52.7171 -13 201 0 0 1
0.182471 -0.27107 1000 -0.119659 -0.0623528 11.9966 50.8413 -13 202 0 0 1
-0.174192 0.0968445 1000 0.0307474 0.000193665 14.4505 45.7272 -13 203 0 0 1
-0.0193527 0.536499 1000 0.0601839 -0.00449373 5.21602 74.1491 -13 204 0 0 1
-2.59041 4.12441 1000 -0.00171942 -0.0163725 0.03877 73.1896 11 204 1001 0 1
0.0705063 0.0955214 1000 -0.0193553 -0.0389367 7.0957 60.907 -13 205 0 0 1
-0.216637 0.10133 1000 0.0103019 0.0385245 9.14754 66.7342 -13 207 0 0 1
-0.0754391 -0.0593798 1000 -0.0233518 0.0215347 13.7048 39.2195 -13 209 0 0 1
0.34071 -1.01812 1000 0.3995 -0.150031 1.58698 149.957 -13 210 0 0 1
-0.446435 0.0716249 1000 -0.0833118 0.14994 6.42443 69.5389 -13 211 0 0 1
-0.30967 0.0839478 1000 0.249141 0.135137 13.9311 27.2434 -13 212 0 0 1
0.257475 -0.141526 1000 -0.0400657 -0.129754 8.84747 68.8821 -13 213 0 0 1
-1.87687 -2.66042 1000 0.0337438 0.0315201 0.0465459 67.1727 11 213 1001 0 1
0.104169 0.107123 1000 0.0670431 -0.0505325 9.76605 54.7622 -13 214 0 0 1
0.246881 0.144304 1000 -0.0331485 0.0561413 3.70572 101.888 -13 215 0 0 1
0.0426856 -0.0437839 1000 0.0261151 0.0389663 9.85823 48.4148 -13 216 0 0 1
-0.26842 0.369615 1000 0.155548 0.0431057 9.41924 50.8921 -13 217 0 0 1
0.181505 -0.0774064 1000 -0.137412 -0.0654067 4.95075 83.9702 -13 218 0 0 1
0.107789 -0.121524 1000 -0.0312985 -0.0218344 9.70295 47.0129 -13 219 0 0 1
0.065602 -0.133966 1000 -0.0570578 -0.0511219 13.3177 38.8149 -13 220 0 0 1
-0.20983 -0.557333 1000 0.100276 -0.0481788 2.81905 111.841 -13 221 0 0 1
0.0675488 0.0343071 1000 -0.0118771 -0.119851 8.89482 47.0492 -13 222 0 0 1
-0.246829 0.0189576 1000 0.0764552 -0.00649477 8.59692 44.7354 -13 223 0 0 1
0.361874 -0.0665503 1000 -0.0795359 0.00720001 5.91951 87.3638 -13 224 0 0 1
-0.00287741 -0.0328377 1000 -0.0145202 -0.0302574 12.3222 50.0046 -13 225 0 0 1
0.119327 -0.020961 1000 -0.0247554 -0.0557632 10.046 54.5012 -13 226 0 0 1
-0.0335879 0.19626 1000 0.10631 0.0854795 12.5369 48.2218 -13 227 0 0 1
-0.0567089 0.153007 1000 0.0105043 -0.059707 0.0589694 48.228 11 227 1001 0 1
0.0051764 0.188506 1000 -0.0101563 0.0892983 13.4896 39.9754 -13 228 0 0 1
0.0627673 0.0657554 1000 0.024486 -0.0459723 13.4286 37.5901 -13 229 0 0 1
-0.0316862 0.368889 1000 0.0747904 -0.131783 11.9303 31.4922 -13 230 0 0 1
0.25197 -0.283565 1000 0.0398272 -0.119319 8.96501 65.8777 -13 231 0 0 1
-0.425118 -0.289124 1000 -0.0443929 0.0148191 6.18667 75.6345 -13 232 0 0 1
-0.392094 -0.178432 1000 -0.0342668 0.117143 10.9426 60.6205 -13 233 0 0 1
0.25959 -1.51701 1000 -0.457156 -0.183042 12.4664 31.7852 -13 234 0 0 1
0.345115 0.0544178 1000 -0.0377824 -0.0317423 6.12029 79.8748 -13 235 0 0 1
2.82176 1.99657 1000 0.0224915 0.0102256 0.0469514 77.4439 11 235 1001 0 1
-0.321098 -0.122151 1000 -0.0176441 0.132837 4.0702 99.7937 -13 236 0 0 1
0.155776 -0.164906 1000 -0.0490018 0.00157598 8.31737 57.7367 -13 237 0 0 1
0.169239 -0.288376 1000 -0.0934735 -0.0758398 9.33325 42.8809 -13 238 0 0 1
-2.54051 1.04214 1000 0.00932535 -0.045077 0.0363003 43.6305 11 238 1001 0 1
0.0229734 -0.0476301 1000 -0.0282858 -0.0552749 12.7449 39.8572 -13 239 0 0 1
-0.10324 -0.000241268 1000 -0.0116037 -0.0349359 12.7387 33.5696 -13 240 0 0 1
-0.0971972 0.0171858 1000 -0.0852388 0.00870869 12.782 30.2999 -13 241 0 0 1
0.697997 -0.0764187 1000 0.0907464 -0.257422 10.8965 49.1507 -13 242 0 0 1
0.0137554 -0.185613 1000 -0.0843291 -0.0930608 13.7846 53.9595 -13 243 0 0 1
0.0543736 0.250214 1000 0.0156604 -0.0253717 8.59778 64.7564 -13 244 0 0 1
0.558278 0.469065 1000 0.12407 -0.180074 12.8972 40.2235 -13 245 0 0 1
0.0796747 0.155062 1000 0.0104587 0.0389106 7.98309 53.1288 -13 246 0 0 1
-1.57126 2.04379 1000 -0.0310541 0.0325486 0.0306412 53.3146 11 246 1001 0 1
-0.0945276 0.106811 1000 0.0300734 0.00440701 11.6173 41.3079 -13 247 0 0 1
0.0486173 0.0624927 1000 0.0856948 -0.072335 11.8117 57.8071 -13 248 0 0 1
0.0318364 -0.0191795 1000 0.00433409 0.00123699 12.3227 39.8784 -13 249 0 0 1
-0.200556 -0.185516 1000 -0.0619838 0.152115 10.2553 54.1191 -13 250 0 0 1
-0.310183 -0.36725 1000 -0.041016 0.129131 8.23724 69.1304 -13 251 0 0 1
0.171575 0.0220449 1000 0.00494582 -0.0268219 12.962 35.3081 -13 252 0 0 1
0.249255 -0.28008 1000 -0.0786334 -0.0187162 11.8762 51.3531 -13 253 0 0 1
0.317615 -0.271143 1000 -0.0136304 -0.0190891 8.25633 47.4753 -13 254 0 0 1
-0.0764092 -0.0149525 1000 -0.0198264 0.018424 12.0417 37.4156 -13 255 0 0 1
0.0999675 -0.0658052 1000 -0.106145 -0.058229 12.189 30.1214 -13 256 0 0 1
5.97596 -2.39204 1000 -0.0110687 -0.0540174 0.0202027 36.2674 11 256 1001 0 1
0.0654603 0.0885054 1000 -0.00409258 0.0358764 11.2674 42.9417 -13 257 0 0 1
-0.00797357 -0.0401825 1000 -0.0657099 0.0690612 11.7115 47.3404 -13 258 0 0 1
0.161812 0.00787524 1000 0.0122149 -0.0332873 14.4368 30.3605 -13 259 0 0 1
-0.0387696 0.0717558 1000 0.0120083 -0.0250086 14.2052 49.0895 -13 260 0 0 1
0.211625 -0.229722 1000 -0.114476 -0.0554496 13.833 41.0686 -13 261 0 0 1
-0.251076 -0.298133 1000 -0.152069 0.0586288 12.9308 47.0224 -13 262 0 0 1
-0.0219996 0.028728 1000 0.047618 0.0275358 10.511 41.5916 -13 263 0 0 1
0.484111 0.54031 1000 -0.220115 0.202078 2.73067 128.983 -13 264 0 0 1
-0.0738396 -0.0663434 1000 -0.0747546 0.026501 12.7849 51.7772 -13 265 0 0 1
0.1374 0.10818 1000 -0.0493716 0.0130111 11.2992 56.1876 -13 266 0 0 1
0.0646732 -0.0437268 1000 -0.00754418 -0.0290191 14.0385 48.1298 -13 267 0 0 1
-0.0468203 0.0523632 1000 0.0178048 -0.0537722 12.2072 34.9113 -13 268 0 0 1
0.994942 0.72636 1000 0.0127503 0.0452007 0.0131845 40.4167 11 268 1001 0 1
0.200509 0.316879 1000 0.0284739 -0.10468 11.8898 42.0188 -13 269 0 0 1
-0.784423 -1.39009 1000 0.0814379 -0.266725 2.23708 143.091 -13 270 0 0 1
-0.226864 -0.318134 1000 -0.0984313 0.111176 7.18881 76.3973 -13 271 0 0 1
0.0691481 0.105138 1000 0.0389375 -0.0292684 14.4469 34.8707 -13 272 0 0 1
0.0375814 -0.129563 1000 -0.119353 0.0577259 7.99393 54.5825 -13 273 0 0 1
-0.164267 -0.287531 1000 -0.107106 0.0961479 12.597 55.523 -13 274 0 0 1
0.282605 0.0815329 1000 0.139882 -0.0603036 8.67407 60.4617 -13 275 0 0 1
0.284956 -0.16249 1000 0.0304053 -0.111149 11.4977 36.8656 -13 276 0 0 1
-0.0317745 -0.125985 1000 -0.0684815 0.000378949 9.55173 62.2896 -13 277 0 0 1
-0.388329 -3.72113 1000 0.0173782 0.0267172 0.0322394 63.3446 11 277 1001 0 1
-0.00826267 0.0407639 1000 0.032214 0.0244028 13.7396 38.9325 -13 278 0 0 1
0.103381 -0.120077 1000 -0.0485019 0.0091378 13.3158 47.603 -13 279 0 0 1
-0.0146919 0.423743 1000 0.158465 0.0538238 6.15663 62.9464 -13 280 0 0 1
0.090525 -0.148864 1000 -0.00468963 -0.0516598 8.07736 63.7897 -13 281 0 0 1
-0.0173767 -0.0884648 1000 -0.0196829 0.02245 9.47882 60.8924 -13 282 0 0 1
0.0146487 0.0439203 1000 -0.000736641 0.0134675 10.6672 40.7358 -13 283 0 0 1
0.14139 -0.127649 1000 -0.0218497 -0.131412 7.08409 63.1094 -13 284 0 0 1
-0.216561 -0.013913 1000 -0.0766072 0.136154 1.64894 154.425 -13 285 0 0 1
0.00142362 -0.013888 1000 -0.0690243 0.0763914 6.66038 78.6766 -13 286 0 0 1
0.101185 0.305579 1000 0.0666161 -0.0118302 10.8339 61.155 -13 287 0 0 1
0.079148 0.0235806 1000 -0.00811203 -0.00716771 11.9413 55.5147 -13 288 0 0 1
0.210579 -0.138336 1000 -0.0455013 -0.0805454 9.35616 55.4715 -13 289 0 0 1
1.94777 -1.7494 1000 -0.0270718 -0.0231088 0.0573499 52.016 11 289 1001 0 1
0.262797 -0.287916 1000 0.0426183 -0.0717462 9.0056 48.1103 -13 290 0 0 1
0.334507 -0.0628328 1000 -0.0150021 -0.013032 6.80803 70.3664 -13 291 0 0 1
-0.0334072 0.122865 1000 0.0728529 0.0219844 13.2567 30.4002 -13 292 0 0 1
-0.101238 -0.174053 1000 -0.0787059 0.0610926 7.31683 77.2916 -13 293 0 0 1
0.0839424 -0.0661301 1000 -0.0399054 -0.0194729 13.8073 55.6215 -13 294 0 0 1
0.0642771 -0.358474 1000 -0.151807 -0.00514218 7.13507 72.3037 -13 295 0 0 1
0.263738 -0.208436 1000 -0.0589219 -0.0129802 5.88795 74.2923 -13 296 0 0 1
0.0308213 0.172781 1000 0.0873259 -0.137476 11.9582 34.7785 -13 297 0 0 1
0.0950673 0.140239 1000 -0.0174503 -0.031122 12.1475 42.273 -13 299 0 0 1
0.202406 0.488926 1000 0.230823 0.0233335 2.21464 143.13 -13 300 0 0 1
0.0156522 -0.206887 1000 -0.0246074 0.037211 8.16815 69.9211 -13 301 0 0 1
-0.443481 -0.0577856 1000 -0.0695954 0.187257 7.44104 63.3542 -13 302 0 0 1
0.0411564 -0.136861 1000 -0.0860251 -0.0126993 11.6438 43.8332 -13 303 0 0 1
0.12292 -0.350456 1000 -0.0946682 0.054846 7.59144 63.6371 -13 304 0 0 1
-0.0383238 -0.0327933 1000 0.0173193 -0.0476047 11.0641 42.536 -13 305 0 0 1
0.0334811 0.198949 1000 0.102005 -0.00758388 9.66885 52.3214 -13 306 0 0 1
0.67183 -0.874094 1000 -0.20534 -0.153449 4.02673 92.9232 -13 307 0 0 1
0.060327 0.0776998 1000 0.0564628 -0.0154136 12.3537 35.6105 -13 308 0 0 1
-0.37479 -0.183539 1000 -0.128704 0.0772194 9.51046 57.6322 -13 309 0 0 1
-0.0712587 -0.164554 1000 -0.0549994 0.114343 5.53294 72.1942 -13 310 0 0 1
-0.146342 -0.115359 1000 -0.102535 0.0284485 13.9647 42.9838 -13 311 0 0 1
0.026969 -0.0397215 1000 0.00246423 -0.038547 12.1226 36.6133 -13 312 0 0 1
-0.0872605 0.244933 1000 0.00363982 0.0340673 0.00887744 37.7438 11 312 1001 0 1
-0.150126 0.0918393 1000 -0.00551852 0.0539763 13.0285 29.5022 -13 313 0 0 1
0.0365791 -0.0495213 1000 -0.0919547 -0.0738145 13.7653 27.797 -13 314 0 0 1
0.0596342 0.0112379 1000 0.000879217 -0.0599124 11.5941 34.7923 -13 315 0 0 1
-0.172923 0.190278 1000 -0.0164741 -0.00910075 9.05902 45.9162 -13 316 0 0 1
-0.318305 0.104694 1000 0.0399149 0.142505 5.95913 64.0417 -13 318 0 0 1
-2.358 -4.00967 1000 0.0240603 -0.0344784 0.0135165 66.0484 11 318 1001 0 1
-0.11808 -0.164631 1000 -0.0219224 0.0369675 13.796 31.9395 -13 320 0 0 1
0.0167388 0.112471 1000 0.0646495 -0.00819282 9.96726 41.4848 -13 321 0 0 1
0.115357 0.0591912 1000 -0.00808927 -0.0197331 12.7335 34.0377 -13 322 0 0 1
0.153736 -0.157658 1000 0.0880934 -0.0368632 5.95443 65.8929 -13 323 0 0 1
0.0923986 -0.193432 1000 0.0346617 0.00248047 11.426 58.2328 -13 325 0 0 1
-0.0418538 -0.00291173 1000 0.0170398 -0.0341711 10.6784 53.9098 -13 326 0 0 1
-0.111366 -0.0200365 1000 0.0158493 0.04225 12.4351 42.019 -13 327 0 0 1
0.403587 -0.274993 1000 0.0602051 -0.0989898 3.73606 106.601 -13 328 0 0 1
-0.217458 -0.159911 1000 -0.003349 0.0850264 11.967 52.2797 -13 329 0 0 1
-0.446634 0.230393 1000 -0.0178032 0.143864 8.86294 48.2249 -13 330 0 0 1
-0.0444485 -0.0979919 1000 -0.0363689 0.00694454 5.37155 65.0451 -13 331 0 0 1
0.506321 0.965487 1000 0.00288278 0.0278193 4.58288 79.2235 -13 332 0 0 1
-0.155472 0.124435 1000 0.00924056 0.0763952 9.78767 47.7035 -13 333 0 0 1
0.144987 0.235894 1000 0.110497 -0.0632485 12.8433 30.6857 -13 334 0 0 1
0.288139 0.194947 1000 0.0223156 -0.0762652 14.2364 46.5323 -13 335 0 0 1
-0.00335949 -0.36164 1000 0.0159729 0.00582661 5.53469 76.2873 -13 336 0 0 1
-0.0316334 0.00196081 1000 0.00338862 0.0216247 13.7232 44.6985 -13 337 0 0 1
0.198683 -0.0411423 1000 -0.119671 -0.0527481 9.57958 61.7011 -13 338 0 0 1
-2.72215 3.49732 1000 -0.0229794 -0.0221654 0.0219627 64.6068 11 338 1001 0 1
0.360093 -0.163128 1000 -0.152792 -0.143995 9.28347 67.125 -13 339 0 0 1
0.0288331 -0.0716361 1000 0.00688168 -0.000728002 12.447 56.5007 -13 341 0 0 1
0.0609884 -0.182843 1000 -0.0793558 -0.00239693 13.2254 33.6396 -13 344 0 0 1
0.0980758 -0.841852 1000 -0.206751 -0.072601 9.61386 37.8202 -13 345 0 0 1
-0.0325657 -0.00895115 1000 0.0287239 0.0308939 13.4458 41.9822 -13 346 0 0 1
-0.00509578 0.0113473 1000 -0.0164984 -0.00298744 12.0888 44.3908 -13 347 0 0 1
0.0710949 0.0676572 1000 0.0582846 -0.070568 13.7723 52.5949 -13 348 0 0 1
-0.236967 -0.354282 1000 -0.156976 0.110496 7.01615 64.4433 -13 349 0 0 1
-0.231088 -0.248788 1000 -0.11445 -0.025712 7.67412 69.3011 -13 350 0 0 1
2.37945 -1.16477 1000 -0.964912 0.112126 4.00567 90.0889 -13 351 0 0 1
-0.951151 -0.556991 1000 -0.198239 0.158879 3.64171 97.574 -13 352 0 0 1
0.0561269 0.316069 1000 0.170205 -0.0139418 10.8225 60.3899 -13 354 0 0 1
-1.75604 -1.29984 1000 0.0561259 -0.0804063 1.75713 140.409 -13 355 0 0 1
-0.228722 -0.333427 1000 -0.123151 0.131673 9.72025 64.5402 -13 356 0 0 1
-0.0587753 0.339009 1000 -0.0761168 0.0424237 10.5927 61.0627 -13 357 0 0 1
0.101618 0.276983 1000 0.100371 -0.0356113 10.8719 50.4484 -13 358 0 0 1
0.0604191 -0.00267627 1000 0.00273743 0.00288892 11.772 36.7469 -13 359 0 0 1
0.00642106 0.0706245 1000 0.0297984 0.000958367 13.4934 48.3097 -13 360 0 0 1
1.04956 -0.0599214 1000 0.522786 -0.0560169 3.15922 101.481 -13 361 0 0 1
-0.0124593 0.0100669 1000 0.0394928 -0.0165119 8.70597 41.8238 -13 362 0 0 1
-0.00239975 -0.308085 1000 -0.0810944 0.000485482 12.1461 58.0158 -13 363 0 0 1
-0.106016 -0.142951 1000 -0.0596329 0.00180176 14.4422 29.8322 -13 364 0 0 1
0.0762085 0.0115175 1000 -0.0231436 0.0143634 11.8364 35.1644 -13 365 0 0 1
-0.0897694 -0.309768 1000 -0.0217901 0.0167677 7.8441 46.2323 -13 366 0 0 1
0.181963 -0.112134 1000 -0.127487 -0.137478 11.6947 55.3355 -13 367 0 0 1
0.235655 -0.526665 1000 -0.123842 -0.173143 5.88419 78.5228 -13 368 0 0 1
-0.222464 0.0759361 1000 0.06708 0.0472915 6.31711 59.0968 -13 370 0 0 1
0.029576 -0.0478706 1000 -0.170177 -0.0857925 14.5145 42.6642 -13 371 0 0 1
-0.157834 -0.244993 1000 -0.0609265 0.0600535 14.1932 34.6262 -13 373 0 0 1
-0.162773 0.380245 1000 0.160321 -0.133857 4.75147 77.4844 -13 374 0 0 1
0.00803889 0.0447141 1000 0.00822651 0.00701502 13.3596 48.9727 -13 375 0 0 1
1.53408 0.531462 1000 0.128312 -0.305173 6.527 66.7079 -13 376 0 0 1
-0.0397322 -0.0856942 1000 -0.00109705 0.0226593 10.4919 44.2455 -13 377 0 0 1
0.0316167 -0.100798 1000 0.0524141 -0.1032 7.3263 51.2393 -13 379 0 0 1
0.0215167 -0.0710397 1000 -0.129257 -0.0178485 10.6925 38.8308 -13 380 0 0 1
-0.157884 -0.120632 1000 -0.0800729 0.0441679 7.7599 58.354 -13 381 0 0 1
0.0395883 -0.152617 1000 -0.0649672 -0.0190322 13.3896 39.5285 -13 382 0 0 1
-0.178619 -0.143038 1000 -0.0515162 0.124143 14.0918 40.1595 -13 384 0 0 1
-0.0780442 0.0250341 1000 0.0260196 0.0145191 14.45 34.2538 -13 386 0 0 1
-0.0317715 -0.0956294 1000 -0.0305955 -0.0187604 14.4233 42.9473 -13 387 0 0 1
0.17676 0.10826 1000 0.0364253 -0.0318149 9.31287 61.9892 -13 388 0 0 1
-0.0027566 0.19607 1000 0.0638471 0.046814 13.4326 45.4889 -13 389 0 0 1
-6.12002 4.21689 1000 -0.0306258 0.0135694 0.0434956 50.5997 11 389 1001 0 1
-0.30967 -0.153246 1000 -0.120174 0.0925453 10.2946 44.0653 -13 390 0 0 1
-0.228184 -0.0241495 1000 0.0521264 0.130827 8.62004 69.4586 -13 391 0 0 1
0.117813 -0.334211 1000 -0.0184818 -0.212177 8.07429 71.2661 -13 392 0 0 1
-0.100993 0.0421863 1000 0.00416543 0.00721084 3.47419 94.4508 -13 393 0 0 1
0.643009 1.44814 1000 -0.0453919 -0.47087 3.26203 103.445 -13 394 0 0 1
0.285355 -0.591022 1000 -0.0970819 -0.089189 14.0743 34.6373 -13 395 0 0 1
-0.192296 -0.0712429 1000 0.00246332 0.016232 6.99343 66.5758 -13 396 0 0 1
0.0993912 -0.0913646 1000 0.00928556 0.0139526 14.4938 32.4428 -13 397 0 0 1
1.32533 -0.483736 1000 0.341781 -0.242728 13.2865 34.5611 -13 398 0 0 1
-0.0306063 0.296471 1000 0.115353 0.0248448 12.6066 32.0584 -13 399 0 0 1
-0.0482508 0.12978 1000 0.0811648 -0.0433205 11.6252 42.384 -13 400 0 0 1
0.00702983 0.136322 1000 -0.0158022 -0.0356964 11.1543 45.4867 -13 401 0 0 1
0.23061 0.390476 1000 0.0474728 -0.0173877 7.26363 50.4193 -13 402 0 0 1
0.402217 0.707701 1000 0.114115 -0.136109 5.59839 82.2221 -13 403 0 0 1
0.0622801 0.0804316 1000 0.0307837 0.0385557 14.3865 33.6412 -13 404 0 0 1
0.4569 -0.207572 1000 -0.0227362 -0.254301 12.7629 45.4165 -13 405 0 0 1
7.26036 -0.161336 1000 -0.0355397 0.0303742 0.0784988 42.9648 11 405 1001 0 1
0.008017 -0.191233 1000 0.00709568 -0.0565768 7.05709 65.3156 -13 406 0 0 1
0.00566539 -0.161338 1000 -0.0579817 0.14391 4.462 98.9344 -13 407 0 0 1
-0.124811 0.205608 1000 0.00649137 -0.0177861 10.8446 54.6006 -13 408 0 0 1
0.263276 -0.0824891 1000 0.0531465 -0.105433 12.1927 33.1243 -13 409 0 0 1
0.0738251 -0.477495 1000 -0.0657427 -0.00262114 7.12381 59.8292 -13 410 0 0 1
0.164133 -0.243638 1000 0.0497542 -0.0445929 6.73594 57.3408 -13 411 0 0 1
-0.0130929 0.420655 1000 0.09483 -0.0261837 7.16747 53.8838 -13 412 0 0 1
0.356533 -0.184676 1000 -0.197118 0.0614547 5.4465 64.033 -13 413 0 0 1
-0.0915142 -0.0830392 1000 0.0114897 0.0358083 9.80828 43.1443 -13 414 0 0 1
-0.190143 -0.148934 1000 -0.0616332 0.0841836 8.21612 50.4146 -13 415 0 0 1
-0.288601 -0.0463622 1000 -0.00669932 0.0453655 12.6061 42.4695 -13 416 0 0 1
0.0311316 -0.203022 1000 -0.230129 -0.0869685 6.37023 60.9161 -13 417 0 0 1
-0.00476974 -0.198726 1000 -0.0862079 0.0180447 9.93954 62.3916 -13 418 0 0 1
4.94944 -7.84939 1000 0.00866319 0.0500301 0.0243343 61.0037 11 418 1001 0 1
0.575969 -0.0820918 1000 -0.120419 -0.191209 7.62893 60.4087 -13 419 0 0 1
0.0762766 -0.167282 1000 -0.0824935 -0.0717225 12.3865 38.9146 -13 420 0 0 1
-0.477168 -0.0836015 1000 0.0217608 -0.0490831 0.0800224 38.2928 11 420 1001 0 1
-0.0608588 -0.0321615 1000 -0.0165655 -0.0400892 13.1947 32.2087 -13 421 0 0 1
-0.190846 0.656736 1000 0.262206 0.0755515 6.99406 54.5404 -13 422 0 0 1
0.142212 -0.383613 1000 0.0387953 0.0370842 9.28607 48.4058 -13 424 0 0 1
-0.539617 0.395268 1000 0.0323408 0.0998214 4.84114 99.0076 -13 425 0 0 1
0.0920858 -0.0435495 1000 -0.0148407 -0.125853 4.82781 95.077 -13 426 0 0 1
-0.0164228 0.04064 1000 0.0305825 0.0446848 10.792 59.0267 -13 427 0 0 1
-0.800009 -0.12704 1000 -0.191721 0.201637 6.89418 59.2007 -13 428 0 0 1
-0.629141 0.393967 1000 0.0357365 0.0974676 7.71091 58.9688 -13 429 0 0 1
-0.0604095 -0.106422 1000 -0.0391403 0.0181425 9.91444 46.4663 -13 430 0 0 1
-0.0367675 -0.0931866 1000 -0.0949609 -0.0123092 10.8202 43.1361 -13 431 0 0 1
-0.056743 -0.0667179 1000 -0.0318191 0.0515736 9.92644 54.2075 -13 432 0 0 1
-0.0224968 0.0481369 1000 0.0290052 0.0199111 11.0131 57.8064 -13 433 0 0 1
-0.00885609 0.0942249 1000 0.035873 0.023173 13.6826 37.7345 -13 434 0 0 1
-0.036238 -0.123059 1000 -0.0369965 -0.111117 11.3673 46.567 -13 435 0 0 1
-0.127978 -0.281418 1000 -0.0648787 -0.00840947 11.1987 38.8173 -13 436 0 0 1
0.179746 -0.062122 1000 0.0130021 -0.0523472 10.6761 44.8997 -13 437 0 0 1
0.0847024 -0.222262 1000 -0.01141 0.000921205 11.0571 48.7487 -13 438 0 0 1
1.05945 -0.12246 1000 -0.0308123 -0.0346938 0.0548417 48.7676 11 438 1001 0 1
0.0977543 -0.206722 1000 -0.0171796 -0.01702 11.9347 58.7014 -13 439 0 0 1
0.311866 -0.268394 1000 -0.278135 0.0659207 8.77427 61.4629 -13 440 0 0 1
-2.06317 -2.22349 1000 0.00506981 0.026431 0.0521711 60.5853 11 440 1001 0 1
-0.0843282 0.318844 1000 0.092795 -0.0362362 11.3769 45.7313 -13 441 0 0 1
-0.244829 -0.129691 1000 -0.00964227 -0.0202376 3.36084 93.1405 -13 442 0 0 1
-0.309583 0.0305208 1000 0.0542258 0.107486 7.51357 72.7702 -13 443 0 0 1
0.180621 0.0148485 1000 -0.0124907 -0.0418801 11.3625 42.4137 -13 444 0 0 1
-0.22087 -0.198804 1000 -0.0966367 0.150283 7.91772 70.563 -13 445 0 0 1
0.140696 0.00697481 1000 -0.0341438 -0.0747933 13.3865 53.7157 -13 446 0 0 1
0.00622382 -0.204337 1000 -0.00787219 0.049678 11.5343 43.2022 -13 447 0 0 1
0.237313 -0.286164 1000 -0.0930971 -0.0457206 9.77899 40.1994 -13 448 0 0 1
0.0441386 -0.0163989 1000 -0.0386783 0.0200988 8.10954 48.5025 -13 449 0 0 1
0.0286239 0.142112 1000 0.101302 0.334773 12.3247 58.4629 -13 450 0 0 1
-0.0544357 0.0177841 1000 -0.0534442 -0.00308733 7.76874 66.115 -13 451 0 0 1
-0.100079 -0.0485984 1000 -0.0477029 0.10001 11.8488 56.8704 -13 452 0 0 1
-0.0208706 -0.0078302 1000 -0.021465 -0.00570227 12.9471 55.6896 -13 453 0 0 1
0.0823316 -0.161729 1000 -0.0295964 0.0222586 9.49969 46.8685 -13 454 0 0 1
-0.058165 0.0194886 1000 0.0594739 0.102294 13.9647 29.7353 -13 456 0 0 1
-0.999809 1.62065 1000 -0.0434058 -0.0224204 0.0140896 34.1995 11 456 1001 0 1
0.0579915 -0.126919 1000 0.0230556 -0.0456651 9.41543 39.6218 -13 457 0 0 1
-0.221295 -0.0505248 1000 -0.0790616 -0.00246743 11.5691 57.7802 -13 458 0 0 1
0.364639 -0.553212 1000 -0.0445766 -0.184823 7.93415 53.556 -13 459 0 0 1
0.11687 -0.0941456 1000 -0.043209 -0.024906 10.5444 37.1141 -13 460 0 0 1
-0.0427958 0.0508767 1000 0.00302063 -0.00462097 13.4415 52.8661 -13 461 0 0 1
-0.278787 0.0988232 1000 0.0448195 0.0688246 13.5674 52.6673 -13 462 0 0 1
-0.173896 1.44125 1000 0.0627085 0.0296888 0.0844956 51.2255 11 462 1001 0 1
0.123051 -0.148138 1000 -0.0194651 -0.0387262 7.59514 58.7608 -13 463 0 0 1
0.632513 0.524694 1000 0.224164 -0.348777 3.30046 121.486 -13 464 0 0 1
-0.0599898 -0.33045 1000 -0.161329 0.0691601 9.86262 41.9346 -13 465 0 0 1
-0.22422 0.0328662 1000 -0.0643861 -0.0410724 7.32364 50.1123 -13 466 0 0 1
0.0377817 -0.293333 1000 -0.0873862 -0.0478667 14.0357 29.052 -13 467 0 0 1
-3.30393 0.888666 1000 0.0226687 0.00299664 0.0324701 45.0733 11 467 1001 0 1
0.210744 0.0079899 1000 -0.0460135 -0.0479242 8.77537 51.1749 -13 468 0 0 1
0.259125 -0.664676 1000 -0.0869189 0.00720535 4.58846 90.817 -13 469 0 0 1
0.0241989 -0.345086 1000 -0.221044 0.039742 6.28787 58.3934 -13 470 0 0 1
0.199929 -0.00103441 1000 -0.0282734 -0.0478828 9.93098 56.3384 -13 472 0 0 1
-2.31942 -1.14944 1000 0.000154189 0.020168 0.0817778 47.1391 11 472 1001 0 1
-0.071783 -0.2356 1000 0.194199 0.0939273 5.13348 68.2133 -13 473 0 0 1
-5.45281 -5.02753 1000 0.00167654 -0.0188046 0.0308993 64.8524 11 473 1001 0 1
-0.206729 0.0981935 1000 0.0644733 -0.0760834 8.19685 58.7458 -13 474 0 0 1
0.377762 -0.47395 1000 0.0386869 -0.286876 11.7701 40.9484 -13 475 0 0 1
-0.174187 -0.146173 1000 -0.082042 0.121109 7.78093 46.7269 -13 476 0 0 1
0.0214023 0.00849231 1000 -0.0291675 0.0289953 9.45827 54.0068 -13 477 0 0 1
-0.0992982 -0.386171 1000 -0.118788 0.0402563 9.72536 39.8334 -13 478 0 0 1
-0.651315 -0.137766 1000 -0.0829257 -0.00425226 5.20409 69.1527 -13 479 0 0 1
-0.0661299 -0.238123 1000 0.0180385 0.0154676 10.6873 50.8013 -13 480 0 0 1
-0.367195 0.214661 1000 0.0620052 0.208393 8.93275 54.4276 -13 481 0 0 1
0.353437 -0.156888 1000 -0.0421057 -0.107651 6.38807 83.8142 -13 482 0 0 1
-0.0853905 0.0344993 1000 0.0208119 0.0252747 14.0379 54.9658 -13 483 0 0 1
-0.0391125 -0.205193 1000 -0.136485 0.0734245 7.39075 62.0225 -13 484 0 0 1
0.0193958 0.0684757 1000 0.0646625 -0.0346686 11.3148 35.4182 -13 485 0 0 1
-0.523188 -0.227343 1000 -0.0969027 0.0790856 7.25842 56.6417 -13 486 0 0 1
0.046002 -0.101097 1000 -0.057604 -0.0035504 13.0024 45.9772 -13 487 0 0 1
0.0850411 -0.0672546 1000 0.0340745 0.232475 5.0605 87.5229 -13 488 0 0 1
1.88325 -1.94224 1000 0.0279611 -0.00464519 0.0231798 87.3084 11 488 1001 0 1
0.0721666 -0.192691 1000 -0.0971957 -0.0175018 13.8692 30.9341 -13 489 0 0 1
-0.687378 -0.07518 1000 -0.030106 -0.108917 3.29186 98.6861 -13 490 0 0 1
-0.363938 0.0426444 1000 0.0379914 0.092979 7.46454 72.231 -13 491 0 0 1
-0.167693 -0.21026 1000 -0.0241603 0.0221107 0.038628 66.2426 11 491 1001 0 1
-0.0451039 0.0265471 1000 -0.0166315 -0.00790619 13.9246 30.251 -13 492 0 0 1
-0.0929323 0.100879 1000 0.0557286 -0.0270606 12.42 53.9203 -13 493 0 0 1
-0.130544 0.137394 1000 0.026029 0.06584 12.9466 51.4788 -13 494 0 0 1
-0.0650403 0.0950604 1000 0.018618 0.0527432 14.4358 26.537 -13 495 0 0 1
-0.30486 0.0192833 1000 0.0607357 0.149392 10.7029 40.6683 -13 496 0 0 1
0.0327145 -0.11868 1000 -0.0607847 -0.0291914 14.0442 26.8976 -13 497 0 0 1
0.105601 0.00853703 1000 -0.0184868 -0.0134335 13.5384 43.1363 -13 498 0 0 1
-1.65892 1.22316 1000 -0.000782294 0.0204829 0.129792 31.3723 11 498 1002 0 1
0.167572 -0.0161634 1000 0.0835369 -0.144762 11.9208 45.9689 -13 499 0 0 1
0.2075 0.0651606 1000 -0.0203852 -0.0290286 12.6296 41.9023 -13 500 0 0 1
-0.0478761 0.0958112 1000 0.0190569 0.0343791 10.8598 43.3552 -13 501 0 0 1
-0.120566 0.00528184 1000 0.0058438 0.00196066 14.4246 30.3948 -13 502 0 0 1
0.0364759 -0.116226 1000 -0.00661308 0.0577766 10.1896 40.9915 -13 503 0 0 1
0.95824 -1.15168 1000 0.0238888 0.0202552 0.0135933 42.3367 11 503 1001 0 1
-0.207219 0.00796766 1000 0.00475594 0.0812768 11.1559 49.2047 -13 504 0 0 1
-1.94113 -1.04473 1000 -0.416831 0.0537041 2.66154 121.823 -13 505 0 0 1
-0.28518 -0.38519 1000 -0.00816306 0.0631907 8.61726 49.3625 -13 506 0 0 1
-0.129179 -0.0614691 1000 -0.0305365 0.0978559 12.4486 40.8705 -13 507 0 0 1
-0.138772 -0.137759 1000 -0.0262571 0.0586176 11.3795 57.1319 -13 508 0 0 1
0.228546 -0.0431963 1000 -0.0314918 -0.0594384 8.11862 64.2989 -13 509 0 0 1
-0.39524 0.146366 1000 0.180782 0.136564 10.4853 44.1466 -13 510 0 0 1
-0.0514037 0.0482997 1000 -0.00620689 0.0178689 10.4106 37.6279 -13 511 0 0 1
-0.19842 0.0748692 1000 0.0875656 0.0247212 12.8443 46.0378 -13 512 0 0 1
0.00562227 0.0710499 1000 -0.0073888 0.00649041 13.3237 27.926 -13 513 0 0 1
-0.314082 -0.101511 1000 0.114694 0.159585 7.88082 50.7101 -13 514 0 0 1
0.0836101 0.099967 1000 0.0229531 -0.0104255 10.1857 58.9595 -13 515 0 0 1
-0.199556 -0.732217 1000 -0.23742 0.119616 3.41287 101.237 -13 516 0 0 1
1.1766 0.130281 1000 -0.439141 -0.0249624 8.09003 46.8042 -13 517 0 0 1
1.78011 -6.36873 1000 -0.020567 0.00994062 0.0264394 48.9314 11 517 1001 0 1
0.770429 -0.740332 1000 -0.0561858 -0.355763 12.3505 34.3551 -13 518 0 0 1
0.0352882 -0.153337 1000 0.0441598 0.0595711 11.6335 49.7316 -13 519 0 0 1
0.0554061 0.00402391 1000 0.0057721 -0.0178134 11.6093 48.2093 -13 520 0 0 1
0.0404085 -0.080088 1000 3.56321e-05 -0.0155592 12.9332 39.4547 -13 522 0 0 1
0.107658 -0.027621 1000 0.0435014 -0.0399181 13.5677 42.723 -13 523 0 0 1
0.833923 0.420467 1000 0.309922 -0.0205295 3.23069 120.587 -13 524 0 0 1
0.420944 -0.0460488 1000 0.015288 -0.0962475 9.67737 44.1996 -13 525 0 0 1
-0.100222 -0.00593877 1000 0.0182167 0.0559122 11.6728 50.5833 -13 526 0 0 1
3.48798 -3.13346 1000 -0.356283 -0.0720412 1.60497 154.924 -13 527 0 0 1
-0.132817 -0.00165716 1000 0.0684961 0.00292212 12.4243 45.0728 -13 528 0 0 1
1.34359 -2.01065 1000 -0.0486371 -0.00364088 0.0290109 51.3516 11 528 1001 0 1
0.135705 0.144097 1000 0.0494767 -0.0776302 11.2557 54.8646 -13 529 0 0 1
-0.0562573 -0.10706 1000 0.00292823 -0.00256873 8.25471 65.7602 -13 530 0 0 1
0.0735982 0.193282 1000 0.0587294 0.000560614 12.943 41.6547 -13 531 0 0 1
-0.450524 0.45981 1000 -0.0348829 0.315092 13.7202 55.4311 -13 532 0 0 1
0.715855 -0.203162 1000 0.0538889 0.00505524 0.103494 49.0592 11 532 1001 0 1
-0.340835 0.440047 1000 0.164781 0.103511 9.03032 62.6139 -13 533 0 0 1
-0.127444 -0.028936 1000 -0.0789251 0.00516675 9.1245 62.538 -13 534 0 0 1
-0.038997 -0.112363 1000 -0.0592045 -0.0134284 9.81804 39.2143 -13 535 0 0 1
0.0910272 0.140334 1000 0.020522 -0.0414254 13.0218 36.9283 -13 536 0 0 1
1.16269 0.365144 1000 -0.273805 -0.188804 4.05968 95.6664 -13 537 0 0 1
-0.103629 0.119561 1000 -0.0119476 0.0585753 14.4133 43.3275 -13 538 0 0 1
-0.0929841 -0.154872 1000 -0.120942 0.0269051 11.2263 37.7087 -13 539 0 0 1
-3.48422 -11.1661 1000 -0.000194463 0.0180964 0.0354485 39.8894 11 539 1002 0 1
0.0368116 -0.0674415 1000 -0.0272739 -0.048944 11.2235 57.6082 -13 540 0 0 1
0.0376986 0.17576 1000 0.0532403 -0.00417704 7.24563 70.4791 -13 541 0 0 1
-0.427611 -0.14612 1000 -0.106093 0.0749254 12.7818 32.0206 -13 542 0 0 1
-0.340216 0.220913 1000 0.0358621 0.194121 8.45473 54.749 -13 543 0 0 1
0.0435058 -0.360124 1000 -0.0724056 -0.0150803 13.7195 54.2851 -13 544 0 0 1
-0.142763 -0.832456 1000 -0.329712 0.06063 4.64817 98.9789 -13 545 0 0 1
-0.0172405 0.0251809 1000 0.01749 0.0101239 6.55825 73.3167 -13 546 0 0 1
0.0384942 0.0118304 1000 -0.0110091 -0.0015607 10.6264 53.2888 -13 547 0 0 1
-0.15827 -0.0685331 1000 -0.0215238 0.0286634 9.82207 55.5389 -13 548 0 0 1
0.176157 -0.0935638 1000 -0.0501398 -0.0781722 9.58388 62.936 -13 549 0 0 1
0.130188 -0.0959431 1000 -0.133154 -0.0785108 8.52391 58.245 -13 550 0 0 1
-0.0645694 0.0938368 1000 0.024745 0.0493515 10.5461 39.7407 -13 551 0 0 1
0.0853832 0.316463 1000 0.173212 -0.0289668 11.2918 41.9056 -13 552 0 0 1
0.155959 0.0734377 1000 0.0620687 -0.168927 7.86124 56.9576 -13 553 0 0 1
-0.273132 -0.148852 1000 -0.0248972 0.0115859 4.58223 74.3816 -13 554 0 0 1
0.214785 -0.0183255 1000 0.0970484 0.0236728 7.90486 72.3163 -13 555 0 0 1
0.16642 -0.61658 1000 -0.100529 0.0276432 5.80486 79.6521 -13 556 0 0 1
8.34729 -0.108732 1000 -0.0269405 0.0167324 0.0117617 80.197 11 556 1001 0 1
-0.0442509 0.0683013 1000 0.0224075 0.0273825 13.5537 33.1325 -13 557 0 0 1
-0.0119827 0.0868894 1000 0.0147065 -0.0661964 10.9168 61.1158 -13 559 0 0 1
-0.0832119 -0.0305679 1000 -0.036228 -0.00112914 13.5859 27.356 -13 560 0 0 1
-0.0200352 0.0971157 1000 -0.00401427 0.100009 4.93368 95.3563 -13 561 0 0 1
-0.277149 -0.0239144 1000 0.0525283 0.037456 11.0271 36.201 -13 562 0 0 1
0.0285291 -0.0737609 1000 0.0356202 -0.0278414 12.0819 45.109 -13 563 0 0 1
0.241124 -0.220322 1000 -0.0628841 -0.0711854 10.5365 62.191 -13 564 0 0 1
-0.00743091 -0.0711457 1000 -0.0589696 0.00107374 14.2133 30.8471 -13 565 0 0 1
0.105816 0.0674966 1000 0.0422135 0.0646228 9.36825 49.8893 -13 566 0 0 1
0.0679655 0.0663641 1000 0.0477501 -0.028919 10.5353 45.5733 -13 567 0 0 1
0.00622265 0.0435077 1000 0.0861402 -0.396571 11.8206 56.4 -13 568 0 0 1
-0.218765 -4.05114 1000 0.0156527 -0.025137 0.0226942 57.6145 11 568 1001 0 1
-0.0582244 -0.187268 1000 -0.0788283 0.0699604 13.5293 37.8779 -13 569 0 0 1
-0.163472 -0.0550317 1000 -0.053657 0.0632174 11.0611 58.1516 -13 570 0 0 1
-0.298459 -0.20349 1000 -0.035593 0.142849 12.6152 41.9908 -13 571 0 0 1
0.349369 -0.0625263 1000 -0.0190172 -0.0805353 9.80773 48.6843 -13 572 0 0 1
-0.144373 -0.0709119 1000 0.0801865 0.0673054 6.46097 67.0486 -13 573 0 0 1
-0.195604 -0.0101864 1000 0.0137966 0.0486308 13.7301 35.0337 -13 574 0 0 1
0.606926 -0.134083 1000 -0.120228 -0.238162 6.93125 69.18 -13 575 0 0 1
1.1755 0.26836 1000 0.0104067 0.0340278 0.0253221 69.2737 11 575 1001 0 1
0.0305347 0.19133 1000 0.0589904 0.0354399 10.5889 52.9075 -13 576 0 0 1
0.0205504 -0.00912157 1000 -0.0126293 0.028275 13.3752 29.6214 -13 577 0 0 1
0.202724 -0.298946 1000 0.049368 0.172845 8.31607 53.9109 -13 578 0 0 1
0.0939393 0.0776944 1000 -0.0206995 -0.0142102 13.9442 41.9695 -13 579 0 0 1
0.0355591 -0.0903923 1000 -0.0207139 0.0194766 12.7055 36.1178 -13 580 0 0 1
-2.51713 -0.56257 1000 -0.0363084 -0.0110954 0.0347681 42.7097 11 580 1001 0 1
-0.115422 -0.074201 1000 -0.0331787 0.0574036 11.0506 60.4074 -13 581 0 0 1
0.0049319 0.130693 1000 0.0457462 0.0356267 8.86332 52.5928 -13 582 0 0 1
-0.00500646 -0.18988 1000 -0.0984569 -0.0610341 7.63304 53.3583 -13 583 0 0 1
-0.229437 -0.180108 1000 -0.0429507 0.0919526 13.9659 52.3133 -13 584 0 0 1
-0.245785 -0.0955188 1000 0.0111082 0.108809 11.2009 40.0681 -13 585 0 0 1
-0.350732 -0.000135831 1000 0.0213371 0.0842794 9.33671 63.0961 -13 586 0 0 1
0.0677519 -0.0934357 1000 -0.00654756 -0.0189692 13.7452 45.6272 -13 587 0 0 1
-0.130575 0.252693 1000 0.0267922 0.0395615 9.55649 47.0114 -13 588 0 0 1
-0.0485477 -0.067846 1000 -0.0313997 0.0502096 13.2369 39.5279 -13 589 0 0 1
0.0891091 0.731237 1000 0.171473 -0.0565427 9.04425 51.0879 -13 591 0 0 1
-0.830412 0.0187746 1000 -0.0214662 -0.0230284 0.0411075 49.9849 11 591 1001 0 1
0.131932 0.0492397 1000 0.108801 -0.137485 8.19618 55.878 -13 592 0 0 1
0.0278972 -0.139011 1000 0.0666606 0.016504 5.64006 88.3825 -13 593 0 0 1
-0.0592289 0.135933 1000 0.0139209 0.0125014 10.713 62.6461 -13 594 0 0 1
-0.0151067 0.384889 1000 0.164977 -0.0616251 9.96575 50.4449 -13 595 0 0 1
0.0966649 0.178889 1000 -0.0279304 -0.0752359 8.05517 60.7731 -13 596 0 0 1
0.132199 -0.0958124 1000 0.074204 -0.0428175 10.3904 46.2143 -13 597 0 0 1
0.251889 0.0542438 1000 -0.265042 -0.105712 5.69185 67.9442 -13 599 0 0 1
0.253211 -0.0239407 1000 -0.0246091 -0.108979 12.5322 46.6748 -13 601 0 0 1
-0.148979 -0.257498 1000 -0.05187 0.0487527 6.79906 73.6133 -13 602 0 0 1
0.196264 0.110628 1000 0.00106598 -0.0409821 9.10439 61.1831 -13 603 0 0 1
0.533347 -1.50806 1000 0.0460436 0.00634643 0.0589364 58.058 11 603 1001 0 1
-8.68622 1.21132 1000 0.0206631 0.00297698 0.0680725 49.2379 11 603 1002 0 1
0.430908 -0.0542598 1000 -0.070144 -0.108434 7.43374 60.3381 -13 604 0 0 1
0.0743157 0.17968 1000 0.0589838 0.0874559 4.33546 83.5307 -13 605 0 0 1
-0.104585 0.151338 1000 -0.00397335 0.0586017 12.332 45.507 -13 606 0 0 1
-0.164078 0.439349 1000 0.00203586 -0.0504834 0.0943178 38.2529 11 606 1001 0 1
-0.227941 -0.266571 1000 -0.0410383 0.061037 11.8611 35.9449 -13 607 0 0 1
0.0722092 0.088952 1000 0.101103 -0.0940542 12.9118 42.6653 -13 608 0 0 1
0.175453 0.0142178 1000 0.0122328 -0.0649221 11.8487 35.1429 -13 609 0 0 1
0.236208 0.113397 1000 -0.018581 -0.042422 8.77927 47.7991 -13 610 0 0 1
0.0676984 0.0149162 1000 -0.0288918 0.0029005 10.2931 39.6126 -13 611 0 0 1
0.0206673 -0.0651179 1000 -0.0374239 -0.0318756 7.76658 57.3357 -13 612 0 0 1
-0.0313762 -0.00139071 1000 -0.00650829 0.00232593 12.457 43.2976 -13 613 0 0 1
-0.223699 -0.0634922 1000 -0.025886 0.0834424 12.1021 31.9307 -13 614 0 0 1
0.302263 0.827758 1000 0.0559733 0.0927454 3.18789 113.108 -13 615 0 0 1
0.570181 1.13271 1000 0.212024 0.156413 3.41705 117.455 -13 616 0 0 1
3.96097 -2.81547 1000 -0.910749 -1.17951 10.6462 50.1881 -13 617 0 0 1
0.0944645 -0.15859 1000 -0.0348165 -0.0796075 8.04322 63.7899 -13 618 0 0 1
0.723086 -0.632908 1000 -0.205772 0.0106203 4.54876 95.728 -13 619 0 0 1
-0.168619 0.0228318 1000 -0.00855416 0.0392081 12.345 48.684 -13 620 0 0 1
-0.515838 -0.0558019 1000 -0.0449335 0.174253 4.98214 71.3654 -13 621 0 0 1
-0.029464 0.045026 1000 0.0543343 0.022838 11.1294 60.1731 -13 622 0 0 1
0.176937 0.14089 1000 0.003636 -0.0440679 9.6677 51.0211 -13 623 0 0 1
0.122814 0.0745863 1000 0.0502629 -0.0696782 14.1664 26.6883 -13 624 0 0 1
0.0705523 -0.0778628 1000 -0.0142557 0.0398281 9.08284 55.0311 -13 625 0 0 1
-0.0656517 -0.0689003 1000 -0.143469 0.127624 5.86957 67.0367 -13 626 0 0 1
4.37826 -0.139155 1000 -0.0141751 -0.0199152 0.0331476 66.7522 11 626 1001 0 1
0.212845 0.193914 1000 -0.0230587 -0.0796867 9.30467 55.8346 -13 627 0 0 1
-0.135414 0.173334 1000 0.0105851 0.0537771 10.4271 40.4902 -13 629 0 0 1
0.0394586 -0.0330049 1000 -0.00715776 -0.026488 11.7512 57.9796 -13 630 0 0 1
-0.171193 -0.0957837 1000 -0.0638005 0.0752285 8.81173 67.9645 -13 631 0 0 1
0.0168886 -0.0341778 1000 -0.0282471 0.0281645 14.0585 37.877 -13 632 0 0 1
0.0972627 0.0898935 1000 -0.00634138 0.00719261 8.26808 51.1542 -13 633 0 0 1
-0.0243064 -0.0743674 1000 -0.0843968 -0.163993 4.54792 77.0293 -13 634 0 0 1
-0.00288894 -0.0120471 1000 -0.0511064 0.0668749 7.99625 61.632 -13 635 0 0 1
-0.0852229 0.193765 1000 0.0276592 0.0370466 14.0803 32.8772 -13 636 0 0 1
-0.341178 0.103354 1000 0.053473 -0.0433802 7.89008 66.6641 -13 637 0 0 1
0.0465779 -0.122555 1000 -0.163771 -0.0227784 12.6825 44.1933 -13 638 0 0 1
0.221052 -0.115876 1000 -0.200331 0.00238896 13.9771 31.241 -13 639 0 0 1
-0.184271 0.16764 1000 0.0210592 0.0255392 10.7948 34.1352 -13 640 0 0 1
-0.130782 0.0166029 1000 -0.212072 0.218327 3.96299 91.2458 -13 641 0 0 1
0.122471 -0.0243348 1000 -0.00802931 0.127673 7.06601 72.7239 -13 642 0 0 1
-0.0310166 0.0968085 1000 0.0200192 0.00872767 11.0442 33.0733 -13 643 0 0 1
-0.0680327 -0.0153959 1000 0.0726484 0.0492309 13.7248 44.7162 -13 644 0 0 1
0.220598 -0.0880007 1000 0.00977947 -0.0144787 9.64552 39.2097 -13 645 0 0 1
-0.109244 -0.092553 1000 -0.0165534 0.0287322 13.7366 43.1685 -13 646 0 0 1
0.698476 -0.966386 1000 -0.435477 -0.192199 5.63703 87.1489 -13 647 0 0 1
-1.13892 -1.77257 1000 -0.0230227 -0.00238068 0.0239571 87.1607 11 647 1002 0 1
0.510095 0.794942 1000 0.153487 -0.17988 3.53814 102.117 -13 648 0 0 1
-0.104344 -0.135282 1000 -0.00050436 0.20634 6.1197 67.0823 -13 649 0 0 1
-0.165194 -0.109029 1000 0.0235472 0.0255891 13.522 30.7443 -13 650 0 0 1
-0.0180519 0.897828 1000 0.162883 0.07196 10.0525 48.5006 -13 651 0 0 1
0.0624518 0.0639971 1000 0.0616096 0.0442553 10.4139 60.3262 -13 652 0 0 1
0.106828 0.0535289 1000 0.0945209 -0.081395 11.866 47.7084 -13 653 0 0 1
1.39927 4.13058 1000 0.0572525 0.0157625 0.0499578 47.619 11 653 1001 0 1
0.0807962 0.0829501 1000 0.0274088 -0.0604554 12.2691 41.5874 -13 654 0 0 1
0.0491054 0.0127492 1000 0.0370404 0.00126351 14.3521 47.3487 -13 655 0 0 1
0.0020741 0.184673 1000 0.0510769 -0.00890019 9.53751 53.471 -13 656 0 0 1
-0.0353933 -0.028499 1000 0.0835723 -0.106813 7.90523 66.6208 -13 657 0 0 1
0.400045 0.318716 1000 0.109238 0.00512185 4.5862 88.6695 -13 658 0 0 1
4.42035 0.3294 1000 -0.00128183 0.0157099 0.03483 85.356 11 658 1001 0 1
0.00404431 -0.0258627 1000 0.0124964 -0.0515003 14.4462 38.8198 -13 659 0 0 1
0.0956116 0.240221 1000 0.0245557 0.215444 11.6601 53.1416 -13 660 0 0 1
-0.143425 -0.0773318 1000 -0.0571213 0.121226 10.5967 49.7196 -13 661 0 0 1
-0.0401656 -0.120151 1000 -0.0273862 -0.0132556 12.1076 41.0188 -13 662 0 0 1
0.01044 0.307562 1000 0.118782 -0.0282965 9.5074 66.681 -13 663 0 0 1
-0.135042 0.281363 1000 0.0932668 -0.167284 8.1177 72.7428 -13 664 0 0 1
-0.0690492 -0.0260137 1000 0.0055172 0.0228344 11.3168 33.6245 -13 665 0 0 1
0.149418 0.110928 1000 0.0173991 -0.016977 11.7667 45.0989 -13 666 0 0 1
-0.0487401 0.0317426 1000 -0.0256498 0.0109436 13.0738 40.3236 -13 667 0 0 1
2.55316 -2.42411 1000 -0.918812 -0.400523 6.42439 64.4313 -13 668 0 0 1
0.0177818 0.0384044 1000 0.00454587 -0.056565 9.54348 55.1392 -13 669 0 0 1
-0.0300034 0.249448 1000 -0.000193015 -0.0080244 13.547 43.7566 -13 670 0 0 1
0.0257009 -0.157952 1000 -0.0715845 -0.0718448 13.1313 47.0944 -13 671 0 0 1
0.31393 0.356552 1000 0.0703462 -0.162533 3.35405 107.818 -13 673 0 0 1
-0.236562 -0.0777552 1000 -0.0445828 0.0169698 12.5205 57.9575 -13 674 0 0 1
-0.223958 -1.53724 1000 -0.541639 -0.345682 6.99328 58.0177 -13 675 0 0 1
-0.254863 0.120151 1000 -0.00249469 0.138223 12.8699 53.9531 -13 676 0 0 1
-0.107597 -0.16973 1000 -0.0323948 0.033378 11.8072 37.1391 -13 677 0 0 1
-0.0958751 -0.101665 1000 -0.00802671 -0.000923102 9.33343 53.8517 -13 678 0 0 1
0.208924 -0.106526 1000 -0.102806 0.00346052 8.0273 56.7867 -13 679 0 0 1
-0.312242 0.0521547 1000 -0.030404 0.0869816 9.20072 57.2511 -13 680 0 0 1
0.0320099 0.0114082 1000 0.0038841 -0.0482238 14.0604 28.3852 -13 681 0 0 1
-0.00746487 0.11843 1000 0.0180534 -0.00122545 13.232 28.282 -13 682 0 0 1
0.0519984 -0.00248251 1000 -0.0145324 0.0424464 12.9875 52.6116 -13 683 0 0 1
0.0767489 0.429052 1000 0.121196 0.344609 8.57814 57.8911 -13 684 0 0 1
-0.286498 0.276216 1000 0.0136091 0.0863892 7.95962 51.8486 -13 685 0 0 1
-0.0305595 0.0539175 1000 -0.0177472 -0.0184375 11.5393 58.106 -13 686 0 0 1
0.0225241 -0.1915 1000 -0.191778 0.00885722 8.97718 46.1597 -13 687 0 0 1
-0.0269892 0.0854715 1000 -0.0266861 0.0419453 12.8272 50.9485 -13 688 0 0 1
-0.0515242 0.118739 1000 -0.194261 0.190775 9.73462 58.9793 -13 689 0 0 1
6.85442 -6.05223 1000 -0.0120612 0.00629499 0.0447388 54.6883 11 689 1002 0 1
0.503261 -0.277148 1000 -0.145727 -0.36349 4.99521 87.9539 -13 690 0 0 1
0.131927 0.306404 1000 0.122559 -0.062473 12.2693 46.2602 -13 691 0 0 1
-0.206476 -0.0699634 1000 -0.0516598 0.0410937 7.32832 49.7472 -13 692 0 0 1
-0.00737833 0.238861 1000 0.0527614 -0.0709606 12.7431 48.9977 -13 693 0 0 1
-0.26165 0.146272 1000 -0.0135952 0.0270699 3.32793 104.436 -13 694 0 0 1
-0.177691 -0.0220676 1000 -0.0726016 -0.0570083 7.22801 59.5408 -13 695 0 0 1
-0.168808 0.44902 1000 0.113755 0.0360117 6.435 67.5213 -13 696 0 0 1
0.0525925 -0.218059 1000 -0.0627847 -0.0457095 9.97827 54.2174 -13 697 0 0 1
0.333938 -0.134816 1000 -0.0417298 -0.108294 8.67937 48.7659 -13 698 0 0 1
-0.0155346 0.0498975 1000 0.0336499 0.00267412 13.3309 50.7047 -13 699 0 0 1
0.82612 -0.608004 1000 0.0532865 -0.547849 8.69675 51.1848 -13 700 0 0 1
-0.000870289 -0.0699422 1000 0.0674266 0.00686889 8.96469 41.6431 -13 701 0 0 1
-0.0410554 0.197516 1000 -0.111809 0.0124697 12.278 54.5598 -13 702 0 0 1
0.0479261 0.131659 1000 -0.0967511 -0.109837 12.0441 51.9957 -13 703 0 0 1
-0.17804 -0.0966602 1000 -0.0619749 0.0634174 9.37024 46.737 -13 704 0 0 1
-0.00485022 -0.0843501 1000 0.0341973 -0.0676838 10.0621 42.0869 -13 705 0 0 1
-0.0150275 0.324029 1000 0.0862362 -0.112479 9.54887 52.827 -13 706 0 0 1
-0.184453 0.0304791 1000 -0.0315241 0.0524499 13.8535 27.4034 -13 707 0 0 1
-0.110726 0.203223 1000 -0.0183886 0.0734841 10.519 52.046 -13 708 0 0 1
0.982094 -0.485737 1000 0.102388 0.0836419 2.47809 118.687 -13 709 0 0 1
-0.213067 0.4488 1000 0.0828729 -0.199651 7.86983 64.7784 -13 710 0 0 1
-0.132068 -0.0234034 1000 -0.0558466 -0.00079117 14.1462 27.1353 -13 711 0 0 1
0.00827611 -0.0250315 1000 0.0295638 0.0667861 11.5931 50.6338 -13 712 0 0 1
0.217911 -0.0317944 1000 0.0950573 0.0138064 6.31804 77.5816 -13 713 0 0 1
-0.0356882 -0.0379268 1000 0.00417266 0.03618 14.028 46.8218 -13 714 0 0 1
0.0751906 -0.0686519 1000 -0.0191244 -0.0149086 12.3455 58.4018 -13 715 0 0 1
0.293598 0.171451 1000 0.47387 -0.0382656 13.1006 48.0474 -13 716 0 0 1
0.0339757 -0.0412951 1000 -0.00686419 -0.00857654 10.5765 49.1121 -13 717 0 0 1
0.0608646 -0.160853 1000 0.0153872 -0.104826 8.62565 49.1375 -13 718 0 0 1
0.104266 -0.151564 1000 0.0204181 -0.13687 10.5891 42.3397 -13 719 0 0 1
0.0969934 0.00549426 1000 -0.0624522 -0.0762195 11.2517 60.4018 -13 720 0 0 1
0.00602437 0.484498 1000 0.161551 -0.132193 9.63708 62.7097 -13 721 0 0 1
-0.414467 0.175988 1000 -0.105606 0.175553 5.06539 78.601 -13 722 0 0 1
0.0851641 0.10166 1000 0.0595498 0.0554901 8.5159 45.1659 -13 723 0 0 1
0.226708 0.034386 1000 0.130904 -0.222775 4.53882 95.1802 -13 724 0 0 1
-0.427394 -0.222532 1000 -0.45445 -0.0508602 9.55367 49.0292 -13 725 0 0 1
0.151521 0.0785169 1000 0.0424938 -0.0390394 13.5864 41.9071 -13 726 0 0 1
0.0679493 -0.0774023 1000 -0.0753638 0.0342283 14.112 30.4514 -13 727 0 0 1
-0.331332 0.212224 1000 0.132168 0.101912 5.20295 76.4847 -13 729 0 0 1
0.0695386 0.0590271 1000 -0.0212639 -0.100556 11.1843 39.2519 -13 730 0 0 1
0.18073 0.128561 1000 0.015001 -0.0640821 10.9019 35.7682 -13 731 0 0 1
0.127967 -0.335231 1000 -0.0620528 0.132999 4.39057 87.4184 -13 733 0 0 1
0.555076 0.164031 1000 0.0261248 -0.166296 7.77809 49.4006 -13 734 0 0 1
-0.196889 -0.0532388 1000 -0.0479291 0.0936118 10.9499 49.3937 -13 735 0 0 1
0.0474475 -0.0812466 1000 -0.0867216 0.0565605 10.9684 42.3071 -13 736 0 0 1
-0.134714 -0.217591 1000 -0.109721 -0.0396159 8.1555 63.7124 -13 737 0 0 1
0.0842394 0.367395 1000 0.0780982 0.0419139 8.30956 65.6095 -13 738 0 0 1
-0.0976218 -0.0853064 1000 0.0369808 0.0773194 11.8664 50.8566 -13 739 0 0 1
-0.127434 0.162727 1000 0.0750815 0.00378684 13.0197 51.2827 -13 740 0 0 1
-0.200291 -0.00333497 1000 0.0204501 0.117469 8.66348 60.5287 -13 741 0 0 1
-0.096321 0.216824 1000 0.411881 0.262677 3.98321 106.952 -13 742 0 0 1
-0.031131 0.228172 1000 0.0575153 0.0668197 8.24662 44.7021 -13 743 0 0 1
-0.0112217 -0.0479836 1000 -0.027028 -0.0165368 11.4827 45.981 -13 745 0 0 1
-0.108332 0.00501565 1000 -0.0176113 0.105525 8.4362 67.7658 -13 746 0 0 1
4.72501 0.928736 1000 -0.0276496 0.010863 0.0668322 60.8093 11 746 1001 0 1
-0.0743632 0.0410074 1000 0.00587096 -0.0105644 11.827 53.1473 -13 747 0 0 1
0.117568 -0.135025 1000 -0.0143016 -0.00880336 10.5257 51.01 -13 748 0 0 1
0.0352642 -0.160658 1000 -0.00979742 -0.0383868 12.1034 31.166 -13 749 0 0 1
-0.15316 0.0140645 1000 0.0393126 0.00614871 10.3484 56.2177 -13 750 0 0 1
0.224271 0.00690183 1000 -0.0869548 -0.113321 11.039 56.5524 -13 751 0 0 1
-2.7706 -0.883559 1000 -0.0284201 -0.0318326 0.0180195 61.7391 11 751 1002 0 1
-0.125272 0.176696 1000 0.0791078 0.0757417 6.43542 58.8308 -13 752 0 0 1
0.0597336 0.0705289 1000 0.059607 0.0114061 10.7588 36.0563 -13 753 0 0 1
-0.136809 0.0211713 1000 0.0031565 0.0324094 8.62022 66.6902 -13 754 0 0 1
0.527538 -0.0284798 1000 0.0826867 -0.326098 7.83979 52.4564 -13 755 0 0 1
-1.51233 -0.965388 1000 -0.156892 0.333881 5.11254 78.6446 -13 756 0 0 1
-0.118432 -0.042627 1000 0.0331149 -0.00894834 7.17486 61.8331 -13 757 0 0 1
-0.12785 -0.322815 1000 0.0276892 0.0481581 7.81802 47.8747 -13 758 0 0 1
0.0396044 -0.125129 1000 -0.00682976 -0.000347771 14.1685 41.0392 -13 759 0 0 1
0.171569 0.136756 1000 0.0686933 -0.043548 8.02306 64.5897 -13 760 0 0 1
-0.555934 -0.180147 1000 -0.0822484 0.133155 6.23071 62.6538 -13 761 0 0 1
-0.125805 -0.0705601 1000 -0.0596466 0.0288822 13.8563 54.436 -13 762 0 0 1
0.151227 0.130952 1000 0.036689 -0.0496275 11.1096 58.4332 -13 763 0 0 1
-0.0288566 0.0877635 1000 0.00343173 -0.0447836 9.81622 47.356 -13 764 0 0 1
-0.179721 -0.37311 1000 -0.128777 0.00972266 5.6933 68.4546 -13 765 0 0 1
0.0750111 0.0513839 1000 0.104979 -0.022757 8.48244 46.991 -13 766 0 0 1
0.0127592 0.060228 1000 1.2115e-05 0.0334719 12.5111 57.8949 -13 767 0 0 1
-0.371683 0.128933 1000 0.051083 0.0161881 0.0417775 60.8241 11 767 1002 0 1
-2.58872 -4.54867 1000 -0.0156025 -0.0413907 0.0355031 65.1468 11 767 1003 0 1
0.0736987 0.053886 1000 0.0174255 0.00145916 12.846 48.9523 -13 768 0 0 1
0.634364 0.778036 1000 0.213433 -0.209301 6.88705 55.6888 -13 769 0 0 1
-0.102486 0.0209241 1000 -0.0318818 -0.019842 13.6265 33.3369 -13 770 0 0 1
-0.117824 -0.526702 1000 -0.0842905 0.0461637 10.8186 39.214 -13 771 0 0 1
0.0358088 -0.139284 1000 0.0533136 0.0236783 14.3198 27.6033 -13 772 0 0 1
0.0065094 -0.173221 1000 -0.122256 0.0144675 11.3991 36.3868 -13 773 0 0 1
0.154815 0.0756378 1000 0.0676983 -0.0244022 13.3962 30.6354 -13 774 0 0 1
0.507248 0.0970297 1000 0.144797 -0.0121784 3.15451 100.813 -13 775 0 0 1
-0.0111755 -0.147163 1000 -0.0691699 0.0115695 11.7904 42.133 -13 776 0 0 1
0.118512 -0.00394206 1000 -0.0289286 -0.0662303 10.652 46.1795 -13 777 0 0 1
0.0275294 0.435526 1000 0.183636 0.0807562 8.57268 60.2156 -13 778 0 0 1
-0.246055 0.357814 1000 0.168581 0.0269825 12.9243 28.4982 -13 779 0 0 1
-0.289564 -0.0723539 1000 0.142871 0.122466 9.55974 41.9833 -13 780 0 0 1
-0.828174 0.0691537 1000 0.0819482 0.256536 11.5299 35.5441 -13 781 0 0 1
1.58805 2.55848 1000 0.0396092 0.0492047 0.0402521 47.8877 11 781 1001 0 1
0.0712038 -0.287425 1000 -0.0453485 -0.0752645 10.0289 39.1363 -13 782 0 0 1
0.073338 -0.322146 1000 -0.0940834 -0.0916863 6.78513 67.9358 -13 783 0 0 1
1.46048 -0.85669 1000 -0.0199799 0.0418156 0.0111756 68.1602 11 783 1001 0 1
0.177768 1.76354 1000 0.0173711 0.0323099 0.0358487 67.6564 11 783 1002 0 1
0.398243 -0.421307 1000 -0.0339779 -0.0923394 6.78712 54.671 -13 784 0 0 1
-0.0208493 0.429155 1000 0.147793 -0.337285 4.55656 86.854 -13 785 0 0 1
-0.0254347 0.0360668 1000 0.0135761 0.0113487 9.54543 56.381 -13 786 0 0 1
-0.19483 -0.111394 1000 -0.060843 0.0334815 8.85702 56.9876 -13 787 0 0 1
-0.215451 -0.130598 1000 0.00463308 -0.0414377 12.3213 47.4869 -13 788 0 0 1
0.00809372 0.230961 1000 0.135431 -0.299883 14.1513 40.7531 -13 789 0 0 1
-0.138606 0.107415 1000 0.0445061 0.0293624 9.91329 63.0728 -13 790 0 0 1
-0.0643009 0.319302 1000 -0.0350025 -0.125767 4.6535 97.3153 -13 791 0 0 1
-0.18396 0.332746 1000 0.155627 0.123431 11.7517 58.833 -13 792 0 0 1
-0.083023 0.106348 1000 -0.00197485 0.0633965 11.3977 48.5273 -13 793 0 0 1
-0.057618 0.0778006 1000 0.0218297 0.0487967 7.34721 60.4155 -13 794 0 0 1
0.283215 -0.19005 1000 0.0521279 -0.152726 11.4892 39.833 -13 795 0 0 1
0.00208877 0.107089 1000 0.0577632 -0.0291971 8.85468 63.1434 -13 796 0 0 1
0.234896 0.023487 1000 -0.00123078 -0.000828256 14.0012 50.649 -13 797 0 0 1
-0.0755739 0.0556147 1000 -0.00378215 -0.0374365 13.676 51.5075 -13 798 0 0 1
2.05488 -1.51884 1000 0.0249672 0.00888806 0.029318 57.8433 11 798 1001 0 1
-0.1063 0.182806 1000 0.0674114 0.0161831 9.29038 67.6523 -13 799 0 0 1
-0.0179705 0.0285403 1000 0.019557 -0.0150589 13.5441 29.1236 -13 800 0 0 1
0.217233 -0.303087 1000 -0.0523849 -0.108836 5.60074 66.8614 -13 801 0 0 1
-0.350174 0.170191 1000 0.0786568 0.104704 6.88348 70.7702 -13 803 0 0 1
0.0728457 0.137761 1000 0.029648 -0.0324078 12.9927 35.385 -13 804 0 0 1
0.0192256 -0.0521758 1000 0.00870824 -0.0213283 12.5603 55.6732 -13 805 0 0 1
-0.0310336 0.0519318 1000 -0.00108938 0.0543646 13.6394 37.1007 -13 807 0 0 1
-0.377957 -0.461118 1000 -0.248197 -0.232388 6.91481 60.3487 -13 808 0 0 1
0.0849126 0.0185932 1000 -0.0195967 -0.0313805 14.2928 39.0589 -13 809 0 0 1
-0.0738856 0.0727366 1000 -0.00292454 0.055637 10.7792 49.3603 -13 810 0 0 1
0.000273563 -0.0309854 1000 -0.146714 -0.0316139 5.55014 65.8272 -13 811 0 0 1
0.0211379 0.093064 1000 0.0490396 -0.0312895 6.41658 56.7216 -13 812 0 0 1
-0.0569251 0.0769035 1000 0.0775013 0.110296 13.1816 38.2493 -13 813 0 0 1
0.135682 0.0503788 1000 0.0380089 -0.0718821 9.49391 48.1659 -13 814 0 0 1
0.376822 0.225102 1000 -0.0317206 -0.0115697 0.0778341 48.0183 11 814 1001 0 1
0.0179894 -0.0307135 1000 -0.0434194 -0.0235249 11.6231 58.3584 -13 815 0 0 1
0.0822195 -0.0276721 1000 0.0427839 -0.0860745 5.90069 64.0885 -13 816 0 0 1
-0.101889 0.34364 1000 0.186633 0.033525 5.00752 92.3431 -13 817 0 0 1
0.294724 -0.0364046 1000 -0.0573409 -0.00832623 11.445 60.2788 -13 818 0 0 1
-0.159488 0.113012 1000 0.0756929 -0.0222619 6.01611 84.6771 -13 819 0 0 1
0.0547467 -0.0346101 1000 -0.0419014 -0.0134778 13.3836 33.813 -13 820 0 0 1
-0.120824 0.336565 1000 -0.0608734 -0.00801497 8.2802 46.4296 -13 821 0 0 1
2.67135 -0.378143 1000 0.0106398 0.0330767 0.0539021 45.7187 11 821 1001 0 1
2.86656 -15.22 1000 0.0194977 -0.0117193 0.0391243 39.6534 11 821 1002 0 1
0.131139 0.0568375 1000 -0.0635971 0.0197548 11.6732 59.4384 -13 822 0 0 1
-0.0397305 -0.0500519 1000 0.00390055 -0.00861253 12.6032 51.8304 -13 823 0 0 1
-0.00558418 -0.0396385 1000 -0.00912884 0.0125073 14.5506 45.8418 -13 824 0 0 1
-0.0374479 0.105901 1000 0.0553138 0.00201887 14.4364 51.1198 -13 825 0 0 1
-0.126033 0.179752 1000 0.036524 0.0569719 7.51535 60.4456 -13 826 0 0 1
-0.227873 1.87241 1000 0.238572 0.279338 2.86024 128.513 -13 827 0 0 1
0.259887 -0.0259447 1000 0.0101873 -0.0411782 8.58564 68.215 -13 828 0 0 1
-0.0244346 0.0253936 1000 0.0853107 0.056372 10.0146 62.1809 -13 829 0 0 1
0.0186677 0.103882 1000 0.0957843 -0.0523975 14.0596 54.8093 -13 830 0 0 1
0.253431 -0.697038 1000 0.817391 -0.437808 8.27148 49.7592 -13 831 0 0 1
-0.0117759 -0.0607363 1000 -0.00230917 0.00259757 13.7832 39.8844 -13 832 0 0 1
0.145732 0.316022 1000 0.0989282 -0.0496153 8.9878 69.0475 -13 833 0 0 1
-0.462377 0.0943144 1000 0.0363911 0.23768 4.99805 91.6485 -13 834 0 0 1
-0.243593 0.169225 1000 0.0333481 0.139873 7.70996 73.6601 -13 835 0 0 1
-3.31434 0.561368 1000 0.0269809 -0.0237885 0.0171258 74.8304 11 835 1001 0 1
0.0709447 -0.114894 1000 -0.0807865 -0.0234963 11.8379 52.1272 -13 836 0 0 1
-0.479291 -0.0865954 1000 0.0502827 0.134039 10.7916 42.4525 -13 837 0 0 1
-0.0229393 0.182853 1000 -0.00451382 0.0518992 12.8173 45.0395 -13 838 0 0 1
-0.158244 0.117898 1000 0.053927 0.0194323 11.0605 53.9626 -13 839 0 0 1
-0.392587 -0.440218 1000 0.0313775 0.0421316 0.0450048 54.3888 11 839 1001 0 1
0.224444 -0.0877181 1000 -0.0480473 0.0194382 9.82668 58.061 -13 840 0 0 1
-0.0899567 -0.446807 1000 0.0828644 0.0278548 5.91452 85.1506 -13 842 0 0 1
0.0491239 -0.375218 1000 -0.118948 -0.0844102 8.14839 50.4113 -13 843 0 0 1
0.764949 0.443841 1000 -0.0103806 0.00297324 0.070148 48.3856 11 843 1001 0 1
-0.0290106 -0.678953 1000 -0.147456 -0.13874 3.82428 107.637 -13 844 0 0 1
-0.299129 0.152255 1000 0.0331528 0.192593 13.4105 35.9172 -13 845 0 0 1
-2.85262 1.37306 1000 0.0499508 -0.0434645 0.0212016 41.0588 11 845 1001 0 1
0.036291 0.284138 1000 -0.0611428 0.0182236 12.2572 46.0817 -13 846 0 0 1
0.38149 0.282816 1000 -0.114767 -0.253781 4.22371 87.9034 -13 847 0 0 1
0.501119 -0.0528468 1000 0.0332559 -0.0129824 4.33768 103.762 -13 848 0 0 1
-0.293827 -0.0918506 1000 -0.0742671 0.0676493 9.57311 39.7276 -13 849 0 0 1
-0.143967 -0.010916 1000 0.00202524 0.0792871 12.3293 51.3418 -13 850 0 0 1
-0.0747493 0.108035 1000 0.1122 0.016113 8.86084 48.2716 -13 851 0 0 1
-0.00513401 -0.15223 1000 0.169565 -0.0545001 4.4307 78.6672 -13 853 0 0 1
0.108256 0.0425081 1000 -0.0407852 -0.0185699 11.4283 34.9195 -13 854 0 0 1
0.205739 0.391057 1000 0.0817863 -0.0120067 11.5325 54.7941 -13 855 0 0 1
0.0177453 -0.0788012 1000 -0.0719076 0.0616834 14.3088 33.5151 -13 857 0 0 1
-0.4542 0.117959 1000 -0.324125 0.326815 10.1371 61.4755 -13 858 0 0 1
-1.7688 -6.93304 1000 0.0174713 0.0388361 0.0449809 62.1357 11 858 1001 0 1
-0.0316284 0.184592 1000 0.0228618 -0.0604931 12.9141 39.6069 -13 859 0 0 1
-0.0952864 0.0619162 1000 -0.018071 0.0191096 13.0328 52.5646 -13 860 0 0 1
0.091327 0.177671 1000 0.0466407 0.0233641 11.1582 35.2849 -13 861 0 0 1
-0.0874776 -0.371892 1000 -0.0999921 0.0543289 5.64858 82.2792 -13 862 0 0 1
0.268149 -0.533438 1000 0.121372 -0.395623 3.40058 98.705 -13 863 0 0 1
-0.119627 0.331966 1000 0.0506799 0.113491 6.78309 65.4417 -13 865 0 0 1
0.176377 -0.475367 1000 -0.221663 -0.0840838 5.27309 93.4182 -13 866 0 0 1
0.168582 -0.0867192 1000 -0.0590082 -0.0148188 8.27399 53.1682 -13 868 0 0 1
-0.000753018 0.209009 1000 -0.0428823 0.0437957 9.06456 59.9874 -13 869 0 0 1
-1.81889 -0.593107 1000 -0.0224322 0.0413129 0.0501606 56.2795 11 869 1001 0 1
-0.324515 -0.270634 1000 -0.12454 0.0874594 12.346 44.3994 -13 870 0 0 1
-0.0092874 0.143352 1000 -0.0101262 0.0204064 13.6802 48.6438 -13 871 0 0 1
0.80326 -0.308335 1000 0.131359 -0.215893 4.90987 89.2133 -13 872 0 0 1
-0.557966 -0.138289 1000 -0.0955701 0.238821 4.02822 86.3347 -13 873 0 0 1
-0.37749 0.899288 1000 0.284162 0.159124 4.62346 87.1225 -13 874 0 0 1
-0.0781708 0.763653 1000 0.0714229 0.321194 2.34734 112.966 -13 875 0 0 1
-0.115447 -0.0947246 1000 -0.0938173 0.0496839 11.7541 42.3147 -13 876 0 0 1
0.0747924 -0.0769253 1000 -0.00507105 -0.00254025 9.1657 61.9077 -13 877 0 0 1
0.0432575 -0.0122746 1000 0.0349702 -0.0219428 14.2278 51.4805 -13 879 0 0 1
-0.0645979 -0.0233469 1000 -0.0441934 -0.0473036 12.9181 33.389 -13 880 0 0 1
-0.0680028 0.0556338 1000 -0.0471531 0.0225912 14.5179 37.5378 -13 881 0 0 1
0.197383 0.418843 1000 0.101379 -0.0672945 6.4315 76.0045 -13 882 0 0 1
-0.0685814 -0.0599084 1000 -0.0410526 0.025897 6.95411 74.5099 -13 883 0 0 1
-0.246294 -0.0393826 1000 -0.0114489 0.0242024 5.46253 79.8424 -13 884 0 0 1
-0.00507336 0.0777213 1000 0.0635718 0.0529316 12.5566 30.3707 -13 885 0 0 1
-0.0561566 -0.241062 1000 -0.0179719 0.0110169 8.42832 48.9241 -13 886 0 0 1
-0.101272 0.180492 1000 0.0681947 0.0214339 8.44861 42.7153 -13 887 0 0 1
-0.0361157 0.142525 1000 0.109343 0.0323649 8.38169 61.4647 -13 888 0 0 1
-2.42883 1.6162 1000 -0.0253594 0.000672483 0.0646757 57.5375 11 888 1001 0 1
-0.0668384 0.0734923 1000 0.0127863 0.0704279 11.2842 56.5287 -13 889 0 0 1
-0.0299098 0.00282577 1000 -0.0712667 0.0154789 10.7986 45.0132 -13 890 0 0 1
0.186509 -0.347258 1000 -0.0833577 -0.02835 7.42911 55.8316 -13 891 0 0 1
-0.245947 -0.0246493 1000 -0.0738886 0.0678518 14.0428 34.5604 -13 892 0 0 1
-0.312214 0.0172904 1000 -0.00955684 0.0817685 9.30814 41.9542 -13 893 0 0 1
-0.0294351 -0.0216305 1000 -0.0936522 -0.0400832 12.5908 47.0635 -13 894 0 0 1
-0.0525273 0.111949 1000 0.0691474 0.0703365 11.5941 47.8809 -13 895 0 0 1
-0.41684 -0.193354 1000 0.047185 0.116367 6.6648 74.3337 -13 896 0 0 1
0.20047 0.342036 1000 0.127901 -0.00690084 10.3113 41.9758 -13 897 0 0 1
-0.347803 0.0265307 1000 0.143808 0.0188304 8.32248 59.2983 -13 898 0 0 1
-0.127639 -0.957897 1000 -0.154616 0.0302901 6.61137 62.9477 -13 899 0 0 1
0.259532 -0.104087 1000 0.0048347 -0.103343 11.4278 33.2754 -13 900 0 0 1
0.527868 -0.255549 1000 -0.0942721 -0.0643004 5.23008 94.4496 -13 901 0 0 1
-0.750087 0.389759 1000 0.0654477 0.234989 8.49679 44.2063 -13 902 0 0 1
1.16092 -0.68425 1000 0.0350135 0.0200272 0.00165473 44.5658 11 902 1001 0 1
-0.153704 -0.358456 1000 -0.18232 0.0408442 6.51717 61.5969 -13 903 0 0 1
-0.010505 0.0833598 1000 -0.0164035 -0.0392384 12.5361 36.3545 -13 904 0 0 1
-0.0900426 0.326626 1000 0.132363 -0.123581 4.90858 87.4961 -13 905 0 0 1
0.221467 0.0405847 1000 -0.0126539 -0.112617 10.4156 54.2691 -13 906 0 0 1
-0.0992201 0.171063 1000 0.0908106 -0.0224304 11.6042 57.4075 -13 907 0 0 1
0.000768301 -0.0362075 1000 -0.00448476 0.0275924 12.9419 31.3324 -13 908 0 0 1
0.190397 0.1918 1000 0.0940385 -0.0223554 7.17537 64.2216 -13 909 0 0 1
0.0207084 -0.0719075 1000 -0.0745522 -0.000433792 9.23 40.3488 -13 910 0 0 1
-0.130514 -0.239742 1000 -0.0183506 0.266671 11.7968 32.4889 -13 912 0 0 1
-0.0607512 0.0613185 1000 -0.0132731 0.080346 10.2406 36.9577 -13 914 0 0 1
-0.0298044 0.208091 1000 -0.034213 0.0199028 9.06359 45.7241 -13 915 0 0 1
-0.108841 -0.0797804 1000 0.0186488 0.0592212 13.7886 45.0411 -13 916 0 0 1
0.0346211 0.0127966 1000 0.0210058 0.00536022 12.4755 48.4642 -13 917 0 0 1
-0.0490271 -0.0364876 1000 0.00625068 0.0418689 12.8379 52.2381 -13 918 0 0 1
0.272156 -0.682962 1000 -0.0875164 -0.0308587 3.20451 102.041 -13 919 0 0 1
0.376733 0.201135 1000 -0.195974 -0.188776 8.60084 44.6925 -13 920 0 0 1
-0.263563 0.121175 1000 0.0417044 0.0724873 14.0617 31.9846 -13 921 0 0 1
-0.00358648 0.0371704 1000 -0.00560465 0.00888698 12.8366 49.1585 -13 922 0 0 1
0.0729891 0.391997 1000 0.084716 -0.063048 3.44256 119.579 -13 923 0 0 1
0.0746919 0.114038 1000 0.0559988 -0.0333486 13.5204 40.5441 -13 924 0 0 1
4.03943 0.80367 1000 -0.058065 0.0119773 0.0503158 43.3861 11 924 1001 0 1
-0.25931 -0.05708 1000 0.00123035 0.0648075 13.917 54.4151 -13 925 0 0 1
0.0433597 -0.132018 1000 -0.00406755 0.00488285 12.7891 29.0436 -13 926 0 0 1
0.115084 -0.123968 1000 -0.138969 0.0379862 4.43251 89.8455 -13 927 0 0 1
0.202027 0.259592 1000 -0.0170613 -0.0631268 11.7587 54.2592 -13 928 0 0 1
0.022491 -0.0812263 1000 -0.0433628 -0.0488363 13.5365 33.322 -13 929 0 0 1
-0.136083 0.00972111 1000 0.046054 0.056952 12.7049 46.6112 -13 930 0 0 1
0.109154 0.0469919 1000 0.0113422 -0.0267278 13.3008 48.4364 -13 931 0 0 1
-0.0871506 -0.10431 1000 -0.117634 0.0149634 11.4215 60.5046 -13 932 0 0 1
0.191057 0.245102 1000 0.0562176 -0.0773423 13.5962 39.9648 -13 933 0 0 1
-0.184547 0.213002 1000 -0.0312329 0.13471 8.54135 53.9923 -13 934 0 0 1
-0.21552 -0.196817 1000 -0.0837269 -0.0189284 10.2952 56.0556 -13 935 0 0 1
-2.43608 -1.65406 1000 0.0514806 0.0362142 0.0451923 51.6825 11 935 1001 0 1
-0.0579188 0.0549685 1000 -0.0169066 0.00494665 12.4123 42.5812 -13 936 0 0 1
0.256411 0.151242 1000 0.0875846 -0.0382203 12.5224 56.1189 -13 937 0 0 1
-0.353334 -0.082243 1000 -0.15445 0.144452 4.21477 82.2742 -13 938 0 0 1
-0.0524079 0.0555608 1000 0.0302506 -0.0337277 13.8384 36.1335 -13 939 0 0 1
-2.01146 1.22841 1000 0.226977 0.431119 5.67492 64.924 -13 940 0 0 1
-0.393837 -0.184526 1000 -0.0546696 0.0956734 12.2363 45.3403 -13 941 0 0 1
0.119371 -0.114061 1000 -0.0961525 -0.0585605 10.4686 59.1309 -13 943 0 0 1
0.518619 -0.256229 1000 -0.227193 -0.0558271 5.53647 85.4614 -13 944 0 0 1
0.219959 -0.606603 1000 0.0114799 0.0338444 3.56261 117.058 -13 945 0 0 1
-0.056208 -0.0778057 1000 -0.013801 0.0289041 14.2917 38.1909 -13 946 0 0 1
-0.280775 0.158868 1000 0.0484434 0.106343 10.4135 39.5548 -13 947 0 0 1
-0.0923967 0.537588 1000 0.245567 0.0495592 7.67655 51.2949 -13 948 0 0 1
-0.226614 -0.0906322 1000 -0.0324617 0.0276525 12.4702 49.9061 -13 949 0 0 1
-0.0944407 -0.858019 1000 -0.343377 0.14219 2.29487 116.451 -13 950 0 0 1
-0.0130929 -0.214933 1000 -0.0124025 0.0120893 5.017 74.8577 -13 951 0 0 1
0.474216 0.155165 1000 0.223093 0.0506212 3.72027 112.054 -13 952 0 0 1
0.0187705 -0.00154134 1000 -0.0514417 -0.0668347 9.76922 43.4008 -13 953 0 0 1
-0.318789 -0.220766 1000 -0.0429428 0.0361805 6.55389 73.0863 -13 954 0 0 1
-0.110859 0.189169 1000 0.0165912 -0.00397801 7.26108 65.6589 -13 955 0 0 1
0.245379 -0.295525 1000 -0.171203 -0.104816 6.83944 58.7595 -13 956 0 0 1
-1.0613 0.321237 1000 -1.27739 0.425917 13.9762 44.6621 -13 957 0 0 1
0.203435 0.0301298 1000 0.0167161 -0.0756662 11.8556 44.5866 -13 958 0 0 1
-0.114554 -0.00567073 1000 -0.0245826 -0.063127 10.3675 55.0882 -13 959 0 0 1
-0.0514298 0.0663603 1000 0.0355017 0.0354151 14.4174 34.566 -13 960 0 0 1
-0.264277 0.125396 1000 0.00251504 0.104235 11.7724 49.5517 -13 962 0 0 1
0.0560055 -0.0524767 1000 -0.0255602 -0.101921 11.8539 53.2394 -13 963 0 0 1
0.0638455 0.0918741 1000 0.0271661 -0.0396921 10.4594 60.9399 -13 964 0 0 1
-0.00951703 0.09857 1000 0.0290026 0.03859 11.3185 47.3937 -13 965 0 0 1
0.110328 0.276753 1000 0.0688357 -0.0179328 9.31321 46.2605 -13 966 0 0 1
0.115547 -0.0681608 1000 -0.024755 0.00619299 8.84116 53.0573 -13 969 0 0 1
-0.162595 -0.0470952 1000 -0.0479828 0.0232455 13.2435 41.2326 -13 971 0 0 1
-0.216974 0.119543 1000 -0.00874624 0.0525342 14.457 40.2617 -13 972 0 0 1
0.074401 0.17265 1000 0.0361338 -0.0213252 13.6568 54.8906 -13 973 0 0 1
1.48323 -2.2099 1000 0.0461617 -0.0169457 0.101702 52.8443 11 973 1001 0 1
0.0108332 -0.0501148 1000 0.0236432 -0.00352136 14.4646 44.8108 -13 974 0 0 1
-1.3865 -0.323825 1000 0.0425097 0.0307656 0.0824738 43.1254 11 974 1001 0 1
0.0952833 0.166941 1000 -0.0203228 -0.101751 10.2535 54.9082 -13 975 0 0 1
-0.348981 -0.423615 1000 -0.119616 0.103008 6.59663 59.6422 -13 976 0 0 1
0.132288 0.0216495 1000 -0.0131168 -0.0561995 9.02783 56.8633 -13 978 0 0 1
-0.0876626 -0.108165 1000 -0.0511751 0.00879234 13.7059 45.0756 -13 979 0 0 1
0.108534 0.169566 1000 -0.0276198 -0.0410464 12.0148 33.6921 -13 980 0 0 1
0.107762 0.0945015 1000 0.0209009 -0.0322886 0.017011 33.8413 11 980 1001 0 1
0.0310965 -0.0145658 1000 0.0280224 0.00146994 9.6458 37.8921 -13 981 0 0 1
-0.0216028 0.0230051 1000 -0.00948034 0.0216615 13.5978 39.3724 -13 982 0 0 1
-0.136109 -0.194603 1000 -0.145499 -0.109456 5.44256 86.7498 -13 983 0 0 1
0.401363 0.561362 1000 0.121185 -0.388519 9.96213 38.4185 -13 984 0 0 1
2.37766 -1.15592 1000 0.00324585 0.0269439 0.0755086 29.0879 11 984 1001 0 1
-0.106934 0.0310551 1000 -0.0260111 -0.0466538 11.233 47.3447 -13 985 0 0 1
0.0892574 -0.00564986 1000 0.0309653 -0.0244731 8.27901 61.6628 -13 986 0 0 1
-0.0398438 0.033772 1000 -0.0151929 0.0284016 14.2311 50.0633 -13 987 0 0 1
0.0749258 -0.0729287 1000 -0.16632 0.0407962 6.52932 75.3318 -13 988 0 0 1
-1.5959 0.637918 1000 0.0109464 0.00829965 0.0588328 73.537 11 988 1001 0 1
-0.0315567 -0.0417693 1000 -0.0485415 0.00428016 14.4568 33.2587 -13 990 0 0 1
-0.160231 0.00561222 1000 -0.00460142 0.0610222 10.8594 53.1617 -13 991 0 0 1
-0.196353 0.0579344 1000 -0.0617836 0.0736717 13.015 53.1047 -13 992 0 0 1
-0.954715 3.41069 1000 -0.0453735 -0.0047083 0.0416363 56.4132 11 992 1002 0 1
0.0561261 0.0361545 1000 0.010387 -0.0367135 11.2312 60.9857 -13 993 0 0 1
-0.0319429 0.00105747 1000 -0.0692827 -0.0518854 12.753 52.8928 -13 994 0 0 1
-0.92208 -0.932629 1000 -0.0236456 0.0620363 0.0213175 57.737 11 994 1001 0 1
-0.0313233 -0.186469 1000 -0.122526 0.0815934 13.8816 37.9872 -13 995 0 0 1
0.0286544 -0.157165 1000 -0.0418019 -0.0450012 13.0104 52.979 -13 996 0 0 1
-0.0993722 0.168113 1000 0.0640706 0.0121991 14.5021 33.7582 -13 997 0 0 1
0.0697338 0.259296 1000 0.020987 -0.0431628 10.1695 60.3093 -13 998 0 0 1
-0.23732 -0.0895188 1000 0.0435781 0.0984147 7.26623 53.5295 -13 999 0 0 1
4.15964 -1.28033 1000 -0.0254132 -0.00236029 0.0310039 53.6509 11 999 1001 0 1
0.12509 0.0871822 1000 0.0331898 -0.0221937 8.37973 64.2022 -13 1000 0 0 1
