#BLTrackFile NTuple/Z180
#x y z Px Py Pz t PDGid EventID TrackID ParentID Weight
#mm mm mm MeV/c MeV/c MeV/c ns - - - - -
-0.00512472 -0.00223674 180 0.000207834 0.0120811 11.5271 24.6986 -13 1 0 0 1
-0.0273977 -0.020549 180 0.000227091 0.00394133 12.5824 27.6767 -13 2 0 0 1
0.0853732 0.0493448 180 -0.0191936 -0.0322953 9.8759 9.06574 -13 3 0 0 1
-0.545008 1.4999 180 0.0241523 0.0143144 0.0851972 6.47272 11 3 1001 0 1
-0.0111908 -0.00650688 180 -0.00737273 0.00321879 11.1578 10.0177 -13 4 0 0 1
0.0228311 0.155353 180 0.0655534 -0.0118004 6.93272 16.6133 -13 5 0 0 1
0.0349043 0.182759 180 0.0424392 -0.0519821 7.683 30.5235 -13 6 0 0 1
-0.0106474 -0.0198489 180 -0.00933007 0.0012553 12.0475 18.8759 -13 7 0 0 1
-0.0148993 -0.0071138 180 0.00446865 0.0234535 5.20367 27.1355 -13 8 0 0 1
-0.0153716 0.134177 180 0.0481609 0.00101252 13.6566 28.2162 -13 9 0 0 1
-0.0632044 0.0493994 180 0.0128217 0.0216545 13.2434 9.87339 -13 10 0 0 1
-0.0317339 -0.0117545 180 -0.00545579 0.0122541 10.6537 8.87047 -13 11 0 0 1
-0.0751168 0.0305384 180 -0.0171473 0.0114263 11.8269 9.54663 -13 12 0 0 1
0.091105 -0.12063 180 -0.0350508 -0.0045969 3.9722 22.1834 -13 13 0 0 1
0.00646472 -0.0525222 180 0.00197794 0.000219655 10.3413 9.29706 -13 14 0 0 1
-0.982962 -0.497829 180 0.00982369 0.00567089 0.0997686 7.97929 11 14 1002 0 1
0.108381 -0.00767884 180 0.0377771 0.0577749 5.34938 31.5558 -13 15 0 0 1
0.0344791 0.147722 180 0.0767098 0.0437311 8.46624 10.5557 -13 16 0 0 1
0.0310171 -0.0274564 180 0.00396717 -0.000259466 14.5169 11.6206 -13 17 0 0 1
0.0266554 0.000719148 180 0.0244014 -0.0100287 13.0952 33.9859 -13 18 0 0 1
0.0592649 -0.0135209 180 -0.00297229 -0.00855314 8.30367 25.5524 -13 19 0 0 1
0.287494 -1.08571 180 -0.197946 0.0423574 2.70841 41.4572 -13 20 0 0 1
0.017715 -0.0187839 180 -0.00952686 -0.000467716 14.4293 27.3686 -13 21 0 0 1
-0.17942 0.0386328 180 0.0130739 0.0188195 10.4832 8.01843 -13 22 0 0 1
1.64815 -1.05953 180 -0.0572097 -0.0126538 0.0508783 7.51143 11 22 1002 0 1
0.0428503 0.000743425 180 -0.00820964 -0.00784784 11.7889 35.0675 -13 23 0 0 1
0.0156676 0.0719548 180 -0.0230676 0.0243779 8.35104 35.0403 -13 24 0 0 1
0 0 180 0 0 14.3715 18.7657 -13 25 0 0 1
0.0728115 0.0910108 180 -0.000295426 -0.0268956 8.95949 22.9429 -13 26 0 0 1
-0.12986 -0.109424 180 -0.020389 0.0109261 8.49104 18.0928 -13 27 0 0 1
-0.0496621 0.0095145 180 0.00299998 0.0237791 11.5882 33.4898 -13 28 0 0 1
-0.0758854 0.0448079 180 0.0184823 0.012038 7.0733 30.8202 -13 29 0 0 1
0.103659 0.100979 180 0.0661393 -0.0154972 13.6232 7.22863 -13 30 0 0 1
-0.959547 -0.391106 180 0.0095146 -0.0461629 0.0408554 8.05639 11 30 1002 0 1
0.0226168 0.0366729 180 0.00532753 4.23087e-05 10.3772 10.6691 -13 31 0 0 1
-0.185246 -0.0251914 180 0.0016503 0.0462049 8.52945 13.3386 -13 32 0 0 1
0.45274 -0.0569143 180 0.20763 -0.00515352 3.70022 42.7082 -13 33 0 0 1
-0.0769177 -0.0603371 180 0.00553122 0.0767724 13.6521 26.4621 -13 34 0 0 1
0.579712 -0.680461 180 -0.0181584 -0.0529047 0.051691 27.5677 11 34 1001 0 1
-0.0137694 0.329326 180 0.0307068 0.0377328 5.29027 39.1468 -13 35 0 0 1
0.0423856 0.144618 180 0.0480205 0.0130065 8.62363 31.9292 -13 36 0 0 1
-0.00947227 -0.0175213 180 -0.014173 0.00708119 10.4195 34.5399 -13 37 0 0 1
-0.0302032 0.0707349 180 0.0160504 0.0173524 11.8599 29.1311 -13 38 0 0 1
0.00524279 -0.00424808 180 -0.000509995 -0.00212622 9.53517 17.2823 -13 39 0 0 1
-0.0079029 0.00218712 180 -0.0167003 -0.00303936 10.9518 26.7561 -13 40 0 0 1
-0.0161214 0.0926268 180 0.026862 0.00858478 8.92902 10.6425 -13 41 0 0 1
-0.0388144 0.00983558 180 0.000723078 0.0167813 9.93602 28.4146 -13 42 0 0 1
0.00673082 -0.061457 180 -0.0177723 0.000221357 14.4237 16.5804 -13 43 0 0 1
-0.112111 -0.155849 180 -0.0314204 -0.0206127 11.3137 24.8268 -13 44 0 0 1
0.0635553 -0.0276135 180 -0.00990691 -0.0143305 10.8877 30.8265 -13 45 0 0 1
-0.230584 0.0142845 180 0.0179214 0.0703605 5.12912 17.103 -13 46 0 0 1
0.556517 -0.260766 180 0.00267195 0.00212144 0.048942 16.7144 11 46 1002 0 1
-0.00473544 -0.00450546 180 -0.0116475 0.000284593 11.4276 14.046 -13 47 0 0 1
0.0965359 0.166839 180 -0.169029 -0.0259545 6.80816 19.9689 -13 48 0 0 1
-0.0491138 0.0419017 180 -0.0177063 0.0420379 13.2765 11.5364 -13 49 0 0 1
0.0497091 -0.0189332 180 -0.0142973 0.0291283 4.48658 41.7849 -13 50 0 0 1
-0.0531237 0.0278167 180 0.0217247 0.00381556 8.41915 19.9983 -13 51 0 0 1
0.0262106 0.0240797 180 0.0622879 0.109094 2.87233 44.3037 -13 52 0 0 1
0.0540524 0.00887822 180 -0.0149247 -0.0106478 8.24298 9.59316 -13 53 0 0 1
0.207476 -0.26386 180 -0.0595906 -0.0252761 3.31132 24.0645 -13 54 0 0 1
0.025559 0.016194 180 0.0141799 -0.00438096 10.4164 25.9708 -13 55 0 0 1
0 0 180 0 0 14.1321 13.7855 -13 56 0 0 1
0.00186958 -0.00255516 180 -0.00552843 -0.00878943 9.80785 34.1976 -13 57 0 0 1
-0.0355296 0.00670276 180 -0.00585956 0.0127731 8.33633 15.1694 -13 58 0 0 1
-0.0647321 0.0464863 180 -0.0192679 0.0623141 7.1252 26.5181 -13 59 0 0 1
-0.0184644 -0.0266187 180 -0.0344473 0.0150661 8.33274 29.6161 -13 60 0 0 1
0.0141485 -0.0139597 180 -0.0188951 0.00806705 13.9548 20.3466 -13 61 0 0 1
-0.0193396 -0.11606 180 -0.0295279 -0.0155571 9.38097 19.9082 -13 62 0 0 1
0.0624483 -7.23338e-05 180 0.0117327 -0.028226 14.0212 33.0456 -13 63 0 0 1
0.123455 -0.0422917 180 -0.0161009 -0.0424442 8.92259 20.1817 -13 64 0 0 1
-0.0659494 -0.175128 180 -0.0557691 0.00574782 5.19398 17.5317 -13 65 0 0 1
0.232121 -1.80519 180 -0.0175183 -0.0105869 0.0295113 17.4695 11 65 1002 0 1
-0.00610333 0.0653954 180 0.0248613 -0.00890339 7.42765 22.1393 -13 66 0 0 1
-0.0096924 0.0155487 180 0.00119483 0.00643588 11.5432 18.3393 -13 67 0 0 1
0.0282053 0.149542 180 0.0565139 -0.0107822 10.6736 25.8258 -13 68 0 0 1
0.0441131 -0.246377 180 -0.0571985 0.00955707 5.51634 25.5696 -13 69 0 0 1
0.0101185 0.0154116 180 0.0233654 0.00130003 11.1826 11.2246 -13 70 0 0 1
2.06331e-05 0.00782035 180 -0.00343683 0.0140197 11.6943 9.64164 -13 71 0 0 1
-0.0257983 -0.156224 180 -0.0434401 0.0143615 10.3915 7.99209 -13 72 0 0 1
0.11031 0.0347085 180 -0.0108769 -0.0353182 6.17636 32.2876 -13 73 0 0 1
-0.0665644 -0.0136794 180 -0.00600431 0.0246514 10.751 21.0095 -13 74 0 0 1
-0.131949 0.176161 180 0.0262582 0.0474488 7.83932 36.3269 -13 75 0 0 1
-0.020795 -0.0158626 180 0.0303587 -0.021827 12.5014 30.9905 -13 76 0 0 1
-0.00479917 0.0150236 180 -0.0152083 -0.0186304 8.24785 34.138 -13 77 0 0 1
0.00520963 -0.0181206 180 -0.00999292 -0.00743319 13.5574 18.5956 -13 78 0 0 1
0.00140742 -0.000505678 180 -0.0062178 -0.00739218 12.6886 30.3415 -13 79 0 0 1
0.0549852 -0.0458802 180 -0.0187376 -0.00940583 10.321 34.3734 -13 80 0 0 1
0.0467176 0.0206908 180 -0.0238015 -0.0756302 8.71395 30.6697 -13 81 0 0 1
0 0 180 0 0 13.2123 28.274 -13 82 0 0 1
-0.02339 0.00510241 180 -0.0195436 -0.00373647 9.87458 25.6573 -13 83 0 0 1
-0.0703901 0.130941 180 0.0777093 0.0102064 6.38914 23.8637 -13 84 0 0 1
0 0 180 0 0 13.6152 8.86376 -13 85 0 0 1
0.0569782 0.0315525 180 0.013119 0.0235049 7.99446 21.3386 -13 86 0 0 1
0.0802604 -0.175094 180 -0.0671766 0.00938028 2.76839 50.0055 -13 87 0 0 1
0.0920259 -0.0360965 180 -0.00366281 -0.0313452 8.54738 16.2222 -13 88 0 0 1
-0.0190222 -0.0708572 180 -0.0227736 0.000577504 10.0012 17.6206 -13 89 0 0 1
0.025733 0.052811 180 0.0373409 0.0141283 6.73295 18.5263 -13 90 0 0 1
-0.123791 -0.106209 180 -0.0520041 -0.0106328 7.19472 36.5842 -13 91 0 0 1
0.072831 0.0570129 180 0.0183468 0.00244343 6.7365 37.5466 -13 92 0 0 1
0.0798402 0.0753583 180 -0.0926992 0.286601 7.71938 34.4309 -13 93 0 0 1
0.113504 0.0162057 180 0.0332586 -0.0328996 5.91858 19.9795 -13 94 0 0 1
-0.0288778 -0.0563617 180 -0.0194185 -0.0314586 10.7927 18.054 -13 95 0 0 1
1.16368 -0.640869 180 -0.019871 -0.234946 2.742 28.5986 -13 96 0 0 1
0.00226891 0.00979688 180 -0.00428838 0.00855922 12.8748 20.3879 -13 97 0 0 1
-0.0416613 0.0892993 180 0.0293616 0.00737908 9.59373 15.0923 -13 98 0 0 1
0.0144191 0.0339356 180 0.0119205 -0.00471647 14.0217 10.1285 -13 99 0 0 1
-0.0568838 -0.124429 180 -0.0766139 0.0403432 12.3239 6.49364 -13 100 0 0 1
0.00746036 0.0955223 180 -0.0283242 -0.059232 4.86741 29.3652 -13 101 0 0 1
-0.0472576 0.951237 180 -0.08104 -0.0658497 1.95531 41.6703 -13 102 0 0 1
-0.0263287 0.0103942 180 0.00392407 0.00654407 9.98604 30.0583 -13 103 0 0 1
0.04685 0.0279995 180 0.00522124 -0.00834285 9.62634 19.9756 -13 104 0 0 1
0.0131649 0.017726 180 -0.000142579 0.0154441 8.85092 14.3271 -13 105 0 0 1
0.081921 -0.0941295 180 0.00985693 -0.0112579 10.3357 34.5921 -13 106 0 0 1
-0.0369851 -0.0152653 180 0.0099635 0.000751997 13.7662 22.7348 -13 107 0 0 1
0.0390546 0.0110183 180 0.0140185 -0.0200968 7.38944 21.706 -13 108 0 0 1
-0.0228917 -0.00214511 180 -0.0101726 0.0017327 13.5817 5.74312 -13 109 0 0 1
-0.160543 0.0267943 180 -0.00176925 0.0350865 5.59721 14.8261 -13 110 0 0 1
0.0522031 0.0493805 180 0.0110126 -0.00526705 9.8619 10.6253 -13 111 0 0 1
-0.26344 -0.219212 180 -0.0571053 0.0967478 7.72151 12.6405 -13 112 0 0 1
-0.00410994 -0.0342199 180 -0.0127578 0.000486316 11.9696 15.9459 -13 113 0 0 1
0.0184366 0.00247997 180 0.0431996 0.0304945 8.10175 14.9845 -13 114 0 0 1
-0.421767 -0.0175805 180 -0.360915 0.155672 13.2292 24.7858 -13 115 0 0 1
-0.0148964 -0.0740314 180 -0.0355508 0.00562986 10.3231 35.7645 -13 116 0 0 1
0.00258779 0.022395 180 0.00982183 -0.0422059 11.5887 10.9814 -13 117 0 0 1
-0.0302311 -0.103327 180 0.0595893 -0.0142751 5.95276 16.3013 -13 118 0 0 1
-0.025105 -0.0112623 180 -0.00624872 0.0279453 10.9892 25.8804 -13 119 0 0 1
0.00653819 0.0450404 180 -0.00422618 0.00652743 7.55106 22.8346 -13 120 0 0 1
-0.0162606 0.0320734 180 0.0204324 0.023394 8.00384 36.2933 -13 121 0 0 1
-0.0863445 -0.0433052 180 -0.00233743 0.0422034 9.07276 13.9106 -13 122 0 0 1
-0.0476097 0.102422 180 0.056886 0.00192091 5.16486 35.2115 -13 123 0 0 1
-0.0923185 -0.0482632 180 -0.0337143 0.00898845 13.0021 20.5535 -13 124 0 0 1
0 0 180 0 0 11.4856 32.4438 -13 125 0 0 1
-0.0313256 -0.0221533 180 -0.00245494 0.00444633 11.7398 30.8655 -13 126 0 0 1
-0.00980473 0.00718998 180 0.0145594 -0.0144695 9.67193 12.8984 -13 127 0 0 1
-0.0362543 -0.0184594 180 -0.0127253 -1.21496e-05 13.5117 14.7484 -13 128 0 0 1
-0.0746098 -0.00508142 180 0.00941586 0.0513223 13.5067 17.8154 -13 129 0 0 1
0.0541058 -0.0219288 180 -0.00740843 -0.0156395 10.47 28.7335 -13 130 0 0 1
-0.270494 -0.175948 180 -0.0456941 0.0833112 9.20554 15.5851 -13 131 0 0 1
0.125492 -0.204635 180 0.133407 -0.159703 13.2468 27.6091 -13 132 0 0 1
-0.0202805 -0.0419816 180 -0.0563711 0.0148354 14.5308 23.7126 -13 133 0 0 1
0.00488104 -0.236607 180 -0.0480793 0.00831191 7.31467 27.931 -13 134 0 0 1
-0.049718 0.0153115 180 -0.0270615 0.0385719 13.3696 9.46749 -13 135 0 0 1
0.016436 -0.0802557 180 -0.02096 -0.0119599 12.9895 17.1821 -13 136 0 0 1
-0.0676921 0.142056 180 -0.0149286 0.00487775 7.30468 13.3764 -13 137 0 0 1
0.000943502 -0.0879843 180 -0.0229858 -0.0100821 4.72836 19.2495 -13 138 0 0 1
-0.0227485 0.0586952 180 0.0309991 -0.0391718 11.5085 25.6333 -13 139 0 0 1
-0.0430744 -0.0319548 180 -0.011984 0.0162562 14.1512 29.9743 -13 140 0 0 1
0.00208113 -0.00631635 180 0.00380044 -0.000207808 13.8305 6.1322 -13 141 0 0 1
-0.0617939 0.00932861 180 0.0119255 0.0247955 13.7586 16.7139 -13 142 0 0 1
0.00948263 -0.0710635 180 -0.0149268 0.000489314 11.0451 11.7864 -13 143 0 0 1
0 0 180 0 0 14.4002 25.4474 -13 144 0 0 1
-0.0241756 -0.0152024 180 0.00128909 -0.00825042 9.88279 32.1597 -13 145 0 0 1
0.195421 -0.100309 180 -0.0297609 -0.0550237 9.25185 17.9463 -13 146 0 0 1
-0.150524 -0.0922452 180 -0.0386318 0.0440129 11.2469 21.3406 -13 147 0 0 1
0.0415372 0.025734 180 0.0168488 -0.00468862 7.4348 22.2705 -13 148 0 0 1
0.00646707 0.0408735 180 0.0802485 -0.0112263 7.06906 18.0458 -13 149 0 0 1
-0.00602131 -0.0126477 180 -0.0120366 0.00420063 13.8564 25.5676 -13 150 0 0 1
-0.0540682 -0.0287115 180 -0.0143513 -0.0081611 8.12827 11.7451 -13 151 0 0 1
0.0102299 0.0418302 180 0.0153662 -0.00213402 14.1406 29.1484 -13 152 0 0 1
0.0558685 -0.0238819 180 -0.0397244 -0.00110582 13.7011 28.7384 -13 153 0 0 1
0.0587048 -0.047919 180 -0.0208349 -0.0562489 9.48174 24.3531 -13 154 0 0 1
-0.0227987 -0.000709345 180 -0.00820939 0.00873789 9.97776 32.0329 -13 155 0 0 1
0.0508971 -0.0094418 180 -0.0091525 -0.0198506 11.9944 22.4641 -13 156 0 0 1
0.00769744 0.0317482 180 0.00383412 -0.00728295 13.2513 14.4455 -13 157 0 0 1
-0.147128 -0.0606139 180 -0.0675955 0.0741723 8.49211 18.2218 -13 158 0 0 1
0.0207215 0.0100779 180 0.00996943 -0.00961318 14.343 27.7749 -13 159 0 0 1
-0.155292 -0.0590566 180 -0.0502674 0.0133539 7.57007 17.5872 -13 160 0 0 1
0.0108817 -0.00892792 180 0.00501647 0.000253207 14.1155 11.8841 -13 161 0 0 1
0.206149 0.0571123 180 0.0748045 -0.0948246 9.7819 22.231 -13 162 0 0 1
2.86642 -2.27477 180 0.0346909 0.0144139 0.0418598 22.8114 11 162 1002 0 1
7.8443 -10.0969 180 -0.0248945 -0.0211099 -0.028229 29.363 11 162 1002 0 1
-0.0249357 0.00753002 180 0.0101968 0.0371315 9.77989 9.97028 -13 163 0 0 1
-0.00832378 -0.00139298 180 0.0142333 0.00483817 14.2262 25.0381 -13 164 0 0 1
-0.0160768 0.00703727 180 0.00526806 0.00293647 12.3498 30.2386 -13 165 0 0 1
-0.0108258 0.124887 180 0.0543575 0.0294032 11.0387 34.8627 -13 166 0 0 1
-0.0603069 0.0302838 180 -0.00120795 0.0280912 9.89468 11.8023 -13 167 0 0 1
-0.000589507 -0.00872562 180 -0.00373718 -0.00419801 11.4367 6.96031 -13 168 0 0 1
0.0379822 -0.0620336 180 -0.0334036 -0.0152413 13.074 31.684 -13 169 0 0 1
-0.0227819 -0.0698492 180 -0.0463072 -0.00268475 8.96185 26.5002 -13 170 0 0 1
-0.00714553 0.0684893 180 0.0224784 0.00197662 14.52 26.8245 -13 171 0 0 1
0.0496424 0.0250264 180 0.00814983 -0.0253751 11.8717 20.4509 -13 172 0 0 1
-0.0435834 0.0411094 180 0.0233598 -0.00344743 13.0524 6.47169 -13 173 0 0 1
-0.00925182 0.00468953 180 -0.00180374 -0.00438071 9.80798 30.6153 -13 174 0 0 1
0.0198774 0.00977083 180 0.00523838 -0.00302542 10.6844 8.97375 -13 175 0 0 1
0.00145412 0.0228142 180 0.0071031 -0.00800787 10.8036 20.6603 -13 176 0 0 1
0.273661 -0.125908 180 0.000620322 0.0146352 3.69398 23.9207 -13 177 0 0 1
-0.19967 -0.346809 180 -0.106885 0.0620601 5.68394 23.101 -13 178 0 0 1
-0.144423 0.0160458 180 -0.237822 0.193666 5.72897 28.2088 -13 179 0 0 1
-0.883523 0.27439 180 0.0407249 0.211574 7.1937 32.8186 -13 180 0 0 1
0.1118 -0.126088 180 -0.0343566 -0.0748903 8.81805 34.1697 -13 181 0 0 1
-0.00495461 0.0238555 180 0.00904556 0.0138696 9.28684 24.8066 -13 182 0 0 1
-0.0406789 -0.101298 180 -0.0378667 0.0089356 14.037 10.3664 -13 183 0 0 1
-0.00891761 -0.00392715 180 -0.00308254 -0.00960841 12.2918 10.3484 -13 184 0 0 1
-0.132701 -0.106671 180 -0.0237389 0.0376216 11.5121 21.8254 -13 185 0 0 1
0.0154036 0.0165637 180 0.00733284 0.00216222 11.8913 34.9419 -13 186 0 0 1
0.0286786 0.0196599 180 0.0227041 0.00143373 4.90303 17.3034 -13 187 0 0 1
-0.133863 0.0995944 180 0.028359 0.0769909 8.62631 24.4728 -13 188 0 0 1
-0.109796 -0.0838597 180 0.0067835 -0.0530264 5.95046 12.4463 -13 189 0 0 1
0.0221079 0.0450949 180 -0.00483159 -0.00229962 8.45422 13.6771 -13 190 0 0 1
0.0798764 -0.0181353 180 0.0328003 -0.0416724 12.2516 11.6504 -13 191 0 0 1
-0.0280163 0.217399 180 0.0535331 0.00460999 12.0996 11.4429 -13 192 0 0 1
0.0369345 0.181458 180 0.0268264 -0.014807 10.3713 13.6348 -13 194 0 0 1
0.0417307 -0.012161 180 -5.78674e-05 -0.0130289 10.8774 28.2214 -13 195 0 0 1
0.0325687 -0.0529085 180 -0.0123481 -0.0072328 11.707 35.2447 -13 196 0 0 1
-0.306914 0.0214217 180 0.0671873 0.134457 1.47824 54.6008 -13 197 0 0 1
0.00527485 -0.0178033 180 0.0023917 -0.0155452 12.3356 10.1195 -13 198 0 0 1
0.0108389 0.00229635 180 -0.00346805 0.000191286 12.9412 19.6767 -13 199 0 0 1
-0.605054 0.523725 180 0.0305891 0.214788 2.51985 44.0316 -13 200 0 0 1
0.0186278 -0.0595457 180 -0.00872444 -0.0183745 11.6179 27.6506 -13 201 0 0 1
0.0491378 0.16786 180 0.071418 0.0173058 12.0255 26.6249 -13 202 0 0 1
0.0051922 0.0339022 180 0.00865929 -0.00470115 14.468 25.5528 -13 203 0 0 1
-0.0583505 -0.00531188 180 -0.0372307 -0.0021035 5.57286 20.8576 -13 204 0 0 1
-0.0822603 -0.0422717 180 0.00104051 0.0491894 7.2138 20.4137 -13 205 0 0 1
0.162475 -0.237734 180 -0.00711967 0.19677 2.0473 56.1999 -13 206 0 0 1
-0.0135739 0.00737077 180 -0.0059347 -0.0332968 9.25916 35.2843 -13 207 0 0 1
0.511393 0.572069 180 0.0703164 -0.0281675 2.30288 45.0003 -13 208 0 0 1
-0.0122733 0.0780992 180 0.0287687 0.00570038 13.7184 17.9663 -13 209 0 0 1
-0.437879 -0.0579218 180 -0.00716962 0.154642 3.4816 40.3719 -13 210 0 0 1
-0.0834583 0.155347 180 -0.0643869 -0.00765354 6.66152 25.2127 -13 211 0 0 1
0.119124 -0.0428793 180 -0.00519854 -0.0382452 13.9544 6.33642 -13 212 0 0 1
0.0177944 -0.0376407 180 -0.00615663 0.00171165 8.99037 36.4486 -13 213 0 0 1
0.0684696 0.0337195 180 0.0118129 -0.0205638 9.81935 25.1192 -13 214 0 0 1
-0.0385114 -0.0316488 180 0.0560119 0.121728 4.23074 28.998 -13 215 0 0 1
0.0676439 0.0737761 180 0.0243695 -0.0240952 9.91729 19.067 -13 216 0 0 1
-0.00797689 -0.0307285 180 -0.00417804 0.00418926 9.46725 20.1742 -13 217 0 0 1
-0.187064 -0.094975 180 0.0134976 0.0147325 5.3275 27.5013 -13 218 0 0 1
0.00196595 0.0192058 180 0.00387704 -0.00465121 9.777 17.2431 -13 219 0 0 1
-0.0255184 -0.0096459 180 -0.0218786 0.00266964 13.3305 16.9514 -13 220 0 0 1
-0.0638133 -0.074329 180 0.0180823 0.0265159 3.84402 26.173 -13 221 0 0 1
0.00182591 -0.0429413 180 -0.0244322 0.000221869 8.94284 14.5358 -13 222 0 0 1
-0.0106605 -0.0488088 180 -0.0110454 -0.010678 8.69166 11.1731 -13 223 0 0 1
0.0234385 -0.00598458 180 -0.063895 0.0512974 6.19859 39.6152 -13 224 0 0 1
0.10889 5.18189 180 0.0160432 -0.0247389 0.0434186 36.7453 11 224 1004 0 1
0.0106208 0.0145367 180 0.00239546 0.0036076 12.3572 26.4238 -13 225 0 0 1
0.0380741 -0.0595727 180 -0.047342 -0.000107154 10.1128 25.7163 -13 226 0 0 1
-0.0217415 0.00931177 180 -0.0657623 0.04291 12.632 25.1508 -13 227 0 0 1
-0.0206737 -0.0583613 180 -0.014601 0.0214078 13.5123 18.3953 -13 228 0 0 1
0.0271758 0.0188138 180 -0.00109902 -0.0127764 13.4538 15.9141 -13 229 0 0 1
-0.0368421 0.0301235 180 0.000196261 0.00577155 11.986 7.16751 -13 230 0 0 1
-0.0031591 0.152778 180 0.0442862 0.0432406 9.04163 33.6546 -13 231 0 0 1
1.00925 -1.28303 180 0.0346626 -0.0254753 0.0333423 34.1472 11 231 1001 0 1
0.0593351 0.054529 180 0.00954278 0.00170896 6.33125 29.4327 -13 232 0 0 1
0.364117 -0.148761 180 0.0118212 0.00350394 0.0430868 28.9798 11 232 1002 0 1
-0.259577 -0.181586 180 -0.0952173 0.0199747 10.9873 34.1188 -13 233 0 0 1
-0.00182302 0.0269725 180 0.0375618 -0.0272644 12.4966 8.47429 -13 234 0 0 1
0.103003 0.0765492 180 0.00447217 -0.0102398 6.37861 33.8547 -13 235 0 0 1
0.130863 -0.0328082 180 -0.0212711 -0.0533752 4.65236 34.1973 -13 236 0 0 1
-0.0581152 0.0634016 180 0.0363682 0.0116176 8.3944 23.0438 -13 237 0 0 1
0.545834 -5.24476 180 0.0254069 -0.0247851 0.0212889 26.9331 11 237 1001 0 1
0.0414708 0.033475 180 0.0568556 -0.00678426 9.52247 12.1385 -13 238 0 0 1
0.0312333 -0.00607462 180 0.00694374 -0.00882118 12.7938 17.0651 -13 239 0 0 1
0.0517888 -0.0701421 180 -0.0144254 -0.0263906 12.7616 10.7413 -13 240 0 0 1
-0.0982988 -0.0714119 180 -0.0537162 -0.00726767 12.8153 7.54801 -13 241 0 0 1
0.000913454 0.049878 180 0.0143204 -0.0175734 10.9403 22.5446 -13 242 0 0 1
-0.0423959 0.0183368 180 0.0245775 -0.0016523 13.8052 32.8332 -13 243 0 0 1
0.0027391 0.227869 180 0.0665593 0.0086324 8.6839 31.2132 -13 244 0 0 1
-0.0023595 0.0217676 180 -0.00168264 -0.00564346 12.9315 17.6773 -13 245 0 0 1
0.0887071 -0.067666 180 -0.0251693 -0.00236254 8.12577 17.1825 -13 246 0 0 1
0.0892096 0.111298 180 0.0482352 -0.0674399 11.6537 16.3166 -13 247 0 0 1
-0.00182441 -0.00874016 180 -0.0041285 -0.00687475 11.8437 33.2157 -13 248 0 0 1
0.0408931 -0.00172241 180 -0.00404291 -0.00598768 12.3582 16.3014 -13 249 0 0 1
0.0546351 0.0250126 180 0.0174261 -0.0081527 10.3674 25.9669 -13 250 0 0 1
0.103387 0.0350235 180 0.0330865 -0.0313773 8.37272 34.2165 -13 251 0 0 1
0.0107313 -0.00519446 180 -0.000671248 0.00142365 12.9871 12.8628 -13 252 0 0 1
0.0121399 -0.0221157 180 0.0676745 0.101284 11.9359 26.9321 -13 253 0 0 1
0.122841 -0.0170302 180 0.0225965 -0.013854 8.34992 12.5934 -13 254 0 0 1
-0.0214766 -0.0134333 180 -0.00829504 0.0256586 12.0843 13.2983 -13 255 0 0 1
0.112948 -0.00588641 180 0.0156707 -0.0481122 12.2591 6.33001 -13 256 0 0 1
-0.00967099 0.0337648 180 0.0121476 0.035348 11.2943 17.1788 -13 257 0 0 1
0.0306404 0.0573289 180 0.0196293 0.0138356 11.7419 22.5432 -13 258 0 0 1
0.00862778 0.00751022 180 -0.00194009 -0.00608912 14.465 10.1781 -13 259 0 0 1
-0.00518638 -0.00793292 180 0.00280193 -0.0145964 14.2229 28.5766 -13 260 0 0 1
-0.0272232 -0.0299205 180 -0.0154592 0.0628232 13.8501 20.0106 -13 261 0 0 1
0.00601336 -0.0499589 180 -0.034441 -0.0324376 12.9648 24.5423 -13 262 0 0 1
0.0351564 -0.0529822 180 -0.0151685 -0.011114 10.5481 14.0075 -13 263 0 0 1
0.155238 0.065551 180 -0.124962 -0.0590487 3.85291 40.6809 -13 264 0 0 1
0.0507172 -0.062545 180 0.00316061 -0.0306996 12.814 29.0404 -13 265 0 0 1
-0.0210678 0.0365557 180 0.00216299 0.00253924 11.3368 30.5118 -13 266 0 0 1
0.0306065 -0.0127221 180 -0.0126357 0.0024981 14.0694 27.386 -13 267 0 0 1
0.0214916 -0.00606165 180 0.0266686 -0.0133676 12.2777 11.166 -13 268 0 0 1
0.00040529 -0.0339405 180 -0.0126424 0.00996034 11.9209 17.5873 -13 269 0 0 1
0.0429866 -0.0797855 180 -0.0408906 0.0558867 3.57786 46.8176 -13 270 0 0 1
0.115362 -0.0277687 180 -0.00651767 -0.00609862 7.35064 36.4804 -13 271 0 0 1
0.00983034 -0.0065484 180 -0.000625953 -0.0117357 14.4728 14.6988 -13 272 0 0 1
0.0161871 -0.101356 180 -0.00660674 -0.00644296 8.14412 18.5838 -13 273 0 0 1
-0.00879912 -0.0239607 180 -0.00717175 0.00185622 12.6225 32.4389 -13 274 0 0 1
-0.0201224 0.0152888 180 -0.0107596 -0.0263998 8.82364 27.2756 -13 275 0 0 1
0.0633267 -0.0109238 180 -0.00345675 -0.0188242 11.545 11.6392 -13 276 0 0 1
0.0360391 0.0548701 180 0.00671926 -0.0203433 9.64257 32.0662 -13 277 0 0 1
0.0243769 -0.0116391 180 0.0112311 -0.0202303 13.7641 17.7422 -13 278 0 0 1
-0.0137729 -0.0163703 180 -0.00528524 0.00538277 13.3571 25.7659 -13 279 0 0 1
0.221735 0.0382394 180 -0.029303 -0.0666481 6.35623 16.8203 -13 280 0 0 1
-10.366 4.85297 180 -0.000320971 -0.0021362 0.0359228 15.9151 11 280 1002 0 1
-0.00325346 0.017923 180 0.0211142 0.020353 8.18451 28.1891 -13 281 0 0 1
0.0264577 0.00770537 180 0.00893578 -0.00313681 9.55136 30.3876 -13 282 0 0 1
-0.0260509 0.0127258 180 -0.00547306 0.00504963 10.7277 13.5803 -13 283 0 0 1
-0.0214254 -0.0737828 180 -0.030117 -0.0253736 7.24873 22.7535 -13 284 0 0 1
-0.459685 -0.480527 180 -0.105197 0.0800138 3.40793 46.49 -13 285 0 0 1
-0.0584467 0.0100304 180 0.0104399 0.0147277 6.83844 35.7189 -13 286 0 0 1
0.0626474 0.0672023 180 0.00613543 0.00969293 10.9012 34.4242 -13 287 0 0 1
0.0045701 0.000884511 180 0.00771915 0.00400793 11.9817 31.194 -13 288 0 0 1
-0.0126642 -0.0786427 180 -0.0316568 0.00716862 9.48845 24.6884 -13 289 0 0 1
0.00192949 0.104238 180 0.0308334 0.033457 9.0842 16.0426 -13 290 0 0 1
-4.57311 -2.0648 180 0.0339196 -0.0246404 0.0190092 19.5164 11 290 1001 0 1
0.0692493 -0.00610198 180 0.0354753 -0.00434255 6.98938 28.3157 -13 291 0 0 1
0.0083002 0.0213852 180 -0.014133 -0.00281965 13.2784 8.44807 -13 292 0 0 1
0.0401725 0.0219294 180 0.0153345 -0.0143687 7.42988 38.0349 -13 293 0 0 1
-0.0562408 0.000117524 180 -0.0024181 0.0265479 13.8299 34.5312 -13 294 0 0 1
-0.210729 -0.00941191 180 -0.0721291 0.018768 7.30042 32.1973 -13 295 0 0 1
0.231205 -0.103898 180 0.00926929 -0.0586402 6.06877 26.0031 -13 296 0 0 1
-0.932964 1.68034 180 -0.0111558 0.0232645 0.0314706 25.9157 11 296 1002 0 1
-0.0708557 -0.0265761 180 -0.0080078 0.0182963 11.9953 10.4934 -13 297 0 0 1
0.0467319 -0.339284 180 -0.101429 0.0517127 2.30797 54.2908 -13 298 0 0 1
-0.0063585 -0.00074739 180 0.00230191 0.00121715 12.1961 18.3757 -13 299 0 0 1
-0.0574061 0.00247504 180 -0.00307452 -0.0438461 3.54555 44.8932 -13 300 0 0 1
-0.0459312 -0.0142428 180 0.0559517 0.00669418 8.27091 34.6272 -13 301 0 0 1
0.105624 0.0128408 180 -0.0683451 -0.0764536 7.56959 24.7658 -13 302 0 0 1
0.580137 -3.81361 180 0.00100182 0.00412462 0.0506558 24.6353 11 302 1001 0 1
-0.0540606 0.0150141 180 0.00724807 0.0238374 11.6727 18.8925 -13 303 0 0 1
0.153497 -0.149342 180 -0.0516985 -0.0356654 7.76574 25.8742 -13 304 0 0 1
-0.0031663 -0.0113012 180 -0.00335964 -0.0119713 11.1001 16.3208 -13 305 0 0 1
0.012878 -0.0325109 180 -0.00425938 -0.0102764 9.73778 22.4141 -13 306 0 0 1
0.141519 -0.0971428 180 0.00364092 -0.0368425 4.59861 25.8522 -13 307 0 0 1
0.0518955 0.00717522 180 0.00989468 -0.0102547 12.3913 12.1034 -13 308 0 0 1
-0.0238154 0.022112 180 -0.0517934 -0.0704164 9.59081 27.2199 -13 309 0 0 1
0.097199 0.00725509 180 -0.0554291 -0.0314095 5.78344 20.94 -13 310 0 0 1
0.0045309 -0.0512131 180 -0.00956523 -0.0188867 14.0125 22.1401 -13 311 0 0 1
-0.00706667 0.00766297 180 0.00761894 -0.000707212 12.1694 12.6806 -13 312 0 0 1
-0.0231632 0.052914 180 0.0082021 0.0220009 13.0529 7.17692 -13 313 0 0 1
0.0359148 0.0121441 180 -0.00910939 0.00171773 13.8277 6.67719 -13 314 0 0 1
-0.0306537 -0.059818 180 -0.0477117 -0.000295198 11.637 9.76538 -13 315 0 0 1
-0.0998573 -0.0485384 180 -0.0213949 0.0182206 9.11223 13.9705 -13 316 0 0 1
-0.222549 0.259877 180 -0.028265 0.00460664 3.0451 29.2622 -13 317 0 0 1
0.0930236 0.0784126 180 0.0578088 -0.0228962 6.1448 16.4451 -13 318 0 0 1
-0.0191064 0.00698686 180 0.00741739 0.00848005 13.8164 10.8325 -13 320 0 0 1
-0.0392592 -0.00754418 180 -0.000155231 0.0338428 10.0154 12.4294 -13 321 0 0 1
0.107599 -0.00631733 180 -0.0026713 -0.030264 12.7618 11.201 -13 322 0 0 1
0.0358101 -0.0480065 180 0.0458116 0.0236775 6.22271 18.2763 -13 323 0 0 1
0.168407 -0.251295 180 -0.223501 0.0670674 2.21086 50.3923 -13 324 0 0 1
0.165945 -0.00580756 180 0.091686 -0.0349421 11.4628 32.8273 -13 325 0 0 1
-0.054066 -0.0367322 180 -0.00718886 0.0119225 10.732 26.7793 -13 326 0 0 1
-0.00708643 0.00749445 180 -0.00383065 0.00409728 12.4806 18.6586 -13 327 0 0 1
-0.430953 -0.110024 180 -0.00507248 0.211403 4.39596 35.5528 -13 328 0 0 1
0.0259036 0.0216406 180 0.0157952 -0.015502 11.9989 28.0005 -13 329 0 0 1
0.0350343 -3.52777e-05 180 -0.00501658 -0.00938362 9.01786 15.7465 -13 330 0 0 1
0.0126729 -0.0351125 180 0.00124947 -0.0416707 5.66722 12.6562 -13 331 0 0 1
0.0502327 0.151052 180 0.0844859 -0.0248505 5.08766 19.1228 -13 332 0 0 1
-0.00991711 -0.0119266 180 -0.0150748 0.00857893 9.8922 18.1952 -13 333 0 0 1
0 0 180 0 0 12.8607 8.03398 -13 334 0 0 1
0 0 180 0 0 14.258 26.0662 -13 335 0 0 1
0.0273038 -0.112544 180 -0.0138257 0.0171585 5.79694 25.3059 -13 336 0 0 1
0.0470301 0.0307278 180 0.0079656 -0.0120369 13.7411 23.479 -13 337 0 0 1
0.0391449 0.0386043 180 0.0373445 -0.0110765 9.67531 31.6077 -13 338 0 0 1
0.0595217 -0.0143132 180 0.00748772 -0.0152422 9.36377 36.0142 -13 339 0 0 1
-0.659621 -0.495704 180 0.148957 -0.215337 2.01113 55.9347 -13 340 0 0 1
0.0124903 -0.0230701 180 -0.00465227 -0.0106767 12.468 33.1398 -13 341 0 0 1
0.748758 -0.549848 180 -0.0799452 0.0560147 0.551804 77.6274 -13 342 0 0 1
0.320382 0.310384 180 0.0708295 0.000658489 2.60292 51.6784 -13 343 0 0 1
0.000802216 -0.0117504 180 -0.00349785 0.00441998 13.2578 11.6461 -13 344 0 0 1
0.0464552 0.0535398 180 -0.0110077 0.003804 9.72949 7.72339 -13 345 0 0 1
0.0301595 -0.0133278 180 -0.00460958 -0.0183898 13.4637 20.3276 -13 346 0 0 1
-0.00978244 0.0387032 180 0.0130165 -0.0120258 12.1232 20.3634 -13 347 0 0 1
0.0164829 0.000804417 180 -0.0313584 -0.00673192 13.8012 31.4516 -13 348 0 0 1
0.119348 -0.142859 180 -0.0589286 -0.0290695 7.13887 23.5568 -13 349 0 0 1
-0.969701 0.2627 180 -0.0117314 0.0227023 0.0567476 23.3051 11 349 1001 0 1
0.0104297 -0.027553 180 -0.00171468 -0.00116327 7.82255 31.8512 -13 350 0 0 1
4.23204 0.621674 180 0.538791 -0.840305 4.6087 22.1796 -13 351 0 0 1
0.303422 -0.776216 180 -0.159883 -0.141367 4.39099 26.7701 -13 352 0 0 1
-1.54026 -1.26207 180 0.0240902 0.296051 1.28422 46.0537 -13 353 0 0 1
-0.0356212 -0.0952007 180 0.00150013 0.0717138 10.875 33.6102 -13 354 0 0 1
-0.201242 -0.589984 180 -0.0786521 -0.106217 3.51423 36.9854 -13 355 0 0 1
-0.0284379 0.0181799 180 0.00448428 0.0280934 9.79885 34.82 -13 356 0 0 1
-0.0199951 0.138597 180 0.0550588 -0.0163938 10.6956 33.7596 -13 357 0 0 1
0.0281576 0.036854 180 0.0437663 0.0415701 10.9214 23.7845 -13 358 0 0 1
-2.82277 2.65986 180 -0.0447159 0.00993369 0.0249127 27.1104 11 358 1002 0 1
0.0474434 0.012541 180 0.0126973 -0.00755995 11.8042 12.0836 -13 359 0 0 1
-0.00528211 0.0182963 180 -0.00193676 -0.011169 13.5212 26.7404 -13 360 0 0 1
-0.0931326 -0.220024 180 -0.0584987 0.0561374 4.03447 21.913 -13 361 0 0 1
-0.0250232 0.0851864 180 0.0109139 0.00685348 8.78069 8.6713 -13 362 0 0 1
0.0120907 -0.00270454 180 0.00887246 -0.0104708 12.218 34.1372 -13 363 0 0 1
-0.0136478 -0.00256405 180 0.0327596 0.00580016 14.4626 9.6478 -13 364 0 0 1
0.0465168 -0.023768 180 0.00968375 0.00362798 11.8576 10.6165 -13 365 0 0 1
-0.0220482 0.046937 180 0.0378187 -0.0309735 7.93165 9.48216 -13 366 0 0 1
-0.1752 -0.0493837 180 -0.0541027 0.044167 11.7246 30.5075 -13 367 0 0 1
0.00996054 -0.106573 180 -0.00252009 0.0125368 6.11844 30.2301 -13 368 0 0 1
-0.209823 0.500497 180 0.211536 -0.112838 2.37697 46.7041 -13 369 0 0 1
-0.0307001 0.0140531 180 -0.0253161 -0.0202051 6.5448 14.1357 -13 370 0 0 1
-0.040092 0.474631 180 0.15587 0.0514927 14.5292 22.5754 -13 371 0 0 1
-3.20879 0.705044 180 -1.05586 0.839649 2.44559 50.5592 -13 372 0 0 1
0.105191 -0.0659013 180 0.0641497 -0.0526426 14.2053 14.0886 -13 373 0 0 1
-0.234278 -0.111462 180 0.0045974 -0.0132813 5.07084 18.9102 -13 374 0 0 1
0.00203971 0.0964434 180 0.0181834 0.00551961 13.3748 27.183 -13 375 0 0 1
0.189498 0.320329 180 0.0497504 -0.070309 6.69671 22.904 -13 376 0 0 1
-0.0222467 -0.0242871 180 -0.00613125 0.00640263 10.5419 16.6313 -13 377 0 0 1
0.0369142 0.732386 180 0.102839 0.250278 2.25182 29.026 -13 378 0 0 1
-0.0798243 0.0201415 180 -0.00857569 0.0261694 7.47181 12.1264 -13 379 0 0 1
0.101457 0.103323 180 0.015668 -0.0465135 10.7377 11.7191 -13 380 0 0 1
0.0344627 0.0942071 180 -0.033603 -0.0273668 7.8851 21.2562 -13 381 0 0 1
0.0131179 -0.0130284 180 -0.00792393 0.000508131 13.4213 17.7959 -13 382 0 0 1
-0.504164 -0.424732 180 -0.0753987 -0.0439271 1.54517 57.7821 -13 383 0 0 1
-0.0306792 -0.0220192 180 -0.0167141 0.00213847 14.1244 19.4869 -13 384 0 0 1
-0.11778 -0.0172638 180 -0.0282552 0.0219684 14.4673 14.0824 -13 386 0 0 1
0.00380088 -0.00869336 180 0.00102507 -0.00743095 14.4398 22.7354 -13 387 0 0 1
0.0222783 0.0790353 180 0.0191205 0.0172953 9.40616 30.9935 -13 388 0 0 1
0.0244176 -0.000213575 180 -0.00438001 -0.00673855 13.5093 23.8209 -13 389 0 0 1
0.00327616 -0.0389479 180 -0.0114947 0.0029201 10.3353 15.9197 -13 390 0 0 1
-0.114884 0.0522762 180 0.0451242 0.0285156 8.73668 36.063 -13 391 0 0 1
-0.0292214 -0.131091 180 0.00956551 0.0396582 8.18869 35.6163 -13 392 0 0 1
-0.049818 0.0441241 180 0.0510787 -0.0587689 4.11987 19.0218 -13 393 0 0 1
-5.46263 -3.85481 180 -0.00533094 0.00313661 0.0345405 16.8395 11 393 1003 0 1
0.0573631 0.149523 180 0.00762143 0.0118306 4.12988 25.66 -13 394 0 0 1
-0.307094 -0.320176 180 -0.0204627 0.161536 14.114 13.9564 -13 395 0 0 1
0.17299 -0.0901983 180 -0.0117059 -0.0841942 7.14749 25.6017 -13 396 0 0 1
-0.0799012 0.0857647 180 0.0294793 0.0439618 14.5285 12.3267 -13 397 0 0 1
0.0233678 -0.00558247 180 -0.0102169 -0.00403063 13.314 12.6645 -13 398 0 0 1
0.0385188 -0.0527511 180 -0.0337824 0.021369 12.6476 8.99942 -13 399 0 0 1
0.0445598 0.0599474 180 -0.0198052 -0.0331221 11.667 17.424 -13 400 0 0 1
-0.0494063 0.038564 180 0.000561611 0.00466835 11.1927 19.4821 -13 401 0 0 1
-0.0111876 0.0197756 180 0.0281172 0.00662129 7.35669 10.7813 -13 402 0 0 1
0.217634 0.0958439 180 0.0207409 -0.0779205 5.79869 31.4887 -13 403 0 0 1
0.0622211 0.0549787 180 0.00126198 -0.0366861 14.3998 13.3767 -13 404 0 0 1
0.0615642 -0.0855761 180 0.0539079 -0.0873621 12.8639 22.6719 -13 405 0 0 1
-0.00736241 0.0120954 180 -0.000636375 0.00300147 7.18337 24.6233 -13 406 0 0 1
0.246354 0.157283 180 0.0178031 -0.0231815 4.88713 37.6078 -13 407 0 0 1
0.0112309 0.0156838 180 0.00684526 -0.00357413 10.9323 27.8758 -13 408 0 0 1
-0.00534723 -0.042769 180 -0.00839471 0.0252554 12.2172 9.2841 -13 409 0 0 1
0.0478499 0.0214795 180 0.0152825 0.00782278 7.23984 19.5258 -13 410 0 0 1
0.0764246 -0.123833 180 -0.072937 -0.0612338 6.89715 14.916 -13 411 0 0 1
0.0128385 0.0959508 180 0.0275587 0.0215133 7.3409 13.974 -13 412 0 0 1
0.0599091 -0.0841954 180 -0.0638996 0.013075 5.78488 12.4017 -13 413 0 0 1
-0.00651494 -0.022148 180 -0.010728 -0.0279816 9.84269 13.6001 -13 414 0 0 1
0.00615141 -0.0192128 180 0.0156667 -0.00537744 8.32946 15.3671 -13 415 0 0 1
-0.0384653 0.0101799 180 0.00807828 0.0124092 12.661 19.421 -13 416 0 0 1
-0.0479827 -0.0487835 180 -0.0105927 0.0279768 6.60875 16.1464 -13 417 0 0 1
-0.0408504 -0.015362 180 0.00175773 0.00553183 10.0572 33.2435 -13 418 0 0 1
0.240413 0.0197138 180 -0.0101476 -0.0275409 7.71652 22.6561 -13 419 0 0 1
0.108461 0.0661552 180 0.0091602 -0.052563 12.4954 15.5767 -13 420 0 0 1
-0.0677406 0.00540623 180 -0.00331097 0.0135671 13.2169 10.1557 -13 421 0 0 1
-0.0381078 0.0342983 180 0.0162305 0.00687387 7.13945 13.4995 -13 422 0 0 1
0.297825 0.556776 180 -0.0178622 -0.076171 1.91596 47.823 -13 423 0 0 1
0.00451239 -0.0222528 180 0.00747145 0.0139694 9.35524 17.2955 -13 424 0 0 1
-0.0803183 0.104243 180 0.0962374 -0.025177 5.23326 41.8616 -13 425 0 0 1
0.0887851 0.0255538 180 0.0432625 -0.0270246 5.20956 37.1867 -13 426 0 0 1
-0.0180139 -0.00339772 180 -0.00471385 0.00701149 10.824 32.1513 -13 427 0 0 1
-0.0029944 0.0429938 180 0.00894674 -0.0207581 7.06855 17.7807 -13 428 0 0 1
-0.197236 -0.114154 180 -0.0294124 0.0247553 7.85545 21.7228 -13 429 0 0 1
0.0915638 0.0248554 180 0.0191345 -0.0518837 9.96626 17.2601 -13 430 0 0 1
-0.0309791 -0.014056 180 -0.0266417 -0.0236678 10.85 16.327 -13 431 0 0 1
-0.111237 -0.014115 180 0.0237795 -0.0222192 0.011043 16.8203 11 431 1001 0 1
-0.02298 0.0246625 180 0.0288751 0.0314039 9.97793 25.0324 -13 432 0 0 1
-0.0961654 0.00661848 180 0.0668668 0.0267178 11.0638 31.4785 -13 433 0 0 1
0 0 180 0 0 13.7102 16.4629 -13 434 0 0 1
4.5199e-05 -0.00108982 180 0.00373593 -0.0192747 11.4015 21.0313 -13 435 0 0 1
-0.087861 -0.079162 180 -0.0305033 0.021305 11.2612 12.9338 -13 436 0 0 1
0.00840705 -0.0329618 180 -0.0247232 0.0158154 10.72 17.756 -13 437 0 0 1
-0.00213333 0.00408538 180 0.00833023 0.00286002 11.1383 22.6154 -13 438 0 0 1
0.00307116 0.0173975 180 0.00749286 -0.0126998 11.9586 34.3578 -13 439 0 0 1
0.088984 0.045097 180 -0.0134003 -0.000104206 8.87684 28.6612 -13 440 0 0 1
-0.0318294 0.103208 180 0.0577456 -0.0123288 11.4365 20.2208 -13 441 0 0 1
0.107585 -0.117037 180 0.0135098 -0.0554832 4.26028 17.8334 -13 442 0 0 1
-0.0071656 -0.131942 180 -0.0374385 0.0168859 7.61291 34.4763 -13 443 0 0 1
0.0766371 -0.0150632 180 -0.004525 -0.00736996 11.4055 16.8818 -13 444 0 0 1
-0.00613253 -0.0131168 180 0.0510512 0.0213273 8.03491 34.2319 -13 445 0 0 1
0.000847476 -0.0205735 180 -0.00335391 -0.0138565 13.4102 31.9733 -13 446 0 0 1
0.0459931 -0.00762566 180 0.0123445 -0.0143496 11.5998 18.0831 -13 447 0 0 1
0.0695203 -0.121382 180 -0.0740079 -0.0130805 9.82524 10.5938 -13 448 0 0 1
0.190328 -0.0264347 180 0.0351886 -0.0103419 8.2113 12.9982 -13 449 0 0 1
-0.0180682 0.00891237 180 0.0313953 0.0308183 12.3515 34.8848 -13 450 0 0 1
-0.0181509 0.0275137 180 0.0204646 0.0120951 7.89364 29.1504 -13 451 0 0 1
0.0260094 0.098346 180 0.0346574 0.0130312 11.8958 32.3561 -13 452 0 0 1
-3.31596 2.76588 180 0.000402406 -0.00427246 -0.0355672 38.9535 11 452 1001 0 1
-0.0126542 -0.00412501 180 -0.00847162 0.00142386 12.9848 33.2408 -13 453 0 0 1
0.0331961 0.0118696 180 0.0105271 -0.0187473 9.58514 16.4698 -13 454 0 0 1
-0.0636247 -0.0218682 180 -0.0422855 0.00632314 2.41619 29.4879 -13 455 0 0 1
0.0118989 0.00723843 180 0.0128423 0.0030102 14.0184 8.90353 -13 456 0 0 1
-0.101122 -0.0228671 180 -0.0149779 0.0276037 9.46631 8.89883 -13 457 0 0 1
-0.00963197 0.017549 180 -0.0128168 0.00357607 11.6266 32.7005 -13 458 0 0 1
-0.0134285 -0.0369251 180 0.00329838 -0.0222099 8.03622 17.2592 -13 459 0 0 1
0.0517732 0.0215509 180 0.0165426 -0.0160317 10.5903 9.64377 -13 460 0 0 1
-0.0237139 -0.0244523 180 -0.00841678 -0.0126984 13.4621 31.2042 -13 461 0 0 1
-0.00751964 0.0217176 180 -0.0104077 0.0281775 13.6923 31.3223 -13 462 0 0 1
0.0797684 0.0179664 180 0.0184814 -0.0317998 7.72539 21.024 -13 463 0 0 1
0.255473 -0.080719 180 0.0497247 -0.0492576 4.10141 43.6449 -13 464 0 0 1
-0.0679495 -0.133614 180 -0.056844 0.0394404 9.91101 12.5753 -13 465 0 0 1
3.36666 4.19741 180 -0.0063499 -0.0377692 0.026785 17.4478 11 465 1001 0 1
-0.035631 0.0225006 180 -0.0372579 -0.00275874 7.43835 10.885 -13 466 0 0 1
-0.00114742 -3.21553e-05 180 0.00862005 -0.00919937 14.0882 8.30244 -13 467 0 0 1
-0.0716938 0.05903 180 0.0126824 0.00589207 8.8447 18.2534 -13 468 0 0 1
0.117077 0.322127 180 0.0729141 0.00389621 5.00318 30.5207 -13 469 0 0 1
0.238649 -0.153178 180 -0.0110434 -0.116609 6.50432 13.0371 -13 470 0 0 1
0.56533 -0.360122 180 -0.0127815 -0.293813 2.21775 32.9892 -13 471 0 0 1
0.0633626 -0.00615312 180 0.00873485 -0.0334953 10.0726 27.2517 -13 472 0 0 1
0.122059 -0.27404 180 -0.0624514 -0.125362 5.51927 14.0978 -13 473 0 0 1
-0.105419 0.0251477 180 -0.010607 0.0279863 8.27633 23.5632 -13 474 0 0 1
0.027793 0.00236677 180 0.00454922 -0.00575239 11.7985 16.2805 -13 475 0 0 1
0.0159141 0.0172532 180 0.00422934 0.00450353 7.89271 9.77979 -13 476 0 0 1
0.0970758 -0.0192838 180 -0.0180414 -0.0163808 9.54575 23.4703 -13 477 0 0 1
-0.0969641 -0.284257 180 -0.0966087 0.0356183 9.7702 10.0643 -13 478 0 0 1
0.0830561 -0.101276 180 -0.0270502 0.042674 5.50759 15.0685 -13 479 0 0 1
0.00298016 -0.036608 180 -0.0214835 -0.0079983 10.7292 23.6711 -13 480 0 0 1
-0.112507 -0.00114567 180 0.0462779 0.0180594 9.02226 22.0974 -13 481 0 0 1
0.229188 0.140786 180 0.0378625 -0.0466502 6.6167 39.3664 -13 482 0 0 1
0.0172042 0.0117589 180 0.00803957 0.000914693 14.0539 34.2062 -13 483 0 0 1
0.128535 -0.0115512 180 0.00931006 -0.0326112 7.53423 23.1944 -13 484 0 0 1
0.0929622 0.0759278 180 0.0173808 -0.0224238 11.3848 9.80308 -13 485 0 0 1
-0.0201698 -0.00711259 180 0.0313034 0.000485655 7.36964 17.0471 -13 486 0 0 1
0.0501783 -0.0788456 180 -0.0332676 -0.00153083 13.0259 23.6049 -13 487 0 0 1
-0.158763 0.126367 180 0.115192 -0.00879759 5.45766 32.9175 -13 488 0 0 1
-0.0338993 -0.0142886 180 -0.0105484 -0.000900896 13.8978 9.94597 -13 489 0 0 1
-0.247307 -0.214611 180 -0.0361368 0.080725 4.07981 20.3287 -13 490 0 0 1
0.0305523 -0.136765 180 -0.0695822 0.0411213 7.62326 33.8111 -13 491 0 0 1
-0.00920428 0.0486031 180 0.0180461 -0.0253157 13.9418 9.3306 -13 492 0 0 1
-0.0381808 -0.0818198 180 -0.0259705 0.0128588 12.4421 30.5105 -13 493 0 0 1
-0.0108804 -0.0036275 180 0.0229692 -0.00289172 12.9699 29.0145 -13 494 0 0 1
0.0963208 -0.0121339 180 -0.0291055 -0.0309675 14.4566 6.34974 -13 495 0 0 1
0.0457554 -0.128233 180 -0.0470594 -0.00471105 10.7401 13.5778 -13 496 0 0 1
0.0574211 0.00589717 180 -0.0048209 -0.0268385 14.0625 6.15375 -13 497 0 0 1
-0.00417922 0.0221119 180 0.0040315 8.04849e-05 13.5751 21.6306 -13 498 0 0 1
-0.155242 0.147456 180 -0.00568773 -0.00144621 0.132698 20.3622 11 498 1002 0 1
0.0657041 -0.0411095 180 -0.0142375 -0.00802584 11.9814 21.6371 -13 499 0 0 1
0.0966864 0.0130265 180 -0.0110287 -0.0336457 12.6738 18.9103 -13 500 0 0 1
-0.0205155 0.0101669 180 -0.00585849 0.0212365 10.908 16.6627 -13 501 0 0 1
-0.00150418 -0.0196645 180 -0.00693006 -0.0191505 14.439 10.1842 -13 502 0 0 1
0.0109242 -0.0287019 180 -0.00431333 -0.0112732 10.2672 12.621 -13 503 0 0 1
-0.0452059 -0.0121306 180 0.00427405 0.0192481 11.1997 23.2035 -13 504 0 0 1
-0.0725954 -0.410701 180 -0.215307 -0.0497607 3.86632 33.802 -13 505 0 0 1
0.010099 -0.0598149 180 -0.0153834 -0.00414776 8.72683 15.8977 -13 506 0 0 1
0.0604273 -0.0750925 180 0.00292288 -0.0270272 12.4701 17.513 -13 507 0 0 1
-0.0211838 0.0394101 180 0.00815258 0.00464599 11.4434 31.6769 -13 508 0 0 1
0.110454 0.0438901 180 -0.0145291 -0.00486928 8.24502 28.8697 -13 509 0 0 1
0.0127375 0.0609419 180 0.0108182 0.00737856 10.5741 16.5749 -13 510 0 0 1
-0.0136381 -0.00934411 180 -0.00468431 0.00300287 10.4608 9.7995 -13 511 0 0 1
-0.0715336 -0.0309261 180 -0.0191066 0.0332365 12.9012 23.4399 -13 512 0 0 1
-0.0239051 0.01659 180 -0.00628591 0.0212848 13.3535 6.0787 -13 513 0 0 1
-0.0168086 -0.0413418 180 0.0151638 0.00620582 7.99958 14.2306 -13 514 0 0 1
0.00421622 -0.0212729 180 -0.0109692 -0.00588681 10.252 30.5559 -13 515 0 0 1
0.0884033 -0.0235777 180 0.0676773 -0.0688967 4.08158 24.891 -13 516 0 0 1
0.00551651 -0.0168459 180 -0.00727477 -2.98843e-05 8.25078 11.3857 -13 517 0 0 1
0.0953598 0.022949 180 0.3441 0.0897619 12.3809 10.8199 -13 518 0 0 1
0.0453281 -0.0349737 180 0.00634477 -0.0161189 11.6781 24.7912 -13 519 0 0 1
-0.0210995 0.03322 180 0.00038909 -0.0120515 11.6542 23.2161 -13 520 0 0 1
0 0 180 0 0 12.96 16.9663 -13 522 0 0 1
0.0321712 -0.0262573 180 -0.0104663 0.00112854 13.5901 21.2669 -13 523 0 0 1
0.266143 -0.015897 180 -0.0681421 -0.0588692 4.06726 41.7498 -13 524 0 0 1
0.0652176 0.0677876 180 0.0284754 -0.0137752 9.73494 14.3027 -13 525 0 0 1
0.0148176 -0.0255407 180 -0.00705418 -0.0176922 11.7169 25.7289 -13 526 0 0 1
0.107494 0.329509 180 0.0302379 -0.0468166 3.45572 46.9551 -13 527 0 0 1
0 0 180 0 0 12.5047 21.726 -13 528 0 0 1
0.0122823 0.0449927 180 0.0200669 -0.00214768 11.2903 29.0842 -13 529 0 0 1
-0.0439417 -0.0337409 180 -0.0116164 0.00454279 8.33817 30.8365 -13 530 0 0 1
-0.00195926 0.0403304 180 0.0375698 0.0157701 12.963 19.1762 -13 531 0 0 1
0.000458332 -3.9642e-05 180 -1.89268e-05 0.0109377 13.8507 34.2288 -13 532 0 0 1
0.0746045 0.0511554 180 0.0333249 0.0313165 9.09024 30.599 -13 533 0 0 1
-0.133729 0.0789213 180 0.031669 0.020479 9.1835 30.8494 -13 534 0 0 1
-0.0419032 0.00347076 180 -0.0635292 -0.0190961 9.85731 9.72289 -13 535 0 0 1
0.0141167 0.0552921 180 0.02046 0.013266 13.0552 14.5895 -13 536 0 0 1
0.0859649 0.0202568 180 -0.0347253 -0.111402 4.60092 28.7201 -13 537 0 0 1
-0.0318595 0.0526257 180 0.0205162 0.00868763 14.4824 23.1563 -13 538 0 0 1
-0.138712 -0.144735 180 -0.115858 0.0996269 11.2945 11.9219 -13 539 0 0 1
1.10938 0.629095 180 -0.0432401 -0.0127034 0.0580548 12.0484 11 539 1002 0 1
0.000126234 -0.00695573 180 -0.0150738 0.0350955 11.2781 31.765 -13 540 0 0 1
-0.0567055 -0.140021 180 -0.0612312 0.0123693 7.42811 30.9305 -13 541 0 0 1
0.00840769 -0.0623877 180 -0.0261355 -0.00572802 12.8305 9.25905 -13 542 0 0 1
0.0999628 -0.0403695 180 -0.0590188 0.00462161 8.56337 20.6841 -13 543 0 0 1
0.02481 0.00473565 180 0.0159083 -0.00107374 13.74 33.059 -13 544 0 0 1
0.00439849 -0.0517744 180 -0.10422 -0.0413573 5.05568 39.0869 -13 545 0 0 1
0.00633295 0.0291158 180 0.00508897 0.0310422 6.72695 29.7351 -13 546 0 0 1
-0.0161945 0.00451969 180 0.0193071 0.0023139 10.6962 26.0529 -13 547 0 0 1
-0.0166288 -0.0458947 180 0.00185865 -0.00393862 9.8851 26.0781 -13 548 0 0 1
0.188952 -0.0183803 180 0.0116654 -0.0567815 9.64722 32.7566 -13 549 0 0 1
0.0356941 0.0427457 180 0.00874594 0.00924037 8.63093 24.4588 -13 550 0 0 1
-0.113495 -0.016582 180 -0.0453859 0.025935 10.5997 12.2836 -13 551 0 0 1
0.0407659 0.12791 180 0.0560868 -0.034739 11.3357 16.2234 -13 552 0 0 1
0.0512337 -0.00664798 180 -0.0249598 -0.0657103 7.94106 20.2715 -13 553 0 0 1
-0.223991 0.258735 180 0.158241 0.0223997 5.14848 14.3168 -13 554 0 0 1
0.218643 -0.0329461 180 0.0251241 -0.0397338 8.00481 35.8734 -13 555 0 0 1
-0.0398235 -0.0162547 180 0.0208585 0.0186449 6.19388 31.5468 -13 556 0 0 1
-0.00555541 0.0602892 180 0.011236 -0.0081631 13.5749 11.6505 -13 557 0 0 1
-0.400521 -0.206296 180 -0.0542544 -0.0246912 1.04369 53.2124 -13 558 0 0 1
0.0248375 -0.046689 180 -0.0251472 -0.0311014 10.9475 34.5365 -13 559 0 0 1
-0.0840196 0.05121 180 -0.000255913 0.0335366 13.6103 5.92975 -13 560 0 0 1
0.123669 -0.0766984 180 -0.0485658 -0.0454076 5.33404 39.0693 -13 561 0 0 1
-0.0117814 0.00462143 180 0.00922238 0.0030457 11.0618 9.88842 -13 562 0 0 1
0.0229443 0.0117408 180 0.00816646 -0.00420878 12.1216 21.0773 -13 563 0 0 1
-0.0366776 -0.0373958 180 -0.012271 -0.00215266 10.5885 34.6954 -13 564 0 0 1
-0.0294327 0.093572 180 0.0131688 0.0170331 14.2315 10.3456 -13 565 0 0 1
0.0385612 -0.0243313 180 0.00162458 0.0130321 9.45155 19.0575 -13 566 0 0 1
-0.0143618 0.00780892 180 0.00426632 0.00152113 10.5919 18.081 -13 567 0 0 1
0.0958559 -0.00641021 180 0.00309476 -0.0410831 11.8723 31.862 -13 568 0 0 1
0 0 180 0 0 13.5565 16.3643 -13 569 0 0 1
0.00665493 -0.0208605 180 -0.024945 -0.025131 11.1117 31.9491 -13 570 0 0 1
-0.0325731 -0.018763 180 -0.0057305 -0.00373869 12.6554 18.9538 -13 571 0 0 1
-0.00833533 -0.0527869 180 -0.0300048 -0.0251125 9.90388 19.2218 -13 572 0 0 1
0.0182958 0.0215896 180 0.018511 0.00558362 6.66109 22.9583 -13 573 0 0 1
-0.00304953 0.00761363 180 0.000757942 0.00413555 13.7508 13.8209 -13 574 0 0 1
0.00105007 0.00442088 180 -0.0268101 0.00234214 7.12748 28.0206 -13 575 0 0 1
-0.105275 -0.0376288 180 -0.0372432 0.0255483 10.6236 25.5177 -13 576 0 0 1
0.0220506 0.0645196 180 0.029961 0.0150208 13.4083 7.86888 -13 577 0 0 1
0.21082 -0.469047 180 -0.158422 0.0142544 8.4291 19.2957 -13 578 0 0 1
-0.0141522 0.0271504 180 -0.0306206 0.0352726 13.9581 21.0735 -13 579 0 0 1
0.116331 0.179368 180 0.0470339 0.0107059 0.0159547 21.3725 11 579 1001 0 1
0.00460656 -0.0203322 180 -0.00930484 0.0133698 12.7656 13.277 -13 580 0 0 1
-0.0295941 -0.050742 180 -0.0292717 0.00125295 11.0951 34.1675 -13 581 0 0 1
-0.00359399 0.0966266 180 0.0458326 0.0130048 8.94728 19.9908 -13 582 0 0 1
-0.0601518 -0.0551877 180 0.0139388 0.00784765 7.7304 15.6773 -13 583 0 0 1
-0.0272299 -0.00958415 180 0.0143054 0.0136505 13.9813 31.4523 -13 584 0 0 1
0 0 180 0 0 11.2632 14.1728 -13 585 0 0 1
-0.0115138 0.00835248 180 -0.0228983 0.0120035 9.40262 32.1167 -13 586 0 0 1
-0.058998 -0.0428587 180 0.0158 0.0196892 13.7724 24.4461 -13 587 0 0 1
0.0138541 -0.0164479 180 -0.0147077 0.0123941 9.62668 16.7503 -13 588 0 0 1
-0.0140999 -0.025006 180 -0.0152984 0.00113046 13.2722 17.5507 -13 589 0 0 1
0.0757651 0.0860532 180 -0.0616809 0.0553244 1.2811 41.5126 -13 590 0 0 1
0.26108 0.211422 180 -0.0819194 -0.15476 9.1815 19.2604 -13 591 0 0 1
-0.0273241 -0.0401333 180 0.00115019 0.00489951 8.34071 20.7708 -13 592 0 0 1
-0.163772 -0.102916 180 0.00213407 0.0519488 5.88986 38.3109 -13 593 0 0 1
0.0161396 0.00643263 180 0.0054917 0.000395883 10.7692 35.5975 -13 594 0 0 1
0.00103199 -0.0807917 180 -0.0348313 -0.00903848 10.0487 21.4396 -13 595 0 0 1
-0.0192415 0.109144 180 -0.0405846 -0.00471309 8.15207 25.0445 -13 596 0 0 1
-0.0370985 -0.114862 180 -0.0133401 0.0196454 10.4383 18.3313 -13 597 0 0 1
0.0794124 -0.104088 180 -0.0354406 0.0011353 5.9102 18.213 -13 599 0 0 1
0.413416 -0.0560741 180 0.075229 -0.0466168 2.23522 26.6296 -13 600 0 0 1
-0.0242564 0.0106486 180 0.0105728 0.0079982 12.563 23.4856 -13 601 0 0 1
0.162497 0.0588276 180 0.00846381 -0.0246801 6.93024 31.4312 -13 602 0 0 1
0.0346386 0.0160712 180 -0.0533607 0.00391909 9.24254 29.6149 -13 603 0 0 1
-0.259497 -0.970936 180 0.00561349 -0.0345367 0.0697779 28.8761 11 603 1002 0 1
0.0282085 0.00744178 180 0.00745993 0.00563641 7.59148 21.74 -13 604 0 0 1
0.159849 -0.0990589 180 0.0488258 0.12573 4.8699 20.7609 -13 605 0 0 1
0.0365359 -0.0187979 180 -0.011956 -0.0112354 12.4635 21.9742 -13 606 0 0 1
-0.0396429 -0.0256633 180 0.00563893 0.011726 11.8924 11.4589 -13 607 0 0 1
-0.0420882 0.0520081 180 0.0656844 -0.00604883 12.9312 20.1308 -13 608 0 0 1
-0.105873 0.0775138 180 0.0137477 0.043753 11.8889 10.6404 -13 609 0 0 1
0.00991188 -0.0310879 180 -0.0101637 0.0040068 8.84861 14.8687 -13 610 0 0 1
0.00023015 -0.00026499 180 -0.000444226 0.000371307 10.3466 11.4731 -13 611 0 0 1
-0.0668839 -0.0894591 180 -0.0525424 0.0253888 7.87913 20.3341 -13 612 0 0 1
-0.0102974 0.0044044 180 -0.0245399 0.0017638 12.4762 19.955 -13 613 0 0 1
0.0272047 -0.037318 180 -0.0146693 -0.0165776 12.1365 7.92917 -13 614 0 0 1
0.209131 0.114929 180 -0.0337571 -0.0739852 3.99336 33.9707 -13 615 0 0 1
0.227698 0.202007 180 0.0046613 -0.0198288 4.12154 41.0727 -13 616 0 0 1
0.0165364 -0.0304214 180 -0.0231021 -0.0290988 10.8282 23.2326 -13 617 0 0 1
-0.0271925 0.0712637 180 0.0219742 -0.00575664 8.13897 27.9635 -13 618 0 0 1
0.430108 0.304293 180 0.208319 -0.0046188 4.97026 34.817 -13 619 0 0 1
-0.0802484 -0.0985336 180 -0.025334 0.0194057 12.3676 25.1369 -13 620 0 0 1
0.0515426 -0.0571099 180 0.00693045 -0.0635506 5.28587 14.8729 -13 621 0 0 1
0.00110678 -0.000259311 180 0.00762039 -0.00118967 11.1689 34.109 -13 622 0 0 1
0.0469539 0.0929373 180 -0.00778617 -0.0161268 9.73548 21.112 -13 623 0 0 1
0.0284238 0.0402442 180 0.0224825 0.0158331 14.1812 6.11828 -13 624 0 0 1
0.06702 0.0671518 180 0.0380169 -0.00517914 9.15775 23.2463 -13 625 0 0 1
-0.00344463 -0.0393205 180 -0.0258326 -0.0158193 6.15203 19.0755 -13 626 0 0 1
-0.00558503 -0.00568019 180 -0.0226694 -0.0107424 9.43734 24.7932 -13 627 0 0 1
-0.0852744 -0.0289427 180 -0.139721 0.0536807 3.24947 37.5187 -13 628 0 0 1
0.0400869 0.0209406 180 0.00362412 -0.00765832 10.4674 12.6852 -13 629 0 0 1
-0.0881973 -0.0149727 180 -0.00795286 0.0300908 11.791 33.2811 -13 630 0 0 1
-0.222973 -0.00259583 180 -0.0345312 0.0994828 8.88443 35.1906 -13 631 0 0 1
-0.00195379 -0.000211164 180 -0.00461047 -0.00384693 14.0758 17.1505 -13 632 0 0 1
-0.0538758 0.0243624 180 0.0295772 -0.0240355 8.37346 16.3302 -13 633 0 0 1
-0.0292664 0.129268 180 -0.016462 0.0186768 4.9313 16.0724 -13 634 0 0 1
0.0193764 0.0229034 180 -0.00585498 0.0498943 8.08177 25.5828 -13 635 0 0 1
-0.0182388 0.0225189 180 -0.00876052 -0.0204344 14.1419 12.192 -13 636 0 0 1
-0.0793269 -0.0315341 180 -0.00206205 0.0309096 8.03197 30.2205 -13 637 0 0 1
-0.0363246 -0.0616679 180 -0.053367 -0.0114293 12.7199 21.2682 -13 638 0 0 1
-0.0197095 -0.00789056 180 0.0207343 0.0208001 14.0047 10.4035 -13 639 0 0 1
-0.145647 -0.0936733 180 -0.0367505 0.0263208 10.8881 7.36534 -13 640 0 0 1
0.00158199 -0.161989 180 -0.0572744 0.0385856 4.63144 24.3524 -13 641 0 0 1
0.0652527 -0.0233047 180 0.0431817 0.106666 7.22486 32.2643 -13 642 0 0 1
0.0173354 -0.0256354 180 0.00660389 -0.00900372 11.0757 6.80386 -13 643 0 0 1
0.0362531 -0.0220734 180 0.0194033 -0.027585 13.7426 23.4965 -13 644 0 0 1
0.0635355 0.0295388 180 0.0130023 -0.010458 9.73957 9.22558 -13 645 0 0 1
-0.00611237 3.23182e-05 180 -0.00792523 -0.00178581 13.7635 21.9754 -13 646 0 0 1
-0.0709948 0.00228206 180 0.0308804 0.0512631 6.01506 37.9389 -13 647 0 0 1
0.203494 0.123788 180 -0.00717299 -0.0505326 4.30136 28.3659 -13 648 0 0 1
0.147097 0.00969317 180 0.0120974 -0.036626 6.3625 20.7674 -13 649 0 0 1
-0.0090631 0.0111309 180 0.0235702 -0.00585786 13.5397 9.21338 -13 650 0 0 1
-0.0408207 0.0153268 180 0.00851513 0.0136712 10.1023 19.6991 -13 651 0 0 1
0.0658603 -0.141718 180 -0.0279083 -0.0117903 10.4975 32.5374 -13 652 0 0 1
0.0725091 -0.0590132 180 -0.0166684 -0.0221248 11.9754 23.3038 -13 653 0 0 1
0.00136888 -0.00263221 180 0.013911 0.00272066 12.3065 17.909 -13 654 0 0 1
0.033918 0.0031229 180 0.0026531 -0.0203458 14.3642 27.036 -13 655 0 0 1
-0.054375 0.0351778 180 -0.00336548 0.0212739 9.60417 23.1764 -13 656 0 0 1
0.015983 -0.091612 180 -0.0418549 -0.0388766 8.01875 30.2423 -13 657 0 0 1
0.0689645 0.0570935 180 0.029979 0.00123705 5.12676 29.362 -13 658 0 0 1
-0.113637 -0.0433258 180 -0.0205315 0.00523974 14.4609 18.6379 -13 659 0 0 1
0.578533 0.563181 180 0.210557 -0.106134 11.7046 28.2452 -13 660 0 0 1
0.197976 0.075342 180 0.0396578 -0.0651845 10.6531 22.3822 -13 661 0 0 1
0.000387139 -0.0313299 180 0.00095974 -0.0167915 12.1389 17.032 -13 662 0 0 1
-0.0275709 0.00494137 180 -0.00349708 0.0210264 9.56378 36.2431 -13 663 0 0 1
-0.474557 -0.0588806 180 -0.134229 0.066871 8.25097 37.2551 -13 664 0 0 1
0.0269836 -0.0140569 180 0.00795685 -0.0120632 11.3538 7.98242 -13 665 0 0 1
0.0385553 0.0575533 180 0.0476701 -0.0107564 11.7946 20.4132 -13 666 0 0 1
-0.0521283 0.0607782 180 0.00392144 0.0103307 13.0936 18.0673 -13 667 0 0 1
-0.0148986 0.0339738 180 -0.012781 0.0442654 6.72022 20.31 -13 668 0 0 1
-0.0323664 0.0455728 180 0.0155009 0.00547194 9.60127 24.8371 -13 669 0 0 1
0.0815722 0.01894 180 0.0493198 -0.00779879 13.5777 22.2827 -13 670 0 0 1
0.00133136 -0.000818941 180 0.00170994 -0.00105267 13.1518 24.933 -13 671 0 0 1
-0.368269 0.255697 180 0.0503833 -0.107825 1.85893 44.7875 -13 672 0 0 1
0.0775114 -0.0347905 180 0.0165549 0.0163183 3.99854 29.7895 -13 673 0 0 1
-0.0409057 -0.0546551 180 -0.0184755 0.00338835 12.558 34.7454 -13 674 0 0 1
-0.0450491 -0.00973556 180 -0.0133254 0.0275856 7.23089 17.24 -13 675 0 0 1
-0.0212837 -0.00415808 180 -0.000982357 0.0173329 12.9158 31.3748 -13 676 0 0 1
-0.0510877 -0.0285091 180 -0.0133753 -0.00911826 11.8399 12.5415 -13 677 0 0 1
-0.143436 0.0145709 180 0.0226644 0.0572452 9.42548 22.881 -13 678 0 0 1
0.0415335 0.123814 180 0.0488119 0.0542127 8.14368 20.9603 -13 679 0 0 1
-0.0680198 0.00879919 180 -0.0110598 0.0221623 9.27271 25.8447 -13 680 0 0 1
0.00885251 -0.00261368 180 0.000546104 -0.00276666 14.0741 7.65926 -13 681 0 0 1
-0.017038 0.00772372 180 -0.00650298 0.0154944 13.2706 6.29421 -13 682 0 0 1
-0.0474677 -0.0283127 180 -0.0206605 0.0323294 13.0064 30.2094 -13 683 0 0 1
0.0748019 0.107659 180 -0.0113589 0.0777251 8.65128 24.2294 -13 684 0 0 1
-0.00923237 -0.00864676 180 0.000545486 0.0035532 8.08113 15.6926 -13 685 0 0 1
-0.0436081 0.0762331 180 0.0309306 -0.0161697 11.5943 32.9726 -13 686 0 0 1
1.68523 1.81702 180 -0.00681695 -0.00141973 0.0691321 33.5232 11 686 1002 0 1
0.00541564 0.0246091 180 0.0106046 0.0179744 9.04579 13.9684 -13 687 0 0 1
0.0386921 -0.00411531 180 -0.037453 0.00649425 12.8537 28.277 -13 688 0 0 1
-0.0573984 0.178091 180 0.0250027 0.0491086 9.85157 29.355 -13 689 0 0 1
-0.69536 -0.114416 180 0.0138125 0.0415094 0.062039 29.2353 11 689 1002 0 1
-0.0537294 -0.0767542 180 -0.0695065 -0.00674197 5.32308 31.8448 -13 690 0 0 1
-0.0764645 -0.111737 180 -0.0444926 0.040696 12.3249 22.5964 -13 691 0 0 1
-0.110245 0.037867 180 0.01199 0.0065393 7.49587 10.6499 -13 692 0 0 1
-0.000212981 0.0111114 180 0.00328454 0.00241645 12.7829 26.195 -13 693 0 0 1
0.0353522 0.00374826 180 0.000615122 0.0131262 4.08699 26.6445 -13 694 0 0 1
-0.103032 -0.147305 180 -0.0506963 -0.00938704 7.381 19.9562 -13 695 0 0 1
0.0966082 -0.105145 180 -0.0408444 -0.0328733 6.68769 23.5367 -13 696 0 0 1
0.0930941 -0.247412 180 0.0262926 0.0172243 0.0279283 23.5493 11 696 1002 0 1
0.0255865 0.0553677 180 0.00956746 0.00668016 10.0324 25.2018 -13 697 0 0 1
0.123234 -0.0503881 180 -0.00197675 -0.0157526 8.78248 15.5054 -13 698 0 0 1
-0.0303881 0.00612391 180 0.00881976 0.00762619 13.356 28.8735 -13 699 0 0 1
-0.0778299 -0.00922926 180 -0.00539107 0.00530883 8.82014 18.0804 -13 700 0 0 1
0.0292441 -0.0549725 180 -0.0226346 0.00574606 9.08878 9.58955 -13 701 0 0 1
0.0141829 0.0396661 180 0.00855326 -0.00875623 12.3064 30.8927 -13 702 0 0 1
0.141801 -0.00604374 180 -0.00625413 -0.0424261 12.0861 27.88 -13 703 0 0 1
0.0985986 0.0687536 180 0.010522 -0.0144506 9.43201 15.8648 -13 704 0 0 1
-0.0698391 0.0569464 180 0.00503572 0.0359589 10.1083 13.2984 -13 705 0 0 1
0.00325074 0.0488499 180 0.0139896 0.00488771 9.60319 22.5191 -13 706 0 0 1
0.00718115 0.00437648 180 0.00624498 -0.00574747 13.8778 6.38082 -13 707 0 0 1
0.00409789 -0.00587179 180 -0.0179761 -0.0178812 10.5559 24.4821 -13 708 0 0 1
0.146604 0.0446419 180 -0.00609501 -0.114605 3.86604 30.4832 -13 709 0 0 1
-0.00691502 -0.0360212 180 0.00464122 0.0118671 7.97782 28.1979 -13 710 0 0 1
-0.262071 0.131127 180 0.0570402 0.056794 14.1676 6.53873 -13 711 0 0 1
0.00155401 -0.0316317 180 0.0218975 0.00724489 11.6178 25.5798 -13 712 0 0 1
-0.0242969 -0.0612757 180 0.0129139 0.0178224 6.48256 32.1856 -13 713 0 0 1
0.0347856 -0.129037 180 -0.0220758 -0.02434 14.0582 26.0623 -13 714 0 0 1
-0.00402056 -0.000686679 180 -0.00104962 0.00104703 12.3854 34.8671 -13 715 0 0 1
-0.0371412 0.0111455 180 0.000243192 0.0244811 13.1291 25.8441 -13 716 0 0 1
0.0170695 0.0600388 180 0.0225212 -0.0054591 10.6134 21.692 -13 717 0 0 1
0.0332969 0.0252993 180 -0.00349617 -0.00747893 8.71788 15.6928 -13 718 0 0 1
-0.174715 -0.0406167 180 0.012215 0.0552996 10.6736 14.997 -13 719 0 0 1
-0.0126303 0.0116242 180 -0.032702 -0.00597698 11.2917 34.6157 -13 720 0 0 1
0.024523 -0.0167614 180 -0.0172949 -0.00871341 9.70962 32.691 -13 721 0 0 1
-0.241464 0.350468 180 -0.0210431 0.101359 5.33338 23.0627 -13 722 0 0 1
0.00383321 -0.108181 180 -0.0194785 0.00140194 8.58141 11.2511 -13 723 0 0 1
0.0226682 -0.054685 180 -0.00720637 0.0183657 5.01786 35.1036 -13 724 0 0 1
-0.0217145 -0.0136092 180 0.00362965 0.00543314 9.62025 18.7827 -13 725 0 0 1
0.0298208 0.00055393 180 -0.0175456 -0.0427237 13.6262 20.4954 -13 726 0 0 1
0.0725172 -0.00940791 180 -0.0228667 -0.0213136 14.1546 9.81466 -13 727 0 0 1
0.0902683 -0.133224 180 -0.116985 0.0148962 3.38437 41.725 -13 728 0 0 1
0.0268691 -0.104906 180 -0.0264611 0.0243721 5.54125 22.7404 -13 729 0 0 1
0.013225 0.0188816 180 0.00536922 -0.0136535 11.216 13.3032 -13 730 0 0 1
0.0157605 0.0431166 180 0.0112247 0.0070184 10.9829 9.19687 -13 731 0 0 1
0.873551 0.820516 180 0.0472741 -0.100899 2.62951 42.0665 -13 732 0 0 1
0.0111393 0.059375 180 0.00615292 0.000622662 4.85015 25.5459 -13 733 0 0 1
-0.0112858 -0.0567404 180 -0.0557617 -0.00133174 7.92997 12.4289 -13 734 0 0 1
0.0324554 0.0118414 180 -0.0231478 -0.00759235 10.9986 22.9116 -13 735 0 0 1
-0.107202 -0.0256441 180 -0.0184891 0.0205365 10.9998 15.8588 -13 736 0 0 1
-0.00208667 -0.022461 180 -0.0187501 -0.0109259 8.28773 28.4334 -13 737 0 0 1
0.0228871 -0.003427 180 -0.0332223 0.005865 8.43459 30.9687 -13 738 0 0 1
0.111725 0.0782491 180 0.0693531 -0.0207126 11.9098 26.391 -13 739 0 0 1
-0.1026 -0.00952746 180 0.0187572 -0.0209591 13.0421 28.9367 -13 740 0 0 1
0.0190135 -0.0928809 180 -0.0374358 0.00826686 8.72691 27.1713 -13 741 0 0 1
0.145904 0.0158972 180 0.00175767 -0.0593912 4.42123 38.3515 -13 742 0 0 1
-0.0735347 -0.0310125 180 -0.00246652 0.019628 8.3575 9.81683 -13 743 0 0 1
1.32391 -0.179518 180 -0.271259 -0.140907 3.34458 26.3535 -13 744 0 0 1
0.0266826 -0.04338 180 -0.0181489 0.00164268 11.5099 20.6969 -13 745 0 0 1
0.0301591 -0.056824 180 -0.0142049 -0.0198175 8.58909 33.7206 -13 746 0 0 1
-0.0950741 0.0263655 180 -0.00986403 0.0308167 11.8571 28.5902 -13 747 0 0 1
0.0521582 -0.0163602 180 -0.00961261 -0.0295347 10.5917 23.4818 -13 748 0 0 1
0.0143345 -0.0101197 180 0.0151799 -0.0167825 12.1316 7.15894 -13 749 0 0 1
0.0044913 -0.15957 180 -0.0519653 -0.022714 10.407 28.228 -13 750 0 0 1
-0.143113 1.40843 180 0.0482395 0.0230763 0.0368255 28.7949 11 750 1001 0 1
0.0378673 0.0596545 180 -0.00125449 -0.0528641 11.1452 30.3416 -13 751 0 0 1
-0.00472599 -0.0349917 180 -0.04747 -0.0010716 6.63622 14.3434 -13 752 0 0 1
-3.45527 -3.8758 180 0.0249783 -0.00188141 -0.0280666 29.9645 11 752 1001 0 1
-0.0136675 -0.0711222 180 -0.0358794 0.044394 10.7988 9.11691 -13 753 0 0 1
-0.0183489 -0.0423039 180 -0.0115593 0.00592946 8.7009 33.2252 -13 754 0 0 1
0.0104329 -0.0645562 180 -0.0344365 0.00623642 7.96163 15.7777 -13 755 0 0 1
-0.386034 -0.00918635 180 0.0512328 0.0225388 5.49446 23.9319 -13 756 0 0 1
-0.137434 0.155379 180 0.016339 0.0398161 7.30433 21.7994 -13 757 0 0 1
0.155071 -0.025807 180 -0.00384053 -0.000450113 7.92966 11.1062 -13 758 0 0 1
0.262258 0.576475 180 0.00779589 -0.0181393 0.0332613 11.9023 11 758 1001 0 1
-0.0051734 0.000524007 180 -0.0144871 0.00142926 14.1826 20.4693 -13 759 0 0 1
0.0497359 -0.118255 180 -0.0598073 -0.0077879 8.12806 28.6753 -13 760 0 0 1
-0.0503129 -0.14132 180 -0.0795599 0.00851069 6.49263 17.2859 -13 761 0 0 1
-0.0101325 0.0231469 180 0.00189757 -0.00623604 13.8698 33.4114 -13 762 0 0 1
0.0583799 0.0374145 180 0.0161167 -0.0157266 11.1644 32.3522 -13 763 0 0 1
-0.0215003 -0.0925728 180 -0.0351314 -0.00460384 9.88198 17.8964 -13 764 0 0 1
-0.0158173 0.0531071 180 0.0286567 0.0323124 5.89579 18.4593 -13 765 0 0 1
-0.0544859 0.0111553 180 -0.0309074 0.0176316 8.61103 13.0849 -13 766 0 0 1
-0.00201229 0.0577745 180 -0.00918415 0.0224179 12.6546 34.7073 -13 767 0 0 1
-0.0108078 -0.0142082 180 -0.00833468 -0.00465032 12.8829 26.3234 -13 768 0 0 1
0.0907989 0.0004897 180 0.0160414 -0.0034328 7.02689 14.1309 -13 769 0 0 1
-0.105407 0.0462363 180 -0.00210867 0.0247706 13.6492 11.9716 -13 770 0 0 1
-0.192865 0.0417543 180 -0.00704654 0.0528353 10.9071 12.492 -13 771 0 0 1
0.147037 -0.139631 180 -0.0348606 -0.0503609 14.3432 7.25274 -13 772 0 0 1
-0.0156818 0.0669381 180 -0.0150548 0.0366346 11.4369 10.9278 -13 773 0 0 1
-0.00543866 0.0170296 180 0.00478168 0.00131462 13.4117 8.902 -13 774 0 0 1
-0.0838963 -0.390703 180 -0.0928579 0.0749237 3.95341 19.5625 -13 775 0 0 1
0.0447709 0.106845 180 0.0435729 0.0175566 11.8291 17.5072 -13 776 0 0 1
0.196112 1.71934 180 0.0242996 0.0401587 0.0295715 18.2377 11 776 1001 0 1
-0.0157327 0.0714383 180 0.0128211 0.00719464 10.6949 18.9582 -13 777 0 0 1
-0.0486059 -0.0408232 180 -0.00851316 0.0282829 8.65192 26.5608 -13 778 0 0 1
-0.00934669 0.0155602 180 0.00454572 0.0020248 12.9498 5.99104 -13 779 0 0 1
-0.0624128 -0.0505954 180 -2.39666e-05 0.0610313 9.61638 11.6953 -13 780 0 0 1
0.0669067 0.111467 180 0.0328467 -0.0048096 11.6489 10.3991 -13 781 0 0 1
0.0218987 -0.011458 180 0.0258302 0.0267252 10.0806 10.2795 -13 782 0 0 1
0.283044 -0.0668974 180 -0.0377157 -0.0251184 7.00594 26.2091 -13 783 0 0 1
-0.104026 -0.0224644 180 0.0791548 0.0826555 6.92942 12.387 -13 784 0 0 1
-0.0148394 0.169392 180 0.0765136 -0.010485 5.13519 27.3495 -13 785 0 0 1
-0.0495272 0.000956845 180 0.0473914 0.00172349 9.61418 26.0623 -13 786 0 0 1
-0.00594409 0.0670362 180 0.00463222 -0.003693 8.94057 24.3896 -13 787 0 0 1
-0.168996 -0.0903791 180 -0.0582006 0.0123815 12.3379 23.8921 -13 788 0 0 1
-0.150269 -0.159175 180 0.0410974 -0.00205686 0.025956 25.5206 11 788 1001 0 1
0.0426498 0.00892493 180 -0.00945991 -0.0109116 14.1718 20.1669 -13 789 0 0 1
0.00335732 -0.0211606 180 0.0156156 -0.00208449 9.97561 33.8725 -13 790 0 0 1
-0.149139 0.271781 180 0.042887 0.00678884 5.00747 37.6827 -13 791 0 0 1
0.0603524 0.0511129 180 0.0342442 -0.0135219 11.7923 34.1374 -13 792 0 0 1
0.0776884 0.0408898 180 0.0252432 -0.0165832 11.4356 23.0644 -13 793 0 0 1
0.0979724 -0.0901199 180 0.0205231 -0.0559232 7.50966 21.4788 -13 794 0 0 1
0.0941688 -0.298586 180 -0.0500659 -0.10712 11.5064 14.5472 -13 795 0 0 1
0.0487683 -0.0179937 180 -0.00260814 -0.0177314 8.91911 30.5093 -13 796 0 0 1
0.0608484 0.0188629 180 -0.00479383 -0.0251936 14.0196 29.8432 -13 797 0 0 1
-0.0335629 -0.0155463 180 0.000669773 0.0403046 13.7216 30.2465 -13 798 0 0 1
0.0104372 0.0347566 180 0.00180129 0.00130264 9.40332 36.6313 -13 799 0 0 1
0.000103118 0.0176517 180 0.00487415 0.0024008 13.5608 7.62514 -13 800 0 0 1
-0.0637482 0.0891468 180 -0.000322474 0.0391106 5.83098 16.2962 -13 801 0 0 1
-0.0951061 0.238109 180 0.0549979 -0.0135124 7.07264 29.2984 -13 803 0 0 1
0.0691436 0.0647123 180 -0.00253929 -0.026844 13.0186 12.9955 -13 804 0 0 1
0.00969164 -0.00887572 180 0.00371028 -0.0065461 12.5917 32.5291 -13 805 0 0 1
-0.263744 0.164691 180 0.0316772 0.0426024 3.27456 27.0884 -13 806 0 0 1
0.00256659 0.0151055 180 0.00393118 -0.00424308 13.658 15.7481 -13 807 0 0 1
-0.0950312 -0.0519644 180 -0.00148594 -0.23026 7.12778 19.1621 -13 808 0 0 1
-0.0401913 0.00148256 180 -0.00495248 0.0155756 14.3143 18.6705 -13 809 0 0 1
-0.00319833 -0.0147851 180 -0.036794 -0.00190279 10.8338 22.4693 -13 810 0 0 1
0.154548 0.0435998 180 -0.0624134 -0.0443206 5.74561 14.5869 -13 811 0 0 1
-0.264089 0.0953843 180 0.0126734 0.0762473 6.60612 12.306 -13 812 0 0 1
0 0 180 0 0 13.2244 16.1871 -13 813 0 0 1
0.00707503 -0.0169325 180 0.0332139 0.0108004 9.64294 17.9533 -13 814 0 0 1
-0.010319 -0.00414157 180 -0.00334687 -0.000132971 11.6798 33.3977 -13 815 0 0 1
0.0281938 -0.104556 180 0.00594783 -0.0120057 6.118 15.765 -13 816 0 0 1
-0.42937 0.820916 180 0.317197 0.117976 5.3929 36.7451 -13 817 0 0 1
-2.02882 1.73115 180 0.00831082 0.013189 0.0435775 36.0707 11 817 1002 0 1
0.0255991 -0.124444 180 -0.0418324 -0.034217 11.4775 34.9188 -13 818 0 0 1
-0.0336594 0.00594891 180 -0.00485963 -0.000167275 6.21654 37.458 -13 819 0 0 1
-0.0347941 0.0183472 180 -0.0213699 0.00514741 13.4027 12.0612 -13 820 0 0 1
0.00632851 0.0752211 180 0.0268641 -0.000666735 8.49306 11.8535 -13 821 0 0 1
0.103484 0.0811217 180 0.00472051 0.065692 11.709 34.5576 -13 822 0 0 1
0.00365518 -0.0326103 180 -0.00656237 -0.00923224 12.626 28.7604 -13 823 0 0 1
0.0060427 0.0160387 180 0.00654459 0.00288873 14.5656 25.8043 -13 824 0 0 1
0.0239601 -0.0511801 180 -0.0146203 -0.00536547 14.4607 30.9301 -13 825 0 0 1
-0.00137427 -0.0261758 180 -0.0333635 -0.0551641 7.63519 22.1907 -13 826 0 0 1
-0.108415 0.171189 180 0.097249 0.0395398 3.97905 44.8789 -13 827 0 0 1
0.134221 0.0247981 180 0.0268469 -0.0401158 8.66069 34.6017 -13 828 0 0 1
0.146236 0.064071 180 0.0272824 -0.0395401 10.105 33.2873 -13 829 0 0 1
-0.00143382 0.0145453 180 0.00401505 0.00264505 14.0857 34.0954 -13 830 0 0 1
0.0347316 -0.0995262 180 -0.0512936 -0.0307696 8.44187 15.0416 -13 831 0 0 1
-0.0148521 -0.00117022 180 0.00141487 0.00433317 13.8016 18.7534 -13 832 0 0 1
0.0102257 0.0428061 180 -0.0285113 -0.036865 9.06175 36.9105 -13 833 0 0 1
0.0236629 0.0552281 180 0.0449225 0.0242781 5.47436 36.4742 -13 834 0 0 1
0.0308837 -0.0374932 180 0.0221186 0.00894927 0.0233775 36.5901 11 834 1002 0 1
0.180479 0.0388951 180 0.00805571 -0.0739749 7.86455 36.4701 -13 835 0 0 1
-0.026384 0.00764067 180 -0.0171065 0.0189429 11.8739 27.6007 -13 836 0 0 1
-0.0195249 0.00189293 180 -0.014883 0.00397647 10.832 15.5902 -13 837 0 0 1
-0.0173944 0.0263804 180 -0.0149062 0.0238088 12.8396 22.3477 -13 838 0 0 1
0.0268282 0.00480951 180 -0.00586181 -0.0109787 11.1455 27.8434 -13 839 0 0 1
-0.0121795 0.0136614 180 -0.00129936 0.0174099 9.87113 28.5885 -13 840 0 0 1
-0.0493238 -0.229264 180 -0.0427998 0.0241895 6.22672 37.5933 -13 842 0 0 1
-0.0506699 0.135734 180 0.0388095 -0.00229942 8.31519 15.3045 -13 843 0 0 1
-0.0168752 -0.121013 180 -0.0529337 -0.0521082 4.48205 38.2862 -13 844 0 0 1
0.00738693 -0.0305881 180 0.0227775 -0.00215127 13.4953 14.269 -13 845 0 0 1
0.0519954 -0.00124668 180 -0.0184485 -0.00650627 12.311 22.3893 -13 846 0 0 1
-0.0161442 -0.00543577 180 0.0115493 0.0603541 4.81132 23.0998 -13 847 0 0 1
0.271748 0.224164 180 0.0326637 -0.0997528 4.79768 41.0007 -13 848 0 0 1
-0.0204464 0.0271485 180 0.000837613 -0.0063694 9.63552 9.52327 -13 849 0 0 1
0.0346237 0.0350109 180 -0.00695683 -0.0241232 12.3889 27.7878 -13 850 0 0 1
0.0309837 -0.00697404 180 0.0170671 -0.00555206 8.9249 15.6491 -13 851 0 0 1
0.613037 0.0879143 180 0.0839747 -0.0632027 2.26502 47.6463 -13 852 0 0 1
0.476401 0.209499 180 -0.0175566 -0.116959 4.9613 17.1448 -13 853 0 0 1
0 0 180 0 0 11.493 9.53465 -13 854 0 0 1
-0.0202038 -0.00645644 180 -0.00398146 0.00566587 11.5712 29.6259 -13 855 0 0 1
-0.0220212 -0.374523 180 0.25105 0.0701927 0.423386 57.6526 -13 856 0 0 1
-0.0274251 0.0534452 180 0.00278749 0.033993 14.3303 13.1453 -13 857 0 0 1
-0.00146365 0.0143179 180 0.0192055 -0.00570081 10.2376 33.0159 -13 858 0 0 1
-0.0029185 0.00435405 180 -0.00624172 0.00370315 12.9625 17.1053 -13 859 0 0 1
-0.0239868 -0.0171852 180 -0.0185661 -0.00203117 13.06 30.2342 -13 860 0 0 1
-0.0322448 0.0132021 180 0.00542141 0.0154554 11.1904 9.27651 -13 861 0 0 1
0.0118828 0.00962432 180 -0.00802713 -0.0504566 5.93776 32.3237 -13 862 0 0 1
-0.196177 -0.345014 180 -0.0946559 0.0661272 4.18062 22.7282 -13 863 0 0 1
-0.0432002 -0.236388 180 0.190358 0.0537323 0.773927 63.1702 -13 864 0 0 1
0.222919 -0.0155138 180 -0.028083 -0.0413195 6.92017 23.1634 -13 865 0 0 1
-4.07413 -2.10318 180 0.0215455 -0.0133652 0.0422257 22.8419 11 865 1001 0 1
0.109328 0.138027 180 0.0527483 -0.0481519 5.59624 40.3536 -13 866 0 0 1
0.146935 0.043169 180 0.00790383 -0.0368787 8.37558 18.342 -13 868 0 0 1
0.0931397 0.156867 180 0.0209847 0.0050346 9.19244 28.2176 -13 869 0 0 1
-2.38518 -0.737779 180 -0.00368443 -0.0394289 0.0109755 29.1578 11 869 1002 0 1
0.0647226 -0.0703799 180 -0.0204487 -0.0827955 12.3812 20.8599 -13 870 0 0 1
0.0291958 -0.0170355 180 -0.00952466 -0.00610799 13.7419 27.378 -13 871 0 0 1
0.181527 0.0757992 180 0.1185 -0.00680835 5.33622 32.8445 -13 872 0 0 1
-0.287908 0.200128 180 0.135658 0.0555214 4.61811 19.7942 -13 873 0 0 1
-0.205914 0.0753804 180 -0.0374875 0.0619295 4.98798 26.6131 -13 874 0 0 1
0.228387 0.0407883 180 -0.027042 -0.0116181 3.64496 19.6368 -13 875 0 0 1
-0.00178326 0.0203683 180 0.00146315 0.0140389 11.789 17.6142 -13 876 0 0 1
-0.0110545 -0.00884515 180 -0.00912866 -0.00729632 9.24951 30.3724 -13 877 0 0 1
-1.85136 -2.2603 180 -0.170371 0.167116 1.43145 39.6192 -13 878 0 0 1
0.00526302 0.00046723 180 -0.00636806 -0.000812766 14.251 31.0016 -13 879 0 0 1
-0.0199149 0.0334366 180 0.00871034 0.0166157 12.9447 10.8746 -13 880 0 0 1
-0.016543 0.0403588 180 0.0110039 -0.00461565 14.5375 17.4589 -13 881 0 0 1
0.132146 0.120425 180 0.0363491 -0.00984641 6.58883 31.4965 -13 882 0 0 1
0.00732459 0.0257377 180 -0.0101817 0.000949621 7.17518 33.484 -13 883 0 0 1
-0.135405 -0.0727935 180 -0.0149146 0.0815156 5.78669 28.6442 -13 884 0 0 1
-0.0625099 -0.0598076 180 -0.0392681 -0.00115834 12.5803 7.21262 -13 885 0 0 1
-0.0403095 0.0322378 180 0.0155821 0.00585192 8.51057 14.6742 -13 886 0 0 1
-0.0597953 -0.00972031 180 0.0107079 0.0241049 8.56519 8.61112 -13 887 0 0 1
-0.0127298 0.0327931 180 0.0397676 0.0313753 8.552 27.3082 -13 888 0 0 1
0.515698 -0.197907 180 -0.0336752 0.000984934 0.0392054 27.6227 11 888 1002 0 1
0.0277832 0.0338481 180 0.00681442 0.0219644 11.3324 30.8332 -13 889 0 0 1
0.0180988 -0.0020788 180 -0.000966025 -0.0102448 10.8505 18.1613 -13 890 0 0 1
-0.0531086 -0.0263571 180 0.0146286 0.0430514 7.59485 17.1507 -13 891 0 0 1
-0.0140007 0.00275944 180 0.00375199 0.0104942 14.0696 13.8228 -13 892 0 0 1
-0.0206688 0.0144756 180 -0.00586729 0.00583175 9.39998 10.9427 -13 893 0 0 1
-0.0920023 0.0462901 180 0.00337498 0.0207842 12.6202 23.977 -13 894 0 0 1
0.0161692 -0.0619238 180 -0.00820461 -0.00823261 11.6221 22.8339 -13 895 0 0 1
-0.0532823 0.0214514 180 0.00781057 0.0181182 6.84102 31.5212 -13 896 0 0 1
-0.00784021 0.0417539 180 -0.0139544 0.0025325 10.3706 13.91 -13 897 0 0 1
0.0561061 -0.202036 180 -0.0582358 -0.0014888 8.40935 24.6553 -13 898 0 0 1
0.00299402 -0.0483157 180 0.034129 0.0410503 6.78545 19.6693 -13 899 0 0 1
0.0766362 -0.0476033 180 -0.0114173 -0.0174775 11.4566 7.8693 -13 900 0 0 1
-0.00979238 -0.0361086 180 0.00589705 0.01515 5.46907 40.4653 -13 901 0 0 1
-0.267283 0.182761 180 0.00805373 0.0654809 8.60195 10.3059 -13 902 0 0 1
-3.53297 -4.71062 180 -0.00303448 -0.0301387 0.0154046 11.7463 11 902 1003 0 1
-0.165649 -0.0229053 180 -0.00990794 0.073434 6.70759 17.8277 -13 903 0 0 1
0.0148723 0.00885739 180 -0.0104575 0.00148006 12.5637 13.1648 -13 904 0 0 1
-0.276842 -0.0681682 180 0.0193149 0.0697082 5.21624 30.6756 -13 905 0 0 1
-0.145689 0.0609374 180 0.0214878 0.0541831 10.4726 26.4664 -13 906 0 0 1
0.00786193 -0.119466 180 -0.0423008 -0.0762321 11.6446 32.3946 -13 907 0 0 1
0 0 180 0 0 12.96 8.84804 -13 908 0 0 1
0.0257058 0.0244294 180 -0.0037475 -0.00676608 7.30459 24.2575 -13 909 0 0 1
-0.00879097 -0.0284538 180 -0.00222876 0.00304582 9.31812 9.09762 -13 910 0 0 1
-0.382277 -0.349471 180 -0.0648742 0.103313 2.59446 45.7611 -13 911 0 0 1
-0.0173301 -0.0189235 180 -0.00384147 0.0103458 11.8489 7.89087 -13 912 0 0 1
-0.00207865 -0.042927 180 -0.00507019 -0.000894615 10.3104 8.72131 -13 914 0 0 1
0.105858 0.0876269 180 -0.0437737 -0.063879 9.1301 13.8607 -13 915 0 0 1
0.00186417 -0.145886 180 -0.0377479 0.000436499 13.817 23.9222 -13 916 0 0 1
0.0173819 -0.000106059 180 0.00947169 -0.00525868 12.504 25.1659 -13 917 0 0 1
0.0104718 0.00607038 180 0.0123268 -0.00176572 12.8608 29.5793 -13 918 0 0 1
0.242328 -0.0497177 180 0.0564709 -0.0019601 3.99503 21.9351 -13 919 0 0 1
0.0858643 0.025912 180 0.0315722 -0.0199235 8.6655 11.1072 -13 920 0 0 1
0.0219413 -0.0470438 180 -0.0115511 -0.0344707 14.0866 11.2754 -13 921 0 0 1
0.00980624 -0.0243213 180 -0.0145439 0.00494729 12.8713 26.5062 -13 922 0 0 1
-0.123737 -0.0992666 180 -0.0456375 0.140436 4.21964 44.1525 -13 923 0 0 1
-0.0609837 0.0383018 180 0.017145 0.0180207 13.6253 19.0601 -13 924 0 0 1
-0.00815335 0.13848 180 0.0339171 0.0191772 13.9666 33.4948 -13 925 0 0 1
-0.0128255 -0.0191622 180 0.00552341 0.0222964 12.8175 6.31328 -13 926 0 0 1
0.111458 0.127686 180 0.020225 -0.00469522 4.926 28.3368 -13 927 0 0 1
0.00389369 0.0117229 180 0.0040492 0.0121741 11.7934 29.5653 -13 928 0 0 1
0.0448647 -0.0230399 180 -0.00894276 -0.0126109 13.5642 11.819 -13 929 0 0 1
0.0237985 -0.0102078 180 -0.026278 0.00370167 12.7449 23.734 -13 930 0 0 1
0.0212417 -0.00825898 180 -0.00576658 -0.0163597 13.322 26.5562 -13 931 0 0 1
0.0113917 0.0308875 180 -0.00447961 0.00937105 11.4612 35.1092 -13 932 0 0 1
0.144765 0.0266642 180 -0.0663008 -0.0531415 13.6139 18.5487 -13 933 0 0 1
0.0600052 0.0526905 180 0.0181397 0.00468789 8.65735 20.2625 -13 934 0 0 1
0.0388245 0.0114658 180 0.0421895 -0.00296723 10.4503 27.9828 -13 935 0 0 1
0.00888684 -0.0026471 180 0.0079359 -0.00236739 12.4544 19.1597 -13 936 0 0 1
0.00993342 0.001749 180 0.000175026 -0.00284826 12.5443 32.8988 -13 937 0 0 1
-0.0392308 0.139442 180 0.0272683 0.0112856 4.72101 17.902 -13 938 0 0 1
0.0142323 -0.192233 180 -0.0650718 -0.0453987 13.8515 15.0824 -13 939 0 0 1
-0.056847 -0.140378 180 -0.0273676 0.00649234 6.03679 15.288 -13 940 0 0 1
-0.00130903 -0.0438139 180 -0.0151982 -0.0276128 12.3009 21.5899 -13 941 0 0 1
0.441151 0.234883 180 0.0460776 -0.0769682 2.98592 45.2545 -13 942 0 0 1
0.0287734 0.00980064 180 0.00695543 -0.0100314 10.5452 31.5036 -13 943 0 0 1
0.134326 0.0534797 180 0.0134179 -0.0277909 5.89136 34.7678 -13 944 0 0 1
-0.0822121 0.115239 180 -0.0124992 0.00966673 4.13165 42.3446 -13 945 0 0 1
0.0138202 0.00487174 180 0.0320331 0.0130819 14.311 17.7998 -13 946 0 0 1
-0.0247268 0.027625 180 0.0272981 -0.00160059 10.4833 11.746 -13 947 0 0 1
-0.095135 -0.0148949 180 0.0300905 0.00443733 7.77894 13.8186 -13 948 0 0 1
-0.0170154 -0.0282043 180 -0.0143307 -0.012033 12.4961 26.5941 -13 949 0 0 1
-0.145198 -0.487892 180 -0.0558807 0.197217 3.59987 20.7403 -13 950 0 0 1
0.0957766 -0.0392239 180 0.0283318 0.0246301 5.37091 19.3467 -13 951 0 0 1
0.0651203 -0.117407 180 0.00509247 0.0614028 4.33767 40.7514 -13 952 0 0 1
0.0187077 0.00276445 180 -0.00535609 -0.0103622 9.89234 13.8464 -13 953 0 0 1
0.0230612 -0.0245674 180 0.017575 -0.016015 6.76624 29.7537 -13 954 0 0 1
-0.0655086 0.0465467 180 0.0180379 0.0100638 7.44483 26.1997 -13 955 0 0 1
0.0677869 -0.0306084 180 -0.0188383 -0.0407749 7.01328 16.9946 -13 956 0 0 1
0.106766 0.0265944 180 0.00783402 -0.0184866 14.0664 23.8662 -13 957 0 0 1
0.00565563 0.0199328 180 0.00947738 0.0161737 11.9007 20.1138 -13 958 0 0 1
-0.31441 -0.00694848 180 0.0339216 0.0569244 10.4282 27.1814 -13 959 0 0 1
-0.0148805 -0.0698386 180 -0.0219801 0.017826 14.4474 14.3515 -13 960 0 0 1
0.686709 0.673985 180 0.0393165 -0.219305 2.55653 36.5239 -13 961 0 0 1
0.0743469 0.11195 180 -0.00641605 -0.0637817 11.8265 24.8985 -13 962 0 0 1
-0.0226421 -0.0188507 180 -0.0022748 0.00473102 11.8819 28.7397 -13 963 0 0 1
-0.00984443 0.0258839 180 -0.0131806 0.0155354 10.5003 33.2279 -13 964 0 0 1
-0.00662872 -0.00591892 180 -0.00320076 -0.0008802 11.3457 21.7434 -13 965 0 0 1
0.0214387 -0.0196423 180 -0.00783398 -0.0250547 9.43348 15.3249 -13 966 0 0 1
-0.15028 -0.190203 180 -0.0633363 0.0183031 3.13336 28.8103 -13 968 0 0 1
0.0474283 -0.0342618 180 -0.00833106 -0.0192889 8.96116 20.3957 -13 969 0 0 1
-1.86903 1.71412 180 -0.0773112 0.275062 1.23765 64.816 -13 970 0 0 1
0.0177594 -0.0111319 180 0.000260496 -0.0160697 13.2578 19.2526 -13 971 0 0 1
-0.0174729 0.0160106 180 0.00423827 0.00834456 14.4678 20.0926 -13 972 0 0 1
-0.0253972 0.0136065 180 0.0101092 0.00436414 13.7736 33.6742 -13 973 0 0 1
-0.0134963 -0.204725 180 -0.0496869 0.0388243 14.4863 24.6627 -13 974 0 0 1
-0.718442 0.604839 180 0.0535279 -0.0241524 0.0826621 24.454 11 974 1001 0 1
-0.111629 0.0207229 180 -0.0321251 0.066145 10.303 26.6639 -13 975 0 0 1
0.0644719 -0.0726516 180 -0.00554476 0.00702299 6.74278 16.2813 -13 976 0 0 1
0.32719 0.246613 180 0.240847 0.076314 0.489262 70.3104 -13 977 0 0 1
-0.0692109 0.184327 180 0.0289178 -0.0125981 9.08655 24.833 -13 978 0 0 1
-0.00234919 -0.00256084 180 -0.0025854 -0.00473431 13.7287 23.8291 -13 979 0 0 1
0.056569 0.0594731 180 -0.00760632 -0.0373873 12.0937 9.59048 -13 980 0 0 1
-0.0723161 0.00890937 180 0.030134 0.0111058 9.69736 7.88987 -13 981 0 0 1
0.00376516 -0.0153763 180 -0.019875 0.00387074 13.6333 17.9735 -13 982 0 0 1
-0.12792 -0.155297 180 -0.0966401 -0.0137571 5.79471 35.2935 -13 983 0 0 1
-0.000705234 -0.00644018 180 0.000403266 -0.00719677 10.1141 9.43696 -13 984 0 0 1
-0.0518182 -0.126688 180 -0.0796024 -0.063416 11.2705 21.5122 -13 985 0 0 1
-0.0801312 -0.0531915 180 -0.0242726 0.03046 8.41613 26.8445 -13 986 0 0 1
0.10318 0.0731502 180 0.0266304 -0.0302248 14.2437 29.5817 -13 987 0 0 1
-0.00442588 -0.038344 180 0.00494382 0.0235804 6.72614 31.8479 -13 988 0 0 1
-0.159974 -0.0415909 180 -0.0382117 0.0140556 2.99398 38.6561 -13 989 0 0 1
-0.031633 -0.0447259 180 -0.00897434 0.0189779 14.4752 13.0959 -13 990 0 0 1
0.0379154 -9.99507e-05 180 0.00826744 -0.00238627 10.8973 26.4456 -13 991 0 0 1
-0.0435464 0.10486 180 0.0303675 0.0279872 13.1016 30.8199 -13 992 0 0 1
0.00950256 -0.0518892 180 -0.0129027 -0.012082 11.2861 35.1598 -13 993 0 0 1
-0.000478506 -3.11931e-06 180 -0.00140266 7.19643e-05 12.8362 30.1358 -13 994 0 0 1
-0.0181713 0.0800366 180 0.0513664 0.0123455 13.9055 17.0068 -13 995 0 0 1
0.00617477 -0.0282649 180 -0.0131159 -0.0115955 13.0557 30.6402 -13 996 0 0 1
-0.043637 0.00138337 180 -0.0274612 0.0289005 14.5257 13.659 -13 997 0 0 1
-0.043251 0.0181872 180 -0.0128397 0.00417902 10.2733 31.8623 -13 998 0 0 1
0.121608 0.059623 180 -0.0148216 -0.00617297 7.40254 14.0799 -13 999 0 0 1
-0.0252921 0.0534577 180 -0.00488429 -0.0149294 8.47701 29.7945 -13 1000 0 0 1
