#BLTrackFile NTuple/Z20
#x y z Px Py Pz t PDGid EventID TrackID ParentID Weight
#mm mm mm MeV/c MeV/c MeV/c ns - - - - -
0 0 20 0 0 0.817671 7.1628 -13 -1 1 0 1
0 0 20 0 0 11.5341 19.7788 -13 1 0 0 1
0 0 20 0 0 12.5893 23.1649 -13 2 0 0 1
-0.018073 0.018194 20 -0.0136512 0.0246467 9.88539 3.3352 -13 3 0 0 1
-0.252598 0.0443228 20 -0.0228693 0.0150227 0.0875103 3.19108 11 3 1001 0 1
0.000151595 -8.0016e-05 20 0.00342737 -0.00180197 11.1812 4.9433 -13 4 0 0 1
-0.00184325 0.00661125 20 -0.00352386 0.0150011 6.97079 8.48012 -13 5 0 0 1
-0.0143258 0.0234086 20 -0.00844771 0.0138239 7.69862 23.1724 -13 6 0 0 1
0.00214587 -0.00660009 20 0.00188511 -0.000994041 12.0579 14.168 -13 7 0 0 1
-0.0177536 0.0432007 20 -0.00645614 0.0157447 5.26804 16.3626 -13 8 0 0 1
0.0168534 0.00584233 20 0.0129477 0.00448275 13.6598 24.0533 -13 9 0 0 1
0 0 20 0 0 13.2451 5.58234 -13 10 0 0 1
3.73843e-06 -9.56049e-06 20 1.85035e-05 -4.732e-05 10.6636 3.55392 -13 11 0 0 1
-0.00157459 -0.00502533 20 -0.0012703 -0.00404803 11.8316 4.75015 -13 12 0 0 1
0.00680196 0.025273 20 0.0152778 0.0125413 4.11401 8.2631 -13 13 0 0 1
1.14422 -0.598657 20 -0.00119527 -0.0102636 0.033786 8.04567 11 13 1002 0 1
0 0 20 0 0 10.45 3.84686 -13 14 0 0 1
0.0818199 0.000389799 20 0.0476288 0.00471041 5.38048 21.0186 -13 15 0 0 1
0.00409334 -0.0126702 20 0.00374896 -0.0145838 8.48495 3.88227 -13 16 0 0 1
0 0 20 0 0 14.5194 7.69998 -13 17 0 0 1
0 0 20 0 0 13.1 29.6474 -13 18 0 0 1
-0.000112189 0.0125009 20 -0.00362461 0.00491939 8.32257 18.7473 -13 19 0 0 1
-0.171219 0.213783 20 -0.0271243 0.0526789 2.96834 21.5103 -13 20 0 0 1
0 0 20 0 0 14.4314 23.4246 -13 21 0 0 1
0.00186308 -0.00691704 20 0.00913166 -0.0339082 10.5514 2.6292 -13 22 0 0 1
-0.00594812 -0.000294916 20 -0.00520844 -0.000261723 11.7936 30.2552 -13 23 0 0 1
-0.000575545 -0.000473201 20 -0.00373033 -0.00306946 8.36122 28.2724 -13 24 0 0 1
0 0 20 0 0 14.3771 14.8064 -13 25 0 0 1
-0.000361478 0.00174236 20 -0.00291946 0.0140347 8.97291 16.631 -13 26 0 0 1
-0.00611114 -0.01544 20 -0.00745062 -0.0150293 8.50673 11.4379 -13 27 0 0 1
-0.00195828 0.00069922 20 -0.00674019 0.00240823 11.5971 28.5968 -13 28 0 0 1
0.00409702 0.00381442 20 0.00282835 0.00263982 7.11049 22.855 -13 29 0 0 1
0 0 20 0 0 13.6571 3.06256 -13 30 0 0 1
0 0 20 0 0 10.393 5.21286 -13 31 0 0 1
0 0 20 0 0 8.53682 6.70921 -13 32 0 0 1
0.0285915 0.0140258 20 0.0131709 0.00783511 3.80898 27.7194 -13 33 0 0 1
-0.00952599 0.00826383 20 -0.0104965 0.00924598 13.7043 22.3012 -13 34 0 0 1
-0.0105445 0.0183318 20 -0.00358677 0.00621866 5.33432 28.5261 -13 35 0 0 1
0.0318066 0.0129569 20 0.0174546 0.00723786 8.63597 25.3737 -13 36 0 0 1
0 0 20 0 0 10.4237 29.1027 -13 37 0 0 1
0 0 20 0 0 11.8697 24.3486 -13 38 0 0 1
0 0 20 0 0 9.5446 11.3476 -13 39 0 0 1
0 0 20 0 0 10.9568 21.5805 -13 40 0 0 1
0 0 20 0 0 8.94299 4.31105 -13 41 0 0 1
0 0 20 0 0 9.94321 22.7163 -13 42 0 0 1
0 0 20 0 0 14.4384 12.6376 -13 43 0 0 1
0.00712961 -0.029891 20 0.013624 -0.0572076 11.3198 19.8158 -13 44 0 0 1
-0.00693236 0.00215915 20 -0.00215534 0.00585891 10.8947 25.6211 -13 45 0 0 1
0.0370129 -0.00484717 20 0.0195253 -0.00583883 5.20398 6.20927 -13 46 0 0 1
-0.000412774 -0.00101249 20 -0.000263122 -0.000644557 11.4318 9.08372 -13 47 0 0 1
0.010704 -0.00149892 20 0.0123149 -0.00135173 6.84009 11.6932 -13 48 0 0 1
0 0 20 0 0 13.28 7.25625 -13 49 0 0 1
-0.0294894 0.00257104 20 -0.0133521 0.000227157 4.59423 29.3515 -13 50 0 0 1
0 0 20 0 0 8.45391 13.2907 -13 51 0 0 1
-0.000129174 -2.30518e-06 20 -0.000270082 -5.00268e-06 3.14935 25.6349 -13 52 0 0 1
0 0 20 0 0 8.26787 2.74271 -13 53 0 0 1
0.00421318 0.00599118 20 0.0113118 0.0161835 3.51035 7.58339 -13 54 0 0 1
0.00220003 0.00265813 20 -0.00291286 0.00450293 10.4205 20.5319 -13 55 0 0 1
0 0 20 0 0 14.1366 9.76037 -13 56 0 0 1
0 0 20 0 0 9.81614 28.4266 -13 57 0 0 1
0 0 20 0 0 8.34972 8.38901 -13 58 0 0 1
-0.0141994 0.0075013 20 -0.0243948 0.0180415 7.14387 18.5991 -13 59 0 0 1
0.146854 -0.278871 20 0.0121386 -0.0264856 0.0183612 18.7437 11 59 1003 0 1
-0.016428 0.0352839 20 -0.0111965 0.023592 8.34468 22.8336 -13 60 0 0 1
0.00310295 -0.00416758 20 0.00289117 -0.00388614 13.9569 16.271 -13 61 0 0 1
0 0 20 0 0 9.41657 13.8872 -13 62 0 0 1
0.000223966 0.000905198 20 0.00107401 0.0043383 14.0301 28.9907 -13 63 0 0 1
0 0 20 0 0 8.94642 13.8501 -13 64 0 0 1
-0.0282771 -0.0246115 20 -0.0226343 -0.0018163 5.26406 6.76314 -13 65 0 0 1
-0.0037456 0.00120378 20 -0.00790964 -0.000414023 7.44696 14.5373 -13 66 0 0 1
0 0 20 0 0 11.5495 13.427 -13 67 0 0 1
-0.0342875 0.00250774 20 -0.061432 0.0045161 10.6787 20.5174 -13 68 0 0 1
-0.0382527 -0.0270039 20 -0.0140941 -0.00985932 5.57296 15.4029 -13 69 0 0 1
0 0 20 0 0 11.1891 6.15484 -13 70 0 0 1
0 0 20 0 0 11.703 4.79186 -13 71 0 0 1
0 0 20 0 0 10.3966 2.54028 -13 72 0 0 1
0 0 20 0 0 6.25455 23.2015 -13 73 0 0 1
0.0262383 -0.0328466 20 0.00306799 -0.0238667 10.7606 15.7399 -13 74 0 0 1
-0.00358812 0.00347802 20 -0.00775624 0.0075233 7.85398 29.121 -13 75 0 0 1
0 0 20 0 0 12.5071 26.4493 -13 76 0 0 1
-0.00294368 -0.00106912 20 0.000576006 -0.00138258 8.27776 27.2966 -13 77 0 0 1
0.000948085 -0.00538755 20 0.00371671 -0.0103411 13.5644 14.4028 -13 78 0 0 1
0 0 20 0 0 12.6926 25.8662 -13 79 0 0 1
0 0 20 0 0 10.3295 28.8863 -13 80 0 0 1
-0.000298169 -0.00333922 20 0.00180143 -0.0127611 8.75208 24.1871 -13 81 0 0 1
0 0 20 0 0 13.2147 23.9731 -13 82 0 0 1
-0.0013278 0.00219988 20 -0.00256336 0.00425045 9.88813 19.9257 -13 83 0 0 1
-0.00584694 0.0193791 20 -0.00705326 0.0142953 6.46518 15.0635 -13 84 0 0 1
0 0 20 0 0 13.6165 4.68812 -13 85 0 0 1
-0.00121885 0.0149801 20 -0.000916378 0.0138446 8.00095 14.2675 -13 86 0 0 1
0.081674 0.00269115 20 0.0239247 -0.00176376 2.96721 30.5016 -13 87 0 0 1
0 0 20 0 0 8.56173 9.60872 -13 88 0 0 1
0.0203148 0.00708321 20 0.0157898 0.0116535 10.008 11.959 -13 89 0 0 1
-0.000586625 0.0122502 20 0.00350076 0.0202507 6.75938 10.1501 -13 90 0 0 1
-0.089551 -0.0677139 20 -0.0378225 -0.0285551 7.21611 28.7417 -13 91 0 0 1
-0.0095472 0.0116859 20 -0.00730391 0.00895229 6.76664 29.1789 -13 92 0 0 1
-0.00557639 0.00403427 20 -0.00946818 0.00685594 7.75393 27.1231 -13 93 0 0 1
-0.000518155 0.00431912 20 -0.00173768 -0.00709203 5.96615 10.4854 -13 94 0 0 1
0.00467771 -0.00179165 20 0.00347795 -0.00133401 10.7969 12.803 -13 95 0 0 1
0.640594 -0.241558 20 0.17727 -0.0592059 3.05849 9.20245 -13 96 0 0 1
0 0 20 0 0 12.8834 15.9775 -13 97 0 0 1
-0.00924784 0.00781943 20 -0.00162281 0.0060907 9.60571 9.19395 -13 98 0 0 1
0 0 20 0 0 14.0247 6.07203 -13 99 0 0 1
0.00245708 0.00243231 20 0.00371699 0.00367683 12.3395 1.89017 -13 100 0 0 1
-0.0148448 0.00548406 20 -0.00948901 0.00345915 4.96273 17.8807 -13 101 0 0 1
-0.346743 0.291371 20 -0.0626193 0.0449235 2.39927 16.0807 -13 102 0 0 1
-2.06002e-06 -3.39176e-06 20 -1.19011e-05 -1.95948e-05 9.99354 24.3893 -13 103 0 0 1
0 0 20 0 0 9.63785 14.0973 -13 104 0 0 1
0.0208493 0.00969565 20 0.0107154 -0.0025297 8.86413 7.93796 -13 105 0 0 1
0 0 20 0 0 10.3483 29.1135 -13 106 0 0 1
0 0 20 0 0 13.7808 18.605 -13 107 0 0 1
0.0233892 -0.0202891 20 0.0144428 -0.0144352 7.41055 14.0681 -13 108 0 0 1
-0.00958761 -0.00606327 20 -0.0104443 -0.00659963 13.5854 1.55763 -13 109 0 0 1
6.50848e-06 3.0565e-06 20 1.41453e-05 6.64289e-06 5.62221 4.75577 -13 110 0 0 1
0 0 20 0 0 9.87192 4.88621 -13 111 0 0 1
0 0 20 0 0 7.7353 5.32686 -13 112 0 0 1
0 0 20 0 0 11.9746 11.2055 -13 113 0 0 1
0.0275762 0.0147832 20 0.0513792 0.0275174 8.12334 8.0147 -13 114 0 0 1
0 0 20 0 0 13.2411 20.493 -13 115 0 0 1
0.0404413 0.0241906 20 0.026906 -0.000316445 10.3305 30.2786 -13 116 0 0 1
0 0 20 0 0 11.5961 6.08795 -13 117 0 0 1
0.0233472 -0.0688321 20 0.0112163 -0.0303049 5.97458 6.83004 -13 118 0 0 1
0.00839302 0.000849816 20 0.00734026 0.000739847 10.9945 20.7235 -13 119 0 0 1
-0.000254294 -0.00258717 20 -0.00019263 -0.00194735 7.57519 15.3591 -13 120 0 0 1
1.54353e-05 -8.18263e-06 20 4.18535e-05 -2.21876e-05 8.01573 29.2328 -13 121 0 0 1
0.00220689 0.00208611 20 0.00734952 0.00677256 9.09499 7.67601 -13 122 0 0 1
0 0 20 0 0 5.229 24.3483 -13 123 0 0 1
-0.0264627 -0.0211342 20 -0.0172873 -0.0134283 13.0068 16.1844 -13 124 0 0 1
0 0 20 0 0 11.4908 27.5063 -13 125 0 0 1
0 0 20 0 0 11.744 26.0335 -13 126 0 0 1
0.000245289 -0.000767261 20 0.000413119 -0.00129401 9.68534 7.04826 -13 127 0 0 1
0.000481774 -0.00303253 20 0.00129471 -0.00816356 13.5151 10.5415 -13 128 0 0 1
0 0 20 0 0 13.5099 13.607 -13 129 0 0 1
1.12833e-06 -1.35916e-07 20 1.33411e-05 -1.60702e-06 10.4785 23.3237 -13 130 0 0 1
0 0 20 0 0 9.2262 9.44643 -13 131 0 0 1
0 0 20 0 0 13.2519 23.3196 -13 132 0 0 1
0.00016401 -0.00965225 20 0.000253504 -0.0270757 14.5564 19.7959 -13 133 0 0 1
0.00977791 -0.0165036 20 -0.00719994 -0.0136205 7.33712 20.2152 -13 134 0 0 1
-4.30371e-06 -1.60887e-06 20 -3.37478e-05 -1.26161e-05 13.3731 5.21675 -13 135 0 0 1
-0.0015408 0.00124162 20 -0.00582045 0.0046921 12.9914 12.8084 -13 136 0 0 1
-0.0452652 0.0324632 20 -0.0200195 0.0143791 7.31906 5.64797 -13 137 0 0 1
-0.0519518 0.0139961 20 -0.00483391 -0.00138775 4.78941 7.39922 -13 138 0 0 1
0 0 20 0 0 11.516 20.7062 -13 139 0 0 1
0 0 20 0 0 14.1529 25.9542 -13 140 0 0 1
0.0034906 -0.00190081 20 0.00674845 -0.00463543 13.8348 2.02091 -13 141 0 0 1
0 0 20 0 0 13.7645 12.5819 -13 142 0 0 1
0.009899 -0.00493406 20 0.0153111 -0.00763905 11.0486 6.65398 -13 143 0 0 1
0 0 20 0 0 14.4037 21.4958 -13 144 0 0 1
0 0 20 0 0 9.89332 26.433 -13 145 0 0 1
0 0 20 0 0 9.2558 11.8293 -13 146 0 0 1
-0.0176687 -0.0262013 20 -0.0119025 -0.0300606 11.2539 16.3004 -13 147 0 0 1
0.00662928 -0.0081233 20 0.00594205 -0.00461256 7.46176 14.6805 -13 148 0 0 1
0.0418533 0.0446038 20 0.0201017 0.0202929 7.08729 10.0595 -13 149 0 0 1
-0.00256224 -0.00403438 20 -0.00381271 -0.00599883 13.8671 21.4648 -13 150 0 0 1
-0.00425718 -0.00050186 20 -0.00540175 -0.00190351 8.15837 4.80173 -13 151 0 0 1
0.00169851 0.00458116 20 0.00419971 0.0113178 14.1439 25.1252 -13 152 0 0 1
0 0 20 0 0 13.7055 24.5889 -13 153 0 0 1
-0.00191175 5.55619e-05 20 -0.0100233 0.000290641 9.49867 18.3871 -13 154 0 0 1
-0.000311358 -0.000475193 20 -0.00152676 -0.00233009 9.98636 26.3588 -13 155 0 0 1
0 0 20 0 0 11.9988 17.7336 -13 156 0 0 1
0 0 20 0 0 13.2554 10.1573 -13 157 0 0 1
0.0138057 -0.002441 20 0.0114407 -0.00346447 8.52075 11.5753 -13 158 0 0 1
0 0 20 0 0 14.3462 23.8077 -13 159 0 0 1
-0.0273676 -0.00226293 20 -0.0381792 -0.00313795 7.58717 10.1282 -13 160 0 0 1
0 0 20 0 0 14.1176 7.85385 -13 161 0 0 1
0 0 20 0 0 9.82486 16.4545 -13 162 0 0 1
0 0 20 0 0 9.80253 4.18634 -13 163 0 0 1
0 0 20 0 0 14.2351 21.0398 -13 164 0 0 1
0 0 20 0 0 12.3543 25.6425 -13 165 0 0 1
0 0 20 0 0 11.043 29.7276 -13 166 0 0 1
-0.00902053 -0.0146259 20 -0.00955045 -0.0154688 9.90316 6.08143 -13 167 0 0 1
0.000679628 0.000178208 20 0.00048513 0.000126972 11.4427 2.00199 -13 168 0 0 1
0.000260735 0.0100242 20 0.000249268 0.00944158 13.079 27.339 -13 169 0 0 1
6.27526e-07 6.57671e-06 20 2.12159e-06 2.22351e-05 8.97622 20.1907 -13 170 0 0 1
0.00408489 0.00703257 20 -0.000858934 0.0118442 14.5222 22.9047 -13 171 0 0 1
0 0 20 0 0 11.8779 15.6721 -13 172 0 0 1
-0.00170293 0.000179742 20 -0.0146852 0.00154784 13.0788 2.12013 -13 173 0 0 1
-0.00170995 0.00233815 20 -0.00241755 0.00329183 9.82464 24.8456 -13 174 0 0 1
0 0 20 0 0 10.6896 3.67052 -13 175 0 0 1
-0.0186136 0.027211 20 0.00702049 0.0270491 10.8088 15.4146 -13 176 0 0 1
0.0209056 0.0222927 20 0.0195136 0.0216953 3.86221 9.01627 -13 177 0 0 1
0.032986 -0.0149896 20 0.0392022 -0.00662246 5.74941 13.2325 -13 178 0 0 1
0.0315474 -0.0221558 20 0.0655243 0.0269254 5.76802 18.3908 -13 179 0 0 1
0.0226515 -0.030903 20 0.0116221 -0.0191988 7.21689 24.9771 -13 180 0 0 1
-0.00980474 0.0121652 20 -0.0173981 0.0229148 8.82892 27.757 -13 181 0 0 1
0.018638 0.00306223 20 0.0181538 0.00325408 9.29156 18.7127 -13 182 0 0 1
-0.00779163 -0.0031317 20 -0.0066916 -0.00268666 14.0391 6.31412 -13 183 0 0 1
0 0 20 0 0 12.308 5.73484 -13 184 0 0 1
-0.0252969 -0.0471773 20 -0.0173146 -0.0329255 11.517 16.8988 -13 185 0 0 1
0 0 20 0 0 11.8941 30.1706 -13 186 0 0 1
0 0 20 0 0 4.97791 5.8912 -13 187 0 0 1
0.0449262 -0.0109404 20 0.0226661 -0.00553421 8.67151 17.925 -13 188 0 0 1
0 0 20 0 0 5.98843 2.98864 -13 189 0 0 1
-0.0135477 0.0014506 20 -0.0161976 -0.0113101 8.47305 6.99603 -13 190 0 0 1
0 0 20 0 0 12.2621 7.01866 -13 191 0 0 1
-0.00244025 -0.00141693 20 -0.00815989 -0.00473563 12.1063 6.75336 -13 192 0 0 1
-0.00151533 0.00148754 20 -0.0153964 0.0321402 1.20624 21.3086 -13 193 0 0 1
-0.0427025 0.0487046 20 -0.0310307 0.0354279 10.3765 8.17315 -13 194 0 0 1
0.00410859 0.0049795 20 0.00872646 0.0105691 10.8861 23.0122 -13 195 0 0 1
0 0 20 0 0 11.7142 30.3995 -13 196 0 0 1
-0.0127058 0.0539037 20 0.00424792 0.0141033 2.28999 25.8382 -13 197 0 0 1
-0.000843965 -0.00434858 20 -0.000854018 -0.0043909 12.3401 5.51773 -13 198 0 0 1
0.00162929 -0.00108623 20 0.00898863 -0.00599349 12.9468 15.2878 -13 199 0 0 1
-0.24673 0.0801275 20 -0.047773 0.0168586 2.83966 22.9482 -13 200 0 0 1
1.08628e-05 -7.94602e-06 20 4.03237e-05 -2.94962e-05 11.6214 22.7684 -13 201 0 0 1
-0.0363927 0.0436556 20 -0.018029 0.0429768 12.0326 21.907 -13 202 0 0 1
0 0 20 0 0 14.4707 21.6192 -13 203 0 0 1
-0.013163 0.00125385 20 -0.0145026 0.00139246 5.62041 10.764 -13 204 0 0 1
0 0 20 0 0 7.25671 12.6117 -13 205 0 0 1
0.159104 -0.271423 20 0.0206308 -0.0523179 2.48918 31.9973 -13 206 0 0 1
-0.0431465 -0.00813231 20 -0.0251261 -0.00472116 9.26737 29.1732 -13 207 0 0 1
0.000787197 0.00553282 20 0.00381006 0.00733149 2.68757 22.7609 -13 208 0 0 1
0 0 20 0 0 13.7227 13.8218 -13 209 0 0 1
-0.00043267 0.0344696 20 -0.00674894 0.0118809 3.66409 24.6046 -13 210 0 0 1
-0.0232467 0.03157 20 -0.0144487 0.019266 6.72968 16.7685 -13 211 0 0 1
0 0 20 0 0 13.9604 2.2611 -13 212 0 0 1
0.000569796 0.00735204 20 0.000523437 0.00670824 9.01371 30.1604 -13 213 0 0 1
-6.09569e-05 -4.52259e-05 20 -0.00976649 -0.00754493 9.82479 19.3534 -13 214 0 0 1
-0.038003 0.0110679 20 -0.00480126 0.000775528 4.35745 15.8648 -13 215 0 0 1
-0.000881771 -0.00344103 20 -0.00146713 -0.00571588 9.93052 13.3611 -13 216 0 0 1
0 0 20 0 0 9.49158 14.1996 -13 217 0 0 1
-0.000319271 -0.00829525 20 -0.000566523 -0.0145818 5.36031 16.9464 -13 218 0 0 1
0 0 20 0 0 9.78229 11.4523 -13 219 0 0 1
0 0 20 0 0 13.333 12.6881 -13 220 0 0 1
0.00655194 -0.00190207 20 0.0300836 -0.00861371 3.99971 11.8271 -13 221 0 0 1
-8.70095e-07 -1.04318e-06 20 -4.95519e-06 -5.94093e-06 8.9507 8.21041 -13 222 0 0 1
-0.000654411 0.00453538 20 -0.000606902 0.00422208 8.70812 4.67247 -13 223 0 0 1
0.0401795 0.0232958 20 0.0204681 0.0119211 6.27577 30.5303 -13 224 0 0 1
-0.00222034 0.00739326 20 0.000850066 0.00520327 12.3583 21.8296 -13 225 0 0 1
0 0 20 0 0 10.1226 20.1174 -13 226 0 0 1
0.00284645 -0.00131371 20 0.0058439 -0.00269936 12.6339 20.6553 -13 227 0 0 1
0 0 20 0 0 13.5219 14.1898 -13 228 0 0 1
0 0 20 0 0 13.4565 11.6894 -13 229 0 0 1
0 0 20 0 0 11.9929 2.43399 -13 230 0 0 1
0 0 20 0 0 9.09722 27.4087 -13 231 0 0 1
-0.014067 -0.0124417 20 -0.00947037 -0.00784732 6.39746 20.5732 -13 232 0 0 1
0 0 20 0 0 10.9941 28.9603 -13 233 0 0 1
0.00687255 0.00786816 20 0.00525134 0.00600701 12.508 3.93263 -13 234 0 0 1
-0.00105399 0.0516409 20 -0.00132587 0.0242613 6.45272 25.0402 -13 235 0 0 1
0 0 20 0 0 4.83127 22.2947 -13 236 0 0 1
0 0 20 0.000341526 -9.17119e-05 8.44935 16.3129 -13 237 0 0 1
-0.0135354 -0.0468847 20 -0.00867091 -0.0299737 9.54067 6.19903 -13 238 0 0 1
0 0 20 0 0 12.797 12.6257 -13 239 0 0 1
-0.00497467 -0.00106167 20 -0.00521986 -0.00111187 12.7635 6.29089 -13 240 0 0 1
-0.0116715 -0.0368106 20 -0.0257872 -0.0430416 12.8178 3.11613 -13 241 0 0 1
-0.26218 -0.944844 20 -0.0295781 -0.0337926 0.0341777 3.49515 11 241 1002 0 1
-0.0021758 0.00775953 20 -0.00146713 0.00524181 10.9469 17.3642 -13 242 0 0 1
0 0 20 0 0 13.8161 28.7164 -13 243 0 0 1
0.0131325 0.0233645 20 0.012783 0.0150259 8.73215 24.7038 -13 244 0 0 1
0.706969 -4.16138 20 -0.0111406 0.000505021 -0.0424267 31.2695 11 244 1001 0 1
0 0 20 0 0 12.9347 13.2848 -13 245 0 0 1
0 0 20 0 0 8.1474 10.2323 -13 246 0 0 1
0.00147494 0.00197551 20 0.0196557 0.0263627 11.659 11.4495 -13 247 0 0 1
0 0 20 0 0 11.856 28.4277 -13 248 0 0 1
0 0 20 0 0 12.3678 11.7102 -13 249 0 0 1
-0.00169654 -0.00323926 20 -0.00297264 -0.00567053 10.3738 20.5038 -13 250 0 0 1
-0.00148291 0.00131609 20 -0.00165969 0.00133988 8.38447 27.4648 -13 251 0 0 1
0.0015784 -0.00016347 20 0.00786178 -0.000815068 12.9923 8.48916 -13 252 0 0 1
0 0 20 0 0 11.9443 22.1803 -13 253 0 0 1
-1.22269e-06 5.85649e-07 20 -1.01977e-05 4.88456e-06 8.36366 5.82494 -13 254 0 0 1
-6.88592e-06 8.24607e-07 20 -3.0477e-05 3.6497e-06 12.091 8.60243 -13 255 0 0 1
0.00694596 -0.00392517 20 0.00674665 -0.00381618 12.2627 1.69992 -13 256 0 0 1
-0.00647435 0.0048818 20 -0.00393995 0.00426862 11.3049 12.1592 -13 257 0 0 1
0.0057643 0.00167307 20 0.00482355 0.00139775 11.7457 17.712 -13 258 0 0 1
0 0 20 0 0 14.474 6.24441 -13 259 0 0 1
0 0 20 0 0 14.2256 24.5764 -13 260 0 0 1
0 0 20 0 0 13.8538 15.905 -13 261 0 0 1
0 0 20 0 0 12.97 20.1618 -13 262 0 0 1
0.00738277 0.00227752 20 0.0179648 0.005536 10.5539 8.63662 -13 263 0 0 1
-0.0143569 -0.00337684 20 -0.00764646 -0.00313157 3.98068 26.312 -13 264 0 0 1
0 0 20 0 0 12.8182 24.6081 -13 265 0 0 1
0 0 20 0 0 11.3415 25.5101 -13 266 0 0 1
-0.00294297 0.00273962 20 -0.00636779 -0.000674873 14.0753 23.3435 -13 267 0 0 1
0 0 20 0 0 12.2844 6.54366 -13 268 0 0 1
0.0167508 -0.0160701 20 0.00900828 -0.0173298 11.9239 12.8273 -13 269 0 0 1
-0.0582772 0.0483731 20 -0.0697566 0.0573249 3.73135 31.3929 -13 270 0 0 1
0 0 20 0 0 7.37534 28.8029 -13 271 0 0 1
0 0 20 0 0 14.4778 10.7669 -13 272 0 0 1
0 0 20 0 0 8.16098 11.6464 -13 273 0 0 1
0 0 20 0 0 12.6238 27.94 -13 274 0 0 1
0 0 20 0 0 8.85062 20.8701 -13 275 0 0 1
0.0293713 0.0121971 20 0.019534 0.00810141 11.548 6.72652 -13 276 0 0 1
0 0 20 0 0 9.65213 26.1971 -13 277 0 0 1
0 0 20 0 0 13.7652 13.6109 -13 278 0 0 1
0 0 20 0 0 13.3594 21.511 -13 279 0 0 1
0.00205158 0.00174804 20 0.00506181 0.00431111 6.41686 7.96843 -13 280 0 0 1
0 0 20 0 0 8.20462 21.288 -13 281 0 0 1
0 0 20 0 0 9.5605 24.4621 -13 282 0 0 1
0 0 20 0 0 10.738 8.29989 -13 283 0 0 1
-0.0148307 -0.0318072 20 -0.00843767 -0.0180637 7.2737 14.9704 -13 284 0 0 1
0.00945481 -0.029206 20 0.0144947 -0.00815494 3.64089 30.4492 -13 285 0 0 1
0 0 20 0 0 6.86128 27.4699 -13 286 0 0 1
-4.73117e-07 8.69636e-07 20 -1.02366e-05 1.88159e-05 10.9067 29.2252 -13 287 0 0 1
0 0 20 0 0 11.9882 26.4586 -13 288 0 0 1
0 0 20 0 0 9.51054 18.7294 -13 289 0 0 1
-0.00931117 -0.00861309 20 -0.0102907 -0.00950978 9.14679 9.8294 -13 290 0 0 1
2.17553e-07 -8.39886e-07 20 5.76845e-06 -2.22697e-05 7.01544 20.2502 -13 291 0 0 1
-0.00586937 0.000490946 20 -0.00758226 0.000636983 13.2825 4.16874 -13 292 0 0 1
0.00244518 -0.000855471 20 0.00669751 -0.00234475 7.48447 30.4616 -13 293 0 0 1
0 0 20 0 0 13.833 30.4197 -13 294 0 0 1
-0.018553 -0.0578351 20 -0.00965493 -0.037354 7.32222 24.4663 -13 295 0 0 1
0.016964 -0.0160953 20 0.00588009 -0.00638583 6.15577 16.7787 -13 296 0 0 1
-0.00941415 -0.000219549 20 -0.0103131 0.0026716 12.0039 5.7637 -13 297 0 0 1
0.0287146 0.201816 20 0.0041444 0.0401415 2.74922 32.3121 -13 298 0 0 1
0 0 20 0 0 12.2036 13.723 -13 299 0 0 1
0.0267781 0.0189304 20 0.00941645 0.00866214 3.72882 29.3604 -13 300 0 0 1
0 0 20 0 0 8.28668 27.7941 -13 301 0 0 1
-0.0073321 -0.0116631 20 -0.00621001 -0.00986505 7.64225 17.3368 -13 302 0 0 1
0 0 20 0 0 11.6775 14.0335 -13 303 0 0 1
-1.26303e-06 -4.20631e-07 20 -2.86163e-06 -9.53021e-07 7.79208 18.6049 -13 304 0 0 1
0 0 20 0 0 11.1031 11.2135 -13 305 0 0 1
6.74548e-06 9.55886e-06 20 1.77261e-05 2.51193e-05 9.747 16.6012 -13 306 0 0 1
3.09943e-05 -1.14981e-07 20 0.000123409 -3.91989e-06 4.64832 13.6565 -13 307 0 0 1
0.0125219 0.0260267 20 0.0156387 0.0125446 12.3945 7.52196 -13 308 0 0 1
-0.0328342 0.024092 20 -0.023892 0.0175501 9.61567 21.3222 -13 309 0 0 1
-0.00904344 0.00193435 20 -0.0030127 0.000647165 5.8836 11.2291 -13 310 0 0 1
0 0 20 0 0 14.0147 18.081 -13 311 0 0 1
0 0 20 0 0 12.1752 8.01725 -13 312 0 0 1
0 0 20 0 0 13.0606 2.8254 -13 313 0 0 1
0 0 20 0 0 13.8312 2.56506 -13 314 0 0 1
0 0 20 0 0 11.6465 4.89288 -13 315 0 0 1
0 0 20 0 0 9.13189 7.76558 -13 316 0 0 1
-0.0696247 0.100191 20 -0.0573949 0.0313478 3.37433 11.7057 -13 317 0 0 1
0.00713499 0.0135747 20 0.0139114 0.0371023 6.20876 7.28278 -13 318 0 0 1
0.0317961 -0.062426 20 0.00707282 -0.00588382 1.55372 23.7073 -13 319 0 0 1
0 0 20 0 0 13.8189 6.71658 -13 320 0 0 1
0 0 20 0 0 10.0227 6.77608 -13 321 0 0 1
0 0 20 0 0 12.7674 6.75125 -13 322 0 0 1
0.011475 -0.0190234 20 0.00697438 -0.0115819 6.26096 9.22211 -13 323 0 0 1
-0.103232 -0.0252219 20 -0.003096 -0.0143091 2.68887 27.7031 -13 324 0 0 1
-0.00231657 0.00956395 20 -0.00149902 0.00620115 11.4749 27.8817 -13 325 0 0 1
-0.0222344 -0.0167922 20 -0.0226276 -0.0170732 10.7605 21.5062 -13 326 0 0 1
-0.000134541 -0.000142646 20 -0.00708666 -0.00762859 12.4878 14.1103 -13 327 0 0 1
-0.0766229 0.0571685 20 -0.0271251 0.0209609 4.50861 22.9466 -13 328 0 0 1
0 0 20 0 0 12.0034 23.2718 -13 329 0 0 1
0.000599508 0.00641406 20 0.000564538 0.00600621 9.02539 9.47332 -13 330 0 0 1
-7.45747e-07 2.37435e-06 20 -4.0055e-06 1.27529e-05 5.69402 2.71659 -13 331 0 0 1
-0.0219378 0.0455823 20 -0.00792507 0.0260689 5.09993 8.04679 -13 332 0 0 1
0.014056 0.000169098 20 0.00622676 -0.00410289 9.9003 12.4733 -13 333 0 0 1
0 0 20 0 0 12.8633 3.61735 -13 334 0 0 1
0 0 20 0 0 14.2613 22.0759 -13 335 0 0 1
-0.00653165 0.0089025 20 0.00202569 0.00764639 5.87388 15.6382 -13 336 0 0 1
0 0 20 0 0 13.7465 19.3414 -13 337 0 0 1
0.00385624 -0.0123204 20 -0.000406702 -0.00938886 9.69121 25.7583 -13 338 0 0 1
0 0 20 0 0 9.38092 29.9736 -13 339 0 0 1
-0.0299672 -0.0747238 20 -0.00915758 -0.00927747 2.54372 31.5803 -13 340 0 0 1
-0.00168134 7.11615e-05 20 -0.00798176 -0.000511234 12.4698 28.586 -13 341 0 0 1
-0.0754507 -0.0442633 20 0.00810343 0.00853389 1.77716 28.7348 -13 342 0 0 1
-0.00607538 0.0532812 20 0.00626354 0.0235895 3.03207 31.8645 -13 343 0 0 1
0 0 20 0 0 13.2618 7.36025 -13 344 0 0 1
0.000866975 0.0130969 20 0.000994617 0.0149195 9.74842 1.91102 -13 345 0 0 1
0 0 20 0 0 13.4684 16.1062 -13 346 0 0 1
0.00377242 0.00423535 20 0.0033007 0.00370261 12.1295 15.6827 -13 347 0 0 1
-8.01473e-05 -0.000563784 20 -0.000201935 -0.00141769 13.8049 27.3316 -13 348 0 0 1
-0.00943182 -0.0343466 20 -0.00237171 -0.0138191 7.2194 15.7109 -13 349 0 0 1
0 0 20 0 0 7.84083 24.6325 -13 350 0 0 1
-0.0170902 -0.00559909 20 -0.00841174 -0.00290607 4.7787 10.125 -13 351 0 0 1
-0.0166447 0.00361972 20 -0.00861023 0.00188259 4.46339 14.0139 -13 352 0 0 1
0.155606 -0.499145 20 0.0390382 -0.0799161 2.00264 11.2846 -13 353 0 0 1
0 0 20 0 0 10.8814 28.3991 -13 354 0 0 1
0.0438403 0.0341458 20 0.0115732 -0.0120665 3.75478 21.3609 -13 355 0 0 1
0 0 20 0 0 9.80734 29.0432 -13 356 0 0 1
0 0 20 0 0 10.7016 28.4626 -13 357 0 0 1
-0.00280184 0.0017695 20 -0.00285361 -0.000727312 10.9716 18.5998 -13 358 0 0 1
0.00168167 0.00257187 20 0.00971075 0.0148508 11.8138 7.27901 -13 359 0 0 1
0.000655185 -0.000102792 20 0.00145688 -0.000223429 13.5232 22.5361 -13 360 0 0 1
0.0990247 0.0293899 20 0.0711809 0.0241376 4.16095 8.18416 -13 361 0 0 1
-0.0226187 -0.00347373 20 -0.0125854 -0.00192526 8.79523 2.23356 -13 362 0 0 1
0 0 20 0 0 12.2239 29.4925 -13 363 0 0 1
0.00619195 0.0012042 20 0.0288274 0.0056019 14.4702 5.71356 -13 364 0 0 1
0.0188444 0.0112464 20 0.0148878 0.00887633 11.8644 5.83269 -13 365 0 0 1
0.00250341 -0.000422973 20 0.00868171 -0.00146767 7.96297 2.36744 -13 366 0 0 1
0 0 20 0 0 11.7288 25.6694 -13 367 0 0 1
0.0158105 -0.0132733 20 0.0184233 -0.0154851 6.17422 21.0365 -13 368 0 0 1
-0.00490045 -0.00280169 20 0.0177241 -0.00129054 2.72386 24.5794 -13 369 0 0 1
0 0 20 0 0 6.60289 5.53215 -13 370 0 0 1
7.19639e-06 2.54068e-07 20 4.53374e-05 1.60063e-06 14.5335 18.6583 -13 371 0 0 1
0.107626 0.082299 20 0.0379026 0.0253011 3.03523 31.0355 -13 372 0 0 1
0 0 20 0 0 14.2144 10.0843 -13 373 0 0 1
-0.0432609 -0.0240818 20 -0.0171222 -0.00981912 5.09861 7.82196 -13 374 0 0 1
-1.5694e-06 2.5461e-06 20 -1.06515e-05 1.72803e-05 13.3799 22.9342 -13 375 0 0 1
0.0318085 -0.00639639 20 0.0184061 -0.00500046 6.71673 14.482 -13 376 0 0 1
0.00457762 -0.00359647 20 0.0082496 -0.00731979 10.5572 11.2579 -13 377 0 0 1
0.0217654 0.0115349 20 0.00612733 -0.00516761 2.62639 6.39817 -13 378 0 0 1
-0.0393691 0.00626296 20 -0.0259287 0.00719224 7.51371 4.58034 -13 379 0 0 1
-0.024401 0.0543912 20 -0.0150075 0.0334969 10.7548 6.44408 -13 380 0 0 1
-0.0245786 0.0153695 20 -0.0161176 0.0100926 7.90168 14.0922 -13 381 0 0 1
0 0 20 0 0 13.4246 13.5613 -13 382 0 0 1
-0.137601 -0.13451 20 -0.0243659 -0.0502072 2.31277 29.106 -13 383 0 0 1
0 0 20 0 0 14.1268 15.4594 -13 384 0 0 1
0.164462 -0.300622 20 -0.144116 -0.205962 0.594795 12.8462 -13 385 0 0 1
0 0 20 0 0 14.4676 10.1483 -13 386 0 0 1
0.00240962 -0.0044467 20 0.00357216 -0.00659722 14.4437 18.7946 -13 387 0 0 1
-1.51303e-06 5.30797e-07 20 -1.10286e-05 3.86902e-06 9.43004 24.9854 -13 388 0 0 1
-0.00145866 3.95039e-05 20 -0.00631631 0.000172062 13.5146 19.6133 -13 389 0 0 1
0.013225 0.00248078 20 0.00841485 0.00158402 10.3443 10.4403 -13 390 0 0 1
0.00544997 -0.00262388 20 0.0104698 -0.00505388 8.74137 29.5892 -13 391 0 0 1
0 0 20 0 0 8.21304 28.7225 -13 392 0 0 1
-0.0037389 -0.0432184 20 -0.0132979 -0.00312188 4.31098 5.68794 -13 393 0 0 1
0.0329654 0.00442739 20 0.00907721 -0.000462568 4.22046 12.1425 -13 394 0 0 1
0 0 20 0 0 14.1164 9.92584 -13 395 0 0 1
-0.00358921 0.000625744 20 -0.00155565 0.000272368 7.17188 17.7103 -13 396 0 0 1
-0.000387199 0.00659574 20 -0.0004052 0.00694409 14.5306 8.4092 -13 397 0 0 1
0 0 20 0 0 13.3179 8.39611 -13 398 0 0 1
0 0 20 0 0 12.6608 4.51062 -13 399 0 0 1
-3.77323e-07 -1.3918e-07 20 -1.86552e-05 -6.88117e-06 11.6723 12.5627 -13 400 0 0 1
-0.0265234 -0.00132994 20 -0.0244853 -0.00121682 11.1949 14.4164 -13 401 0 0 1
0 0 20 0 0 7.40661 3.10778 -13 402 0 0 1
-0.0344881 -0.0164445 20 -0.0125245 0.00674364 5.82299 21.7733 -13 403 0 0 1
0 0 20 0 0 14.4027 9.42477 -13 404 0 0 1
0.0138599 -0.0207248 20 0.0157293 -0.0235395 12.8664 18.2562 -13 405 0 0 1
-0.00192282 -0.0019833 20 -0.00156258 -0.0016097 7.21007 16.7702 -13 406 0 0 1
0.0575338 0.029645 20 0.0132841 0.0161147 4.94671 26.1121 -13 407 0 0 1
-0.000108859 0.000704018 20 -0.000483008 0.00312583 10.9482 22.6949 -13 408 0 0 1
0.00115407 -0.00633612 20 0.000798839 -0.00439658 12.2235 4.63932 -13 409 0 0 1
0 0 20 0 0 7.2706 11.7372 -13 410 0 0 1
1.34171e-06 -3.60121e-06 20 9.79463e-06 -2.62893e-05 6.93654 6.74499 -13 411 0 0 1
0.00246259 0.00399803 20 0.00382286 0.0111937 7.3605 6.28444 -13 412 0 0 1
0.0453916 0.0287856 20 0.0180251 0.0166293 5.82553 2.68223 -13 413 0 0 1
0 0 20 0 0 9.86721 7.85776 -13 414 0 0 1
0.0175213 -0.00416482 20 0.0114969 -0.0116432 8.34217 8.58185 -13 415 0 0 1
-0.00724349 -0.00211899 20 -0.00526944 -0.00153912 12.6649 14.9358 -13 416 0 0 1
-0.0042088 -0.0266989 20 0.00369916 -0.0126258 6.67307 7.62612 -13 417 0 0 1
-0.00545552 -0.0146312 20 -0.00356336 -0.0113065 10.0691 27.6149 -13 418 0 0 1
-0.00552141 0.015661 20 -0.00450793 0.0115243 7.74538 15.3471 -13 419 0 0 1
0 0 20 0 0 12.4992 11.0332 -13 420 0 0 1
0 0 20 0 0 13.2192 5.85632 -13 421 0 0 1
-0.0019554 -0.0105203 20 -0.00132347 -0.00709414 7.15697 5.59002 -13 422 0 0 1
-0.238655 0.449007 20 -0.0314322 0.0795922 2.57935 23.2438 -13 423 0 0 1
0 0 20 0 0 9.3631 11.247 -13 424 0 0 1
-0.00188113 -0.0532242 20 -0.00309988 -0.0268295 5.27786 31.0947 -13 425 0 0 1
0.00915899 0.0187644 20 0.0136593 0.0296367 5.24465 26.3814 -13 426 0 0 1
0.00293305 -0.00479524 20 -0.00162904 -0.00512457 10.8365 26.9168 -13 427 0 0 1
0.00414004 -0.000570782 20 0.00244613 -0.000366828 7.09907 9.80443 -13 428 0 0 1
0.0224412 -0.00781481 20 0.0111161 -0.0201367 7.9096 14.5324 -13 429 0 0 1
3.64607 -4.94246 20 0.0051358 0.0252558 -0.0301372 21.367 11 429 1003 0 1
-0.0162103 0.0178212 20 -0.0138228 0.0337126 9.97614 11.5796 -13 430 0 0 1
-0.00110448 0.000176154 20 -0.00391672 0.000625441 10.8653 11.1091 -13 431 0 0 1
0.000135379 0.00262381 20 0.000555282 0.00463726 9.99009 19.3585 -13 432 0 0 1
0.00204658 0.000490793 20 0.00332144 0.000795188 11.0702 26.3556 -13 433 0 0 1
0 0 20 0 0 13.7163 12.3161 -13 434 0 0 1
0 0 20 0 0 11.4083 16.059 -13 435 0 0 1
0.0072838 -0.0277603 20 0.000779723 -0.0368568 11.2676 7.89985 -13 436 0 0 1
-0.3581 -0.38982 20 -0.00368286 -0.0323367 0.0208662 8.3707 11 436 1002 0 1
-0.00685496 0.00681446 20 -0.00622799 0.0061969 10.7252 12.4703 -13 437 0 0 1
0 0 20 0 0 11.1454 17.5266 -13 438 0 0 1
0.0120281 -0.00899565 20 0.00453673 -0.00901212 11.9629 29.6133 -13 439 0 0 1
0.0160092 0.00632637 20 0.0096997 0.00475356 8.89466 22.2927 -13 440 0 0 1
0 0 20 0 0 11.4443 15.2632 -13 441 0 0 1
0.00753733 0.00210442 20 -0.00120707 0.00119892 4.41312 4.82584 -13 442 0 0 1
0.000813932 -0.00220724 20 0.000508416 -0.00138147 7.677 27.0717 -13 443 0 0 1
0.0330504 0.0129827 20 0.029397 0.012651 11.4131 11.9105 -13 444 0 0 1
0.0188488 0.02135 20 0.0160451 0.00738286 8.05922 27.2035 -13 445 0 0 1
0 0 20 0 0 13.4182 27.7359 -13 446 0 0 1
0.00053295 0.00520944 20 0.00342004 -0.00197062 11.6026 13.193 -13 447 0 0 1
0 0 20 0 0 9.85927 4.83847 -13 448 0 0 1
0 0 20 0 0 8.23004 6.11593 -13 449 0 0 1
-0.00725096 -0.00292681 20 -0.00788578 -0.00317941 12.3879 30.2951 -13 450 0 0 1
0 0 20 0 0 7.92655 21.9961 -13 451 0 0 1
-0.00205351 0.00734665 20 -0.0187955 0.0305264 11.9011 27.5871 -13 452 0 0 1
-0.00646078 0.0147056 20 0.0160629 -0.026089 0.00930045 27.5935 11 452 1002 0 1
-1.20146e-06 -1.12606e-06 20 -1.57113e-05 -1.47253e-05 12.9904 28.8663 -13 453 0 0 1
0 0 20 0 0 9.5922 10.5645 -13 454 0 0 1
-0.0941723 0.0883831 20 -0.0158514 0.0261608 2.80682 8.13189 -13 455 0 0 1
0.00129668 0.00130787 20 0.00928673 0.0093671 14.0208 4.84609 -13 456 0 0 1
0.000214993 0.00322392 20 0.00104811 0.00128032 9.47951 2.92297 -13 457 0 0 1
0 0 20 0 0 11.641 27.8237 -13 458 0 0 1
4.92056e-05 -0.000517409 20 0.000393058 -0.00410188 8.05624 10.2306 -13 459 0 0 1
2.48672e-06 2.70512e-06 20 1.14684e-05 1.24756e-05 10.6036 4.29848 -13 460 0 0 1
0 0 20 0 0 13.4735 26.9839 -13 461 0 0 1
0 0 20 0 0 13.6995 27.1707 -13 462 0 0 1
-0.000685315 -0.00631069 20 -0.000597947 -0.00547605 7.75093 13.717 -13 463 0 0 1
0.0194914 -0.00502145 20 0.0164416 0.0119231 4.21563 30.1094 -13 464 0 0 1
0.00397213 0.0107231 20 0.00266477 0.0071824 9.9529 6.8648 -13 465 0 0 1
-0.0257941 -0.0199789 20 -0.0147365 -0.0113983 7.46021 3.29696 -13 466 0 0 1
0.000984023 -0.000695708 20 0.00922862 -0.00652274 14.0896 4.26461 -13 467 0 0 1
-0.00214025 -0.00343071 20 -0.00316337 -0.00506571 8.86968 11.8636 -13 468 0 0 1
0.0220044 0.135767 20 0.025078 0.0410809 5.07671 19.3455 -13 469 0 0 1
0.0421553 -0.00162559 20 0.0432962 -0.00393516 6.57548 4.403 -13 470 0 0 1
0.00462544 -0.0547024 20 -0.00478532 -0.0260717 2.60255 9.55471 -13 471 0 0 1
-0.00113341 0.00229211 20 -0.00630201 0.0109748 10.0834 21.6314 -13 472 0 0 1
-0.0142318 0.00581275 20 -0.0045245 0.00184471 5.54758 3.89118 -13 473 0 0 1
0.00653404 0.00267752 20 0.0170619 0.0025171 8.29875 16.7381 -13 474 0 0 1
0 0 20 0 0 11.8068 11.474 -13 475 0 0 1
0 0 20 0 0 7.90175 2.62023 -13 476 0 0 1
-0.0035567 0.00537065 20 -0.00522145 0.0078918 9.55438 17.5422 -13 477 0 0 1
0 0 20 0 0 9.78235 4.27213 -13 478 0 0 1
0.0160626 0.0199001 20 0.00530933 0.00730943 5.54545 4.83733 -13 479 0 0 1
0 0 20 0 0 10.7366 18.3908 -13 480 0 0 1
1.27229e-05 -2.47254e-05 20 4.03157e-05 -7.83485e-05 9.0408 15.8325 -13 481 0 0 1
0.0343589 0.0547956 20 0.0183519 0.0333818 6.64311 30.8414 -13 482 0 0 1
0 0 20 0 0 14.063 30.1593 -13 483 0 0 1
0.00226841 -0.001579 20 0.00504341 0.00409591 7.55662 15.704 -13 484 0 0 1
9.77393e-05 0.00634703 20 6.86812e-05 0.00433069 11.3922 4.82292 -13 485 0 0 1
-0.0136107 -0.00572032 20 -0.0106673 -0.00671023 7.38472 9.38533 -13 486 0 0 1
0 0 20 0 0 13.0352 19.245 -13 487 0 0 1
-0.0389056 -0.0106874 20 -0.0138921 -0.00380241 5.50226 22.6063 -13 488 0 0 1
-0.0063293 -0.00199299 20 -0.00651312 -0.00204826 13.9007 5.85412 -13 489 0 0 1
0.0418615 -0.012595 20 0.0103727 0.00445216 4.18304 6.67602 -13 490 0 0 1
-0.0140703 0.000261908 20 -0.0127556 0.00024495 7.63122 26.3995 -13 491 0 0 1
0 0 20 0 0 13.9457 5.25155 -13 492 0 0 1
-7.66314e-07 -5.12955e-06 20 -2.41058e-06 -1.61359e-05 12.4461 25.9477 -13 493 0 0 1
-0.000130261 -0.0044536 20 -0.00140955 -0.00274334 12.9736 24.6347 -13 494 0 0 1
0 0 20 0 0 14.4585 2.41309 -13 495 0 0 1
0 0 20 0 0 10.7456 8.3019 -13 496 0 0 1
0 0 20 0 0 14.0769 2.11223 -13 497 0 0 1
-0.00529612 0.00160553 20 -0.0049827 0.00151256 13.71 17.4582 -13 498 0 0 1
0.000169417 -8.73333e-05 20 0.000812033 -0.000418698 11.9885 16.9018 -13 499 0 0 1
0 0 20 0 0 12.68 14.4302 -13 500 0 0 1
0 0 20 0 0 10.9152 11.4671 -13 501 0 0 1
0 0 20 0 0 14.4426 6.24312 -13 502 0 0 1
2.46991e-06 -2.03136e-06 20 8.48061e-06 -6.97482e-06 10.2744 7.10501 -13 503 0 0 1
0 0 20 0 0 11.2044 18.1415 -13 504 0 0 1
-0.203324 0.141688 20 -0.0692543 0.0435337 4.01453 19.4685 -13 505 0 0 1
0 0 20 0 0 8.74096 9.41948 -13 506 0 0 1
0.0124926 -0.00794455 20 0.00869563 -0.00553508 12.477 12.9611 -13 507 0 0 1
-0.00394472 -0.00947586 20 -0.00257886 -0.0061868 11.4516 26.7224 -13 508 0 0 1
0.00157055 -0.00156469 20 0.00183579 -0.00183081 8.2882 22.019 -13 509 0 0 1
0 0 20 0 0 10.5803 11.2172 -13 510 0 0 1
0 0 20 0 0 10.4809 4.3859 -13 511 0 0 1
0 0 20 0 0 12.9096 19.0375 -13 512 0 0 1
0 0 20 0 0 13.3582 1.82315 -13 513 0 0 1
0 0 20 0 0 8.02115 7.16946 -13 514 0 0 1
0 0 20 0 0 10.2578 25.0316 -13 515 0 0 1
-0.00532057 -0.0129755 20 -0.00246212 -0.00598665 4.22196 11.2872 -13 516 0 0 1
-0.00241441 0.00122526 20 -0.00111232 0.0022003 8.26565 4.53834 -13 517 0 0 1
0 0 20 0 0 12.3924 6.23796 -13 518 0 0 1
0 0 20 0 0 11.6897 19.9351 -13 519 0 0 1
0 0 20 0 0 11.6594 18.3495 -13 520 0 0 1
-0.0129368 0.000222474 20 0.0294796 -0.0591792 1.43777 13.5303 -13 521 0 0 1
0 0 20 0 0 12.9626 12.5831 -13 522 0 0 1
-3.74037e-08 6.75804e-08 20 -9.79845e-07 1.77037e-06 13.593 17.0839 -13 523 0 0 1
0.0162924 0.0389782 20 -0.00189144 0.0130797 4.14699 28.0721 -13 524 0 0 1
-0.0134505 -0.00510581 20 -0.00764411 0.00170075 9.74391 8.48859 -13 525 0 0 1
7.24656e-06 3.13614e-06 20 3.20062e-05 1.38516e-05 11.7261 20.8885 -13 526 0 0 1
-0.00806164 0.0684377 20 -0.00341767 0.0177234 3.66484 31.1254 -13 527 0 0 1
0 0 20 0 0 12.508 17.1859 -13 528 0 0 1
-0.0195651 0.000376222 20 -0.0104034 0.00604488 11.2967 24.0628 -13 529 0 0 1
0 0 20 0 0 8.35283 24.0589 -13 530 0 0 1
0 0 20 0 0 12.9669 14.7943 -13 531 0 0 1
0 0 20 0 0 13.8545 30.1232 -13 532 0 0 1
0 0 20 0 0 9.10272 24.3778 -13 533 0 0 1
0.000929694 -0.00962185 20 0.000968753 -0.0101035 9.18886 24.6884 -13 534 0 0 1
0 0 20 0 0 9.86813 3.97959 -13 535 0 0 1
-0.0157564 0.0106729 20 -0.0161111 0.0109221 13.0601 10.2382 -13 536 0 0 1
0.00354529 3.77818e-06 20 0.0127725 -0.00690942 4.68774 16.5998 -13 537 0 0 1
-0.0149106 -0.0253742 20 -0.00658731 0.000815892 0.0428932 16.5775 11 537 1001 0 1
0 0 20 0 0 14.4844 19.2264 -13 538 0 0 1
0 0 20 0 0 11.3547 6.91764 -13 539 0 0 1
0 0 20 0 0 11.2854 26.7387 -13 540 0 0 1
0 0 20 0 0 7.44586 23.3288 -13 541 0 0 1
0 0 20 0 0 12.8331 4.83208 -13 542 0 0 1
0 0 20 0 0 8.59207 14.0891 -13 543 0 0 1
0.00411017 -0.00455172 20 0.0033827 -0.00374898 13.7444 28.9211 -13 544 0 0 1
-0.023073 0.00145407 20 -0.0114692 -0.00363289 5.10247 27.9814 -13 545 0 0 1
5.48239e-06 -4.43336e-06 20 1.71292e-05 -1.38516e-05 6.75012 21.3496 -13 546 0 0 1
0 0 20 0 0 10.7037 20.7554 -13 547 0 0 1
0 0 20 0 0 9.8931 20.3511 -13 548 0 0 1
0 0 20 0 0 9.65858 26.8913 -13 549 0 0 1
0.000742043 -0.000139908 20 0.000842059 -0.000159205 8.64842 17.9103 -13 550 0 0 1
0 0 20 0 0 10.6195 6.93929 -13 551 0 0 1
-0.0110338 0.0222922 20 -0.00857829 0.0174602 11.3392 11.2209 -13 552 0 0 1
0 0 20 0 0 7.96045 13.1567 -13 553 0 0 1
0.0317927 -0.0336852 20 0.00562304 -0.0106976 5.21227 3.42208 -13 554 0 0 1
0 0 20 0 0 8.01735 28.8148 -13 555 0 0 1
0 0 20 0 0 6.27727 22.508 -13 556 0 0 1
0 0 20 0 0 13.5791 7.46321 -13 557 0 0 1
-0.0124092 -0.0390117 20 -0.0166563 -0.0280507 1.96197 17.7794 -13 558 0 0 1
0 0 20 0 0 10.9577 29.3603 -13 559 0 0 1
0 0 20 0 0 13.6138 1.75294 -13 560 0 0 1
-0.0072094 0.00231626 20 -0.0154392 0.00499938 5.40104 28.5599 -13 561 0 0 1
-0.000328598 -8.118e-05 20 -0.00167175 -0.000412931 11.0691 4.7641 -13 562 0 0 1
0.00191679 0.00432809 20 0.00372338 0.00839979 12.1275 16.3956 -13 563 0 0 1
0 0 20 0 0 10.5934 29.3446 -13 564 0 0 1
0 0 20 0 0 14.2359 6.3481 -13 565 0 0 1
0.000414716 0.0126728 20 0.00393844 0.0051401 9.4617 13.0719 -13 566 0 0 1
-0.010046 -0.0477536 20 -0.0061193 -0.0290162 10.6098 12.7352 -13 567 0 0 1
0.0111692 0.00734882 20 0.0278898 0.0172832 11.8747 27.0829 -13 568 0 0 1
0 0 20 0 0 13.5603 12.1712 -13 569 0 0 1
-0.00967945 0.00775117 20 -0.00259191 0.00679364 11.1207 26.8489 -13 570 0 0 1
-0.00310049 -0.00749251 20 -0.00362764 -0.00875689 12.6633 14.4682 -13 571 0 0 1
0.0109619 0.0024427 20 0.00868782 0.00193136 9.9243 13.5078 -13 572 0 0 1
0 0 20 0 0 6.67864 14.4865 -13 573 0 0 1
0 0 20 0 0 13.7542 9.68604 -13 574 0 0 1
-0.0364332 0.00594727 20 -0.0264619 0.00288729 7.14739 20.1049 -13 575 0 0 1
0 0 20 0 0 10.63 20.185 -13 576 0 0 1
0 0 20 0 0 13.4124 3.63024 -13 577 0 0 1
0 0 20 0 0 8.44476 12.5892 -13 578 0 0 1
0 0 20 0 0 13.9807 17.0044 -13 579 0 0 1
0 0 20 0 0 12.7698 8.82854 -13 580 0 0 1
0 0 20 0 0 11.1135 29.0627 -13 581 0 0 1
0 0 20 0 0 8.95948 13.67 -13 582 0 0 1
0 0 20 0 0 7.74184 8.36975 -13 583 0 0 1
0 0 20 0 0 13.9863 27.3847 -13 584 0 0 1
0 0 20 0 0 11.2695 9.13935 -13 585 0 0 1
0.00309834 0.0100332 20 0.00271143 0.00876436 9.41334 26.0991 -13 586 0 0 1
0 0 20 0 0 13.774 20.3173 -13 587 0 0 1
0.0134117 0.0100565 20 0.00965573 0.00723231 9.632 10.8707 -13 588 0 0 1
0 0 20 0 0 13.2812 13.2703 -13 589 0 0 1
-0.0653015 0.178091 20 -0.00588446 0.0353181 2.13707 10.7172 -13 590 0 0 1
-0.137021 0.213554 20 -0.0761121 0.118802 9.1947 13.1003 -13 591 0 0 1
0 0 20 0 0 8.36127 13.9995 -13 592 0 0 1
-0.00738423 -0.0286124 20 -0.00549107 -0.0212121 5.941 28.7751 -13 593 0 0 1
0 0 20 0 0 10.7786 30.3355 -13 594 0 0 1
-1.29107e-06 -1.91069e-06 20 -1.76943e-05 -2.61862e-05 10.0634 15.8065 -13 595 0 0 1
0 0 20 0 0 8.17078 18.1145 -13 596 0 0 1
0 0 20 0 0 10.4472 12.9047 -13 597 0 0 1
0.00939067 -0.00996473 20 -0.0477702 0.0592902 1.40705 14.3799 -13 598 0 0 1
-0.00507412 0.0125254 20 -0.00141642 0.00806187 5.92858 8.66851 -13 599 0 0 1
-0.109465 0.0221066 20 -0.0232199 0.00482976 2.61312 3.82101 -13 600 0 0 1
0 0 20 0 0 12.5659 18.9657 -13 601 0 0 1
0.0226937 0.00420501 20 0.0125762 0.00234925 6.95561 23.2987 -13 602 0 0 1
0.0160376 -0.02888 20 0.00859341 -0.0167547 9.32142 23.5241 -13 603 0 0 1
-0.00638512 0.00127758 20 -0.00181886 0.00237077 7.61536 14.3081 -13 604 0 0 1
0.0532379 0.0152653 20 0.0213963 0.00749718 4.97746 9.3107 -13 605 0 0 1
0 0 20 0 0 12.4675 17.4192 -13 606 0 0 1
0 0 20 0 0 11.9002 6.6889 -13 607 0 0 1
0 0 20 0 0 12.9589 15.7394 -13 608 0 0 1
0 0 20 0 0 11.8952 5.86838 -13 609 0 0 1
-2.70327e-06 -1.70098e-07 20 -1.47659e-05 -9.29113e-07 8.85706 8.47595 -13 610 0 0 1
0 0 20 0 0 10.357 5.99991 -13 611 0 0 1
0.00491617 0.0115471 20 0.00493165 0.0115656 7.91764 13.1765 -13 612 0 0 1
0.00484353 -0.00194519 20 0.00519604 -0.00208915 12.4797 15.4044 -13 613 0 0 1
0 0 20 0 0 12.1393 3.25308 -13 614 0 0 1
0.00184122 -0.00818574 20 0.000938514 -0.00419263 4.08041 20.0235 -13 615 0 0 1
-0.0185477 0.0882344 20 0.0102775 0.0529414 4.22718 27.614 -13 616 0 0 1
0.00830376 -0.000900895 20 0.0053889 -0.000448944 10.8364 17.9993 -13 617 0 0 1
-0.00470184 -0.0061497 20 -0.00421311 -0.00550402 8.1529 21.0204 -13 618 0 0 1
0 0 20 0 0 5.00176 23.4959 -13 619 0 0 1
0.00183969 -0.00581246 20 0.00873463 -0.0276075 12.3713 20.5469 -13 620 0 0 1
-1.37129e-05 -7.09142e-06 20 -2.0646e-05 -1.06768e-05 5.31216 4.22071 -13 621 0 0 1
0 0 20 0 0 11.1766 29.0338 -13 622 0 0 1
-0.0122101 0.0299801 20 -0.00369062 0.0211348 9.75677 15.3015 -13 623 0 0 1
-4.66438e-07 1.30845e-06 20 -6.14213e-06 1.72299e-05 14.184 2.10661 -13 624 0 0 1
0 0 20 0 0 9.18335 17.0757 -13 625 0 0 1
0.000890757 0.000139502 20 0.0024223 0.00037064 6.18922 9.92717 -13 626 0 0 1
0 0 20 0 0 9.44676 18.797 -13 627 0 0 1
0.0535078 -0.0165662 20 -0.00245805 -0.0172768 3.44096 20.829 -13 628 0 0 1
0.00470274 0.00880942 20 0.00419745 0.00785397 10.4723 7.27314 -13 629 0 0 1
1.46586e-05 -6.84925e-05 20 0.000554806 -0.00255863 11.8008 28.4713 -13 630 0 0 1
-0.00433625 -0.00572444 20 -0.00674562 -0.00893137 8.89731 28.8272 -13 631 0 0 1
0 0 20 0 0 14.0856 13.1108 -13 632 0 0 1
7.4909e-05 0.000246108 20 0.00110943 0.0036687 8.39911 9.58939 -13 633 0 0 1
-0.0304951 0.0127414 20 -0.0290651 0.0134594 4.99018 4.72068 -13 634 0 0 1
0.0487175 0.05785 20 0.0293909 0.0348556 8.09639 18.5912 -13 635 0 0 1
0 0 20 0 0 14.1437 8.16915 -13 636 0 0 1
0.0173427 0.0168741 20 0.0112033 0.0108871 8.05268 23.1912 -13 637 0 0 1
-0.00856974 -0.00417118 20 -0.00860161 -0.00610571 12.7256 16.8034 -13 638 0 0 1
0 0 20 0 0 14.0132 6.34314 -13 639 0 0 1
-1.12458e-06 8.20618e-07 20 -1.20123e-05 8.76551e-06 10.9193 2.16871 -13 640 0 0 1
0.00730799 0.0125647 20 0.00842431 0.00413647 4.67827 12.2243 -13 641 0 0 1
-0.00199031 0.0189962 20 -0.00195601 0.0187759 7.24341 24.4516 -13 642 0 0 1
0.00122541 0.0024442 20 0.00303853 0.00605615 11.0827 1.68702 -13 643 0 0 1
0.000281535 -0.0107247 20 -0.00300469 -0.00707297 13.7451 19.3588 -13 644 0 0 1
0 0 20 0 0 9.75613 3.4174 -13 645 0 0 1
0 0 20 0 0 13.7742 17.8462 -13 646 0 0 1
-0.000221242 -0.0089619 20 0.00193629 -0.0260938 6.06161 28.5734 -13 647 0 0 1
0.0776575 0.0347661 20 0.0349526 0.0379393 4.40781 15.3498 -13 648 0 0 1
0.00389476 -0.000628859 20 -0.00647895 0.0198596 6.38678 11.9098 -13 649 0 0 1
0 0 20 0 0 13.5414 5.01493 -13 650 0 0 1
0.00477621 -0.00260174 20 0.0123063 -0.0067082 10.1103 14.0942 -13 651 0 0 1
-0.000315386 0.00105651 20 -0.000898171 0.00301162 10.5197 27.1443 -13 652 0 0 1
-0.00501505 -0.0017916 20 -0.00814858 -0.00290771 11.9948 18.5696 -13 653 0 0 1
0 0 20 0 0 12.3106 13.2966 -13 654 0 0 1
0.00259962 -0.00206462 20 0.00705304 -0.00529862 14.3697 23.0749 -13 655 0 0 1
0 0 20 0 0 9.61122 17.2828 -13 656 0 0 1
0 0 20 0 0 8.03227 23.1961 -13 657 0 0 1
0 0 20 0 0 5.25986 18.5092 -13 658 0 0 1
0 0 20 0 0 14.4637 14.7025 -13 659 0 0 1
0.0205168 0.23787 20 0.0206308 0.237736 11.7076 23.3987 -13 660 0 0 1
-0.0231794 0.0367946 20 -0.0179361 0.0315178 10.6589 17.0631 -13 661 0 0 1
0.0137399 -0.0082155 20 0.00526214 -0.00868416 12.1442 12.3568 -13 662 0 0 1
0 0 20 0 0 9.57271 30.3258 -13 663 0 0 1
-0.0244197 0.0276156 20 -0.0200595 0.022719 8.26573 30.4059 -13 664 0 0 1
0 0 20 0 0 11.366 2.99149 -13 665 0 0 1
-0.00588227 0.0252863 20 0.00296193 0.0320513 11.8011 15.6043 -13 666 0 0 1
-0.0147067 -0.000573332 20 -0.0109185 -0.000421237 13.1005 13.7284 -13 667 0 0 1
0 0 20 0 0 6.74292 11.9178 -13 668 0 0 1
0 0 20 0 0 9.63493 18.9465 -13 669 0 0 1
0.0186654 -0.00526504 20 0.0324674 -0.00450313 13.5923 18.0986 -13 670 0 0 1
0 0 20 0 0 13.1588 20.6132 -13 671 0 0 1
0.079833 0.0202604 20 0.00932294 -0.011872 2.47501 19.1688 -13 672 0 0 1
0.0181663 0.00610059 20 0.0150296 -0.0118182 4.14477 15.9683 -13 673 0 0 1
-0.237657 0.18457 20 -0.013559 -0.0108205 0.0242841 15.8965 11 673 1001 0 1
0.00285884 -0.00409449 20 0.00730141 -0.00636866 12.5635 30.2248 -13 674 0 0 1
-0.00912564 0.0124574 20 -0.0122343 0.00818611 7.25351 9.43553 -13 675 0 0 1
-0.00145849 -0.0017492 20 -0.00259345 -0.00310825 12.9177 26.9765 -13 676 0 0 1
0 0 20 0 0 11.8485 7.75053 -13 677 0 0 1
0 0 20 0 0 9.43645 16.8784 -13 678 0 0 1
9.97329e-05 -0.000350278 20 0.00012091 -0.000357242 8.16584 14.0204 -13 679 0 0 1
0 0 20 0 0 9.29939 19.7445 -13 680 0 0 1
0 0 20 0 0 14.0761 3.61753 -13 681 0 0 1
0 0 20 0 0 13.2745 2.01236 -13 682 0 0 1
0 0 20 0 0 13.011 25.8417 -13 683 0 0 1
0.00831886 0.0869588 20 0.0168393 0.0566205 8.66081 17.6928 -13 684 0 0 1
-0.000397415 0.00748447 20 -0.00353556 0.00612662 8.09618 8.70168 -13 685 0 0 1
0 0 20 0 0 11.6652 28.0928 -13 686 0 0 1
0.0189431 -0.000441577 20 0.0132962 -0.000317308 9.05518 7.71669 -13 687 0 0 1
0 0 20 0 0 12.8574 23.8581 -13 688 0 0 1
-0.00536734 -0.00884271 20 -0.00377689 -0.00621524 9.92087 23.64 -13 689 0 0 1
0 0 20 0 0 5.36865 21.2662 -13 690 0 0 1
0 0 20 0 0 12.3397 17.9926 -13 691 0 0 1
0.00894347 -0.00396369 20 0.00646125 -0.00286848 7.52014 3.12174 -13 692 0 0 1
0 0 20 0 0 12.7868 21.7522 -13 693 0 0 1
0.0283189 0.0402847 20 0.00697441 0.00989618 4.21116 13.0811 -13 694 0 0 1
0 0 20 0 0 7.40398 12.3142 -13 695 0 0 1
-0.00988508 -0.0112993 20 0.00371169 -0.0149736 6.74635 15.1393 -13 696 0 0 1
0.00121352 0.00514687 20 0.0020588 0.00871667 10.0436 19.5595 -13 697 0 0 1
0 0 20 0 0 8.80053 9.07089 -13 698 0 0 1
-0.00119222 -0.000491962 20 -0.00650624 -0.00268414 13.3617 24.619 -13 699 0 0 1
-0.00478763 -0.0130123 20 -0.00578715 -0.00372919 8.83805 11.6721 -13 700 0 0 1
0.0133375 0.0104875 20 0.0084879 0.00666649 9.10379 3.36925 -13 701 0 0 1
0 0 20 0 0 12.3127 26.2814 -13 702 0 0 1
0 0 20 0 0 12.0945 23.1846 -13 703 0 0 1
0 0 20 0 0 9.44115 9.86484 -13 704 0 0 1
-3.31319e-07 -2.84974e-07 20 -1.02131e-05 -8.78444e-06 10.1271 7.69958 -13 705 0 0 1
0 0 20 0 0 9.61272 16.6261 -13 706 0 0 1
1.82469e-06 1.87119e-07 20 1.57859e-05 1.61881e-06 13.8818 2.28352 -13 707 0 0 1
0 0 20 0 0 10.5684 19.1161 -13 708 0 0 1
-0.0456445 0.00620527 20 -0.0220193 0.00108307 4.03471 16.2671 -13 709 0 0 1
0 0 20 0 0 7.99382 21.1161 -13 710 0 0 1
0 0 20 0 0 14.1711 2.52356 -13 711 0 0 1
0.00997815 0.00632498 20 0.0116561 0.00738189 11.6264 20.6996 -13 712 0 0 1
-0.00119151 0.00197727 20 -0.00098565 0.00163812 6.5155 23.497 -13 713 0 0 1
0 0 20 0 0 14.0735 22.0178 -13 714 0 0 1
0 0 20 0 0 12.3914 30.2845 -13 715 0 0 1
0 0 20 0 0 13.134 21.5172 -13 716 0 0 1
-0.00211734 -0.000621901 20 -0.00502641 -0.00147466 10.6221 16.3533 -13 717 0 0 1
0 0 20 0 0 8.72994 9.20697 -13 718 0 0 1
0 0 20 0 0 10.6854 9.68987 -13 719 0 0 1
0 0 20 0 0 11.2993 29.5952 -13 720 0 0 1
-0.00178284 0.00681555 20 -0.00302602 0.0115868 9.7221 26.8626 -13 721 0 0 1
0.0554482 0.00923582 20 0.00639811 -0.0128832 5.3647 12.5236 -13 722 0 0 1
0.0122473 0.0398605 20 0.0163845 0.011055 8.58628 4.66062 -13 723 0 0 1
0 0 20 0 0 5.07948 23.9273 -13 724 0 0 1
0 0 20 0 0 9.63216 12.9022 -13 725 0 0 1
-0.00091348 0.00406532 20 -0.000892822 0.00398036 13.6286 16.3232 -13 726 0 0 1
0 0 20 0 0 14.1586 5.79581 -13 727 0 0 1
0.0312506 -0.0235088 20 0.012879 0.00460382 3.63438 25.5998 -13 728 0 0 1
0.00611094 0.00635402 20 0.00313617 -0.000558599 5.58237 12.5978 -13 729 0 0 1
0 0 20 0 0 11.2185 8.248 -13 730 0 0 1
-0.000148822 0.000827688 20 -0.00144889 0.00803894 10.9955 4.03878 -13 731 0 0 1
-0.241862 0.249969 20 0.122817 0.106925 2.9518 22.1181 -13 732 0 0 1
-0.00875576 0.0100576 20 0.00612504 0.0251421 4.92247 14.0131 -13 733 0 0 1
-0.113754 -0.0451472 20 -0.020798 -0.00852126 0.0199726 14.0352 11 733 1002 0 1
-0.0195406 0.000548393 20 -0.0132974 0.000277327 7.94639 5.30565 -13 734 0 0 1
0 0 20 0 0 11.0055 17.7581 -13 735 0 0 1
0 0 20 0 0 11.0041 10.7058 -13 736 0 0 1
0 0 20 0 0 8.31351 21.6184 -13 737 0 0 1
0 0 20 0 0 8.45843 24.2787 -13 738 0 0 1
-0.0131567 0.0222615 20 -0.012726 0.0215533 11.9133 21.6271 -13 739 0 0 1
0 0 20 0 0 13.0509 24.5816 -13 740 0 0 1
0 0 20 0 0 8.73741 20.6916 -13 741 0 0 1
-0.00785029 0.00834108 20 -0.00476688 0.000383404 4.50177 25.709 -13 742 0 0 1
0.000984682 0.00105755 20 0.00287642 0.00308798 8.36881 3.05405 -13 743 0 0 1
-0.0300242 0.00316328 20 -0.0338239 0.00400565 3.53969 9.97676 -13 744 0 0 1
0.00527616 -0.0078108 20 0.00831679 -0.0123221 11.5141 15.7697 -13 745 0 0 1
-0.000298185 0.00110375 20 -0.000161891 0.000600683 8.59907 27.1379 -13 746 0 0 1
-0.0272342 -0.013038 20 -0.0221463 -0.0105904 11.8645 23.8064 -13 747 0 0 1
0 0 20 0 0 10.6045 18.1349 -13 748 0 0 1
0 0 20 0 0 12.1354 2.48111 -13 749 0 0 1
0 0 20 0 0 10.4714 22.806 -13 750 0 0 1
0 0 20 0 0 11.1561 25.256 -13 751 0 0 1
-0.00103765 0.00228485 20 -0.00454676 0.0100042 6.66575 5.84775 -13 752 0 0 1
0.000641426 -0.00172031 20 0.00160373 -0.00430511 10.828 3.8735 -13 753 0 0 1
0 0 20 0 0 8.72123 26.7294 -13 754 0 0 1
-0.0202935 0.00348656 20 -0.00619026 0.00734281 7.97043 8.67961 -13 755 0 0 1
-0.047051 -0.11987 20 -0.0203435 -0.0511085 5.57113 13.7011 -13 756 0 0 1
-0.0170331 0.00503673 20 -0.00792501 -0.00153081 7.31685 14.0688 -13 757 0 0 1
0 0 20 0 0 8.00553 4.00048 -13 758 0 0 1
0 0 20 0 0 14.1843 16.4578 -13 759 0 0 1
0.0177815 0.0324465 20 0.00596164 0.000349474 8.14036 21.7229 -13 760 0 0 1
0.0107237 -0.0203897 20 0.00631937 -0.0189153 6.5354 8.61404 -13 761 0 0 1
0 0 20 0 0 13.8782 29.3119 -13 762 0 0 1
-0.00272241 0.0165289 20 -0.00230255 0.0140193 11.1733 27.276 -13 763 0 0 1
0.00349539 0.00197258 20 0.00219501 -0.000138547 9.88903 12.167 -13 764 0 0 1
5.66474e-07 -7.63278e-06 20 1.50551e-06 -2.02855e-05 5.9515 8.93619 -13 765 0 0 1
0 0 20 0 0 8.63375 6.52409 -13 766 0 0 1
-3.08476e-06 1.99288e-06 20 -1.7991e-05 1.16229e-05 12.6602 30.2204 -13 767 0 0 1
-0.00486651 -0.00111036 20 -0.00623022 -0.00141908 12.8874 21.9147 -13 768 0 0 1
0.0311917 0.00520399 20 0.0202187 0.00335932 7.06758 6.12249 -13 769 0 0 1
0 0 20 0 0 13.6556 7.80749 -13 770 0 0 1
-0.00668188 -0.00347867 20 -0.0324364 -0.0513124 10.9157 7.29658 -13 771 0 0 1
0 0 20 0 0 14.3483 3.28604 -13 772 0 0 1
0 0 20 0 0 11.4441 5.97006 -13 773 0 0 1
0 0 20 0 0 13.4171 4.66488 -13 774 0 0 1
0.100756 -0.0607864 20 0.0892182 -0.0402406 4.12517 5.57702 -13 775 0 0 1
0 0 20 0 0 11.8607 12.7207 -13 776 0 0 1
-0.00406608 0.00617271 20 -0.00355014 0.00539491 10.706 13.661 -13 777 0 0 1
0.00998684 0.00290916 20 0.0078501 0.00228197 8.66351 20.0244 -13 778 0 0 1
0 0 20 0 0 12.9537 1.60457 -13 779 0 0 1
0.0312148 -0.0245007 20 0.00694442 -0.0159993 9.6223 5.80917 -13 780 0 0 1
0 0 20 0 0 11.6567 5.53094 -13 781 0 0 1
0 0 20 0 0 10.0942 4.66498 -13 782 0 0 1
0.0160395 0.049502 20 0.00285618 0.0315604 7.02424 18.1525 -13 783 0 0 1
-0.0143282 0.0118128 20 -0.0190609 0.0167673 6.964 4.24692 -13 784 0 0 1
0.0038654 0.0231779 20 0.00635937 0.00582584 5.19326 16.4169 -13 785 0 0 1
0.00244947 0.0220851 20 0.00133995 0.0120213 9.62228 20.1748 -13 786 0 0 1
0 0 20 0 0 8.95494 18.0632 -13 787 0 0 1
-2.50346e-06 -2.20963e-05 20 -8.65674e-06 -7.64069e-05 12.3678 19.2982 -13 788 0 0 1
0 0 20 0 0 14.1733 16.1524 -13 789 0 0 1
0.000861987 -0.00017039 20 0.00613238 -0.00605944 9.98574 28.1968 -13 790 0 0 1
-0.0247249 -0.0326614 20 -0.00952566 -0.0123929 5.06703 26.4446 -13 791 0 0 1
-0.0038515 -0.0022581 20 -0.00296197 -0.00171434 11.8065 29.3274 -13 792 0 0 1
-1.79839e-06 2.24661e-06 20 -6.21951e-05 7.76959e-05 11.448 18.107 -13 793 0 0 1
0 0 20 0 0 7.52931 13.9601 -13 794 0 0 1
0.00633621 -0.000509324 20 0.00654751 -0.000529105 11.5102 9.61818 -13 795 0 0 1
-0.000764651 0.0111792 20 -0.000854475 0.0125818 8.92719 24.1677 -13 796 0 0 1
0 0 20 0 0 14.0227 25.7863 -13 797 0 0 1
-5.06605e-07 2.41572e-06 20 -1.43883e-05 6.86099e-05 13.724 26.103 -13 798 0 0 1
0 0 20 0 0 9.41271 30.6144 -13 799 0 0 1
0 0 20 0 0 13.5632 3.43318 -13 800 0 0 1
0 0 20 0 0 5.92242 6.72233 -13 801 0 0 1
0.304036 -2.1913 20 -0.00171795 -0.240233 1.23598 32.4593 -13 802 0 0 1
-0.0287316 -0.0282351 20 -0.0135268 -0.013228 7.09647 21.3248 -13 803 0 0 1
-2.11498e-06 1.70353e-06 20 -1.03348e-05 8.32426e-06 13.0231 8.63207 -13 804 0 0 1
0 0 20 0 0 12.5954 28.0197 -13 805 0 0 1
-0.12857 -0.00694957 20 -0.0297917 0.000179729 3.52259 10.4194 -13 806 0 0 1
0 0 20 0 0 13.6599 11.5854 -13 807 0 0 1
0 0 20 0 0 7.15386 11.2477 -13 808 0 0 1
0.00518789 0.001053 20 0.00506237 0.00102563 14.3158 14.6953 -13 809 0 0 1
0.00349839 0.00184056 20 0.00242288 0.00127324 10.8403 17.2384 -13 810 0 0 1
-0.00551648 0.0807012 20 -0.000865631 0.0366549 5.78672 4.79798 -13 811 0 0 1
-0.0146088 0.00645323 20 -0.0226136 0.00850806 6.62142 3.76178 -13 812 0 0 1
0 0 20 0 0 13.2332 11.891 -13 813 0 0 1
0 0 20 0 0 9.6494 12.0835 -13 814 0 0 1
0 0 20 0 0 11.683 28.5409 -13 815 0 0 1
0.00274265 0.00686307 20 0.00782124 0.0111889 6.17311 6.58472 -13 816 0 0 1
0.0453442 0.0194222 20 0.0321946 0.0162847 5.50201 26.4146 -13 817 0 0 1
0 0 20 0 0 11.4973 29.9827 -13 818 0 0 1
-8.15993e-07 4.85358e-07 20 -4.16654e-06 2.47828e-06 6.28561 28.432 -13 819 0 0 1
0.000996675 -0.00260544 20 0.00127326 -0.00333206 13.4048 7.82034 -13 820 0 0 1
0.0112467 0.00391227 20 0.00621304 0.00215706 8.49965 5.19517 -13 821 0 0 1
0 0 20 0 0 11.7165 29.7142 -13 822 0 0 1
0.00276426 -0.00956123 20 0.00725679 -0.00869896 12.6317 24.2633 -13 823 0 0 1
0 0 20 0 0 14.5676 21.8964 -13 824 0 0 1
0 0 20 0 0 14.4631 26.9946 -13 825 0 0 1
-0.00106217 -0.0260658 20 -0.000536155 -0.0129441 7.6716 14.8033 -13 826 0 0 1
0.0121874 0.00669477 20 0.00414804 0.00227242 4.11271 30.9563 -13 827 0 0 1
0.000228987 9.42886e-05 20 0.00255401 0.00105488 8.67809 28.0744 -13 828 0 0 1
-0.0094999 0.0363666 20 -0.00926801 0.0355482 10.1177 27.6856 -13 829 0 0 1
0 0 20 0 0 14.0884 30.0573 -13 830 0 0 1
0 0 20 0 0 8.45745 8.34771 -13 831 0 0 1
0 0 20 0 0 13.8025 14.633 -13 832 0 0 1
0 0 20 0 0 9.06781 30.6667 -13 833 0 0 1
0 0 20 0 0 5.54053 26.2493 -13 834 0 0 1
1.75276e-07 -2.38911e-06 20 9.22215e-07 -1.25703e-05 7.88581 29.2925 -13 835 0 0 1
0 0 20 0 0 11.8758 22.8221 -13 836 0 0 1
0 0 20 0 0 10.8388 10.3588 -13 837 0 0 1
0 0 20 0 0 12.8432 17.9241 -13 838 0 0 1
2.30638e-07 2.0672e-07 20 6.75656e-07 6.05588e-07 11.149 22.7567 -13 839 0 0 1
0 0 20 0 0 9.88894 22.8567 -13 840 0 0 1
-0.00241905 0.00104792 20 -0.108039 -0.0478077 1.36337 5.88047 -13 841 0 0 1
0.0765255 -0.0846345 20 0.0193698 -0.0440209 6.27236 28.5672 -13 842 0 0 1
0.0136035 0.00455296 20 0.0115887 1.20101e-05 8.34468 8.51849 -13 843 0 0 1
-0.00998971 -0.0164782 20 0.00902257 0.00369343 4.58566 25.8589 -13 844 0 0 1
1.47972e-05 5.79897e-06 20 6.88458e-05 2.69804e-05 13.4993 10.0576 -13 845 0 0 1
0 0 20 0 0 12.3134 17.7784 -13 846 0 0 1
0 0 20 0 0 4.85443 11.4266 -13 847 0 0 1
0.00123675 0.000743082 20 0.00430828 0.00258693 4.91297 29.4074 -13 848 0 0 1
0 0 20 0 0 9.64481 3.64941 -13 849 0 0 1
0 0 20 0 0 12.3941 23.206 -13 850 0 0 1
0.00594206 0.000632246 20 0.00365897 0.000387206 8.9342 9.31228 -13 851 0 0 1
0.00442927 0.00372792 20 0.0277456 0.00559171 2.63976 24.9699 -13 852 0 0 1
0.000617621 0.0055168 20 0.000271786 0.0024071 5.01347 5.80235 -13 853 0 0 1
0 0 20 0 0 11.5027 4.60092 -13 854 0 0 1
0 0 20 0 0 11.5771 24.7246 -13 855 0 0 1
0.053658 0.0398683 20 0.0270854 -0.00412848 1.85672 8.01889 -13 856 0 0 1
0 0 20 0 0 14.3421 9.1767 -13 857 0 0 1
6.63066e-05 0.00106475 20 4.14418e-05 0.00066005 10.2456 27.4843 -13 858 0 0 1
0.0015922 0.000262793 20 0.00181454 0.000298785 12.9675 12.7234 -13 859 0 0 1
-6.98645e-07 8.18792e-07 20 -9.1429e-06 1.07152e-05 13.0662 25.8848 -13 860 0 0 1
-0.00904074 -0.00726706 20 -0.00792423 -0.00636375 11.1999 4.21227 -13 861 0 0 1
0.0126499 0.0125598 20 0.0183261 0.00762448 6.0181 22.8862 -13 862 0 0 1
0.000504823 -0.00326764 20 0.000164537 -0.000951798 4.23299 9.32272 -13 863 0 0 1
-0.263148 -0.331286 20 -0.0258838 -0.0374796 1.84707 23.0445 -13 864 0 0 1
0.000626408 0.00792393 20 0.000536597 0.00672599 6.98789 15.048 -13 865 0 0 1
-0.00385453 -0.0270926 20 -0.00304186 -0.021267 5.63983 30.3116 -13 866 0 0 1
0.0276221 -0.0242411 20 -0.0269686 -0.0106445 1.34581 32.1537 -13 867 0 0 1
-0.00212248 -0.0120093 20 -0.0159162 -0.0262419 8.38967 11.5973 -13 868 0 0 1
-0.00473481 0.00855562 20 -0.00787581 0.0227494 9.22709 22.0778 -13 869 0 0 1
0.00584399 -0.00233554 20 0.0056181 -0.00224791 12.3837 16.2747 -13 870 0 0 1
0 0 20 0 0 13.7461 23.2407 -13 871 0 0 1
-0.0014479 0.00512503 20 -0.00367459 0.0130092 5.39888 22.3401 -13 872 0 0 1
-0.0497574 0.0398467 20 -0.0160031 0.0128435 4.71952 7.67751 -13 873 0 0 1
0.0632578 0.0597697 20 0.0202379 0.0190829 5.03596 15.3625 -13 874 0 0 1
-0.00674991 -0.0966626 20 -0.00193309 -0.0268554 3.77788 4.48868 -13 875 0 0 1
-0.00170801 0.000914179 20 -0.00347568 0.00186177 11.7962 12.8029 -13 876 0 0 1
0 0 20 0 0 9.26156 24.2568 -13 877 0 0 1
-0.0278183 -0.0409939 20 -0.0184373 -0.0178071 2.189 10.0358 -13 878 0 0 1
0 0 20 0 0 14.2559 27.0095 -13 879 0 0 1
-0.00162495 0.00122124 20 -0.00743826 0.00559186 12.951 6.48724 -13 880 0 0 1
0 0 20 0 0 14.542 13.5442 -13 881 0 0 1
0.0272234 -0.0118034 20 0.00353638 -0.011211 6.61781 22.9425 -13 882 0 0 1
-0.00100774 0.0303288 20 -0.00165716 0.0204593 7.19178 25.6173 -13 883 0 0 1
0 0 20 0 0 5.82083 18.9111 -13 884 0 0 1
-0.000294648 -0.00888965 20 -0.00560997 -0.031288 12.5839 2.6991 -13 885 0 0 1
0.000341974 8.89076e-06 20 0.00223159 5.88516e-05 8.5221 8.03288 -13 886 0 0 1
4.85153e-06 -5.10839e-06 20 3.9931e-05 -4.2045e-05 8.57563 2.00897 -13 887 0 0 1
0.00923912 -0.00433003 20 0.00503828 -0.00236495 8.60148 20.7179 -13 888 0 0 1
0.000321191 -0.000200861 20 0.00133906 -0.000837659 11.3361 25.8296 -13 889 0 0 1
-0.00413534 -0.00342315 20 -0.00325193 -0.00268932 10.8726 12.9421 -13 890 0 0 1
-0.00498522 0.0183559 20 -0.00234977 0.00867527 7.62654 9.71821 -13 891 0 0 1
-0.000113416 0.00106519 20 -0.00076703 0.00720503 14.0747 9.7802 -13 892 0 0 1
0.000185422 0.00144755 20 0.0012611 0.00986744 9.42152 4.92623 -13 893 0 0 1
-4.64298e-07 -2.16595e-07 20 -2.59108e-05 -1.20874e-05 12.6244 19.4781 -13 894 0 0 1
0 0 20 0 0 11.6361 17.9553 -13 895 0 0 1
-0.0516198 -0.00485433 20 -0.0424784 -0.00396643 6.87674 23.2848 -13 896 0 0 1
0 0 20 0 0 10.3802 8.44918 -13 897 0 0 1
0.0265884 -0.0579831 20 -0.00659937 -0.0312792 8.46717 17.9389 -13 898 0 0 1
-0.000297883 0.000557242 20 -0.00316112 0.00597493 6.81023 11.3565 -13 899 0 0 1
0 0 20 0 0 11.4587 2.9188 -13 900 0 0 1
-0.0127337 -0.0284102 20 -0.0104114 -0.0231826 5.50991 30.188 -13 901 0 0 1
-6.51815e-07 -1.2221e-07 20 -2.66868e-05 -5.00356e-06 8.67699 3.75605 -13 902 0 0 1
0 0 20 0 0 6.72504 9.41573 -13 903 0 0 1
-0.0118326 -0.00310668 20 -0.0100793 -0.00264194 12.5678 8.64546 -13 904 0 0 1
-0.017072 -0.0151426 20 0.0116404 0.0220573 5.3072 19.947 -13 905 0 0 1
0 0 20 -8.7703e-05 -9.81621e-05 10.5032 21.0577 -13 906 0 0 1
0 0 20 0 0 11.6527 27.5242 -13 907 0 0 1
0 0 20 0 0 12.9636 4.46477 -13 908 0 0 1
0 0 20 0 0 7.32255 16.5279 -13 909 0 0 1
0 0 20 0 0 9.33823 3.02926 -13 910 0 0 1
-0.0911712 0.0122577 20 -0.0248497 0.000821753 2.88869 25.2638 -13 911 0 0 1
0 0 20 0 0 11.8567 3.10385 -13 912 0 0 1
0.0144127 0.00023714 20 0.0135959 -0.00313687 10.3217 3.22986 -13 914 0 0 1
-0.00852966 -0.00298003 20 -0.00912269 -0.00318458 9.14161 7.66553 -13 915 0 0 1
0.00097109 -0.0079525 20 0.000959096 -0.00787851 13.8199 19.8066 -13 916 0 0 1
0 0 20 0 0 12.5086 20.6257 -13 917 0 0 1
0.000888572 0.000969802 20 0.00486701 0.00531121 12.8634 25.1627 -13 918 0 0 1
0.00676459 -0.0357523 20 0.00823259 -0.0170423 4.13512 8.02014 -13 919 0 0 1
0 0 20 0 0 8.67313 4.58153 -13 920 0 0 1
0.00732924 -0.000138386 20 0.00636414 -0.00141688 14.0913 7.23729 -13 921 0 0 1
0 0 20 0 0 12.8868 22.0969 -13 922 0 0 1
0.019673 -0.00533941 20 0.0194362 -0.00459644 4.30635 30.926 -13 923 0 0 1
0 0 20 0 0 13.6309 14.888 -13 924 0 0 1
0 0 20 0 0 13.978 29.425 -13 925 0 0 1
-6.51231e-08 1.89031e-06 20 -3.20152e-07 9.29298e-06 12.8236 1.88276 -13 926 0 0 1
0.0599739 0.0411031 20 0.0259322 0.0110492 4.99153 16.9707 -13 927 0 0 1
0 0 20 0 0 11.7987 24.7552 -13 928 0 0 1
1.50753e-06 -9.91329e-07 20 1.01215e-05 -6.65571e-06 13.5698 7.62854 -13 929 0 0 1
0 0 20 0 0 12.7521 19.2784 -13 930 0 0 1
-0.00118166 -0.00795792 20 -0.00125871 -0.0085132 13.3246 22.2903 -13 931 0 0 1
6.62352e-05 0.0117321 20 4.80725e-05 0.0078753 11.4639 30.1608 -13 932 0 0 1
0 0 20 0 0 13.6192 14.3735 -13 933 0 0 1
0.00275751 -0.0064364 20 0.00388754 -0.00908557 8.6691 13.7321 -13 934 0 0 1
0.000161888 0.0103181 20 0.000699572 0.00630568 10.457 22.563 -13 935 0 0 1
0 0 20 0 0 12.4597 14.602 -13 936 0 0 1
0 0 20 0 0 12.5482 28.3726 -13 937 0 0 1
0.0118048 -0.014512 20 0.00162847 -0.00814708 4.79374 6.03008 -13 938 0 0 1
0 0 20 0 0 13.8557 10.9772 -13 939 0 0 1
0.00593346 -0.016219 20 -0.00344418 -0.00568459 6.09694 5.96577 -13 940 0 0 1
0 0 20 0 0 12.3037 16.9751 -13 941 0 0 1
0.0188147 -0.0101472 20 0.0133688 -0.00722115 3.17769 27.0286 -13 942 0 0 1
0 0 20 0 0 10.5478 26.1301 -13 943 0 0 1
-0.0361375 0.00913832 20 -0.0108468 0.00951378 5.93526 25.217 -13 944 0 0 1
-0.101932 0.00154907 20 -0.0556683 0.00722986 4.22535 28.8782 -13 945 0 0 1
0 0 20 0 0 14.3133 13.8236 -13 946 0 0 1
0 0 20 0 0 10.492 6.34313 -13 947 0 0 1
0.00412128 -0.0135859 20 0.00484054 -0.0146256 7.7988 6.55828 -13 948 0 0 1
-0.000648493 0.00114284 20 -0.001963 0.00346137 12.5014 22.0508 -13 949 0 0 1
-7.71563e-06 3.33229e-06 20 -2.08205e-05 8.99212e-06 3.77415 5.4574 -13 950 0 0 1
0.0293727 0.00276634 20 0.0109561 0.0155426 5.42259 8.89493 -13 951 0 0 1
0.0715393 -0.077284 20 0.0249559 -0.0201369 4.41775 27.8909 -13 952 0 0 1
0 0 20 0 0 9.90604 8.12544 -13 953 0 0 1
0.0128617 0.00416547 20 0.000829814 -0.00506662 6.8159 21.4462 -13 954 0 0 1
2.953e-07 -1.40505e-06 20 1.17084e-06 -5.57091e-06 7.46204 18.6145 -13 955 0 0 1
0.00569711 -0.00689419 20 0.00742064 -0.00668207 7.05067 8.96513 -13 956 0 0 1
0 0 20 0 0 14.0705 19.8226 -13 957 0 0 1
0 0 20 0 0 11.9031 15.3461 -13 958 0 0 1
0 0 20 0 0 10.4307 21.7483 -13 959 0 0 1
0 0 20 0 0 14.4499 10.4124 -13 960 0 0 1
0.248185 0.413913 20 0.0476546 0.0853177 3.00072 16.5102 -13 961 0 0 1
0 0 20 0 0 11.8414 20.1036 -13 962 0 0 1
0 0 20 0 0 11.8854 23.9647 -13 963 0 0 1
0 0 20 0 0 10.5092 27.8338 -13 964 0 0 1
0 0 20 0 0 11.3516 16.7461 -13 965 0 0 1
0.000224148 -0.00122186 20 0.000661899 -0.00361286 9.43988 9.32528 -13 966 0 0 1
0.026009 -0.0217321 20 0.0726625 0.0319894 1.20508 19.7401 -13 967 0 0 1
0.0152766 0.0224487 20 0.00507092 0.00736157 3.3461 11.4897 -13 968 0 0 1
0 0 20 0 0 8.97933 14.0882 -13 969 0 0 1
-0.0234437 0.113571 20 -0.0107137 0.0324492 2.04614 31.4102 -13 970 0 0 1
0.00564717 -0.00449245 20 0.0163024 -0.00813988 13.2604 14.9664 -13 971 0 0 1
0 0 20 0 0 14.4709 16.1589 -13 972 0 0 1
0 0 20 0 0 13.7746 29.5457 -13 973 0 0 1
-0.00016572 -0.000175392 20 -0.000737577 -0.000780378 14.5678 20.741 -13 974 0 0 1
-0.00414918 0.00260664 20 -0.00459308 0.00288841 10.3078 21.1662 -13 975 0 0 1
0.00416082 0.00159546 20 0.00475738 0.00182109 6.79888 7.9279 -13 976 0 0 1
0.155633 -0.0274803 20 -0.000328599 0.00515189 1.68046 15.4158 -13 977 0 0 1
-0.0103805 -0.00238883 20 -0.00666942 -0.00153088 9.09907 18.6089 -13 978 0 0 1
0 0 20 0 0 13.7317 19.6876 -13 979 0 0 1
0 0 20 0 0 12.0976 4.89817 -13 980 0 0 1
-0.00312169 -0.0224164 20 -0.00801552 -0.00874455 9.71034 2.0547 -13 981 0 0 1
0 0 20 0 0 13.635 13.8034 -13 982 0 0 1
-0.0124004 0.0623051 20 0.0176192 0.0179588 5.81318 25.5627 -13 983 0 0 1
0 0 20 0 0 10.1176 3.8371 -13 984 0 0 1
0 0 20 0 0 11.2753 16.4814 -13 985 0 0 1
0.0658144 0.0058276 20 0.0170972 -0.0146212 8.43582 20.1281 -13 986 0 0 1
0 0 20 0 0 14.25 25.5878 -13 987 0 0 1
-0.00612724 -0.00574423 20 -0.00629665 -0.00210048 6.75624 23.4665 -13 988 0 0 1
3.00017e-05 1.85068e-05 20 8.40641e-05 4.18004e-05 3.27287 20.6943 -13 989 0 0 1
0 0 20 0 0 14.477 9.16412 -13 990 0 0 1
-0.00619343 -0.000362667 20 -0.00599964 -0.000348619 10.9054 21.2457 -13 991 0 0 1
-0.00463726 0.00875934 20 -0.00639421 0.0120886 13.1059 26.4837 -13 992 0 0 1
-0.0001297 0.000178191 20 -0.000530118 0.000728536 11.2927 30.1366 -13 993 0 0 1
0 0 20 0 0 12.8394 25.7112 -13 994 0 0 1
0 0 20 0 0 13.9169 12.9193 -13 995 0 0 1
0.00339221 -0.016709 20 -0.00281408 -0.0117553 13.0593 26.2888 -13 996 0 0 1
0 0 20 0 0 14.527 9.74053 -13 997 0 0 1
-0.0121858 -0.0100625 20 -0.00722075 -0.00595634 10.2796 26.3497 -13 998 0 0 1
1.21877e-06 7.28038e-06 20 3.60091e-06 2.15101e-05 7.42713 6.45842 -13 999 0 0 1
-0.0351307 -0.00157699 20 -0.029145 -0.00296417 8.49195 23.1266 -13 1000 0 0 1
