#BLTrackFile NTuple/Z240
#x y z Px Py Pz t PDGid EventID TrackID ParentID Weight
#mm mm mm MeV/c MeV/c MeV/c ns - - - - -
0.0351781 -0.00251236 240 4.16969e-05 -0.0120838 11.5258 26.5441 -13 1 0 0 1
-0.0142111 -0.0405005 240 0.00103339 -0.0212088 12.5818 29.3692 -13 2 0 0 1
-0.0139843 0.175849 240 0.0346725 0.0406798 9.87443 11.2165 -13 3 0 0 1
-1.11935 2.26039 240 0.00868533 -0.0268421 0.0851149 7.75536 11 3 1001 0 1
0.000542234 0.0176033 240 0.00708286 -0.00381666 11.1566 11.9235 -13 4 0 0 1
-0.165347 0.105855 240 0.0324074 0.0612756 6.91624 19.6731 -13 5 0 0 1
-0.101807 0.220421 240 0.060202 0.0439513 7.67637 33.2839 -13 6 0 0 1
-0.00889502 0.0114095 240 0.00941242 0.000203736 12.0463 20.6426 -13 7 0 0 1
-0.11826 -0.0341237 240 -0.0104698 -0.00557322 5.19396 31.2085 -13 8 0 0 1
0.0268234 -0.0155362 240 -0.0416048 -0.0242865 13.6565 29.7775 -13 9 0 0 1
0.0146357 0.0234319 240 -0.00274845 -0.0250167 13.243 11.4826 -13 10 0 0 1
0.0502638 0.00133657 240 0.000178999 -0.024185 10.6494 10.8656 -13 11 0 0 1
-0.0916412 0.246209 240 0.0539525 0.00960086 11.8245 11.3459 -13 12 0 0 1
0.0876751 -0.041821 240 0.0574463 -0.021516 3.9019 27.5601 -13 13 0 0 1
0.0368799 -0.0617464 240 0.00677395 -0.0113304 10.3347 11.3519 -13 14 0 0 1
-2.1145 -1.28518 240 -0.011282 -0.00479744 0.0994333 9.02444 11 14 1002 0 1
0.0939611 0.0752411 240 0.0402452 0.0415911 5.31832 35.5302 -13 15 0 0 1
0.015595 -0.119082 240 -0.08914 0.0342532 8.46257 13.0618 -13 16 0 0 1
0.0256445 -0.0325429 240 -0.00361534 0.00227478 14.5166 13.0909 -13 17 0 0 1
0.00759696 -0.11436 240 -0.0344106 -0.011118 13.0952 35.613 -13 18 0 0 1
0.0443947 0.014289 240 0.0119243 -0.00428414 8.28325 28.1092 -13 19 0 0 1
-0.187807 -0.950542 240 -0.154274 0.140177 2.54252 49.384 -13 20 0 0 1
0.00671692 0.00929893 240 0.00731101 0.00612638 14.4288 28.8478 -13 21 0 0 1
-0.122895 -0.0107629 240 -0.0192026 -0.0135752 10.4695 10.0465 -13 22 0 0 1
1.92665 -0.113528 240 0.0470355 0.0339195 0.0504944 9.4788 11 22 1002 0 1
-0.00253002 0.0228344 240 0.0028944 0.0137884 11.7865 36.8726 -13 23 0 0 1
0.0680613 0.0751201 240 -0.0306514 -0.0185751 8.3445 37.5811 -13 24 0 0 1
-0.0157482 0.0528101 240 0.0150469 0.0165122 14.371 20.2507 -13 25 0 0 1
0.0841586 0.151655 240 0.0395588 0.000181059 8.95853 25.3118 -13 26 0 0 1
-0.0730612 -0.0760748 240 -0.000401579 -0.0231325 8.48345 20.5924 -13 27 0 0 1
0.0529118 -0.0135014 240 0.000570017 -0.0357083 11.587 35.3257 -13 28 0 0 1
-0.0462155 0.0600224 240 0.00252743 0.0133178 7.0632 33.8179 -13 29 0 0 1
0.098066 -0.109686 240 -0.0652928 -0.0181086 13.6215 8.79379 -13 30 0 0 1
-1.99169 -1.37568 240 -0.0387403 0.0113975 0.0442142 11.2022 11 30 1002 0 1
0.0401761 -0.00182875 240 -0.00600638 -0.00541945 10.3756 12.7168 -13 31 0 0 1
-0.051978 -0.107663 240 -0.04491 -0.0270647 8.52642 15.8261 -13 32 0 0 1
0.280507 -0.690279 240 -0.178768 0.0773836 3.62949 48.4601 -13 33 0 0 1
0.185656 -0.0243344 240 0.033036 -0.0766046 13.651 28.024 -13 34 0 0 1
0.612841 0.262028 240 -0.00959182 -0.0301955 0.0629157 29.8747 11 34 1001 0 1
-0.00762253 0.421804 240 0.0552225 0.0252436 5.27419 43.1557 -13 35 0 0 1
0.0204617 0.0135007 240 -0.00853464 0.0457978 8.60407 34.3907 -13 36 0 0 1
-0.0628614 -0.0188826 240 -0.0252832 0.000727102 10.4138 36.5796 -13 37 0 0 1
0.0304053 0.0204789 240 -0.0140832 -0.0189871 11.8592 30.9254 -13 38 0 0 1
0.0196328 -0.0709719 240 -0.021012 0.00169889 9.53096 19.5095 -13 39 0 0 1
0.010835 0.0569694 240 0.0169371 -0.0205959 10.9499 28.6974 -13 40 0 0 1
-0.0234892 -0.0128635 240 -0.0283082 0.00426223 8.92001 13.0195 -13 41 0 0 1
0.0394891 -0.0135967 240 -0.0105911 -0.0210701 9.9336 30.5525 -13 42 0 0 1
-0.0104822 -0.00795064 240 0.0143093 0.0105404 14.4218 18.0601 -13 43 0 0 1
-0.174186 -0.0836578 240 0.0248536 -0.00184707 11.3081 26.7071 -13 44 0 0 1
0.071572 0.0300059 240 0.0301557 0.00402518 10.8799 32.7794 -13 45 0 0 1
-0.144661 0.00665074 240 0.0630403 0.0275398 5.09491 21.2452 -13 46 0 0 1
-0.190638 2.40495 240 -0.0046321 0.000127355 0.0462479 18.8855 11 46 1002 0 1
-0.00366026 0.0343439 240 0.0116443 -0.000361472 11.4242 15.9074 -13 47 0 0 1
0.379207 0.434007 240 -0.0371153 -0.172779 6.7681 23.092 -13 48 0 0 1
0.0619434 0.118941 240 0.0270579 -0.0315078 13.2758 13.1417 -13 49 0 0 1
-0.0572621 0.129831 240 0.0851025 0.0240297 4.45382 46.5132 -13 50 0 0 1
-0.106302 -0.0433152 240 -0.0206538 0.0360241 8.41678 22.5183 -13 51 0 0 1
-0.0305747 0.0917432 240 0.0276747 0.153465 2.73408 51.79 -13 52 0 0 1
0.0496973 0.0583787 240 0.0140333 -0.00942925 8.23566 12.1673 -13 53 0 0 1
0.435979 -0.138223 240 -0.037829 -0.00757227 3.26255 30.4991 -13 54 0 0 1
0.0496193 -0.0345464 240 -0.00326391 -0.0082827 10.4143 28.0108 -13 55 0 0 1
0.0238011 -0.0371074 240 -0.00518665 -0.0163507 14.1215 15.2955 -13 56 0 0 1
0.0193181 -0.00157436 240 0.000776661 -0.0113224 9.79995 36.3636 -13 57 0 0 1
0.0122409 -0.00226735 240 -0.0132558 -0.0361592 8.33192 17.7145 -13 58 0 0 1
0.0297078 -0.116753 240 -0.100529 0.0145452 7.06785 29.5042 -13 59 0 0 1
0.531436 1.84715 240 -0.0310789 0.0142183 0.0417414 29.1687 11 59 1002 0 1
0.0996102 0.0555982 240 0.00280809 -0.0670908 8.26154 32.1637 -13 60 0 0 1
-0.0458272 -0.072 240 0.0247872 -0.00966288 0.0678691 32.0902 11 60 1001 0 1
0.0159235 0.0465841 240 0.0179775 0.00426157 13.954 21.8751 -13 61 0 0 1
-0.0160942 -0.0112457 240 0.0278704 -0.0343975 9.37588 22.172 -13 62 0 0 1
-0.00904935 -0.063029 240 -0.00741917 0.0117396 14.0121 34.5676 -13 63 0 0 1
0.0196875 -0.000118417 240 0.0269018 0.0166221 8.91537 22.5603 -13 64 0 0 1
-0.127363 -0.0879246 240 -0.0589807 0.0309198 5.18188 21.6106 -13 65 0 0 1
-0.0312121 0.0374095 240 0.0140024 0.0154903 7.42394 24.9941 -13 66 0 0 1
0.0118224 0.0118324 240 -0.00103398 -0.00646383 11.5412 20.1822 -13 67 0 0 1
-0.0380546 -0.00409729 240 -0.0480502 0.0331573 10.671 27.8172 -13 68 0 0 1
0.076833 -0.202146 240 -0.0528364 0.00730052 5.47919 29.4197 -13 69 0 0 1
0.0115141 -0.0625844 240 -0.0233986 0.000466618 11.1808 13.1263 -13 70 0 0 1
0.0533795 0.0190893 240 0.00684274 -0.0165368 11.6919 11.461 -13 71 0 0 1
0.0591259 0.0357873 240 0.0539325 -0.01824 10.3824 10.0374 -13 72 0 0 1
0.235209 0.0580561 240 0.0727469 -0.0352281 6.17305 35.7179 -13 73 0 0 1
0.017146 0.00580843 240 -0.00930431 -0.00553738 10.7493 22.9867 -13 74 0 0 1
-0.0577863 0.0240008 240 -0.0562928 0.0112523 7.83341 39.0323 -13 75 0 0 1
-0.0791351 -0.124863 240 -0.0349863 0.0131626 12.4964 32.6941 -13 76 0 0 1
-0.0940366 0.065024 240 0.00551733 0.013773 8.2442 36.7101 -13 77 0 0 1
-0.00781508 0.0133887 240 0.00955878 0.00705868 13.5563 20.1682 -13 78 0 0 1
-0.0255613 0.0162813 240 0.00567945 0.0109361 12.6881 32.0201 -13 79 0 0 1
0.0357044 0.0198379 240 0.0253764 0.00076958 10.3167 36.4324 -13 80 0 0 1
-0.11537 0.194994 240 0.0732639 0.0169908 8.70642 33.1056 -13 81 0 0 1
0.0077397 -0.0113766 240 0.00205658 -0.0102791 13.2113 29.887 -13 82 0 0 1
-0.0194164 0.0692875 240 0.0189412 -0.00612028 9.87384 27.8082 -13 83 0 0 1
-0.00187441 0.081606 240 0.0647302 0.0261277 6.38067 27.181 -13 84 0 0 1
0 0 240 0 0 13.613 10.4299 -13 85 0 0 1
0.067158 -0.114701 240 -0.0296181 0.0144786 7.99087 23.992 -13 86 0 0 1
0.1859 -0.128887 240 -0.021714 0.0331289 2.61307 57.852 -13 87 0 0 1
0.0366501 0.00562896 240 0.0246581 0.00768773 8.54437 18.7046 -13 88 0 0 1
0.0449544 -0.0194237 240 0.0188662 -0.0318882 9.99695 19.7447 -13 89 0 0 1
0.0417136 0.0436283 240 -0.0281627 0.0343282 6.72524 21.6747 -13 90 0 0 1
-0.0272877 -0.119421 240 -0.0352169 -0.0475373 7.18023 39.533 -13 91 0 0 1
0.0508129 0.0638417 240 0.022727 -0.000411744 6.72471 40.6944 -13 92 0 0 1
0.743624 -0.191734 240 -0.266634 -0.113382 7.71634 37.1777 -13 93 0 0 1
0.0229844 -0.0403943 240 0.0466602 -0.0158756 5.89551 23.5673 -13 94 0 0 1
-0.136525 -0.0214554 240 0.0131049 0.0208344 10.7907 20.0237 -13 95 0 0 1
0.952113 -1.11948 240 -0.234065 -0.134099 2.55797 36.4699 -13 96 0 0 1
0.0524099 0.0307362 240 0.0254028 -0.0124429 12.8736 22.0425 -13 97 0 0 1
0.011821 -0.0953845 240 -0.0476263 -0.0644586 9.49005 17.3188 -13 98 0 0 1
0.0451402 0.905197 240 -0.0165566 -0.00285172 0.0888921 16.7729 11 98 1001 0 1
0.0174286 -0.00512989 240 -0.0296136 -0.00297743 14.0212 11.6499 -13 99 0 0 1
0.118618 0.0612268 240 0.0773768 -0.0529274 12.3213 8.22124 -13 100 0 0 1
-0.174991 0.0158062 240 -0.0754988 0.0242079 4.84599 33.721 -13 101 0 0 1
-0.897595 0.582693 240 -0.21029 0.0864538 1.53418 53.4162 -13 102 0 0 1
-0.0761886 -0.018099 240 -0.0260603 0.00752051 9.98302 32.1857 -13 103 0 0 1
0.0165253 0.0198833 240 0.000356486 0.00983809 9.62365 22.1816 -13 104 0 0 1
0.191426 0.0192006 240 -0.0160347 -0.0537501 8.84457 16.7252 -13 105 0 0 1
0.0507043 -0.163254 240 -0.00767589 -0.0130616 10.3329 36.6482 -13 106 0 0 1
-0.026277 -0.0456042 240 -0.00826144 -0.00567984 13.765 24.284 -13 107 0 0 1
0.106403 0.0688317 240 0.0527772 -0.0144556 7.37684 24.5763 -13 108 0 0 1
-0.0488976 0.0589033 240 0.0137391 0.0148858 13.5813 7.31293 -13 109 0 0 1
-0.153986 0.0874674 240 0.0182263 0.0266814 5.57248 18.6151 -13 110 0 0 1
-0.0173785 0.00965732 240 -0.010193 0.023108 9.85872 12.779 -13 111 0 0 1
0.0367128 -0.363105 240 -0.11162 -0.0743064 7.71398 15.3876 -13 112 0 0 1
-0.0127662 -0.00720758 240 0.00796936 0.00282797 11.9651 17.7243 -13 113 0 0 1
0.00197637 -0.177857 240 -0.0520045 0.038204 8.09878 17.6028 -13 114 0 0 1
-0.171994 1.23988 240 0.393004 0.00589345 13.2277 26.3968 -13 115 0 0 1
-0.00969984 0.0233543 240 0.0244732 -0.00881263 10.3193 37.8229 -13 116 0 0 1
-0.0715271 -0.134171 240 -0.0370822 0.00372257 11.5853 12.8173 -13 117 0 0 1
-0.0492359 -0.0842617 240 0.069691 0.0581155 5.94049 19.8627 -13 118 0 0 1
0.0517785 -0.0218383 240 -0.00802557 -0.0278045 10.9876 27.8151 -13 119 0 0 1
0.220675 -0.0439747 240 0.124377 -0.0743065 7.54729 25.6426 -13 120 0 0 1
-0.0129542 -0.0678833 240 -0.0364416 0.011595 7.99395 38.9442 -13 121 0 0 1
-0.00825022 -0.0699981 240 -0.0260498 -0.0166079 9.05091 16.2519 -13 122 0 0 1
0.0205792 0.068731 240 0.0483211 -0.0394943 5.10035 39.3402 -13 123 0 0 1
1.09792 0.852467 240 -0.00720923 0.00734406 0.0335768 38.3977 11 123 1002 0 1
-0.118764 0.065516 240 0.022409 0.019261 13.0003 22.1923 -13 124 0 0 1
-0.0258158 -0.0729797 240 -0.0362281 -0.0225146 11.4699 34.2972 -13 125 0 0 1
-0.0275346 -0.00262461 240 -0.018011 0.0167227 11.7368 32.678 -13 126 0 0 1
-0.0100824 -0.0384524 240 -0.00696527 0.0187241 9.66774 15.0945 -13 127 0 0 1
0.00867754 0.0424022 240 0.030429 -0.00456894 13.5107 16.3262 -13 128 0 0 1
0.0938044 0.00478703 240 0.0137677 -0.0493492 13.504 19.3939 -13 129 0 0 1
-0.000578791 0.021934 240 0.0104501 0.0101291 10.468 30.7633 -13 130 0 0 1
0.032842 -0.112993 240 -0.00405413 -0.0596329 9.2054 17.891 -13 131 0 0 1
-0.292172 -0.726358 240 -0.188464 0.111341 13.2461 29.218 -13 132 0 0 1
-0.0386994 0.156838 240 0.0559044 0.0332683 14.5306 25.1816 -13 133 0 0 1
0.138705 -0.193578 240 -0.018545 -0.0561307 7.30591 30.8297 -13 134 0 0 1
0.0275658 0.104947 240 0.0293985 -0.0199594 13.3575 11.0626 -13 135 0 0 1
-0.0299601 -0.0229314 240 0.0246653 0.0129839 12.9886 18.8223 -13 136 0 0 1
-0.13164 0.125043 240 -0.00162734 0.0140634 7.29853 16.2793 -13 137 0 0 1
-0.0588637 -0.0467811 240 -0.0275405 -0.00295223 4.70197 23.732 -13 138 0 0 1
-0.149712 -0.0494465 240 -0.0309387 0.0355495 11.5043 27.4818 -13 139 0 0 1
-0.0127318 0.0110289 240 0.0139753 -0.00794203 14.1511 31.482 -13 140 0 0 1
-0.0485764 0.00419666 240 -0.0207843 0.0206208 13.8285 7.67429 -13 141 0 0 1
-0.0193033 -0.0178133 240 -0.0130278 -0.0220538 13.7581 18.2639 -13 142 0 0 1
0.00791651 -0.184405 240 -0.02275 -0.014632 11.043 13.7116 -13 143 0 0 1
-0.0276838 0.0271343 240 -0.00322801 0.0184323 14.3969 26.9296 -13 144 0 0 1
-0.0908641 -0.000964164 240 0.00237041 0.0209391 9.87798 34.3096 -13 145 0 0 1
0.0710618 0.0495634 240 0.0649703 0.0280049 9.24878 20.241 -13 146 0 0 1
-0.0181414 0.0665518 240 0.0441677 -0.039438 11.2457 23.2315 -13 147 0 0 1
-0.0679581 0.0382043 240 0.00547291 0.0368658 7.43071 25.1223 -13 148 0 0 1
-0.0900153 -0.102851 240 0.0353394 0.0474638 7.06857 21.0439 -13 149 0 0 1
-0.00648109 0.0349885 240 0.0137024 0.00893083 13.8554 27.1068 -13 150 0 0 1
-0.00434264 -0.179262 240 -0.0551243 -0.0368572 8.12456 14.355 -13 151 0 0 1
0.018147 -0.00698916 240 -0.0139043 -0.0068805 14.1396 30.6572 -13 152 0 0 1
0.0197413 0.0990908 240 0.0340109 0.020552 13.6995 30.2949 -13 153 0 0 1
-0.117678 -0.129692 240 -0.0216522 -0.0387107 9.47617 26.5928 -13 154 0 0 1
0.240973 -0.182493 240 -0.0454284 -0.0811268 9.97295 34.1622 -13 155 0 0 1
-0.0561958 0.0636628 240 0.016651 0.0712405 11.9935 24.2385 -13 156 0 0 1
-0.0953712 0.0875571 240 0.00802867 0.0377634 13.2512 16.0538 -13 157 0 0 1
0.184666 -0.0399867 240 -0.0204855 -0.120985 8.47995 20.7216 -13 158 0 0 1
0.00160689 -0.0294419 240 -0.0137255 0.00184799 14.3422 29.2628 -13 159 0 0 1
-0.0279205 -0.000998623 240 -0.0289906 -0.0258388 7.54262 20.3914 -13 160 0 0 1
-0.58548 2.90409 240 0.0148076 -0.00322863 0.0235057 20.6659 11 160 1001 0 1
-0.175859 0.0636284 240 -0.0235548 0.0841811 14.1151 13.3955 -13 161 0 0 1
-0.161369 -0.0984746 240 -0.0212263 0.12082 9.77868 24.4023 -13 162 0 0 1
0.106753 -0.0584828 240 -0.016692 -0.0347105 9.77709 12.142 -13 163 0 0 1
-0.0013153 -0.0442369 240 -0.0123372 -0.00622367 14.2248 26.538 -13 164 0 0 1
-0.00441949 -0.00919697 240 -0.00446623 -0.00405245 12.3472 31.9627 -13 165 0 0 1
0.0762437 -0.0615277 240 -0.057431 -0.0227861 11.0334 36.7893 -13 166 0 0 1
-0.1012 0.073265 240 -0.0204031 0.0144549 9.87881 13.9491 -13 167 0 0 1
-0.0145692 0.00376848 240 0.003754 0.00418316 11.4346 8.82017 -13 168 0 0 1
-0.0319221 0.0549545 240 0.0301115 0.0334808 13.0738 33.3138 -13 169 0 0 1
0.0310083 0.066456 240 0.035368 -0.0256511 8.95659 28.8691 -13 170 0 0 1
0.0076516 0.0137136 240 -0.0151944 -0.00988306 14.5195 28.2946 -13 171 0 0 1
-0.0265765 -0.0125582 240 0.00287193 0.0123246 11.8697 22.2435 -13 172 0 0 1
-0.0323934 -0.0442413 240 -0.0240099 -0.00921854 13.0511 8.10417 -13 173 0 0 1
-0.00320311 0.0343495 240 0.0111003 0.000858497 9.80583 32.7808 -13 174 0 0 1
0.00975356 -0.0105552 240 -0.00569635 0.00359823 10.6833 10.963 -13 175 0 0 1
-0.0284185 -0.00284718 240 -0.0077308 -0.0088742 10.7996 22.6283 -13 176 0 0 1
0.285329 -0.245467 240 -0.0146593 -0.089968 3.63437 29.6592 -13 177 0 0 1
-0.267545 -0.183273 240 -0.0458306 0.0792787 5.65905 26.8287 -13 178 0 0 1
-0.122701 0.0530518 240 -0.245088 0.186207 5.72519 31.9062 -13 179 0 0 1
-0.625395 -0.00316285 240 -0.155116 0.0798622 7.18723 35.7667 -13 180 0 0 1
0.063748 -0.0390685 240 0.0541697 -0.0170631 8.80172 36.5786 -13 181 0 0 1
0.0391162 -0.0194259 240 -0.0175983 -0.00827825 9.28214 27.0928 -13 182 0 0 1
-0.0332519 0.0262704 240 0.0429578 0.0108131 14.0367 11.8862 -13 183 0 0 1
-0.0239293 -0.0206224 240 -0.0165991 0.0170046 12.2892 12.0805 -13 184 0 0 1
-0.0253185 -0.0238619 240 0.0202923 -0.0322675 11.5112 23.6732 -13 185 0 0 1
0.0240075 -0.00739457 240 -0.00703333 -0.00299581 11.889 36.7316 -13 186 0 0 1
0.0488346 -0.000575514 240 -0.0129378 -0.0312745 4.88243 21.6268 -13 187 0 0 1
0.0242347 -0.0977144 240 -0.0839815 -0.0197051 8.62559 26.9325 -13 188 0 0 1
-0.0380468 -0.124531 240 0.00898444 -0.0913885 5.90998 16.0152 -13 189 0 0 1
0.0138693 0.0934035 240 0.0100888 -0.00273362 8.4399 16.1876 -13 190 0 0 1
-0.0465229 -0.140538 240 -0.0405822 0.0341239 12.2475 13.3883 -13 191 0 0 1
0.00221294 0.0413796 240 -0.0520049 -0.0135079 12.0976 13.2021 -13 192 0 0 1
-0.0255316 0.102285 240 -0.0206441 0.0226498 10.3692 15.6838 -13 194 0 0 1
-0.0130345 0.0523505 240 0.0139408 0.029356 10.8758 30.1758 -13 195 0 0 1
0.00705963 -0.0125967 240 0.0118229 0.00805619 11.7019 37.0623 -13 196 0 0 1
0.101301 0.627791 240 0.145935 0.011683 0.972287 71.0313 -13 197 0 0 1
-0.0983739 -0.0721145 240 -0.0471297 0.00261205 12.3106 11.8465 -13 198 0 0 1
1.31658 1.492 240 0.0256948 -0.0176942 0.0410256 12.6214 11 198 1001 0 1
0.00872422 0.013921 240 0.00115898 0.00204656 12.9397 21.3231 -13 199 0 0 1
-0.180233 0.978145 240 0.222772 -0.0787531 2.37146 52.6291 -13 200 0 0 1
-0.0785129 -0.0388702 240 -0.00419666 0.02559 11.6102 29.482 -13 201 0 0 1
0.124343 -0.0647142 240 -0.0680303 -0.0277731 12.023 28.3948 -13 202 0 0 1
-0.0438696 -0.0057159 240 -0.0199857 0.00921451 14.4663 27.0281 -13 203 0 0 1
0.0517664 0.0462483 240 -0.0309683 -0.0225905 5.5612 24.6582 -13 204 0 0 1
0.00617544 -0.0572139 240 -0.0168612 0.00944679 7.20225 23.3542 -13 205 0 0 1
-0.0322874 -0.672621 240 -0.11712 0.107403 1.79318 67.1128 -13 206 0 0 1
-0.059057 0.046556 240 0.0301542 0.00143229 9.25765 37.577 -13 207 0 0 1
0.375831 0.128094 240 -0.0438379 0.0408929 2.12734 54.5201 -13 208 0 0 1
0.0256097 -0.0251454 240 -0.0281648 -0.025042 13.7181 19.5207 -13 209 0 0 1
-0.369473 -0.253906 240 -0.144273 -0.00865339 3.41944 46.4888 -13 210 0 0 1
0.0632895 0.209046 240 -0.0416214 -0.0831845 6.65041 28.3958 -13 211 0 0 1
-0.00234391 -0.0608628 240 -0.0088252 0.0358728 13.9539 7.86499 -13 212 0 0 1
0.19676 -0.0836579 240 -0.0150215 -0.0617939 8.98759 38.8094 -13 213 0 0 1
-0.0462732 0.0189099 240 -0.0116966 0.0370064 9.80895 27.283 -13 214 0 0 1
0.166273 0.0356008 240 0.0587646 -0.0989437 4.20907 34.008 -13 215 0 0 1
-0.0295933 0.01716 240 -0.0207112 0.0376599 9.91414 21.2089 -13 216 0 0 1
0.085039 -0.0566474 240 0.00716864 -0.0309733 9.46548 22.4169 -13 217 0 0 1
0.0522516 -0.084416 240 0.00353898 -0.0164005 5.28782 31.4917 -13 218 0 0 1
-0.0157691 0.0111594 240 -0.000947086 0.00598303 9.77593 19.4153 -13 219 0 0 1
-0.00822292 0.0729223 240 0.0273844 0.00170052 13.3295 18.5503 -13 220 0 0 1
0.054539 -0.143133 240 -0.00927913 -0.0280214 3.7889 31.709 -13 221 0 0 1
0.0158389 0.029882 240 0.0108528 -0.0113066 8.94038 16.9089 -13 222 0 0 1
0.0302792 -0.00903829 240 0.0274947 -0.00899536 8.6724 13.6148 -13 223 0 0 1
0.0806908 -0.0141032 240 -0.0934775 0.00518045 6.18987 43.0343 -13 224 0 0 1
-1.04814 4.35002 240 -0.0246933 -0.0121281 0.044387 39.5841 11 224 1004 0 1
-0.00302493 0.0205698 240 -0.00215888 0.00500278 12.3481 28.1472 -13 225 0 0 1
0.0689326 0.0849475 240 0.0419385 -0.0194577 10.1094 27.817 -13 226 0 0 1
0.0980721 0.218081 240 0.0694175 -0.02978 12.6294 26.8368 -13 227 0 0 1
0.0355449 0.00406053 240 0.0241211 -0.0121838 13.5102 19.9732 -13 228 0 0 1
-0.00969586 0.0273389 240 1.09574e-05 0.0119721 13.4532 17.4986 -13 229 0 0 1
-0.0106891 0.0549808 240 0.0126414 0.000991962 11.981 8.94336 -13 230 0 0 1
0.090165 0.0166874 240 -0.0521974 -0.00457658 9.03887 36.0021 -13 231 0 0 1
-1.56086 -0.223646 240 0.0400411 0.0204769 0.020277 38.3721 11 231 1001 0 1
-0.044672 0.085051 240 0.00754967 0.0229339 6.32901 32.7791 -13 232 0 0 1
7.21544 2.89704 240 -0.0112744 -0.0169393 0.03844 31.6623 11 232 1002 0 1
-0.167287 0.134685 240 0.0963926 -0.0322818 10.9843 36.0539 -13 233 0 0 1
-0.0740339 -0.108804 240 -0.0405209 0.0139852 12.495 10.1783 -13 234 0 0 1
0.0766751 0.080652 240 -0.0271582 0.00825414 6.37214 37.1769 -13 235 0 0 1
-0.0309947 -0.064609 240 -0.0108846 0.0552283 4.64161 38.7507 -13 236 0 0 1
-0.0847713 -0.0618791 240 -0.0313127 0.0247202 8.39008 25.5715 -13 237 0 0 1
7.45221 -5.19548 240 0.00521256 -0.000298095 0.0346479 31.1812 11 237 1001 0 1
-0.0323859 -0.12588 240 -0.0384519 0.0449253 9.52095 14.3683 -13 238 0 0 1
0.00634993 -0.0333752 240 -0.00942482 0.0060993 12.7924 18.7301 -13 239 0 0 1
-0.0416003 -0.0372188 240 0.00531634 0.029604 12.7609 12.4105 -13 240 0 0 1
-0.151276 0.0988286 240 0.0483572 0.0244913 12.8139 9.21026 -13 241 0 0 1
-0.0608872 0.00664225 240 -0.0116027 0.0194809 10.9398 24.4878 -13 242 0 0 1
0.00808287 -0.0230682 240 0.00339252 -0.0101651 13.8031 34.3781 -13 243 0 0 1
-0.0973075 0.0464564 240 -0.0704986 0.0710095 8.67796 33.6571 -13 244 0 0 1
-0.0127559 0.0365132 240 0.00338709 0.0161514 12.9312 19.3248 -13 245 0 0 1
0.127389 -0.00390811 240 0.0180965 -0.00765098 8.11159 19.7951 -13 246 0 0 1
-0.128812 -0.0580701 240 -0.0497478 0.0624931 11.6502 18.1424 -13 247 0 0 1
-0.0159691 0.00196433 240 0.00392969 0.00435945 11.8422 35.0124 -13 248 0 0 1
0.00595995 0.0198499 240 0.00385365 0.0119736 12.3548 18.0242 -13 249 0 0 1
0.0096429 -0.0309733 240 -0.0164037 0.0148395 10.3656 28.0165 -13 250 0 0 1
-0.00962125 -0.00407768 240 0.00558852 0.0105489 8.36363 36.7514 -13 251 0 0 1
0.0476365 0.00688716 240 0.0195219 -0.00443552 12.9848 14.5034 -13 252 0 0 1
0.362963 -0.225461 240 -0.0542565 -0.109058 11.9336 28.7151 -13 253 0 0 1
0.106807 -0.139043 240 -0.0250015 0.00840396 8.33637 15.1361 -13 254 0 0 1
0.0612699 0.0210652 240 0.0123891 -0.023955 12.0838 15.0596 -13 255 0 0 1
-0.0404551 -0.0740909 240 -0.0252217 0.043866 12.2574 8.06663 -13 256 0 0 1
0.102767 0.0186965 240 -0.000781723 -0.0299658 11.2915 19.062 -13 257 0 0 1
0.0456567 -0.00592538 240 -0.0345284 -0.0292053 11.7403 24.3553 -13 258 0 0 1
-0.00795303 0.0127323 240 -0.0113159 -2.42705e-05 14.4643 11.6536 -13 259 0 0 1
-0.0467682 -0.0304209 240 -0.0106809 0.0103358 14.2221 30.0768 -13 260 0 0 1
0.153853 0.0721605 240 0.0457436 -0.0457512 13.849 21.5505 -13 261 0 0 1
-0.0996101 0.064173 240 0.0488133 0.0536969 12.9643 26.1856 -13 262 0 0 1
0.00864693 0.000465276 240 0.0313476 0.00161335 10.5456 16.0224 -13 263 0 0 1
0.0357729 0.437193 240 0.132078 0.0455682 3.78248 46.2104 -13 264 0 0 1
-0.0678535 -0.0742206 240 -0.00974023 0.035108 12.8135 30.7028 -13 265 0 0 1
0.204861 0.151402 240 0.0362876 -0.0663309 11.3332 32.388 -13 266 0 0 1
0.0234005 0.0354112 240 0.0117906 0.0107662 14.0663 28.9023 -13 267 0 0 1
-0.00990232 -0.0978281 240 -0.0281666 0.00661974 12.2771 12.9 -13 268 0 0 1
0.0309014 0.0101223 240 0.0137874 -0.00830885 11.918 19.3726 -13 269 0 0 1
0.123635 -0.123325 240 0.00620899 0.00180298 3.54049 52.7505 -13 270 0 0 1
0.147939 0.031971 240 0.0185604 -0.0259139 7.34628 39.365 -13 271 0 0 1
-0.0428056 -0.0178236 240 -0.00912922 0.0145991 14.4706 16.1736 -13 272 0 0 1
-0.0136325 -0.104452 240 -0.0145312 0.00428341 8.13262 21.1899 -13 273 0 0 1
-0.00545422 0.00550168 240 0.00968853 0.0166328 12.6199 34.1263 -13 274 0 0 1
-0.134381 0.0952064 240 0.00627797 0.0320725 8.8192 29.6811 -13 275 0 0 1
-0.00408813 0.00162381 240 -0.00162669 0.0207501 11.5417 13.482 -13 276 0 0 1
-0.00884695 0.0569381 240 0.00622661 0.0147334 9.64058 34.2688 -13 277 0 0 1
-0.0310475 -0.0663304 240 -0.0223139 0.00840477 13.7628 19.2916 -13 278 0 0 1
0.0244429 0.0322944 240 0.019276 -6.38355e-05 13.3546 27.3617 -13 279 0 0 1
0.142423 0.143412 240 0.0110635 -0.0506111 6.35577 20.1532 -13 280 0 0 1
0.00167468 -0.071395 240 -0.0315463 0.00326727 8.18118 30.7809 -13 281 0 0 1
0.00826551 -0.0162206 240 -0.00540467 0.00777366 9.54344 32.6113 -13 282 0 0 1
-0.0451367 0.00118765 240 -0.00929976 0.00223868 10.7239 15.5619 -13 283 0 0 1
0.0751815 0.0272592 240 0.037705 -0.0432461 7.23771 25.679 -13 284 0 0 1
-0.17225 -0.288421 240 -0.0174997 -0.0872373 3.34971 52.7574 -13 285 0 0 1
-0.0515402 0.152605 240 0.0660472 0.0344839 6.80357 38.8254 -13 286 0 0 1
0.0258461 0.111385 240 0.00480574 0.018608 10.8973 36.3747 -13 287 0 0 1
0.0196609 -0.0238135 240 -0.00708957 -0.00503964 11.9806 32.9703 -13 288 0 0 1
0.040763 0.00898831 240 0.0208789 -0.0248671 9.48633 26.9261 -13 289 0 0 1
0.0281005 0.0161161 240 -0.0224993 0.00425777 9.07422 18.3791 -13 290 0 0 1
-9.55729 -9.54542 240 0.0194374 -0.0182308 0.0202054 32.2364 11 290 1001 0 1
-0.0277976 -0.257202 240 -0.0718511 0.0356417 6.98122 31.3489 -13 291 0 0 1
0.0534347 0.0412237 240 0.00456091 -0.00283171 13.2775 10.0532 -13 292 0 0 1
-0.00498557 0.029114 240 0.0129962 0.0170288 7.42368 40.8889 -13 293 0 0 1
0.0239327 0.0303889 240 0.0157314 -0.0215219 13.8292 36.0733 -13 294 0 0 1
-0.0671612 0.0320809 240 -0.040154 -0.0646063 7.29166 35.1024 -13 295 0 0 1
0.414679 -0.00136052 240 0.0605598 -0.0820043 6.05044 29.4989 -13 296 0 0 1
3.87683 5.72157 240 -0.00514499 0.0076858 0.0360689 28.7452 11 296 1002 0 1
-0.0120309 0.0043341 240 0.0105227 -0.0169733 11.9925 12.2677 -13 297 0 0 1
0.188061 0.190879 240 0.0795224 -0.0317662 2.11676 63.7019 -13 298 0 0 1
-0.00160445 -0.00796769 240 -0.00202751 -0.00163167 12.188 20.1215 -13 299 0 0 1
0.0541871 0.246996 240 0.139115 0.0119556 3.50061 50.8799 -13 300 0 0 1
-0.052457 -0.148082 240 -0.00412637 0.0379171 8.25537 37.1934 -13 301 0 0 1
0.117005 0.179507 240 0.0613293 -0.0838761 7.56385 27.5679 -13 302 0 0 1
3.51614 2.98475 240 0.0118783 -0.0375854 0.0100526 30.1914 11 302 1001 0 1
0.0261041 -0.00677301 240 -0.00581745 -0.0242268 11.6708 20.7153 -13 303 0 0 1
0.173404 -0.00324538 240 0.0374907 -0.0562984 7.76091 28.6056 -13 304 0 0 1
-0.0424475 0.00185813 240 0.00453109 0.011581 11.0992 18.2364 -13 305 0 0 1
-0.0328022 -0.0483987 240 -0.0106356 0.00863552 9.73344 24.5952 -13 306 0 0 1
-0.00242146 -0.266074 240 -0.0399246 0.034199 4.57488 30.4573 -13 307 0 0 1
0.033205 0.00024691 240 -0.00146372 0.0138882 12.3913 13.8216 -13 308 0 0 1
-0.188155 0.246574 240 0.082795 0.0280954 9.58761 29.4341 -13 309 0 0 1
0.105987 0.0217485 240 -0.052028 -0.0298093 5.77461 24.6028 -13 310 0 0 1
-0.0920551 -0.0628911 240 -0.0171601 0.0182272 14.0125 23.6624 -13 311 0 0 1
-0.00706297 -0.0177519 240 -0.00761239 -0.000716469 12.1667 14.4299 -13 312 0 0 1
0.0842393 0.064238 240 0.011094 -0.0287773 13.0516 8.80931 -13 313 0 0 1
0.0885349 0.0407282 240 0.0295297 -0.0188189 13.8251 8.21958 -13 314 0 0 1
-0.0356246 0.0992123 240 0.0476432 0.00268472 11.6364 11.5936 -13 315 0 0 1
-0.0692362 0.0193969 240 0.000643808 -0.0122438 9.10943 16.3002 -13 316 0 0 1
-0.41401 0.18334 240 0.0118983 0.0653959 2.98418 36.2678 -13 317 0 0 1
0.0564932 0.0754603 240 0.0610842 -0.00155107 6.14109 19.8929 -13 318 0 0 1
0.0579583 -0.0440097 240 0.0157964 -0.0304806 13.8164 12.376 -13 320 0 0 1
0.0585866 -0.0412826 240 -0.0213834 -0.0256242 10.0096 14.5507 -13 321 0 0 1
0.00783943 -0.0136409 240 -0.00706017 0.0295507 12.7607 12.8701 -13 322 0 0 1
-0.00819911 -0.121636 240 0.0290885 0.018493 6.21046 21.6828 -13 323 0 0 1
0.969481 -0.253062 240 0.112085 -0.262122 1.96523 60.3123 -13 324 0 0 1
0.047539 -0.327743 240 -0.0935402 0.0227598 11.4591 34.683 -13 325 0 0 1
0.0291253 -0.0022664 240 0.0131122 -0.0244666 10.7305 28.76 -13 326 0 0 1
0.00471595 0.0218101 240 0.00475287 -0.00297945 12.48 20.3648 -13 327 0 0 1
0.0251189 0.248986 240 0.199035 -0.066721 4.3804 40.3743 -13 328 0 0 1
-0.0302079 -0.0614678 240 -0.0316004 -0.00269191 11.9966 29.7743 -13 329 0 0 1
0.00749752 0.0236899 240 -0.00506062 -0.000887554 9.00491 18.1003 -13 330 0 0 1
-1.7681 -3.73238 240 -0.0436799 -0.00597378 -0.0119875 37.588 11 330 1001 0 1
-0.00173634 -0.0309284 240 0.0051677 -0.0404452 5.65036 16.3979 -13 331 0 0 1
0.189477 0.0970552 240 0.0416321 -0.094672 5.03606 23.2992 -13 332 0 0 1
0.0289318 0.0285518 240 0.00912962 -0.0147842 9.89022 20.3423 -13 333 0 0 1
-0.0093296 -0.0124692 240 -0.00994038 -0.0118548 12.8575 9.69044 -13 334 0 0 1
-0.0105628 0.0440502 240 0.00520304 0.0339497 14.2572 27.5628 -13 335 0 0 1
0.0365322 -0.132612 240 -0.00845039 -0.00451284 5.76671 28.9635 -13 336 0 0 1
0.01358 -0.0264648 240 -0.0199359 0.00300862 13.7407 25.0309 -13 337 0 0 1
-0.0287782 -0.0658515 240 -0.025277 0.0296518 9.67296 33.8026 -13 338 0 0 1
-0.0508346 -0.083296 240 -0.0307345 0.0140581 9.36219 38.2816 -13 339 0 0 1
-0.996808 -0.294215 240 0.0902297 -0.165694 1.77311 66.975 -13 340 0 0 1
0.0148341 -0.136839 240 -0.0284302 -0.0138932 12.4652 34.8476 -13 341 0 0 1
2.04545 3.20788 240 -0.5174 -0.481234 2.33251 60.4589 -13 343 0 0 1
0.0124588 0.00245045 240 0.00501647 -0.00256972 13.2561 13.2538 -13 344 0 0 1
0.261217 0.0368142 240 0.0225804 -0.0666254 9.67143 9.91319 -13 345 0 0 1
0.768251 -1.66087 240 0.0271656 -0.0029957 0.0651946 9.75308 11 345 1002 0 1
-0.0313366 -0.0126576 240 -0.00420354 0.018483 13.4599 21.9111 -13 346 0 0 1
-0.0539669 -0.00814256 240 -0.0240132 0.00494068 12.1197 22.1193 -13 347 0 0 1
-0.0413264 0.0983868 240 0.0234818 0.0257772 13.8006 32.9968 -13 348 0 0 1
0.137902 -0.257051 240 -0.0575928 -0.0480715 7.12991 26.5269 -13 349 0 0 1
-0.313478 2.08931 240 -0.00356773 -0.0109562 0.0587483 25.1217 11 349 1001 0 1
0.0896702 -0.00590344 240 -0.00162956 -0.034297 7.78072 34.5721 -13 350 0 0 1
1.64833 -1.73277 240 -0.0228512 -0.0095226 0.0326978 34.7875 11 350 1001 0 1
3.70589 -1.59889 240 -0.886809 -0.480491 4.52821 26.8194 -13 351 0 0 1
-0.221133 -0.580379 240 -0.04164 0.197484 4.36872 31.6041 -13 352 0 0 1
-1.99798 -0.632737 240 -0.0216689 -0.143871 0.599277 67.3757 -13 353 0 0 1
0.24146 -0.0869738 240 0.00438012 -0.0750283 10.8707 35.5653 -13 354 0 0 1
-0.0692454 -0.598191 240 0.0920593 -0.183533 3.45619 43.0675 -13 355 0 0 1
0.0428715 -0.05082 240 -0.0254491 -0.0162396 9.79158 36.9878 -13 356 0 0 1
-0.111233 0.0722378 240 -0.0168902 0.0318416 10.6922 35.7471 -13 357 0 0 1
0.141048 -0.126247 240 -0.0604075 -0.0348746 10.9188 25.7312 -13 358 0 0 1
-9.26146 6.12842 240 0.0317552 -0.0216139 0.0178011 32.8635 11 358 1002 0 1
0.0356555 -0.0369839 240 -0.013133 0.00271429 11.802 13.8864 -13 359 0 0 1
-0.0414081 0.0165224 240 -0.00083007 0.0146392 13.5198 28.3172 -13 360 0 0 1
0.0718204 0.0244825 240 0.00582055 -0.00165651 4.00828 27.1758 -13 361 0 0 1
-0.0203885 0.048152 240 -0.00377259 0.0106222 8.77587 11.0883 -13 362 0 0 1
-0.0305269 -0.0132996 240 -0.0117354 0.0272226 12.2167 35.8795 -13 363 0 0 1
0.0487066 -0.0728513 240 -0.0101006 -0.00109117 14.4609 11.1236 -13 364 0 0 1
0.0489795 -0.0598366 240 -0.0165998 7.68707e-05 11.8562 12.4111 -13 365 0 0 1
-0.139993 0.00446282 240 0.0267048 0.0316575 7.92614 12.1564 -13 366 0 0 1
-0.0346751 0.136248 240 0.0571948 -0.040091 11.7234 32.3222 -13 367 0 0 1
0.177185 -0.0324122 240 0.00366663 -0.0754031 6.1148 33.6926 -13 368 0 0 1
-0.39003 -0.446877 240 -0.194753 -0.0318718 2.26906 55.7671 -13 369 0 0 1
-0.0437319 0.0208097 240 -0.0052123 -0.0264442 6.52608 17.3742 -13 370 0 0 1
0.273836 0.0632154 240 -0.0908245 -0.13671 14.5262 24.0447 -13 371 0 0 1
-0.839334 4.42628 240 1.24317 -0.489771 2.27543 59.6401 -13 372 0 0 1
0.00658816 -0.310866 240 -0.0827257 0.00648679 14.2036 15.5908 -13 373 0 0 1
-0.2727 -0.0107025 240 0.0231674 -0.0414177 5.0514 23.0929 -13 374 0 0 1
0.0787895 0.0227459 240 -0.0114129 -0.0289151 13.3733 28.7767 -13 375 0 0 1
0.0328119 0.443512 240 0.136178 0.0157439 6.67164 26.0741 -13 376 0 0 1
-0.0110421 0.00827176 240 0.0251056 -0.00136079 10.5401 18.6473 -13 377 0 0 1
0.704729 0.10552 240 -0.275459 -0.0554331 2.01819 38.8057 -13 378 0 0 1
0.0226006 -0.0807138 240 -0.0237382 -0.0613979 7.4686 14.9639 -13 379 0 0 1
-0.0396655 0.0623629 240 -0.0053299 0.0392819 10.7365 13.6987 -13 380 0 0 1
0.0181592 0.220106 240 0.0330932 -0.0205093 7.88408 23.9456 -13 381 0 0 1
0.0088433 0.0123999 240 0.00732224 0.00307042 13.4198 19.3842 -13 382 0 0 1
-0.777233 -0.326547 240 -0.143497 0.129884 1.05445 73.4714 -13 383 0 0 1
-0.0397739 0.0309476 240 0.0150439 0.00759064 14.1236 20.9974 -13 384 0 0 1
-0.0807886 0.0895548 240 0.035791 -0.000211702 14.467 15.5577 -13 386 0 0 1
-0.0174226 -0.0192669 240 -0.0053146 0.00529433 14.4397 24.2134 -13 387 0 0 1
0.0682915 0.0385092 240 -0.0154889 0.00459676 9.40028 33.2513 -13 388 0 0 1
0.0128945 0.039257 240 0.00373137 0.0177813 13.4977 25.399 -13 389 0 0 1
-0.00704828 -0.0123965 240 -0.0170595 0.0208971 10.3324 17.9757 -13 390 0 0 1
-0.103014 -0.104591 240 -0.0489327 0.0214078 8.73383 38.4921 -13 391 0 0 1
0.0668022 -0.146846 240 -0.0229228 -0.0107788 8.17883 38.2084 -13 392 0 0 1
-0.174699 -0.215703 240 -0.105337 0.00600015 4.08782 24.1687 -13 393 0 0 1
0.0597487 0.225496 240 0.0185339 0.0132793 4.10483 30.8006 -13 394 0 0 1
0.250921 -0.0937314 240 0.114581 -0.123694 14.1133 15.468 -13 395 0 0 1
0.0990858 0.0421326 240 0.0770521 -0.0648205 7.14112 28.5683 -13 396 0 0 1
0.063062 0.069316 240 0.00363187 -0.0368539 14.5282 13.7959 -13 397 0 0 1
0.00331094 0.0240174 240 0.00753129 0.00799487 13.3133 14.2654 -13 398 0 0 1
0.091739 0.0679036 240 0.0385598 -0.010543 12.6466 10.6834 -13 399 0 0 1
-0.076299 0.121767 240 0.0151694 0.0369834 11.6627 19.2478 -13 400 0 0 1
-0.0676285 0.0107703 240 -0.0268271 -0.00409786 11.192 21.3821 -13 401 0 0 1
-0.0422737 -0.0140773 240 0.00274118 0.0399598 7.34658 13.6641 -13 402 0 0 1
0.341262 0.0665964 240 0.0124603 -0.110489 5.78162 35.1438 -13 403 0 0 1
-0.0466596 0.0144896 240 -0.0230317 0.028605 14.3978 14.8589 -13 404 0 0 1
-0.179523 -0.310826 240 -0.0815563 0.0634797 12.8621 24.328 -13 405 0 0 1
0.0542977 0.0128111 240 0.0303912 -0.0136087 7.17891 27.5746 -13 406 0 0 1
0.150787 0.100064 240 -0.0642287 0.0314973 4.8708 41.9458 -13 407 0 0 1
-0.0100375 -0.0144351 240 -0.0256039 -0.0144534 10.9265 29.8208 -13 408 0 0 1
0.234591 -0.153513 240 -0.013984 -0.080757 12.214 11.0267 -13 409 0 0 1
0.0717096 -0.0193961 240 -0.0042135 0.00698711 7.2337 22.4546 -13 410 0 0 1
0.148536 -0.295666 240 -0.0496435 -0.0341949 6.88992 17.9903 -13 411 0 0 1
-0.0036639 0.0598971 240 -0.00493399 0.0209465 7.33725 16.8621 -13 412 0 0 1
0.0865595 -0.119044 240 -0.0714459 0.00479571 5.77962 16.0638 -13 413 0 0 1
-0.0282122 0.0835785 240 0.0352612 0.00385713 9.84061 15.7579 -13 414 0 0 1
-0.0453501 -0.00317148 240 0.0116117 0.0225199 8.32548 17.9142 -13 415 0 0 1
-0.0187244 0.00775522 240 -0.0106251 0.00143615 12.6602 21.1031 -13 416 0 0 1
0.0447941 -0.28584 240 -0.0639295 -0.0408239 6.56478 19.36 -13 417 0 0 1
1.21508 -1.05447 240 -0.0370887 0.0176827 0.0254115 19.2798 11 417 1001 0 1
-0.0859812 0.100742 240 0.0323903 0.011696 9.98462 35.368 -13 418 0 0 1
0.321956 -0.247304 240 -0.00352287 -0.0379373 0.0696452 34.8429 11 418 1001 0 1
0.225878 0.112945 240 0.0337761 -0.0205148 7.71141 25.4046 -13 419 0 0 1
-0.0625151 0.0137077 240 -0.019793 0.0533966 12.4922 17.281 -13 420 0 0 1
-0.0821871 0.0486898 240 0.0059579 0.00970229 13.2159 11.7682 -13 421 0 0 1
-0.0989777 0.023195 240 0.0049585 0.0289054 7.1301 16.47 -13 422 0 0 1
0.0747588 0.27777 240 -0.106359 -3.4356e-05 1.59563 59.741 -13 423 0 0 1
0.0285871 -0.0290012 240 -0.00881854 -0.00271506 9.3514 19.5651 -13 424 0 0 1
0.0739458 0.0111401 240 0.0534669 -0.0860186 5.21817 45.9143 -13 425 0 0 1
0.139404 -0.0365738 240 0.0161216 -0.0484151 5.19085 41.2597 -13 426 0 0 1
-0.0580363 0.0423313 240 0.00752173 0.015843 10.8217 34.1154 -13 427 0 0 1
-0.0446336 0.0587835 240 0.0170857 -0.00584633 7.05722 20.781 -13 428 0 0 1
-0.171019 -0.202428 240 -0.0576189 -0.0122756 7.84959 24.4229 -13 429 0 0 1
-0.0959723 -0.00320682 240 0.0105405 0.037426 9.96551 19.3914 -13 430 0 0 1
-0.131541 0.0821848 240 0.0149422 0.0231946 10.8485 18.2864 -13 431 0 0 1
0.0494024 -0.0787175 240 -0.0362295 -0.0137377 9.9687 27.1616 -13 432 0 0 1
0.00585369 -0.201717 240 -0.054457 -0.0296805 11.061 33.4004 -13 433 0 0 1
0.000149294 -0.00020744 240 0.00301518 -0.00418203 13.7098 18.0182 -13 434 0 0 1
-0.0981482 0.0529483 240 0.0110786 0.0396118 11.4 22.8969 -13 435 0 0 1
-0.0345144 0.00288596 240 0.0124152 -0.0322455 11.2601 14.8223 -13 436 0 0 1
0.0742607 0.0454231 240 0.0186262 -0.0209025 10.72 19.7387 -13 437 0 0 1
0.0272186 -0.0656277 240 -0.020122 -0.0139073 11.1363 24.5245 -13 438 0 0 1
-0.0677618 -0.00538388 240 -0.00896211 0.0269115 11.9584 36.1374 -13 439 0 0 1
0.10635 0.0736361 240 0.00826554 -0.0220656 8.87371 31.052 -13 440 0 0 1
-0.100449 -0.0852494 240 -0.0592652 0.00971856 11.4347 22.0808 -13 441 0 0 1
-0.0546176 -0.335793 240 -0.0764524 0.0223911 4.17603 22.8439 -13 442 0 0 1
0.030796 -0.159326 240 0.00702226 -0.0406564 7.60081 37.2628 -13 443 0 0 1
0.298685 0.0281941 240 0.0566947 -0.0876903 11.4027 18.7467 -13 444 0 0 1
-0.0326381 -0.0738183 240 -0.0121974 0.0522713 8.02866 36.8719 -13 445 0 0 1
-0.0404777 -0.0105643 240 0.0030691 0.0243229 13.41 33.5629 -13 446 0 0 1
0.0117757 -0.0352586 240 -0.00751112 0.0116572 11.5982 19.9171 -13 447 0 0 1
0.120487 0.12919 240 0.0832015 -0.0331178 9.8227 12.7555 -13 448 0 0 1
0.0654055 -0.0606039 240 0.000428172 0.046623 8.20617 15.5823 -13 449 0 0 1
0.102907 -0.0764467 240 -0.00687703 -0.0232832 12.3509 36.6086 -13 450 0 0 1
-0.0338053 -0.0323509 240 -0.0256496 0.0302136 7.88923 31.8374 -13 451 0 0 1
0.0328104 0.0116729 240 -0.0588906 0.00645492 11.8775 34.1458 -13 452 0 0 1
1.9826 0.104736 240 -0.014193 0.0227723 0.0309708 34.8058 11 452 1001 0 1
-1.79551 3.43352 240 -0.0145231 0.00412458 -0.0349541 36.2315 11 452 1001 0 1
-0.0124301 0.0235103 240 0.0143419 -0.00233944 12.9834 34.8817 -13 453 0 0 1
-0.119902 -0.0101386 240 -4.38994e-05 0.0466837 9.582 18.6853 -13 454 0 0 1
0.134307 -0.0230565 240 0.051766 0.00364378 2.30444 38.4027 -13 455 0 0 1
0.0349661 0.0241135 240 -0.00654947 -0.016618 14.0182 10.4252 -13 456 0 0 1
-0.0748409 -0.0162629 240 -0.00809771 -0.0153749 9.46445 11.1418 -13 457 0 0 1
-0.00791128 0.0441191 240 -0.00772886 -0.0400047 11.6055 34.5318 -13 458 0 0 1
-0.0902607 -0.044353 240 0.00856844 0.0142427 8.03365 19.8985 -13 459 0 0 1
-0.00594125 -0.0253471 240 -0.0147584 0.0144186 10.5879 11.6505 -13 460 0 0 1
-0.0639377 -0.0268583 240 -0.000917138 0.00693787 13.4602 32.7878 -13 461 0 0 1
0.0811276 0.0822103 240 0.028137 -0.0198621 13.692 32.8796 -13 462 0 0 1
-0.0210128 0.0778798 240 0.0293757 -0.0298824 7.71935 23.7697 -13 463 0 0 1
0.0607939 -0.0901206 240 -0.0888077 0.0565534 4.03699 48.8305 -13 464 0 0 1
0.122849 0.0126199 240 0.0136322 -0.0906431 9.90447 14.7188 -13 465 0 0 1
-2.0347 3.07697 240 0.020787 -0.00607125 0.037844 20.5473 11 465 1001 0 1
0.00779504 0.085326 240 0.00201567 -0.0339795 7.43412 13.7355 -13 466 0 0 1
-0.0212808 -0.0348832 240 -0.0122734 0.00287167 14.0851 9.81672 -13 467 0 0 1
-0.0315166 -0.0339551 240 -0.0378932 -0.0037939 8.84272 20.6529 -13 468 0 0 1
0.238094 0.155986 240 0.0357136 -0.0656335 4.94622 34.7735 -13 469 0 0 1
0.133315 0.153033 240 0.0142304 0.0241175 0.0198284 34.7197 11 469 1001 0 1
0.187634 0.0559302 240 0.0890255 -0.108316 6.49396 16.2964 -13 470 0 0 1
-0.161437 -0.0151618 240 0.0780022 0.0521705 1.99059 42.8812 -13 471 0 0 1
-9.3451e-05 -0.0250781 240 0.0170426 0.01548 10.0683 29.3609 -13 472 0 0 1
0.063694 -0.284692 240 -0.072297 -0.0757056 5.50863 17.9379 -13 473 0 0 1
-0.0135871 0.0273915 240 -0.016287 -0.0237913 8.26876 26.1268 -13 474 0 0 1
0.00934644 -0.0136599 240 -0.0050582 0.00534601 11.7978 18.084 -13 475 0 0 1
-0.0904605 0.0176813 240 -0.0223684 0.0219004 7.88839 12.467 -13 476 0 0 1
0.0888872 0.0604855 240 0.0314116 -0.00267013 9.54372 25.6947 -13 477 0 0 1
0.0684755 -0.000774233 240 0.0678311 -0.0729925 9.76677 12.2382 -13 478 0 0 1
-0.130194 0.0384712 240 0.0274404 0.0734227 5.49911 18.915 -13 479 0 0 1
-0.00448229 0.033461 240 0.0304531 0.0296232 10.728 25.6523 -13 480 0 0 1
-0.254418 -0.262199 240 -0.0627364 0.0656926 9.00571 24.451 -13 481 0 0 1
0.0877953 0.0782676 240 0.0487707 0.0132698 6.59748 42.5697 -13 482 0 0 1
0.0273716 -0.0120137 240 -0.00621445 -0.00518043 14.0513 35.7243 -13 483 0 0 1
0.0505586 0.0341312 240 0.0480084 0.00519184 7.52414 26.01 -13 484 0 0 1
0.0143027 0.0206154 240 -0.0210161 0.0230355 11.3828 11.6713 -13 485 0 0 1
-0.082453 -0.0419492 240 -0.0255091 0.0586962 7.36692 19.9239 -13 486 0 0 1
-0.0106429 0.0327669 240 0.0292713 0.0247616 13.0253 25.2407 -13 487 0 0 1
-0.122287 0.163973 240 0.142939 -0.0369417 5.45107 36.7991 -13 488 0 0 1
-0.0293591 0.0260219 240 0.0176258 0.00542746 13.8965 11.4807 -13 489 0 0 1
-0.147056 -0.265138 240 0.0145775 -0.0792798 4.02415 25.5643 -13 490 0 0 1
0.186531 -0.0648342 240 -0.059485 -0.0434746 7.61578 36.5937 -13 491 0 0 1
-0.071153 -0.02945 240 -0.0287516 0.0118276 13.9409 10.8605 -13 492 0 0 1
-0.00780969 0.00732425 240 0.0255547 -0.00961101 12.4401 32.2219 -13 493 0 0 1
-0.00642406 -0.0794193 240 -0.0224731 -0.00556336 12.9692 30.6572 -13 494 0 0 1
-0.0673493 0.108264 240 0.0150365 0.0661227 14.4555 7.82613 -13 495 0 0 1
0.0614732 0.0186638 240 0.0401681 -0.0140788 10.7394 15.5569 -13 496 0 0 1
-0.0364472 0.00790741 240 -0.0105386 0.0315463 14.062 7.67078 -13 497 0 0 1
0.0979836 0.06714 240 0.0371146 -0.0200142 13.5574 23.2025 -13 498 0 0 1
0.689885 0.169046 240 -0.0017092 -0.00568545 0.132661 21.1588 11 498 1002 0 1
0.0357737 0.00429772 240 0.0129881 0.00991633 11.9773 23.4135 -13 499 0 0 1
-0.0347067 0.0578953 240 -0.0222789 0.0608253 12.6723 20.5908 -13 500 0 0 1
0.0514137 0.0240708 240 0.00247488 -0.0218903 10.9051 18.6118 -13 501 0 0 1
-0.0545862 -0.0315647 240 -0.0026324 0.00727674 14.4372 11.6624 -13 502 0 0 1
-0.0229086 -0.00811658 240 0.00803195 0.00901175 10.2646 14.6906 -13 503 0 0 1
-0.0268561 -0.0241978 240 -0.0221902 -0.00281805 11.1956 25.1027 -13 504 0 0 1
0.00106917 0.371118 240 0.276835 0.0588877 3.78618 39.3328 -13 505 0 0 1
0.211418 -0.241751 240 -0.0119495 -0.099265 8.70603 18.3318 -13 506 0 0 1
-0.0631266 -0.0938579 240 -0.0150817 0.0364702 12.4685 19.2206 -13 507 0 0 1
0.0225925 -0.0125919 240 -0.0152462 -0.0297496 11.4429 33.5356 -13 508 0 0 1
0.0860353 0.112339 240 0.0149918 -0.00894488 8.23502 31.4432 -13 509 0 0 1
0.0286776 0.0411653 240 -0.0139234 0.0013394 10.5703 18.5851 -13 510 0 0 1
-0.0240353 0.0471245 240 0.0109184 0.0238598 10.4583 11.831 -13 511 0 0 1
-0.0285123 0.0479938 240 0.0165919 -0.00922418 12.9002 25.0912 -13 512 0 0 1
0.00813269 0.0883175 240 0.00432661 0.0177294 13.3512 7.67497 -13 513 0 0 1
-0.0473186 -0.0849301 240 -0.0140631 0.0207426 7.99396 16.8823 -13 514 0 0 1
-0.0321495 0.0504086 240 -0.00648991 0.0273533 10.2468 32.6287 -13 515 0 0 1
0.0266631 -0.184647 240 -0.0838042 -0.00884835 4.05414 30.0892 -13 516 0 0 1
0.0558322 0.0285158 240 0.0184758 -0.0201311 8.24403 13.957 -13 517 0 0 1
0.571623 -1.101 240 -0.319678 -0.182758 12.3789 12.5397 -13 518 0 0 1
-0.00774374 -0.0577571 240 -0.0073143 0.0157037 11.6766 26.6131 -13 519 0 0 1
-0.0607384 0.0300155 240 0.00139256 0.00802126 11.6497 25.0418 -13 520 0 0 1
0.00986997 -0.00777794 240 0.00386275 -0.00767798 12.9591 18.6102 -13 522 0 0 1
-0.00955167 -0.00938329 240 -0.00940651 0.00901746 13.5888 22.8357 -13 523 0 0 1
0.470568 0.73208 240 0.215932 -0.0648849 4.00303 46.9984 -13 524 0 0 1
-0.012437 0.0173802 240 -0.0269205 0.0516231 9.72961 16.4844 -13 525 0 0 1
-0.0816546 -0.235992 240 -0.049016 0.0180801 11.7155 27.5449 -13 526 0 0 1
-0.0107916 0.13001 240 0.015748 0.0908493 3.38216 53.1394 -13 527 0 0 1
-0.00189563 0.00291306 240 0.000966625 0.00480499 12.504 23.429 -13 528 0 0 1
-0.00190701 -0.0517902 240 -0.0288638 0.00476887 11.2884 30.9679 -13 529 0 0 1
-0.0513353 -0.0321676 240 0.00561048 -0.0268817 8.3342 33.381 -13 530 0 0 1
0.0758133 -0.0662528 240 -0.0268383 -0.0216486 12.9627 20.8197 -13 531 0 0 1
-0.0448496 0.000850756 240 -0.279465 -0.0519926 13.8471 35.7686 -13 532 0 0 1
0.103673 -0.0968691 240 -0.0591802 0.00028703 9.08423 32.9346 -13 533 0 0 1
-0.057608 -0.0361951 240 -0.0180761 0.00380612 9.1772 33.1615 -13 534 0 0 1
-0.0599379 0.187827 240 0.054832 -0.0144823 9.85532 11.8775 -13 535 0 0 1
0.117519 0.00618339 240 0.00741583 -0.0273134 13.0451 16.2222 -13 536 0 0 1
-0.230144 -0.235124 240 -0.107729 0.0643368 4.57048 33.3305 -13 537 0 0 1
0.0513469 0.0901071 240 0.0286958 -0.011356 14.4812 24.6301 -13 538 0 0 1
0.16998 0.243441 240 0.114252 -0.0951465 11.2928 13.8048 -13 539 0 0 1
-0.176481 -0.152631 240 -0.0300892 0.0338752 0.0581585 13.8994 11 539 1002 0 1
0.0308221 0.160596 240 0.0316735 0.0146968 11.2751 33.6509 -13 540 0 0 1
0.0625751 -0.0716506 240 -0.0202909 -0.0592081 7.41924 33.7857 -13 541 0 0 1
-0.1709 0.0436651 240 0.00204696 0.062549 12.7995 10.9221 -13 542 0 0 1
-0.88038 0.712963 240 -0.0170548 0.0371779 0.0441304 11.8343 11 542 1001 0 1
0.19779 0.110858 240 0.0279146 -0.051673 8.55798 23.1621 -13 543 0 0 1
0.197608 -0.0973033 240 0.0420139 -0.0793163 13.7359 34.6111 -13 544 0 0 1
-0.060863 -0.0212563 240 -0.0801086 0.00582505 4.99306 43.3073 -13 545 0 0 1
-0.737786 0.157395 240 -0.00419887 -0.00903209 0.0453295 41.6939 11 545 1003 0 1
0.0205749 -0.0162295 240 -0.022082 0.0225145 6.7194 32.8858 -13 546 0 0 1
-0.00963213 0.033165 240 0.00759851 0.0069385 10.6957 28.04 -13 547 0 0 1
-0.0310483 -0.0510593 240 -0.00366176 0.0137789 9.87941 28.2273 -13 548 0 0 1
0.112259 0.0248938 240 0.028254 0.0167943 9.63555 34.9592 -13 549 0 0 1
0.0676367 -0.00760128 240 -0.0120503 -0.00607825 8.62674 26.9176 -13 550 0 0 1
0.0087932 0.166443 240 0.0536508 -0.029435 10.5974 14.2888 -13 551 0 0 1
-0.112087 -0.0718882 240 -0.0595365 0.046569 11.3321 18.0998 -13 552 0 0 1
-0.0437982 0.157181 240 0.0658866 -0.0140094 7.93605 22.9425 -13 553 0 0 1
-0.0114689 0.219193 240 0.133913 -0.0684145 5.07022 18.4314 -13 554 0 0 1
0.0116179 -0.0239657 240 0.0179189 0.0599337 7.9948 38.5233 -13 555 0 0 1
0.0461076 -0.0196361 240 0.0115173 0.0145952 6.18973 34.9678 -13 556 0 0 1
-0.0223311 0.0186045 240 -0.013757 0.00189661 13.5727 13.2212 -13 557 0 0 1
-0.0723412 0.0442332 240 0.0293687 0.0271639 10.947 36.4785 -13 559 0 0 1
0.020835 0.0787353 240 0.0162441 -0.0293371 13.6078 7.49649 -13 560 0 0 1
-0.00969388 -0.264874 240 -0.0652713 0.000120377 5.27871 43.0515 -13 561 0 0 1
-0.557948 -3.48431 240 -0.0135676 0.0162723 0.0315618 42.8556 11 561 1001 0 1
-0.00334786 -0.0266104 240 -0.00950261 -0.0020097 11.0596 11.8106 -13 562 0 0 1
0.0329004 -0.00349877 240 0.00964104 -0.00841849 12.1198 22.8334 -13 563 0 0 1
-0.0183315 0.00160027 240 0.0145679 -0.00739072 10.588 36.7025 -13 564 0 0 1
0.00974291 0.065367 240 -0.00994528 -0.0153973 14.2315 11.8449 -13 565 0 0 1
0.128587 -0.0674202 240 0.000203611 -0.0348939 9.44881 21.3041 -13 566 0 0 1
0.0304255 5.61476e-05 240 0.00313914 -0.00891724 10.5901 20.0875 -13 567 0 0 1
-0.0309517 -0.0594677 240 -0.0135903 0.0295267 11.8724 33.6544 -13 568 0 0 1
0.0403541 -0.0107379 240 0.00929426 -0.011159 13.5556 17.937 -13 569 0 0 1
-0.0474531 0.0598152 240 0.0289676 0.0141094 11.1097 33.8628 -13 570 0 0 1
-0.070901 0.0448275 240 0.0138889 0.0275865 12.6453 20.6368 -13 571 0 0 1
-0.0703581 0.0680026 240 0.037549 0.0128789 9.9008 21.3664 -13 572 0 0 1
-0.0257809 -0.00604695 240 0.0104958 0.0248097 6.65254 26.1407 -13 573 0 0 1
0.0104484 0.00871449 240 0.00141666 -0.00395725 13.7457 15.3719 -13 574 0 0 1
0.0390798 0.0391077 240 -0.0104692 -0.0189972 7.12089 30.9954 -13 575 0 0 1
0.0115984 0.111852 240 0.0435332 -0.0341968 10.6226 27.5182 -13 576 0 0 1
0.0884036 -0.000603104 240 -0.0149633 -0.0240012 13.4066 9.45874 -13 577 0 0 1
0.432474 -0.14162 240 0.0655286 -0.149483 8.42661 21.8126 -13 578 0 0 1
0.10647 0.172193 240 0.0592641 -0.0208459 13.9558 22.6017 -13 579 0 0 1
0.0431145 0.0169884 240 0.0130714 -0.00972011 12.7645 14.9457 -13 580 0 0 1
-0.0126506 0.023132 240 0.0265432 -0.0172538 11.0934 36.084 -13 581 0 0 1
0.00257221 -0.0291905 240 -0.0256977 0.0279826 8.93553 22.364 -13 582 0 0 1
-0.0906208 0.0112136 240 0.0217143 0.0233774 7.72475 18.4209 -13 583 0 0 1
0.0275671 -0.0412926 240 -0.00470773 -0.019204 13.9799 32.9781 -13 584 0 0 1
0.00525365 -0.015472 240 -0.00244624 -0.0057104 11.2592 16.061 -13 585 0 0 1
0.0493072 0.0845447 240 0.0156184 -0.0243959 9.3969 34.3751 -13 586 0 0 1
0.00439372 -0.0396805 240 -0.00260364 -0.00821728 13.771 25.9946 -13 587 0 0 1
0.100628 -0.000668082 240 0.000788037 -0.0282735 9.62238 18.9565 -13 588 0 0 1
0.0952428 -0.0381394 240 0.00295792 -0.0511629 13.2622 19.1566 -13 589 0 0 1
-0.154046 0.621552 240 0.145984 0.0741425 9.17522 21.5726 -13 591 0 0 1
-0.0138831 -0.0615893 240 -0.00880186 -0.00654365 8.33122 23.3166 -13 592 0 0 1
-0.152841 -0.182602 240 -0.0205414 0.0483179 5.87864 41.9103 -13 593 0 0 1
0.00234797 -0.0500292 240 -0.0210156 -0.00879752 10.7665 37.5714 -13 594 0 0 1
-0.019407 0.0491999 240 0.0361542 0.000606032 10.0464 23.5537 -13 595 0 0 1
0.0615922 0.206367 240 0.0145286 -0.0438608 8.14605 27.6472 -13 596 0 0 1
0.0898722 -0.0150886 240 0.0384271 -0.019783 10.4333 20.3673 -13 597 0 0 1
0.111527 -0.047106 240 -0.0111038 0.00975998 5.90093 21.7975 -13 599 0 0 1
0.239896 -0.0058743 240 -0.0571573 0.111626 2.0943 36.406 -13 600 0 0 1
0.0244361 -0.0613724 240 -0.0181668 -0.0192545 12.5623 25.1807 -13 601 0 0 1
0.136003 0.0769467 240 0.0193782 0.00124459 6.92134 34.4909 -13 602 0 0 1
0.090353 0.164119 240 0.0361409 -0.0349008 9.23922 31.912 -13 603 0 0 1
-1.30352 -0.528135 240 0.0197346 -0.0245596 0.0711387 30.4061 11 603 1002 0 1
0.0297755 0.00699977 240 0.00041496 0.0122692 7.58292 24.5338 -13 604 0 0 1
0.384989 0.144493 240 0.136166 -0.00554859 4.82649 25.1253 -13 605 0 0 1
-0.00536621 0.0157085 240 0.00873389 0.0138861 12.4602 23.6827 -13 606 0 0 1
0.000433306 -0.0421345 240 -0.004238 -0.0123023 11.8909 13.2484 -13 607 0 0 1
-0.0346459 -0.164376 240 -0.0762998 -0.0246634 12.9306 21.7783 -13 608 0 0 1
0.05339 0.0544404 240 -0.00283514 -0.0463086 11.8866 12.4304 -13 609 0 0 1
0.00708971 -0.0107067 240 -0.00794394 0.00766399 8.84624 17.2672 -13 610 0 0 1
-0.030699 0.00737864 240 -0.00683738 0.0107806 10.3418 13.5267 -13 611 0 0 1
0.0581434 0.0131223 240 -0.00135656 -0.0592302 7.87137 23.0259 -13 612 0 0 1
0.0206251 0.0722496 240 0.0239276 -0.00622288 12.4745 21.6618 -13 613 0 0 1
-0.0319811 0.0063508 240 0.0115132 0.0189076 12.1353 9.68301 -13 614 0 0 1
-0.0361862 0.286656 240 0.0221753 0.12581 3.95282 39.2886 -13 615 0 0 1
0.199154 0.159261 240 0.000225231 0.0232515 4.08563 46.2254 -13 616 0 0 1
-0.0911896 0.0490577 240 -0.00933464 0.0170099 10.8272 25.1958 -13 617 0 0 1
-0.0743014 0.0237244 240 -0.000490264 0.0141542 8.1366 30.5696 -13 618 0 0 1
0.666336 0.166757 240 0.104386 -0.166518 4.9465 39.0858 -13 619 0 0 1
-0.0810698 0.0225491 240 0.00778658 0.0120014 12.3668 26.8584 -13 620 0 0 1
-0.173843 -0.281294 240 -0.109925 -0.0276087 5.27889 18.8813 -13 621 0 0 1
0.0397037 -0.0156949 240 0.00103523 -0.00996766 11.1655 36.0131 -13 622 0 0 1
0.0367094 0.126432 240 0.00873691 0.000265656 9.73221 23.2936 -13 623 0 0 1
0.0995338 0.034907 240 0.0199437 -0.0179151 14.1806 7.6228 -13 624 0 0 1
0.0481029 -0.0938977 240 -0.038785 0.0158298 9.15508 25.5644 -13 625 0 0 1
-0.0185615 -0.0375562 240 -0.0153073 -0.0289556 6.13373 22.5251 -13 626 0 0 1
-0.0485635 0.0480447 240 0.0145449 0.00238032 9.43002 27.0435 -13 627 0 0 1
0.0625156 0.051154 240 -0.123284 -0.134699 3.15679 44.1266 -13 628 0 0 1
-0.000670227 0.0342594 240 0.012628 0.016021 10.4608 14.7155 -13 629 0 0 1
0.0107726 0.0160378 240 0.010638 -0.0292511 11.7895 35.0858 -13 630 0 0 1
0.101504 -0.0480991 240 -0.0608471 -0.0848374 8.88257 37.5795 -13 631 0 0 1
-0.0179667 0.0103389 240 0.00171574 0.00575387 14.074 18.6662 -13 632 0 0 1
-0.155343 -0.00826405 240 0.0100212 0.0367961 8.36921 18.8639 -13 633 0 0 1
-0.0186663 0.150667 240 -0.0302341 0.0245643 4.89972 20.3708 -13 634 0 0 1
0.149526 -0.0974455 240 -0.0667359 -0.0136089 8.07531 28.2082 -13 635 0 0 1
-0.157093 0.161666 240 0.0166635 0.0813075 14.1015 13.7031 -13 636 0 0 1
0.128421 -1.67137 240 -0.046873 0.0107113 0.0522779 14.4676 11 636 1001 0 1
0.00242924 -0.0742901 240 -0.0217091 -0.0234313 8.02862 32.8614 -13 637 0 0 1
-0.0964371 0.0953597 240 0.0520152 0.0113642 12.7095 22.9428 -13 638 0 0 1
0.0510829 -0.0525132 240 -0.0108563 -0.0255366 14.0034 11.9267 -13 639 0 0 1
-0.0272967 0.0541022 240 0.0469419 -0.0278392 10.886 9.31796 -13 640 0 0 1
-0.0525357 0.0438278 240 0.0559592 0.0986558 4.58512 28.9353 -13 641 0 0 1
0.202327 -0.244155 240 -0.091422 0.0540383 7.21921 35.1987 -13 642 0 0 1
-0.013787 -0.0460131 240 -0.00561521 0.0096404 11.0751 8.72364 -13 643 0 0 1
-0.0296658 -0.104103 240 -0.0221767 0.0142802 13.7397 25.0483 -13 644 0 0 1
0.0333452 -0.000330195 240 -0.00490062 0.011967 9.72613 11.4061 -13 645 0 0 1
0.00280742 -0.0713679 240 -0.0193252 -0.0185568 13.7632 23.5248 -13 646 0 0 1
-0.0904961 0.0380369 240 0.0167388 0.0663316 6.01249 41.4603 -13 647 0 0 1
0.105697 0.12378 240 -0.0328217 0.0314606 4.20738 33.3427 -13 648 0 0 1
0.14262 0.0800189 240 0.0253591 -0.0580461 6.34624 24.1003 -13 649 0 0 1
-0.0194257 -0.0597415 240 -0.0235737 0.00458317 13.5383 10.788 -13 650 0 0 1
-0.0578668 -0.00491622 240 -0.0141284 0.00960207 10.0982 21.8021 -13 651 0 0 1
0.098773 0.0209615 240 0.0722507 0.00442815 10.4779 34.5634 -13 652 0 0 1
4.53041 0.694753 240 0.0131683 0.0335426 0.0148259 37.7423 11 652 1001 0 1
-0.00461444 -0.0162464 240 0.0137747 0.00858245 11.974 25.081 -13 653 0 0 1
0.00157276 -0.0158201 240 -0.00567151 0.00178599 12.3059 19.6389 -13 654 0 0 1
-0.0246599 -0.0250464 240 -0.0142368 0.0147767 14.3642 28.5217 -13 655 0 0 1
-0.0177537 0.0624588 240 -0.000942341 -0.00677707 9.60285 25.3875 -13 656 0 0 1
-0.124433 0.104246 240 0.0670914 0.00561139 8.01257 32.8876 -13 657 0 0 1
0.0537576 0.142025 240 0.0964828 0.00338788 5.09957 33.5036 -13 658 0 0 1
-0.118786 0.0234119 240 0.0194845 0.0083262 14.4597 20.1139 -13 659 0 0 1
0.248759 -0.150338 240 -0.21725 0.0916875 11.702 30.0631 -13 660 0 0 1
0.0125156 0.0224532 240 -0.00387532 0.0706104 10.6521 24.3773 -13 661 0 0 1
-0.0701376 -0.0500013 240 -0.0118092 0.0168107 12.1374 18.7856 -13 662 0 0 1
-0.0344228 -0.0672677 240 -0.100374 -0.0109584 9.5597 38.4637 -13 663 0 0 1
-0.133285 0.129683 240 -0.0190807 -0.146071 8.2387 39.8276 -13 664 0 0 1
-0.0136077 -0.0400557 240 -0.0076307 0.0122739 11.3526 9.85565 -13 665 0 0 1
0.00961464 -0.102741 240 -0.0504006 0.00632715 11.7898 22.2177 -13 666 0 0 1
-0.0164829 0.0548083 240 0.000340484 -0.0110431 13.0905 19.6949 -13 667 0 0 1
0.0138304 -0.0568259 240 -0.0783209 0.0309019 6.71031 23.4652 -13 668 0 0 1
-0.0171745 -0.00396379 240 -0.00151098 0.0090979 9.59917 27.0489 -13 669 0 0 1
0.0508269 -0.0892263 240 -0.0416676 0.00862315 13.576 23.853 -13 670 0 0 1
0.012041 -0.034346 240 -0.00675679 -0.0108146 13.1504 26.5533 -13 671 0 0 1
0.303399 0.203798 240 0.0165572 -0.0502423 1.5322 56.9971 -13 672 0 0 1
0.122132 -0.0690497 240 -0.0107673 -0.00720447 3.95724 35.0973 -13 673 0 0 1
-0.0315796 0.00465266 240 0.020532 -0.00305163 12.5556 36.4413 -13 674 0 0 1
-0.0738371 -0.250942 240 -0.0374453 0.0290552 7.21959 20.1731 -13 675 0 0 1
0.0457744 -0.000506556 240 0.0137724 -0.0269081 12.9129 33.0244 -13 676 0 0 1
-0.083718 0.0144208 240 0.0123651 0.0104381 11.8335 14.339 -13 677 0 0 1
-0.0104224 -0.063137 240 -0.0479873 -0.0141449 9.4224 25.1336 -13 678 0 0 1
0.0878181 -0.0833593 240 -0.0688143 0.0266204 8.13694 23.5655 -13 679 0 0 1
-0.0956115 0.0540458 240 -0.00196249 0.00662418 9.27084 28.1342 -13 680 0 0 1
0.000895639 -0.00683375 240 -0.00198402 0.00200399 14.0729 9.17502 -13 681 0 0 1
0.0118526 0.0544478 240 0.0132123 -0.00302976 13.2646 7.90044 -13 682 0 0 1
0.0612382 0.0781876 240 0.0382887 -0.0241925 13.0061 31.8476 -13 683 0 0 1
1.28546 -0.115476 240 -0.242421 -0.332963 8.63824 26.6845 -13 684 0 0 1
0.0659839 -0.020543 240 0.00500364 -0.0132145 8.07315 18.3175 -13 685 0 0 1
-0.104261 -0.0304055 240 -0.0362013 0.0164307 11.5924 34.8074 -13 686 0 0 1
0.959511 2.38078 240 0.00776331 0.0193743 0.0653144 35.5074 11 686 1002 0 1
0.0431935 -0.0299944 240 -0.0190198 -0.00924212 9.04239 16.315 -13 687 0 0 1
0.0416751 0.143797 240 0.044616 0.00927547 12.8529 29.9343 -13 688 0 0 1
0.0792124 0.0564247 240 -0.0431535 -0.0328127 9.83732 31.5135 -13 689 0 0 1
1.17723 -1.26298 240 -0.0297033 -0.0318009 0.0616076 30.9248 11 689 1002 0 1
-0.104943 -0.0688775 240 -0.0478888 0.0264988 5.29876 35.831 -13 690 0 0 1
0.042351 0.0212744 240 0.046132 -0.0405702 12.3211 24.3239 -13 691 0 0 1
-0.0751949 0.0636733 240 -0.00304524 -0.0146657 7.47456 13.4847 -13 692 0 0 1
0.0104359 -0.00191312 240 0.0017478 -0.0176653 12.7808 27.8615 -13 693 0 0 1
0.211813 0.0448608 240 -0.00586843 -0.0188858 4.05828 31.8365 -13 694 0 0 1
-0.0484363 -0.0573992 240 -0.00889981 -0.0515878 7.376 22.8295 -13 695 0 0 1
0.104509 -0.0998274 240 -0.0179849 -0.0353346 6.67872 26.7066 -13 696 0 0 1
6.33402 2.63241 240 0.0155315 -0.000910652 0.0334639 26.8689 11 696 1002 0 1
0.0397516 0.0206693 240 -0.0118307 -0.00112442 10.0311 27.3191 -13 697 0 0 1
0.160894 -0.00682818 240 0.018073 -0.0192747 8.77819 17.9218 -13 698 0 0 1
0.000162929 -0.0163353 240 -0.00464851 -0.0106913 13.3531 30.4696 -13 699 0 0 1
-0.0874257 0.0118276 240 0.00393504 -0.00388061 8.81685 20.4865 -13 700 0 0 1
0.0648082 0.125515 240 0.0535213 0.0126728 9.08648 11.925 -13 701 0 0 1
-0.00576364 -8.08243e-05 240 -0.00710323 0.00681312 12.3053 32.6227 -13 702 0 0 1
0.0218011 -0.0194663 240 -0.00751502 0.0359557 12.0809 29.6412 -13 703 0 0 1
0.0743925 0.083531 240 0.0132834 0.0165875 9.42336 18.1163 -13 704 0 0 1
0.0684065 0.0223331 240 -0.0153455 -0.0382862 10.1055 15.4003 -13 705 0 0 1
-0.0946195 -0.023463 240 -0.0573574 0.00953244 9.59772 24.7306 -13 706 0 0 1
-0.00514191 -0.0199278 240 -0.00832729 0.00164144 13.8773 7.91768 -13 707 0 0 1
-0.0274396 0.0808039 240 0.0306086 0.00709021 10.5499 26.4956 -13 708 0 0 1
-0.215252 0.277229 240 0.0703744 0.154795 3.81437 35.9812 -13 709 0 0 1
-0.0502348 -0.140948 240 -0.0360406 -0.000147511 7.9737 30.8566 -13 710 0 0 1
-0.0353888 0.0112717 240 -0.0148231 -0.079121 14.1675 8.04468 -13 711 0 0 1
0.105129 -0.0262981 240 0.00696686 -0.0230235 11.6147 27.4111 -13 712 0 0 1
-0.0952978 -0.150545 240 -0.0223458 0.0408064 6.42625 35.4669 -13 713 0 0 1
-0.0599672 -0.0838082 240 0.00504309 0.0324718 14.0577 27.5798 -13 714 0 0 1
0.00984811 -0.0101243 240 0.00128728 -0.00751562 12.3829 36.5864 -13 715 0 0 1
0.0456771 0.025562 240 0.0203472 -0.0245895 13.1253 27.4674 -13 716 0 0 1
-0.0100801 -0.0117122 240 -0.020496 0.0108194 10.6114 23.6945 -13 717 0 0 1
-0.0571437 0.113368 240 0.0100218 0.0385807 8.71673 18.1269 -13 718 0 0 1
-0.0589171 -0.181601 240 -0.0671009 -0.0637849 10.6696 16.9885 -13 719 0 0 1
0.00304229 0.189489 240 0.0554733 0.00136167 11.2891 36.4992 -13 720 0 0 1
0.0494234 0.0301898 240 0.0140725 -0.0204498 9.70382 34.8784 -13 721 0 0 1
-0.26661 0.402787 240 0.0306781 0.117261 5.3204 27.035 -13 722 0 0 1
0.0188576 -0.0644539 240 0.00251371 -0.0109175 8.57824 13.7238 -13 723 0 0 1
0.0109142 -0.0409819 240 -0.00160241 0.00809652 5.00471 39.3266 -13 724 0 0 1
-0.0111654 -0.0566039 240 -0.0128648 0.00151541 9.61919 20.99 -13 725 0 0 1
-0.117956 0.0212486 240 -0.00511857 0.0458852 13.6203 22.0606 -13 726 0 0 1
-0.0139026 0.0401347 240 0.00684001 0.0305022 14.1538 11.322 -13 727 0 0 1
0.535938 -0.1267 240 -0.0257087 -0.13393 3.29157 48.033 -13 728 0 0 1
0.0264838 -0.0755626 240 -0.0241511 0.0261337 5.52953 26.5656 -13 729 0 0 1
-0.0327057 0.01452 240 -0.00295582 0.0179706 11.213 15.1993 -13 730 0 0 1
0.0243882 0.0186656 240 -0.00786564 -0.00166041 10.9751 11.1331 -13 731 0 0 1
0.864757 0.941806 240 -0.153373 0.00208717 2.51625 50.1988 -13 732 0 0 1
0.061007 0.122973 240 0.0177662 -0.0188856 4.82544 29.9191 -13 733 0 0 1
0.124407 0.10737 240 0.0374586 -0.0550641 7.9232 15.1039 -13 734 0 0 1
0.00507791 0.0980872 240 0.0150641 0.00326556 10.992 24.8447 -13 735 0 0 1
-0.00626561 0.0359843 240 0.0265203 -0.0207198 10.9979 17.7917 -13 736 0 0 1
-0.0513206 0.0334806 240 -0.011532 0.00983504 8.28444 30.9933 -13 737 0 0 1
0.11743 0.16448 240 0.0350816 -0.00489387 8.42701 33.4847 -13 738 0 0 1
0.0620521 -0.155653 240 -0.0696982 0.0111436 11.9086 28.1779 -13 739 0 0 1
-0.15828 -0.0828978 240 -0.0252316 0.0124264 13.0403 30.5704 -13 740 0 0 1
0.0781432 -0.0095358 240 0.000535805 -0.0388171 8.71813 29.6036 -13 741 0 0 1
-0.0219075 -0.079266 240 -0.0382696 0.0321715 4.38497 43.1529 -13 742 0 0 1
0.0569002 -0.0391482 240 -0.0148687 -0.0375174 8.35036 12.3553 -13 743 0 0 1
1.33111 0.435183 240 0.185588 -0.236717 3.21495 32.7472 -13 744 0 0 1
0.0316783 0.0171973 240 0.0181723 -0.00135542 11.5074 22.5452 -13 745 0 0 1
0.00688295 0.0261015 240 0.0358598 0.00300793 8.58385 36.1913 -13 746 0 0 1
0.00565962 0.0646937 240 0.0131127 -0.0295794 11.8546 30.3849 -13 747 0 0 1
0.091453 -0.0312775 240 0.0307949 0.011364 10.5753 25.4908 -13 748 0 0 1
-0.0265568 -0.0684693 240 -0.00469693 0.0127946 12.1295 8.9136 -13 749 0 0 1
-0.0517836 -0.0189642 240 0.045702 0.00696903 10.4019 30.2701 -13 750 0 0 1
-0.533847 1.32352 240 -0.0431918 -0.00937158 0.0393186 32.0562 11 750 1001 0 1
-0.137971 0.0714216 240 0.00580836 0.0525606 11.1429 32.2496 -13 751 0 0 1
0.00399517 0.0468195 240 -0.0164992 -0.00324886 6.61558 17.541 -13 752 0 0 1
0.911342 -0.892535 240 -0.027862 -0.00645728 -0.0383752 26.8927 11 752 1001 0 1
0.136912 0.0103701 240 0.0189808 -0.0546544 10.7986 11.0853 -13 753 0 0 1
0.014365 -0.0097637 240 0.00211689 -0.00609133 8.69189 35.6642 -13 754 0 0 1
0.0792528 -0.00621677 240 0.000537209 -0.0350066 7.9529 18.4417 -13 755 0 0 1
-0.312693 -0.118108 240 0.0246385 0.0108762 5.4626 27.7959 -13 756 0 0 1
-0.0877052 0.086999 240 -0.0244498 0.0126608 7.29618 24.7033 -13 757 0 0 1
0.058253 -0.0861166 240 -0.0460847 0.01179 7.92457 13.781 -13 758 0 0 1
-4.0624 4.05701 240 0.00680144 -0.0029545 0.0337095 14.9997 11 758 1001 0 1
-0.0145688 0.0459136 240 0.0127288 0.00706087 14.1803 21.9739 -13 759 0 0 1
0.0997352 -0.00452889 240 0.0129595 -0.0358035 8.12293 31.285 -13 760 0 0 1
0.128949 -0.0277668 240 -0.0392427 -0.0665119 6.49003 20.5494 -13 761 0 0 1
0.0129209 0.0791838 240 0.0209429 -0.0168347 13.868 34.9491 -13 762 0 0 1
0.0181744 0.00360486 240 -0.0105177 0.0177975 11.1579 34.2571 -13 763 0 0 1
-0.0360043 0.0230258 240 0.015657 -0.010992 9.87899 20.0459 -13 764 0 0 1
-0.29585 0.187862 240 0.104994 0.0374271 5.87238 22.0585 -13 765 0 0 1
-0.144723 0.181831 240 0.0435875 0.00287664 8.60812 15.5489 -13 766 0 0 1
0.127743 -0.0889501 240 -0.0373721 -0.048303 12.5989 36.3972 -13 767 0 0 1
0.293312 0.576176 240 -0.0470001 0.00481959 0.0637769 36.509 11 767 1003 0 1
-0.0306082 0.0101018 240 0.00624141 0.00722106 12.882 27.977 -13 768 0 0 1
-0.0178987 0.0281644 240 0.0282887 0.026867 7.02133 17.1478 -13 769 0 0 1
-0.0296603 0.0728512 240 0.0138465 -0.0206459 13.6477 13.5338 -13 770 0 0 1
0.0218716 0.055945 240 0.00520771 -0.0606441 10.9048 14.4413 -13 771 0 0 1
-0.114324 -0.10656 240 -0.0247066 0.0785487 14.3421 8.74061 -13 772 0 0 1
0.137376 0.0602063 240 0.00323516 -0.0487999 11.4356 12.7876 -13 773 0 0 1
-0.0120888 -0.0456066 240 -0.0196768 -0.00667998 13.4112 10.4914 -13 774 0 0 1
0.0404027 -0.0556254 240 0.0892537 -0.07531 3.9026 24.9692 -13 775 0 0 1
0.0598947 -0.0640165 240 -0.059086 -0.013092 11.8256 19.3062 -13 776 0 0 1
-1.65306 -1.3147 240 0.0105455 0.00548645 0.0376916 21.5273 11 776 1001 0 1
-0.0095482 0.047189 240 -0.0131767 0.00789945 10.6931 20.9457 -13 777 0 0 1
-0.00485621 -0.0690947 240 -0.0449939 -0.00175433 8.64422 29.0142 -13 778 0 0 1
0.000921188 -0.000989733 240 -0.00375975 -0.00580811 12.9463 7.63641 -13 779 0 0 1
0.0531493 -0.201029 240 -0.059133 -0.0254578 9.60191 13.906 -13 780 0 0 1
-0.257596 -0.331599 240 -0.232989 -0.0219218 11.6439 12.2259 -13 781 0 0 1
0.125143 -0.159237 240 -0.039188 -0.0297218 10.0766 12.3872 -13 782 0 0 1
0.320486 -0.0245286 240 0.0108648 -0.0590287 6.99147 29.2366 -13 783 0 0 1
-0.134129 -0.268353 240 -0.0369458 0.101141 6.91065 15.4489 -13 784 0 0 1
0.0217771 0.0929191 240 0.00512034 -0.0702937 5.09221 31.4788 -13 785 0 0 1
-0.138524 -0.145524 240 -0.0490521 0.0366631 9.60936 28.2714 -13 786 0 0 1
0.00709065 0.122497 240 0.0242263 0.0149752 8.9391 26.7635 -13 787 0 0 1
-0.199542 0.0709565 240 0.0315395 -0.00298199 12.336 25.6178 -13 788 0 0 1
-2.85935 2.39363 240 -0.0122754 0.0280303 0.0265641 30.447 11 788 1001 0 1
0.000514039 0.0273744 240 0.00160301 0.0143519 14.1707 21.6724 -13 789 0 0 1
-0.0164519 -0.0512711 240 -0.00284545 0.0136522 9.9719 36.002 -13 790 0 0 1
-0.0946439 0.276595 240 0.00137568 -0.022578 5.00075 41.9121 -13 791 0 0 1
0.0242309 -0.075727 240 -0.0366113 0.00354062 11.7918 35.9418 -13 792 0 0 1
0.0212773 -0.0451125 240 -0.0235064 0.00701581 11.4339 24.9245 -13 793 0 0 1
-0.0585878 -0.0170908 240 0.0475052 0.0190402 7.49994 24.3029 -13 794 0 0 1
-0.275371 -0.144245 240 0.0446993 0.110057 11.5037 16.3962 -13 795 0 0 1
0.0321338 -0.0121567 240 0.00751878 0.00535597 8.91493 32.8893 -13 796 0 0 1
-0.0122699 0.0168962 240 -0.00701954 0.0217985 14.0191 31.3648 -13 797 0 0 1
0.0925541 0.0157556 240 0.0194319 -0.0353113 13.7188 31.8006 -13 798 0 0 1
0.0123939 0.0280521 240 -0.00221836 0.000130987 9.39444 38.8898 -13 799 0 0 1
0.0102551 0.0044235 240 -0.00562224 -0.00400361 13.5597 9.19732 -13 800 0 0 1
-0.0281479 -0.0143836 240 -0.0159075 0.0278551 5.82831 19.9288 -13 801 0 0 1
-0.195456 0.178324 240 0.0321701 0.0268775 7.06729 32.2957 -13 803 0 0 1
0.00178244 -0.023591 240 -0.0233688 0.0115557 13.0159 14.6322 -13 804 0 0 1
0.00294181 -0.0633172 240 -0.0133632 -0.0165018 12.5883 34.2206 -13 805 0 0 1
-0.241291 0.139653 240 -0.0218179 0.0767392 3.22547 33.5913 -13 806 0 0 1
-0.0111735 -0.0143253 240 -0.0117489 -0.00519107 13.6572 17.3093 -13 807 0 0 1
-0.303146 0.354915 240 0.223009 -0.089581 7.10857 22.1392 -13 808 0 0 1
-0.0156452 0.03143 240 0.0035229 -0.00472397 14.3136 20.1613 -13 809 0 0 1
0.0166915 0.0994762 240 0.0401575 -0.0123277 10.8216 24.4328 -13 810 0 0 1
0.096408 0.0203133 240 -0.158413 -0.0203058 5.73618 18.2737 -13 811 0 0 1
-0.196109 -0.00522108 240 -0.058769 0.055287 6.59494 15.5161 -13 812 0 0 1
0 0 240 0 0 13.221 17.7987 -13 813 0 0 1
0.00460217 -0.0675861 240 -0.0269947 0.0259497 9.63941 20.1557 -13 814 0 0 1
-0.0022415 0.0216327 240 0.0191483 0.00179101 11.6755 35.2193 -13 815 0 0 1
0.0538981 -0.085165 240 0.0419717 -0.0260194 6.09291 19.2315 -13 816 0 0 1
-0.0209639 -0.107424 240 0.018284 0.00455135 0.00899477 19.9684 11 816 1001 0 1
-0.321817 0.792378 240 0.324946 -0.00966895 5.36597 40.6742 -13 817 0 0 1
-3.9326 4.56422 240 -0.0141658 -0.0157337 0.0364016 38.6548 11 817 1002 0 1
-0.0706181 0.0866357 240 0.072475 0.0660215 11.4766 36.7721 -13 818 0 0 1
-0.0536502 -0.0249539 240 0.00218536 -0.0249411 6.21599 40.8657 -13 819 0 0 1
0.0289093 0.107475 240 0.0373151 -0.00937467 13.4014 13.6517 -13 820 0 0 1
0.00341337 0.0103851 240 -0.013415 0.0137263 8.48946 14.3519 -13 821 0 0 1
0.277985 0.0308829 240 -0.0315906 -0.069938 11.6981 36.3753 -13 822 0 0 1
-0.0539231 -0.0589769 240 -0.0130425 0.00245745 12.6259 30.4471 -13 823 0 0 1
0.0214254 -0.000422178 240 -0.00332507 -0.00633448 14.5656 27.2698 -13 824 0 0 1
-0.00692293 -0.0128832 240 0.0083422 0.013151 14.4599 32.4061 -13 825 0 0 1
-0.0521698 0.0350673 240 0.0127622 -0.0441652 7.63113 24.9682 -13 826 0 0 1
0.0324476 -0.0228389 240 -0.0763608 -0.0327212 3.92951 50.2308 -13 827 0 0 1
-0.0233926 0.0618037 240 0.02926 0.0594106 8.65402 37.0524 -13 828 0 0 1
0.0322712 0.0166668 240 -0.006589 0.0373805 10.0983 35.3898 -13 829 0 0 1
0.0103617 0.00472121 240 -0.0018754 -0.00442709 14.0847 35.61 -13 830 0 0 1
0.0349023 0.0687853 240 0.0393419 -0.035323 8.43179 17.5553 -13 831 0 0 1
0.0204815 -0.0406599 240 0.00222735 -0.0159906 13.8005 20.2986 -13 832 0 0 1
-0.0803449 0.184184 240 0.0466167 0.0116111 9.05278 39.2533 -13 833 0 0 1
0.00991163 0.0302212 240 0.0834745 0.0113269 5.46308 40.346 -13 834 0 0 1
-0.0703908 0.104223 240 0.0480675 0.0384762 7.86164 39.1668 -13 835 0 0 1
0.0350779 0.0583797 240 0.0170955 -0.0205499 11.8672 29.3933 -13 836 0 0 1
-0.0115578 0.0332221 240 0.00269093 -0.0259899 10.8311 17.5528 -13 837 0 0 1
0.0514721 0.0879105 240 0.0219847 -0.0174829 12.8376 24.0069 -13 838 0 0 1
-0.0088858 0.0259017 240 0.00678626 0.0104321 11.1425 29.7514 -13 839 0 0 1
0.0593804 0.141459 240 0.0202202 0.0358059 9.86447 30.7403 -13 840 0 0 1
-0.0340091 -0.254654 240 0.0492214 -0.0142372 6.21027 40.9989 -13 842 0 0 1
-0.131686 0.0767688 240 -0.00945522 0.0498435 8.31125 17.8561 -13 843 0 0 1
-0.208588 -0.139578 240 -0.0699773 0.0723387 4.47112 43.0112 -13 844 0 0 1
0.0294018 -0.122241 240 -0.0196443 -0.0232449 13.4936 15.8487 -13 845 0 0 1
-0.0534232 0.0896213 240 0.0158887 0.0386218 12.3076 24.1187 -13 846 0 0 1
-0.0131016 0.284351 240 0.0521786 -0.0330067 4.74622 27.5349 -13 847 0 0 1
1.67702 2.88441 240 0.0168846 -0.00422202 0.0345425 26.5233 11 847 1004 0 1
0.196896 -0.0577207 240 -0.101295 -0.0608833 4.75621 45.4262 -13 848 0 0 1
-0.040666 0.0305199 240 0.00286264 0.00574793 9.63071 11.7273 -13 849 0 0 1
-0.047439 0.0484132 240 0.00110224 0.025078 12.3868 29.5065 -13 850 0 0 1
-0.049464 -0.0899393 240 -0.00936515 0.0118288 8.91765 18.0274 -13 851 0 0 1
0.233121 -0.148707 240 -0.0523179 0.145659 2.16104 57.0931 -13 852 0 0 1
0.355639 0.0439532 240 -0.0990126 -0.0494516 4.93016 21.4136 -13 853 0 0 1
0.0187528 0.0603193 240 0.0293947 0.0286161 11.4769 11.3862 -13 854 0 0 1
0.00371531 0.0322178 240 0.00552805 -0.00266376 11.569 31.4644 -13 855 0 0 1
0.0513767 0.0997902 240 0.0156271 -0.012357 14.3296 14.6344 -13 857 0 0 1
-0.0377355 -0.040856 240 -0.0202628 0.0146092 10.2341 35.0913 -13 858 0 0 1
-0.00308522 0.0259808 240 0.00183145 -0.00313669 12.9611 18.749 -13 859 0 0 1
-0.0361783 0.0744284 240 0.0273892 0.0138697 13.0575 31.8659 -13 860 0 0 1
0.018578 -0.00674472 240 -0.00654049 -0.0150153 11.1873 11.177 -13 861 0 0 1
-0.131314 0.464109 240 0.0868005 0.00722439 5.90528 35.8957 -13 862 0 0 1
-0.118226 0.0118917 240 0.165745 -0.0140186 4.12596 27.8281 -13 863 0 0 1
0.166904 0.0460857 240 0.0105156 -0.0282766 6.90857 26.2283 -13 865 0 0 1
-1.93936 -2.73223 240 0.0329016 0.0268993 0.0207874 25.4105 11 865 1001 0 1
0.143066 0.199877 240 0.0686113 -0.0639954 5.58637 44.1384 -13 866 0 0 1
0.0797335 0.122077 240 0.0447333 0.0293657 8.36925 20.8756 -13 868 0 0 1
0.0504298 0.0941328 240 -0.0294665 0.0218849 9.19142 30.5267 -13 869 0 0 1
-0.359327 -0.0122214 240 -0.00107176 0.109644 12.3786 22.5798 -13 870 0 0 1
-0.0157648 0.0556666 240 0.0157733 0.0250082 13.7413 28.9298 -13 871 0 0 1
0.290623 0.0742602 240 0.113134 -0.0690694 5.32933 36.814 -13 872 0 0 1
0.0389256 0.0346403 240 0.0616484 -0.137449 4.5664 24.422 -13 873 0 0 1
3.37992 4.68278 240 0.00145857 0.00304801 0.0352684 22.6061 11 873 1002 0 1
-0.197524 0.187692 240 0.0237166 0.0704659 4.92719 30.8783 -13 874 0 0 1
0.184389 0.00431057 240 0.0129805 -0.039174 3.58749 25.4803 -13 875 0 0 1
0.0451668 0.0175986 240 -0.000200118 -0.0141119 11.7856 19.4193 -13 876 0 0 1
0.0253555 -0.0318451 240 0.00639642 -0.0225908 9.2483 32.6674 -13 877 0 0 1
-1.16282 -1.90584 240 0.0397826 -0.137566 0.909638 56.5265 -13 878 0 0 1
-0.00808801 0.00375078 240 -0.00193467 -0.00186023 14.2493 32.4989 -13 879 0 0 1
0.0413148 0.0101964 240 -0.00354716 -0.0197467 12.9442 12.5205 -13 880 0 0 1
-0.0200998 0.0124037 240 -0.00933814 0.00239667 14.5373 18.9273 -13 881 0 0 1
0.0310828 0.144384 240 0.0415707 0.0388235 6.58108 34.714 -13 882 0 0 1
-0.00923711 0.00178752 240 0.000326759 0.0140517 7.1675 36.4397 -13 883 0 0 1
-0.125074 -0.079444 240 -0.017421 0.0782951 5.7702 32.3082 -13 884 0 0 1
-0.0741047 0.0576325 240 0.0401125 -0.00263358 12.5783 8.90545 -13 885 0 0 1
-0.0490433 -0.0143809 240 -0.0124014 0.0110939 8.49456 17.1702 -13 886 0 0 1
0.0577994 0.0251232 240 -0.018523 -0.0297523 8.53764 11.0938 -13 887 0 0 1
1.2757 2.0977 240 -0.0197438 -0.00736242 0.0257644 12.3581 11 887 1002 0 1
0.0333331 -0.124697 240 -0.060738 0.0131086 8.54985 29.7894 -13 888 0 0 1
0.0931405 2.47974 240 0.0110096 -0.03298 0.03257 31.1284 11 888 1002 0 1
0.0989652 0.00919195 240 -0.0130415 -0.0240886 11.3315 32.71 -13 889 0 0 1
-0.0155089 0.0104268 240 0.00892412 0.019217 10.848 20.1207 -13 890 0 0 1
-0.00741207 -0.122037 240 -0.0427384 0.0156637 7.5886 19.943 -13 891 0 0 1
0.0215501 0.000942597 240 0.00266155 -0.0108218 14.0682 15.3391 -13 892 0 0 1
0.00278821 0.0256848 240 0.000852555 -0.00823226 9.39848 13.2013 -13 893 0 0 1
-0.056009 0.199387 240 0.0369339 0.0158383 12.6188 25.6647 -13 894 0 0 1
-0.0175701 -0.0151472 240 0.0111267 0.0151872 11.621 24.6643 -13 895 0 0 1
-0.0285888 -0.0619191 240 0.0011442 0.0068243 6.83427 34.6199 -13 896 0 0 1
0.0119451 0.0717809 240 0.00987773 -0.0114138 10.3669 15.959 -13 897 0 0 1
0.0316016 -0.206804 240 -0.0728391 -0.18312 8.40318 27.1789 -13 898 0 0 1
-0.0829072 -0.195927 240 -0.0345203 0.0706845 6.77476 22.7942 -13 899 0 0 1
0.00765695 -0.000856256 240 0.0128934 0.0212615 11.4556 9.72589 -13 900 0 0 1
-0.0148206 -0.0346647 240 0.00900265 0.0147854 5.45368 44.3419 -13 901 0 0 1
-0.0938768 0.0459643 240 -0.0679949 -0.0325492 8.59615 12.773 -13 902 0 0 1
-0.0998046 -0.105467 240 -0.0610417 0.0436141 6.69916 20.9887 -13 903 0 0 1
0.0149265 0.0437463 240 0.0104615 0.0014462 12.5613 14.8599 -13 904 0 0 1
-0.258446 0.0103612 240 0.0524269 0.0712013 5.21124 34.7361 -13 905 0 0 1
0.0208352 -0.0353556 240 -0.0362529 -0.045654 10.4707 28.4957 -13 906 0 0 1
-0.243724 0.0259686 240 0.0415417 0.0773916 11.6439 34.2217 -13 907 0 0 1
0 0 240 0 0 12.9569 10.4921 -13 908 0 0 1
0.0462955 -0.0130263 240 -0.00330966 -0.0197505 7.29662 27.161 -13 909 0 0 1
0.0901923 -0.102489 240 -0.0154792 -0.0568904 9.31464 11.3762 -13 910 0 0 1
-0.147374 -0.0329885 240 0.0882964 0.0157204 2.45437 54.075 -13 911 0 0 1
0.0164113 -0.00432693 240 0.00491024 -0.00988519 11.8486 9.68674 -13 912 0 0 1
-0.0346301 -0.0313058 240 0.00450196 0.00901139 10.307 10.7823 -13 914 0 0 1
-0.0620687 0.285703 240 0.0693243 0.0219333 9.12792 16.1857 -13 915 0 0 1
-0.0283208 -0.0240666 240 0.0350113 0.0335893 13.8152 25.4658 -13 916 0 0 1
0.10411 -0.0431828 240 0.00995533 -0.0386848 12.503 26.869 -13 917 0 0 1
-0.0122417 -0.0489479 240 -0.0160356 -0.0033412 12.8604 31.2357 -13 918 0 0 1
0.260478 -0.175629 240 -0.0200352 -0.0116412 3.95657 27.2599 -13 919 0 0 1
0.0937573 -0.00249507 240 0.0247596 0.0148642 8.65945 13.5564 -13 920 0 0 1
-0.0980029 -0.0218544 240 -0.00564123 0.0412135 14.0865 12.7898 -13 921 0 0 1
0.00923237 0.017164 240 0.00963098 -0.00084294 12.8696 28.1613 -13 922 0 0 1
0.258469 0.251631 240 0.131124 -0.0618808 4.16725 49.2029 -13 923 0 0 1
0.0091717 -0.000926512 240 -0.00637656 -0.0240425 13.6244 20.6249 -13 924 0 0 1
-0.0460572 0.0620304 240 -0.0269789 0.00632035 13.9451 35.0239 -13 925 0 0 1
3.96415 -1.97373 240 0.0304322 0.000479783 0.0199338 38.0141 11 925 1001 0 1
0.0966033 0.0467816 240 0.0285948 -0.0211922 12.8165 7.97525 -13 926 0 0 1
0.162257 0.0284382 240 -0.0164521 -0.0319996 4.90233 32.64 -13 927 0 0 1
0.0401549 0.0257996 240 0.00439292 -0.0116109 11.7906 31.3696 -13 928 0 0 1
-0.00174361 -0.00484803 240 0.00196568 0.0153344 13.5632 13.3908 -13 929 0 0 1
0.0181887 0.0564943 240 0.0200316 -0.000469155 12.7433 25.4053 -13 930 0 0 1
-0.0173474 0.0151426 240 0.014912 0.0164184 13.3215 28.1561 -13 931 0 0 1
0.12232 0.090387 240 0.0255932 -0.0281918 11.4589 36.9651 -13 932 0 0 1
-0.074611 0.191912 240 0.0327852 0.0783752 13.6118 20.1149 -13 933 0 0 1
0.0410143 0.00394625 240 -0.0144962 0.0161718 8.65107 22.714 -13 934 0 0 1
0.0406078 -0.182953 240 -0.0544081 -0.0132266 10.4451 30.0163 -13 935 0 0 1
-0.0189809 -0.0083365 240 -0.0168763 0.020578 12.4526 20.8695 -13 936 0 0 1
-0.000832207 0.0308688 240 0.00319814 0.0132344 12.544 34.5963 -13 937 0 0 1
0.0145904 0.312325 240 0.0668237 0.00496852 4.68919 22.3931 -13 938 0 0 1
-0.175074 -0.0455862 240 0.0289858 0.0678343 13.85 16.6222 -13 939 0 0 1
-0.0505031 -0.114937 240 -0.0267837 0.00252386 6.02731 18.7986 -13 940 0 0 1
-0.264944 -0.0304385 240 -0.0229247 0.0764276 12.2585 23.3251 -13 941 0 0 1
-0.491453 1.13751 240 0.0301519 0.0417752 0.0394371 23.9906 11 941 1001 0 1
0.208135 0.295243 240 0.119504 -0.0860852 2.82298 52.4904 -13 942 0 0 1
-0.0414051 -0.0581559 240 -0.0149184 0.0188157 10.5436 33.519 -13 943 0 0 1
0.217749 -0.00528687 240 0.00349624 -0.0560234 5.85277 38.3703 -13 944 0 0 1
0.0300285 0.554791 240 0.0457403 0.195422 4.1091 47.4755 -13 945 0 0 1
0.0846721 -0.0789774 240 -0.0182449 -0.0293961 14.3088 19.291 -13 946 0 0 1
-0.0485408 -0.0506376 240 -0.0246551 0.0141392 10.4803 13.7733 -13 947 0 0 1
-0.139695 -0.0645467 240 -0.00998035 0.0435509 7.77553 16.5448 -13 948 0 0 1
-0.0646558 -0.0153346 240 0.00189091 0.011277 12.4944 28.2983 -13 949 0 0 1
0.577067 -0.400682 240 -0.0321724 -0.317859 3.5314 26.6547 -13 950 0 0 1
0.170118 -0.124626 240 0.0086911 -0.0153956 5.32056 23.3076 -13 951 0 0 1
0.293638 -0.119433 240 0.0404787 -0.0337939 4.30958 45.6409 -13 952 0 0 1
0.0417624 0.000953771 240 0.0169114 -0.0187295 9.88668 15.9935 -13 953 0 0 1
-0.0137262 -0.0101482 240 0.0123765 0.0494563 6.75056 32.8892 -13 954 0 0 1
-0.0853494 0.109578 240 0.0190662 0.0219259 7.43644 29.0481 -13 955 0 0 1
0.0581772 0.0374261 240 0.03204 -0.0409095 6.98294 20.0229 -13 956 0 0 1
0.057417 -0.014375 240 -0.0167303 0.0111022 14.0661 25.3828 -13 957 0 0 1
0.0612851 -0.00837718 240 -0.00749895 -0.0171781 11.8972 21.9021 -13 958 0 0 1
-0.157163 -0.153652 240 -0.0508856 -0.0418503 10.4275 29.2191 -13 959 0 0 1
-0.0347622 0.0979358 240 0.027511 0.0524175 14.4454 15.8289 -13 960 0 0 1
0.11788 0.390344 240 -0.265689 0.0392582 2.36595 45.1875 -13 961 0 0 1
-0.153394 0.135809 240 -0.0244647 0.0863646 11.8258 26.6978 -13 962 0 0 1
-0.00734273 -0.0103896 240 0.00279813 -0.00444235 11.8814 30.5307 -13 963 0 0 1
0.07898 0.0650575 240 0.0245453 -0.0262011 10.4954 35.2522 -13 964 0 0 1
0.000915678 0.00244799 240 0.0414412 0.0108806 11.3432 23.6182 -13 965 0 0 1
0.0343916 0.0301138 240 0.0355353 0.0154209 9.41742 17.5767 -13 966 0 0 1
0.063707 -0.17718 240 -0.0760983 -0.0794274 3.09537 35.6056 -13 968 0 0 1
0.104643 -0.0627615 240 0.0239125 -0.0411093 8.91095 22.7691 -13 969 0 0 1
-0.914203 -0.532208 240 -0.0366365 -0.0129806 0.0486959 22.6825 11 969 1002 0 1
-1.10626 1.59516 240 0.0147331 -0.0927334 0.720454 88.2909 -13 970 0 0 1
0.0571412 0.0188162 240 0.0220648 -0.0145025 13.257 20.8602 -13 971 0 0 1
0.0117879 0.011815 240 0.00172262 -0.00919973 14.4677 21.5679 -13 972 0 0 1
-0.00331719 -0.0141258 240 -0.00651841 -0.00887345 13.7719 35.2225 -13 973 0 0 1
0.0517872 -0.0166856 240 0.0630583 -0.000319153 14.4862 26.1361 -13 974 0 0 1
-0.0322173 2.05957 240 0.0456664 0.0505588 0.0743533 25.9709 11 974 1001 0 1
0.113957 0.0785272 240 -0.00348278 -0.0772272 10.2997 28.7265 -13 975 0 0 1
0.0732583 -0.00746359 240 0.00465124 -0.0160544 6.73464 19.4253 -13 976 0 0 1
-0.11411 0.133396 240 -0.00277443 0.0241261 9.0804 27.1693 -13 978 0 0 1
-0.0300154 -0.00559212 240 -0.00912722 0.0040645 13.7277 25.3824 -13 979 0 0 1
-0.0521463 0.0730966 240 0.0037537 0.0328067 12.092 11.3505 -13 980 0 0 1
-0.0613263 -0.0982748 240 -0.0247258 -0.000983494 9.69569 10.0799 -13 981 0 0 1
-0.0144492 0.0303282 240 0.0150757 0.00517662 13.6311 19.5376 -13 982 0 0 1
-0.139165 -0.17166 240 -0.0882953 -0.0229005 5.77257 38.9569 -13 983 0 0 1
-0.0190567 0.0119852 240 0.0069359 0.00299433 10.1087 11.5376 -13 984 0 0 1
-0.251396 0.154441 240 0.0886874 0.0714291 11.2667 23.3992 -13 985 0 0 1
0.0208769 0.0326148 240 -0.0246206 -0.0236706 8.40373 29.3666 -13 986 0 0 1
0.0419609 -0.0306164 240 -0.0347133 0.0150592 14.2431 31.0798 -13 987 0 0 1
0.00418335 0.131445 240 0.0266335 0.0296138 6.72075 34.9998 -13 988 0 0 1
-0.289763 0.345018 240 -0.0277193 -0.0701142 2.85549 45.9053 -13 989 0 0 1
-0.0399071 -0.0288435 240 -0.00722014 -0.0019874 14.4752 14.5704 -13 990 0 0 1
0.0219763 -0.0457267 240 -0.0141332 0.00343546 10.8952 28.3966 -13 991 0 0 1
0.0657283 0.0254734 240 -0.0172335 -0.0375318 13.101 32.4464 -13 992 0 0 1
-0.0479849 0.0254262 240 0.00907246 0.039413 11.2845 37.0443 -13 993 0 0 1
-0.00102256 0.00458209 240 0.00134672 0.00039789 12.8327 31.7956 -13 994 0 0 1
0.0739519 -0.0504541 240 -0.0264012 -0.035642 13.9051 18.5406 -13 995 0 0 1
-0.0393203 0.00659209 240 0.00778415 0.0156819 13.0552 32.2722 -13 996 0 0 1
0.0142379 0.112966 240 0.0394397 -0.00580282 14.524 15.1285 -13 997 0 0 1
0.00634949 0.113125 240 0.0277471 -0.00165898 10.2722 33.9305 -13 998 0 0 1
0.243347 0.121973 240 0.0120931 -0.0470204 7.39717 16.9445 -13 999 0 0 1
-0.0341792 0.0187494 240 -0.00931193 -0.0113479 8.47128 32.2975 -13 1000 0 0 1
