#BLTrackFile NTuple/Z260
#x y z Px Py Pz t PDGid EventID TrackID ParentID Weight
#mm mm mm MeV/c MeV/c MeV/c ns - - - - -
0.0252807 -0.0199323 260 -0.0104029 -0.00614932 11.5256 27.1593 -13 1 0 0 1
-0.0276908 -0.0700625 260 -0.0166912 -0.0131262 12.5815 29.9334 -13 2 0 0 1
0.0843813 0.201797 260 0.0502303 -0.0182987 9.87443 11.9334 -13 3 0 0 1
-0.787488 3.02188 260 0.0200094 0.0266116 0.0832427 8.18446 11 3 1001 0 1
0.00759012 0.0058166 260 -2.17899e-05 -0.00803022 11.1566 12.5588 -13 4 0 0 1
0.000595421 0.156193 260 0.0525449 -0.0364401 6.91481 20.6945 -13 5 0 0 1
0.076937 0.188196 260 0.041413 -0.0690795 7.67446 34.2046 -13 6 0 0 1
0.00294923 0.0068773 260 0.00416919 -0.00601358 12.0435 21.2316 -13 7 0 0 1
-0.123541 -0.0964018 260 -0.0135359 -0.0185433 5.19358 32.5673 -13 8 0 0 1
-0.0270755 -0.0117278 260 -0.00623837 0.0374769 13.6393 30.2981 -13 9 0 0 1
0.200505 -0.090272 260 0.0275477 0.0358248 0.0120997 30.8719 11 9 1001 0 1
-0.00493758 -0.00763997 260 -0.0213782 -0.0132806 13.2428 12.0191 -13 10 0 0 1
0.0275553 -0.0352483 260 -0.0217561 -0.010569 10.6491 11.5308 -13 11 0 0 1
-0.00409385 0.17771 260 0.0444979 -0.127532 11.8238 11.9458 -13 12 0 0 1
0.115205 -0.200715 260 -0.016423 0.0347283 3.86466 29.3713 -13 13 0 0 1
0.0394711 -0.0886848 260 -0.00432589 -0.0120378 10.3329 12.0372 -13 14 0 0 1
-1.91244 -0.853336 260 0.0131452 0.0178362 0.0976827 9.37336 11 14 1002 0 1
0.22955 0.105176 260 0.0264007 -0.0317691 5.31622 36.8572 -13 15 0 0 1
-0.0965255 0.0584784 260 0.0136697 0.0954987 8.46095 13.8975 -13 16 0 0 1
0.021538 -0.0303303 260 -0.00105218 -0.000702441 14.5162 13.5811 -13 17 0 0 1
-0.0451612 -0.106639 260 -0.029781 0.020515 13.0951 36.1554 -13 18 0 0 1
0.0641125 -0.00797755 260 0.0125093 -0.0068197 8.28325 28.9627 -13 19 0 0 1
0.365352 -0.99138 260 -0.113478 -0.156859 2.46982 52.1745 -13 20 0 0 1
0.019054 0.0128725 260 0.00945361 -0.00127076 14.4287 29.3408 -13 21 0 0 1
-0.165364 -0.0125817 260 -0.0202929 0.0118885 10.4694 10.7231 -13 22 0 0 1
2.53522 -0.542419 260 -0.0314255 -0.0484902 0.050314 10.1676 11 22 1002 0 1
-0.0235198 -0.0196991 260 -0.039663 -0.0765354 11.7845 37.4744 -13 23 0 0 1
-0.00960795 0.0840105 260 -0.0226305 0.0240987 8.34271 38.4286 -13 24 0 0 1
0.0118893 0.0649736 260 0.0223395 -5.91148e-05 14.3707 20.7457 -13 25 0 0 1
0.127322 0.145345 260 -0.00652485 -0.00559701 8.95542 26.1015 -13 26 0 0 1
-0.106247 -0.113627 260 -0.0229087 -0.00323337 8.48033 21.426 -13 27 0 0 1
0.0245863 -0.0651756 260 -0.030411 -0.0187234 11.5862 35.9377 -13 28 0 0 1
-0.0170216 0.0773356 260 0.0129224 -0.00417672 7.06309 34.8181 -13 29 0 0 1
0.00314382 -0.0934312 260 -0.0555459 0.0388054 13.6214 9.31555 -13 30 0 0 1
-0.879414 -1.13522 260 0.0373249 0.0272719 0.0371489 12.3457 11 30 1002 0 1
0.023991 -0.00650755 260 -0.0100031 -0.000532914 10.3748 13.3995 -13 31 0 0 1
-0.163628 -0.0895885 260 -0.0340626 0.0398669 8.52379 16.6555 -13 32 0 0 1
0.590695 -0.109724 260 0.166836 -0.0990055 3.6164 50.404 -13 33 0 0 1
0.181865 -0.142606 260 -0.0378782 -0.074332 13.651 28.5446 -13 34 0 0 1
0.803568 1.75769 260 -0.0253989 0.0511628 0.040619 30.8073 11 34 1001 0 1
0.17182 0.344632 260 0.00364481 -0.0518223 5.23979 44.5004 -13 35 0 0 1
0.0693478 0.100432 260 0.0435879 0.0164864 8.60407 35.2126 -13 36 0 0 1
-0.100661 0.00722151 260 -0.00963091 0.0233896 10.413 37.2597 -13 37 0 0 1
-0.00435487 0.00465931 260 -0.0235669 0.00185451 11.8584 31.5235 -13 38 0 0 1
-0.0115093 -0.0352751 260 -0.00445807 0.0341296 9.52885 20.2521 -13 39 0 0 1
0.0179747 0.0105835 260 -0.00917608 -0.0256406 10.9499 29.3446 -13 40 0 0 1
-0.0726634 0.0342412 260 -0.00279402 0.0325108 8.91605 13.8126 -13 41 0 0 1
-0.0115953 -0.0262518 260 -0.0411814 0.0151104 9.93237 31.2652 -13 42 0 0 1
0.0128877 -0.0027455 260 0.0174298 -0.0034719 14.4214 18.5534 -13 43 0 0 1
-0.139591 -0.107546 260 0.0105278 -0.0225842 11.3052 27.334 -13 44 0 0 1
0.120128 0.00842151 260 0.017214 -0.0250882 10.8799 33.4307 -13 45 0 0 1
0.0138283 -0.062595 260 -0.0343676 -0.0300331 5.08464 22.6302 -13 46 0 0 1
0.822857 1.82388 260 0.0349887 -0.0291795 -0.00201399 19.9216 11 46 1002 0 1
-1.07459 2.51509 260 -0.0212542 -0.0379959 -0.00232291 20.6752 11 46 1002 0 1
0.0128805 0.0240704 260 0.00548443 -0.0102791 11.4242 16.528 -13 47 0 0 1
-0.0249583 0.241919 260 -0.147 0.0830456 6.76565 24.1358 -13 48 0 0 1
0.0773679 0.0604794 260 -0.00799443 -0.0407554 13.2756 13.6768 -13 49 0 0 1
0.137202 -0.0954706 260 -0.0245209 -0.0545313 4.45039 48.0972 -13 50 0 0 1
-0.0919771 0.0410589 260 0.0275151 0.0177542 8.41201 23.3584 -13 51 0 0 1
0.257366 -0.209346 260 -0.151431 -0.0193517 2.67805 54.3816 -13 52 0 0 1
0.0581101 0.0248259 260 -0.00728829 -0.013686 8.23327 13.0258 -13 53 0 0 1
0.453105 0.0253308 260 0.0395218 -0.000105189 3.25299 32.6607 -13 54 0 0 1
0.0364588 -0.0439379 260 -0.00889359 -0.000391667 10.4126 28.691 -13 55 0 0 1
0.00805191 -0.0546446 260 -0.0157013 -0.00690754 14.1211 15.799 -13 56 0 0 1
0.00808038 -0.0201881 260 -0.0103834 -0.00458414 9.79947 37.0859 -13 57 0 0 1
-0.0620562 -0.0428729 260 -0.0376003 0.00838944 8.33135 18.5631 -13 58 0 0 1
-0.11582 0.0811011 260 0.0176482 0.102449 7.06329 30.5038 -13 59 0 0 1
2.1159 1.42835 260 -0.0349834 -0.00375233 0.0402071 30.0835 11 59 1002 0 1
0.00572675 -0.0596602 260 -0.0662706 -0.0107889 8.25739 33.0196 -13 60 0 0 1
-0.58783 -0.702602 260 0.0207737 -0.00939454 0.069229 32.5977 11 60 1001 0 1
0.0411008 0.0415616 260 0.0149658 -0.0108342 13.9538 22.3847 -13 61 0 0 1
-0.0124221 -0.0992989 260 -0.0249207 -0.0365929 9.37426 22.9268 -13 62 0 0 1
-0.0116504 -0.0439831 260 0.00400024 0.0132984 14.0114 35.075 -13 63 0 0 1
0.0849265 -0.0079141 260 0.0221747 -0.0225425 8.91325 23.3537 -13 64 0 0 1
-0.0901598 0.139967 260 0.0685284 0.0384573 5.17952 22.9726 -13 65 0 0 1
0.00383312 0.0591603 260 0.00835786 -0.00800516 7.42247 25.9459 -13 66 0 0 1
0.00502244 0.00339022 260 -0.00609572 -0.00238647 11.5409 20.7966 -13 67 0 0 1
-0.0863304 0.0784038 260 -0.00372948 0.0408753 10.67 28.4811 -13 68 0 0 1
0.00177413 -0.119837 260 0.0198307 -0.0119959 5.47738 30.7081 -13 69 0 0 1
-0.0480048 -0.0599833 260 -0.0401344 0.0112718 11.165 13.7607 -13 70 0 0 1
0.0498611 -0.00998797 260 -0.0105909 -0.014426 11.691 12.0676 -13 71 0 0 1
0.123289 -0.0456511 260 0.00510313 -0.0567091 10.382 10.7196 -13 72 0 0 1
0.230237 -0.205125 260 -0.0812269 -0.0497249 6.17079 36.8618 -13 73 0 0 1
-0.00196662 0.00620681 260 -0.00906354 0.00592104 10.747 23.6458 -13 74 0 0 1
-0.14321 0.130628 260 0.00121183 0.054936 7.83296 39.9346 -13 75 0 0 1
-0.117607 -0.0826748 260 -0.00956167 0.0316203 12.4962 33.2621 -13 76 0 0 1
-0.0645963 0.0797176 260 0.0143243 -0.00387807 8.24244 37.5677 -13 77 0 0 1
0.0190523 0.00955629 260 0.0171451 -0.0113577 13.5563 20.6925 -13 78 0 0 1
-0.0161952 0.0280294 260 0.00419532 0.00301423 12.6878 32.5796 -13 79 0 0 1
0.0650576 -0.00939281 260 0.0011235 -0.024896 10.3017 37.1189 -13 80 0 0 1
0.029253 0.125172 260 0.0373469 -0.0649093 8.70539 33.918 -13 81 0 0 1
0.00385286 -0.026206 260 -0.00683427 -0.00794791 13.2101 30.4247 -13 82 0 0 1
0.00363836 0.0394913 260 0.00121439 -0.0186182 9.87141 28.5252 -13 83 0 0 1
0.173227 -0.00118449 260 0.00979509 -0.0651502 6.37868 28.2877 -13 84 0 0 1
0 0 260 0 0 13.6128 10.952 -13 85 0 0 1
0.032289 -0.0351516 260 0.00606682 0.0353799 7.99009 24.8767 -13 86 0 0 1
0.232306 -0.133579 260 -0.031764 -0.0180404 2.60214 60.5515 -13 87 0 0 1
0.0777032 -0.0324167 260 0.00416164 -0.037463 8.54178 19.5324 -13 88 0 0 1
0.0738443 -0.0712696 260 0.00854306 -0.012488 9.99581 20.453 -13 89 0 0 1
0.064974 0.156485 260 0.039488 0.0203484 6.72476 22.725 -13 90 0 0 1
-0.174875 -0.128496 260 -0.0459115 0.0452124 7.17607 40.5169 -13 91 0 0 1
0.0870893 0.01732 260 -0.00516597 -0.0221575 6.72314 41.7447 -13 92 0 0 1
0.112989 0.0563333 260 -0.117883 0.264708 7.71547 38.0936 -13 93 0 0 1
0.0544048 -0.176653 260 -0.0348527 -0.0345086 5.86044 24.7651 -13 94 0 0 1
-0.0992741 -0.00238231 260 0.022767 -0.00241265 10.7889 20.6803 -13 95 0 0 1
1.13273 -0.465863 260 0.137292 -0.205684 2.48319 39.244 -13 96 0 0 1
0.0780408 -0.00300641 260 0.00517124 -0.0278109 12.8736 22.5941 -13 97 0 0 1
-0.143685 -0.124304 260 -0.0796443 0.0402421 9.48997 18.0646 -13 98 0 0 1
0.107891 1.61377 260 0.0114629 0.0130805 0.0887496 17.1643 11 98 1001 0 1
-0.0215565 0.00810997 260 -0.0216749 0.0203971 14.021 12.157 -13 99 0 0 1
0.186703 -0.068191 260 -0.0002221 -0.0937481 12.321 8.79721 -13 100 0 0 1
-0.176628 0.265992 260 0.076488 0.0277964 4.82489 35.177 -13 101 0 0 1
-1.08049 1.09471 260 0.160706 0.187123 1.35896 58.0824 -13 102 0 0 1
-0.105249 0.0129824 260 0.0012833 0.0180918 9.98261 32.8949 -13 103 0 0 1
0.0282591 0.0350309 260 0.00943754 0.00280184 9.62202 22.9171 -13 104 0 0 1
0.0608431 -0.00831452 260 -0.0584543 0.0302103 8.84364 17.5249 -13 105 0 0 1
0.0261129 -0.175342 260 -0.0132706 0.00325048 10.3306 37.3336 -13 106 0 0 1
-0.0590817 -0.0466658 260 -0.0225878 0.00912056 13.7644 24.8004 -13 107 0 0 1
0.188973 -0.0586304 260 -0.00692362 -0.0513025 7.37479 25.5343 -13 108 0 0 1
-0.0221288 0.0697191 260 0.0202162 -0.00116393 13.576 7.83621 -13 109 0 0 1
-0.0627493 0.071958 260 0.0101241 -0.0300446 5.56881 19.8818 -13 110 0 0 1
-0.0182317 0.0542204 260 0.0102874 0.0154972 9.85874 13.4971 -13 111 0 0 1
-0.2609 -0.295257 260 -0.0703674 0.116089 7.71164 16.3039 -13 112 0 0 1
-0.0029161 -0.00744518 260 0.0017123 -0.00248663 11.9644 18.3171 -13 113 0 0 1
-0.082948 -0.0177966 260 -0.0508047 0.0825169 8.09761 18.4758 -13 114 0 0 1
0.347885 0.996241 260 0.246923 -0.305818 13.2277 26.9338 -13 115 0 0 1
0.0189036 -0.0147233 260 0.00164249 -0.0259628 10.3193 38.5092 -13 116 0 0 1
-0.121672 -0.0985587 260 -0.0157265 0.0337837 11.5833 13.4294 -13 117 0 0 1
0.203264 -0.131578 260 0.0191299 -0.0549967 5.93489 21.0511 -13 118 0 0 1
0.0336762 -0.0630482 260 -0.01908 -0.0157652 10.9866 28.4601 -13 119 0 0 1
0.307839 -0.362867 260 -0.0703247 -0.107171 7.54594 26.5789 -13 120 0 0 1
-0.0636235 0.0324701 260 0.00454896 0.0514133 7.99146 39.8285 -13 121 0 0 1
-0.0302922 -0.0440531 260 0.00542906 0.0365224 9.05089 17.0335 -13 122 0 0 1
-0.288416 -0.348645 260 -0.17367 0.0275809 5.09683 40.7245 -13 123 0 0 1
-0.0628972 0.0853074 260 0.0406059 -0.00407968 13.0003 22.7386 -13 124 0 0 1
-0.0968108 -0.0753508 260 -0.0376491 0.0200526 11.4697 34.9154 -13 125 0 0 1
-0.0359473 0.0347992 260 0.00873258 0.0233645 11.7364 33.2823 -13 126 0 0 1
1.88789e-05 -0.00106355 260 0.0154516 0.0126667 9.66712 15.8266 -13 127 0 0 1
0.0452276 0.017782 260 0.0156671 -0.0264838 13.5107 16.8522 -13 128 0 0 1
0.0812462 -0.0675415 260 -0.0295984 -0.0418163 13.503 19.9202 -13 129 0 0 1
0.0214315 0.0151833 260 -0.0158996 -0.00405497 10.467 31.44 -13 130 0 0 1
-0.0413221 -0.203557 260 -0.0491228 -0.0112293 9.20373 18.6597 -13 131 0 0 1
-0.468392 -0.460047 260 -0.0287833 0.216992 13.2455 29.7543 -13 132 0 0 1
0.0476522 0.167618 260 0.0623676 -0.0185068 14.5306 25.6712 -13 133 0 0 1
0.0175253 -0.244301 260 -0.0446629 0.0323011 7.30476 31.7969 -13 134 0 0 1
0.0533689 0.0604523 260 0.00271982 -0.0354295 13.3571 11.5945 -13 135 0 0 1
0.0114413 -0.0219803 260 0.0252309 -0.0118376 12.9863 19.369 -13 136 0 0 1
-0.109558 0.139142 260 0.0138158 -0.0111257 7.29475 17.2473 -13 137 0 0 1
-0.104538 0.0391886 260 0.00837729 0.0229691 4.69495 25.2326 -13 138 0 0 1
-0.164883 0.0273402 260 0.0150692 0.0446518 11.5032 28.0982 -13 139 0 0 1
0.000261248 -0.00677945 260 0.00329665 -0.0157316 14.1499 31.9846 -13 140 0 0 1
-0.0628685 0.0426572 260 0.00227592 0.0291876 13.8273 8.18837 -13 141 0 0 1
-0.0490418 -0.0382218 260 -0.0252644 -0.00422299 13.7581 18.7805 -13 142 0 0 1
-0.0362006 -0.185313 260 -0.0164477 0.0142002 11.0431 14.3534 -13 143 0 0 1
-0.0216064 0.0516426 260 0.0114668 0.0147884 14.3969 27.4237 -13 144 0 0 1
-0.0644388 0.0291883 260 0.0204452 0.00509067 9.87486 35.0264 -13 145 0 0 1
0.209438 0.0155431 260 0.0445651 -0.0549545 9.2473 21.0061 -13 146 0 0 1
0.012371 -0.0290867 260 -0.0131756 -0.0577324 11.2457 23.8618 -13 147 0 0 1
0.0147206 0.0951496 260 0.0417691 -0.00724151 7.42677 26.0732 -13 148 0 0 1
0.0426897 -0.0915027 260 0.0338148 -0.0444572 7.06598 22.0434 -13 149 0 0 1
0.018385 0.0455396 260 0.01769 0.00188095 13.8551 27.6199 -13 150 0 0 1
-0.18558 -0.146795 260 -0.0512446 0.0651489 8.12106 15.2251 -13 151 0 0 1
-0.00313124 -0.00774483 260 -0.0143549 0.00587657 14.1372 31.1601 -13 152 0 0 1
0.0782564 0.108354 260 0.0445172 -0.0042363 13.6985 30.8137 -13 153 0 0 1
-0.197266 -0.166027 260 -0.0434362 0.00900953 9.47559 27.3396 -13 154 0 0 1
0.0810569 -0.258552 260 -0.0939888 0.0144026 9.97266 34.8722 -13 155 0 0 1
0.0186284 0.146695 260 0.0658904 0.0229719 11.9931 24.83 -13 156 0 0 1
-0.0583948 0.130252 260 0.0386156 0.0141426 13.2497 16.5899 -13 157 0 0 1
0.0408134 -0.201826 260 -0.0754406 -0.0111462 8.45576 21.5569 -13 158 0 0 1
0.434679 -1.57084 260 -0.0106825 0.0243992 0.0329694 21.7617 11 158 1002 0 1
-0.0143638 -0.0196089 260 -0.00782948 0.0114237 14.3418 29.7588 -13 159 0 0 1
-0.13397 0.00955452 260 -0.0591369 0.0358041 7.52812 21.3283 -13 160 0 0 1
-0.157672 0.182412 260 0.0476612 0.0732668 14.1132 13.8993 -13 161 0 0 1
-0.0663415 0.126058 260 0.101168 0.0729016 9.77675 25.1262 -13 162 0 0 1
0.0638453 -0.0739531 260 -0.00795705 0.0328458 9.7758 12.866 -13 163 0 0 1
-0.0201536 -0.045099 260 -0.012854 0.00507142 14.2246 27.038 -13 164 0 0 1
-0.0160222 -0.011869 260 -0.00805496 0.00110697 12.3472 32.5375 -13 165 0 0 1
-0.0288646 -0.0439576 260 -0.0468914 0.0402319 11.0323 37.4317 -13 166 0 0 1
-0.118745 0.109792 260 0.00320903 0.0199987 9.8786 14.6658 -13 167 0 0 1
-0.00564488 0.00667778 260 0.00549838 -0.00116772 11.4346 9.44021 -13 168 0 0 1
0.0298434 0.0796062 260 0.0449157 -0.00354083 13.0733 33.857 -13 169 0 0 1
0.0507697 -0.0288998 260 -0.0248171 -0.0543496 8.95625 29.6589 -13 170 0 0 1
-0.0162877 0.00975792 260 -0.017566 0.00447055 14.5194 28.7846 -13 171 0 0 1
-0.0117185 0.00372051 260 0.0140161 0.00605876 11.8696 22.841 -13 172 0 0 1
-0.0702705 -0.0407169 260 -0.0218967 0.013492 13.0511 8.64837 -13 173 0 0 1
0.0323073 0.0336939 260 0.0442065 0.00649157 9.77672 33.5032 -13 174 0 0 1
-0.0596837 -0.032398 260 -0.0293369 -0.0282263 0.027406 33.6415 11 174 1002 0 1
0.00459086 0.000229265 260 0.000773332 0.00666384 10.6821 11.6262 -13 175 0 0 1
-0.0481867 -0.00894315 260 -0.0113467 0.00298679 10.7988 23.2844 -13 176 0 0 1
-0.0381038 -0.154263 260 0.0289911 0.0993659 3.57898 31.6013 -13 177 0 0 1
-0.0397341 -0.155662 260 -0.000956002 0.00627426 0.033728 31.5986 11 177 1001 0 1
-0.123516 0.0901272 260 0.0939344 0.000309262 5.63899 28.0761 -13 178 0 0 1
-0.0098803 0.934515 260 0.287144 0.115752 5.71644 33.1406 -13 179 0 0 1
-0.736802 0.41331 260 0.094603 0.146652 7.18676 36.7498 -13 180 0 0 1
0.122404 -0.135335 260 -0.010784 -0.05417 8.80143 37.3822 -13 181 0 0 1
-0.0184402 0.0121932 260 -0.0322149 0.0416607 9.28119 27.8552 -13 182 0 0 1
0.0269682 0.015279 260 0.0363661 -0.025293 14.0362 12.3927 -13 183 0 0 1
-0.0343939 0.0150305 260 0.00477778 0.0232787 12.2891 12.658 -13 184 0 0 1
-0.0227509 -0.0870829 260 -0.0176123 -0.0338035 11.51 24.2892 -13 185 0 0 1
0.0151733 -0.0162967 260 -0.00291687 -0.0056397 11.887 37.3283 -13 186 0 0 1
-0.0786222 -0.0167064 260 -0.0277769 0.0224492 4.87647 23.0723 -13 187 0 0 1
-0.140544 -0.0151867 260 -0.0344877 0.0790679 8.62275 27.7524 -13 188 0 0 1
-0.242148 -0.281475 260 -0.0784194 0.0320254 5.90472 17.2098 -13 189 0 0 1
0.0266353 0.0745879 260 -0.00119289 -0.0103867 8.43875 17.0255 -13 190 0 0 1
-0.0775359 -0.063369 260 0.00568691 0.0527182 12.2473 13.9677 -13 191 0 0 1
-0.0792572 0.0599796 260 -0.0384462 0.0342865 12.0975 13.7886 -13 192 0 0 1
-0.0439501 0.147109 260 -0.00146127 0.0128724 10.3692 16.3668 -13 194 0 0 1
0.0359781 0.0789308 260 0.0344828 -0.00546164 10.8753 30.8273 -13 195 0 0 1
0.0303695 -0.0105915 260 0.0130231 -0.00591966 11.7 37.6684 -13 196 0 0 1
0.130248 0.531281 260 0.148323 -0.0436122 0.800732 78.7654 -13 197 0 0 1
-0.161488 -0.0340792 260 -0.0243224 0.0404513 12.3096 12.423 -13 198 0 0 1
3.15919 1.55981 260 0.0217235 0.00413176 0.0462649 14.1392 11 198 1001 0 1
0.0116337 0.0158783 260 0.0023321 0.000302044 12.9373 21.8719 -13 199 0 0 1
-0.575134 0.976651 260 0.149025 0.192277 2.32158 55.6054 -13 200 0 0 1
-0.0637147 0.00119566 260 0.0198218 0.0167135 11.6076 30.0927 -13 201 0 0 1
0.00783481 -0.0517237 260 -0.0602386 0.0420814 12.0225 28.9849 -13 202 0 0 1
-0.0634588 0.0164246 260 -0.00670998 0.0209586 14.4653 27.5199 -13 203 0 0 1
-0.0625181 0.115607 260 0.00536925 0.0424488 5.56061 25.9274 -13 204 0 0 1
-0.0314263 0.000440162 260 -0.00695406 0.0308976 7.19604 24.3352 -13 205 0 0 1
-0.0392444 -0.45993 260 -0.0405107 0.141619 1.60454 71.1068 -13 206 0 0 1
0.00365552 0.00376309 260 0.0175298 -0.0341801 9.25727 38.3413 -13 207 0 0 1
0.427745 0.273142 260 -0.0926546 0.0358477 2.03884 57.8478 -13 208 0 0 1
-0.0253857 -0.0403477 260 -0.0372779 0.00553409 13.7173 20.0388 -13 209 0 0 1
-0.304422 0.300433 260 0.137596 -0.00872867 3.39439 48.5513 -13 210 0 0 1
-0.181222 0.149917 260 -0.0751558 0.0540968 6.64881 29.4579 -13 211 0 0 1
0.00724525 -0.010425 260 0.0212858 0.0301585 13.9534 8.37453 -13 212 0 0 1
0.0935171 -0.164694 260 -0.0636061 0.000109933 8.98703 39.5965 -13 213 0 0 1
-0.0174061 0.0864798 260 0.0437439 0.0247475 9.80715 28.0047 -13 214 0 0 1
-0.131404 -0.196289 260 -0.0940665 0.0936532 4.19805 35.6849 -13 215 0 0 1
-0.0182706 0.0887983 260 0.0263581 0.0276432 9.91404 21.923 -13 216 0 0 1
0.0602602 -0.114321 260 -0.0274083 -0.0161143 9.46433 23.1646 -13 217 0 0 1
0.0107892 -0.114695 260 -0.0236164 0.0189016 5.28678 32.8264 -13 218 0 0 1
-0.0106457 0.0216002 260 0.00531132 0.00290966 9.772 20.1395 -13 219 0 0 1
0.028616 0.0578757 260 0.0183625 -0.0203873 13.3293 19.0833 -13 220 0 0 1
-0.087016 -0.144442 260 -0.0246973 0.0187258 3.77249 33.5712 -13 221 0 0 1
0.0189062 -0.00246278 260 -0.00853957 -0.0131437 8.93902 17.7002 -13 222 0 0 1
0.0631459 -0.0610489 260 -0.00368904 -0.028694 8.67007 14.4303 -13 223 0 0 1
-0.0230351 0.169905 260 0.0512956 0.0585101 6.18985 44.1749 -13 224 0 0 1
4.58192 -1.77885 260 -0.0145803 0.00825571 -0.0309662 48.7944 11 224 1003 0 1
-1.10045 2.97313 260 0.0321865 0.00680447 0.0402698 40.5644 11 224 1004 0 1
-0.00236294 0.0290264 260 0.00291148 0.00460571 12.3477 28.7219 -13 225 0 0 1
0.113502 0.0111694 260 -0.00229902 -0.0461701 10.1068 28.5174 -13 226 0 0 1
0.17146 0.129313 260 0.0161938 -0.0737824 12.6294 27.3989 -13 227 0 0 1
0.0563166 -0.0312599 260 0.00224476 -0.0289513 13.5091 20.4992 -13 228 0 0 1
-0.00341121 0.0413647 260 0.00771479 0.0060887 13.452 18.0268 -13 229 0 0 1
0.00616721 0.0406223 260 0.00459099 -0.0212858 11.9791 9.53548 -13 230 0 0 1
-0.000112459 0.0752718 260 -0.0170647 0.0495362 9.03578 36.7848 -13 231 0 0 1
-4.58902 -1.40565 260 -0.0140995 0.0429734 0.0116823 40.52 11 231 1001 0 1
0.00420077 0.110043 260 0.0105356 -0.0119497 6.32308 33.8948 -13 232 0 0 1
6.82001 4.40223 260 0.0218664 0.00138861 0.0347953 32.6018 11 232 1002 0 1
-0.0532227 6.32774e-05 260 0.0167695 -0.10089 10.9833 36.6991 -13 233 0 0 1
-0.117058 -0.059879 260 0.000905159 0.0466246 12.495 10.7464 -13 234 0 0 1
0.0408204 0.169766 260 0.00974176 0.031294 6.36321 38.2852 -13 235 0 0 1
0.12519 0.0331025 260 0.0366467 -0.0349911 4.63249 40.2717 -13 236 0 0 1
-0.101093 0.0237882 260 0.0200476 0.0344986 8.38818 26.4143 -13 237 0 0 1
7.44584 -5.05768 260 0.00209817 0.0267905 0.0205093 32.5883 11 237 1001 0 1
-0.0414801 -0.0100679 260 0.0309875 0.0503781 9.52095 15.1117 -13 238 0 0 1
-0.00216872 -0.018761 260 -0.000661963 0.0112064 12.7916 19.2852 -13 239 0 0 1
-0.0135042 -0.00132242 260 0.0263989 0.0111864 12.7609 12.9668 -13 240 0 0 1
-0.0683445 0.099216 260 0.0599391 -0.0218024 12.8134 9.76437 -13 241 0 0 1
-0.0604615 0.0460485 260 0.0120234 0.0192236 10.9386 25.1356 -13 242 0 0 1
0.00639792 -0.0380172 260 -0.00557067 -0.00915468 13.8029 34.8931 -13 243 0 0 1
-0.106094 0.268091 260 0.0650779 0.0905706 8.67681 34.4721 -13 244 0 0 1
0.0023293 0.0538254 260 0.0153914 0.00948066 12.9304 19.874 -13 245 0 0 1
0.145877 -0.0440004 260 -0.00594292 -0.018734 8.11065 20.6667 -13 246 0 0 1
-0.164482 0.0647172 260 0.0177864 0.0755416 11.6502 18.7511 -13 247 0 0 1
-0.00699015 0.00504906 260 0.00577866 -0.00102458 11.8408 35.6114 -13 248 0 0 1
0.0199541 0.0335332 260 0.0120568 0.00358259 12.3536 18.5987 -13 249 0 0 1
-0.000613665 0.00803936 260 0.00698881 0.0209877 10.3648 28.6998 -13 250 0 0 1
0.0147989 0.005313 260 0.0112146 -0.00409148 8.36034 37.5968 -13 251 0 0 1
0.0706739 -0.0119386 260 0.00823297 -0.0182455 12.9827 15.0504 -13 252 0 0 1
0.202228 -0.337032 260 -0.121153 -0.0126835 11.9336 29.3096 -13 253 0 0 1
0.0819545 -0.0734059 260 0.00694445 0.0346986 8.33313 15.9842 -13 254 0 0 1
0.0604629 -0.0217546 260 -0.0132853 -0.0234702 12.0833 15.6468 -13 255 0 0 1
-0.0430487 0.00517542 260 0.022305 0.0454205 12.2573 8.64555 -13 256 0 0 1
0.0760177 -0.0242754 260 -0.0264929 -0.0138889 11.2904 19.6898 -13 257 0 0 1
-0.0362887 -0.0218926 260 -0.0698153 0.0160949 11.7396 24.9594 -13 258 0 0 1
-0.0218562 0.0186741 260 -0.00749336 0.00730279 14.4641 12.1455 -13 259 0 0 1
-0.0542982 -0.0115824 260 0.000614336 0.01485 14.2215 30.5769 -13 260 0 0 1
0.185103 -0.0128154 260 -0.00520663 -0.0644875 13.8488 22.0639 -13 261 0 0 1
0.00106152 0.103284 260 0.0722609 -0.00666402 12.9638 26.7334 -13 262 0 0 1
0.0590824 -0.0331521 260 0.0161753 -0.0339667 10.5443 16.6942 -13 263 0 0 1
0.174919 -0.0119235 260 -0.136052 -0.0449343 3.75939 48.0753 -13 264 0 0 1
-0.0571105 -0.020468 260 0.022489 0.0286662 12.8133 31.257 -13 265 0 0 1
0.201248 0.0241643 260 -0.0400028 -0.064163 11.3329 33.0136 -13 266 0 0 1
0.0443458 0.0422082 260 0.015866 -0.00179225 14.0663 29.4079 -13 267 0 0 1
-0.0439715 -0.0679975 260 -0.0102783 0.0270432 12.2751 13.478 -13 268 0 0 1
0.0553425 -0.00629541 260 0.00918664 -0.0157802 11.9175 19.9678 -13 269 0 0 1
0.221407 -0.278427 260 -0.0153515 -0.0537906 3.49555 54.747 -13 270 0 0 1
0.146092 -0.0922406 260 -0.0100294 -0.0410235 7.30756 40.329 -13 271 0 0 1
-0.179022 -0.357363 260 -0.0197868 0.015615 0.0449468 40.2887 11 271 1001 0 1
-0.0461355 0.00505822 260 0.00459037 0.0165957 14.4706 16.6652 -13 272 0 0 1
-0.0313069 -0.0754432 260 0.00286425 0.0148695 8.12546 22.0594 -13 273 0 0 1
0.0165448 0.0175878 260 0.0145957 -0.00437435 12.6186 34.6888 -13 274 0 0 1
-0.107176 0.127495 260 0.0184479 0.00306756 8.81579 30.4831 -13 275 0 0 1
0.00626596 0.0182714 260 0.0102834 0.00486073 11.5405 14.0964 -13 276 0 0 1
0.0176664 0.0731642 260 0.0159527 -0.00116343 9.63883 35.003 -13 277 0 0 1
-0.0478282 -0.0432115 260 -0.000972419 0.0215876 13.7624 19.8081 -13 278 0 0 1
0.0520123 0.0121866 260 0.0113889 -0.0215521 13.3536 27.8937 -13 279 0 0 1
0.0520251 0.0363183 260 -0.0501425 0.00364642 6.35085 21.2642 -13 280 0 0 1
-0.0457926 -0.0188991 260 -6.9395e-05 0.0317225 8.17959 31.6451 -13 281 0 0 1
0.00864715 0.00233707 260 0.00572183 0.0075434 9.54174 33.3529 -13 282 0 0 1
-0.0619989 0.0155236 260 -0.00606087 0.011145 10.7237 16.2226 -13 283 0 0 1
0.0533981 -0.0927698 260 -0.0422403 -0.0257853 7.23496 26.6553 -13 284 0 0 1
-0.408975 -0.192236 260 0.0719252 0.0705229 3.34101 54.865 -13 285 0 0 1
0.123891 0.0879918 260 0.024196 -0.0658804 6.80298 39.8636 -13 286 0 0 1
0.0499579 0.134669 260 0.0187659 0.00415079 10.8968 37.025 -13 287 0 0 1
0.00532551 -0.0247746 260 -0.00902149 0.00450764 11.9804 33.5624 -13 288 0 0 1
0.0450184 -0.0548613 260 -0.0174122 -0.0274294 9.48505 27.6721 -13 289 0 0 1
-0.0197279 0.0313452 260 -0.0101569 0.00805687 9.07115 19.1587 -13 290 0 0 1
-0.0712278 -0.0399794 260 0.0543957 0.070176 6.97977 32.3608 -13 291 0 0 1
0.0593934 0.0497119 260 0.00261484 0.0116599 13.2767 10.5883 -13 292 0 0 1
0.0480862 0.0372148 260 0.0188875 -0.0105234 7.42271 41.8408 -13 293 0 0 1
0.0256852 -0.00385991 260 -0.0123991 -0.0232855 13.8281 36.5874 -13 294 0 0 1
-0.246 0.00201397 260 -0.059594 0.0478188 7.29026 36.0714 -13 295 0 0 1
0.315923 -0.268161 260 -0.0994155 -0.0227915 6.0503 30.6658 -13 296 0 0 1
7.33143 5.26324 260 -0.0101679 0.000157834 0.0340913 29.6695 11 296 1002 0 1
-0.0102736 -0.027552 260 -0.008595 -0.018025 11.9912 12.8592 -13 297 0 0 1
0.0406502 0.037899 260 0.0477745 -0.0477447 2.01784 67.0439 -13 298 0 0 1
-0.00563437 -0.00872498 260 -0.00248156 0.000784614 12.188 20.7037 -13 299 0 0 1
0.0276086 -0.212572 260 -0.135593 0.0278063 3.46915 52.8971 -13 300 0 0 1
-0.00353609 -0.0792083 260 0.0371886 0.00854137 8.25478 38.0499 -13 301 0 0 1
0.0773677 -0.0641547 260 -0.0847464 -0.060084 7.56116 28.5023 -13 302 0 0 1
2.02553 1.10691 260 -0.0310533 -0.0181807 0.0158637 32.5292 11 302 1001 0 1
-0.00967131 -0.0384271 260 -0.0318512 -0.00972254 11.6708 21.3229 -13 303 0 0 1
0.144515 -0.158049 260 -0.0553134 -0.0389673 7.75901 29.5163 -13 304 0 0 1
-0.0255639 0.0149002 260 0.0123497 0.00145734 11.0979 18.875 -13 305 0 0 1
-0.0399201 -0.0229732 260 0.00460885 0.0129 9.73085 25.3225 -13 306 0 0 1
0.0891715 -0.0958633 260 0.0630651 -0.00581136 4.5709 31.9996 -13 307 0 0 1
0.0345743 0.0198102 260 0.00162253 0.00831402 12.3913 14.3943 -13 308 0 0 1
-0.0249565 0.196439 260 0.05273 -0.0697563 9.58712 30.1723 -13 309 0 0 1
-0.0276094 0.0818076 260 0.010026 0.0413255 5.76529 25.8262 -13 310 0 0 1
-0.103198 -0.030081 260 0.00251215 0.0249058 14.0112 24.1698 -13 311 0 0 1
-0.0165857 -0.0194197 260 -0.00570634 0.00168662 12.166 15.0131 -13 312 0 0 1
0.0764685 0.0165705 260 -0.0187135 -0.0262162 13.0509 9.35349 -13 313 0 0 1
0.115011 -0.000601895 260 0.00474859 -0.0346922 13.8244 8.73378 -13 314 0 0 1
0.0346945 0.0644669 260 0.0268068 -0.0394761 11.6353 12.2031 -13 315 0 0 1
-0.0834765 -0.00116639 260 -0.0116985 -0.00368706 9.1089 17.0769 -13 316 0 0 1
-0.214301 -0.154813 260 -0.156139 -0.014799 2.9327 38.6396 -13 317 0 0 1
0.154974 -0.0683544 260 -0.0239849 -0.0540905 6.14006 21.0426 -13 318 0 0 1
0.0600859 -0.092113 260 -0.0130455 -0.031756 13.8162 12.8905 -13 320 0 0 1
-0.00179647 -0.0584187 260 -0.0316579 0.0105806 10.0096 15.258 -13 321 0 0 1
0.0185371 0.0309805 260 0.0196932 0.0231354 12.7601 13.4265 -13 322 0 0 1
0.0803943 -0.162142 260 0.0155612 -0.0362753 6.20846 22.8197 -13 323 0 0 1
0.822508 -0.228232 260 0.131934 -0.20123 1.86224 63.9103 -13 324 0 0 1
-0.064239 -0.219732 260 -0.0239673 0.0903528 11.4576 35.3018 -13 325 0 0 1
0.0402959 -0.0570052 260 -0.00453548 -0.0271807 10.7284 29.4202 -13 326 0 0 1
0.00619513 0.0146025 260 -0.00973508 -0.00473011 12.48 20.9335 -13 327 0 0 1
-0.0972923 -0.501419 260 -0.232133 -0.0331659 4.35844 41.9851 -13 328 0 0 1
-0.0623564 -0.0692246 260 -0.0193049 0.00465141 11.996 30.3656 -13 329 0 0 1
-0.0053648 0.035716 260 -0.010936 0.00366464 9.00373 18.886 -13 330 0 0 1
-2.2752 -1.4936 260 -0.00907546 0.0388984 -0.0247052 35.8393 11 330 1001 0 1
-0.0955169 -0.0919272 260 -0.023126 0.0246942 5.64854 17.6472 -13 331 0 0 1
-0.0479027 -0.127417 260 -0.105889 0.0432516 5.03223 24.7012 -13 332 0 0 1
-0.0258089 -0.0234479 260 -0.0459594 -0.00844535 9.87374 21.0591 -13 333 0 0 1
-1.75405 -0.74616 260 0.0296574 0.0133393 0.0120453 22.4609 11 333 1002 0 1
-0.0325472 -0.0212604 260 -0.0181885 0.00148081 12.8569 10.2427 -13 334 0 0 1
0.0147796 0.0833628 260 0.028774 0.0187546 14.257 28.0617 -13 335 0 0 1
0.0151038 -0.120078 260 0.00806737 0.00156831 5.76295 30.1883 -13 336 0 0 1
-0.02092 -0.0167715 260 -0.022345 0.0106181 13.7406 25.5482 -13 337 0 0 1
-0.0352812 0.00936833 260 0.0198238 0.033549 9.67241 34.5344 -13 338 0 0 1
-0.0832241 -0.0242305 260 0.00468031 0.0334752 9.36126 39.0374 -13 339 0 0 1
-1.01445 -0.471851 260 -0.0028515 -0.208338 1.70407 70.966 -13 340 0 0 1
-0.0339841 -0.13555 260 -0.0276551 0.0153763 12.4643 35.417 -13 341 0 0 1
2.37264 4.2455 260 0.182718 -0.679806 2.27375 63.5134 -13 343 0 0 1
0.0173995 -0.00411498 260 0.00107993 -0.00553209 13.2561 13.7897 -13 344 0 0 1
0.221838 -0.0937079 260 -0.0556727 -0.0430068 9.66995 10.6451 -13 345 0 0 1
0.870967 -2.59684 260 0.0212701 0.0158492 0.0656088 10.3894 11 345 1002 0 1
-0.0253436 0.0139179 260 0.0117306 0.0148895 13.4598 22.439 -13 346 0 0 1
-0.0837235 0.016798 260 -0.00905891 0.0227816 12.1194 22.7047 -13 347 0 0 1
0.00381376 0.117341 260 0.0348444 -0.00128809 13.7999 33.5119 -13 348 0 0 1
-0.0466433 -0.230195 260 -0.041484 0.0625692 7.12877 27.5178 -13 349 0 0 1
0.266334 1.1345 260 0.00754807 -0.000933728 0.0583017 25.732 11 349 1001 0 1
0.0314767 -0.0604751 260 -0.0343459 0.000594844 7.77981 35.4805 -13 350 0 0 1
4.32478 -1.06396 260 0.0013541 -0.0178161 0.0369816 35.7287 11 350 1001 0 1
1.5054 0.802843 260 0.56877 0.835197 4.5199 28.3789 -13 351 0 0 1
0.374994 -0.304188 260 0.116394 -0.160385 4.36395 33.2201 -13 352 0 0 1
0.191944 -0.18754 260 -0.0543609 -0.0338843 10.8697 36.2172 -13 354 0 0 1
-1.0221 -0.576498 260 -0.133633 0.278905 3.43018 45.1105 -13 355 0 0 1
0.0531102 -0.0861793 260 0.0102855 -0.0166027 9.79119 37.7107 -13 356 0 0 1
-0.114383 0.141129 260 0.0158921 0.0326263 10.6922 36.4097 -13 357 0 0 1
0.0196482 -0.123156 260 -0.0585495 0.0379118 10.9179 26.3802 -13 358 0 0 1
-10.1077 6.3809 260 0.000968142 -0.0366572 0.0148209 35.4901 11 358 1002 0 1
0.0191781 -0.0227702 260 -0.00461073 0.0125939 11.802 14.4873 -13 359 0 0 1
-0.0334911 0.0359586 260 0.0108209 0.0098899 13.5165 28.8428 -13 360 0 0 1
0.0687078 0.00509388 260 -0.000970713 0.0030724 4.00529 28.9359 -13 361 0 0 1
-0.0124342 0.0705155 260 0.00963567 0.0058504 8.77361 11.8943 -13 362 0 0 1
-0.0266296 0.0331429 260 0.0161101 0.024884 12.2159 36.4604 -13 363 0 0 1
0.0356932 -0.0687259 260 -0.00762682 0.00671125 14.4604 11.6156 -13 364 0 0 1
0.0255167 -0.0467666 260 -0.00876217 0.0141444 11.8554 13.0094 -13 365 0 0 1
-0.0538541 0.00163228 260 0.029261 -0.0337117 7.91578 13.0483 -13 366 0 0 1
0.0147245 0.033474 260 -0.00442662 -0.069701 11.7218 32.9272 -13 367 0 0 1
0.00928305 -0.157205 260 -0.0711452 0.0253004 6.11199 34.8477 -13 368 0 0 1
-0.191788 -0.232647 260 -0.0894667 -0.168144 2.19223 58.8847 -13 369 0 0 1
-0.105322 -0.0107688 260 -0.0268329 0.00935836 6.52286 18.4564 -13 370 0 0 1
0.0891377 -0.0556025 260 -0.162066 -0.025968 14.5262 24.5345 -13 371 0 0 1
-3.54756 4.03576 260 0.914271 0.788672 2.27319 62.7572 -13 372 0 0 1
-0.0929133 -0.256462 260 -0.0501036 0.0661438 14.203 16.0915 -13 373 0 0 1
-0.67739 0.194277 260 -0.157245 0.143361 5.04103 24.4907 -13 374 0 0 1
0.0457966 -0.00777863 260 -0.0297142 -0.00913283 13.373 29.308 -13 375 0 0 1
0.283545 0.193108 260 -0.0174134 -0.134671 6.67167 27.1328 -13 376 0 0 1
0.0262207 -0.0182333 260 0.0109361 -0.0237871 10.5392 19.3194 -13 377 0 0 1
1.07983 0.146486 260 -0.217246 -0.127139 1.9317 42.3332 -13 378 0 0 1
-0.121672 -0.146303 260 -0.0547359 0.00598455 7.46853 15.91 -13 379 0 0 1
-0.0203058 0.134723 260 0.0303713 0.0293898 10.7355 14.3586 -13 380 0 0 1
0.0408263 0.13351 260 -0.0188642 -0.0340618 7.88229 24.8421 -13 381 0 0 1
0.0202726 0.0118314 260 0.00698138 -0.00378239 13.4198 19.9137 -13 382 0 0 1
-0.335066 0.262556 260 -0.147268 -0.234944 0.892239 80.3949 -13 383 0 0 1
-0.0145759 0.0274527 260 0.0185973 -0.0127036 14.1229 21.5009 -13 384 0 0 1
-0.0368976 0.0699363 260 0.0240281 -0.0265281 14.467 16.0495 -13 386 0 0 1
-0.0210926 -0.00986337 260 0.000323618 0.00749481 14.4397 24.7061 -13 387 0 0 1
0.0440944 0.0546311 260 -0.0049936 0.0134891 9.39846 34.0041 -13 388 0 0 1
-0.0520202 0.0705568 260 -0.0315938 0.0391318 13.4485 25.9274 -13 389 0 0 1
0.46994 -0.513947 260 -0.0135131 0.0592155 0.0587276 26.0147 11 389 1001 0 1
-0.0121931 0.0366694 260 0.0123594 0.0239813 10.3321 18.6612 -13 390 0 0 1
-0.154377 -0.00402505 260 0.0113647 0.0522008 8.73327 39.3019 -13 391 0 0 1
0.0212635 -0.114743 260 -0.0131276 0.0357591 8.17598 39.073 -13 392 0 0 1
-0.189675 0.130845 260 0.110023 0.00269274 4.07022 25.8952 -13 393 0 0 1
0.165941 0.159744 260 -0.0138107 -0.0293742 4.08499 32.5221 -13 394 0 0 1
0.324361 -0.313604 260 -0.0172513 -0.16771 14.1118 15.9719 -13 395 0 0 1
0.105802 -0.203352 260 -0.0633925 -0.0459862 7.11495 29.558 -13 396 0 0 1
0.288944 -0.164019 260 -0.00912873 0.028039 0.0277447 29.5892 11 396 1001 0 1
0.0639273 0.0196951 260 0.0263226 -0.0404541 14.5043 14.2859 -13 397 0 0 1
0.0693617 0.334076 260 -0.0309013 0.0136371 0.0466726 14.4727 11 397 1001 0 1
0.0182088 0.0297088 260 0.0109436 -0.000937647 13.313 14.7991 -13 398 0 0 1
0.136655 0.0268123 260 0.0139199 -0.0374684 12.6447 11.2447 -13 399 0 0 1
-0.0150666 0.125446 260 0.0472569 -0.0233257 11.6627 19.8559 -13 400 0 0 1
-0.110471 0.0280844 260 -0.0164432 0.0215866 11.1901 22.0154 -13 401 0 0 1
0.0329599 0.0489164 260 0.0397 -0.00234105 7.34413 14.6259 -13 402 0 0 1
0.0927386 -0.106992 260 -0.0936009 0.0690256 5.77599 36.3648 -13 403 0 0 1
-0.0684856 0.0675024 260 -0.00433564 0.0368691 14.3978 15.353 -13 404 0 0 1
-0.245591 -0.170063 260 0.0141636 0.127624 12.8615 24.88 -13 405 0 0 1
0.0798473 -0.0654771 260 -0.0165442 -0.0289191 7.17674 28.5588 -13 406 0 0 1
0.175271 0.32448 260 0.0619856 0.020567 4.86315 43.3945 -13 407 0 0 1
-0.0611629 -0.0126579 260 -0.024537 0.0162009 10.926 30.4694 -13 408 0 0 1
0.166619 -0.326862 260 -0.088902 -0.0832024 12.2137 11.6077 -13 409 0 0 1
0.129683 -0.0751161 260 0.0107293 -0.0358078 7.23064 23.4313 -13 410 0 0 1
0.0133512 -0.263583 260 -0.0180687 0.050008 6.87994 19.0156 -13 411 0 0 1
0.0252442 0.103533 260 0.0212216 0.00361081 7.33402 17.8252 -13 412 0 0 1
-0.0356684 0.0205918 260 0.0151267 0.0402663 5.76976 17.2856 -13 413 0 0 1
-0.00692099 0.0571296 260 -0.00374372 -0.0247598 9.83964 16.4773 -13 414 0 0 1
0.0142926 0.0135081 260 0.0303468 -0.011728 8.32262 18.7635 -13 415 0 0 1
-0.0473532 -0.00251882 260 -0.0176294 -0.00670682 12.6602 21.6639 -13 416 0 0 1
-0.191737 -0.232393 260 -0.296147 0.0798627 6.5557 20.4359 -13 417 0 0 1
2.71781 0.697563 260 -0.00279931 -0.0451652 0.00354078 21.374 11 417 1001 0 1
0.55126 -2.79897 260 -0.00138117 0.0310584 -0.0085634 24.6672 11 417 1001 0 1
-0.0251072 0.0837882 260 0.0186693 -0.0272944 9.98394 36.0771 -13 418 0 0 1
-0.660335 0.0542102 260 0.0525624 0.0164817 0.0567848 35.3642 11 418 1001 0 1
0.248591 0.0232839 260 -0.019941 -0.0341749 7.71078 26.3211 -13 419 0 0 1
-0.0501927 0.100455 260 0.034831 0.0463436 12.491 17.8492 -13 420 0 0 1
-0.0681418 0.0576222 260 0.0113136 0.00128092 13.2159 12.3057 -13 421 0 0 1
-0.0372387 0.061975 260 0.0282158 -0.00809849 7.12901 17.461 -13 422 0 0 1
0.0150115 0.325671 260 -0.0252523 0.0603405 1.45774 64.1995 -13 423 0 0 1
0.0112456 -0.0228224 260 -0.0051135 0.00768213 9.35078 20.3218 -13 424 0 0 1
-0.0982441 -0.244546 260 -0.0997412 0.0172256 5.21362 47.2668 -13 425 0 0 1
0.0268469 -0.145703 260 -0.0453896 0.0105728 5.18886 42.6194 -13 426 0 0 1
-0.0337935 0.058405 260 0.0104113 -0.00243842 10.8217 34.7701 -13 427 0 0 1
-0.0511004 0.0517132 260 -0.00316131 0.00225116 7.05509 21.7821 -13 428 0 0 1
-0.286654 -0.130988 260 -0.0147644 0.0569924 7.84028 25.3234 -13 429 0 0 1
-0.0395759 0.043783 260 0.0386991 0.00360093 9.96001 20.102 -13 430 0 0 1
-0.0868837 0.0986708 260 0.0291145 -0.00985477 10.848 18.9395 -13 431 0 0 1
-0.0215901 -0.058068 260 -0.0257921 0.0317707 9.96675 27.8719 -13 432 0 0 1
-0.100778 -0.197132 260 -0.0517062 0.034254 11.0606 34.0412 -13 433 0 0 1
0.00150594 -0.00736362 260 -0.00127562 -0.00499535 13.7094 18.5366 -13 434 0 0 1
-0.0488043 0.101006 260 0.0398925 0.010024 11.3994 23.5188 -13 435 0 0 1
-0.0566732 -0.0562052 260 -0.0311417 -0.0272569 11.2598 15.4518 -13 436 0 0 1
0.0802384 -0.00580977 260 -0.0136656 -0.0289442 10.7198 20.3996 -13 437 0 0 1
-0.00940367 -0.073881 260 -0.0175982 0.00664045 11.136 25.161 -13 438 0 0 1
-0.0594275 0.0276196 260 0.0145052 0.0145855 11.9579 36.7306 -13 439 0 0 1
0.0910212 0.0269329 260 -0.0197354 -0.0128645 8.8694 31.8494 -13 440 0 0 1
-0.178004 -0.0216548 260 -0.0211269 0.0561982 11.4304 22.7009 -13 441 0 0 1
-0.0755943 -0.0499276 260 0.0784013 0.0168132 4.16339 24.5346 -13 442 0 0 1
-0.028265 -0.234616 260 -0.0430912 -0.00273195 7.60025 38.1926 -13 443 0 0 1
0.307106 -0.146431 260 -0.0480079 -0.0927396 11.4027 19.3685 -13 444 0 0 1
0.0438036 0.0394924 260 0.0617919 0.0211426 8.02804 37.7524 -13 445 0 0 1
-0.0213222 0.0191503 260 0.0208758 0.012818 13.4098 34.0927 -13 446 0 0 1
0.0129485 -0.0142434 260 0.0110848 0.0147252 11.5979 20.5285 -13 447 0 0 1
0.214565 -0.0138664 260 -0.00257731 -0.0895203 9.82188 13.4762 -13 448 0 0 1
0.135336 0.0160858 260 0.0463768 0.00470096 8.20559 16.4439 -13 449 0 0 1
0.0765308 -0.103505 260 -0.0230982 -0.00746608 12.349 37.1832 -13 450 0 0 1
-0.0230706 0.0548601 260 0.0338387 0.0239011 7.88867 32.7334 -13 451 0 0 1
-0.0453113 0.0667306 260 -0.0258756 0.0532904 11.8762 34.743 -13 452 0 0 1
0.00397462 0.0104408 260 0.00279415 -0.0144752 12.9834 35.4287 -13 453 0 0 1
-0.0722466 0.0589485 260 0.0380862 0.00934478 9.57888 19.4239 -13 454 0 0 1
-0.0152509 -0.108014 260 -0.0851501 0.0474226 2.25998 41.481 -13 455 0 0 1
0.0171836 0.00695026 260 -0.0168389 -0.00595543 14.017 10.9325 -13 456 0 0 1
7.77151 -3.59497 260 0.00581617 -0.0142158 -0.0140086 20.1954 11 456 1002 0 1
-0.106277 -0.0315817 260 -0.0203695 0.00137538 9.46332 11.8896 -13 457 0 0 1
-0.0519156 -0.00606957 260 -0.0404828 -0.00904775 11.6055 35.1428 -13 458 0 0 1
-0.0537491 -0.0243752 260 0.0151941 0.000737656 8.02993 20.7785 -13 459 0 0 1
-0.0150034 0.0107467 260 0.00297129 0.0204135 10.5859 12.3196 -13 460 0 0 1
-0.0608312 -0.0172922 260 0.00481729 0.00507367 13.4562 33.3158 -13 461 0 0 1
0.105259 0.0398911 260 0.00276286 -0.034328 13.6908 33.3988 -13 462 0 0 1
-0.0321528 -0.0157404 260 -0.0393913 -0.0260113 7.71761 24.6854 -13 463 0 0 1
0.217713 0.220209 260 0.0875888 -0.0380288 4.02629 50.5778 -13 464 0 0 1
0.0430807 -0.158803 260 -0.0859129 -0.0508032 9.90313 15.4336 -13 465 0 0 1
-0.30573 2.22071 260 -0.0233628 0.0169128 0.0306951 21.5377 11 465 1001 0 1
-0.0545403 0.0246502 260 -0.035949 -0.00431992 7.4327 14.686 -13 466 0 0 1
-0.0350448 -0.0242998 260 -0.00592777 0.0111244 14.0851 10.3216 -13 467 0 0 1
-0.0982549 0.00957914 260 -0.0117881 0.0362209 8.8421 21.4529 -13 468 0 0 1
0.058855 -0.0157722 260 -0.0825742 0.0281483 4.92669 36.2005 -13 469 0 0 1
0.150535 0.213073 260 -0.0180354 -0.0213714 0.0179394 36.8058 11 469 1001 0 1
0.0849253 -0.312183 260 -0.142577 -0.0439939 6.49366 17.3839 -13 470 0 0 1
-0.213121 -0.030852 260 0.0598989 0.0640455 1.88224 46.4732 -13 471 0 0 1
0.0425516 -0.0189804 260 0.020696 -0.0100881 10.067 30.0642 -13 472 0 0 1
-0.240488 -0.200134 260 -0.0338163 0.0990095 5.4779 19.2248 -13 473 0 0 1
-0.0692123 0.0114999 260 -0.019185 0.0129163 8.26695 26.9818 -13 474 0 0 1
0.0158746 0.0163938 260 0.0136488 0.0164428 11.7978 18.6852 -13 475 0 0 1
-0.0930791 0.0895765 260 0.0207286 0.0234577 7.88414 13.3631 -13 476 0 0 1
0.135641 0.0200669 260 0.00717715 -0.0307031 9.54372 26.4363 -13 477 0 0 1
0.10752 -0.184763 260 -0.0261201 -0.0798867 9.76575 12.9629 -13 478 0 0 1
-0.110246 0.0766908 260 -0.0408513 -0.0228784 5.48655 20.1984 -13 479 0 0 1
0.068966 0.0493307 260 0.0399682 -0.0144154 10.7279 26.3127 -13 480 0 0 1
-0.272515 -0.0759231 260 0.0489491 0.076532 9.00434 25.2366 -13 481 0 0 1
0.194312 -0.00133906 260 0.00104298 -0.0505641 6.59412 43.6402 -13 482 0 0 1
0.0166016 -0.0149737 260 -0.0079889 0.00127702 14.0507 36.2303 -13 483 0 0 1
0.182662 0.000116639 260 0.033094 -0.0454433 7.5216 26.9494 -13 484 0 0 1
0.00332549 0.0717232 260 0.00989233 0.0296561 11.3816 12.2942 -13 485 0 0 1
-0.0220277 0.0857802 260 0.059726 0.0116534 7.364 20.8831 -13 486 0 0 1
0.0445166 0.0463731 260 0.0374271 -0.008311 13.0245 25.7859 -13 487 0 0 1
-0.0162841 -0.279674 260 -0.112844 -0.103914 5.45073 38.0939 -13 488 0 0 1
-0.00386257 0.0226169 260 0.0155421 -0.00986806 13.8962 11.9923 -13 489 0 0 1
-0.442091 -0.273298 260 -0.0428866 0.099795 4.01313 27.3174 -13 490 0 0 1
0.0103183 -0.0360375 260 -0.0499688 0.0627467 7.61295 37.5217 -13 491 0 0 1
-0.100641 0.00217397 260 -0.00979023 0.0295079 13.9407 11.3705 -13 492 0 0 1
0.00597174 -0.0499229 260 -0.00665585 -0.0529111 12.4398 32.7924 -13 493 0 0 1
-0.0614475 -0.0797626 260 -0.0461308 0.00428285 12.9685 31.2047 -13 494 0 0 1
-0.0130336 0.181467 260 0.0589278 0.0335558 14.4555 8.31829 -13 495 0 0 1
0.108183 -0.0454924 260 0.00388043 -0.0609838 10.7392 16.2166 -13 496 0 0 1
-0.0310052 0.0536723 260 0.027536 0.0307162 14.0615 8.17648 -13 497 0 0 1
0.133644 0.018642 260 0.00803584 -0.041395 13.5573 23.7267 -13 498 0 0 1
1.02913 0.368528 260 0.0101377 0.00396557 0.132335 21.4245 11 498 1002 0 1
0.0616347 0.00824711 260 0.0153561 -0.00558956 11.9773 24.0058 -13 499 0 0 1
-0.0227231 0.155625 260 0.0363188 0.0536372 12.6717 21.1511 -13 500 0 0 1
0.0351423 -0.0107074 260 -0.0184384 -0.0121122 10.9048 19.2616 -13 501 0 0 1
-0.0538768 -0.0211745 260 0.00359734 0.00685133 14.4371 12.1552 -13 502 0 0 1
-0.00143847 -0.00242172 260 0.0114496 -0.00382693 10.2638 15.3805 -13 503 0 0 1
-0.0287798 -0.0171865 260 0.00255915 0.00399715 11.1949 25.7358 -13 504 0 0 1
0.185673 -0.554679 260 -0.276307 -0.0514162 3.75943 41.1958 -13 505 0 0 1
0.0576287 -0.388551 260 -0.113826 -0.0173894 8.7046 19.1442 -13 506 0 0 1
-0.0538816 -0.0327861 260 0.029383 0.0341114 12.4678 19.7899 -13 507 0 0 1
-0.0242773 -0.0428526 260 -0.0333842 -0.00164591 11.4407 34.1552 -13 508 0 0 1
0.100847 0.069652 260 -0.00346083 -0.0226298 8.2338 32.3019 -13 509 0 0 1
0.00891984 0.0565958 260 -0.00467025 0.0131839 10.5683 19.2553 -13 510 0 0 1
0.0162699 0.0742439 260 0.0268651 0.00316428 10.4576 12.5083 -13 511 0 0 1
-0.0203111 0.0139739 260 -0.00572542 -0.0234956 12.9 25.6417 -13 512 0 0 1
0.0249227 0.108727 260 0.0165629 0.00766197 13.3505 8.20712 -13 513 0 0 1
-0.0341546 -0.0304845 260 0.0234349 0.0139325 7.99239 17.7666 -13 514 0 0 1
-0.0142904 0.0990249 260 0.0226596 0.0166452 10.2468 33.3198 -13 515 0 0 1
-0.0437722 0.0807728 260 0.0664233 0.0278989 4.04581 31.8294 -13 516 0 0 1
0.0545879 -0.0266141 260 -0.0170637 -0.0180317 8.2419 14.8146 -13 517 0 0 1
3.01379e-05 -1.12104 260 -0.331691 0.15996 12.3789 13.113 -13 518 0 0 1
0.0142384 -0.0235099 260 0.041062 0.0301202 11.6765 27.2205 -13 519 0 0 1
-0.0522654 0.0403551 260 0.00759201 0.00294099 11.6497 25.6505 -13 520 0 0 1
0.00991445 -0.0205742 260 -0.00380932 -0.00770326 12.9568 19.1583 -13 522 0 0 1
-0.0166498 0.0093219 260 5.32872e-05 0.0157359 13.5888 23.3587 -13 523 0 0 1
0.316052 -0.00939614 260 -0.212691 0.0218756 3.99692 48.7615 -13 524 0 0 1
0.00271457 0.128597 260 0.0397524 0.042523 9.72623 17.212 -13 525 0 0 1
-0.137007 -0.171031 260 -0.0100661 0.0512685 11.7155 28.1503 -13 526 0 0 1
0.244881 0.00964884 260 -0.0308855 -0.0786465 3.36915 55.2245 -13 527 0 0 1
0.0251217 -0.0156569 260 0.0382068 -0.0208088 12.5034 23.9966 -13 528 0 0 1
-0.0398773 -0.0201439 260 -0.00988914 0.0275353 11.2884 31.5959 -13 529 0 0 1
-0.0809734 -0.0847495 260 -0.0259168 -0.00911113 8.3342 34.2293 -13 530 0 0 1
0.0256851 -0.0772661 260 -0.0334417 0.00840754 12.9627 21.3676 -13 531 0 0 1
-0.42714 0.0985547 260 -0.211724 0.178214 13.8467 36.282 -13 532 0 0 1
0.00839823 -0.0222184 260 -0.0144208 0.0574121 9.08423 33.7134 -13 533 0 0 1
-0.0819108 -0.00763223 260 0.00500141 0.0271335 9.17554 33.9324 -13 534 0 0 1
0.0100744 0.105436 260 0.00543176 -0.0564595 9.85512 12.5958 -13 535 0 0 1
0.109426 -0.0349069 260 -0.0172203 -0.0224596 13.0443 16.7666 -13 536 0 0 1
-0.114623 0.145177 260 0.128885 -0.00888426 4.56713 34.8749 -13 537 0 0 1
0.0804716 0.0606633 260 0.0110416 -0.0288185 14.4811 25.1214 -13 538 0 0 1
0.253659 0.0133348 260 -0.0287033 -0.140248 11.2929 14.4326 -13 539 0 0 1
0.696002 0.461753 260 -0.0245511 -0.036066 0.0589134 14.5161 11 539 1002 0 1
0.0896013 0.154862 260 0.0282337 -0.0205457 11.2746 34.2796 -13 540 0 0 1
-0.0901457 -0.184208 260 -0.0638039 0.0118839 7.41829 34.7381 -13 541 0 0 1
-0.125951 0.132296 260 0.0507639 0.0506272 12.797 11.4768 -13 542 0 0 1
0.187002 0.870737 260 -0.0366507 0.0131033 0.0458928 12.8401 11 542 1001 0 1
0.17208 -0.0127929 260 -0.0462233 -0.0362507 8.55677 23.9885 -13 543 0 0 1
0.206328 -0.221541 260 -0.0190294 -0.0692541 13.7353 35.1286 -13 544 0 0 1
-0.119995 0.224239 260 0.0758643 0.0508694 4.98702 44.7208 -13 545 0 0 1
-1.6228 -2.0994 260 0.0140409 -0.008402 0.0427793 42.4584 11 545 1003 0 1
0.0351841 0.0707077 260 0.0299078 0.0169236 6.70809 33.9371 -13 546 0 0 1
0.00746346 0.0357275 260 0.00589017 -0.00678485 10.6922 28.7026 -13 547 0 0 1
-0.0470591 -0.059136 260 -0.0156856 -0.00182953 9.8787 28.9439 -13 548 0 0 1
0.175928 0.019419 260 0.0249698 -0.0213798 9.63493 35.6937 -13 549 0 0 1
0.0395497 -0.00109686 260 -0.00814845 0.0107616 8.62519 27.7375 -13 550 0 0 1
0.0624951 0.0689507 260 4.03944e-05 -0.067914 10.5942 14.9573 -13 551 0 0 1
-0.157181 0.0375706 260 0.0135485 0.0645083 11.3319 18.7253 -13 552 0 0 1
0.0639133 0.00522881 260 0.00075943 -0.0803615 7.9338 23.8333 -13 553 0 0 1
-0.0504138 -0.243472 260 -0.14269 -0.0447691 5.0407 19.8232 -13 554 0 0 1
0.134273 0.048033 260 0.0610503 -0.0135999 7.98983 39.4075 -13 555 0 0 1
0.134243 -0.0147435 260 0.00524648 -0.0217461 6.18873 36.1086 -13 556 0 0 1
-0.0430312 0.0316588 260 -0.0222398 0.0201952 13.5727 13.7448 -13 557 0 0 1
-0.00422157 0.0579557 260 0.0375873 -0.0136778 10.9443 37.1258 -13 559 0 0 1
0.0239384 0.0311293 260 -0.0122994 -0.0311969 13.6074 8.01877 -13 560 0 0 1
-0.115824 -0.0920479 260 0.0301706 0.047733 5.27055 44.3885 -13 561 0 0 1
-0.0191427 -0.0211362 260 -0.00622004 0.00746023 11.059 12.4514 -13 562 0 0 1
0.0495874 -0.0438255 260 0.00929401 -0.0372968 12.1192 23.4188 -13 563 0 0 1
-0.00342362 -0.0235463 260 -0.00050954 -0.0163278 10.5871 37.3716 -13 564 0 0 1
-0.0112266 0.0517474 260 -0.0181102 -0.00282413 14.2306 12.3447 -13 565 0 0 1
0.0869399 -0.123496 260 -0.0355165 -0.0111122 9.44833 22.053 -13 566 0 0 1
0.0266088 -0.0164225 260 -0.00673953 -0.0066263 10.5865 20.7565 -13 567 0 0 1
-0.0396373 -0.112374 260 -0.0270776 -0.348288 11.8665 34.2519 -13 568 0 0 1
0.0455281 -0.0308168 260 -0.00274468 -0.0142607 13.555 18.4613 -13 569 0 0 1
0.0118983 0.0735168 260 0.0335713 -0.0103647 11.1083 34.5008 -13 570 0 0 1
-0.0328996 0.0725507 260 0.0305097 0.00480123 12.6446 21.1982 -13 571 0 0 1
0.00218489 0.047534 260 0.0252763 -0.0306168 9.9008 22.0815 -13 572 0 0 1
0.0421126 0.0127861 260 0.0217794 -0.0158921 6.64998 27.2024 -13 573 0 0 1
0.00990616 0.00281742 260 -0.00204618 -0.00360745 13.7457 15.8891 -13 574 0 0 1
-0.0135205 0.0270124 260 -0.0177206 0.0125406 7.12059 31.9875 -13 575 0 0 1
0.0441594 0.0230267 260 -0.0125899 -0.0510317 10.6208 28.1851 -13 576 0 0 1
0.0539683 -0.0224873 260 -0.0280837 -0.00335418 13.4061 9.98873 -13 577 0 0 1
0.327472 -0.48269 260 -0.141722 -0.0939123 8.42546 22.6518 -13 578 0 0 1
0.169267 0.111565 260 0.0229116 -0.0584954 13.9553 23.1112 -13 579 0 0 1
0.0540709 -0.00503087 260 -0.000131037 -0.0162894 12.7645 15.5019 -13 580 0 0 1
0.01118 -0.0257004 260 -0.00273589 -0.0315418 11.0932 36.7229 -13 581 0 0 1
0.0201993 0.059462 260 0.0387924 0.0388706 8.93477 23.1557 -13 582 0 0 1
-0.0161434 0.0146923 260 0.0238001 -0.0212781 7.72475 19.3359 -13 583 0 0 1
0.0105505 -0.0628035 260 -0.0176052 -0.00900063 13.9796 33.4867 -13 584 0 0 1
-0.00322501 -0.0217011 260 -0.00617956 -0.00062654 11.2564 16.6906 -13 585 0 0 1
0.0367737 0.0234475 260 -0.0241259 -0.0243082 9.39683 35.1282 -13 586 0 0 1
-0.00109128 -0.056649 260 -0.00134117 -0.0127413 13.7703 26.5107 -13 587 0 0 1
0.0610035 -0.0397851 260 -0.0336532 -0.00450751 9.6212 19.6921 -13 588 0 0 1
0.0665521 -0.107087 260 -0.0383817 -0.033958 13.2615 19.6923 -13 589 0 0 1
0.176918 0.560115 260 0.126267 -0.138768 9.17424 22.3437 -13 591 0 0 1
-0.0729811 -0.0533116 260 -0.0177682 0.0196683 8.32801 24.1653 -13 592 0 0 1
-0.0465815 -0.06237 260 0.0665488 -0.0291304 5.87686 43.1113 -13 593 0 0 1
-0.0373045 -0.0436163 260 -0.01717 0.0149771 10.7661 38.2295 -13 594 0 0 1
0.0372963 0.0120555 260 0.0138805 -0.0333918 10.0456 24.2585 -13 595 0 0 1
0.0198057 0.11171 260 -0.0422146 -0.018801 8.14376 28.515 -13 596 0 0 1
0.128865 -0.0830643 260 -0.00233006 -0.0431627 10.4333 21.0462 -13 597 0 0 1
0.123256 0.00699297 260 0.0228193 0.0294444 5.89936 22.9939 -13 599 0 0 1
0.36265 -0.09645 260 -0.102959 0.0659426 2.01076 39.7786 -13 600 0 0 1
-0.0163248 -0.0774152 260 -0.0274895 0.000764955 12.5616 25.7458 -13 601 0 0 1
0.170329 0.0415006 260 -0.00188671 -0.0193265 6.91443 35.5121 -13 602 0 0 1
0.100255 0.0620707 260 -0.0271711 -0.0453663 9.23769 32.6778 -13 603 0 0 1
-2.13902 -1.46634 260 -0.0188026 0.0235569 0.0717655 30.8962 11 603 1002 0 1
0.089821 0.0418051 260 0.0340931 0.00792504 7.57877 25.4658 -13 604 0 0 1
0.478227 -0.266025 260 -0.12811 -0.0780637 4.81614 26.5891 -13 605 0 0 1
0.0165085 0.0284725 260 0.016386 0.000770278 12.4595 24.2523 -13 606 0 0 1
-0.0151246 -0.0561942 260 -0.0126675 -0.00297359 11.8902 13.8449 -13 607 0 0 1
-0.154068 -0.148538 260 -0.0684158 0.0408137 12.9306 22.3275 -13 608 0 0 1
0.0133123 -0.0087101 260 -0.0406965 -0.0222771 11.8858 13.0271 -13 609 0 0 1
0.00419181 0.0122002 260 0.00578819 0.00940716 8.84374 18.0668 -13 610 0 0 1
-0.0267489 0.0289687 260 0.00832724 0.00873109 10.3414 14.2116 -13 611 0 0 1
-0.0220641 -0.105055 260 -0.054441 -0.018865 7.86902 23.9239 -13 612 0 0 1
0.0489097 0.0466789 260 0.0085947 -0.0231814 12.4739 22.2308 -13 613 0 0 1
-0.00176468 0.0240478 260 0.0221235 0.000790266 12.135 10.2677 -13 614 0 0 1
0.299094 0.299682 260 -0.0149221 -0.0943656 3.92504 41.0728 -13 615 0 0 1
0.278695 0.16512 260 0.0114022 -0.0261288 4.0854 47.952 -13 616 0 0 1
-0.089428 0.0830488 260 0.0110461 0.015953 10.8269 25.8503 -13 617 0 0 1
-0.0538062 0.0479657 260 0.0140286 0.00185677 8.13218 31.4386 -13 618 0 0 1
0.293815 -0.32122 260 -0.188044 0.0567934 4.94244 40.5124 -13 619 0 0 1
-0.0560438 0.0380481 260 0.0232718 0.00899542 12.3659 27.4323 -13 620 0 0 1
-0.418816 0.00349498 260 0.0440506 0.116258 5.27795 20.2183 -13 621 0 0 1
0.0215795 -0.0187871 260 -0.0218744 0.00980194 11.1649 36.648 -13 622 0 0 1
0.0508446 0.119091 260 0.00361991 0.00166095 9.72683 24.0209 -13 623 0 0 1
0.114367 0.00134489 260 -0.000179592 -0.0268086 14.1806 8.12433 -13 624 0 0 1
0.00704165 -0.0212192 260 0.011163 0.0389845 9.15423 26.3373 -13 625 0 0 1
-0.106084 -0.0741187 260 -0.0200872 0.0131072 6.12976 23.6762 -13 626 0 0 1
-0.0225806 0.0347339 260 0.00656236 -0.0131978 9.42868 27.794 -13 627 0 0 1
-0.189517 0.552479 260 0.177031 0.0361129 3.11241 46.3636 -13 628 0 0 1
0.0352286 0.0460536 260 0.0207626 -0.00509995 10.458 15.3926 -13 629 0 0 1
0.00273337 -0.0338738 260 -0.0192871 -0.0244294 11.7888 35.6874 -13 630 0 0 1
-0.108005 -0.10696 260 -0.0961346 0.0407796 8.88215 38.3759 -13 631 0 0 1
-0.0125355 0.0165841 260 0.00546018 0.00249723 14.0735 19.1714 -13 632 0 0 1
-0.0858763 0.0381294 260 0.0378331 -0.00485876 8.36763 19.7088 -13 633 0 0 1
-0.103625 0.183724 260 -0.0271652 -0.027992 4.89176 21.8111 -13 634 0 0 1
0.0236602 -0.0341337 260 -0.0158409 0.0559124 8.07344 29.0838 -13 635 0 0 1
-0.0900614 0.254123 260 0.0720983 0.041116 14.1013 14.2074 -13 636 0 0 1
-0.676153 -2.13479 260 0.0321393 0.0356813 0.0519 15.3642 11 636 1001 0 1
-0.0769799 -0.0771508 260 -0.0352593 0.0236733 8.02827 33.7418 -13 637 0 0 1
-0.0199012 0.0656233 260 0.0368618 -0.0527183 12.708 23.5015 -13 638 0 0 1
0.0227202 -0.078446 260 -0.0264046 -0.00853051 14.0031 12.4345 -13 639 0 0 1
0.0171049 -0.0301938 260 -0.00360175 -0.0544588 10.8853 9.96891 -13 640 0 0 1
0.260517 -0.0772026 260 -0.0175978 -0.108929 4.55945 30.4741 -13 641 0 0 1
0.206348 -0.00769351 260 0.10653 0.070019 7.21635 36.1774 -13 642 0 0 1
-0.0201458 -0.0360588 260 -0.000136063 0.00671131 11.0751 9.36358 -13 643 0 0 1
-0.0488702 -0.0673584 260 -0.0023414 0.0520359 13.7391 25.5656 -13 644 0 0 1
0.0389726 0.0239653 260 0.00966561 0.00859203 9.72512 12.1339 -13 645 0 0 1
-0.0447326 -0.081758 260 -0.0357468 0.0078683 13.763 24.0412 -13 646 0 0 1
0.0794674 0.0801329 260 0.0441993 -0.0583671 6.01085 42.6346 -13 647 0 0 1
0.123722 0.281201 260 0.0307457 -0.0139611 4.20168 35.0198 -13 648 0 0 1
0.0515863 -0.0781404 260 -0.0661045 -0.0133609 6.34225 25.213 -13 649 0 0 1
-0.0470656 -0.0393819 260 -0.0113664 0.0211556 13.5382 11.3129 -13 650 0 0 1
-0.0696763 0.0247294 260 0.00425439 0.0178908 10.096 22.5033 -13 651 0 0 1
0.210974 -0.0410973 260 0.0304117 -0.0604087 10.4772 35.2394 -13 652 0 0 1
2.8082 -3.39538 260 0.0335491 -0.0117213 0.010898 40.1178 11 652 1001 0 1
0.0213333 -0.0147781 260 0.0146543 -0.00697506 11.9734 25.6734 -13 653 0 0 1
-0.00494815 -0.00920905 260 -0.00170749 0.00569575 12.3056 20.2156 -13 654 0 0 1
-0.0177717 0.000430528 260 0.0213536 0.0197414 14.3639 29.0169 -13 655 0 0 1
-0.0269685 0.0528099 260 -0.00672482 -0.00125089 9.59815 26.1246 -13 656 0 0 1
-0.00707252 0.010154 260 0.00881676 -0.0664432 8.01091 33.7699 -13 657 0 0 1
0.136807 -0.101342 260 -0.0654747 -0.0582873 5.09528 34.8874 -13 658 0 0 1
-0.0866709 0.0156571 260 0.0319959 -0.0210391 14.4595 20.6059 -13 659 0 0 1
0.0221285 0.17955 260 -0.0150838 0.250132 11.7011 30.6692 -13 660 0 0 1
0.0664338 0.137126 260 0.057721 0.03674 10.6507 25.0424 -13 661 0 0 1
-0.0682898 -0.0184601 260 0.013073 0.0184038 12.1358 19.3701 -13 662 0 0 1
-0.206124 0.030651 260 -0.0416509 0.0919765 9.55765 39.2041 -13 663 0 0 1
-0.410717 -0.137179 260 -0.176904 -0.0127372 8.23677 40.6858 -13 664 0 0 1
-0.0142911 -0.0157715 260 0.00692948 0.0126817 11.3508 10.4802 -13 665 0 0 1
-0.0568855 -0.0539093 260 -0.0211216 0.0461985 11.7895 22.8193 -13 666 0 0 1
-0.0232057 0.0394001 260 -0.00807361 -0.0165777 13.0905 20.2375 -13 667 0 0 1
-0.0874494 0.202648 260 0.0210512 0.107393 6.7096 24.5178 -13 668 0 0 1
-0.00757532 0.0130813 260 0.010952 0.00590953 9.59917 27.7862 -13 669 0 0 1
0.00237312 -0.0527203 260 -0.0197786 0.0376744 13.5757 24.3764 -13 670 0 0 1
-0.00205914 -0.0417802 260 -0.0092795 0.00336287 13.15 27.0935 -13 671 0 0 1
0.203267 0.111193 260 -0.0487987 -0.0198045 1.46336 61.677 -13 672 0 0 1
0.0622964 -0.042913 260 -0.000909707 0.0057913 3.95361 36.8798 -13 673 0 0 1
-0.00531039 -0.0139504 260 0.0101607 -0.0184922 12.5536 37.0066 -13 674 0 0 1
-0.0742124 -0.12898 260 0.0552819 0.0489549 7.21724 21.1518 -13 675 0 0 1
0.046171 -0.0456586 260 -0.0133 -0.0271459 12.9129 33.5743 -13 676 0 0 1
-0.058018 0.0194828 260 0.0154002 -0.00497119 11.8335 14.9383 -13 677 0 0 1
-0.101011 -0.0610864 260 -0.023506 -0.00123337 9.42174 25.8847 -13 678 0 0 1
0.0264322 0.0501398 260 0.028662 0.060227 8.13544 24.4343 -13 679 0 0 1
-0.0907392 0.0670497 260 0.00583444 0.00370281 9.27076 28.8974 -13 680 0 0 1
-0.0039571 -0.0157435 260 -0.0067628 -0.0221161 14.0729 9.68032 -13 681 0 0 1
0.0272413 0.0420696 260 0.00579039 -0.0122565 13.2645 8.43601 -13 682 0 0 1
0.096155 0.0207649 260 0.00385872 -0.0451259 13.0055 32.3936 -13 683 0 0 1
0.433399 -0.330818 260 -0.371408 0.177855 8.63523 27.5033 -13 684 0 0 1
0.0541537 -0.0501406 260 -0.0127391 -0.00611957 8.07093 19.1931 -13 685 0 0 1
-0.141781 0.0238336 260 -0.00348084 0.0405685 11.5906 35.4191 -13 686 0 0 1
1.9882 3.05843 260 -0.00843369 0.026728 0.0621051 36.1457 11 686 1002 0 1
0.00569241 -0.0677826 260 -0.0243825 -0.00927154 9.0394 17.0974 -13 687 0 0 1
0.107717 0.126124 260 0.0340177 -0.0303208 12.8522 30.4868 -13 688 0 0 1
-0.0242191 0.0522046 260 -0.0456791 0.0292002 9.83629 32.2331 -13 689 0 0 1
1.62459 -1.21019 260 0.0141281 -0.0407077 0.0614193 31.4812 11 689 1002 0 1
-0.094109 0.0960477 260 0.0508605 0.01998 5.28533 37.1629 -13 690 0 0 1
0.0763682 -0.0683161 260 -0.00758391 -0.0609564 12.3191 24.8998 -13 691 0 0 1
-0.105537 0.0444554 260 -0.0145667 0.00352655 7.47389 14.4301 -13 692 0 0 1
0.000455747 -0.0232645 260 -0.0144257 0.00333335 12.7808 28.417 -13 693 0 0 1
0.178077 0.110116 260 0.0100092 0.0397394 4.0403 33.5787 -13 694 0 0 1
-0.158509 -0.113161 260 -0.0608419 0.0409015 7.37465 23.7875 -13 695 0 0 1
-0.00157067 -0.116484 260 -0.0326094 0.0272423 6.67175 27.7641 -13 696 0 0 1
3.61118 3.46181 260 0.0100288 -0.00682218 0.0346284 27.9003 11 696 1002 0 1
0.0202045 0.0314199 260 -0.00538374 0.0105945 10.0295 28.025 -13 697 0 0 1
0.167634 -0.062994 260 -0.00621578 -0.0237533 8.76848 18.7276 -13 698 0 0 1
-0.0126251 -0.027361 260 -0.0112878 -0.00302901 13.3529 31.0017 -13 699 0 0 1
0.680729 -1.11066 260 0.0342233 -0.77009 8.7831 21.2913 -13 700 0 0 1
0.172809 0.0669535 260 0.0319248 -0.0621779 9.0852 12.7037 -13 701 0 0 1
-0.010585 0.0145151 260 0.00164825 0.00970395 12.3053 33.1994 -13 702 0 0 1
0.0385011 0.0364365 260 0.0260035 0.0259324 12.0775 30.2286 -13 703 0 0 1
0.115102 0.094338 260 0.0197569 -0.00781994 9.42036 18.8673 -13 704 0 0 1
0.00476058 -0.0208752 260 -0.0412452 -0.000125074 10.1037 16.101 -13 705 0 0 1
-0.184507 0.0128607 260 -0.0191554 0.0119014 9.59787 25.4681 -13 706 0 0 1
-0.0112822 -0.0110033 260 1.07198e-05 0.00977151 13.8765 8.42998 -13 707 0 0 1
0.00378004 0.119087 260 0.0234001 0.0156794 10.5477 27.1671 -13 708 0 0 1
0.262583 -0.0837945 260 -0.0889787 -0.201245 3.80371 37.831 -13 709 0 0 1
-0.131178 -0.0898068 260 -0.0213171 0.0310639 7.97153 31.7431 -13 710 0 0 1
-0.0984157 -0.0792168 260 -0.069075 -0.0413288 14.1667 8.54666 -13 711 0 0 1
0.100459 -0.0731285 260 -0.0161091 -0.0240985 11.6144 28.0217 -13 712 0 0 1
-0.058165 -0.0429238 260 0.0336137 0.0108502 6.41994 36.5659 -13 713 0 0 1
-0.0350947 -0.0458912 260 0.0277764 0.0175578 14.0572 28.0856 -13 714 0 0 1
0.00646066 -0.0230279 260 -0.00464953 -0.0101891 12.3829 37.1595 -13 715 0 0 1
0.0565883 -0.0201121 260 -0.00703816 -0.0311312 13.1252 28.0085 -13 716 0 0 1
-0.0306534 0.0242073 260 0.0010418 0.0231493 10.6086 24.3621 -13 717 0 0 1
0.0111097 0.16304 260 0.0397399 -0.00233925 8.70258 18.9383 -13 718 0 0 1
-0.220242 -0.214006 260 -0.0865143 0.0329302 10.6694 17.6525 -13 719 0 0 1
0.091177 0.144855 260 0.0327309 -0.0471689 11.2882 37.1271 -13 720 0 0 1
0.0598289 -0.0379729 260 -0.00794824 -0.0301246 9.7016 35.6079 -13 721 0 0 1
0.0932137 0.473952 260 0.0834826 -0.0989636 5.31977 28.3616 -13 722 0 0 1
0.00868837 -0.0861549 260 -0.0101102 -0.00469742 8.57678 14.5482 -13 723 0 0 1
0.0257703 -0.0428733 260 0.000883932 -0.00559527 5.00249 40.7368 -13 724 0 0 1
-0.0302016 -0.0573918 260 9.42876e-05 -0.0147537 9.61919 21.7258 -13 725 0 0 1
-0.0967467 0.0833538 260 0.0321178 0.0331674 13.6199 22.5824 -13 726 0 0 1
0.0118384 0.0744066 260 0.0273759 0.0150611 14.1471 11.8245 -13 727 0 0 1
0.131804 -0.00349374 260 0.0763587 0.078481 3.24076 50.1801 -13 728 0 0 1
0.0429479 0.00813122 260 0.0234051 0.00401346 5.52311 27.8426 -13 729 0 0 1
-0.0214642 0.0433647 260 0.0143361 0.0112281 11.2107 15.8314 -13 730 0 0 1
0.0112458 0.0232876 260 -0.00509299 0.00621812 10.9723 11.7788 -13 731 0 0 1
0.896521 0.991347 260 -0.0570785 -0.213327 2.48067 53.0073 -13 732 0 0 1
0.0406805 0.0569908 260 -0.0110283 0.00362309 4.82314 31.3814 -13 733 0 0 1
0.100281 -0.0432231 260 -0.0528335 -0.0405971 7.92299 15.9961 -13 734 0 0 1
0.0215891 0.082557 260 -0.00432622 -0.0229851 10.9906 25.4894 -13 735 0 0 1
0.0143775 -0.0184505 260 -0.00611682 -0.0331097 10.9973 18.4361 -13 736 0 0 1
-0.0572979 0.0642355 260 0.00554944 0.00727803 8.27879 31.8468 -13 737 0 0 1
0.147813 0.118 260 -0.0257242 -0.0442283 8.42674 34.3238 -13 738 0 0 1
-0.0275514 -0.0858284 260 -0.027831 0.0648652 11.908 28.7735 -13 739 0 0 1
-0.182739 -0.0513723 260 -0.0016248 0.0207749 13.0403 31.1151 -13 740 0 0 1
0.017988 -0.0971053 260 -0.0451399 -0.0143794 8.71669 30.4149 -13 741 0 0 1
0.0557554 0.064429 260 0.0478182 -0.0143865 4.37676 44.7622 -13 742 0 0 1
-0.0218241 -0.0797172 260 -0.0391864 0.00968283 8.3489 13.2021 -13 743 0 0 1
0.378531 0.0860769 260 -0.0436204 0.294246 3.17846 34.9489 -13 744 0 0 1
0.056729 0.000227366 260 0.00799705 -0.0163749 11.507 23.1613 -13 745 0 0 1
0.0692015 -0.0237364 260 0.0212978 -0.0334943 8.58326 37.0152 -13 746 0 0 1
0.00104102 0.0126087 260 -0.0181153 -0.0268081 11.8537 30.9833 -13 747 0 0 1
0.152736 -0.041606 260 0.0306709 -0.0190068 10.5734 26.1606 -13 748 0 0 1
-0.020955 -0.0492781 260 0.0145505 -0.00217638 12.1293 9.49855 -13 749 0 0 1
0.0247872 -0.0536155 260 0.0249249 -0.0389406 10.4017 30.951 -13 750 0 0 1
-0.288707 -0.525403 260 -0.0341461 0.025274 0.0396775 33.1114 11 750 1001 0 1
-0.0834027 0.143493 260 0.0490182 0.0198408 11.1421 32.8857 -13 751 0 0 1
-0.0284006 0.10967 260 0.00192475 0.0527147 6.6115 18.6087 -13 752 0 0 1
-0.0939053 1.19248 260 0.0135819 -0.0137963 -0.0451546 26.0291 11 752 1001 0 1
0.114624 -0.0888924 260 -0.0405328 -0.0412877 10.7979 11.7415 -13 753 0 0 1
-0.00325594 -0.00843057 260 -0.00649835 0.00608281 8.68916 36.4779 -13 754 0 0 1
0.0312045 -0.057185 260 -0.0263983 0.00935417 7.95221 19.3305 -13 755 0 0 1
-0.2748 -0.216484 260 -0.0270583 -0.0376583 5.45056 29.0895 -13 756 0 0 1
-0.105776 0.151786 260 0.01439 0.023487 7.29349 25.6716 -13 757 0 0 1
0.0130293 -0.0448054 260 0.0289532 -0.0190773 7.9209 14.673 -13 758 0 0 1
0.00531827 0.0475962 260 0.0138568 -0.00477267 14.1798 22.4754 -13 759 0 0 1
0.0672044 -0.0835581 260 -0.0344196 -0.0162869 8.11964 32.1554 -13 760 0 0 1
-0.07369 -0.0456768 260 -0.0524141 0.059222 6.4899 21.6375 -13 761 0 0 1
0.0296406 0.0455553 260 0.000779787 -0.0268596 13.868 35.4618 -13 762 0 0 1
0.0182997 0.0389021 260 0.010646 0.0177201 11.1565 34.8924 -13 763 0 0 1
-0.025939 -0.0110449 260 -0.00674977 -0.0184544 9.87899 20.7625 -13 764 0 0 1
-0.0510112 -0.0242137 260 -0.010482 -0.110816 5.86636 23.2607 -13 765 0 0 1
-0.0695367 0.130158 260 0.0100241 -0.0369295 8.60746 16.3704 -13 766 0 0 1
0.0431617 -0.128403 260 -0.061025 0.00241083 12.5984 36.9606 -13 767 0 0 1
0.190004 -0.0592157 260 0.0471833 0.01159 0.0593819 37.0875 11 767 1003 0 1
-0.0163253 0.0112468 260 0.0109513 -0.00642841 12.8817 28.5282 -13 768 0 0 1
0.0842553 0.00137889 260 0.0260876 -0.0447452 7.02053 18.154 -13 769 0 0 1
-0.0243387 0.0379857 260 -0.00705844 -0.0238365 13.6476 14.0546 -13 770 0 0 1
-0.0223591 -0.0294237 260 -0.0468177 -0.0272777 10.9046 15.0911 -13 771 0 0 1
-0.101718 0.00423603 260 0.041725 0.0709891 14.3419 9.2366 -13 772 0 0 1
0.101262 -0.0130434 260 -0.0406805 -0.0271409 11.4339 13.4077 -13 773 0 0 1
-0.0144159 0.023504 260 0.0152362 0.0775165 13.411 11.0212 -13 774 0 0 1
-0.282962 -0.333549 260 -0.103767 0.105609 3.86414 26.778 -13 775 0 0 1
-0.0385861 -0.0337937 260 -0.046763 0.0454897 11.8233 19.906 -13 776 0 0 1
-4.1362 0.914767 260 -0.00128019 -0.00872333 0.0339275 22.4163 11 776 1001 0 1
-0.0218937 0.0714848 260 0.00139053 0.0152996 10.6916 21.6082 -13 777 0 0 1
-0.0810493 -0.0106555 260 -0.00996051 0.0438984 8.64422 29.8324 -13 778 0 0 1
-0.0869471 -0.0125508 260 -0.15314 -0.0121345 12.9453 8.18496 -13 779 0 0 1
-0.0694386 -0.17391 260 -0.0428616 0.0480315 9.59938 14.6432 -13 780 0 0 1
-0.608448 -0.174478 260 -0.138779 0.18844 11.6437 12.8349 -13 781 0 0 1
0.0333166 -0.164202 260 -0.0421616 0.0253342 10.0759 13.0898 -13 782 0 0 1
0.224288 -0.14076 260 -0.065183 0.00403343 6.98906 30.2471 -13 783 0 0 1
0.00625318 -0.0224917 260 0.11758 0.0428277 6.90699 16.4714 -13 784 0 0 1
-0.264472 -0.0345642 260 -0.0998637 0.0259488 5.08173 32.8647 -13 785 0 0 1
-0.165891 -0.0411095 260 0.0221611 0.0403418 9.59288 29.0089 -13 786 0 0 1
0.0703258 0.121704 260 0.0235204 -0.0155865 8.929 27.5555 -13 787 0 0 1
-0.158258 0.0438936 260 0.015313 -0.0277351 12.336 26.193 -13 788 0 0 1
-5.89133 4.03518 260 0.0123636 0.0189451 0.0260191 32.4834 11 788 1001 0 1
0.0105866 0.0443965 260 0.0118086 0.0083121 14.17 22.1743 -13 789 0 0 1
-0.00631045 -0.0269892 260 0.0117134 0.00757144 9.9717 36.712 -13 790 0 0 1
-0.141391 0.259318 260 -0.00371834 0.0214033 4.99685 43.3234 -13 791 0 0 1
-0.024905 -0.0417628 260 -0.0162468 0.0330018 11.7918 36.5433 -13 792 0 0 1
-0.00684165 -0.0153158 260 -0.00564054 0.0238743 11.4333 25.5445 -13 793 0 0 1
0.0532919 -0.0667211 260 0.0177463 -0.0480039 7.49835 25.2452 -13 794 0 0 1
-0.113953 -0.0161684 260 0.122917 0.0188217 11.5023 17.0125 -13 795 0 0 1
0.0369626 -0.00414538 260 0.00318139 0.00216935 8.91119 33.6827 -13 796 0 0 1
-0.00859858 0.0483667 260 0.0118498 0.0195968 14.0188 31.872 -13 797 0 0 1
0.0963102 -0.0410259 260 -0.0146128 -0.0375616 13.7182 32.3188 -13 798 0 0 1
0.0155364 0.0312539 260 0.00481198 0.00244982 9.39127 39.6431 -13 799 0 0 1
0.000556736 0.00269219 260 -0.00666026 0.0018114 13.5596 9.72142 -13 800 0 0 1
0.0163761 0.0657292 260 0.0320806 0.00115755 5.81991 21.1401 -13 801 0 0 1
-0.105884 0.175257 260 0.00966143 -0.0235127 7.06026 33.2956 -13 803 0 0 1
-0.0216413 0.00716083 260 -0.00493049 0.0256002 13.0159 15.1778 -13 804 0 0 1
-0.0329769 -0.0750872 260 -0.0269635 0.0025313 12.5881 34.7845 -13 805 0 0 1
0.0301039 0.207715 260 -0.00649581 -0.0711551 3.21328 35.7781 -13 806 0 0 1
-0.0344021 -0.00340148 260 -0.0164387 0.0306949 13.6563 17.8297 -13 807 0 0 1
-0.067512 -0.246628 260 -0.087089 -0.251444 7.10142 23.1332 -13 808 0 0 1
-0.0138855 0.0236307 260 -0.00115343 -0.00577907 14.3136 20.6582 -13 809 0 0 1
0.0652478 0.0440009 260 0.00689457 -0.0414366 10.8203 25.0876 -13 810 0 0 1
-0.182375 0.372502 260 0.0651938 0.127297 5.73266 19.5043 -13 811 0 0 1
-0.191362 0.202752 260 0.0645235 0.0485818 6.5915 16.5871 -13 812 0 0 1
0 0 260 0 0 13.221 18.336 -13 813 0 0 1
-0.0146815 0.0050217 260 0.00158575 0.036407 9.63902 20.89 -13 814 0 0 1
0.0265315 0.00877587 260 0.0114387 -0.0154607 11.675 35.8267 -13 815 0 0 1
0.0585391 -0.222253 260 -0.0401458 -0.028746 6.08106 20.3903 -13 816 0 0 1
0.0706737 -0.0853712 260 -0.225516 -0.240817 5.35057 41.9897 -13 817 0 0 1
-2.11886 2.22786 260 -0.00714668 0.00364346 0.0385225 39.7041 11 817 1002 0 1
0.0887531 0.12946 260 0.0934738 -0.0217311 11.4745 37.39 -13 818 0 0 1
-0.11467 -0.0770572 260 -0.0339878 -0.00354462 6.21479 42.0017 -13 819 0 0 1
0.0716066 0.0719829 260 0.0160348 -0.0349753 13.4014 14.1819 -13 820 0 0 1
0.000588944 0.0518384 260 0.0114329 0.015413 8.48797 15.1848 -13 821 0 0 1
0.176851 -0.0434855 260 -0.0761741 -0.00929865 11.6971 36.9816 -13 822 0 0 1
-0.0699008 -0.046549 260 -0.00559088 0.0120375 12.6259 31.0094 -13 823 0 0 1
0.0135233 -0.00808157 260 -0.00796078 -0.00579926 14.5641 27.7584 -13 824 0 0 1
0.0104572 -0.00122405 260 0.0153329 0.00273017 14.4599 32.8981 -13 825 0 0 1
-0.110486 0.0208096 260 -0.0508998 0.0378466 7.6275 25.8943 -13 826 0 0 1
-0.106089 0.250313 260 0.066235 0.048241 3.92198 52.0269 -13 827 0 0 1
0.102336 0.11808 260 0.0584158 -0.020136 8.65043 37.8698 -13 828 0 0 1
0.0724724 0.0828464 260 0.03832 0.0295417 10.0973 36.091 -13 829 0 0 1
0.00549078 0.000233917 260 -0.00456561 -0.00150643 14.0837 36.1149 -13 830 0 0 1
0.0496403 -0.0453709 260 -0.029101 -0.0441431 8.42864 18.394 -13 831 0 0 1
0.0138685 -0.0623423 260 -0.0107726 -0.0120249 13.7998 20.8137 -13 832 0 0 1
0.00971623 0.144187 260 0.0226321 -0.0423833 9.05172 40.0348 -13 833 0 0 1
0.152805 -0.175007 260 -0.0446129 -0.0737027 5.45779 41.638 -13 834 0 0 1
0.0715591 0.119979 260 0.049296 -0.0355213 7.8611 40.0659 -13 835 0 0 1
0.0367685 0.0213743 260 -0.0152622 -0.0195597 11.8658 29.991 -13 836 0 0 1
-0.0565984 0.000144769 260 -0.0329254 -0.00234186 10.8304 18.207 -13 837 0 0 1
0.0691336 0.0495991 260 -0.000986091 -0.0280688 12.836 24.56 -13 838 0 0 1
0.00776249 0.0267104 260 0.0104551 -0.00769344 11.1415 30.3875 -13 839 0 0 1
0.128284 0.162015 260 0.0394532 -0.0158226 9.8644 31.458 -13 840 0 0 1
0.028666 -0.423675 260 -0.0344361 -0.0526211 6.20908 42.1359 -13 842 0 0 1
-0.0565224 0.18348 260 0.0702621 0.0297292 8.30709 18.7069 -13 843 0 0 1
-0.0393651 0.156851 260 0.0993656 -0.0298745 4.4387 44.5964 -13 844 0 0 1
-0.0131517 -0.139308 260 -0.0333752 0.00156557 13.4936 16.3754 -13 845 0 0 1
-0.00327045 0.131301 260 0.0408787 0.00855079 12.3074 24.6953 -13 846 0 0 1
-0.0645628 0.115768 260 -0.0597123 0.0223516 4.73116 29.0228 -13 847 0 0 1
3.33732 0.0866541 260 -0.0119397 0.00141846 0.0355634 27.46 11 847 1004 0 1
-0.0617569 0.202061 260 0.0594883 0.114171 4.75133 46.9098 -13 848 0 0 1
-0.0295098 0.032642 260 0.0053117 -0.00278376 9.6297 12.4622 -13 849 0 0 1
-0.0182517 0.0763474 260 0.0257788 0.00676978 12.3867 30.0795 -13 850 0 0 1
-0.0493888 -0.0585951 260 0.00942795 0.0117832 8.91722 18.8206 -13 851 0 0 1
0.326884 -0.314436 260 -0.127828 0.0932933 2.10562 60.3743 -13 852 0 0 1
0.139721 0.289171 260 0.152739 0.127162 4.91586 22.8456 -13 853 0 0 1
0.081982 0.0767135 260 0.0121037 -0.0154911 11.4757 12.004 -13 854 0 0 1
-0.00102145 0.0280856 260 -0.0133903 -0.00316072 11.5682 32.0774 -13 855 0 0 1
0.0542484 0.087317 260 -0.00270597 -0.00828195 14.3263 15.1309 -13 857 0 0 1
-0.0539819 0.00225706 260 0.0055649 0.024355 10.2319 35.7833 -13 858 0 0 1
-0.00140759 0.0317342 260 -0.000105344 0.00756504 12.9599 19.2969 -13 859 0 0 1
0.00763674 0.0744314 260 -0.00257212 -0.0324232 13.0456 32.4099 -13 860 0 0 1
0.014064 0.0308908 260 0.0277671 0.0221961 0.012551 32.468 11 860 1001 0 1
-0.0040616 -0.0230433 260 -0.0163182 -0.00142781 11.1866 11.8106 -13 861 0 0 1
0.00854838 0.273245 260 -0.0351476 -0.0777396 5.89307 37.0912 -13 862 0 0 1
-0.101073 -0.610636 260 -0.174503 -0.0315879 4.11058 29.5383 -13 863 0 0 1
0.124653 -0.0205489 260 -0.0309527 -0.00426851 6.90266 27.2508 -13 865 0 0 1
0.291205 -1.48834 260 0.0329827 0.021207 0.0214729 27.0471 11 865 1001 0 1
0.0613379 -0.0817286 260 -0.098391 -0.0222397 5.58349 45.4021 -13 866 0 0 1
0.198546 0.0970458 260 0.0336627 -0.0451482 8.36548 21.7205 -13 868 0 0 1
0.0286265 0.169682 260 0.0116467 0.0397359 9.18866 31.2965 -13 869 0 0 1
-0.281506 0.139272 260 0.0897612 0.0629831 12.3786 23.1531 -13 870 0 0 1
0.0192864 0.0782218 260 0.0291582 0.00392293 13.7412 29.4471 -13 871 0 0 1
0.310674 -0.238047 260 -0.116323 -0.021491 5.32368 38.1386 -13 872 0 0 1
-0.330519 -0.30235 260 -0.113984 0.0678833 4.56585 25.967 -13 873 0 0 1
0.0323384 0.272153 260 0.0480336 -0.0597068 4.91259 32.3105 -13 874 0 0 1
0.0569243 -0.00329231 260 -0.00890287 0.0383652 3.56389 27.4464 -13 875 0 0 1
0.0344005 -0.0119742 260 -0.0113479 -0.0181411 11.7849 20.0211 -13 876 0 0 1
0.00634573 -0.0753318 260 -0.0246659 -0.0106278 9.2381 33.4325 -13 877 0 0 1
-0.72857 -1.85989 260 -0.013804 -0.0963323 0.520948 65.2617 -13 878 0 0 1
-0.0115294 0.00251393 260 -0.00267618 0.000203161 14.2489 32.9981 -13 879 0 0 1
0.0229701 -0.0127126 260 -0.0192403 -0.0060089 12.9428 13.0691 -13 880 0 0 1
-0.0178754 0.0126902 260 0.00238475 -0.000846964 14.5366 19.4167 -13 881 0 0 1
0.186758 0.149887 260 0.0416807 -0.0338535 6.55885 35.7872 -13 882 0 0 1
0.0170848 0.0245388 260 0.0138734 -0.00171211 7.16539 37.4254 -13 883 0 0 1
0.0521053 0.0802992 260 0.0811837 -0.0186405 5.76989 33.5316 -13 884 0 0 1
-0.0214043 0.0258852 260 0.0210764 -0.0342307 12.5783 9.4698 -13 885 0 0 1
-0.0702367 0.0224077 260 0.00325646 0.0191566 8.49455 18.0027 -13 886 0 0 1
-0.015826 0.0148794 260 -0.0338345 0.02624 8.5376 11.9221 -13 887 0 0 1
-0.0483715 -0.0188341 260 0.00273544 0.0620909 8.54895 30.6165 -13 888 0 0 1
-0.637876 0.0733271 260 0.0168528 0.0144162 0.0307372 32.1129 11 888 1002 0 1
0.070686 -0.0219274 260 -0.0180281 -0.00648932 11.331 33.3356 -13 889 0 0 1
0.013127 0.0321695 260 0.0187685 0.00199758 10.8473 20.7739 -13 890 0 0 1
-0.0523696 -0.0239915 260 0.0160835 0.0426256 7.58769 20.8743 -13 891 0 0 1
0.018723 -0.0141631 260 -0.0063956 -0.00912672 14.0682 15.8446 -13 892 0 0 1
-0.00933352 0.0147718 260 -0.0109583 -0.000327907 9.39358 13.9542 -13 893 0 0 1
0.00367563 0.191876 260 0.0329768 -0.0238255 12.6174 26.2272 -13 894 0 0 1
0.0117334 -0.00431558 260 0.0217669 -0.00717436 11.621 25.2746 -13 895 0 0 1
-0.0269336 -0.0270172 260 -0.005204 0.0198978 6.83096 35.6535 -13 896 0 0 1
0.0156536 0.044508 260 -0.00647467 -0.0136374 10.3669 16.6422 -13 897 0 0 1
-0.368273 -0.412464 260 -0.201368 0.0466202 8.39601 28.0204 -13 898 0 0 1
0.0010858 -0.0151459 260 0.0753342 0.015295 6.76738 23.8374 -13 899 0 0 1
0.0439922 0.0191044 260 0.0248667 -0.000527313 11.4556 10.3448 -13 900 0 0 1
0.046964 -0.0477071 260 0.0036094 -0.0208087 5.45202 45.6362 -13 901 0 0 1
-0.250338 0.0860315 260 -0.0439646 0.061253 8.59484 13.5957 -13 902 0 0 1
-0.110857 0.0894603 260 0.0558236 0.050232 6.69793 22.043 -13 903 0 0 1
0.0301843 0.0383505 260 0.00722621 -0.00770218 12.5612 15.425 -13 904 0 0 1
-0.0054654 -0.059879 260 0.00673519 -0.106779 5.20952 36.0904 -13 905 0 0 1
-0.0814523 -0.0680581 260 -0.077462 0.0252893 10.4687 29.1722 -13 906 0 0 1
-0.121727 0.103017 260 0.087722 0.00424318 11.6417 34.8307 -13 907 0 0 1
0.000267505 -5.67218e-05 260 0.00218402 -0.000462824 12.9565 11.0402 -13 908 0 0 1
0.0054805 -0.0399897 260 -0.0194726 0.00472176 7.29493 28.1294 -13 909 0 0 1
-0.00293071 -0.175008 260 -0.0589491 -0.00105226 9.3126 12.1359 -13 910 0 0 1
-0.188507 -0.181916 260 0.0309558 0.0636458 2.4123 56.9677 -13 911 0 0 1
0.0156095 -0.0221548 260 -0.00577819 -0.00940303 11.8469 10.2854 -13 912 0 0 1
-0.0186622 -0.0220378 260 0.010058 -0.000562666 10.3061 11.4694 -13 914 0 0 1
0.0770455 0.234892 260 0.0388536 -0.0614695 9.12674 16.9608 -13 915 0 0 1
0.0353032 -0.00258841 260 0.0474358 -0.00568914 13.8145 25.9804 -13 916 0 0 1
0.0902373 -0.103073 260 -0.0259527 -0.0303653 12.5024 27.4367 -13 917 0 0 1
-0.0359721 -0.0426158 260 -0.0122388 0.0108872 12.8602 31.7879 -13 918 0 0 1
0.253395 -0.182175 260 0.022421 0.00781769 3.93208 29.0503 -13 919 0 0 1
0.154138 -0.0024775 260 0.0188836 -0.0145434 8.65651 14.3732 -13 920 0 0 1
-0.0816424 0.0330532 260 0.0272805 0.0314036 14.0863 13.2946 -13 921 0 0 1
0.0215583 0.00955299 260 0.00506664 -0.00823306 12.8683 28.713 -13 922 0 0 1
0.178178 -0.279995 260 -0.14992 -0.0120036 4.167 50.8957 -13 923 0 0 1
-0.0135804 -0.0279765 260 -0.0225892 -0.0103972 13.6204 21.1466 -13 924 0 0 1
1.56956 -1.66136 260 0.0341382 0.00374674 -0.0336321 35.6127 11 924 1002 0 1
-0.0572054 -2.88952 260 0.00978266 -0.0299083 0.0153305 40.7557 11 924 1002 0 1
-0.0782389 0.0790228 260 -0.0157138 0.0178312 13.9443 35.5338 -13 925 0 0 1
0.146584 -0.00938831 260 0.0257716 -0.0438943 12.8159 8.52926 -13 926 0 0 1
0.0468668 0.0231781 260 -0.00652106 0.0192563 4.89101 34.08 -13 927 0 0 1
0.0372063 0.00585465 260 -0.00756526 -0.00984163 11.7891 31.9712 -13 928 0 0 1
0.0101527 0.0137312 260 0.0131054 0.0082015 13.5631 13.9148 -13 929 0 0 1
0.0448675 0.0421309 260 0.0114195 -0.0164654 12.7433 25.9624 -13 930 0 0 1
0.0125018 0.0271824 260 0.0221309 -0.00147868 13.3215 28.6894 -13 931 0 0 1
0.135795 0.0283684 260 -0.0115922 -0.0362713 11.4589 37.5839 -13 932 0 0 1
0.0147382 0.268457 260 0.0797994 0.0217417 13.6116 20.637 -13 933 0 0 1
0.0392526 0.0501967 260 0.0132286 0.0172199 8.64696 23.5315 -13 934 0 0 1
-0.0563721 -0.166051 260 -0.0282687 0.0315114 10.4438 30.6944 -13 935 0 0 1
-0.0293883 0.0165273 260 -0.000826226 -0.00443598 12.4319 21.4398 -13 936 0 0 1
-0.462392 0.443987 260 -0.0231831 0.0372019 0.0208319 21.9132 11 936 1001 0 1
0.0128648 0.0466428 260 0.0126551 0.00502149 12.5431 35.1622 -13 937 0 0 1
-0.0738018 0.130572 260 -0.0871231 0.0217607 4.684 23.8978 -13 938 0 0 1
-0.0984334 0.0235673 260 0.0704492 0.021882 13.85 17.1355 -13 939 0 0 1
-0.085506 -0.0483361 260 0.0131591 0.0234977 6.02231 19.9705 -13 940 0 0 1
-0.240388 0.09218 260 0.0505955 0.0617042 12.2585 23.9039 -13 941 0 0 1
0.561186 0.950093 260 0.0437569 0.0203731 0.0410932 24.9763 11 941 1001 0 1
-0.0980844 0.152807 260 0.0104421 0.129686 2.77165 55.0032 -13 942 0 0 1
-0.0468495 -0.00775607 260 0.00983902 0.0283125 10.5421 34.1909 -13 943 0 0 1
0.0865576 -0.096879 260 -0.0514191 0.0226362 5.85254 39.5765 -13 944 0 0 1
0.690536 0.47622 260 -0.00140171 -0.200342 4.10205 49.1926 -13 945 0 0 1
0.0458202 -0.105348 260 -0.0340561 -0.00610106 14.3086 19.7882 -13 946 0 0 1
-0.0721573 -0.00506578 260 0.00266909 0.0282993 10.4803 14.4491 -13 947 0 0 1
-0.0894309 0.0669851 260 0.0414642 0.0325814 7.77267 17.4538 -13 948 0 0 1
-0.0540486 -0.00126991 260 0.0127941 0.00626656 12.4942 28.8664 -13 949 0 0 1
-0.447774 -0.0816299 260 0.133337 0.313199 3.48987 28.6572 -13 950 0 0 1
0.108514 -0.136772 260 -0.0298934 0.0144402 5.31635 24.6341 -13 951 0 0 1
0.164659 -0.24816 260 -0.065157 0.0389047 4.29566 47.2783 -13 952 0 0 1
0.0525852 -0.0433423 260 -0.00495255 -0.0177407 9.88619 16.7095 -13 953 0 0 1
0.105734 0.0458843 260 0.0459708 -0.0221693 6.75028 33.9355 -13 954 0 0 1
-0.0154865 0.113038 260 0.0211412 -0.0199628 7.43644 29.9983 -13 955 0 0 1
0.0329804 -0.0913256 260 -0.045156 -0.0257911 6.98234 21.0346 -13 956 0 0 1
0.042738 0.00910703 260 -0.00265068 0.0199025 14.0654 25.8884 -13 957 0 0 1
0.0355236 -0.0309301 260 -0.0226321 -0.0121679 11.896 22.4983 -13 958 0 0 1
-0.275913 -0.167174 260 -0.0590349 0.0293407 10.4267 29.8984 -13 959 0 0 1
0.027532 0.147535 260 0.0572443 0.0150653 14.444 16.3214 -13 960 0 0 1
0.727869 0.403347 260 -0.0907402 -0.263575 2.28185 48.1876 -13 961 0 0 1
-0.12012 0.277338 260 0.0603869 0.0664063 11.8244 27.2976 -13 962 0 0 1
-0.00685347 -0.018845 260 -0.0022603 -0.00474298 11.8814 31.1277 -13 963 0 0 1
0.0906698 0.00136412 260 -0.0136968 -0.0332541 10.4953 35.9271 -13 964 0 0 1
0.0915919 0.0114008 260 0.0546862 0.00231387 11.3432 24.2432 -13 965 0 0 1
0.103953 0.0143589 260 0.0220156 -0.0285382 9.4167 18.3281 -13 966 0 0 1
-0.156415 0.12936 260 0.0812614 -0.0081623 3.05129 37.8902 -13 968 0 0 1
0.0807739 -0.170705 260 -0.0467706 -0.045298 8.90852 23.563 -13 969 0 0 1
-1.69195 -0.535199 260 0.0335338 0.0191906 0.0488496 23.3779 11 969 1002 0 1
-1.10977 1.90531 260 0.160301 -0.147103 0.484448 99.6008 -13 970 0 0 1
0.0761697 -0.0170477 260 -1.48272e-05 -0.035763 13.2559 21.396 -13 971 0 0 1
0.00893048 -0.000427398 260 -0.00561773 -0.00748644 14.4677 22.0596 -13 972 0 0 1
-0.0162374 -0.0183924 260 -0.00993081 0.00435909 13.771 35.7387 -13 973 0 0 1
0.125564 -0.0551673 260 0.0329656 -0.0576304 14.486 26.6272 -13 974 0 0 1
0.0609528 1.4876 260 0.0638253 -0.0237489 0.0742846 26.4722 11 974 1001 0 1
0.0307561 -0.0362954 260 -0.0723474 -0.0274043 10.2997 29.4142 -13 975 0 0 1
0.0423371 0.00570894 260 -0.0204411 0.0183855 6.73423 20.4741 -13 976 0 0 1
-0.0883286 0.17587 260 0.0226871 0.00866604 9.07845 27.9484 -13 978 0 0 1
-0.0457486 0.00609097 260 -0.0136264 0.0113526 13.7277 25.9002 -13 979 0 0 1
-0.0221372 0.116059 260 0.0295121 0.0148131 12.0915 11.9372 -13 980 0 0 1
-0.101393 -0.0721123 260 -0.00903444 0.023028 9.69066 10.8099 -13 981 0 0 1
0.00805659 0.0278637 260 0.0135972 -0.008317 13.6302 20.059 -13 982 0 0 1
-0.343492 0.00569932 260 0.0167348 0.0917579 5.76292 40.1798 -13 983 0 0 1
-0.0106666 0.0102649 260 0.00439977 -0.00383561 10.1078 12.238 -13 984 0 0 1
-0.0614292 0.200376 260 0.104507 -0.0186416 11.265 24.0284 -13 985 0 0 1
-0.0501388 0.00729047 260 -0.0305066 -0.0229198 8.34908 30.2094 -13 986 0 0 1
0.0908295 -0.0378727 260 -0.0321904 0.00115174 0.0576042 30.1527 11 986 1001 0 1
0.00716198 0.00745326 260 -0.0118869 0.0359229 14.2426 31.5791 -13 987 0 0 1
0.107453 0.12601 260 0.0233659 -0.0322925 6.71811 36.0508 -13 988 0 0 1
-0.22374 0.553876 260 0.117431 0.00378729 2.80706 48.389 -13 989 0 0 1
-0.0498543 -0.027385 260 -0.00634566 0.00397679 14.4752 15.0619 -13 990 0 0 1
0.00409437 -0.0277274 260 -0.003341 0.0141567 10.8948 29.047 -13 991 0 0 1
0.0185007 -0.0129277 260 -0.0402583 -0.00921483 13.101 32.9885 -13 992 0 0 1
-0.00101806 0.0750898 260 0.0388489 0.0112521 11.2842 37.6725 -13 993 0 0 1
0.0010532 0.00420457 260 0.00112036 -0.000846703 12.8327 32.3489 -13 994 0 0 1
0.0197457 -0.080214 260 -0.0442442 -0.00314075 13.9049 19.0519 -13 995 0 0 1
-0.0187241 0.0222759 260 0.017184 0.00333168 13.052 32.8163 -13 996 0 0 1
0.0898977 0.0517355 260 0.0593516 -0.0728708 14.5237 15.6184 -13 997 0 0 1
0.0472354 0.0824746 260 0.00936961 -0.026173 10.272 34.6199 -13 998 0 0 1
0.181745 0.0243348 260 -0.0459993 -0.00439568 7.38947 17.8998 -13 999 0 0 1
-0.0332292 0.0318484 260 0.0146509 -0.00899202 8.47026 33.1323 -13 1000 0 0 1
