#BLTrackFile NTuple/Z340
#x y z Px Py Pz t PDGid EventID TrackID ParentID Weight
#mm mm mm MeV/c MeV/c MeV/c ns - - - - -
-0.0169934 0.0204132 340 -0.0111583 0.0135751 11.5251 29.6201 -13 1 0 0 1
-0.0582787 0.0134452 340 0.0271419 0.00276046 12.5808 32.1903 -13 2 0 0 1
-0.00777555 0.176346 340 0.0317797 0.0475472 9.87011 14.8018 -13 3 0 0 1
-2.1788 1.59872 340 -0.0481487 -0.00965366 0.0721114 10.1163 11 3 1001 0 1
-0.00661017 0.0380905 340 -0.0022307 -0.00753173 11.1526 15.1005 -13 4 0 0 1
0.0363733 0.120162 340 0.000636968 -0.0671767 6.88687 24.7875 -13 5 0 0 1
0.0516296 0.226714 340 0.0511383 -0.058347 7.66985 37.889 -13 6 0 0 1
-0.00736878 0.00490438 340 0.0170865 0.00994265 12.0402 23.5883 -13 7 0 0 1
-0.159468 -0.14396 340 0.00829333 -0.00968483 5.18357 38.0056 -13 8 0 0 1
0.108162 -0.0248314 340 -0.000374286 -0.0439367 13.6366 32.3826 -13 9 0 0 1
-0.0639841 0.0637097 340 0.0158117 0.0105778 13.2417 14.1649 -13 10 0 0 1
0.0223561 0.0262422 340 0.0117523 -0.0152598 10.6444 14.1921 -13 11 0 0 1
-0.42793 0.19636 340 0.0711389 0.11727 11.8222 14.3454 -13 12 0 0 1
0.163705 -0.154024 340 -0.0117063 0.0250361 3.81525 36.7326 -13 13 0 0 1
-0.00151577 -0.0451378 340 0.0211039 0.0123153 10.3265 14.7796 -13 14 0 0 1
-1.50397 0.552252 340 -0.00903259 -0.0159062 0.0961957 10.8255 11 14 1002 0 1
0.154627 0.0835775 340 -0.0289565 0.0136783 5.30034 42.1744 -13 15 0 0 1
-0.0326818 -0.0152267 340 -0.0402752 0.0724148 8.44153 17.2439 -13 16 0 0 1
0.0194949 -0.0266539 340 0.00115217 0.000522547 14.5154 15.5417 -13 17 0 0 1
0.045138 -0.0835163 340 -0.00339378 -0.0363802 13.0936 38.3251 -13 18 0 0 1
0.095122 0.0225977 340 0.0199031 -0.0114184 8.27868 32.3778 -13 19 0 0 1
-0.489429 -1.74587 340 -0.188203 0.238758 2.19326 64.1792 -13 20 0 0 1
0.0119845 -0.0180147 340 -0.00906554 0.00296793 14.4282 31.313 -13 21 0 0 1
-0.10939 0.00601131 340 -0.00914569 -0.0216738 10.4671 13.4296 -13 22 0 0 1
0.805707 -2.27498 340 0.0371363 0.0127232 0.0615305 12.8914 11 22 1002 0 1
-0.196421 0.208363 340 0.0817692 0.0287007 11.7841 39.8818 -13 23 0 0 1
0.036677 0.0191625 340 -0.0472001 -4.64298e-05 8.3162 41.8215 -13 24 0 0 1
0.0434141 -0.0418334 340 -0.0257487 -0.000990038 14.3703 22.7258 -13 25 0 0 1
0.169826 0.0372612 340 -0.0289279 -0.0014638 8.95144 29.2615 -13 26 0 0 1
-0.0113942 -0.063151 340 -0.00301357 -0.0355035 8.47053 24.7628 -13 27 0 0 1
0.0191034 0.0392027 340 0.0321751 -0.0154591 11.5779 38.3866 -13 28 0 0 1
0.0044214 0.0538733 340 -0.0259724 -0.00375929 7.03533 38.8286 -13 29 0 0 1
0.146801 0.0800148 340 -0.0543831 -0.14992 13.6193 11.4027 -13 30 0 0 1
-1.60598 -2.50837 340 -0.0154779 -0.035228 0.0157992 18.2671 11 30 1002 0 1
2.47282 -5.60305 340 -0.00851535 0.00320059 -0.035327 21.0158 11 30 1002 0 1
0.127432 0.0629292 340 0.0039512 -0.0411497 10.3696 16.1309 -13 31 0 0 1
0.0285536 -0.171248 340 -0.046316 -0.0280306 8.51928 19.9746 -13 32 0 0 1
0.669817 -0.310871 340 -0.0135455 -0.204368 3.49509 58.3161 -13 33 0 0 1
-0.0381377 0.0264464 340 0.0399072 0.067843 13.6473 30.6273 -13 34 0 0 1
2.96436 0.584479 340 0.024232 0.035579 0.053382 34.2384 11 34 1001 0 1
-0.0208506 0.241333 340 -0.0379227 0.0605916 5.18269 49.906 -13 35 0 0 1
0.0165847 0.123086 340 0.0431017 0.0328341 8.60099 38.501 -13 36 0 0 1
0.0192878 -0.0173911 340 -0.0217307 -0.0399899 10.4087 39.9809 -13 37 0 0 1
0.0201374 0.0513227 340 0.0126619 -0.0172479 11.8548 33.9163 -13 38 0 0 1
-0.0133964 -0.0827098 340 -0.0292107 0.0206898 9.52139 23.2244 -13 39 0 0 1
-0.0242394 0.0713056 340 0.0272311 -0.000330745 10.9461 31.9336 -13 40 0 0 1
-0.262294 -0.0952827 340 -0.128108 0.0443995 8.90428 16.9874 -13 41 0 0 1
0.100729 -0.00541742 340 -0.023088 -0.0457243 9.92875 34.117 -13 42 0 0 1
-0.0134286 -0.0446703 340 -0.0140217 0.0118048 14.4203 20.5266 -13 43 0 0 1
-0.178596 -0.115357 340 0.0279035 0.00821214 11.301 29.8424 -13 44 0 0 1
0.0184141 0.100084 340 0.0437259 0.0321122 10.8676 36.0374 -13 45 0 0 1
-0.130947 0.0589834 340 0.0275999 0.0280436 5.07617 28.1846 -13 46 0 0 1
-0.0225089 0.00278672 340 0.00305075 0.0115726 11.4218 19.0104 -13 47 0 0 1
-0.0994847 0.420087 340 -0.062861 0.161348 6.73651 28.3232 -13 48 0 0 1
-0.0451101 0.116572 340 0.0256374 0.0326802 13.2754 15.8174 -13 49 0 0 1
0.148501 -0.325015 340 -0.0178546 -0.0531154 4.42744 54.4517 -13 50 0 0 1
-0.141326 0.0264676 340 0.0119117 0.0404697 8.40533 26.7217 -13 51 0 0 1
0.0369842 0.313125 340 -0.161854 -0.0161525 2.44626 65.3144 -13 52 0 0 1
0.0549506 -0.0739688 340 -0.0263315 -0.0760792 8.22642 16.462 -13 53 0 0 1
0.516143 -0.149708 340 -0.0138952 -0.0839295 3.1888 41.3832 -13 54 0 0 1
0.0403944 -0.0492288 340 -0.00418255 -0.00434387 10.4028 31.4128 -13 55 0 0 1
-0.0076913 -0.000196718 340 0.0185986 0.00285196 14.1159 17.814 -13 56 0 0 1
-0.0353192 -0.00793991 340 -0.00151316 0.00214997 9.79654 39.976 -13 57 0 0 1
0.00937361 -0.0918282 340 -0.0515988 -0.0245988 8.32638 21.9588 -13 58 0 0 1
-0.0652015 0.155616 340 0.0671026 0.140866 7.05489 34.5071 -13 59 0 0 1
2.05168 -1.92543 340 -0.00173444 0.0129401 0.0464293 33.2449 11 59 1002 0 1
0.107716 0.0292104 340 -0.0205745 -0.0593152 8.24913 36.4462 -13 60 0 0 1
-1.17772 -1.92584 340 0.0141287 0.00155887 0.0688782 34.6376 11 60 1001 0 1
0.032699 0.0649923 340 0.0443744 0.0435962 13.9536 24.4228 -13 61 0 0 1
-0.0789166 0.0519488 340 0.0110082 -0.00575355 9.37095 25.9466 -13 62 0 0 1
-0.000697562 -0.00264093 340 0.00398179 0.00505937 14.0096 37.105 -13 63 0 0 1
-0.00959534 0.124348 340 0.0703902 -0.0233355 8.9067 26.5293 -13 64 0 0 1
-0.0102486 -0.194199 340 -0.103828 -0.0495966 5.14355 28.4359 -13 65 0 0 1
0.0555968 0.00710898 340 -0.00563228 -0.0201931 7.41789 29.7551 -13 66 0 0 1
0.0395934 0.0151209 340 0.00764647 -0.0169678 11.5376 23.2546 -13 67 0 0 1
-0.0275773 -0.00415154 340 -0.056794 -0.00541068 10.6672 31.1374 -13 68 0 0 1
-0.0476122 -0.207064 340 -0.0346466 -0.0147958 5.45691 35.8734 -13 69 0 0 1
-0.0399091 0.0239582 340 -0.00785017 -0.0147231 11.1625 16.3001 -13 70 0 0 1
0.0265304 0.0375013 340 0.0178856 -0.000442358 11.6847 14.4946 -13 71 0 0 1
0.000283698 0.038931 340 0.0515022 0.0178468 10.3801 13.4485 -13 72 0 0 1
0.0700714 -0.206761 340 -0.011843 0.0564255 6.14274 41.4461 -13 73 0 0 1
0.0149996 0.0350938 340 2.23316e-05 -0.00796041 10.7457 26.283 -13 74 0 0 1
0.0505359 0.158297 340 0.00127268 0.00707574 7.82407 43.5455 -13 75 0 0 1
-0.00034611 -0.0994146 340 -0.0111807 -0.0376288 12.4915 35.5346 -13 76 0 0 1
-0.0751028 0.0439375 340 0.00429351 0.0142899 8.23538 41.0002 -13 77 0 0 1
-0.0185078 -0.0326974 340 -0.00697165 0.014234 13.555 22.7895 -13 78 0 0 1
-0.0141873 -0.00428556 340 -0.010758 -0.00546912 12.6867 34.8179 -13 79 0 0 1
0.0749825 -0.0372997 340 -0.00636844 -0.00446029 10.3011 39.8689 -13 80 0 0 1
0.00670807 0.0636312 340 0.0186788 0.0184057 8.69573 37.1694 -13 81 0 0 1
-0.0157431 0.0014851 340 0.00976841 0.00380018 13.2077 32.5758 -13 82 0 0 1
-0.0238138 0.0676018 340 0.0218722 -0.00427119 9.86958 31.3942 -13 83 0 0 1
0.112064 -0.15313 340 -0.0733434 -0.0240996 6.37405 32.7177 -13 84 0 0 1
-0.00250291 0.0180788 340 -0.000769787 0.00240685 13.611 13.0405 -13 85 0 0 1
-0.050521 -0.0209612 340 0.00304893 0.0219555 7.98255 28.4172 -13 86 0 0 1
0.279307 -0.321236 340 -0.0827409 -0.0171007 2.4371 71.6684 -13 87 0 0 1
0.0874733 0.0539136 340 0.0783591 -0.0470477 8.53645 22.8449 -13 88 0 0 1
0.229643 -0.0338759 340 0.0457166 -0.0260973 9.99376 23.2865 -13 89 0 0 1
0.120033 0.148579 340 0.0306161 -0.0204506 6.70951 26.9308 -13 90 0 0 1
-0.215703 -0.0777952 340 -0.0518947 0.06656 7.16969 44.4569 -13 91 0 0 1
-0.128103 0.0371945 340 0.0139332 0.0479092 6.70247 45.9517 -13 92 0 0 1
0.185958 0.00285774 340 -0.127093 0.24581 7.70678 41.7596 -13 93 0 0 1
-0.121091 -0.218711 340 -0.00467162 0.0824226 5.80243 29.6083 -13 94 0 0 1
0.818398 1.37304 340 0.00733853 0.0268141 0.0441881 28.5893 11 94 1002 0 1
-0.140979 -0.0464406 340 -0.00364656 0.0226006 10.7842 23.3079 -13 95 0 0 1
1.21764 -0.999515 340 -0.0908356 -0.201671 2.25303 51.0267 -13 96 0 0 1
-0.00703638 -0.0127156 340 0.0154208 0.00800054 12.8708 24.8007 -13 97 0 0 1
0.0193286 -0.157167 340 -0.0820997 -0.060928 9.48507 21.0484 -13 98 0 0 1
1.27461 2.62859 340 -0.00807737 -0.0108866 0.0881361 18.7288 11 98 1001 0 1
0.0457772 0.0369628 340 0.0043116 -0.0265803 14.0178 14.1856 -13 99 0 0 1
-0.112427 0.0111263 340 0.0497952 0.0778483 12.3184 11.1014 -13 100 0 0 1
-0.199631 -0.0693186 340 -0.108734 0.00122986 4.77361 41.0502 -13 101 0 0 1
-0.956468 0.944968 340 0.0122764 0.0053527 0.712684 86.02 -13 102 0 0 1
0.0007196 -0.039029 340 -0.0269373 -0.00105518 9.97563 35.7324 -13 103 0 0 1
0.0975928 -0.0301591 340 -0.00806946 -0.00653325 9.61923 25.8598 -13 104 0 0 1
0.169181 0.0251625 340 -0.0257599 -0.000767828 8.8402 20.7249 -13 105 0 0 1
0.00257634 -0.128149 340 -0.0252582 -0.0215291 10.3253 40.0763 -13 106 0 0 1
-0.0463661 0.0504992 340 0.0121226 0.00883031 13.7624 26.8663 -13 107 0 0 1
0.167856 0.00465207 340 0.0098234 -0.0531958 7.36482 29.3679 -13 108 0 0 1
-0.0278826 0.0338246 340 -0.00342961 0.00096534 13.5738 9.93027 -13 109 0 0 1
-0.183574 0.123115 340 -0.0120399 0.0975996 5.53848 24.9661 -13 110 0 0 1
-0.0132942 0.0141378 340 -0.0137484 0.0125387 9.856 16.3699 -13 111 0 0 1
-0.162992 -0.358546 340 -0.125118 0.0967733 7.6907 19.9759 -13 112 0 0 1
-0.011918 -0.00898019 340 0.000811309 0.00292556 11.9599 20.6892 -13 113 0 0 1
-0.0433388 0.00502457 340 -0.0642849 0.0835535 8.08076 21.9696 -13 114 0 0 1
-0.841623 0.473888 340 -0.0781606 0.399526 13.2264 29.0821 -13 115 0 0 1
0.179038 0.015156 340 -0.00742557 -0.0376082 10.3147 41.2546 -13 116 0 0 1
-0.0125014 -0.105963 340 -0.0188055 -0.0329576 11.5722 15.8786 -13 117 0 0 1
0.134911 -0.2804 340 -0.0708499 0.00310873 5.90452 25.8216 -13 118 0 0 1
0.0401507 0.0355607 340 0.0350298 -0.00420452 10.9841 31.0405 -13 119 0 0 1
0.264068 -0.483763 340 -0.11475 -0.0640426 7.53237 30.3263 -13 120 0 0 1
-0.0667197 0.0265723 340 -0.0134671 0.0696299 7.98599 43.3678 -13 121 0 0 1
-0.0893269 -0.00236505 340 -0.00747525 0.0551981 9.02742 20.1637 -13 122 0 0 1
-0.232252 0.330265 340 0.170785 -0.00337173 5.04906 46.2811 -13 123 0 0 1
-0.113712 -0.0301128 340 -0.0306333 0.0255099 12.9984 24.9239 -13 124 0 0 1
0.0204002 -0.00659422 340 0.0153607 -0.0503521 11.4649 37.3886 -13 125 0 0 1
-0.0112374 -0.0389974 340 -0.034362 -0.00248508 11.7341 35.6996 -13 126 0 0 1
-0.0389879 -0.0422265 340 -0.00519185 0.0332946 9.66073 18.7563 -13 127 0 0 1
-0.127132 0.0301613 340 -0.0490327 0.059337 13.5081 18.9563 -13 128 0 0 1
-0.0216263 0.0467907 340 0.0465542 0.0197606 13.503 22.0252 -13 129 0 0 1
0.0444399 0.0416496 340 0.00994464 -0.0242495 10.4635 34.1471 -13 130 0 0 1
0.000495035 -0.189406 340 -0.0229369 -0.0510115 9.19908 21.7353 -13 131 0 0 1
0.241109 -0.513816 340 -0.0680495 -0.204253 13.2441 31.8998 -13 132 0 0 1
-0.030918 -0.062846 340 -0.066772 0.0274741 14.5197 27.6309 -13 133 0 0 1
-0.00144635 -0.164926 340 -0.0467825 0.0465131 7.28354 35.6709 -13 134 0 0 1
-0.0862744 0.044504 340 -0.00482918 0.0275386 13.3545 13.7223 -13 135 0 0 1
-0.0449287 -0.0421345 340 -0.000489562 0.0372858 12.9842 21.5567 -13 136 0 0 1
-0.136822 0.117043 340 0.0254509 -0.00955311 7.27787 21.1252 -13 137 0 0 1
-0.103341 -0.220658 340 -0.0329817 -0.0048438 4.65191 31.2625 -13 138 0 0 1
-0.047674 -0.0457331 340 -0.0408411 -0.0217112 11.4987 30.5642 -13 139 0 0 1
-0.0221275 -0.00857725 340 0.0205093 0.0212001 14.1493 33.995 -13 140 0 0 1
0.0593015 0.0673859 340 0.0118185 -0.0167102 13.8245 10.245 -13 141 0 0 1
-0.0484697 0.0459549 340 0.0252067 -0.00456643 13.7578 20.8472 -13 142 0 0 1
0.0295897 -0.222364 340 -0.0351077 -0.0119734 11.0418 16.9206 -13 143 0 0 1
0.0236633 0.00907561 340 -0.0140549 -0.0123533 14.3951 29.4003 -13 144 0 0 1
-0.0305177 0.0516271 340 0.0141006 0.0167511 9.87152 37.8945 -13 145 0 0 1
0.134571 0.0912184 340 0.0641517 0.000506386 9.2468 24.0668 -13 146 0 0 1
-0.0624952 0.06572 340 0.0493838 0.00163415 11.243 26.3833 -13 147 0 0 1
0.0386051 0.0814637 340 0.0320414 -0.0172664 7.4141 29.8817 -13 148 0 0 1
0.0705449 -0.092105 340 0.0191225 -0.0289661 7.04498 26.0515 -13 149 0 0 1
0.0152005 -0.0129474 340 -0.0173747 0.00379139 13.8491 29.6725 -13 150 0 0 1
-0.159068 -0.200177 340 -0.0747711 0.02678 8.11073 18.7093 -13 151 0 0 1
0.0221183 0.0369475 340 0.0124411 -0.0092631 14.1357 33.1724 -13 152 0 0 1
0.0578083 0.12182 340 0.0119512 0.0437006 13.6972 32.8893 -13 153 0 0 1
-0.145214 -0.0842784 340 0.0241785 0.0320953 9.47204 30.3276 -13 154 0 0 1
0.172653 -0.166023 340 -0.0460111 -0.0706006 9.96021 37.7135 -13 155 0 0 1
0.0135627 -0.0544607 340 -0.0557569 0.0250457 11.9895 27.1964 -13 156 0 0 1
-0.0393219 0.00394665 340 -0.0378917 0.00466141 13.2478 18.7347 -13 157 0 0 1
0.0509936 -0.15963 340 -0.00918705 -0.0289927 8.44942 24.9031 -13 158 0 0 1
0.0925325 -2.93016 340 -0.00849154 -0.0136418 0.00795858 27.1247 11 158 1002 0 1
0.0259816 0.00239685 340 0.00537512 -0.0127698 14.3391 31.7429 -13 159 0 0 1
-0.176351 0.0881288 340 -0.0325729 0.0458713 7.51822 25.0849 -13 160 0 0 1
0.131719 0.00471284 340 -0.0318263 -0.0662082 14.1125 15.9149 -13 161 0 0 1
-0.101606 -0.175412 340 -0.106682 0.0696419 9.76621 28.0235 -13 162 0 0 1
0.140788 -0.247134 340 -0.0712548 -0.00774548 9.7658 15.7637 -13 163 0 0 1
-0.0101201 0.00107013 340 0.00857537 -0.00291713 14.224 29.0381 -13 164 0 0 1
-0.003723 0.0101986 340 0.00517716 -0.00626823 12.3437 34.837 -13 165 0 0 1
0.178299 -0.0183325 340 -0.0172463 -0.0849648 11.0268 40.0016 -13 166 0 0 1
-0.250945 0.170778 340 0.0314201 0.0355174 9.86383 17.5352 -13 167 0 0 1
0.0280754 0.0322493 340 0.00756275 0.00280373 11.4327 11.9205 -13 168 0 0 1
-0.0117543 -0.0898115 340 -0.0457163 0.034002 13.0696 36.0306 -13 169 0 0 1
0.0237627 0.0438291 340 0.0175577 -0.0497663 8.95221 32.819 -13 170 0 0 1
-0.00518287 0.0995677 340 0.0281233 0.000674714 14.5165 30.7448 -13 171 0 0 1
-0.00815311 -0.0221227 340 -0.00695585 0.00807104 11.8677 25.2316 -13 172 0 0 1
-0.0137909 0.0236096 340 0.00578687 -0.0156077 13.0482 10.8253 -13 173 0 0 1
-0.0180698 -0.0367781 340 0.0319545 0.0495699 9.77164 36.4003 -13 174 0 0 1
4.22346 2.5049 340 -0.0241218 0.00477993 0.0345118 38.2988 11 174 1002 0 1
-0.014932 0.00702226 340 0.0162948 0.00620278 10.6812 14.2793 -13 175 0 0 1
-0.00450875 0.0163393 340 0.00584454 -0.0112078 10.7953 25.9094 -13 176 0 0 1
0.229269 -0.119516 340 0.0571366 -0.018974 3.50647 39.5441 -13 177 0 0 1
-0.0486958 -0.101471 340 -0.0503169 -0.0585921 5.62535 33.0908 -13 178 0 0 1
0.888574 0.209286 340 -0.0971852 -0.356411 5.65531 38.1071 -13 179 0 0 1
-0.618858 0.55157 340 0.172158 0.115313 7.16604 40.6873 -13 180 0 0 1
0.0570969 -0.0683816 340 0.0228732 -0.0453074 8.79547 40.5973 -13 181 0 0 1
0.0686478 -0.0201423 340 -0.051607 -0.0105542 9.27513 30.9056 -13 182 0 0 1
-0.084967 -0.0912542 340 -0.0292091 0.0610911 14.0343 14.4192 -13 183 0 0 1
0.261156 -0.303567 340 -0.0983171 -0.101298 12.2865 14.968 -13 184 0 0 1
-0.0727452 -0.011934 340 0.0371407 -0.00600347 11.5077 26.7535 -13 185 0 0 1
-0.0972674 0.00727862 340 -0.000645467 0.037354 11.883 39.7155 -13 186 0 0 1
0.0712754 0.00666609 340 0.00778241 -0.0677177 4.83446 28.8911 -13 187 0 0 1
-0.0722331 -0.0634682 340 -0.0717692 0.0367053 8.61586 31.0346 -13 188 0 0 1
-0.2642 0.0323961 340 0.0814133 0.0614689 5.89988 21.9936 -13 189 0 0 1
0.0145219 0.121945 340 0.0163775 -0.0153319 8.42909 20.3795 -13 190 0 0 1
0.066561 -0.141156 340 -0.0409577 -0.0336815 12.246 16.2854 -13 191 0 0 1
0.0927208 0.0884998 340 -0.0101635 -0.0658451 12.0912 16.1351 -13 192 0 0 1
-0.0132622 0.117746 340 -0.00507043 -0.00136895 10.3632 19.0995 -13 194 0 0 1
0.0112829 0.09542 340 0.0224218 0.0267646 10.8743 33.4336 -13 195 0 0 1
-0.00285776 -0.0285271 340 -0.000241345 0.0137675 11.6992 40.093 -13 196 0 0 1
-0.0170955 -0.0102192 340 -0.0100216 -0.0461199 12.3063 14.7292 -13 198 0 0 1
6.54337 0.418376 340 -0.0111054 -0.0354301 0.0194588 19.2651 11 198 1001 0 1
0.0104751 0.00843862 340 -0.00212893 0.000997372 12.9322 24.0681 -13 199 0 0 1
-0.259735 0.0570277 340 0.0368896 -0.253768 2.00315 68.53 -13 200 0 0 1
-0.0478445 -0.0969841 340 -0.0299151 0.000919137 11.6048 32.5366 -13 201 0 0 1
0.206915 0.0696585 340 0.0210075 -0.0548877 12.0211 31.3454 -13 202 0 0 1
-0.000328013 0.0024651 340 -0.000577937 -0.0153575 14.4629 29.4874 -13 203 0 0 1
0.00776503 0.216472 340 0.0301957 -0.0342558 5.50369 31.018 -13 204 0 0 1
-0.274847 -1.42096 340 -0.0190257 0.00404295 0.0424249 30.6475 11 204 1003 0 1
-0.0355434 0.0305295 340 0.00230372 0.0186289 7.18656 28.2647 -13 205 0 0 1
0.812381 -1.02995 340 -0.1842 -0.11803 0.965262 92.0159 -13 206 0 0 1
-0.134947 0.0840673 340 0.0367121 0.0473774 9.25365 41.399 -13 207 0 0 1
0.445655 0.0766933 340 -0.0305025 0.0423097 1.63495 72.8926 -13 208 0 0 1
-0.00466032 0.0908576 340 0.0377605 -0.01222 13.7168 22.1115 -13 209 0 0 1
-0.0435344 0.106867 340 -0.00574449 -0.120342 3.28935 56.9947 -13 210 0 0 1
-0.233397 0.25264 340 -0.0114641 0.0971503 6.6208 33.7129 -13 211 0 0 1
0.163726 0.0674287 340 0.0165409 -0.0493105 13.9508 10.4128 -13 212 0 0 1
0.22021 -0.120074 340 -0.035968 -0.0701848 8.98348 42.7457 -13 213 0 0 1
-0.0316445 -0.0247031 340 -0.0194485 0.0415475 9.80381 30.8923 -13 214 0 0 1
0.109892 -0.236001 340 -0.117321 -0.0605661 4.17024 42.4304 -13 215 0 0 1
-0.0289167 -0.0348332 340 -0.0296273 0.0415336 9.90432 24.7802 -13 216 0 0 1
0.0836903 -0.0688299 340 -0.0124459 -0.0269151 9.46147 26.1562 -13 217 0 0 1
0.0735118 -0.0124744 340 0.0353025 -0.0176849 5.25957 38.1797 -13 218 0 0 1
-0.096058 0.018371 340 0.0129492 0.0321989 9.77006 23.0374 -13 219 0 0 1
-0.0494135 0.014774 340 -0.00747819 0.0263968 13.3268 21.2154 -13 220 0 0 1
-0.250005 -0.228104 340 -0.021154 0.0284354 3.67572 41.1491 -13 221 0 0 1
0.0157924 -0.0218411 340 -0.00919603 -0.0215713 8.93752 20.8659 -13 222 0 0 1
0.0693965 -0.0791728 340 0.0152503 -0.0311563 8.66397 17.6942 -13 223 0 0 1
0.224156 0.0481921 340 0.0315105 -0.0470508 6.14343 48.7519 -13 224 0 0 1
-1.95788 5.07478 340 0.00566682 -0.0278716 0.0359372 44.8471 11 224 1004 0 1
-3.60619e-05 -0.0101109 340 -0.0129256 -0.0017856 12.3443 31.0212 -13 225 0 0 1
0.0343895 0.0970444 340 0.0452375 -0.00528392 10.1036 31.3205 -13 226 0 0 1
-0.0357834 0.114858 340 0.0328362 0.0630948 12.6242 29.6477 -13 227 0 0 1
-0.0421788 -0.0146247 340 0.0107622 0.0286829 13.506 22.6034 -13 228 0 0 1
-0.00242654 0.0189978 340 -0.0235364 0.00115873 13.4491 20.1399 -13 229 0 0 1
-0.107152 0.0679119 340 0.00796425 0.015513 11.9771 11.9043 -13 230 0 0 1
0.0252226 -0.0673672 340 -0.0726528 0.0325535 9.02225 39.9197 -13 231 0 0 1
-9.46397 0.585664 340 -0.0043863 -0.00239222 0.0351962 45.4554 11 231 1001 0 1
-0.00801885 -0.0109914 340 -0.0322572 -0.0347797 6.31792 38.363 -13 232 0 0 1
-0.303916 0.130125 340 0.0897447 0.0496321 10.9814 39.2802 -13 233 0 0 1
0.00083494 -0.113045 340 -0.0374154 -0.0303693 12.4922 13.0189 -13 234 0 0 1
0.149066 0.203614 340 0.0163852 -0.0234117 6.34987 42.7298 -13 235 0 0 1
-0.0846981 0.0824076 340 0.0256865 0.0688022 4.57413 46.4009 -13 236 0 0 1
-0.110079 -0.0121465 340 -0.00149144 0.0398877 8.37857 29.7875 -13 237 0 0 1
-0.0284431 -0.123534 340 -0.0281899 0.0471503 9.50683 18.0878 -13 238 0 0 1
0.0361456 -0.0501742 340 -0.00836324 -0.0281409 12.781 21.506 -13 239 0 0 1
-0.0156125 -0.0706549 340 -0.0274363 0.016469 12.7575 15.1925 -13 240 0 0 1
-0.189054 -0.0700013 340 -0.0376883 0.0459777 12.8092 11.9811 -13 241 0 0 1
-0.0119138 -0.0630775 340 -0.0317334 -0.0212641 10.9338 27.7275 -13 242 0 0 1
-0.123 -0.0208424 340 -0.0280391 0.0294373 13.8013 36.9533 -13 243 0 0 1
-0.151055 0.106022 340 -0.0200184 0.128616 8.66708 37.7341 -13 244 0 0 1
0.0513136 0.053023 340 0.000208659 -0.021922 12.9291 22.0709 -13 245 0 0 1
0.149492 0.0952987 340 0.0408086 -6.28246e-05 8.09882 24.1556 -13 246 0 0 1
0.00501511 -0.073622 340 -0.066432 -0.0244675 11.646 21.1862 -13 247 0 0 1
-0.095764 -0.0429498 340 -0.00655443 0.0260744 11.8378 38.0078 -13 248 0 0 1
0.0256898 -0.00282331 340 -0.0105054 0.00286708 12.3524 20.8966 -13 249 0 0 1
0.0115722 -0.0543367 340 -0.026385 0.00842567 10.358 31.434 -13 250 0 0 1
-0.0732255 -0.0682765 340 0.013494 0.0358027 8.3547 40.9805 -13 251 0 0 1
0.0371181 -0.0293326 340 0.00336275 0.00672357 12.9764 17.239 -13 252 0 0 1
0.34935 0.00382012 340 0.0855623 -0.0931332 11.9296 31.6876 -13 253 0 0 1
0.179586 -0.15805 340 -0.0391211 0.0254026 8.32908 19.379 -13 254 0 0 1
0.0163002 0.0388607 340 0.0270284 0.0021343 12.0728 17.9954 -13 255 0 0 1
0.0135051 -0.15601 340 -0.0731942 -0.0181958 12.2554 10.9614 -13 256 0 0 1
0.0843034 0.013484 340 0.00957928 -0.0064637 11.2894 22.2014 -13 257 0 0 1
0.0934409 0.136636 340 0.019802 -0.0709255 11.7348 27.3762 -13 258 0 0 1
0.0195169 0.0416666 340 0.00650666 -0.012679 14.4632 14.113 -13 259 0 0 1
-0.0653097 -0.00793946 340 -0.00924536 0.00320238 14.2196 32.5775 -13 260 0 0 1
-0.0158961 0.0393062 340 0.0366977 0.0607551 13.8482 24.1172 -13 261 0 0 1
-0.083364 -0.113696 340 -0.0590965 0.0288164 12.9622 28.9248 -13 262 0 0 1
-0.03063 -0.00135994 340 0.0334344 0.0226242 10.5414 19.3817 -13 263 0 0 1
0.270907 0.0759448 340 -0.143629 -0.003981 3.64281 55.6704 -13 264 0 0 1
0.00885048 -0.115963 340 -0.0347711 -0.0108827 12.8113 33.4738 -13 265 0 0 1
0.108284 0.24633 340 0.0839515 -0.00282152 11.3306 35.516 -13 266 0 0 1
0.0314449 -0.00895361 340 -0.0148131 0.00594767 14.0613 31.4305 -13 267 0 0 1
0.136966 -0.0723468 340 0.0178521 -0.0536754 12.2599 15.7915 -13 268 0 0 1
0.0213295 0.0344153 340 -0.0244483 0.0418218 11.9118 22.349 -13 269 0 0 1
0.0150135 -0.395771 340 -0.0368586 0.0217057 3.44768 62.8608 -13 270 0 0 1
-0.045206 -0.0168368 340 0.0674315 -0.0421799 7.29578 44.1986 -13 271 0 0 1
0.270754 3.19487 340 0.00376846 0.0103815 0.0452503 43.6429 11 271 1001 0 1
0.00748602 -0.0149095 340 -0.00738376 -0.0155541 14.4686 18.632 -13 272 0 0 1
0.0254675 -0.115818 340 -0.030884 0.0353497 8.12089 25.5402 -13 273 0 0 1
-0.0109663 -0.0177996 340 -0.00782045 0.0205164 12.614 36.9394 -13 274 0 0 1
-0.123444 0.104758 340 0.00755987 0.0130079 8.80272 33.6946 -13 275 0 0 1
0.0092427 -0.0250338 340 -0.00842715 0.00309721 11.5354 16.5546 -13 276 0 0 1
-0.00502702 0.0499898 340 0.0021181 0.0144998 9.63619 37.9404 -13 277 0 0 1
0.0226197 -0.0521991 340 -0.00636179 -0.0206511 13.7607 21.8742 -13 278 0 0 1
-0.0215115 0.00464343 340 0.00317594 0.0414201 13.3517 30.022 -13 279 0 0 1
-0.0395355 0.176525 340 0.0231588 0.0469771 6.33394 25.7174 -13 280 0 0 1
-0.0553587 -0.0591109 340 -0.0149735 0.0309378 8.17338 35.1033 -13 281 0 0 1
0.0202726 -0.0254794 340 -0.00513452 0.00510734 9.53804 36.3201 -13 282 0 0 1
-0.0291822 0.0099693 340 -0.00939149 -0.00852924 10.7196 18.8656 -13 283 0 0 1
0.0612225 -0.0916609 340 -0.0284631 -0.0104931 7.22205 30.5642 -13 284 0 0 1
0.105456 -0.452946 340 0.024991 -0.128185 3.19752 63.4543 -13 285 0 0 1
0.107046 0.00921726 340 -0.0253012 -0.0569274 6.79245 44.0186 -13 286 0 0 1
-0.107852 0.0865234 340 -0.0123507 0.053419 10.895 39.6263 -13 287 0 0 1
0.0291612 -0.00564565 340 0.00244706 -0.00978178 11.9759 35.9311 -13 288 0 0 1
0.0229987 -0.0473434 340 0.00917857 -0.00356297 9.46357 30.6615 -13 289 0 0 1
0.0639168 0.0112512 340 0.024627 -0.0197382 9.06314 22.2792 -13 290 0 0 1
0.062696 -0.129993 340 0.027307 0.00321411 6.94205 36.4154 -13 291 0 0 1
0.645223 -2.88728 340 0.0313551 -0.0242286 0.0181805 36.8292 11 291 1003 0 1
0.103864 0.0330568 340 -0.00693366 0.000340647 13.2754 12.7287 -13 292 0 0 1
0.00336465 -0.0971458 340 -2.38523e-05 -0.00200936 7.40847 45.6529 -13 293 0 0 1
-0.0806244 0.02212 340 0.00862313 0.02738 13.8271 38.6437 -13 294 0 0 1
-0.339821 0.0341357 340 -0.0539298 0.0757156 7.27802 39.9499 -13 295 0 0 1
0.121269 -0.134372 340 -0.00889321 0.0904308 6.04746 35.3346 -13 296 0 0 1
-0.0491176 0.0189051 340 0.019262 0.00526491 11.9882 15.226 -13 297 0 0 1
0.231558 -0.135709 340 0.0697796 -0.11257 1.66203 81.9013 -13 298 0 0 1
0.0166594 -0.0456856 340 -0.00186233 -0.0145033 12.1853 23.0325 -13 299 0 0 1
-0.0362572 0.0572648 340 0.0698609 0.220219 3.34389 61.1468 -13 300 0 0 1
0.0437207 -0.165294 340 0.0415826 0.00888001 8.2416 41.4779 -13 301 0 0 1
0.0189601 -0.0779959 340 -0.0955641 -0.0439925 7.54494 32.2433 -13 302 0 0 1
0.00870423 0.0581377 340 0.0260441 -0.0207467 11.6663 23.7539 -13 303 0 0 1
0.15344 -0.151152 340 -0.0512023 -0.0443197 7.74794 33.1621 -13 304 0 0 1
-0.0275969 0.00872741 340 0.00286158 0.00952271 11.0959 21.4297 -13 305 0 0 1
-0.0331949 -0.0522155 340 -0.0143994 0.00496169 9.72531 28.2327 -13 306 0 0 1
0.128321 -0.343378 340 -0.110676 0.184535 4.50425 38.1981 -13 307 0 0 1
0.0610188 0.0262394 340 -0.00434337 0.0107502 12.3876 16.6855 -13 308 0 0 1
-0.161979 0.356177 340 0.149391 -0.0212375 9.54743 33.1306 -13 309 0 0 1
-1.75432 -2.37027 340 -0.0136319 0.0125607 0.0354831 34.8057 11 309 1001 0 1
0.133017 0.175062 340 0.0363119 -0.0444567 5.72747 30.7456 -13 310 0 0 1
-0.0229244 -0.0498504 340 -0.00934182 -0.0232242 14.0102 26.1998 -13 311 0 0 1
-0.00936594 -0.00273611 340 0.00255035 -0.00339152 12.1648 17.3461 -13 312 0 0 1
-0.0271507 0.0950453 340 0.0302837 0.0233568 13.0487 11.5305 -13 313 0 0 1
-0.000169477 0.00263322 340 0.00669103 0.0343685 13.8224 10.7908 -13 314 0 0 1
-0.0938471 0.0415263 340 0.0137074 0.0426748 11.6305 14.6413 -13 315 0 0 1
-0.0235862 0.0208922 340 -0.0205926 -0.0202395 9.10279 20.1845 -13 316 0 0 1
-0.151606 0.0527837 340 -0.0123399 -0.150338 2.77377 48.5339 -13 317 0 0 1
0.110779 -0.0695236 340 -0.042836 -0.0107819 6.13425 25.6449 -13 318 0 0 1
-0.0359267 -0.0326012 340 0.0226381 0.0258089 13.8147 14.9487 -13 320 0 0 1
0.0345469 -0.00442219 340 -0.0099276 -0.0172994 10.0068 18.0877 -13 321 0 0 1
0.0337723 -0.0308326 340 -0.0394409 0.00604446 12.7569 15.6525 -13 322 0 0 1
0.158506 -0.0954377 340 -0.000103414 -0.01569 6.16223 27.3847 -13 323 0 0 1
0.319917 -0.356236 340 -0.0631853 0.0912819 1.45524 80.4748 -13 324 0 0 1
0.209681 -0.278395 340 -0.0537247 -0.0507485 11.4547 37.7774 -13 325 0 0 1
-0.0319404 0.0131208 340 0.0197453 0.0127207 10.7252 32.0621 -13 326 0 0 1
0.0117949 0.0840364 340 0.0216975 -0.00333919 12.4773 23.2085 -13 327 0 0 1
0.12737 -0.0055861 340 0.0730271 -0.228185 4.25906 48.5118 -13 328 0 0 1
-0.172829 -0.17788 340 -0.0777232 0.0713651 11.9828 32.7313 -13 329 0 0 1
-0.0687814 -0.0543474 340 -0.0411338 0.0149853 8.98967 22.0319 -13 330 0 0 1
-1.67471 -3.4586 340 -0.0464844 0.0300367 -0.028257 30.8835 11 330 1001 0 1
0.21673 0.0815846 340 0.0496276 -0.0771251 5.60251 22.6534 -13 331 0 0 1
0.545237 -0.461302 340 -0.32336 0.101827 4.95951 30.3307 -13 332 0 0 1
0.0321515 0.0481644 340 0.00782814 -0.0355916 9.86717 23.9278 -13 333 0 0 1
-0.000838022 0.0170999 340 0.009648 -0.0140879 12.8557 12.4519 -13 334 0 0 1
-0.00431082 0.124245 340 -0.0212887 0.0514053 14.2534 30.0575 -13 335 0 0 1
0.0386681 -0.109297 340 0.0424381 0.0184335 5.73161 35.0982 -13 336 0 0 1
0.0418331 0.0434399 340 0.0183334 -0.0231593 13.7382 27.6175 -13 337 0 0 1
-0.0122129 -0.0322432 340 -0.0117106 0.0119507 9.66884 37.4619 -13 338 0 0 1
-0.0925101 -0.145725 340 -0.0522938 0.0111605 9.35721 42.0617 -13 339 0 0 1
0.763335 0.753331 340 0.146675 0.146464 1.14879 89.4345 -13 340 0 0 1
0.0499038 -0.0677308 340 0.0142137 -0.0314712 12.4625 37.6949 -13 341 0 0 1
1.12055 3.68356 340 0.443915 0.34195 1.9639 76.9648 -13 343 0 0 1
0.0146003 0.00314377 340 0.00168885 0.00855484 13.2553 15.9334 -13 344 0 0 1
0.334157 0.102996 340 0.0537276 -0.0809597 9.65235 13.5756 -13 345 0 0 1
0.373644 -2.71659 340 0.00913439 0.0249248 0.0639733 12.8124 11 345 1002 0 1
0.0198809 -0.0593945 340 -0.0209569 -0.0101454 13.4583 24.5508 -13 346 0 0 1
-0.00869191 0.0145698 340 -0.0103957 -0.0222044 12.1174 25.0465 -13 347 0 0 1
-0.0625858 -0.0244776 340 -0.0632982 0.0105484 13.788 35.5731 -13 348 0 0 1
-0.248544 -0.119914 340 -0.0115172 0.10993 7.11866 31.4836 -13 349 0 0 1
3.14455 0.518948 340 0.0111232 -0.00193211 0.0522364 28.2191 11 349 1001 0 1
-0.0821536 -0.00966655 340 0.0148604 -0.00109387 7.77245 39.1159 -13 350 0 0 1
2.13812 -1.65428 340 -0.944895 0.389389 4.45372 34.7014 -13 351 0 0 1
-0.0307773 -0.118863 340 0.160073 0.0896729 4.27883 39.7343 -13 352 0 0 1
0.220381 0.127121 340 0.0918859 -0.0561245 10.8693 38.8249 -13 354 0 0 1
-1.22251 0.391841 340 0.304228 -0.118853 3.34708 53.4314 -13 355 0 0 1
0.175709 -0.0378292 340 0.0653236 -0.0296889 9.78534 40.6032 -13 356 0 0 1
-0.100641 0.131528 340 -0.0236921 0.0120772 10.6899 39.0602 -13 357 0 0 1
0.223767 0.023844 340 0.0038373 -0.0721602 10.9146 28.9768 -13 358 0 0 1
0.074384 -0.00970102 340 0.000951538 -0.0138024 11.8001 16.8915 -13 359 0 0 1
-0.00899687 -0.00519405 340 -0.0138533 -0.0047962 13.5156 30.9458 -13 360 0 0 1
-0.0394994 0.115991 340 -0.0195856 0.0312658 3.94096 36.0587 -13 361 0 0 1
-0.0324677 0.033794 340 0.000389938 0.00431314 8.76866 15.1196 -13 362 0 0 1
0.024687 -0.00539929 340 -0.0116903 0.0119879 12.2133 38.784 -13 363 0 0 1
0.0699362 -0.0606732 340 0.00621447 -0.0160242 14.4575 13.5837 -13 364 0 0 1
0.0828091 -0.0153756 340 0.00768115 -0.00729053 11.8546 15.4026 -13 365 0 0 1
-0.0578503 0.0119119 340 0.0395909 0.0111448 7.90788 16.6215 -13 366 0 0 1
-0.168618 0.156312 340 0.06443 0.0377738 11.7193 35.3475 -13 367 0 0 1
-0.0861483 -0.0926075 340 0.0225106 0.103514 6.07045 39.4795 -13 368 0 0 1
-1.39467 0.812668 340 -0.0684784 0.114044 1.92086 72.478 -13 369 0 0 1
-0.148946 0.0197366 340 0.00293483 0.0115038 6.50822 22.7916 -13 370 0 0 1
0.046266 0.488453 340 0.164141 -0.000264611 14.5259 26.4937 -13 371 0 0 1
-0.549028 0.675285 340 -0.689929 -0.65416 2.13547 75.5556 -13 372 0 0 1
0.131996 -0.129924 340 0.0280518 -0.0739123 14.2007 18.0946 -13 373 0 0 1
-0.246462 0.707227 340 0.155389 -0.15393 5.02234 30.0987 -13 374 0 0 1
0.0381611 0.0930701 340 0.0307536 -0.00455491 13.3728 31.4332 -13 375 0 0 1
0.160668 0.00500983 340 -0.103939 -0.0735886 6.66127 31.37 -13 376 0 0 1
-0.0697413 -0.0854683 340 -0.0169265 -0.0114684 10.5365 22.0083 -13 377 0 0 1
-1.94698 -0.329449 340 0.112899 0.586666 1.35978 59.1853 -13 378 0 0 1
-0.38382 -0.166943 340 -0.0402273 0.0811755 7.44297 19.7002 -13 379 0 0 1
-0.00858521 0.0242467 340 -0.0358666 0.022369 10.7331 16.9987 -13 380 0 0 1
0.0486927 0.143544 340 -0.0283037 -0.0298423 7.87439 28.4304 -13 381 0 0 1
0.0117465 -0.00301067 340 -0.00280708 0.0100514 13.4187 22.0316 -13 382 0 0 1
0.104622 -0.167117 340 -0.0158022 -0.0721014 14.1047 23.5158 -13 384 0 0 1
-2.67556 2.22392 340 0.00599971 -0.00571913 0.0438447 24.9977 11 384 1001 0 1
-0.117893 0.028061 340 -0.00853002 0.0295872 14.4656 18.0167 -13 386 0 0 1
-0.0131591 -0.00798217 340 -0.000331743 -0.00551494 14.4384 26.677 -13 387 0 0 1
0.0968379 0.0279725 340 -0.0149416 -0.0112477 9.3959 37.0164 -13 388 0 0 1
0.0938142 0.141628 340 0.0117857 -0.0487107 13.4456 28.041 -13 389 0 0 1
-0.504589 0.397364 340 -0.0223223 -0.0521065 0.0607596 28.5034 11 389 1001 0 1
0.00687785 -0.0275285 340 -0.0269865 0.0104697 10.327 21.4038 -13 390 0 0 1
-0.126026 -0.0841047 340 -0.0226215 0.0334358 8.7276 42.5422 -13 391 0 0 1
0.0242717 -0.107805 340 -0.0153652 0.024027 8.16918 42.5325 -13 392 0 0 1
-0.287181 0.0730048 340 0.0688308 0.0797569 4.0272 32.8568 -13 393 0 0 1
0.22609 0.227677 340 0.0107638 -0.0766354 4.01011 39.489 -13 394 0 0 1
-0.208791 -0.18725 340 0.072552 0.152833 14.1088 17.9877 -13 395 0 0 1
0.108426 -0.202933 340 -0.072938 -0.0294172 7.10491 33.5317 -13 396 0 0 1
-0.0847793 -0.0896841 340 -0.0296273 0.0442565 14.5033 16.248 -13 397 0 0 1
-0.319221 -4.81185 340 0.0378399 0.00641344 0.0159635 26.9241 11 397 1001 0 1
-0.00189293 -0.0338211 340 -0.0198259 0.00276811 13.3129 16.9337 -13 398 0 0 1
-0.00414777 0.0215503 340 -0.00236148 0.0367654 12.6365 13.4908 -13 399 0 0 1
-0.141005 0.0342644 340 -0.00740941 0.052184 11.6614 22.2882 -13 400 0 0 1
-0.0144143 0.0779752 340 0.00696731 -0.0172129 11.1873 24.5496 -13 401 0 0 1
0.187746 0.295636 340 -0.0177258 -0.0877068 7.33438 18.4761 -13 402 0 0 1
-0.0357536 0.1828 340 0.0489955 0.0335518 5.76598 41.2586 -13 403 0 0 1
0.0542117 0.0718994 340 -0.0041283 -0.0326376 14.3965 17.3294 -13 404 0 0 1
0.124925 -0.324196 340 -0.0808606 -0.095941 12.8594 27.0887 -13 405 0 0 1
0.0861428 -0.10711 340 -0.0296561 -0.0274742 7.15493 32.4995 -13 406 0 0 1
0.158907 0.178758 340 -0.0879342 0.0782116 4.85579 49.2019 -13 407 0 0 1
-0.0583518 -0.0026233 340 -0.0776814 -0.0298283 10.8724 33.0653 -13 408 0 0 1
0.170878 0.0199575 340 -0.0254626 0.0314708 0.0586578 33.0848 11 408 1001 0 1
0.0381266 0.0126378 340 0.11836 -0.00576335 12.211 13.9317 -13 409 0 0 1
0.0666587 -0.120638 340 -0.0165523 -0.00297679 7.22147 27.3422 -13 410 0 0 1
-0.0132789 -0.213471 340 0.00598216 0.0518272 6.85685 23.1285 -13 411 0 0 1
0.0202099 0.121073 340 0.0119634 0.0125826 7.32829 21.6795 -13 412 0 0 1
0.160921 0.152345 340 0.0320369 -0.0676884 5.74331 22.1866 -13 413 0 0 1
-0.0314377 0.141077 340 0.0377348 0.00690014 9.83709 19.3555 -13 414 0 0 1
-0.0211644 0.0672528 340 0.0569945 -0.00768989 8.31902 22.1623 -13 415 0 0 1
-0.105828 -0.0300282 340 -0.0192175 -0.00585106 12.6395 23.9089 -13 416 0 0 1
-0.577568 0.187721 340 -0.0964246 0.307922 6.52632 24.7532 -13 417 0 0 1
-0.0521637 0.088786 340 0.0447482 -0.0279175 9.97036 38.9154 -13 418 0 0 1
-2.58569 0.706743 340 -0.0398907 -0.0341443 0.0575056 37.8205 11 418 1001 0 1
0.277902 0.142332 340 0.0508649 -0.0825022 7.70535 29.9885 -13 419 0 0 1
0.0489237 -0.051832 340 -0.0564785 -0.0130815 12.489 20.1223 -13 420 0 0 1
-0.0849208 0.0259164 340 -0.018274 0.00355316 13.2134 14.4558 -13 421 0 0 1
-0.0347914 0.241592 340 0.0516533 0.0134932 7.10774 21.4298 -13 422 0 0 1
-0.356327 0.534006 340 0.0803337 0.0798795 0.915107 87.8464 -13 423 0 0 1
0.0207664 0.0136223 340 0.000932576 0.019954 9.34702 23.3492 -13 424 0 0 1
-0.0267197 0.188499 340 0.145598 0.011138 5.18878 52.6909 -13 425 0 0 1
0.0618087 -0.159942 340 -0.0508267 -0.0258924 5.13608 48.0964 -13 426 0 0 1
-0.0424379 0.0089497 340 -0.0089868 0.00499351 10.8187 37.3893 -13 427 0 0 1
-0.160272 0.00315993 340 0.00103652 0.0350115 7.04279 25.791 -13 428 0 0 1
-0.265823 -0.139445 340 -0.0282821 0.0509115 7.83497 28.9309 -13 429 0 0 1
-0.048774 -0.141992 340 -0.0341771 0.0173337 9.95446 22.9458 -13 430 0 0 1
-0.199799 0.0710131 340 0.00164925 0.0421443 10.8453 21.5525 -13 431 0 0 1
0.0964271 -0.144972 340 -0.0556085 -0.0441233 9.962 30.7136 -13 432 0 0 1
0.0584222 -0.142548 340 -0.0137286 -0.0737544 11.057 36.6046 -13 433 0 0 1
-0.0109143 0.00957058 340 0.00607647 0.00393656 13.7055 20.6107 -13 434 0 0 1
-0.0721151 -0.0427047 340 -0.0362957 0.0257146 11.3946 26.0071 -13 435 0 0 1
-0.0808321 0.066636 340 0.0458478 -0.0229527 11.2575 17.9703 -13 436 0 0 1
0.0349095 0.0560521 340 0.028547 -0.0028366 10.7154 23.0439 -13 437 0 0 1
0.0367003 -0.0444061 340 0.0067002 -0.016293 11.1346 27.7071 -13 438 0 0 1
-0.117262 -0.0171297 340 -0.0249172 0.0206787 11.9558 39.1036 -13 439 0 0 1
0.0752509 0.0166152 340 -0.0163533 -0.00981865 8.86486 35.0402 -13 440 0 0 1
-0.179605 0.000315654 340 -0.0485705 0.0121789 11.3935 25.1859 -13 441 0 0 1
0.0889672 -0.0702918 340 0.00671744 0.0389006 0.0403952 26.1642 11 441 1001 0 1
-0.272834 -0.0535797 340 0.0556789 0.111679 4.10627 31.3459 -13 442 0 0 1
-0.0548045 -0.182421 340 -0.0301575 -0.0115577 7.59369 41.9126 -13 443 0 0 1
0.163483 0.103219 340 0.101246 -0.00209858 11.4021 21.8555 -13 444 0 0 1
0.0271615 0.0601314 340 0.0768308 0.105799 8.02259 41.2754 -13 445 0 0 1
-0.00877265 -0.0216983 340 -0.0105202 0.00487443 13.4087 36.2122 -13 446 0 0 1
0.0139291 -0.0604509 340 -0.0136743 0.0101971 11.5916 22.9748 -13 447 0 0 1
0.126135 0.104549 340 0.0887425 -0.0286119 9.8169 16.3598 -13 448 0 0 1
0.108023 0.0162273 340 0.0427825 0.00842709 8.19601 19.8922 -13 449 0 0 1
0.0646544 -0.0218291 340 0.0226522 -0.00466286 12.3466 39.4821 -13 450 0 0 1
-0.00785143 0.143064 340 -0.00253502 -0.0186466 7.8769 36.3195 -13 451 0 0 1
0.110529 0.0360699 340 -0.0335899 -0.0529821 11.873 37.1323 -13 452 0 0 1
-0.0426343 0.0146206 340 0.00804827 0.014464 12.9817 37.6168 -13 453 0 0 1
-0.0656149 -0.0230395 340 -0.0176244 0.0222206 9.57637 22.3797 -13 454 0 0 1
1.84695 0.862184 340 0.0676203 0.152642 1.97422 54.5444 -13 455 0 0 1
0.121903 -0.0331714 340 -0.00346238 -0.040083 14.0006 12.9634 -13 456 0 0 1
-0.090416 0.0363348 340 0.0169894 -0.0141153 9.45655 14.8814 -13 457 0 0 1
-0.0141743 0.185703 340 0.0497874 -0.0214939 11.6042 37.587 -13 458 0 0 1
-0.0239586 0.01944 340 0.026718 -0.00435289 8.01386 24.3016 -13 459 0 0 1
0.0203112 -0.0286015 340 -0.0206203 -0.000758686 10.5843 14.9965 -13 460 0 0 1
-0.0537423 -0.012369 340 -0.000348056 0.000315859 13.4533 35.4282 -13 461 0 0 1
-0.000244666 0.0569438 340 0.011033 0.0311321 13.6897 35.4755 -13 462 0 0 1
-0.000454667 -0.0216991 340 -0.0628707 -0.00867263 7.70974 28.3506 -13 463 0 0 1
0.0228865 0.199831 340 0.105197 0.155438 3.96197 57.6171 -13 464 0 0 1
0.0929042 0.035937 340 0.0395863 -0.0853046 9.89853 18.2935 -13 465 0 0 1
-0.0862985 0.00023023 340 -0.0374731 0.0221846 7.41694 18.4924 -13 466 0 0 1
0.00399863 -0.00971058 340 0.00281917 -0.0122854 14.0834 12.3412 -13 467 0 0 1
-0.0430847 -0.0267424 340 -0.0198743 -0.00957973 8.82575 24.6546 -13 468 0 0 1
0.228626 0.154598 340 0.0678157 -0.0851964 4.90364 41.9401 -13 469 0 0 1
-0.164552 -0.262381 340 -0.0991506 0.0979823 6.47003 21.7418 -13 470 0 0 1
-1.10279 -0.437342 340 -0.0214147 0.0226449 1.54757 62.5598 -13 471 0 0 1
-0.00782769 -0.034851 340 0.0111844 0.0201235 10.0609 32.8787 -13 472 0 0 1
-0.0394824 -0.00663949 340 0.103716 -0.067783 5.45689 24.3887 -13 473 0 0 1
-0.0415567 -0.0980087 340 -0.0758577 -0.0248555 8.26223 30.4035 -13 474 0 0 1
0.0410716 -0.0424864 340 -0.0227288 -0.00020908 11.7962 21.09 -13 475 0 0 1
-0.0994783 0.028159 340 -0.0123275 0.026714 7.87563 16.9509 -13 476 0 0 1
0.121378 0.0889928 340 0.0326751 -0.0199157 9.53843 29.4032 -13 477 0 0 1
0.0700363 0.0615827 340 0.0934898 -0.0536287 9.76424 15.8626 -13 478 0 0 1
-0.459226 0.339879 340 0.117636 0.0995765 5.42202 25.3907 -13 479 0 0 1
-4.06751 -2.48381 340 -0.00834834 -0.00126712 0.0424289 23.5713 11 479 1001 0 1
-0.0571093 -0.0314751 340 -0.00123984 0.0521493 10.7243 28.9549 -13 480 0 0 1
-0.431437 -0.0453324 340 0.0134098 0.114828 8.99072 28.3825 -13 481 0 0 1
0.235004 -0.0691181 340 -0.082485 -0.0603781 6.57409 47.9294 -13 482 0 0 1
0.0287597 -0.00181368 340 0.0039236 -0.00543816 14.0473 38.2549 -13 483 0 0 1
0.213456 0.0279354 340 0.0166641 -0.0630425 7.50362 30.7112 -13 484 0 0 1
-0.050907 -0.29791 340 -0.105727 0.0706789 11.3783 14.7861 -13 485 0 0 1
0.0277568 0.106121 340 0.0877712 -0.0395269 7.35108 24.7241 -13 486 0 0 1
-0.0239139 -0.0525596 340 -0.0290248 0.0326765 13.0233 27.9672 -13 487 0 0 1
-0.402755 0.00511712 340 0.0701871 0.112545 5.41834 43.2851 -13 488 0 0 1
-0.049546 0.0330048 340 0.00514424 0.0141981 13.8948 14.0389 -13 489 0 0 1
-0.282831 -0.555039 340 -0.0321471 0.0447341 3.93383 34.4248 -13 490 0 0 1
0.043194 -0.0790777 340 -0.0556317 0.0521753 7.60131 41.2368 -13 491 0 0 1
0.00303577 0.0196012 340 0.00977987 -0.0310497 13.9374 13.4108 -13 492 0 0 1
-0.121154 -0.024701 340 0.0271222 0.0303935 12.4387 35.0746 -13 493 0 0 1
-0.0121593 0.0547941 340 0.0353624 -0.0272179 12.9673 33.3953 -13 494 0 0 1
0.0882092 -0.01417 340 -0.0602681 -0.0232892 14.4532 10.287 -13 495 0 0 1
-0.018998 0.0459695 340 0.0676426 0.0200357 10.7342 18.8561 -13 496 0 0 1
0.0285453 -0.0412525 340 -0.0320434 -0.0154382 14.0609 10.1993 -13 497 0 0 1
-0.00955745 0.0233137 340 0.00581705 0.0456053 13.5522 25.8239 -13 498 0 0 1
1.21786 -0.176125 340 -0.00373514 -0.010289 0.131793 22.4899 11 498 1002 0 1
0.0156781 -0.0215039 340 -0.00616078 0.0196354 11.9755 26.3751 -13 499 0 0 1
0.101892 -0.00708153 340 -0.0612484 -0.0210769 12.6692 23.3923 -13 500 0 0 1
0.0987946 0.0951306 340 0.0212724 -0.0381133 10.9039 21.861 -13 501 0 0 1
-0.0322888 -0.035132 340 -0.0047715 -0.00609244 14.4365 14.1263 -13 502 0 0 1
0.102954 -0.0989464 340 0.0026995 -0.0342296 10.248 18.142 -13 503 0 0 1
0.00475432 0.0419786 340 0.00851764 -0.0230537 11.1932 28.2686 -13 504 0 0 1
-0.0638156 -0.713357 340 -0.287412 0.111214 3.6411 48.8316 -13 505 0 0 1
0.10076 -0.280177 340 -0.0675173 -0.0636247 8.69464 22.3957 -13 506 0 0 1
-0.00823267 -0.112058 340 -0.0306318 0.00193409 12.465 22.0673 -13 507 0 0 1
0.0199445 0.0428704 340 0.0180093 -0.028161 11.4384 36.6342 -13 508 0 0 1
0.12125 0.0631786 340 -0.0285074 -0.0361995 8.21344 35.7407 -13 509 0 0 1
0.0029495 0.0496491 340 0.00576834 0.0151246 10.5607 21.9373 -13 510 0 0 1
-0.0221945 0.0338655 340 -0.00215813 0.0245429 10.4545 15.2179 -13 511 0 0 1
-0.0838112 0.051822 340 0.0190046 0.015034 12.8971 27.8438 -13 512 0 0 1
-0.0035641 0.1251 340 -0.00769504 0.0340708 13.3386 10.3367 -13 513 0 0 1
-0.0889973 -0.00806309 340 0.0620114 0.0519275 7.97471 21.3059 -13 514 0 0 1
-0.0276433 0.0332312 340 -0.0207729 0.0228946 10.2447 36.0847 -13 515 0 0 1
-0.0872323 -0.00455783 340 0.0760663 0.053353 3.97377 38.8559 -13 516 0 0 1
0.0553096 0.0197265 340 -0.0202352 -0.00294191 8.23544 18.2472 -13 517 0 0 1
0.855713 -0.441628 340 0.106529 -0.344272 12.3675 15.4078 -13 518 0 0 1
0.126088 -0.362609 340 -0.0922547 -0.0179746 11.6734 29.6501 -13 519 0 0 1
-0.0636755 0.00661979 340 -0.0100363 0.00621 11.6465 28.0856 -13 520 0 0 1
0.000244907 0.00278876 340 0.00713911 -0.00462055 12.9548 21.3507 -13 522 0 0 1
0.0338991 -0.000174101 340 -0.00499458 -0.000814722 13.5875 25.4508 -13 523 0 0 1
0.450432 0.0183953 340 -0.164002 -0.0217787 3.95441 55.8528 -13 524 0 0 1
-0.0204249 0.041299 340 -0.0225493 0.0500624 9.72236 20.1234 -13 525 0 0 1
0.0423286 -0.221958 340 -0.0280514 -0.0466989 11.7144 30.5717 -13 526 0 0 1
0.0405059 0.169878 340 -0.0480571 0.138728 3.2887 63.6534 -13 527 0 0 1
-0.0841438 -0.0894369 340 -0.0140914 0.0469959 12.4991 26.2677 -13 528 0 0 1
0.032217 -0.0362189 340 -0.0214506 -0.0182501 11.2861 34.1081 -13 529 0 0 1
-0.0505258 -0.0823573 340 -0.0233848 -0.026668 8.32946 37.6237 -13 530 0 0 1
0.075548 0.01328 340 0.0182255 -0.0269145 12.9596 23.5592 -13 531 0 0 1
0.36424 0.821965 340 0.212987 -0.229122 13.7338 38.3439 -13 532 0 0 1
-0.578535 1.00397 340 -0.0469711 0.0105668 0.109603 37.967 11 532 1001 0 1
-0.0190784 -0.00610357 340 -0.0311499 0.0528886 9.08074 36.8292 -13 533 0 0 1
-0.0929881 -0.130403 340 -0.0602623 0.0190172 9.17052 37.0173 -13 534 0 0 1
-0.0640804 0.208253 340 0.0661115 -0.00201368 9.85392 15.4694 -13 535 0 0 1
0.0622524 0.0204351 340 0.0174753 0.00974917 13.0387 18.945 -13 536 0 0 1
-0.770235 0.0661314 340 -0.0252918 0.26555 4.50355 41.092 -13 537 0 0 1
-0.0284665 0.0392974 340 -0.00632637 0.0350019 14.4805 27.0867 -13 538 0 0 1
-0.0483736 0.265572 340 0.131332 0.0429483 11.2922 16.9436 -13 539 0 0 1
0.982565 -2.53372 340 -0.0371277 -0.0224597 0.0581706 17.1137 11 539 1002 0 1
-0.0104249 0.106101 340 0.00383529 0.0378444 11.2715 36.7947 -13 540 0 0 1
-0.0220662 -0.0357986 340 -0.0157637 0.00880051 7.37756 38.5587 -13 541 0 0 1
-6.03919 -1.02437 340 0.011826 0.0128474 0.0408172 38.9191 11 541 1003 0 1
0.00280846 -0.0950679 340 -0.0746325 -0.022262 12.7932 13.6963 -13 542 0 0 1
0.647502 -0.141175 340 -0.028467 -0.0277016 0.0381723 16.3711 11 542 1001 0 1
0.193069 0.0792968 340 -0.00840764 -0.0489183 8.54238 27.2972 -13 543 0 0 1
-0.00636607 -0.120899 340 0.0484162 0.0478788 13.7335 37.1987 -13 544 0 0 1
0.0399147 -0.00992872 340 -0.0637947 -0.0390395 4.95223 50.4039 -13 545 0 0 1
2.94865 -9.62586 340 0.00261262 0.00575785 0.0353305 46.5218 11 545 1003 0 1
0.198739 0.0981066 340 0.068381 -0.052506 6.69166 38.1534 -13 546 0 0 1
0.00168406 0.0698711 340 -0.0135438 0.00356356 10.6885 31.3534 -13 547 0 0 1
-0.046215 -0.067554 340 -0.0104489 -0.0182365 9.87034 31.8114 -13 548 0 0 1
0.162338 0.0207593 340 0.0316922 0.00385839 9.63164 38.6329 -13 549 0 0 1
0.0933589 0.21436 340 0.054243 -0.0394138 8.61769 31.0185 -13 550 0 0 1
-0.0750924 0.190997 340 0.0695071 0.0137513 10.5925 17.6322 -13 551 0 0 1
-0.0200309 -0.0909115 340 -0.0634859 -0.0177179 11.328 21.228 -13 552 0 0 1
0.0439861 -0.101704 340 0.013847 -0.123907 7.91643 27.4005 -13 553 0 0 1
-0.229983 0.252243 340 0.194824 -0.0988825 4.96498 25.4681 -13 554 0 0 1
1.52682 2.68261 340 -0.0211268 -0.00374261 0.0317396 24.7691 11 554 1001 0 1
0.121432 0.047035 340 0.068559 0.00519676 7.9863 42.9469 -13 555 0 0 1
0.192531 -0.0600753 340 -0.035437 -0.00238175 6.17375 40.6743 -13 556 0 0 1
0.0554848 0.0480822 340 0.00942862 -0.0490269 13.5701 15.8394 -13 557 0 0 1
-0.112323 -0.0194087 340 0.00075096 0.0463436 10.9411 39.7161 -13 559 0 0 1
-0.0732402 0.0875866 340 0.0242971 0.0211043 13.6062 10.108 -13 560 0 0 1
0.156411 -0.128406 340 -0.0288384 -0.0979763 5.22013 49.766 -13 561 0 0 1
0.0391082 -0.0579529 340 -0.013806 -0.0195327 11.0527 15.0158 -13 562 0 0 1
-0.131656 -0.0487081 340 0.0172554 0.0517229 12.1157 25.7607 -13 563 0 0 1
-0.0351826 -0.0357335 340 0.00417227 0.00859 10.5835 40.0485 -13 564 0 0 1
-0.0136632 0.112437 340 0.0182788 -0.00136383 14.2299 14.3439 -13 565 0 0 1
0.229004 0.0215691 340 0.0294456 -0.0460781 9.43161 25.0526 -13 566 0 0 1
0.0102345 0.0432077 340 0.0195375 0.00703697 10.5827 23.4334 -13 567 0 0 1
-0.945816 0.41612 340 0.289809 0.195021 11.8634 36.6431 -13 568 0 0 1
0.00163854 -0.012752 340 0.0127819 0.0180261 13.553 20.5586 -13 569 0 0 1
-0.0480201 0.00764758 340 -0.00276135 0.0291309 11.1061 37.0532 -13 570 0 0 1
-0.0455791 -0.0103047 340 -0.0227538 0.0155371 12.6431 23.444 -13 571 0 0 1
-0.0734314 0.069013 340 0.0389914 0.0212861 9.89531 24.9426 -13 572 0 0 1
0.0649643 -0.0393796 340 -0.0141893 -0.0187285 6.64406 31.452 -13 573 0 0 1
0.000564923 -0.109877 340 -0.0409364 -0.00383184 13.7446 17.9576 -13 574 0 0 1
0.113325 0.0873016 340 -0.0372523 -0.0508687 7.10942 35.959 -13 575 0 0 1
-0.00573081 0.132252 340 0.0749626 -0.00169371 10.6161 30.8537 -13 576 0 0 1
0.0631067 0.0691568 340 0.0268629 -0.00883721 13.4027 12.109 -13 577 0 0 1
0.658237 -0.367764 340 -0.0266326 -0.204343 8.42256 26.0093 -13 578 0 0 1
-0.0327526 0.0652211 340 -0.00487123 0.0626315 13.9537 25.1492 -13 579 0 0 1
0.0488938 0.00808416 340 0.0152198 -0.000566238 12.7614 17.7271 -13 580 0 0 1
-0.0639028 0.0137603 340 0.0241895 0.00662098 11.0899 39.2788 -13 581 0 0 1
-0.0117997 0.0771051 340 0.022048 0.0834623 8.91374 26.3277 -13 582 0 0 1
-0.0466383 0.0565162 340 -0.00267691 -0.0319409 7.71697 22.9977 -13 583 0 0 1
-0.0191631 0.0115981 340 0.0210566 0.00929418 13.9788 35.5212 -13 584 0 0 1
-0.0356985 0.034398 340 0.0148424 -0.00253027 11.2366 19.2123 -13 585 0 0 1
0.0592876 0.0795255 340 0.00678542 -0.0379108 9.37991 38.1421 -13 586 0 0 1
-0.0447682 -0.0473958 340 0.00287663 0.0117821 13.7682 28.5757 -13 587 0 0 1
0.119366 0.00403242 340 -0.00585625 -0.0363159 9.61229 22.6352 -13 588 0 0 1
-0.000821883 0.0401751 340 0.0545618 0.00987136 13.2586 21.8352 -13 589 0 0 1
-0.126061 0.678337 340 0.195072 0.0411664 9.1672 25.4294 -13 591 0 0 1
-0.0245407 -0.185487 340 -0.0619074 0.0239742 8.32223 27.5627 -13 592 0 0 1
0.00999952 -0.23911 340 -0.0291611 -0.0628525 5.86278 47.9196 -13 593 0 0 1
0.0216431 -0.0319196 340 -0.0101596 -0.0203784 10.7555 40.8634 -13 594 0 0 1
-0.0253417 0.0412816 340 0.034421 0.0074321 10.0457 27.0778 -13 595 0 0 1
0.0439569 0.131786 340 -0.0290437 -0.0379629 8.13849 31.9886 -13 596 0 0 1
0.121536 0.0216172 340 0.0511875 -0.00809355 10.4326 23.7619 -13 597 0 0 1
0.160177 0.0456946 340 0.0086631 -0.00965252 5.88777 27.7856 -13 599 0 0 1
0.874109 -2.1699 340 -0.224364 -0.210143 1.54903 55.4991 -13 600 0 0 1
0.0146685 0.00336876 340 0.0209469 -0.0178185 12.5597 28.0062 -13 601 0 0 1
0.0584492 -0.166811 340 -0.0552462 0.00831823 6.90481 39.6002 -13 602 0 0 1
0.088012 0.0469037 340 -0.000674092 -0.058591 9.23275 35.7423 -13 603 0 0 1
-4.93772 -0.60388 340 -0.00534412 0.0238371 0.0727737 32.8053 11 603 1002 0 1
0.122535 0.0469429 340 0.0537019 0.0208519 7.5714 29.1963 -13 604 0 0 1
0.377719 0.195002 340 0.181616 -0.0258323 4.75225 32.4843 -13 605 0 0 1
-0.115082 0.0614768 340 0.000478992 0.063206 12.3584 26.5403 -13 606 0 0 1
-0.13648 0.42851 340 0.000620919 -0.00150477 0.108953 26.0816 11 606 1001 0 1
0.0287651 -0.0779867 340 -0.00657964 -0.0204751 11.8876 16.2314 -13 607 0 0 1
0.0025127 0.0242451 340 0.0179871 -0.0753793 12.9284 24.5245 -13 608 0 0 1
0.0070816 0.156108 340 0.0550314 -0.00759737 11.8814 15.4146 -13 609 0 0 1
0.0123279 -0.00581511 340 -0.00467909 0.0104933 8.82876 21.2686 -13 610 0 0 1
-0.0249909 -0.00040945 340 -0.0092948 0.00768106 10.3299 16.953 -13 611 0 0 1
0.00816194 -0.0904023 340 -0.0601475 -0.0342635 7.85949 27.5184 -13 612 0 0 1
-0.0406059 0.0240242 340 -0.000222405 0.0197839 12.4714 24.507 -13 613 0 0 1
-0.030825 -0.0915511 340 -0.0936525 -0.0175639 12.1337 12.6064 -13 614 0 0 1
0.328244 0.39604 340 0.00995857 -0.0923214 3.89828 48.2884 -13 615 0 0 1
0.521932 0.563865 340 0.108796 -0.0956333 4.04144 54.8989 -13 616 0 0 1
-0.289073 -0.035807 340 -0.0162671 0.0712179 10.8103 28.4684 -13 617 0 0 1
-0.0607069 0.0451102 340 0.00969985 -0.000999662 8.11363 34.9171 -13 618 0 0 1
0.729117 0.300679 340 0.154613 -0.145329 4.8843 46.2564 -13 619 0 0 1
-0.0482543 -0.0429764 340 -0.0186197 0.00418552 12.3648 29.7279 -13 620 0 0 1
0.0300352 -0.0939347 340 -0.0185153 -0.134591 5.2261 25.5894 -13 621 0 0 1
0.0792526 0.0157075 340 0.000814606 -0.0244687 11.1615 39.1876 -13 622 0 0 1
0.0357725 0.0608537 340 -0.0175829 0.00918874 9.71999 26.9326 -13 623 0 0 1
0.0282691 0.0175976 340 0.00849761 0.026536 14.1804 10.1305 -13 624 0 0 1
0.111134 -0.0822416 340 -0.00886111 0.00775708 9.14827 29.4299 -13 625 0 0 1
-0.00786108 -0.00671981 340 0.0350696 -0.00358358 6.1173 28.2863 -13 626 0 0 1
-0.0561908 -0.0241189 340 -0.0228693 -0.0207291 9.36075 30.803 -13 627 0 0 1
-0.36249 0.65131 340 0.0102585 0.0443344 0.060833 30.5614 11 627 1001 0 1
-0.134607 -0.0216158 340 -0.2585 0.014292 2.98946 55.5966 -13 628 0 0 1
-0.0484142 0.11905 340 0.0170134 0.0291763 10.4549 18.1021 -13 629 0 0 1
-0.0368913 0.0501675 340 0.0292399 -0.00104935 11.7875 38.0941 -13 630 0 0 1
-0.131109 -0.0396938 340 -0.0567983 -0.00792075 8.87802 41.5616 -13 631 0 0 1
0.0137226 0.0061165 340 -0.00228512 -0.00656196 14.0728 21.1926 -13 632 0 0 1
-0.144232 0.00421087 340 0.0191012 0.0224757 8.36306 23.0894 -13 633 0 0 1
-0.208815 0.294579 340 0.0402938 0.0454543 4.85239 27.5911 -13 634 0 0 1
-0.158967 0.2293 340 0.00580004 0.0232467 0.0214548 27.6088 11 634 1001 0 1
0.0382428 -0.073642 340 -0.0463858 0.0547507 8.06956 32.5871 -13 635 0 0 1
0.013879 3.27678e-05 340 -0.0802502 -0.0212045 14.1012 16.2246 -13 636 0 0 1
2.69468 -2.67098 340 -0.0257193 0.0446686 0.041582 18.8495 11 636 1001 0 1
-0.0556299 0.0170241 340 -0.0108475 -0.0179992 8.01836 37.2653 -13 637 0 0 1
-0.219106 0.016373 340 0.00107504 0.0699709 12.7059 25.7364 -13 638 0 0 1
0.273811 0.551979 340 0.216313 -0.0242212 13.9983 14.466 -13 639 0 0 1
-0.097937 0.0764731 340 0.0502821 0.019458 10.8798 12.5735 -13 640 0 0 1
0.0121665 0.143509 340 0.117091 0.024802 4.53298 36.6758 -13 641 0 0 1
0.262763 0.00082653 340 0.113434 0.0612825 7.20493 40.0951 -13 642 0 0 1
0.0452624 -0.0495089 340 -0.00949226 -0.0139987 11.0721 11.9236 -13 643 0 0 1
0.120779 -0.0895267 340 -0.0156358 -0.0496876 13.7377 27.6352 -13 644 0 0 1
0.073919 0.0109508 340 -0.00281496 -0.003907 9.69916 15.0488 -13 645 0 0 1
0.000831095 0.0295799 340 0.0310039 -0.0194491 13.7605 26.1072 -13 646 0 0 1
0.0385493 -0.122082 340 -0.0706761 -0.0364319 5.9967 47.3357 -13 647 0 0 1
0.0225704 0.268277 340 0.0344593 0.0341136 4.14421 41.7678 -13 648 0 0 1
0.0210469 -0.236279 340 -0.11785 0.0871702 6.33333 29.6693 -13 649 0 0 1
0.0674217 -0.0558419 340 -0.000149598 -0.0452268 13.5371 13.4127 -13 650 0 0 1
-0.054358 0.00265716 340 -0.0529847 0.00314492 10.0941 25.3091 -13 651 0 0 1
0.046443 0.00126223 340 0.0557917 0.0382335 10.4718 37.9439 -13 652 0 0 1
-0.084795 -0.0725245 340 -0.0207701 0.0277901 11.9624 28.0438 -13 653 0 0 1
0.013415 -0.0108106 340 -0.00266772 -0.00531446 12.3039 22.5224 -13 654 0 0 1
0.045137 -0.0961945 340 -0.0253514 -0.0223196 14.3632 30.9979 -13 655 0 0 1
-0.0116278 0.0708581 340 0.000720452 -0.013358 9.59111 29.0746 -13 656 0 0 1
-0.070961 0.0421939 340 0.0503316 -0.0436375 7.99533 37.3014 -13 657 0 0 1
-0.0529448 0.0469321 340 0.0700214 0.0386204 5.08235 40.4327 -13 658 0 0 1
-0.16476 -0.0845467 340 -0.0135691 0.0191074 14.4576 22.5742 -13 659 0 0 1
0.721682 -0.145327 340 -0.198884 -0.171789 11.6937 33.0938 -13 660 0 0 1
0.0462201 -0.0390441 340 -0.0478857 0.0488673 10.6458 27.7034 -13 661 0 0 1
-0.0533303 -0.0846079 340 -0.0214664 0.00267654 12.1347 21.7088 -13 662 0 0 1
0.0352752 -0.0282735 340 -0.0705208 -0.03038 9.54735 42.1673 -13 663 0 0 1
-0.339195 -0.195268 340 -0.195096 -0.0469659 8.18918 44.1331 -13 664 0 0 1
-2.62732 -1.38504 340 -0.0192377 -0.0232592 0.0429549 44.0198 11 664 1001 0 1
0.0106363 -0.0527369 340 -0.00962188 -0.002302 11.3491 12.9786 -13 665 0 0 1
0.082991 0.0353756 340 -0.015574 -0.0110133 11.7859 25.2259 -13 666 0 0 1
-0.0712636 0.0896974 340 0.00845369 0.0215382 13.0905 22.4078 -13 667 0 0 1
-0.0464965 0.233573 340 0.126433 0.0792996 6.6766 28.7379 -13 668 0 0 1
-0.0782981 -0.0280742 340 -0.00118395 0.0244214 9.59725 30.7359 -13 669 0 0 1
-0.0977818 0.202515 340 0.0388539 0.0374314 13.5745 26.4704 -13 670 0 0 1
0.045158 -0.0254901 340 0.00754154 -0.016862 13.1472 29.2544 -13 671 0 0 1
0.359509 -0.120231 340 0.0417846 -0.110217 0.65941 85.5316 -13 672 0 0 1
0.0527978 0.0550459 340 0.0502206 0.0332816 3.90817 44.0596 -13 673 0 0 1
-0.0707791 -0.0252832 340 0.0037699 0.0163491 12.5491 39.2687 -13 674 0 0 1
-0.0992005 -0.164321 340 0.0328831 0.0515012 7.20261 25.0704 -13 675 0 0 1
-0.0349305 0.0239122 340 0.0256524 0.0190229 12.9085 35.7743 -13 676 0 0 1
-0.0935149 -0.0207894 340 -0.00803927 0.0130208 11.8317 17.3359 -13 677 0 0 1
-0.0350688 -0.028869 340 0.00521854 -0.0164909 9.41527 28.8902 -13 678 0 0 1
0.0312334 0.0994434 340 0.0510871 0.0999793 8.12493 27.9125 -13 679 0 0 1
-0.0981197 0.0598864 340 0.00249384 0.00800555 9.26675 31.9509 -13 680 0 0 1
-0.0594601 0.0326924 340 0.0191911 0.0182775 14.0718 11.7016 -13 681 0 0 1
-0.0157975 0.0331633 340 0.000450441 0.0135386 13.2537 10.5784 -13 682 0 0 1
-0.0467529 0.0479518 340 0.0201626 0.0405544 13.0036 34.578 -13 683 0 0 1
0.961907 -0.339936 340 -0.387228 -0.132867 8.63392 30.7795 -13 684 0 0 1
0.0606656 -0.0455636 340 -0.00998145 -0.0100548 8.06274 22.6981 -13 685 0 0 1
0.0353186 0.0845831 340 0.00148585 -0.0410729 11.5883 37.8665 -13 686 0 0 1
-0.681786 1.26001 340 -0.0253465 -0.0198815 0.0573084 38.495 11 686 1002 0 1
0.0303964 -0.0691884 340 -0.00636212 -0.0339354 9.03509 20.2287 -13 687 0 0 1
0.00546347 0.0695763 340 0.00305972 0.0549123 12.8486 32.697 -13 688 0 0 1
0.71577 0.431053 340 0.0143688 -0.264134 9.82866 35.1132 -13 689 0 0 1
2.67678 -1.41475 340 0.026913 0.0275407 0.061296 33.8142 11 689 1002 0 1
0.124578 -0.140213 340 0.0364389 -0.0656527 5.25503 42.5078 -13 690 0 0 1
-0.0908956 0.0230309 340 0.0471817 0.0393259 12.316 27.2042 -13 691 0 0 1
-0.145558 0.0774069 340 -0.00249373 0.0163246 7.46346 18.2139 -13 692 0 0 1
0.0243793 0.0173 340 0.00989515 -0.0110127 12.7785 30.6394 -13 693 0 0 1
0.135128 0.165432 340 0.0115273 0.0383572 3.98759 40.583 -13 694 0 0 1
-0.204748 -0.102168 340 -0.0493955 0.059913 7.36036 27.6215 -13 695 0 0 1
-0.0640776 -0.086203 340 0.0100778 0.0662093 6.65352 32.003 -13 696 0 0 1
-0.0368977 0.0214081 340 0.000314158 0.0179642 10.0156 30.8493 -13 697 0 0 1
0.24425 0.0226931 340 0.0657629 -0.0575823 8.73393 21.9589 -13 698 0 0 1
2.31789 4.50216 340 -0.00771012 0.0244603 0.0277602 22.6653 11 698 1001 0 1
-0.0346405 0.0279905 340 0.0159152 0.00091172 13.3476 33.1303 -13 699 0 0 1
0.229082 -0.188414 340 0.586969 -0.499354 8.77795 24.513 -13 700 0 0 1
-0.00227452 0.132156 340 0.0724624 0.0168091 9.08258 15.8191 -13 701 0 0 1
0.0605205 0.0271004 340 -0.000701314 -0.0195683 12.304 35.5063 -13 702 0 0 1
0.0733934 -0.0503759 340 -0.0332434 0.0110078 12.0683 32.5783 -13 703 0 0 1
0.0376067 0.153923 340 0.0237225 0.040451 9.4144 21.8731 -13 704 0 0 1
0.0767525 0.0395901 340 0.00230857 -0.0476947 10.0995 18.9048 -13 705 0 0 1
-0.206982 0.0156655 340 -0.0144228 0.00927706 9.59434 28.4182 -13 706 0 0 1
-0.0227466 0.0281815 340 -0.00147988 0.0154847 13.8751 10.4794 -13 707 0 0 1
-0.0237252 0.0553818 340 -0.0228901 0.0267354 10.5457 29.8538 -13 708 0 0 1
0.109842 -0.260111 340 -0.109734 -0.165549 3.70122 45.3106 -13 709 0 0 1
-0.346075 0.233172 340 0.136816 -0.0525324 7.96039 35.2921 -13 710 0 0 1
-0.206328 0.164415 340 0.0770138 0.0233509 14.1623 10.555 -13 711 0 0 1
0.0606002 0.00208386 340 0.0289864 -0.000202238 11.6115 30.4641 -13 712 0 0 1
-0.00609789 -0.114236 340 0.0131394 -0.016902 6.40338 40.9723 -13 713 0 0 1
0.0163724 -0.127528 340 -0.0237109 -0.0103293 14.0561 30.1091 -13 714 0 0 1
0.030219 0.0176942 340 0.0255805 -0.00640871 12.3758 39.4527 -13 715 0 0 1
-0.0735397 0.115408 340 0.0453209 0.0434031 13.1217 30.1735 -13 716 0 0 1
0.0163495 -0.0053078 340 -0.0200487 0.00735665 10.6036 27.0338 -13 717 0 0 1
-0.00332255 0.0701988 340 0.0166314 0.00493187 8.69984 22.1894 -13 718 0 0 1
0.0157404 0.0308261 340 0.0243408 -0.108634 10.6478 20.3124 -13 719 0 0 1
-0.0787686 0.124092 340 0.0222943 0.0414856 11.2786 39.6398 -13 720 0 0 1
-0.434804 -0.000222523 340 -0.141654 0.138112 9.6826 38.5285 -13 721 0 0 1
-0.210045 0.00106774 340 -0.191154 0.053232 5.28211 33.6809 -13 722 0 0 1
0.0359694 -0.0887736 340 -0.00156848 -0.0176279 8.56756 17.848 -13 723 0 0 1
0.08926 -0.0192512 340 0.0105451 -0.00332521 4.94732 46.3948 -13 724 0 0 1
-0.0482584 -0.0338344 340 0.0142193 -0.00392601 9.61047 24.6703 -13 725 0 0 1
0.0121998 -0.07609 340 -0.0416925 -0.0420615 13.6187 24.6697 -13 726 0 0 1
0.0583095 -0.0188938 340 -0.0182128 -0.0012535 14.1456 13.8353 -13 727 0 0 1
0.45283 -0.0749187 340 0.00148359 -0.108759 3.057 59.0997 -13 728 0 0 1
0.0707151 -0.0778294 340 -0.0199289 -0.0218801 5.47685 32.9752 -13 729 0 0 1
-0.0162842 -0.0526395 340 -0.0296648 -0.00106868 11.2101 18.3606 -13 730 0 0 1
-0.036554 -0.0278785 340 -0.0303994 0.00448475 10.9672 14.3626 -13 731 0 0 1
1.28494 0.941815 340 -0.180363 -0.270921 2.26715 64.8452 -13 732 0 0 1
0.228595 0.0875343 340 0.0868177 0.0230551 4.80142 37.2408 -13 733 0 0 1
0.075775 -0.0403521 340 -0.0530558 -0.0427359 7.91114 19.5679 -13 734 0 0 1
-0.122023 0.161942 340 0.0344284 0.0324094 10.9868 28.0691 -13 735 0 0 1
-0.0581097 0.0704492 340 0.0476128 0.0473429 10.996 21.0139 -13 736 0 0 1
-0.0866382 0.119082 340 0.0805465 -0.0538496 8.27144 35.2642 -13 737 0 0 1
0.214944 0.159937 340 -0.0183837 -0.0620282 8.42237 37.6807 -13 738 0 0 1
0.180674 -0.0878666 340 -0.0393725 -0.0531244 11.9056 31.1565 -13 739 0 0 1
-0.097881 -0.0525873 340 -0.00206983 -0.0260063 13.0364 33.2938 -13 740 0 0 1
0.0651026 -0.0826472 340 -0.0216186 -0.0386934 8.70777 33.6613 -13 741 0 0 1
0.0567329 0.0272008 340 0.0338642 0.0248702 4.34284 51.2369 -13 742 0 0 1
0.013825 -0.0788367 340 -0.0386629 -0.0117144 8.34284 16.5914 -13 743 0 0 1
1.42309 0.477776 340 0.167547 -0.277814 3.01893 44.0038 -13 744 0 0 1
-0.00628942 -0.0138964 340 -0.00725519 0.00654025 11.5055 25.6263 -13 745 0 0 1
0.153694 0.038924 340 0.0268262 -0.0473986 8.57033 40.3139 -13 746 0 0 1
-0.0585159 0.110186 340 0.0344727 0.00787392 11.8499 33.3769 -13 747 0 0 1
0.143459 -0.129724 340 0.00950009 -0.00161175 10.5682 28.841 -13 748 0 0 1
0.00214557 -0.10212 340 0.00712155 -0.0074288 12.1267 11.8385 -13 749 0 0 1
-0.0852091 -0.0365219 340 0.0442023 0.0317035 10.3907 33.6752 -13 750 0 0 1
-3.63675 -1.46034 340 0.0285775 -0.0274214 0.0286127 37.5494 11 750 1001 0 1
-0.101775 0.0249085 340 -0.0491893 0.0421981 11.1368 35.4306 -13 751 0 0 1
-0.101219 0.183545 340 0.0420317 0.0600719 6.55277 22.8961 -13 752 0 0 1
0.0964007 0.0462597 340 0.0444344 -0.0349236 10.7933 14.3666 -13 753 0 0 1
-0.033015 -0.0349791 340 -0.0192287 0.0136963 8.68477 39.7347 -13 754 0 0 1
0.0500677 -0.0861814 340 -0.033575 -0.00378938 7.9418 22.8885 -13 755 0 0 1
-1.35962 -0.807387 340 -0.149477 0.290598 5.41446 34.2809 -13 756 0 0 1
-0.0822569 0.0186768 340 -0.0269823 -0.0321404 7.28074 29.5493 -13 757 0 0 1
-0.0142428 0.0877501 340 0.0658092 -0.0267837 7.91157 18.2442 -13 758 0 0 1
0.0852691 -0.159068 340 -0.0639574 -0.0146687 14.1791 24.4817 -13 759 0 0 1
0.145686 -0.0590397 340 0.0181247 -0.0198224 8.11048 35.6401 -13 760 0 0 1
-0.103816 0.129019 340 0.0982626 0.0698442 6.47441 25.9926 -13 761 0 0 1
-0.0485541 0.0316918 340 0.0265145 -0.00998975 13.8678 37.5123 -13 762 0 0 1
0.0678076 -0.0319312 340 -0.0236018 -0.0107614 11.1536 37.4339 -13 763 0 0 1
-0.0179591 -0.0084788 340 -0.00215066 0.00136386 9.8738 23.6295 -13 764 0 0 1
-0.296715 -0.0655937 340 -0.113466 0.0676841 5.84693 28.0793 -13 765 0 0 1
-0.087957 0.0555783 340 0.00191116 -0.0189795 8.59876 19.659 -13 766 0 0 1
0.113212 0.0509393 340 0.0465039 -0.0395954 12.5974 39.2145 -13 767 0 0 1
-0.215214 -0.185448 340 -0.0426751 0.0166417 0.0590988 39.4969 11 767 1003 0 1
-0.0479727 -0.0135517 340 -0.0146097 0.0245939 12.8792 30.7333 -13 768 0 0 1
0.0919908 -0.0775543 340 -0.0181339 -0.066893 7.00648 22.1822 -13 769 0 0 1
-0.0921267 0.0954757 340 0.0214292 0.0190341 13.6463 16.1378 -13 770 0 0 1
-0.0186053 0.188742 340 0.0621337 -0.0325637 10.9005 17.6905 -13 771 0 0 1
0.137625 -0.16997 340 -0.0501661 -0.0717803 14.3361 11.2209 -13 772 0 0 1
0.071593 0.13888 340 0.045511 -0.0159036 11.4324 15.8882 -13 773 0 0 1
0.221375 -0.0794505 340 -0.0465029 -0.0638612 13.4093 13.1406 -13 774 0 0 1
-0.122434 -0.536187 340 -0.0149025 -0.0474343 3.80266 34.144 -13 775 0 0 1
0.0877022 0.0179779 340 -0.0170272 -0.0502296 11.8221 22.3056 -13 776 0 0 1
-0.00448571 0.0332552 340 -0.0165055 -0.00223213 10.6875 24.259 -13 777 0 0 1
-0.0698338 -0.0423016 340 -0.0606071 0.0291018 8.6389 33.1057 -13 778 0 0 1
0.0549369 0.457849 340 0.156667 -0.0910168 12.9423 10.3795 -13 779 0 0 1
0.0215794 -0.288774 340 -0.0972252 -0.0417488 9.5925 17.5934 -13 780 0 0 1
-0.0609435 -0.224939 340 -0.154556 -0.217374 11.5591 15.2764 -13 781 0 0 1
0.113729 0.652252 340 -0.0468361 0.0190635 0.0693805 15.2092 11 781 1001 0 1
0.124895 -0.148547 340 -0.0239298 -0.0375813 10.0721 15.9009 -13 782 0 0 1
0.0954351 -0.11152 340 -0.0120183 0.0742543 6.98485 34.2913 -13 783 0 0 1
0.129221 -0.0879854 340 0.156652 0.00622175 6.89149 20.5668 -13 784 0 0 1
-0.18653 0.233319 340 0.0821758 -0.0184282 4.99943 38.4636 -13 785 0 0 1
4.23697 -1.94107 340 -0.000635641 0.0100031 0.0393723 37.302 11 785 1004 0 1
-0.1579 -0.111096 340 -0.0271221 0.0312851 9.59055 31.9603 -13 786 0 0 1
-0.00101503 0.102349 340 0.0209837 0.012037 8.92506 30.7252 -13 787 0 0 1
-0.238014 -0.037298 340 -0.00319967 0.0266154 12.3351 28.4942 -13 788 0 0 1
0.0303325 -0.0027607 340 -0.0186512 -0.0185453 14.1689 24.1819 -13 789 0 0 1
-0.0421174 -0.0981053 340 -0.0446031 0.00336205 9.95069 39.5541 -13 790 0 0 1
-0.204466 -1.20156 340 0.0279109 -0.00703314 0.0176412 40.2947 11 790 1001 0 1
-0.00520636 0.0733512 340 -0.000678 -0.0564252 4.97184 48.9846 -13 791 0 0 1
-0.0425744 -0.190337 340 -0.0733032 -0.0175279 11.7859 38.95 -13 792 0 0 1
0.117265 0.0404592 340 0.00263218 -0.0401659 11.4288 28.0256 -13 793 0 0 1
0.142 -0.0292322 340 0.022596 -0.0324133 7.47407 29.0195 -13 794 0 0 1
-0.241992 -0.353871 340 -0.0795664 0.0955957 11.5017 19.4784 -13 795 0 0 1
0.0227961 0.0360036 340 0.0138461 0.00193573 8.90751 36.8586 -13 796 0 0 1
0.039555 0.0441419 340 -0.00770611 0.0147272 14.0184 33.9009 -13 797 0 0 1
-0.016601 0.0279751 340 0.0267594 0.0301346 13.7158 34.3914 -13 798 0 0 1
0.00835799 0.0312565 340 0.0030773 0.00261842 9.38646 42.658 -13 799 0 0 1
0.00917465 0.022805 340 0.00331375 -0.00435309 13.5573 11.818 -13 800 0 0 1
0.0149018 -0.142876 340 -0.0135238 -0.0325507 5.79416 26.0054 -13 801 0 0 1
-0.167738 0.192487 340 0.00338493 -0.00251426 7.04805 37.3004 -13 803 0 0 1
0.0396065 -0.00882595 340 -0.0164366 -0.0250613 13.0139 17.3606 -13 804 0 0 1
0.0122141 0.000554542 340 0.0221401 -0.021744 12.5855 37.0402 -13 805 0 0 1
-0.379255 0.107116 340 0.0145786 0.089344 3.13283 44.646 -13 806 0 0 1
0.0744272 0.0309925 340 0.0041806 -0.0345638 13.6534 19.9118 -13 807 0 0 1
-0.232128 -0.595015 340 -0.241415 -0.167577 7.09137 27.1143 -13 808 0 0 1
-0.0365123 0.0295092 340 0.00175403 0.00650021 14.3123 22.6461 -13 809 0 0 1
-0.0108422 0.171123 340 0.065946 0.0357283 10.8191 27.7071 -13 810 0 0 1
0.269943 0.377882 340 0.0910397 -0.119994 5.72013 24.4331 -13 811 0 0 1
-0.042977 0.161687 340 0.0484915 -0.0254168 6.58058 20.8764 -13 812 0 0 1
0.306856 0.159415 340 0.115968 -0.0457639 13.2175 20.4856 -13 813 0 0 1
0.0170981 -0.0665283 340 -0.0402559 0.0111296 9.6359 23.8277 -13 814 0 0 1
-0.00920646 -0.0225761 340 0.00238299 0.00880383 11.6694 38.2569 -13 815 0 0 1
-0.0527788 -0.206428 340 -0.0563165 0.0566087 6.06655 25.039 -13 816 0 0 1
-0.867521 0.467616 340 0.0969309 0.30322 5.33199 47.2767 -13 817 0 0 1
0.176874 0.258855 340 0.0792657 0.0169503 11.4711 39.862 -13 818 0 0 1
-0.245908 -0.00699521 340 0.0216983 0.0372081 6.20289 46.5505 -13 819 0 0 1
-0.0508791 0.0457502 340 0.000317226 0.0384667 13.3972 16.3029 -13 820 0 0 1
-0.0637759 0.164843 340 0.0394665 0.0303501 8.41687 18.5336 -13 821 0 0 1
0.178754 0.266014 340 0.00717613 0.0171943 0.0658874 17.8738 11 821 1002 0 1
0.210428 0.137345 340 0.0413344 -0.0437201 11.6963 39.4068 -13 822 0 0 1
-0.0282334 -0.0421127 340 -0.00293239 -0.0129446 12.624 33.2585 -13 823 0 0 1
-0.0812001 0.0361429 340 0.00652735 0.0295397 14.564 29.7126 -13 824 0 0 1
-0.00558778 -0.0494157 340 -0.0409115 -0.00340711 14.4493 34.8666 -13 825 0 0 1
-0.199477 0.0304928 340 -0.0380835 0.061817 7.61915 29.6018 -13 826 0 0 1
-0.0724215 0.943492 340 0.171332 0.0145961 3.81243 59.3058 -13 827 0 0 1
0.0280988 0.11539 340 0.0568144 0.0243858 8.64457 41.1412 -13 828 0 0 1
0.0779778 -0.142401 340 -0.0713162 0.00390816 10.0582 38.8988 -13 829 0 0 1
-1.42062 -0.0656208 340 0.0333077 -0.0189118 0.0416558 39.2796 11 829 1001 0 1
0.00254188 0.015855 340 0.0048001 0.000260982 14.081 38.1347 -13 830 0 0 1
0.134344 0.0240038 340 -0.00260324 -0.0761903 8.4171 21.7533 -13 831 0 0 1
-0.0192365 -0.0208227 340 0.0141227 0.00782355 13.7988 22.8743 -13 832 0 0 1
-0.039647 0.228422 340 0.0568359 0.00418471 9.04691 43.1617 -13 833 0 0 1
-0.0536306 -0.131887 340 -0.0089737 0.0654227 5.35547 46.839 -13 834 0 0 1
-0.0139121 0.22982 340 0.0927108 0.0182119 7.85093 43.6645 -13 835 0 0 1
0.0954502 0.0943021 340 0.040854 -0.0265071 11.8653 32.3821 -13 836 0 0 1
0.00629017 0.0665423 340 0.0151091 -0.0383274 10.8275 20.8243 -13 837 0 0 1
-0.0155145 0.0788595 340 0.0165606 0.0226837 12.8339 26.7729 -13 838 0 0 1
0.0218758 0.0440104 340 0.0115072 -0.00871765 11.1398 32.9322 -13 839 0 0 1
0.1285 -0.133475 340 -0.0333518 0.0230284 9.857 34.3291 -13 840 0 0 1
-0.075934 -0.462913 340 -0.0576431 0.0213375 6.20577 46.6861 -13 842 0 0 1
-0.154769 0.162218 340 0.052157 0.07271 8.2964 22.1138 -13 843 0 0 1
-0.213152 0.0588766 340 0.0011372 0.111757 4.33677 51.0124 -13 844 0 0 1
0.134742 0.0616695 340 0.0561404 -0.0417846 13.4761 18.4842 -13 845 0 0 1
-0.0254051 0.00375307 340 -0.0355964 0.0218303 12.3033 27.0021 -13 846 0 0 1
0.0285036 0.364017 340 -0.00461533 -0.0670148 4.66739 35.0292 -13 847 0 0 1
0.243751 -0.106956 340 -0.101659 -0.0649505 4.71988 52.8712 -13 848 0 0 1
-0.0215349 0.0049246 340 0.0212801 -0.00500219 9.62747 15.4027 -13 849 0 0 1
-0.134974 -0.0811209 340 -0.0350486 0.0522716 12.3667 32.3747 -13 850 0 0 1
0.779944 2.87306 340 -0.014069 -0.00789685 0.0309052 36.2035 11 850 1001 0 1
-0.0707127 -0.093733 340 -0.0117239 0.0157018 8.91061 21.995 -13 851 0 0 1
-0.109861 0.610686 340 -0.223753 0.022983 1.76977 74.5686 -13 852 0 0 1
0.431992 -0.253574 340 -0.229214 -0.0366235 4.87172 28.6092 -13 853 0 0 1
-0.00625165 0.0763997 340 0.0148043 0.0293236 11.4655 14.4756 -13 854 0 0 1
-0.0238049 0.0530015 340 -0.00565779 -0.00248377 11.564 34.5296 -13 855 0 0 1
0.0230353 0.0785716 340 -0.00479696 -0.00389669 14.3232 17.1172 -13 857 0 0 1
-0.0377384 -0.0682818 340 -0.048281 -0.00475239 10.2245 38.5532 -13 858 0 0 1
-0.0216355 0.0149957 340 -0.0355558 -0.0120664 12.9586 21.4888 -13 859 0 0 1
-0.0863621 0.0917624 340 0.0126982 0.0189867 13.0432 34.5877 -13 860 0 0 1
0.059047 0.00980051 340 0.00558841 -0.0252139 11.1845 14.3452 -13 861 0 0 1
-0.26886 0.130612 340 -0.0618715 0.0826634 5.87736 41.8891 -13 862 0 0 1
-0.0336229 -0.517708 340 -0.184474 -0.150235 4.01553 36.496 -13 863 0 0 1
0.0363042 -0.0120918 340 -0.0342557 0.0311187 6.88599 31.3476 -13 865 0 0 1
-0.151712 0.0547452 340 0.0913156 0.0992869 5.56188 50.4706 -13 866 0 0 1
0.115634 0.160991 340 0.0694404 -0.0186994 8.35409 25.1033 -13 868 0 0 1
0.0476473 0.154401 340 -0.0239719 0.0247205 9.18403 34.3769 -13 869 0 0 1
-0.162373 -0.239411 340 -0.123638 0.00573671 12.3766 25.4466 -13 870 0 0 1
-0.0406267 0.161593 340 0.0324601 0.0156357 13.7053 31.5211 -13 871 0 0 1
2.83716 -0.0525211 340 -0.0187058 -0.0491852 0.0348965 33.1648 11 871 1001 0 1
0.259782 0.18743 340 0.0861781 0.0502047 5.26519 43.4646 -13 872 0 0 1
0.11811 -0.0380501 340 0.0373309 -0.117237 4.52517 32.1728 -13 873 0 0 1
-0.192394 0.208542 340 -0.023662 0.141391 4.86255 38.0775 -13 874 0 0 1
0.149531 0.18361 340 0.0710481 -0.0106711 3.462 35.4584 -13 875 0 0 1
0.117813 0.0371431 340 0.0519138 -0.0334051 11.7809 22.4285 -13 876 0 0 1
0.0743439 0.0484287 340 0.0386558 -0.0538244 9.21323 36.5011 -13 877 0 0 1
-0.00986479 0.0112523 340 0.0025633 -0.000795067 14.2471 34.9949 -13 879 0 0 1
-0.0209474 0.0409925 340 0.017372 0.00801722 12.9346 15.2648 -13 880 0 0 1
-0.0167778 0.0183276 340 0.00548322 0.0108061 14.5352 21.3746 -13 881 0 0 1
0.244052 0.0812755 340 -0.030132 -0.0757759 6.54979 40.0975 -13 882 0 0 1
-0.0847036 -0.0540619 340 -0.0576213 0.0292236 7.09993 41.3807 -13 883 0 0 1
0.0789314 1.10117 340 0.0222793 0.031501 0.0117204 42.888 11 883 1001 0 1
0.159666 -0.175872 340 -0.0245164 -0.074114 5.75673 38.4311 -13 884 0 0 1
-0.145152 -0.00649364 340 0.00214341 0.0371016 12.5738 11.7276 -13 885 0 0 1
-0.0580581 -0.0163779 340 -0.0124861 0.00965387 8.47965 21.3361 -13 886 0 0 1
0.00419195 -0.133421 340 -0.0820659 0.00893811 8.52917 15.2368 -13 887 0 0 1
-0.0406978 -0.11429 340 -0.0434388 0.0288214 8.53847 33.9264 -13 888 0 0 1
0.0537974 0.0667172 340 0.012201 -0.0159051 11.3271 35.8385 -13 889 0 0 1
-0.0701107 0.0641357 340 0.0273756 0.0192845 10.829 23.3905 -13 890 0 0 1
0.031483 -0.132292 340 0.10088 0.0331179 7.50663 24.6224 -13 891 0 0 1
0.639756 0.703807 340 0.0108522 0.0167831 0.0569132 23.8467 11 891 1002 0 1
0.0116639 0.0151728 340 0.0137896 0.00211063 14.0671 17.8665 -13 892 0 0 1
-0.0701786 0.012654 340 0.00293654 0.0176863 9.38668 16.9685 -13 893 0 0 1
-0.0156221 0.0675855 340 -0.0274949 0.0155763 12.6156 28.4778 -13 894 0 0 1
-0.0371073 -0.0506749 340 -0.00602615 0.0221119 11.6178 27.7157 -13 895 0 0 1
-0.00260277 -0.0693554 340 0.00013595 0.0187363 6.81636 39.7948 -13 896 0 0 1
0.0629257 0.125811 340 0.0270224 -0.0223709 10.3634 19.3754 -13 897 0 0 1
-0.234602 -0.382092 340 -0.166668 -0.062967 8.39166 31.39 -13 898 0 0 1
0.0596405 -0.21867 340 0.177593 -0.107516 6.75037 28.0177 -13 899 0 0 1
-0.0190212 -0.0297112 340 -0.0146716 0.0351797 11.451 12.821 -13 900 0 0 1
0.00877148 -0.0188877 340 0.0343924 0.0761306 5.42247 50.8321 -13 901 0 0 1
-0.216551 0.0283972 340 -0.135723 -0.00791423 8.58699 16.8879 -13 902 0 0 1
-0.0101383 0.126713 340 0.0705263 -0.0199056 6.6749 26.2647 -13 903 0 0 1
-0.0207378 0.0271053 340 0.00279853 0.0119499 12.5592 17.6856 -13 904 0 0 1
-0.420866 0.0782974 340 -0.00310634 0.117782 5.19572 41.5146 -13 905 0 0 1
0.0460739 0.0269346 340 -0.0133874 -0.0651388 10.4648 31.879 -13 906 0 0 1
-0.232109 -0.130821 340 -0.0524774 0.0704335 11.64 37.2674 -13 907 0 0 1
-0.00309524 -0.006373 340 -0.00160316 0.0015536 12.9543 13.2328 -13 908 0 0 1
-0.00354583 -0.036439 340 -0.017333 0.0101268 7.28583 32.0049 -13 909 0 0 1
0.138905 -0.111381 340 -0.0155666 -0.0632806 9.30986 15.1757 -13 910 0 0 1
0.566131 0.142226 340 0.0087467 -0.0624969 2.23038 69.0268 -13 911 0 0 1
-0.0177585 0.0141899 340 -0.0255067 0.0301791 11.8447 12.6803 -13 912 0 0 1
-0.0480527 -0.0301343 340 -0.00247772 0.0173529 10.3037 14.2184 -13 914 0 0 1
-0.0195683 0.283738 340 0.0733586 -0.00367165 9.12272 20.0623 -13 915 0 0 1
-0.00885238 -0.153405 340 -0.0429856 0.0208063 13.8076 28.0392 -13 916 0 0 1
0.0571333 -0.0161537 340 0.0491464 0.000763492 12.4988 29.708 -13 917 0 0 1
-0.00483366 -0.00734816 340 -0.000576923 -0.00842999 12.8584 33.9966 -13 918 0 0 1
0.188378 -0.240288 340 -0.00336353 0.0160486 3.89848 36.2427 -13 919 0 0 1
0.0684163 0.0470837 340 0.0292729 0.0768557 8.65049 17.6419 -13 920 0 0 1
0.0259822 -0.0219337 340 -0.0196684 -0.0311651 14.0846 15.314 -13 921 0 0 1
-0.0114085 -0.00115254 340 -0.00207386 0.00915953 12.8664 30.9204 -13 922 0 0 1
0.365254 -0.205532 340 -0.0770021 -0.118201 4.08662 57.7217 -13 923 0 0 1
-0.0272609 0.0515114 340 0.0263924 -0.000344615 13.6182 23.234 -13 924 0 0 1
3.40005 -0.136504 340 -0.018797 -0.0364874 -0.0368645 31.1733 11 924 1002 0 1
0.0136011 0.0303275 340 -0.0146528 -0.0378947 13.9422 37.5734 -13 925 0 0 1
-0.0095632 -0.0474487 340 0.00763496 0.0483612 12.8135 10.7455 -13 926 0 0 1
0.140222 0.0541554 340 0.0212374 0.00079656 4.86921 39.858 -13 927 0 0 1
-0.000938694 0.0360958 340 0.0133259 0.00324378 11.7876 34.3778 -13 928 0 0 1
0.0280472 -0.0335656 340 -0.0152522 -0.00252701 13.5617 16.0107 -13 929 0 0 1
-0.0160002 0.0236376 340 0.0003338 0.0200324 12.7398 28.1914 -13 930 0 0 1
0.013789 -0.075728 340 -0.0259185 0.000764254 13.3201 30.8228 -13 931 0 0 1
0.126694 0.130722 340 0.046617 -0.00776046 11.4559 40.0591 -13 932 0 0 1
0.0349867 -0.00165506 340 -0.0821715 0.00960435 13.6109 22.7255 -13 933 0 0 1
-0.0695126 0.0175118 340 -0.0254007 0.036751 8.63908 26.8047 -13 934 0 0 1
-0.0734203 -0.2638 340 -0.051217 0.0138728 10.4159 33.413 -13 935 0 0 1
0.453393 2.02425 340 -0.0374441 -0.000999942 0.0202829 36.8672 11 935 1002 0 1
-0.0414607 0.0238052 340 0.00353749 0.00280245 12.4319 23.7234 -13 936 0 0 1
0.0144191 0.00388327 340 -0.0129835 0.00409219 12.5395 37.4262 -13 937 0 0 1
0.137906 0.381135 340 0.0383551 -0.0740086 4.63834 29.964 -13 938 0 0 1
-0.0644588 -0.216935 340 -0.0737298 0.00156158 13.8492 19.1887 -13 939 0 0 1
-0.0153302 -0.0197035 340 0.00654477 -0.00868703 5.97657 24.6688 -13 940 0 0 1
-0.14287 -0.131093 340 -0.089468 -0.0101316 12.2577 26.2195 -13 941 0 0 1
0.58722 2.98975 340 -0.0164309 0.0427245 0.0396534 28.4182 11 941 1001 0 1
0.189997 0.148269 340 -0.119232 0.0710163 2.63686 65.3403 -13 942 0 0 1
-0.00754309 -0.0896787 340 -0.0399112 0.000515081 10.5372 36.8792 -13 943 0 0 1
0.0678671 0.0827377 340 0.0333525 0.0364818 5.80513 44.4257 -13 944 0 0 1
0.766931 0.47918 340 0.103593 -0.185876 4.05773 56.1061 -13 945 0 0 1
0.0271997 0.0183927 340 0.0546707 -0.00257266 14.3081 21.7767 -13 946 0 0 1
-0.0230214 -0.0568662 340 -0.0283962 -0.00115264 10.4736 17.1533 -13 947 0 0 1
-0.112842 0.108574 340 0.032043 0.0552659 7.76707 21.092 -13 948 0 0 1
-0.0493235 -0.0624277 340 -0.0223255 -0.00514125 12.4914 31.139 -13 949 0 0 1
0.116949 0.440922 340 0.352006 -0.0379859 3.39597 36.8368 -13 950 0 0 1
0.199781 0.0828165 340 0.0246097 -0.0352668 5.30223 29.9523 -13 951 0 0 1
0.232364 -0.149643 340 -0.0122285 -0.0398729 4.25183 53.8812 -13 952 0 0 1
0.00282487 0.133247 340 0.0684066 0.0262778 9.84614 19.5778 -13 953 0 0 1
-0.923973 1.86545 340 0.0121264 -0.0341289 0.0434787 19.9149 11 953 1002 0 1
0.0199567 0.0929121 340 0.012433 -0.0410541 6.74105 38.1236 -13 954 0 0 1
0.0372189 0.0990412 340 0.0250037 -0.0309354 7.42306 33.8012 -13 955 0 0 1
0.42757 -0.144888 340 -0.0666372 -0.133409 6.97208 25.0831 -13 956 0 0 1
0.109107 0.00897726 340 -0.00273069 -0.0198908 14.0636 27.9107 -13 957 0 0 1
0.0283124 0.0568808 340 0.026828 -0.00965014 11.8943 24.8835 -13 958 0 0 1
-0.171311 -0.0577783 340 -0.00592367 -0.0644651 10.4244 32.616 -13 959 0 0 1
0.0686255 -0.0601169 340 -0.0592102 -0.0121732 14.4419 18.2917 -13 960 0 0 1
-0.223635 0.680065 340 0.115179 0.197369 1.99995 61.1302 -13 961 0 0 1
-0.0682457 0.0169016 340 -0.111087 0.0109572 11.8173 29.6975 -13 962 0 0 1
-0.0303132 -0.0154095 340 0.0042929 0.00642432 11.8796 33.5158 -13 963 0 0 1
0.016961 0.0877519 340 0.0406416 -0.0208724 10.4913 38.6272 -13 964 0 0 1
0.0323171 -0.104868 340 -0.0189509 0.04313 11.3417 26.7434 -13 965 0 0 1
0.0400263 0.0355052 340 0.0346918 0.00980002 9.41072 21.3349 -13 966 0 0 1
-0.178689 -0.180339 340 -0.198062 0.0855186 2.87615 47.3628 -13 968 0 0 1
0.174965 -0.0279181 340 0.0202362 -0.0739698 8.90465 26.7396 -13 969 0 0 1
1.07542 3.15752 340 -0.00691471 0.0200876 0.0545753 26.4295 11 969 1002 0 1
-0.0278809 0.0233698 340 0.0226092 0.0326648 13.2553 23.5398 -13 971 0 0 1
-0.0142335 0.0203301 340 0.00682785 0.00640127 14.4658 24.0267 -13 972 0 0 1
0.00343152 0.0113408 340 0.00789603 -0.00743455 13.7695 37.8035 -13 973 0 0 1
-0.0466411 -0.200845 340 -0.0418918 0.0420569 14.4843 28.5919 -13 974 0 0 1
-1.38351 0.150517 340 -0.00583451 -0.0600139 0.0801995 28.3747 11 974 1001 0 1
0.0713617 0.216644 340 0.067604 -0.0692153 10.2923 32.1658 -13 975 0 0 1
0.068454 0.0134322 340 -0.00611526 0.0195718 6.71727 24.6751 -13 976 0 0 1
-0.123317 0.138846 340 0.00195051 0.0267289 9.07008 31.0666 -13 978 0 0 1
-0.00189521 0.0432876 340 0.00805743 -0.015722 13.7224 27.9715 -13 979 0 0 1
-0.0243755 0.0358339 340 -0.019173 0.015488 12.0904 14.2844 -13 980 0 0 1
-0.0362328 -0.0870696 340 -0.0260624 -0.0049399 9.68715 13.7322 -13 981 0 0 1
-0.024652 -0.0066082 340 -0.00702613 0.014305 13.6288 22.1448 -13 982 0 0 1
-0.115494 0.0794863 340 0.0806484 -0.0605123 5.73241 45.0972 -13 983 0 0 1
-0.021268 0.0206341 340 0.00340932 0.00778473 10.1049 15.0404 -13 984 0 0 1
-0.221505 0.0161032 340 -0.00841267 0.0858849 11.2644 26.5456 -13 985 0 0 1
-0.0958089 -0.0624647 340 -0.0419732 -0.0154234 8.34646 33.5977 -13 986 0 0 1
1.65736 -0.958223 340 -0.0286019 0.0224426 0.0534074 32.8929 11 986 1001 0 1
0.136608 0.00785966 340 -0.00184614 -0.0435158 14.2415 33.5767 -13 987 0 0 1
0.102707 0.0956735 340 0.00944268 -0.0421691 6.71065 40.2576 -13 988 0 0 1
-0.439662 0.517339 340 0.0603147 0.116715 2.68493 58.6595 -13 989 0 0 1
-0.0226379 -0.0205901 340 0.00309525 -0.0102079 14.4734 17.0281 -13 990 0 0 1
0.000896689 -0.0628291 340 -0.022466 0.00727603 10.8821 31.6505 -13 991 0 0 1
0.0177742 0.11062 340 0.0361263 -0.0117842 13.1 35.1572 -13 992 0 0 1
-0.0692889 -0.0818528 340 -0.0447705 0.0350184 11.2813 40.1857 -13 993 0 0 1
0.00523818 0.00614246 340 0.000291495 -0.00403295 12.8233 34.5633 -13 994 0 0 1
0.0318905 0.0654807 340 0.0431113 -0.0104274 13.9033 21.0972 -13 995 0 0 1
-0.0295516 -0.0822458 340 -0.0355053 0.00859738 13.0482 34.9932 -13 996 0 0 1
-0.170515 -0.132994 340 -0.0495693 0.0809284 14.5207 17.5782 -13 997 0 0 1
-0.123621 0.204196 340 0.0470041 0.0566042 10.22 37.3846 -13 998 0 0 1
0.108508 -2.42883 340 0.0130395 -0.0385228 0.0519039 37.4426 11 998 1001 0 1
0.182266 0.00544792 340 -0.0596764 0.0124837 7.38054 21.7264 -13 999 0 0 1
-0.00641803 0.106425 340 0.0391939 -0.0101959 8.4528 36.4744 -13 1000 0 0 1
