#BLTrackFile NTuple/Z360
#x y z Px Py Pz t PDGid EventID TrackID ParentID Weight
#mm mm mm MeV/c MeV/c MeV/c ns - - - - -
-0.0218605 0.0491409 360 0.0060664 0.0164933 11.5251 30.2353 -13 1 0 0 1
-0.0175603 -0.000741563 360 0.0296742 -0.0231384 12.5802 32.7545 -13 2 0 0 1
0.100857 0.218903 360 0.0646607 -0.00982042 9.86793 15.5191 -13 3 0 0 1
-2.94315 1.2387 360 0.00410251 -0.0458821 0.073918 10.6111 11 3 1001 0 1
-0.0164704 0.0289905 360 -0.0076866 -0.00161957 11.1521 15.7361 -13 4 0 0 1
-0.0934996 0.00837173 360 -0.066351 0.0106901 6.8825 25.8132 -13 5 0 0 1
0.0404289 0.0447344 360 -0.057954 -0.0516132 7.66719 38.8105 -13 6 0 0 1
0.0241152 0.00581976 360 0.0176328 -0.00893412 12.0385 24.1776 -13 7 0 0 1
-0.118918 -0.150072 360 0.00850796 -0.0104556 5.17077 39.367 -13 8 0 0 1
0.0811289 -0.0810555 360 -0.0340835 -0.0277268 13.6359 32.9038 -13 9 0 0 1
-0.0364825 0.0674969 360 0.0180824 -0.00591168 13.2417 14.7014 -13 10 0 0 1
0.0450771 -0.0236705 360 -0.00178681 -0.0324273 10.6437 14.8577 -13 11 0 0 1
-0.234911 0.306471 360 0.137152 0.00153825 11.8216 14.9454 -13 12 0 0 1
0.298795 -0.137858 360 0.015846 -0.0375858 3.79994 38.5815 -13 13 0 0 1
0.0431321 -0.0474732 360 0.0197003 -0.0144528 10.3248 15.4654 -13 14 0 0 1
-1.93968 0.86462 360 -0.0164128 -0.00841554 0.0961469 11.1869 11 14 1002 0 1
0.154677 0.180261 360 0.0290043 0.0136383 5.29727 43.5061 -13 15 0 0 1
0.00970105 0.1612 360 0.067968 0.0487926 8.43502 18.0815 -13 16 0 0 1
0.0211887 -0.0266323 360 0.00116511 -0.000493075 14.5154 16.0319 -13 17 0 0 1
0.0169339 -0.129425 360 -0.0309188 -0.0194685 13.0929 38.8676 -13 18 0 0 1
0.111368 -0.0254422 360 -0.00889924 -0.0211553 8.27714 33.2319 -13 19 0 0 1
-0.313829 -2.2954 360 -0.269298 -0.0613727 2.11508 67.4041 -13 20 0 0 1
-0.00845544 -0.0129565 360 -0.0240684 0.00217522 14.4275 31.8061 -13 21 0 0 1
-0.144521 -0.017961 360 -0.0235184 -0.000609484 10.4668 14.1063 -13 22 0 0 1
1.25537 -3.35638 360 0.0334429 -0.0136544 0.0626566 13.5143 11 22 1002 0 1
-0.057664 0.184376 360 0.0673872 -0.0544957 11.7841 40.4836 -13 23 0 0 1
-0.0414868 0.0876611 360 -0.00612803 0.0468093 8.31441 42.6717 -13 24 0 0 1
0.0110522 -0.0289534 360 -0.0180259 0.0184136 14.3703 23.2208 -13 25 0 0 1
0.0862278 0.127302 360 -0.0321547 0.0743049 8.94971 30.0518 -13 26 0 0 1
-0.0664077 -0.11742 360 -0.0355453 -0.00251378 8.46815 25.5977 -13 27 0 0 1
0.0526322 -0.00927497 360 0.00310749 -0.0355616 11.5775 38.9991 -13 28 0 0 1
-0.0725516 0.125466 360 0.00012839 0.0427149 7.03406 39.8327 -13 29 0 0 1
-0.0171374 -0.0888673 360 -0.154393 -0.0666201 13.6192 11.9245 -13 30 0 0 1
0.0924734 -0.00383359 360 -0.0360512 -0.0201727 10.3614 16.8139 -13 31 0 0 1
-0.0868238 -0.152717 360 -0.0351879 0.0411369 8.51564 20.8047 -13 32 0 0 1
0.0496704 -0.136649 360 0.0874848 0.203804 3.46392 60.3344 -13 33 0 0 1
0.056891 0.0857902 360 0.0807149 0.00865275 13.6464 31.1481 -13 34 0 0 1
4.55464 1.5461 360 -0.00749299 0.0284558 0.0603067 34.9481 11 34 1001 0 1
0.103395 0.423415 360 0.0712878 -0.0119784 5.18119 51.2677 -13 35 0 0 1
0.132491 0.117774 360 0.0398863 -0.0366781 8.6002 39.3233 -13 36 0 0 1
-0.0533975 -0.0568276 360 -0.0453737 0.00359095 10.4081 40.6613 -13 37 0 0 1
0.0171922 0.0560337 360 -0.00071245 0.00404349 11.8537 34.5146 -13 38 0 0 1
-0.0358498 -0.016073 360 0.0107422 0.0341477 9.52005 23.9677 -13 39 0 0 1
0.0248801 0.0487307 360 0.0218019 -0.0216465 10.9427 32.581 -13 40 0 0 1
-0.412869 0.144627 360 0.0183006 0.139818 8.90179 17.7819 -13 41 0 0 1
0.0155595 -0.0518874 360 -0.0509379 0.00534173 9.92617 34.83 -13 42 0 0 1
-0.0242911 -0.0224832 360 -0.000741957 0.0183484 14.4203 21.02 -13 43 0 0 1
-0.13096 -0.127229 360 0.0207681 -0.0203482 11.301 30.4696 -13 44 0 0 1
0.122422 0.111277 360 0.0542184 -0.022233 10.8661 36.6894 -13 45 0 0 1
-0.0157485 0.00440502 360 0.00136166 -0.0434765 5.05709 29.5789 -13 46 0 0 1
-0.00840113 0.0169731 360 0.0115567 0.0031138 11.4218 19.6312 -13 47 0 0 1
0.126574 0.821666 360 0.178823 0.0606535 6.70909 29.3745 -13 48 0 0 1
0.00659968 0.144375 360 0.0287336 0.00633705 13.275 16.3525 -13 49 0 0 1
-0.0323375 -0.312959 360 -0.0057218 0.0515127 4.40712 56.0452 -13 50 0 0 1
-0.0638826 0.0762802 360 0.0417571 -0.00596102 8.401 27.5629 -13 51 0 0 1
0.236727 0.612101 360 -0.0232869 -0.148823 2.38636 68.219 -13 52 0 0 1
-0.101214 -0.161151 360 -0.0785929 0.0175519 8.2252 17.3214 -13 53 0 0 1
0.167336 -0.00201659 360 0.047683 0.0802801 3.10242 43.5984 -13 54 0 0 1
-0.0229457 -0.0357841 360 -0.0332873 0.0274006 10.4022 32.0937 -13 55 0 0 1
0.0172186 -0.00716001 360 0.0144222 -0.012083 14.1147 18.3178 -13 56 0 0 1
-0.0427145 0.00719602 360 -0.00615107 0.0126319 9.79608 40.6986 -13 57 0 0 1
-0.111647 -0.0577026 360 -0.0311366 0.0479637 8.32624 22.808 -13 58 0 0 1
0.310415 0.2647 360 0.130854 -0.0834819 7.05262 35.5085 -13 59 0 0 1
0.55994 -1.54418 360 -0.0176064 -0.000848011 0.0449208 33.9968 11 59 1002 0 1
-0.00793424 -0.0408628 360 -0.0508331 0.0143553 8.24653 37.3032 -13 60 0 0 1
-1.46104 -2.87568 360 0.0110216 -0.00199421 0.0692902 35.1655 11 60 1001 0 1
0.110021 0.0922235 360 0.0482381 -0.0126093 13.9526 24.9324 -13 61 0 0 1
-0.0681662 0.0296694 360 -0.00234974 -0.0121968 9.36896 26.7017 -13 62 0 0 1
0.00722455 0.00144393 360 0.00643101 0.000309385 14.0096 37.6125 -13 63 0 0 1
0.0746298 -0.00484359 360 -0.00707831 -0.0738309 8.90568 27.3236 -13 64 0 0 1
-0.274545 0.0387791 360 0.0432478 0.112361 5.12785 29.8089 -13 65 0 0 1
-0.0379653 0.0144366 360 -0.0490432 0.0233027 7.41434 30.708 -13 66 0 0 1
0.0366318 -0.0155657 360 -0.0107527 -0.0151921 11.5376 23.8691 -13 67 0 0 1
-0.118139 0.0415033 360 -0.0294167 0.0488756 10.6659 31.8015 -13 68 0 0 1
-0.162981 -0.128936 360 -0.00560244 0.0402992 5.45345 37.1668 -13 69 0 0 1
-0.0671641 0.0117378 360 -0.0418451 0.0218049 11.1623 16.9351 -13 70 0 0 1
0.0516917 0.0224944 360 0.00888763 -0.0155287 11.6847 15.1016 -13 71 0 0 1
0.0966229 0.0149542 360 0.0371166 -0.0399065 10.3774 14.1309 -13 72 0 0 1
0.18471 -0.0916187 360 0.0640191 -0.011702 6.13976 42.5956 -13 73 0 0 1
0.00759058 0.0231454 360 -0.00714152 -0.00351797 10.7454 26.9424 -13 74 0 0 1
0.0640026 0.168056 360 0.00712242 -0.000998505 7.82283 44.4489 -13 75 0 0 1
-0.0423841 -0.142875 360 -0.0372382 -0.0124233 12.4913 36.1029 -13 76 0 0 1
-0.0493849 0.0480914 360 0.0100255 -0.00648474 8.23283 41.8587 -13 77 0 0 1
-0.0188053 -0.010069 360 0.00659592 0.0144121 13.5548 23.3138 -13 78 0 0 1
-0.0325122 -0.00424456 360 -0.0107334 0.00551822 12.6867 35.3775 -13 79 0 0 1
0.0607312 -0.0377137 360 -0.0066155 0.00408418 10.2994 40.5564 -13 80 0 0 1
0.0620597 0.0545151 360 0.0174087 -0.0214905 8.69367 37.9828 -13 81 0 0 1
0.00100904 0.000749285 360 0.0147629 -0.00327417 13.2067 33.1136 -13 82 0 0 1
0.00574267 0.0371566 360 0.00361638 -0.0219906 9.86832 32.1115 -13 83 0 0 1
-0.056979 -0.0318074 360 -0.000599238 0.0771426 6.36467 33.8256 -13 84 0 0 1
-0.00203366 0.0216422 360 0.00136644 0.00212495 13.6075 13.5626 -13 85 0 0 1
-0.013055 0.0225025 360 0.0249241 0.00356014 7.9818 29.3027 -13 86 0 0 1
0.275291 -0.320521 360 -0.0242501 -0.14482 2.41552 74.572 -13 87 0 0 1
0.15092 -0.13254 360 -0.033429 -0.0850441 8.53165 23.6734 -13 88 0 0 1
0.268092 -0.124298 360 -0.0145409 -0.0537964 9.99374 23.995 -13 89 0 0 1
0.0948066 0.0912514 360 -0.0300509 -0.00697233 6.70716 27.9834 -13 90 0 0 1
-0.182871 0.124771 360 0.058798 0.0412503 7.16869 45.4423 -13 91 0 0 1
-0.0174465 0.0999607 360 0.0388142 -0.0216746 6.69813 47.0054 -13 92 0 0 1
0.377787 0.621663 360 0.243908 0.130778 7.70596 42.6767 -13 93 0 0 1
0.0589653 -0.129765 360 0.0675145 -0.0548848 5.8023 30.825 -13 94 0 0 1
0.924687 3.33509 360 -0.0310271 0.0156778 0.0383576 29.5643 11 94 1002 0 1
-0.12556 -0.0136943 360 0.0185437 0.00962353 10.7831 23.965 -13 95 0 0 1
1.23383 -0.645543 360 0.123735 -0.179275 2.20132 54.1708 -13 96 0 0 1
0.0189912 -0.012383 360 0.0156201 -0.00760511 12.8706 25.3524 -13 97 0 0 1
-1.01666 -0.0363582 360 -0.409827 0.343486 9.47027 21.7957 -13 98 0 0 1
1.85753 3.00181 360 0.00227581 0.0106442 0.0884703 19.1213 11 98 1001 0 1
0.0265111 -0.000448187 360 -0.0241578 -0.0189538 14.0174 14.6929 -13 99 0 0 1
0.00435687 0.0737998 360 0.0937936 -0.00886495 12.3184 11.6775 -13 100 0 0 1
-0.300349 0.262156 360 0.0939802 0.0681864 4.7701 42.5283 -13 101 0 0 1
-1.14386 0.209743 360 -0.162171 0.0980777 0.572831 96.3781 -13 102 0 0 1
-0.0423177 -0.0119425 360 -0.0106933 0.0247415 9.97246 36.4421 -13 103 0 0 1
0.07741 -0.0313198 360 -0.00876147 0.00556578 9.61488 26.5956 -13 104 0 0 1
0.126205 0.0577029 360 -0.00613497 0.0249293 8.8402 21.5251 -13 105 0 0 1
-0.0576809 -0.135739 360 -0.0297997 0.0145957 10.322 40.7623 -13 106 0 0 1
-0.0256494 0.0545674 360 0.0145617 -0.00359104 13.7622 27.3828 -13 107 0 0 1
0.0883615 -0.0943132 360 -0.0582864 0.00872255 7.35456 30.3279 -13 108 0 0 1
-0.0317153 0.0371596 360 -0.00143 0.00326337 13.5737 10.4538 -13 109 0 0 1
0.0536977 0.289385 360 0.0876527 -0.0446649 5.53847 26.2405 -13 110 0 0 1
-0.0222261 0.0487604 360 0.0054288 0.0172882 9.85427 17.0882 -13 111 0 0 1
-0.199247 0.0101783 360 0.10608 0.127226 7.68856 20.8948 -13 112 0 0 1
0.00513145 -0.00263303 360 0.0124669 0.00705292 11.9599 21.2824 -13 113 0 0 1
-0.0229899 0.241777 360 0.0777073 0.0713365 8.08076 22.8445 -13 114 0 0 1
-0.688678 1.0486 360 0.266417 0.307807 13.2257 29.6192 -13 115 0 0 1
0.129843 -0.0349458 360 -0.0374845 -0.00810741 10.3111 41.9414 -13 116 0 0 1
-0.0721351 -0.141657 360 -0.044041 -0.00465822 11.5722 16.4914 -13 117 0 0 1
0.0103269 -0.116616 360 0.0283421 0.0602021 5.90291 27.0173 -13 118 0 0 1
0.104738 0.000181193 360 0.032893 -0.0286728 10.9837 31.6857 -13 119 0 0 1
-0.033522 -0.405989 360 -0.0704136 0.106176 7.5269 31.2646 -13 120 0 0 1
0.0127497 0.15703 360 0.0560747 0.00546145 7.98311 44.253 -13 121 0 0 1
-0.0301466 0.090166 360 0.0505158 0.017288 9.02518 20.9475 -13 122 0 0 1
-0.0417452 -0.164156 360 -0.123758 -0.115743 5.02672 47.679 -13 123 0 0 1
-0.137584 0.0240442 360 0.00183843 0.0398231 12.9984 25.4703 -13 124 0 0 1
0.0006791 -0.0920525 360 -0.0358749 -0.0385235 11.4636 38.007 -13 125 0 0 1
-0.0621138 -0.0151254 360 -0.0200461 0.0280167 11.7327 36.304 -13 126 0 0 1
-0.00798671 -0.036553 360 0.0149599 -0.0162749 9.6446 19.4899 -13 127 0 0 1
-1.82601 2.71117 360 0.0249805 0.0116269 0.0233878 20.3921 11 127 1001 0 1
-0.143853 0.148378 360 0.0247347 0.0805218 13.5066 19.4824 -13 128 0 0 1
0.0507792 0.0437052 360 0.0447042 -0.0236526 13.503 22.5515 -13 129 0 0 1
0.0673448 0.00753862 360 0.000478311 -0.0222501 10.4636 34.8241 -13 130 0 0 1
-0.0879634 -0.239295 360 -0.0458908 0.0120697 9.198 22.5045 -13 131 0 0 1
0.0214751 -0.738386 360 -0.202695 -0.0725581 13.2437 32.4362 -13 132 0 0 1
-0.069981 0.0284359 360 0.00293431 0.0802776 14.5195 28.1209 -13 133 0 0 1
0.00407254 -0.00365886 360 0.0499101 0.0431873 7.28122 36.6411 -13 134 0 0 1
-0.0714053 0.0785753 360 0.0254078 0.0119487 13.3545 14.2543 -13 135 0 0 1
-0.0208934 0.00779979 360 0.0294492 0.0228738 12.9838 22.1037 -13 136 0 0 1
-0.100628 0.0518807 360 -0.0100146 -0.0338052 7.27765 22.096 -13 137 0 0 1
-0.147599 -0.123496 360 0.0253373 0.021742 4.64526 32.7807 -13 138 0 0 1
-0.124486 -0.0432165 360 -0.0393317 0.0243438 11.4985 31.1808 -13 139 0 0 1
0.0154701 0.00636274 360 0.0294671 -0.00134284 14.1493 34.4976 -13 140 0 0 1
0.0644916 0.0391688 360 -0.0050995 -0.0198201 13.823 10.7592 -13 141 0 0 1
-0.019007 0.0251429 360 0.0127281 -0.0222319 13.7578 21.3639 -13 142 0 0 1
-0.0362383 -0.201974 360 -0.0305118 0.0326966 11.0395 17.5624 -13 143 0 0 1
-0.00296352 0.00718375 360 -0.0214329 0.00845355 14.3949 29.8945 -13 144 0 0 1
0.00972085 0.0624866 360 0.0206134 -0.00741069 9.87152 38.6116 -13 145 0 0 1
0.235942 0.0220252 360 0.012343 -0.0421034 9.24517 24.832 -13 146 0 0 1
0.0110309 0.02554 360 0.0252876 -0.0424428 11.2408 27.0138 -13 147 0 0 1
0.0630067 -0.00827759 360 -0.0189103 -0.0444883 7.40996 30.8348 -13 148 0 0 1
0.0512581 -0.161421 360 -0.0289973 -0.00630772 7.04172 27.0543 -13 149 0 0 1
-0.00464549 0.00206949 360 -0.00837083 0.0156908 13.8491 30.1859 -13 150 0 0 1
-0.238715 -0.039562 360 0.0224297 0.0769832 8.10908 19.581 -13 151 0 0 1
0.032452 0.0183294 360 0.00131397 -0.0154439 14.1351 33.6754 -13 152 0 0 1
0.0993047 0.170623 360 0.0412095 0.0188185 13.6962 33.4082 -13 153 0 0 1
-0.0645561 -0.0837229 360 0.033676 -0.0265358 9.47159 31.0748 -13 154 0 0 1
0.0255143 -0.226746 360 -0.0824112 0.01762 9.95915 38.4244 -13 155 0 0 1
-0.0430988 0.0361 360 -0.00656958 0.0734757 11.9888 27.788 -13 156 0 0 1
-0.0860543 0.0342311 360 -0.0197043 0.0326998 13.2477 19.2709 -13 157 0 0 1
-0.00519336 -0.194443 360 -0.0300592 0.00469613 8.44923 25.74 -13 158 0 0 1
0.0302816 -0.0192832 360 -0.00277451 -0.0164306 14.3388 32.239 -13 159 0 0 1
-0.155268 0.201454 360 0.0432978 0.0203309 7.51627 26.0248 -13 160 0 0 1
0.0543299 -0.0601907 360 -0.0707388 -0.0198061 14.112 16.4188 -13 161 0 0 1
-0.191617 0.00840091 360 0.0170429 0.0869882 9.74468 28.7491 -13 162 0 0 1
0.250626 0.612135 360 -0.0361931 -0.0037021 0.024204 29.397 11 162 1001 0 1
0.0202799 -0.180436 360 -0.0312538 0.064501 9.76486 16.4885 -13 163 0 0 1
-0.00106962 -0.00735109 360 0.00352614 -0.00834364 14.224 29.5381 -13 164 0 0 1
-0.00114984 -0.00219767 360 -0.00225524 -0.00781042 12.3427 35.4119 -13 165 0 0 1
0.0769845 -0.128421 360 -0.083243 -0.0242153 11.0254 40.6443 -13 166 0 0 1
-0.16317 0.192153 360 0.0442447 -0.0170881 9.86195 18.2529 -13 167 0 0 1
0.0407082 0.0298069 360 0.0041576 -0.00570119 11.4327 12.5407 -13 168 0 0 1
-0.0500623 -0.014875 360 -0.000785045 0.0569696 13.0692 36.574 -13 169 0 0 1
-0.0203405 -0.0762702 360 -0.0523914 -0.0353163 8.9518 33.6092 -13 170 0 0 1
0.0296661 0.0852827 360 0.0195353 -0.0202084 14.5157 31.235 -13 171 0 0 1
-0.0116744 -0.00528522 360 0.00313965 0.0101824 11.8677 25.8293 -13 172 0 0 1
-0.0163577 -0.000882446 360 -0.0088978 -0.0140681 13.0476 11.3696 -13 173 0 0 1
0.0842327 0.00481327 360 0.0508832 -0.0156364 9.76948 37.1247 -13 174 0 0 1
5.43126 4.67551 360 -0.00441907 -0.0170359 0.0376942 39.2252 11 174 1002 0 1
0.0154261 0.000946395 360 0.0126592 -0.0120071 10.6807 14.9426 -13 175 0 0 1
-0.00616633 -0.00583103 360 -0.00744784 -0.0102131 10.7945 26.5658 -13 176 0 0 1
0.210512 -0.347386 360 -0.0620836 0.0294247 3.46894 41.5651 -13 177 0 0 1
-0.269493 -0.055726 360 -0.0228779 0.0737938 5.62419 34.3458 -13 178 0 0 1
-0.209266 -0.0524137 360 -0.27109 0.266162 5.60404 39.3555 -13 179 0 0 1
-0.121486 0.426318 360 0.0948921 -0.183827 7.15815 41.6732 -13 180 0 0 1
0.0426839 -0.18349 360 -0.00936239 -0.0716762 8.79308 41.4015 -13 181 0 0 1
-0.0202089 0.0102504 360 -0.0184016 0.0333564 9.2737 31.6684 -13 182 0 0 1
-0.0867258 0.00231926 360 0.0268948 0.0621426 14.0336 14.9259 -13 183 0 0 1
0.0510652 -0.371416 360 -0.138992 0.0246702 12.2859 15.5455 -13 184 0 0 1
-0.0242188 -0.0512723 360 0.0135538 -0.0350986 11.5075 27.3696 -13 185 0 0 1
-0.0585671 0.052486 360 0.0350647 0.0126713 11.883 40.3125 -13 186 0 0 1
-0.0444409 -0.048946 360 -0.0235834 0.0310217 4.82766 30.3505 -13 187 0 0 1
-0.13975 0.0951368 360 0.0233295 0.0771834 8.61531 31.8554 -13 188 0 0 1
0.00665015 -0.0707228 360 0.0213835 -0.0970569 5.89787 23.1902 -13 189 0 0 1
0.0197593 0.0733732 360 -0.0127446 -0.0184712 8.42865 21.2184 -13 190 0 0 1
-0.0149888 -0.157574 360 -0.0507975 0.0152135 12.2451 16.8648 -13 191 0 0 1
0.0327344 0.0163783 360 -0.0577454 0.0013731 12.0912 16.7219 -13 192 0 0 1
-0.0223713 0.120712 360 -0.00329212 0.0040927 10.3629 19.7829 -13 194 0 0 1
0.069155 0.114739 360 0.034005 -0.00793469 10.8743 34.0853 -13 195 0 0 1
-0.00264361 -0.00872788 360 0.00254647 0.00733959 11.6992 40.6992 -13 196 0 0 1
-0.0646406 -0.0665373 360 -0.0437869 -0.0176117 12.3057 15.3058 -13 198 0 0 1
3.11959 -0.246514 360 -0.0146444 0.00697593 0.0367979 21.1509 11 198 1001 0 1
0.00829982 0.0111895 360 -0.000479556 0.00230159 12.9319 24.6172 -13 199 0 0 1
-0.152 0.398422 360 0.135916 -0.186468 1.97991 72.0516 -13 200 0 0 1
-0.089957 -0.0713203 360 -0.0145267 0.0261678 11.6042 33.1477 -13 201 0 0 1
0.195072 -0.0275516 360 -0.0341099 -0.0516764 12.0197 31.9355 -13 202 0 0 1
-0.00934957 -0.0161085 360 -0.0117137 -0.00994773 14.462 29.9794 -13 203 0 0 1
-0.0709721 0.0730864 360 -0.0600262 -0.00326185 5.50068 32.3005 -13 204 0 0 1
-2.28719 -3.16308 360 0.00308601 0.00170459 0.0444738 31.4589 11 204 1003 0 1
0.0032371 0.0556283 360 0.0204466 -0.00805552 7.18468 29.2479 -13 205 0 0 1
0.587042 -0.485127 360 -0.127727 0.0867512 0.787394 100.4 -13 206 0 0 1
-0.00483748 0.124943 360 0.0654454 -0.0156615 9.25339 42.1637 -13 207 0 0 1
0.478615 0.197933 360 0.0162708 0.0648157 1.57686 77.226 -13 208 0 0 1
0.0407171 0.0435684 360 0.0204211 -0.0483799 13.7163 22.6297 -13 209 0 0 1
-0.423207 0.201965 360 0.058966 0.136876 3.22054 59.1559 -13 210 0 0 1
-0.0514308 0.433749 360 0.0969136 -0.0119565 6.60487 34.7799 -13 211 0 0 1
0.15607 -0.00445365 360 -0.0265587 -0.04472 13.9508 10.9225 -13 212 0 0 1
0.0792063 -0.188955 360 -0.0609907 0.0163191 8.98337 43.5331 -13 213 0 0 1
-0.0202009 0.0507867 360 0.0295973 0.0240594 9.8027 31.6143 -13 214 0 0 1
-0.303948 0.11302 360 0.0361604 0.0846463 4.13581 44.1271 -13 215 0 0 1
-0.0303119 0.0619995 360 0.0284289 0.0423652 9.90317 25.495 -13 216 0 0 1
0.0135035 -0.117756 360 -0.0525437 -0.0116443 9.46004 26.9042 -13 217 0 0 1
0.0696009 -0.132109 360 -0.0363065 -0.0152883 5.2419 39.5216 -13 218 0 0 1
-0.0401079 0.0546221 360 0.0346848 -0.00134794 9.77006 23.7619 -13 219 0 0 1
-0.0468453 0.0597761 360 0.0119708 0.0277274 13.3267 21.7485 -13 220 0 0 1
-0.062746 -0.251008 360 0.0309736 -0.0635628 3.65278 43.0709 -13 221 0 0 1
-0.0276335 -0.0489315 360 -0.0235281 0.00165022 8.9371 21.6574 -13 222 0 0 1
0.0520992 -0.150954 360 -0.0277688 -0.0207957 8.66372 18.5105 -13 223 0 0 1
0.167819 -0.10315 360 -0.0675654 -0.0392022 6.1344 49.902 -13 224 0 0 1
-4.01031 3.3195 360 -0.0165593 0.0237781 0.0315753 45.8413 11 224 1004 0 1
-0.0148975 -0.00335804 360 -0.00459395 0.00948366 12.344 31.5961 -13 225 0 0 1
0.0988415 0.0416948 360 0.0120503 -0.0439268 10.1032 32.0213 -13 226 0 0 1
0.0533395 0.168809 360 0.0736085 -0.0168762 12.6233 30.21 -13 227 0 0 1
-0.010438 0.0165164 360 0.0293557 0.0109673 13.5055 23.1295 -13 228 0 0 1
-0.0322524 0.0350977 360 -0.0138832 0.0190419 13.4491 20.6682 -13 229 0 0 1
-0.0840471 0.083582 360 0.0173533 0.00165882 11.9726 12.4966 -13 230 0 0 1
-0.0443435 0.0801828 360 0.0222796 0.0815161 9.02116 40.7039 -13 231 0 0 1
-12.9406 1.71268 360 -0.00554971 0.00924553 0.0208856 46.4867 11 231 1001 0 1
-0.140218 0.00242225 360 -0.0302869 0.0374888 6.31461 39.481 -13 232 0 0 1
-0.134208 0.122979 360 0.0788848 -0.0566525 10.97 39.9255 -13 233 0 0 1
-0.0718802 -0.127929 360 -0.046338 0.0132292 12.4917 13.5871 -13 234 0 0 1
0.123903 0.130619 360 -0.0273734 -0.00832196 6.34793 43.8418 -13 235 0 0 1
0.0736186 0.179403 360 0.0374977 -0.0128075 4.55492 47.9436 -13 236 0 0 1
-0.0552986 0.0558947 360 0.0392859 0.00703855 8.3745 30.6315 -13 237 0 0 1
-0.0146769 -0.00835881 360 0.0439559 0.0561006 9.50552 18.8323 -13 238 0 0 1
0.00571091 -0.0823268 360 -0.0276412 -0.0098926 12.7808 22.0615 -13 239 0 0 1
-0.0402239 -0.0338928 360 -0.00343199 0.0289336 12.7574 15.749 -13 240 0 0 1
-0.208457 0.0173413 360 0.014681 0.0576115 12.8092 12.5355 -13 241 0 0 1
-0.0790267 -0.0662791 360 -0.0351811 0.0175582 10.9318 28.3756 -13 242 0 0 1
-0.141313 0.0332176 360 0.00438786 0.0404247 13.8013 37.4684 -13 243 0 0 1
-0.0118204 0.373628 360 0.127135 0.0641928 8.66464 38.5501 -13 244 0 0 1
0.0473064 0.023721 360 -0.00665153 -0.0132253 12.9285 22.6201 -13 245 0 0 1
0.21721 0.0332909 360 0.00362783 -0.0406455 8.09481 25.0285 -13 246 0 0 1
-0.107675 -0.0564897 360 -0.0655516 0.0515282 11.6443 21.7951 -13 247 0 0 1
-0.0845714 -0.000908685 360 0.0186523 0.0193601 11.8362 38.607 -13 248 0 0 1
0.016381 0.00568999 360 -0.00429853 0.00327295 12.3524 21.4711 -13 249 0 0 1
-0.0203256 -0.0151297 360 -0.002877 0.0275506 10.3578 32.1178 -13 250 0 0 1
0.000705502 -0.0285498 360 0.0373093 -0.0085258 8.35361 41.8269 -13 251 0 0 1
0.0461795 -0.0203516 360 0.00764077 0.00571198 12.976 17.7863 -13 252 0 0 1
0.39776 -0.193536 360 -0.0327608 -0.122132 11.9294 32.2822 -13 253 0 0 1
0.15169 -0.059338 360 0.0200553 0.0421086 8.32502 20.2279 -13 254 0 0 1
0.0555662 0.0217397 360 0.014863 -0.0163451 12.072 18.5831 -13 255 0 0 1
-0.101179 -0.127272 360 -0.0559539 0.0505626 12.2547 11.5404 -13 256 0 0 1
0.0943203 -0.00208145 360 0.00137471 -0.00848947 11.2892 22.8293 -13 257 0 0 1
0.0732532 0.0157023 360 -0.0396486 -0.059318 11.733 27.9806 -13 258 0 0 1
0.0206575 0.0225535 360 -0.00495329 -0.0133629 14.4632 14.6049 -13 259 0 0 1
-0.0750368 0.001215 360 -0.00375648 0.00903463 14.2196 33.0777 -13 260 0 0 1
0.0663979 0.0949424 360 0.0700527 0.0114123 13.8475 24.6306 -13 261 0 0 1
-0.142947 -0.0360582 360 -0.0125448 0.0645409 12.9619 29.4727 -13 262 0 0 1
0.0418741 0.000542226 360 0.0345689 -0.0208445 10.5396 20.0537 -13 263 0 0 1
0.290885 0.530432 360 0.127046 -0.0256441 3.60271 57.6215 -13 264 0 0 1
-0.0452329 -0.106977 360 -0.0293827 0.0215446 12.811 34.028 -13 265 0 0 1
0.22788 0.171304 360 0.0382844 -0.0702646 11.3304 36.1417 -13 266 0 0 1
-0.00103398 0.00632417 360 -0.0240521 0.0143738 14.0611 31.9362 -13 267 0 0 1
0.12215 -0.159743 360 -0.0345498 -0.044789 12.2593 16.3703 -13 268 0 0 1
0.0019891 0.101747 360 0.00711496 0.0337734 11.9113 22.9445 -13 269 0 0 1
0.0572281 -0.344381 360 0.00807537 -0.0874941 3.42673 64.9068 -13 270 0 0 1
-0.00856427 -0.207581 360 -0.0470113 -0.0640606 7.28068 45.1685 -13 271 0 0 1
-0.195544 1.27346 360 0.00750711 -0.00691101 0.041828 44.402 11 271 1001 0 1
-0.0108882 -0.0302254 360 -0.0183344 -0.00546314 14.468 19.1237 -13 272 0 0 1
0.0275524 -0.0104556 360 0.0322837 0.0340932 8.11937 26.4108 -13 273 0 0 1
-0.00724999 0.0155102 360 0.0121516 0.0182881 12.6139 37.5022 -13 274 0 0 1
-0.0939083 0.115993 360 0.0142945 -0.00470042 8.80144 34.4981 -13 275 0 0 1
0.0322903 -0.0142618 360 0.0224606 0.00837008 11.5351 17.1693 -13 276 0 0 1
0.0147454 0.0705001 360 0.0144141 0.0026443 9.63508 38.6749 -13 277 0 0 1
0.00222974 -0.0747768 360 -0.0198971 -0.00842475 13.7594 22.3907 -13 278 0 0 1
0.00866494 0.0566783 360 0.0343592 0.0233133 13.3508 30.5542 -13 279 0 0 1
0.0685948 0.206818 360 0.0230544 -0.0351773 6.32866 26.8322 -13 280 0 0 1
-0.0161511 0.00286285 360 0.0390805 0.0133032 8.17235 35.9683 -13 281 0 0 1
0.00419832 -0.0216794 360 -0.00235063 0.00477811 9.53626 37.0622 -13 282 0 0 1
-0.0431113 0.00703011 360 -0.00399596 0.00570615 10.7182 19.5266 -13 283 0 0 1
0.00401895 -0.0512655 360 -0.00448929 0.0340354 7.21991 31.5425 -13 284 0 0 1
-0.286961 -0.376306 360 0.0709148 0.112398 3.14253 65.662 -13 285 0 0 1
-0.0191633 -0.0303376 360 -0.0314047 0.0381422 6.79153 45.0585 -13 286 0 0 1
-0.0724621 0.144648 360 0.0329964 0.0113082 10.8935 40.2767 -13 287 0 0 1
0.0250815 -0.0212661 360 -0.00691844 -0.00733511 11.9751 36.5234 -13 288 0 0 1
0.0377026 -0.0288165 360 0.00729313 0.00281261 9.46243 31.4093 -13 289 0 0 1
0.152193 -0.035595 360 0.042321 -0.0165995 9.06106 23.0598 -13 290 0 0 1
0.113923 -0.177294 360 -0.00104929 -0.0274702 6.93061 37.433 -13 291 0 0 1
1.44192 -0.242901 360 -0.0319061 0.00476076 0.0204913 38.7518 11 291 1003 0 1
0.094998 0.0379083 360 -0.00402475 0.00565649 13.2754 13.2638 -13 292 0 0 1
-0.0191779 -0.0972933 360 -0.0168254 0.00294277 7.40596 46.6067 -13 293 0 0 1
-0.0535349 0.0518651 360 0.0264569 0.0111372 13.8267 39.1579 -13 294 0 0 1
-0.293697 0.25693 360 0.0796805 0.0480716 7.27775 40.9207 -13 295 0 0 1
0.338927 0.0508054 360 0.108173 -0.0260368 6.04661 36.5022 -13 296 0 0 1
-0.018041 0.0115209 360 0.0148318 -0.0133669 11.9863 15.8178 -13 297 0 0 1
0.123638 -0.478381 360 -0.078356 -0.158028 1.56906 86.1666 -13 298 0 0 1
0.003276 -0.0644438 360 -0.0131083 -0.00647824 12.1842 23.6148 -13 299 0 0 1
0.563502 -0.382185 360 -0.177011 -0.186997 3.32216 63.2613 -13 300 0 0 1
0.125725 -0.211889 360 0.0136303 -0.0402758 8.24133 42.3358 -13 301 0 0 1
-0.220325 -0.0148828 360 -0.0448878 0.083532 7.54481 33.1799 -13 302 0 0 1
0.0243264 0.00335675 360 -0.0184216 -0.0451263 11.6663 24.3617 -13 303 0 0 1
-0.0133218 -0.138656 360 -0.0549548 0.0533007 7.74516 34.0743 -13 304 0 0 1
-0.0149804 0.0202152 360 0.00974938 0.001958 11.0957 22.0685 -13 305 0 0 1
-0.050333 -0.0283417 360 -0.000112842 0.0152625 9.72531 28.9605 -13 306 0 0 1
0.626483 0.145277 360 0.18456 -0.114984 4.48665 39.7645 -13 307 0 0 1
0.0628155 0.0441465 360 0.00639349 0.00967271 12.3874 17.2584 -13 308 0 0 1
0.050523 0.150525 360 0.026085 -0.14865 9.54742 33.8719 -13 309 0 0 1
0.0744317 0.0199895 360 -0.056524 -0.00923244 5.71411 31.9781 -13 310 0 0 1
-0.0472706 -0.0730249 360 -0.0205418 -0.0210859 14.0102 26.7073 -13 311 0 0 1
-0.00835226 -0.00935645 360 -0.0014191 -0.0039992 12.1645 17.9293 -13 312 0 0 1
0.0283264 0.106148 360 0.0369405 -0.00990646 13.0487 12.0748 -13 313 0 0 1
0.028593 0.0424126 360 0.0305382 0.0171207 13.8206 11.3051 -13 314 0 0 1
-0.0355896 0.0771012 360 0.0539289 -0.0199391 11.6301 15.251 -13 315 0 0 1
-0.0778734 0.0145254 360 -0.0104927 0.0168197 9.09037 20.9617 -13 316 0 0 1
-0.497781 0.300687 360 0.136049 0.041595 2.75065 51.078 -13 317 0 0 1
0.0232156 0.0121372 360 0.013358 0.0444758 6.13306 26.796 -13 318 0 0 1
0.00810691 -0.0131076 360 0.0343262 -0.000592992 13.8147 15.4633 -13 320 0 0 1
0.000773855 -0.0207692 360 -0.0197289 0.00295057 10.0066 18.7953 -13 321 0 0 1
-0.015216 0.00429113 360 -0.0183813 0.0354171 12.7569 16.209 -13 322 0 0 1
0.13989 -0.184794 360 -0.00959932 -0.0333533 6.16189 28.5305 -13 323 0 0 1
0.445524 -0.0490396 360 0.0647213 0.015543 1.2376 85.4503 -13 324 0 0 1
0.100637 -0.315265 360 -0.0627291 0.0148714 11.4541 38.3963 -13 325 0 0 1
0.00960951 0.0136769 360 0.0200779 -0.0121916 10.7248 32.7227 -13 326 0 0 1
0.0466374 0.0663746 360 0.0149451 -0.0204656 12.4759 23.7774 -13 327 0 0 1
-0.662536 -0.21564 360 -0.134987 0.29491 4.251 50.1698 -13 328 0 0 1
-0.204329 -0.0271825 360 0.0293032 0.091648 11.9824 33.3233 -13 329 0 0 1
-0.116336 0.0224467 360 0.00493413 0.0434776 8.98287 22.8192 -13 330 0 0 1
-0.657328 -3.52335 360 -0.048644 -0.0220759 -0.0326633 29.6785 11 330 1001 0 1
0.102513 -0.193698 360 -0.0944774 -0.0170927 5.59789 23.9133 -13 331 0 0 1
0.485175 0.594641 360 0.30953 0.137727 4.95554 31.7535 -13 332 0 0 1
-0.00721515 0.0124103 360 -0.0386053 -0.00219074 9.86639 24.6453 -13 333 0 0 1
0.00258682 -0.00828127 360 -0.00557019 -0.0161408 12.8553 13.0043 -13 334 0 0 1
-0.00218876 0.200005 360 0.0241355 0.0501329 14.2534 30.5565 -13 335 0 0 1
0.145817 -0.18356 360 -0.00577338 -0.0365625 5.72509 36.33 -13 336 0 0 1
0.051458 0.00291906 360 -0.00596229 -0.0289302 13.7382 28.1349 -13 337 0 0 1
-0.0298639 0.0017472 360 -0.00307991 0.0165925 9.66728 38.194 -13 338 0 0 1
-0.162817 -0.0655612 360 -0.00422812 0.0533083 9.35597 42.8179 -13 339 0 0 1
1.34401 -3.13851 360 -0.0913797 -0.0923254 0.863983 95.9487 -13 340 0 0 1
0.0468753 -0.120949 360 -0.0176944 -0.0296535 12.4617 38.2644 -13 341 0 0 1
1.37223 2.78902 360 0.437559 0.182151 1.8864 80.5949 -13 343 0 0 1
0.0222656 0.0132857 360 0.00776937 0.0039586 13.2545 16.4693 -13 344 0 0 1
0.327539 -0.0855171 360 -0.0592998 -0.0769887 9.65195 14.3089 -13 345 0 0 1
-0.724433 -1.88294 360 -0.00564902 -0.0196428 0.0633051 13.3689 11 345 1002 0 1
-0.0135862 -0.0595744 360 -0.0210648 0.009921 13.4583 25.0788 -13 346 0 0 1
-0.0411297 -0.0159704 360 -0.0237886 -0.0114708 12.1174 25.632 -13 347 0 0 1
-0.137014 0.0264366 360 -0.0327697 0.0551725 13.7876 36.0887 -13 348 0 0 1
-0.0524693 0.0928057 360 0.115657 0.00848991 7.11408 32.4761 -13 349 0 0 1
1.69222 2.0183 360 0.00595227 0.00747527 0.0512976 28.8749 11 349 1001 0 1
-0.0591376 -0.0355684 360 -0.000669846 -0.0148905 7.77064 40.0252 -13 350 0 0 1
2.6331 1.60993 360 0.996338 0.054775 4.44087 36.2858 -13 351 0 0 1
0.303014 -0.575148 360 -0.193828 -0.113994 4.26422 41.3858 -13 352 0 0 1
0.305775 -0.040613 360 -0.00869276 -0.107298 10.8662 39.4769 -13 354 0 0 1
-1.80176 -0.400602 360 -0.223655 0.250782 3.29417 55.5393 -13 355 0 0 1
0.253461 -0.16118 360 -0.0223372 -0.0652668 9.78336 41.3267 -13 356 0 0 1
-0.0860346 0.190495 360 0.0422981 0.0464029 10.6893 39.723 -13 357 0 0 1
0.16386 -0.0868364 360 -0.0625179 -0.0362365 10.9134 29.6261 -13 358 0 0 1
0.0648333 -0.0300207 360 -0.0112446 -0.00806731 11.799 17.4926 -13 359 0 0 1
-0.0298584 -0.00288378 360 -0.0124676 0.00771167 13.5149 31.4716 -13 360 0 0 1
0.0684414 0.155964 360 0.0252972 -0.0401706 3.91935 37.8523 -13 361 0 0 1
-0.0251491 0.0289735 360 0.0013498 -0.00517668 8.76479 15.9262 -13 362 0 0 1
0.0173605 0.0198924 360 0.00347421 0.0163808 12.2133 39.365 -13 363 0 0 1
0.0634276 -0.0852693 360 -0.0122877 -0.0149513 14.457 14.0758 -13 364 0 0 1
0.0879606 -0.0316964 360 -0.00210475 -0.0103777 11.8526 16.0009 -13 365 0 0 1
0.0256823 -0.0319256 360 0.0133048 -0.0389348 7.9068 17.5154 -13 366 0 0 1
-0.046669 0.158595 360 0.0657965 -0.035344 11.7189 35.9526 -13 367 0 0 1
0.181872 0.00200444 360 0.0780205 -0.0744801 6.05577 40.6442 -13 368 0 0 1
-1.35694 0.812853 360 -0.077131 0.121502 1.79619 76.1514 -13 369 0 0 1
-0.119913 0.0320505 360 0.0103169 -0.00590388 6.5073 23.8768 -13 370 0 0 1
0.245807 0.399614 360 0.107219 -0.121876 14.5257 26.9835 -13 371 0 0 1
-0.201628 1.26487 360 -0.308992 -0.87853 2.07948 78.9589 -13 372 0 0 1
0.130753 -0.257344 360 -0.0387331 -0.0849684 14.2003 18.5954 -13 373 0 0 1
-0.493501 0.0672158 360 -0.205214 -0.00906066 5.02211 31.5037 -13 374 0 0 1
0.0753801 0.0678594 360 0.015637 -0.0268703 13.3724 31.9645 -13 375 0 0 1
-0.160348 0.0972842 360 -0.0490834 0.117322 6.65753 32.4305 -13 376 0 0 1
-0.106477 -0.0864442 360 -0.0175116 0.0105577 10.5365 22.6806 -13 377 0 0 1
-0.513109 -0.224213 360 -0.0417865 -0.433432 1.2681 64.7081 -13 378 0 0 1
-0.310155 0.0381775 360 0.0827476 0.0369965 7.44143 20.6496 -13 379 0 0 1
-0.0414028 0.0913885 360 0.00439033 0.0420438 10.7326 17.6588 -13 380 0 0 1
-0.045839 0.138732 360 -0.0311799 0.026841 7.87247 29.3282 -13 381 0 0 1
0.0143574 0.0118029 360 0.00607494 0.00848571 13.4185 22.5611 -13 382 0 0 1
0.0439159 -0.248512 360 -0.064605 -0.0357028 14.1047 24.02 -13 384 0 0 1
-1.84529 1.67995 360 -0.0203868 0.024257 0.0239309 26.5804 11 384 1001 0 1
-0.112376 0.0690558 360 0.0160494 0.0262786 14.4653 18.5085 -13 386 0 0 1
-0.0165615 -0.0145929 360 -0.00429535 -0.00347477 14.438 27.1697 -13 387 0 0 1
0.0596777 0.027699 360 -0.015101 0.0110297 9.39306 37.7696 -13 388 0 0 1
0.0809253 0.0667656 360 -0.0302921 -0.0436063 13.4455 28.5694 -13 389 0 0 1
-0.950452 1.02456 360 0.0075052 -0.0472299 0.0677018 29.1261 11 389 1001 0 1
-0.067388 0.0103638 360 -0.0423772 0.0245058 10.325 22.0896 -13 390 0 0 1
-0.118191 0.000936861 360 0.0283641 0.0287332 8.72609 43.3526 -13 391 0 0 1
0.03471 -0.0449456 360 0.0223244 0.0177683 8.16918 43.398 -13 392 0 0 1
-0.168053 -0.0755614 360 -0.0908351 -0.0740334 4.02198 34.6091 -13 393 0 0 1
-0.100057 0.20466 360 -0.04387 0.0832266 3.98928 41.2507 -13 394 0 0 1
-0.0283494 -0.0304968 360 0.165945 0.0604377 14.1083 18.4917 -13 395 0 0 1
-0.067249 -0.115969 360 -0.0207836 0.075895 7.10243 34.5262 -13 396 0 0 1
-0.097313 -0.019425 360 0.012499 0.0517715 14.5033 16.7386 -13 397 0 0 1
1.85281 -3.84174 360 0.00450236 0.0125777 0.0113387 28.6359 11 397 1001 0 1
-0.026061 -0.0176719 360 -0.0101428 0.0172585 13.3126 17.4673 -13 398 0 0 1
0.0152942 0.0665352 360 0.0257504 0.0172821 12.6333 14.0526 -13 399 0 0 1
-0.109492 0.114783 360 0.040865 0.0332867 11.6604 22.8963 -13 400 0 0 1
-0.0175089 0.0454119 360 -0.00883691 -0.0166353 11.187 25.1832 -13 401 0 0 1
-0.0102286 0.176353 360 -0.0924606 0.0308653 7.33119 19.4395 -13 402 0 0 1
0.118892 0.110226 360 0.00546678 -0.0590822 5.75662 42.483 -13 403 0 0 1
0.0304423 0.0355088 360 -0.0285259 -0.0158578 14.3963 17.8236 -13 404 0 0 1
-0.0631576 -0.413309 360 -0.145259 -0.0122427 12.8589 27.6409 -13 405 0 0 1
-0.0136846 -0.0981125 360 -0.0242542 0.0323715 7.15287 33.487 -13 406 0 0 1
0.245331 0.479548 360 0.0979211 0.000314923 4.85343 50.655 -13 407 0 0 1
-0.201304 0.0240921 360 -0.0616596 0.0558807 10.8717 33.717 -13 408 0 0 1
1.14588 -1.11299 360 0.0247003 -0.0351415 0.0569982 33.8004 11 408 1001 0 1
0.198023 -0.083126 360 0.0609347 -0.10161 12.2102 14.5128 -13 409 0 0 1
0.033733 -0.0955303 360 -0.00151129 0.0167608 7.22084 28.3206 -13 410 0 0 1
0.0982065 -0.140028 360 0.0499904 -0.0150138 6.85288 24.1587 -13 411 0 0 1
0.0198887 0.148431 360 -0.011025 0.00321896 7.31997 22.6437 -13 412 0 0 1
-0.0272484 -0.103305 360 -0.12907 0.0123963 5.69414 23.4184 -13 413 0 0 1
0.022049 -0.373916 360 0.0031723 0.0179805 0.0462762 23.2967 11 413 1001 0 1
0.0351913 0.110642 360 0.0194859 -0.0330489 9.83687 20.0752 -13 414 0 0 1
0.067103 -0.0217111 360 0.00468923 -0.0512579 8.31758 23.0122 -13 415 0 0 1
-0.135949 -0.0245852 360 -0.015954 0.0122086 12.6395 24.4706 -13 416 0 0 1
-0.0886674 0.877841 360 0.297351 -0.00173574 6.52683 25.8353 -13 417 0 0 1
-0.0169799 -0.00519409 360 -0.0174528 -0.0562573 9.96983 39.6255 -13 418 0 0 1
-1.65975 0.016366 360 0.052412 -0.0132334 0.0559978 38.4523 11 418 1001 0 1
0.231821 -0.151079 360 -0.0694794 -0.112191 7.70269 30.9057 -13 419 0 0 1
-0.03756 -0.0295247 360 -0.0430941 0.0387646 12.4863 20.6906 -13 420 0 0 1
-0.10666 0.0422983 360 -0.00845164 0.0165878 13.2134 14.9935 -13 421 0 0 1
0.077095 0.140488 360 0.00801143 -0.0708245 7.10431 22.4241 -13 422 0 0 1
-0.311973 0.605117 360 0.0927132 0.0186226 0.754412 95.6815 -13 423 0 0 1
0.0460825 0.0444243 360 0.0193995 0.00477444 9.3463 24.1063 -13 424 0 0 1
0.183737 -0.204409 360 -0.0899682 -0.115029 5.1879 54.051 -13 425 0 0 1
-0.095046 -0.0522243 360 0.0083235 0.0520905 5.12913 49.4704 -13 426 0 0 1
-0.0512408 0.0247049 360 0.000459804 0.0102716 10.8187 38.0443 -13 427 0 0 1
-0.0925413 0.0591523 360 0.0345925 -0.00559733 7.03936 26.7941 -13 428 0 0 1
-0.244635 0.058741 360 0.0645589 0.0627324 7.80763 29.8355 -13 429 0 0 1
-0.0926636 1.28837 360 0.00287878 0.0091476 0.0430821 29.9815 11 429 1002 0 1
-0.0834477 -0.0784102 360 0.00394506 0.0381205 9.95368 23.657 -13 430 0 0 1
-0.165974 0.125484 360 0.0340019 0.0178058 10.8449 22.2059 -13 431 0 0 1
-0.0276148 -0.152527 360 -0.056211 0.0382403 9.96173 31.4243 -13 432 0 0 1
-0.0391786 -0.238866 360 -0.0805569 -0.0221398 11.0555 37.2456 -13 433 0 0 1
-0.000779212 0.010972 360 0.00691663 -0.00214033 13.7053 21.1294 -13 434 0 0 1
-0.103065 0.0250861 360 0.00435069 0.0442715 11.3946 26.6293 -13 435 0 0 1
-0.0344876 -0.0106926 360 -0.00110804 -0.0585817 11.2567 18.6 -13 436 0 0 1
0.0750834 0.0249704 360 0.00990999 -0.0269219 10.7144 23.7051 -13 437 0 0 1
0.0322491 -0.0742116 360 -0.0111699 -0.013623 11.1337 28.3436 -13 438 0 0 1
-0.13636 0.0311548 360 0.00403342 0.0321298 11.9558 39.6969 -13 439 0 0 1
0.0330677 0.0211111 360 -0.0191533 0.011901 8.86485 35.8382 -13 440 0 0 1
-0.239728 0.0588318 360 -0.0134851 0.0482279 11.3935 25.8081 -13 441 0 0 1
-0.147333 1.25496 360 -0.00397047 0.0412173 0.0234076 27.3047 11 441 1001 0 1
0.157067 -0.179279 360 0.0117174 -0.105187 4.06937 33.0656 -13 442 0 0 1
0.158928 -0.17933 360 -0.0168857 0.00126879 0.028555 33.0633 11 442 1001 0 1
-0.124582 -0.151028 360 -0.011401 0.0302472 7.59238 42.8433 -13 443 0 0 1
0.276848 0.0169472 360 0.0288324 -0.0783449 11.4018 22.4773 -13 444 0 0 1
0.317916 0.117729 360 0.111283 -0.0686136 8.01844 42.1568 -13 445 0 0 1
-0.0194149 -0.00879804 360 -0.00278496 0.0112537 13.4067 36.7421 -13 446 0 0 1
0.0200742 -0.0422464 360 0.0110974 0.00671416 11.5916 23.5865 -13 447 0 0 1
0.233841 -0.0376286 360 0.00349421 -0.0931722 9.81496 17.081 -13 448 0 0 1
0.191529 -0.0334469 360 0.0129969 -0.0416364 8.19498 20.7548 -13 449 0 0 1
0.0924577 -0.04471 360 0.00893316 -0.0213333 12.3466 40.0569 -13 450 0 0 1
-0.0485744 0.117463 360 -0.0210289 0.00425548 7.87455 37.2168 -13 451 0 0 1
0.0217252 -0.0125398 360 -0.0627356 0.000263558 11.873 37.7297 -13 452 0 0 1
-0.0223443 0.0285374 360 0.0163923 0.00229837 12.9815 38.1639 -13 453 0 0 1
-0.0304563 0.0285636 360 0.0403472 0.0212017 9.5757 23.1188 -13 454 0 0 1
2.03321 0.74986 360 0.062118 0.154433 1.92764 58.1465 -13 455 0 0 1
0.0967768 -0.0799144 360 -0.0204829 -0.0142967 14.0006 13.4712 -13 456 0 0 1
-0.104144 -0.00498853 360 -0.0258655 -0.0196753 9.45604 15.6298 -13 457 0 0 1
0.0396679 0.114388 360 0.00703156 -0.0537547 11.6032 38.1981 -13 458 0 0 1
0.0059121 -0.0287632 360 -0.00836099 -0.026771 8.0127 25.1838 -13 459 0 0 1
-0.0137663 -0.0109308 360 -0.0117287 0.0173215 10.5838 15.6658 -13 460 0 0 1
-0.0539981 -0.0117435 360 2.70036e-05 0.000469221 13.4526 35.9563 -13 461 0 0 1
0.0325938 0.0902657 360 0.0325994 0.0472498 13.6897 35.9947 -13 462 0 0 1
-0.119584 0.0670127 360 -0.00967254 0.0627542 7.70875 29.2674 -13 463 0 0 1
0.5921 -0.120191 360 -0.0862914 -0.167289 3.95173 59.3988 -13 464 0 0 1
0.0696905 -0.118773 360 -0.0574046 -0.0418955 9.89579 19.0087 -13 465 0 0 1
-0.107337 0.0731824 360 0.0182067 0.0190921 7.41665 19.4451 -13 466 0 0 1
0.000546463 -0.0267282 360 -0.00738433 -0.0102155 14.0834 12.8461 -13 467 0 0 1
-0.088106 -0.0162056 360 -0.0135562 0.0174138 8.82549 25.4561 -13 468 0 0 1
0.0504702 -0.137605 360 -0.102451 0.0108918 4.89247 43.3791 -13 469 0 0 1
-0.109228 0.0978505 360 0.128899 0.0609375 6.46775 22.8336 -13 470 0 0 1
-1.16947 -0.501751 360 -0.0420205 -0.0983118 1.40251 67.1368 -13 471 0 0 1
0.0306482 -0.0154171 360 0.0228323 -0.00294553 10.0589 33.5824 -13 472 0 0 1
-0.0786677 -0.372674 360 -0.115479 -0.0441822 5.44394 25.6821 -13 473 0 0 1
-0.203714 -0.027788 360 -0.0337442 0.0723587 8.26035 31.2593 -13 474 0 0 1
0.00867217 -0.0248278 360 -0.0121395 0.0192148 11.7948 21.6912 -13 475 0 0 1
-0.0776353 0.0922387 360 0.0260915 0.0136104 7.8733 17.8485 -13 476 0 0 1
0.150261 0.0197179 360 -0.00886028 -0.0372305 9.53764 30.1452 -13 477 0 0 1
0.166737 -0.169586 360 -0.0274961 -0.129382 9.76129 16.5876 -13 478 0 0 1
-0.0421575 0.155811 360 0.00675786 -0.15512 5.40866 26.6935 -13 479 0 0 1
-7.35906 -2.81011 360 0.00675988 0.00239801 0.0377456 24.3819 11 479 1001 0 1
-0.00612902 0.0603667 360 0.0502062 0.0554236 10.7167 29.6156 -13 480 0 0 1
-0.263198 0.123758 360 0.114758 0.0139504 8.98795 29.1694 -13 481 0 0 1
-0.0241369 0.00534339 360 -0.0377977 0.094962 6.56947 49.0038 -13 482 0 0 1
0.0238249 -0.0120038 360 -0.00867398 -0.00767514 14.046 38.7611 -13 483 0 0 1
0.100978 -0.124037 360 -0.0769936 -0.0235261 7.50033 31.653 -13 484 0 0 1
-0.15228 -0.113325 360 0.00152221 0.11979 11.378 15.4092 -13 485 0 0 1
0.0917628 -0.117878 360 -0.0443744 -0.092727 7.34965 25.6853 -13 486 0 0 1
-0.0409368 0.00993636 360 0.00844685 0.0428832 13.0233 28.5125 -13 487 0 0 1
-0.0339526 0.0411721 360 0.0607451 -0.107907 5.41492 44.5877 -13 488 0 0 1
-0.036219 0.0486123 360 0.00906331 0.00744003 13.8947 14.5505 -13 489 0 0 1
-0.152862 -0.461545 360 0.018004 -0.0438431 3.92926 36.2182 -13 490 0 0 1
0.00618263 0.0750343 360 0.0271677 0.0324857 7.59963 42.1666 -13 491 0 0 1
-0.00261168 -0.0253315 360 -0.0171609 -0.0276633 13.9373 13.9209 -13 492 0 0 1
-0.0622069 -0.00249722 360 0.0404314 -0.00495017 12.4375 35.6452 -13 493 0 0 1
0.0449483 -0.00929734 360 0.0307252 -0.0494896 12.9668 33.943 -13 494 0 0 1
-0.000293537 -0.0101874 360 -0.0614833 0.0287001 14.4521 10.7792 -13 495 0 0 1
0.108137 0.0112895 360 0.0550996 -0.0534722 10.7335 19.5161 -13 496 0 0 1
-0.0280392 -0.0491325 360 -0.0610385 -0.0115172 14.0586 10.705 -13 497 0 0 1
0.0236154 0.0825318 360 0.033425 0.0355325 13.5514 26.3483 -13 498 0 0 1
1.57667 -0.0486877 360 0.00684526 0.0104876 0.131644 22.7575 11 498 1002 0 1
0.0221141 0.0108124 360 0.0132148 0.0157756 11.9748 26.9675 -13 499 0 0 1
0.00350601 0.011064 360 -0.0543184 0.0440673 12.6691 23.9527 -13 500 0 0 1
0.0956982 0.0191088 360 -0.0243073 -0.036254 10.9031 22.5109 -13 501 0 0 1
-0.0414712 -0.040045 360 -0.00770705 -0.00059204 14.4363 14.6191 -13 502 0 0 1
0.0701236 -0.1546 360 -0.0395317 -0.0172492 10.2469 18.8331 -13 503 0 0 1
-0.00280569 0.000823587 360 -0.0161528 -0.0185142 11.1892 28.9018 -13 504 0 0 1
0.367814 0.220149 360 0.253195 -0.141329 3.63544 50.7689 -13 505 0 0 1
-0.0856075 -0.30262 360 -0.0658555 0.0453237 8.69378 23.2091 -13 506 0 0 1
-0.0487634 -0.0875407 360 -0.0159302 0.0262334 12.4639 22.6367 -13 507 0 0 1
0.0224472 -0.0128805 360 -0.0154153 -0.0296562 11.4364 37.254 -13 508 0 0 1
0.0203057 0.0454193 360 -0.0391556 0.0243252 8.21343 36.6015 -13 509 0 0 1
0.0262589 0.0669609 360 0.0161478 0.0011486 10.5604 22.608 -13 510 0 0 1
-0.00137824 0.0732995 360 0.0214829 0.0120591 10.4527 15.8954 -13 511 0 0 1
-0.0483272 0.0591784 360 0.0234139 -0.00624127 12.8963 28.3944 -13 512 0 0 1
0.00697732 0.173779 360 0.0187053 0.0248719 13.3358 10.8694 -13 513 0 0 1
0.110641 -0.0330322 360 0.0668055 -0.0789432 7.97245 22.1923 -13 514 0 0 1
-0.036251 0.089541 360 0.012991 0.0280531 10.2437 36.776 -13 515 0 0 1
0.00578512 -0.148058 360 -0.109561 -0.0166304 3.97156 40.6313 -13 516 0 0 1
0.0187192 0.0866744 360 -0.00452241 0.0427904 8.23277 19.1057 -13 517 0 0 1
0.753409 -0.991177 360 -0.222792 -0.280821 12.3675 15.9816 -13 518 0 0 1
-0.0200805 -0.313987 360 -0.0630987 0.0696628 11.673 30.2576 -13 519 0 0 1
-0.0730018 0.0236125 360 0.000152235 0.0118019 11.6465 28.6944 -13 520 0 0 1
0.00675206 -0.0130199 360 0.000690348 -0.0153624 12.9544 21.8989 -13 522 0 0 1
0.0269695 0.00181513 360 -0.00380168 0.00334 13.5868 25.9738 -13 523 0 0 1
0.38631 0.557853 360 0.168949 0.0445462 3.91806 57.6381 -13 524 0 0 1
-7.52488e-05 0.14525 360 0.0397731 0.0378564 9.72117 20.8515 -13 525 0 0 1
-0.034991 -0.266032 360 -0.0544712 -0.000336644 11.7128 31.1771 -13 526 0 0 1
0.53415 0.311762 360 -0.0370093 -0.131961 3.24277 65.8036 -13 527 0 0 1
-0.0700024 -0.0152423 360 0.030393 0.038515 12.4984 26.8356 -13 528 0 0 1
-0.0134323 -0.0453454 360 -0.0259571 0.0089779 11.2849 34.7362 -13 529 0 0 1
-0.12785 -0.0925819 360 -0.0295125 0.0196925 8.32869 38.4725 -13 530 0 0 1
0.0819471 -0.0346877 360 -0.0105343 -0.0307488 12.9586 24.1072 -13 531 0 0 1
0.499924 0.401969 360 -0.0358663 -0.314524 13.7337 38.8614 -13 532 0 0 1
-0.710994 1.13065 360 -0.0249698 0.0434899 0.108719 38.2983 11 532 1001 0 1
-0.00307777 0.118448 360 0.0435262 0.043289 9.07963 37.6083 -13 533 0 0 1
-0.166594 -0.0254348 360 0.0026744 0.0631347 9.16831 37.7889 -13 534 0 0 1
0.0148993 0.145133 360 0.00411293 -0.053542 9.854 16.1878 -13 535 0 0 1
0.0427219 0.0315331 360 -0.0474408 0.00494215 13.0387 19.4897 -13 536 0 0 1
0.0743996 0.331168 360 0.155338 -0.228813 4.49403 42.6588 -13 537 0 0 1
-0.017341 0.0857175 360 0.0215065 0.02833 14.4801 27.578 -13 538 0 0 1
0.194582 0.207398 360 0.10618 -0.0907343 11.2908 17.5713 -13 539 0 0 1
0.551076 -2.2658 360 -0.012877 -0.0453472 0.0552247 17.8163 11 539 1002 0 1
0.027639 0.157993 360 0.0349476 0.0150205 11.2708 37.4237 -13 540 0 0 1
-0.0350518 0.00824749 360 0.00315505 0.0169595 7.36566 39.5164 -13 541 0 0 1
-7.3176 -1.92983 360 -0.0292161 0.00655881 0.028457 40.0434 11 541 1003 0 1
-0.112668 -0.0742047 360 -0.0621221 0.0469753 12.793 14.2513 -13 542 0 0 1
-0.952219 -2.3954 360 0.0393116 -0.0218782 0.0318462 17.3527 11 542 1001 0 1
0.111242 0.010508 360 -0.0496448 0.00014383 8.54108 28.125 -13 543 0 0 1
0.0840726 -0.0885749 360 0.0677905 -0.00634627 13.7321 37.7163 -13 544 0 0 1
-0.144124 0.133571 360 0.0223252 0.0712643 4.9425 51.8303 -13 545 0 0 1
0.250351 -0.084656 360 -0.0556174 -0.0439563 6.68863 39.2089 -13 546 0 0 1
-0.0153047 0.0880102 360 -0.00266746 0.0137473 10.6866 32.0163 -13 547 0 0 1
-0.0816881 -0.0873354 360 -0.0197036 -0.000562351 9.86904 32.5286 -13 548 0 0 1
0.216796 -0.00907443 360 0.0138021 -0.0287892 9.63005 39.3677 -13 549 0 0 1
0.128398 0.0753567 360 -0.0291066 -0.0604087 8.6155 31.8393 -13 550 0 0 1
0.0653707 0.150607 360 0.0541732 -0.0608415 10.5892 18.301 -13 551 0 0 1
-0.127396 -0.0626887 360 -0.0465574 0.0466423 11.3269 21.8538 -13 552 0 0 1
-0.127919 -0.329923 360 -0.122975 -0.0208323 7.91549 28.2933 -13 553 0 0 1
-0.314159 -0.405891 360 -0.216832 -0.0479034 4.96163 26.8895 -13 554 0 0 1
4.05569 6.52601 360 0.0168426 0.00799255 0.0317694 25.8004 11 554 1001 0 1
0.243608 -0.0506924 360 0.00995198 -0.0680419 7.98355 43.8321 -13 555 0 0 1
0.162892 -0.0488322 360 -0.00158016 0.00880805 6.13702 41.8213 -13 556 0 0 1
0.0377419 -0.0208825 360 -0.0319215 -0.0383885 13.5701 16.3631 -13 557 0 0 1
-0.0692561 0.0486595 360 0.0415601 0.0205198 10.9402 40.3638 -13 559 0 0 1
-0.0291651 0.100001 360 0.0317403 -0.0053226 13.6061 10.6304 -13 560 0 0 1
-0.132537 -0.117194 360 -0.037428 0.113259 5.21502 51.1186 -13 561 0 0 1
0.00235833 -0.0739198 360 -0.0229685 0.00352493 11.0519 15.657 -13 562 0 0 1
-0.0686884 0.0104212 360 0.0527052 0.0139677 12.115 26.3463 -13 563 0 0 1
-0.0206275 -0.026765 360 0.00954953 -0.000136979 10.5833 40.7178 -13 564 0 0 1
0.00833219 0.10054 360 0.0111457 -0.0145519 14.2299 14.8438 -13 565 0 0 1
0.218053 -0.0981819 360 -0.0381049 -0.0518123 9.43002 25.8029 -13 566 0 0 1
0.0465116 0.0350674 360 0.0146563 -0.0147138 10.5824 24.1028 -13 567 0 0 1
-0.392203 0.489647 360 0.312716 -0.122961 11.8628 37.2409 -13 568 0 0 1
0.029154 0.00269781 360 0.022039 0.0015273 13.5489 21.0829 -13 569 0 0 1
-0.0264092 0.0529232 360 0.0244435 0.0160321 11.1058 37.6913 -13 570 0 0 1
-0.065608 0.0265775 360 -0.000639799 0.0275448 12.6425 24.0055 -13 571 0 0 1
0.00687926 0.0660122 360 0.0237915 -0.0199136 9.89492 25.6581 -13 572 0 0 1
-0.00122969 -0.0461783 360 -0.0178325 0.0147504 6.63306 32.5151 -13 573 0 0 1
-0.0540101 -0.0903959 360 -0.0292556 0.0288905 13.7446 18.4748 -13 574 0 0 1
-0.00548504 0.0292247 360 -0.0418707 0.0119859 7.08609 36.9547 -13 575 0 0 1
-2.40363 0.636908 360 0.0179788 0.0281052 0.0102771 38.0314 11 575 1003 0 1
0.10571 0.0580776 360 0.0304866 -0.0685065 10.6153 31.521 -13 576 0 0 1
0.0895173 0.0379507 360 0.00505246 -0.031217 13.4026 12.6391 -13 577 0 0 1
0.317847 -0.643299 360 -0.213623 0.0239676 8.41982 26.8489 -13 578 0 0 1
-0.00265098 0.147163 360 0.0442602 0.044583 13.9537 25.6587 -13 579 0 0 1
0.060999 -0.00431479 360 0.000690532 -0.0138231 12.7603 18.2835 -13 580 0 0 1
-0.0224446 0.00213473 360 0.0172106 -0.0182278 11.0845 39.9179 -13 581 0 0 1
0.128854 0.181326 360 0.0834167 -0.0053862 8.9081 27.1215 -13 582 0 0 1
-0.102171 0.0128695 360 -0.03125 0.00520872 7.7167 23.9136 -13 583 0 0 1
0.000510915 -0.00315256 360 0.00849025 -0.0158723 13.9783 36.0298 -13 584 0 0 1
-0.0192936 0.0202396 360 0.0074299 -0.0181844 11.2321 19.8431 -13 585 0 0 1
0.0251338 0.0109173 360 -0.0343444 -0.0174294 9.37812 38.8966 -13 586 0 0 1
-0.0341046 -0.0340713 360 0.0108658 0.00538843 13.7682 29.092 -13 587 0 0 1
0.0668281 -0.0476594 360 -0.0421367 -0.00871632 9.61177 23.3715 -13 588 0 0 1
0.0766028 0.0180989 360 0.029868 -0.044749 13.2587 22.371 -13 589 0 0 1
0.220403 0.500972 360 0.0727299 -0.180467 9.16724 26.2012 -13 591 0 0 1
-0.0931454 -0.0563251 360 0.0126635 0.0634591 8.32138 28.4123 -13 592 0 0 1
-0.230545 -0.254328 360 -0.0498688 0.0691402 5.86047 49.124 -13 593 0 0 1
-0.0125937 -0.0529552 360 -0.0227723 0.000149497 10.7555 41.5221 -13 594 0 0 1
0.0358681 0.0165456 360 0.0195896 -0.0292684 10.0457 27.7827 -13 595 0 0 1
-0.0614056 0.112454 360 -0.0406293 0.0252076 8.13743 32.8573 -13 596 0 0 1
0.213975 -0.0486209 360 0.0238981 -0.0609127 10.4315 24.4408 -13 597 0 0 1
0.151013 0.0130232 360 -0.00943815 0.00265381 5.87291 28.9847 -13 599 0 0 1
0.296473 -2.37084 360 -0.187438 0.141309 1.47441 60.0635 -13 600 0 0 1
0.0181027 -0.0359159 360 -0.0143352 -0.0276528 12.5591 28.5714 -13 601 0 0 1
-0.0218052 -0.0427963 360 0.010192 0.057313 6.9034 40.6232 -13 602 0 0 1
0.0154788 -0.0464122 360 -0.0566167 -0.0150913 9.23044 36.5087 -13 603 0 0 1
-5.78518 -0.58582 360 -0.0245068 -0.007345 0.0716732 33.2852 11 603 1002 0 1
0.247331 -0.00895645 360 0.0201523 -0.0539645 7.56602 30.1301 -13 604 0 0 1
0.500746 -0.382632 360 -0.164941 -0.086322 4.72485 33.9695 -13 605 0 0 1
-0.0685744 0.148108 360 0.0524215 0.0353202 12.3583 27.1146 -13 606 0 0 1
-0.0324784 -0.10373 360 -0.00107619 0.00813214 0.108663 26.441 11 606 1001 0 1
0.00353057 -0.101758 360 -0.0208324 -0.00534476 11.8874 16.8281 -13 607 0 0 1
-0.0237917 -0.0883563 360 -0.049527 -0.0596076 12.9284 25.0738 -13 608 0 0 1
0.0788922 0.102491 360 0.0231829 -0.0505204 11.8811 16.0116 -13 609 0 0 1
0.0184443 0.0186127 360 0.00888724 0.0144992 8.82875 22.0698 -13 610 0 0 1
-0.0294182 0.0275327 360 0.0082714 0.0161044 10.3299 17.6386 -13 611 0 0 1
-0.152099 -0.0588365 360 -0.0407425 0.053702 7.8595 28.4177 -13 612 0 0 1
-0.0267979 0.0512425 360 0.0160973 0.0115048 12.4714 25.0761 -13 613 0 0 1
-0.174438 -0.0457448 360 -0.0661598 0.068568 12.1321 13.1912 -13 614 0 0 1
0.0602938 0.336163 360 -0.00537923 0.0580349 3.86964 50.1056 -13 615 0 0 1
0.19147 0.336992 360 -0.0948359 0.097536 4.02636 56.6442 -13 616 0 0 1
-0.212543 0.0938885 360 0.0867838 0.0351479 10.8091 29.1239 -13 617 0 0 1
-0.0475372 0.0281241 360 -0.00724928 -0.0130257 8.11204 35.7884 -13 618 0 0 1
0.470325 -0.348766 360 -0.207433 -0.0113011 4.88344 47.7011 -13 619 0 0 1
-0.070835 -0.0237252 360 -0.00707697 0.0177246 12.3648 30.3019 -13 620 0 0 1
-0.366245 -0.210875 360 -0.0882162 0.102534 5.20168 26.9399 -13 621 0 0 1
0.0590776 -0.0208894 360 -0.0211256 -0.0123705 11.16 39.8226 -13 622 0 0 1
0.022313 0.103288 360 0.00866264 0.0318516 9.71895 27.6608 -13 623 0 0 1
0.053779 0.0459479 360 0.0254947 0.01124 14.1797 10.632 -13 624 0 0 1
0.106459 -0.0587618 360 0.00522989 0.0105519 9.14721 30.2033 -13 625 0 0 1
0.0381727 -0.0928513 360 -0.0165694 -0.0311769 6.11578 29.4405 -13 626 0 0 1
-0.117434 -0.030008 360 -0.0263879 0.0159973 9.3565 31.5592 -13 627 0 0 1
-1.07425 1.69377 360 -0.0320807 -0.0275256 0.063174 31.1231 11 627 1001 0 1
0.190818 0.634785 360 0.133501 -0.209529 2.89988 57.9557 -13 628 0 0 1
0.0102082 0.167082 360 0.0378254 0.0174156 10.4543 18.7796 -13 629 0 0 1
0.00376638 0.0255485 360 0.014477 -0.025424 11.786 38.6958 -13 630 0 0 1
-0.223406 0.0335222 360 -0.00858974 0.0677231 8.87358 42.3584 -13 631 0 0 1
0.00280803 -0.00194227 360 -0.0117596 -0.00398451 14.0728 21.6979 -13 632 0 0 1
-0.0604141 -0.00803969 360 0.0353392 -0.0273737 8.363 23.9349 -13 633 0 0 1
-0.051447 0.164253 360 -0.011909 -0.0795082 4.85077 29.0453 -13 634 0 0 1
0.0415745 0.0770293 360 0.0467047 0.0369222 8.06471 33.4634 -13 635 0 0 1
-0.0987459 0.0190002 360 -0.0688731 0.0463206 14.1003 16.7289 -13 636 0 0 1
1.90873 -2.30307 360 0.0139751 0.0471789 0.044523 19.6851 11 636 1001 0 1
-0.0990212 -0.00109093 360 -0.0158284 0.00346367 8.01587 38.1469 -13 637 0 0 1
-0.173827 0.114889 360 0.0516889 0.0489787 12.7055 26.2951 -13 638 0 0 1
0.532494 0.396983 360 0.123375 -0.179321 13.9979 14.9739 -13 639 0 0 1
-0.00392555 0.0636576 360 0.051673 -0.00100693 10.8798 13.2248 -13 640 0 0 1
0.167775 -0.198152 360 -0.116162 -0.0720313 4.51504 38.2323 -13 641 0 0 1
0.566603 -0.0854492 360 0.0573647 -0.113341 7.20496 41.0757 -13 642 0 0 1
0.0188722 -0.0617233 360 -0.0168132 0.00182496 11.0702 12.5637 -13 643 0 0 1
0.07133 -0.144738 360 -0.0483193 -0.0207353 13.7377 28.1526 -13 644 0 0 1
0.076219 -0.0017878 360 0.00414375 -0.00630633 9.69916 15.7786 -13 645 0 0 1
0.0288466 -0.0136659 360 0.00507439 -0.0362467 13.7605 26.6237 -13 646 0 0 1
-0.154209 -0.00725979 360 0.00073501 0.106718 5.99526 48.513 -13 647 0 0 1
0.151466 0.218999 360 -0.0197101 -0.0582708 4.12112 43.47 -13 648 0 0 1
0.0546948 0.158101 360 0.132791 0.0777658 6.33279 30.7843 -13 649 0 0 1
0.0395202 -0.114168 360 -0.0351208 -0.028497 13.537 13.9376 -13 650 0 0 1
-0.133054 0.0628711 360 -0.0169039 0.050306 10.0935 26.0105 -13 651 0 0 1
0.171238 0.0128348 360 0.0588847 -0.0324606 10.4715 38.6203 -13 652 0 0 1
-0.0953704 -0.0165667 360 0.00505514 0.0347951 11.9624 28.6368 -13 653 0 0 1
0.000940755 -0.022846 360 -0.0201286 -0.0222924 12.3028 23.0992 -13 654 0 0 1
0.00155755 -0.110429 360 -0.0235525 -0.00570575 14.3633 31.4932 -13 655 0 0 1
-0.0247362 0.0464425 360 -0.0126986 -0.00634336 9.58984 29.8126 -13 656 0 0 1
-0.0547727 -0.108385 360 -0.0399514 -0.053341 7.99492 38.1856 -13 657 0 0 1
0.190293 -0.096472 360 -0.00687719 -0.0845194 5.06997 41.8213 -13 658 0 0 1
-0.171105 -0.0536943 360 0.00492932 0.0229104 14.4569 23.0663 -13 659 0 0 1
0.300191 -0.230663 360 -0.250028 0.0809235 11.6926 33.7003 -13 660 0 0 1
0.0205632 0.0800712 360 0.0235316 0.0642441 10.6447 28.3689 -13 661 0 0 1
-0.0812189 -0.0647778 360 -0.00955983 0.0193944 12.1344 22.2935 -13 662 0 0 1
-0.114951 0.00617501 360 -0.0530871 0.0586581 9.54679 42.9086 -13 663 0 0 1
-0.732801 0.0175085 360 -0.0674752 0.189024 8.18719 44.9966 -13 664 0 0 1
-3.33545 -3.3112 360 -0.0132824 -0.0267228 0.0420935 44.8324 11 664 1001 0 1
0.0142156 -0.039094 360 0.00633012 0.00633054 11.3433 13.6033 -13 665 0 0 1
0.0611682 0.0370285 360 -0.00573731 0.0139733 11.7859 25.8277 -13 666 0 0 1
-0.0460336 0.112678 360 0.0222328 0.00641069 13.0905 22.9504 -13 667 0 0 1
0.315059 0.119845 360 0.0465535 -0.134319 6.67502 29.7958 -13 668 0 0 1
-0.0509454 0.00754738 360 0.0240027 0.00497467 9.59657 31.4734 -13 669 0 0 1
-0.0248815 0.227086 360 0.053586 -0.00627849 13.5745 26.994 -13 670 0 0 1
0.0441963 -0.0526088 360 -0.00871831 -0.0162851 13.147 29.7946 -13 671 0 0 1
0.18708 -0.101613 360 -0.0398596 -0.0323063 3.89073 45.8676 -13 673 0 0 1
-0.0541179 -0.00567376 360 0.0154682 0.00634666 12.5482 39.8344 -13 674 0 0 1
0.0649181 -0.146686 360 0.0390301 -0.0321103 7.20038 26.0513 -13 675 0 0 1
0.0120724 0.0321566 360 0.0305956 -0.00915934 12.9085 36.3244 -13 676 0 0 1
-0.0946663 0.0039597 360 0.00679018 0.0137191 11.831 17.9354 -13 677 0 0 1
-0.023589 -0.0953055 360 -0.0038704 -0.056247 9.37656 29.6431 -13 678 0 0 1
-0.561515 -0.545196 360 0.0241768 -0.0346015 0.0400735 29.7023 11 678 1001 0 1
0.295694 0.20464 360 0.123671 -0.0304954 8.12315 28.7827 -13 679 0 0 1
-0.09313 0.0725033 360 -0.000605114 0.00267298 9.26506 32.7146 -13 680 0 0 1
-0.025729 0.0489769 360 0.0254913 0.00255478 14.0711 12.2069 -13 681 0 0 1
-0.00657879 0.0506309 360 0.0109237 0.00801117 13.2537 11.1144 -13 682 0 0 1
0.00682308 0.0885413 360 0.0444956 0.008429 13.0023 35.1242 -13 683 0 0 1
0.143906 -0.0303827 360 -0.204011 0.353229 8.63198 31.5986 -13 684 0 0 1
0.00717723 -0.0695627 360 -0.0303775 0.00927805 8.06155 23.5749 -13 685 0 0 1
0.00393499 0.0244725 360 -0.0345519 -0.0222534 11.5871 38.4784 -13 686 0 0 1
-2.41177 0.309981 360 -0.0280346 -0.0252815 0.0536091 39.1174 11 686 1002 0 1
-0.0480424 -0.0558101 360 -0.071107 0.0857429 9.02973 21.0118 -13 687 0 0 1
0.0466371 0.141108 360 0.0459466 0.0302217 12.8475 33.2497 -13 688 0 0 1
0.449178 0.00156591 360 -0.243145 -0.104289 9.82866 35.8335 -13 689 0 0 1
3.62585 -0.177322 360 -0.00814349 0.036818 0.0618548 34.4065 11 689 1002 0 1
-0.010301 -0.32366 360 -0.0734823 0.015227 5.2493 43.8508 -13 690 0 0 1
0.00288701 0.0428295 360 0.0590526 -0.0169047 12.316 27.7804 -13 691 0 0 1
-0.121531 0.108938 360 0.0164062 0.00191534 7.45994 19.1608 -13 692 0 0 1
0.0301782 -0.00426893 360 -0.00305659 -0.0145255 12.7778 31.195 -13 693 0 0 1
0.291417 0.178042 360 0.00741104 -0.0415164 3.9468 42.3534 -13 694 0 0 1
-0.147476 0.0826253 360 0.0839474 0.0444966 7.35829 28.5816 -13 695 0 0 1
0.0857864 -0.00413349 360 0.0600567 -0.0258301 6.64931 33.0645 -13 696 0 0 1
-0.00349097 0.0488903 360 0.0267149 0.00620029 10.0154 31.5563 -13 697 0 0 1
0.261676 -0.167296 360 -0.0569704 -0.0965583 8.73332 22.7688 -13 698 0 0 1
2.55821 1.04434 360 -0.00124552 0.00987379 0.0343418 23.8063 11 698 1001 0 1
-0.0133006 0.0191697 360 0.0106258 -0.0118833 13.3471 33.6626 -13 699 0 0 1
0.524164 -1.78384 360 -0.369563 -0.676162 8.77641 25.3188 -13 700 0 0 1
0.135909 0.0684555 360 0.034264 -0.0660346 9.08136 16.598 -13 701 0 0 1
0.0452422 0.000606661 360 -0.016586 -0.0104064 12.3031 36.0831 -13 702 0 0 1
0.0352693 -0.00980129 360 -0.00891513 0.0338653 12.068 33.1662 -13 703 0 0 1
0.133128 0.198043 360 0.0565237 -0.0025616 9.41102 22.6249 -13 704 0 0 1
0.0288409 -0.0346442 360 -0.0463698 -0.0165592 10.0995 19.6059 -13 705 0 0 1
-0.219223 0.0468123 360 0.00425181 0.0166144 9.59316 29.1559 -13 706 0 0 1
-0.0155649 0.0486909 360 0.0108153 0.0111765 13.8724 10.9918 -13 707 0 0 1
-0.0325215 0.117977 360 0.0146406 0.0320058 10.5445 30.5256 -13 708 0 0 1
-0.412932 0.0208033 360 0.131379 0.116687 3.6979 47.216 -13 709 0 0 1
-0.281231 -0.0245184 360 -0.111391 -0.10114 7.95589 36.1802 -13 710 0 0 1
-0.0969603 0.150236 360 0.068503 -0.042212 14.1613 11.0572 -13 711 0 0 1
0.101951 -0.021772 360 0.0146825 -0.024995 11.6113 31.0748 -13 712 0 0 1
0.0126653 -0.176363 360 0.0170902 -0.0119477 6.40322 42.0751 -13 713 0 0 1
-0.019317 -0.126968 360 -0.0233718 0.0110683 14.0542 30.615 -13 714 0 0 1
0.0607509 -0.00962408 360 0.00919943 -0.0247112 12.3739 40.0261 -13 715 0 0 1
0.0144977 0.143307 360 0.0620486 -0.00938278 13.1217 30.7148 -13 716 0 0 1
0.0119277 0.0397308 360 0.00938874 0.0310937 10.6026 27.702 -13 717 0 0 1
0.0433875 0.0579503 360 0.0166228 -0.0129506 8.69821 23.0024 -13 718 0 0 1
-0.0508483 -0.155888 360 -0.0876103 -0.0687089 10.6478 20.9778 -13 719 0 0 1
-0.0061752 0.177254 360 0.0510489 0.0109395 11.2786 40.2683 -13 720 0 0 1
-0.502988 0.376685 360 0.0843434 0.17898 9.68177 39.2596 -13 721 0 0 1
-0.352463 0.609316 360 0.147395 0.112237 5.27844 35.0171 -13 722 0 0 1
0.00628729 -0.116986 360 -0.023498 -0.00448044 8.56644 18.6735 -13 723 0 0 1
0.068331 -0.0300632 360 -0.00394598 -0.000735172 4.92586 47.8212 -13 724 0 0 1
-0.0302342 -0.0562222 360 0.000794917 -0.0147127 9.6101 25.4068 -13 725 0 0 1
-0.0668994 -0.104925 360 -0.0589816 0.00536522 13.6187 25.1915 -13 726 0 0 1
0.0348269 -0.0101852 360 -0.0129897 0.0128251 14.144 14.3381 -13 727 0 0 1
0.125081 0.0340872 360 0.068714 0.0906579 3.01504 61.4098 -13 728 0 0 1
-0.0136253 -0.0574353 360 -0.00518958 0.0230769 5.47657 34.264 -13 729 0 0 1
-0.0606059 -0.0284975 360 -0.0151885 0.0255042 11.2093 18.9929 -13 730 0 0 1
-0.0775467 0.00616712 360 -0.00998445 0.0290584 10.9653 15.0088 -13 731 0 0 1
1.45464 1.47545 360 0.126266 -0.336413 2.2312 67.9848 -13 732 0 0 1
0.372877 -0.110591 360 -0.0577544 -0.0543513 4.79862 38.7108 -13 733 0 0 1
-0.0815469 -0.0317589 360 -0.0475565 0.0460228 7.90987 20.4614 -13 734 0 0 1
-0.0342717 0.18014 360 0.0513138 -0.0145854 10.9852 28.7141 -13 735 0 0 1
0.0570818 0.0971801 360 0.0661844 -0.0209144 10.9938 21.6584 -13 736 0 0 1
-0.0293728 -0.0838463 360 -0.0179114 -0.0604713 8.24773 36.1192 -13 737 0 0 1
0.0717119 -0.260177 360 0.0299265 0.0196852 0.022781 36.1581 11 737 1001 0 1
0.044395 0.118449 360 -0.0666002 0.0384455 8.38817 38.5233 -13 738 0 0 1
0.529159 -0.315466 360 -0.0332922 -0.00743923 0.0304707 38.8908 11 738 1001 0 1
0.0838949 -0.132185 360 -0.0659082 0.00490107 11.8989 31.7523 -13 739 0 0 1
-0.117719 -0.0857313 360 -0.0219415 -0.014108 13.0346 33.8387 -13 740 0 0 1
-0.0223814 -0.116879 360 -0.0421391 0.0137653 8.70648 34.4736 -13 741 0 0 1
0.0525807 0.0269465 360 -0.0433344 0.00841799 4.33793 52.8628 -13 742 0 0 1
-0.0670368 -0.042329 360 -0.0167697 0.036761 8.34098 17.4389 -13 743 0 0 1
0.309999 0.349397 360 0.103544 0.336372 2.99455 46.3428 -13 744 0 0 1
-0.0113324 0.00152113 360 0.00198887 0.00956357 11.505 26.2426 -13 745 0 0 1
0.132264 -0.0760761 360 -0.0421158 -0.0345411 8.56824 41.1391 -13 746 0 0 1
0.00122253 0.0930396 360 0.02748 -0.0272422 11.8492 33.9755 -13 747 0 0 1
0.156269 -0.14131 360 0.00255298 -0.00929256 10.5682 29.5113 -13 748 0 0 1
0.00565562 -0.121009 360 -0.00265904 -0.00869207 12.1258 12.4236 -13 749 0 0 1
0.014176 -0.0321588 360 0.0490901 -0.0281061 10.3896 34.3568 -13 750 0 0 1
-5.41929 -0.321334 360 -0.0379126 0.00615752 0.0254395 39.2954 11 750 1001 0 1
-0.137008 0.130007 360 0.0138245 0.0633165 11.1357 36.067 -13 751 0 0 1
0.0923894 0.192582 360 0.0474302 -0.0559943 6.55007 23.9739 -13 752 0 0 1
0.130423 -0.0471582 360 -0.0115757 -0.0553142 10.7916 15.0231 -13 753 0 0 1
-0.0459937 0.0134607 360 0.00981488 0.0214747 8.68331 40.5491 -13 754 0 0 1
-0.0987221 -0.0928497 360 -0.0953815 -0.0211514 7.93839 23.7786 -13 755 0 0 1
-0.486337 -0.019349 360 0.3701 -0.12621 5.40665 35.5855 -13 756 0 0 1
-0.16916 0.0211536 360 -0.0146773 0.0294309 7.27897 30.5197 -13 757 0 0 1
0.0787137 -0.0550387 360 -0.0124631 -0.0729421 7.90989 19.1376 -13 758 0 0 1
-0.0028086 -0.141454 360 -0.053396 0.0381414 14.1791 24.9832 -13 759 0 0 1
0.0968412 -0.148927 360 -0.0543741 -0.0158982 8.08951 36.5132 -13 760 0 0 1
0.477234 1.25441 360 0.0109448 -0.0331778 0.00686363 37.626 11 760 1001 0 1
0.214434 0.0529571 360 0.0466677 -0.104398 6.46092 27.0836 -13 761 0 0 1
-0.0207552 0.00348707 360 0.00960336 -0.0266576 13.8678 38.025 -13 762 0 0 1
0.0237691 -0.0270811 360 -0.0206932 0.0156435 11.1533 38.0694 -13 763 0 0 1
-0.0168573 -0.00304991 360 -0.00266666 0.00417994 9.87064 24.3465 -13 764 0 0 1
-0.271565 0.29865 360 0.115579 0.0573969 5.84611 29.2867 -13 765 0 0 1
-0.109829 0.0226888 360 -0.0130948 -0.000802819 8.59741 20.4815 -13 766 0 0 1
0.150603 -0.0300197 360 0.000878881 -0.0543049 12.5972 39.778 -13 767 0 0 1
-0.403833 0.348348 360 0.0269199 0.0371194 0.0588239 40.1051 11 767 1003 0 1
-0.0256031 0.0396876 360 0.0319046 0.0350446 12.8792 31.2846 -13 768 0 0 1
-0.0650296 -0.153784 360 -0.0632594 0.0263496 7.00275 23.1906 -13 769 0 0 1
-0.053121 0.106985 360 0.0283299 -0.00435321 13.6462 16.6586 -13 770 0 0 1
0.0284581 0.0813843 360 -0.0115562 -0.0717419 10.9005 18.3406 -13 771 0 0 1
0.0360241 -0.231227 360 -0.0869031 -0.0108402 14.3361 11.7171 -13 772 0 0 1
0.123494 0.0504573 360 0.00841123 -0.0704021 11.4308 16.5084 -13 773 0 0 1
0.121074 -0.133505 360 -0.0789104 -0.00372233 13.4089 13.6705 -13 774 0 0 1
-0.280377 -0.485542 360 0.0154701 0.0472422 3.79772 35.9995 -13 775 0 0 1
0.0240652 -0.0397628 360 -0.0516462 -0.0120735 11.8217 22.9056 -13 776 0 0 1
-0.0313951 0.0454842 360 -0.00915638 0.0139124 10.6862 24.922 -13 777 0 0 1
-0.129551 0.0881245 360 0.0175971 0.0648925 8.63665 33.9244 -13 778 0 0 1
0.211413 0.226075 360 0.0246036 -0.186003 12.9414 10.9282 -13 779 0 0 1
-0.191868 -0.252945 360 -0.082784 0.0695553 9.59248 18.3312 -13 780 0 0 1
-0.461107 -0.410437 360 -0.265771 0.0225637 11.5587 15.8899 -13 781 0 0 1
0.734578 0.455902 360 -0.0235904 -0.00226312 0.0824682 15.7428 11 781 1001 0 1
0.0473619 -0.184113 360 -0.0446271 0.00630913 10.0705 16.604 -13 782 0 0 1
0.212355 0.0200956 360 0.0820342 0.00412823 6.97842 35.3026 -13 783 0 0 1
0.379687 -0.416884 360 -0.0346796 -0.181146 6.88623 21.592 -13 784 0 0 1
-0.156034 0.0469461 360 -0.0739252 -0.018151 4.99494 39.8752 -13 785 0 0 1
7.7622 0.445104 360 0.0213796 -0.00908654 0.0291277 38.1958 11 785 1004 0 1
-0.179999 -0.0263985 360 0.00615837 0.0388031 9.5894 32.6983 -13 786 0 0 1
0.0486239 0.0947809 360 0.0164128 -0.0177335 8.91237 31.5186 -13 787 0 0 1
-0.223049 0.00170271 360 0.0201845 0.0176427 12.3351 29.0696 -13 788 0 0 1
-0.00339379 -0.0154326 360 -0.0262491 0.00167644 14.1689 24.6839 -13 789 0 0 1
-0.0982529 -0.0553859 360 -0.00216612 0.036838 9.95 40.2656 -13 790 0 0 1
-0.167312 -0.0325747 360 -0.0499436 0.0337358 4.95997 50.404 -13 791 0 0 1
-0.13757 -0.0610114 360 -0.0328726 0.139372 11.7846 39.5518 -13 792 0 0 1
0.0876535 -0.0225808 360 -0.0400858 -0.0250501 11.4278 28.6459 -13 793 0 0 1
0.124032 -0.121786 360 -0.0338552 -0.0134955 7.47261 29.9649 -13 794 0 0 1
-0.280575 -0.149245 360 0.0343245 0.119854 11.5017 20.0948 -13 795 0 0 1
0.048047 0.0220384 360 0.00567962 -0.0104674 8.90752 37.6527 -13 796 0 0 1
0.0383046 0.0671052 360 0.00606238 0.0154769 14.0184 34.4081 -13 797 0 0 1
0.0378089 0.0497274 360 0.0452017 0.000717765 13.7158 34.9096 -13 798 0 0 1
0.0163759 0.0317901 360 0.00339691 -0.00218877 9.38561 43.4119 -13 799 0 0 1
0.0107908 0.0151638 360 -0.00126773 -0.00532197 13.557 12.3421 -13 800 0 0 1
-0.0836654 -0.160902 360 -0.0215126 0.0256202 5.79285 27.2237 -13 801 0 0 1
-0.150343 0.206977 360 0.00592977 0.0124461 7.04333 38.3029 -13 803 0 0 1
0.00124915 -0.0312812 360 -0.0299004 -0.00206283 13.0139 17.9063 -13 804 0 0 1
0.0366553 -0.0320489 360 0.00723808 -0.0148691 12.5838 37.6042 -13 805 0 0 1
-0.0722163 -0.0454382 360 -0.0321815 -0.0757999 3.0609 46.906 -13 806 0 0 1
0.0589537 -0.0158959 360 -0.0239329 -0.0252851 13.653 20.4324 -13 807 0 0 1
-0.943652 -0.424791 360 -0.161631 0.258617 7.0862 28.1107 -13 808 0 0 1
-0.0307505 0.0365985 360 0.00600466 0.00304551 14.3123 23.143 -13 809 0 0 1
0.121783 0.161468 360 0.0627682 -0.0454872 10.8181 28.362 -13 810 0 0 1
0.100801 -0.0233077 360 -0.149144 -0.0185331 5.70622 25.6672 -13 811 0 0 1
-0.0125392 0.185318 360 0.0144737 0.00653209 6.57808 21.9498 -13 812 0 0 1
0.427783 0.0150287 360 0.0333896 -0.1288 13.2174 21.0231 -13 813 0 0 1
-0.029253 0.000884619 360 0.00117657 0.0449218 9.63525 24.5622 -13 814 0 0 1
-0.0149271 -0.0735203 360 -0.0189161 -0.0275987 11.6514 38.8655 -13 815 0 0 1
-1.74973 -1.17373 360 0.00698829 -0.0386514 0.0155142 40.0759 11 815 1001 0 1
-0.00320087 -0.00359397 360 0.0818829 0.0177114 6.02189 26.2094 -13 816 0 0 1
0.02541 0.539386 360 0.153436 -0.296198 5.32276 48.6005 -13 817 0 0 1
0.305254 0.215677 360 0.0539548 -0.0700815 11.471 40.48 -13 818 0 0 1
-0.128034 0.00222986 360 0.0271727 -0.0333978 6.18998 47.6888 -13 819 0 0 1
-0.0264383 0.0956109 360 0.0302128 0.0238114 13.3969 16.8333 -13 820 0 0 1
0.044599 0.158725 360 0.0357912 -0.0346053 8.41481 19.3737 -13 821 0 0 1
-1.33409 0.792777 360 -0.0125152 0.00525972 0.0663112 18.438 11 821 1002 0 1
0.22233 0.0392171 360 -0.0244592 -0.0645454 11.6959 40.0131 -13 822 0 0 1
-0.0412403 -0.0576275 360 -0.0122336 -0.00514491 12.6224 33.8208 -13 823 0 0 1
-0.0574385 0.0687917 360 0.0261028 0.0152924 14.5639 30.2012 -13 824 0 0 1
-0.0577827 -0.0314297 360 -0.0301267 0.0278881 14.4491 35.359 -13 825 0 0 1
-0.159669 0.197319 360 0.0619302 0.0379276 7.61593 30.5295 -13 826 0 0 1
-0.0424335 0.388899 360 -0.183222 8.6635e-05 3.79448 61.1595 -13 827 0 0 1
0.149785 0.0802503 360 0.0325946 -0.0484524 8.64435 41.9593 -13 828 0 0 1
-0.0284463 -0.0613786 360 -0.0227354 0.0677158 10.0578 39.6028 -13 829 0 0 1
-2.37749 -2.03017 360 -0.0458906 0.0131381 0.0307155 40.4308 11 829 1001 0 1
0.00871357 0.0134508 360 0.0033584 -0.00343927 14.0802 38.6397 -13 830 0 0 1
0.0169441 -0.0993235 360 -0.0780548 -0.00767645 8.41002 22.5939 -13 831 0 0 1
0.00337668 -0.0192054 360 0.0150918 -0.00573475 13.7983 23.3894 -13 832 0 0 1
0.0545595 0.164083 360 0.0139492 -0.0532961 9.04579 43.9437 -13 833 0 0 1
0.111329 -0.0219239 360 0.0568985 -0.033452 5.34971 48.1569 -13 834 0 0 1
0.15872 0.177841 360 0.0346716 -0.0597002 7.81552 44.5677 -13 835 0 0 1
1.17922 0.715964 360 -0.0237165 0.0185004 0.0377785 44.5796 11 835 1002 0 1
0.131425 0.0194894 360 -0.00186048 -0.0545179 11.8653 32.9799 -13 836 0 0 1
-0.00651627 -0.00458232 360 -0.0275361 -0.0306488 10.8275 21.4787 -13 837 0 0 1
0.0212915 0.0973683 360 0.024073 -0.00363653 12.8338 27.3261 -13 838 0 0 1
0.0311305 0.0211257 360 -0.00221452 -0.0142662 11.1393 33.5685 -13 839 0 0 1
0.101401 -0.0611264 360 0.0100271 0.0392763 9.857 35.0473 -13 840 0 0 1
-0.172538 -0.26921 360 0.0281493 0.0417643 6.20565 47.8239 -13 842 0 0 1
0.0376172 0.206489 360 0.0786906 -0.0426496 8.29519 22.9661 -13 843 0 0 1
0.129467 0.127628 360 0.0212225 -0.0987077 4.33339 52.6394 -13 844 0 0 1
0.181678 -0.0271636 360 0.00287727 -0.0699234 13.4755 19.0115 -13 845 0 0 1
-0.0585723 0.0599188 360 -0.00195064 0.042029 12.3017 27.5789 -13 846 0 0 1
-0.242501 0.292164 360 -0.0599415 0.0656352 4.64563 36.5411 -13 847 0 0 1
-0.00155152 0.237832 360 0.0774662 0.112387 4.71943 54.3663 -13 848 0 0 1
0.00649716 -0.0270692 360 0.00421327 -0.0200473 9.62748 16.1379 -13 849 0 0 1
-0.145314 0.0161705 360 0.0232828 0.0584629 12.365 32.9486 -13 850 0 0 1
-0.0697819 -0.052193 360 0.0112807 0.0183111 8.90909 22.7889 -13 851 0 0 1
-1.17401 1.59645 360 -0.272113 0.208984 1.63601 78.6466 -13 852 0 0 1
0.0871571 0.403184 360 0.155689 0.168828 4.86909 30.0576 -13 853 0 0 1
0.0395107 0.106408 360 0.0327949 0.00188502 11.4648 15.094 -13 854 0 0 1
-0.0356737 0.0586176 360 -0.012396 0.0222683 11.5623 35.1427 -13 855 0 0 1
0.014945 0.076388 360 -0.00610543 0.00095401 14.3213 17.6138 -13 857 0 0 1
-0.116829 -0.0262806 360 -0.0230947 0.042667 10.2236 39.2458 -13 858 0 0 1
-0.0770271 0.0225471 360 -0.0310261 0.0211455 12.9579 22.0368 -13 859 0 0 1
-0.0570545 0.108608 360 0.022798 0.00141384 13.0429 35.1322 -13 860 0 0 1
0.0445186 -0.0157044 360 -0.0150752 -0.00676057 11.1814 14.9789 -13 861 0 0 1
-0.18256 0.414024 360 0.10709 0.0416506 5.86862 43.0903 -13 862 0 0 1
-0.670332 0.0228133 360 0.147217 0.214104 3.99015 38.2531 -13 863 0 0 1
0.0405891 0.105892 360 0.0364593 0.028529 6.88105 32.3734 -13 865 0 0 1
0.225803 -0.0446929 360 0.0358176 -0.111585 5.56017 51.7397 -13 866 0 0 1
0.197881 0.0178871 360 -0.0134877 -0.0807331 8.35254 25.9497 -13 868 0 0 1
0.0438453 0.22236 360 0.0251835 0.0262645 9.18251 35.1473 -13 869 0 0 1
-0.328195 -0.142083 360 -0.0652816 0.105161 12.3766 26.02 -13 870 0 0 1
0.0102863 0.162175 360 0.032809 -0.0148908 13.7052 32.0397 -13 871 0 0 1
4.65782 -0.513645 360 0.0389746 0.0381331 0.0321901 34.2388 11 871 1001 0 1
-1.12757 1.31243 360 0.0133466 0.042259 -0.0149486 54.1321 11 871 1001 0 1
-0.784963 1.4154 360 0.0377559 0.00166854 0.00819584 60.1335 11 871 1001 0 1
-0.894748 1.59768 360 0.0350531 -0.00124036 0.00683104 60.2724 11 871 1001 0 1
0.59333 0.0417312 360 0.00873759 -0.0978408 5.25028 44.805 -13 872 0 0 1
-0.220396 -0.24736 360 -0.0879546 0.0856149 4.51215 33.7328 -13 873 0 0 1
0.20276 0.426315 360 0.106504 -0.0952106 4.8442 39.5287 -13 874 0 0 1
-0.0102215 -0.0991617 360 -0.121217 -0.00637416 3.45173 37.497 -13 875 0 0 1
0.141985 -0.0487073 360 -0.0585005 -0.0489558 11.78 23.0306 -13 876 0 0 1
0.0733171 -0.0796983 360 -0.0405825 -0.0442875 9.21236 37.2691 -13 877 0 0 1
-0.00711577 0.00884294 360 0.00113641 -0.00239882 14.2471 35.4941 -13 879 0 0 1
-0.0220735 0.0106602 360 -0.00907964 -0.0348043 12.9346 15.8138 -13 880 0 0 1
-0.00426716 0.0286268 360 0.0116583 0.00330483 14.535 21.8641 -13 881 0 0 1
0.0439029 0.0594992 360 -0.0523365 0.0574868 6.54794 41.1758 -13 882 0 0 1
-0.125644 0.101709 360 0.0358318 0.0536721 7.08537 42.377 -13 883 0 0 1
-0.22474 -0.183224 360 -0.125698 0.0719357 5.74686 39.6575 -13 884 0 0 1
-0.119786 0.0433809 360 0.0295367 0.0213404 12.5733 12.2921 -13 885 0 0 1
-0.0650507 0.0170995 360 0.00758529 0.0138445 8.47842 22.17 -13 886 0 0 1
-0.118408 -0.00434841 360 -0.00467311 0.0823976 8.52402 16.0659 -13 887 0 0 1
-0.0720737 -0.00644588 360 0.0212175 0.0476191 8.53577 34.7547 -13 888 0 0 1
0.0750534 0.0302201 360 0.0070446 -0.0210631 11.3271 36.4644 -13 889 0 0 1
-0.00388474 0.0763177 360 0.0360124 -0.0135516 10.8288 24.0448 -13 890 0 0 1
0.256454 -0.249661 360 0.0304868 -0.101718 7.50239 25.5638 -13 891 0 0 1
1.26063 1.75472 360 0.000215072 0.0201332 0.0569053 24.5023 11 891 1002 0 1
0.0351204 -7.168e-05 360 0.0114815 -0.0181941 14.0671 18.372 -13 892 0 0 1
-0.0445254 0.0374158 360 0.0177812 0.00230477 9.38553 17.7224 -13 893 0 0 1
-0.0420603 0.107927 360 -0.00330688 0.0314269 12.6151 29.0405 -13 894 0 0 1
-0.0277755 -0.0141219 360 0.0158905 0.016516 11.6175 28.3261 -13 895 0 0 1
-0.00264158 -0.0677774 360 -0.00894958 -0.0098681 6.81289 40.8311 -13 896 0 0 1
0.0818881 0.0646978 360 -0.00961921 -0.0337379 10.3626 20.0588 -13 897 0 0 1
-0.59898 -0.237974 360 -0.0827719 0.159455 8.39089 32.2326 -13 898 0 0 1
0.148526 -0.774956 360 -0.099029 -0.197204 6.74472 29.0641 -13 899 0 0 1
0.00220302 0.0273671 360 0.0290483 0.0229227 11.451 13.4401 -13 900 0 0 1
0.249449 0.00811386 360 0.0262111 -0.0650891 5.42188 52.1338 -13 901 0 0 1
-0.45045 0.202423 360 -0.0313751 0.132307 8.58559 17.7115 -13 902 0 0 1
0.0640951 -0.0494969 360 -0.0351165 -0.0643969 6.67304 27.3229 -13 903 0 0 1
-0.0178028 0.0367899 360 -0.0084921 -0.00523471 12.5592 18.2508 -13 904 0 0 1
-0.0920238 0.23753 360 0.0809405 -0.0655434 5.19094 42.8729 -13 905 0 0 1
-0.0373065 -0.0558222 360 -0.063035 -0.00771315 10.4595 32.5559 -13 906 0 0 1
-0.259643 0.0278518 360 0.0194797 0.0955584 11.638 37.8766 -13 907 0 0 1
-0.00419871 -0.00323656 360 0.000277396 0.00221518 12.9541 13.781 -13 908 0 0 1
-0.0142513 0.0114703 360 0.0113909 0.0165393 7.28297 32.9748 -13 909 0 0 1
0.0378943 -0.194031 360 -0.0650374 -0.00270898 9.29737 15.9358 -13 910 0 0 1
0.417308 0.417914 360 0.0256588 -0.0206472 2.2059 72.1925 -13 911 0 0 1
-0.0310767 0.0765223 360 0.00434803 0.0345595 11.8446 13.2791 -13 912 0 0 1
-0.0340992 0.00204993 360 0.0154546 0.0149395 10.3031 14.9057 -13 914 0 0 1
0.0942367 0.186512 360 0.0150622 -0.0719029 9.12215 20.8378 -13 915 0 0 1
-0.0512956 -0.101537 360 -0.0118862 0.0462546 13.8076 28.5541 -13 916 0 0 1
0.124797 -0.0500269 360 0.0288341 -0.0398041 12.4978 30.2759 -13 917 0 0 1
-0.0112896 -0.0182518 360 -0.00711214 -0.00455752 12.854 34.5488 -13 918 0 0 1
0.232853 -0.237498 360 0.00681341 -0.0228395 3.86122 38.0521 -13 919 0 0 1
0.221039 0.133276 360 0.0809496 -0.014654 8.65019 18.4595 -13 920 0 0 1
-0.0252843 -0.0447632 360 -0.0410591 0.000356874 14.0838 15.8189 -13 921 0 0 1
-0.0207776 0.018074 360 -0.00782985 0.0132159 12.8664 31.4723 -13 922 0 0 1
0.0214228 -0.000848369 360 0.0661773 0.119471 4.07224 59.448 -13 923 0 0 1
-0.00624138 0.0384063 360 -0.0341809 -0.00365434 13.5904 23.756 -13 924 0 0 1
0.160255 0.0605035 360 -0.0517224 -0.00710299 0.0302411 23.8734 11 924 1002 0 1
4.5103 -1.06821 360 -0.0357622 -0.0250334 -0.036919 30.1805 11 924 1002 0 1
-0.0268911 -0.00907862 360 -0.0382778 -0.0136148 13.9413 38.0834 -13 925 0 0 1
0.033504 0.0123107 360 0.0434654 0.0225385 12.8134 11.2996 -13 926 0 0 1
0.167012 0.00133588 360 -0.0152182 -0.0104737 4.86903 41.3072 -13 927 0 0 1
0.0205298 0.03017 360 0.00973385 -0.00955307 11.7867 34.9795 -13 928 0 0 1
0.00682955 -0.0275127 360 -0.011623 0.0101948 13.5617 16.5347 -13 929 0 0 1
-0.00181152 0.0504154 360 0.0163894 0.0115251 12.7398 28.7487 -13 930 0 0 1
-0.0195973 -0.0583642 360 -0.0155066 0.0207818 13.3196 31.3562 -13 931 0 0 1
0.187547 0.0806756 360 0.0166097 -0.0442469 11.4559 40.678 -13 932 0 0 1
-0.0741279 0.070342 360 -0.0510943 0.0835703 13.6106 23.2477 -13 933 0 0 1
-0.0610465 0.112454 360 0.0315251 0.0316748 8.63908 27.6234 -13 934 0 0 1
-0.21335 -0.210704 360 -0.0675551 0.0598786 10.3418 34.0959 -13 935 0 0 1
0.287002 0.0152294 360 -0.00891169 -0.00604963 0.0850347 33.9595 11 935 1001 0 1
1.39394 4.21936 360 0.0265046 0.0137511 0.02495 38.4317 11 935 1002 0 1
-0.0346011 0.0251083 360 0.0043188 -0.00131042 12.4319 24.2943 -13 936 0 0 1
-0.000384501 0.0186289 360 -0.00414227 0.0129682 12.5395 37.9923 -13 937 0 0 1
-0.0608679 0.197067 360 -0.0756581 0.0414219 4.63351 31.4851 -13 938 0 0 1
-0.137121 -0.153187 360 -0.0275304 0.063905 13.8492 19.702 -13 939 0 0 1
-0.0393298 -0.104873 360 -0.0293253 -0.00956928 5.96918 25.8507 -13 940 0 0 1
-0.272548 -0.0830887 360 -0.0570215 0.0652519 12.256 26.7984 -13 941 0 0 1
0.0931589 2.03528 360 -0.0428864 -0.0280817 0.0315342 29.5073 11 941 1001 0 1
0.531555 0.31969 360 -0.059317 -0.0797843 2.5996 68.0177 -13 942 0 0 1
-0.0639914 -0.0542503 360 -0.0153814 0.0330069 10.5334 37.5515 -13 943 0 0 1
0.247874 0.313852 360 0.0313409 0.0642214 5.80435 45.6418 -13 944 0 0 1
0.197043 0.0812807 360 -0.117269 0.166254 4.05223 57.8446 -13 945 0 0 1
0.0935614 -0.0149876 360 0.0346564 -0.0423622 14.3081 22.2738 -13 946 0 0 1
-0.0663786 -0.0318531 360 0.054339 -0.04967 10.4723 17.8297 -13 947 0 0 1
0.0316682 0.146242 360 0.0591299 -0.0256927 7.76289 22.0022 -13 948 0 0 1
-0.0834831 -0.0535735 360 -0.0170145 0.0153394 12.49 31.7073 -13 949 0 0 1
-0.26491 -0.654052 360 -0.330221 0.175583 3.37804 38.9149 -13 950 0 0 1
0.135198 -0.0297902 360 -0.0428659 0.00345357 5.29701 31.2834 -13 951 0 0 1
0.0608165 -0.163687 360 -0.0132506 0.0303928 4.24442 55.5403 -13 952 0 0 1
0.138569 0.0997366 360 0.0483128 -0.0551109 9.84581 20.2968 -13 953 0 0 1
-1.42058 1.10739 360 0.019385 0.0359335 0.0376026 20.7958 11 953 1002 0 1
-0.0580108 -0.000411937 360 -0.0525716 -0.00450917 6.73935 39.1715 -13 954 0 0 1
0.0163421 0.0374305 360 -0.0249755 -0.0109598 7.42142 34.7532 -13 955 0 0 1
0.0621022 -0.237402 360 -0.122054 0.085657 6.96791 26.0963 -13 956 0 0 1
0.0937744 -0.0108482 360 -0.0233772 0.0315505 14.0634 28.4164 -13 957 0 0 1
0.0586525 0.0223909 360 0.00614836 -0.0278416 11.8943 25.4799 -13 958 0 0 1
-0.243949 -0.150093 360 -0.061274 -0.020912 10.4244 33.2954 -13 959 0 0 1
-0.000400431 -0.0629995 360 -0.0461764 0.0156333 14.441 18.7843 -13 960 0 0 1
-0.483792 0.226869 360 0.0588442 0.185044 1.91098 64.6785 -13 961 0 0 1
-0.216984 0.119895 360 -0.0493255 0.100127 11.8157 30.2977 -13 962 0 0 1
-0.0227867 -0.0106024 360 0.00688911 -0.00656688 11.8793 34.1129 -13 963 0 0 1
0.0582748 0.01642 360 -0.00212778 -0.0456399 10.4905 39.3024 -13 964 0 0 1
0.0346495 -0.024693 360 0.0186884 0.0397385 11.34 27.3684 -13 965 0 0 1
0.123713 0.020692 360 -0.0124731 -0.0594141 9.40962 22.0869 -13 966 0 0 1
0.198648 0.291468 360 -0.00104482 -0.195146 2.84679 49.8162 -13 968 0 0 1
0.112952 -0.158246 360 -0.0661937 -0.0129338 8.90316 27.534 -13 969 0 0 1
2.05111 3.9237 360 -0.0193034 0.0149859 0.0528778 27.132 11 969 1002 0 1
0.022578 0.0517973 360 0.0396369 0.00240424 13.2551 24.0757 -13 971 0 0 1
-0.00237533 0.0245075 360 0.00933231 -0.000708692 14.4655 24.5185 -13 972 0 0 1
0.00909268 -0.00282965 360 -0.000600325 -0.0108283 13.7688 38.3197 -13 973 0 0 1
-0.0754048 -0.126575 360 0.00263896 0.0593031 14.4843 29.0831 -13 974 0 0 1
-1.23819 -0.371053 360 -0.0217837 -0.057592 0.0792266 28.8529 11 974 1001 0 1
0.105104 0.0423269 360 -0.0369127 -0.089443 10.2919 32.8539 -13 975 0 0 1
0.0980204 0.0577314 360 0.0204451 0.00184417 6.71701 25.7266 -13 976 0 0 1
-0.0843214 0.18253 360 0.0276318 0.00838881 9.06911 31.8466 -13 978 0 0 1
-0.000980619 0.0183675 360 -0.00688388 -0.0162694 13.7216 28.4895 -13 979 0 0 1
-0.0448808 0.073513 360 -0.00525103 0.029944 12.0901 14.8712 -13 980 0 0 1
-0.0828641 -0.065602 360 -0.0131896 0.0230176 9.68633 14.4629 -13 981 0 0 1
-0.0250289 0.0160293 360 0.00654688 0.0145307 13.6285 22.6662 -13 982 0 0 1
-0.221433 -0.227575 360 -0.117844 -0.0233169 5.72138 46.3287 -13 983 0 0 1
-0.00787884 0.0291181 360 0.00849467 -0.000243197 10.103 15.7412 -13 984 0 0 1
-0.160539 0.147292 360 0.0703541 0.0473527 11.2628 27.175 -13 985 0 0 1
-0.185154 -0.0325622 360 -0.0169141 0.0305689 8.3465 34.4448 -13 986 0 0 1
0.474691 -1.56087 360 0.037725 0.00371755 0.0509958 33.586 11 986 1001 0 1
0.110068 -0.0452538 360 -0.0336919 -0.0276018 14.2411 34.0762 -13 987 0 0 1
0.0327902 0.00776892 360 -0.0432451 -0.000249822 6.71031 41.3101 -13 988 0 0 1
-0.553563 0.199733 360 -0.172704 0.0282976 2.62281 61.2913 -13 989 0 0 1
-0.0222243 -0.0410261 360 0.00426764 -0.0375573 14.4729 17.5196 -13 990 0 0 1
-0.0258808 -0.0314673 360 -0.00366157 0.023329 10.881 32.3017 -13 991 0 0 1
0.0562536 0.0707998 360 0.006361 -0.0385956 13.0986 35.6993 -13 992 0 0 1
-0.104539 0.00753743 360 0.00882624 0.0561519 11.2809 40.8141 -13 993 0 0 1
0.00545239 -0.000446861 360 0.00714974 -0.00654737 12.8226 35.1171 -13 994 0 0 1
0.0804218 0.027147 360 0.0201265 -0.0395251 13.903 21.6085 -13 995 0 0 1
-0.0709898 -0.0475518 360 -0.0147025 0.0334415 13.0476 35.5375 -13 996 0 0 1
-0.187822 -0.00714832 360 0.025884 0.0912982 14.5195 18.0682 -13 997 0 0 1
0.00809269 0.247556 360 0.0731628 -0.0111615 10.2187 38.0776 -13 998 0 0 1
1.16506 -2.52528 360 -0.0422582 -0.0158758 0.0460017 38.1618 11 998 1001 0 1
0.104734 0.131077 360 0.0156453 0.0589519 7.37808 22.6838 -13 999 0 0 1
0.0437911 0.0341731 360 -0.00412973 -0.0402964 8.45162 37.311 -13 1000 0 0 1
