#BLTrackFile NTuple/Z440
#x y z Px Py Pz t PDGid EventID TrackID ParentID Weight
#mm mm mm MeV/c MeV/c MeV/c ns - - - - -
-0.0796725 0.0443788 440 0.00032928 0.0174306 11.5141 32.6967 -13 1 0 0 1
-0.117154 -0.0649719 440 -0.00884821 0.0365441 12.5772 35.0118 -13 2 0 0 1
-0.299519 0.0823355 440 -0.0882141 0.117331 9.86086 18.3897 -13 3 0 0 1
-3.40906 1.46086 440 -0.0137038 -0.036446 0.0770092 12.6135 11 3 1001 0 1
-0.00694615 0.0383485 440 0.00192693 -0.00578517 11.1495 18.2787 -13 4 0 0 1
-0.0636413 0.0762832 440 -0.037141 0.0170707 6.87484 29.9203 -13 5 0 0 1
0.00385728 0.05958 440 -0.0630242 -0.0454931 7.65564 42.4996 -13 6 0 0 1
-0.0415508 -0.0682129 440 -0.0287531 0.0183015 12.0353 26.5351 -13 7 0 0 1
-0.105039 -0.220494 440 -0.0565125 -0.0180665 5.13712 44.8426 -13 8 0 0 1
0.0212741 0.0508519 440 0.0491497 0.0176977 13.6351 34.9887 -13 9 0 0 1
-0.0636445 0.00520934 440 -0.0138502 0.00830317 13.2406 16.8475 -13 10 0 0 1
-0.0838413 0.0484755 440 0.0259387 0.021242 10.6148 17.5211 -13 11 0 0 1
-0.424399 -0.0865049 440 -0.0910512 0.112156 11.8197 17.3456 -13 12 0 0 1
0.16688 -0.225194 440 0.00449146 -0.0434471 3.71659 46.085 -13 13 0 0 1
-0.0153774 -0.0584638 440 0.0131123 0.0206269 10.3233 18.2094 -13 14 0 0 1
-1.01843 2.82252 440 -0.0226084 0.00736036 0.0937728 12.6439 11 14 1002 0 1
0.114198 0.000423387 440 -0.0778656 -0.0500675 5.27486 48.8457 -13 15 0 0 1
-0.260623 0.135304 440 0.0637594 0.131318 8.41636 21.4376 -13 16 0 0 1
0.0349998 -0.0389859 440 0.0032062 -0.00698273 14.5135 17.9926 -13 17 0 0 1
-0.0389614 -0.0246259 440 0.0224665 0.00236446 13.0915 41.0376 -13 18 0 0 1
0.135896 0.193063 440 0.0604511 0.0158789 8.27386 36.649 -13 19 0 0 1
-0.692558 -2.24428 440 -0.217797 -0.127108 1.78461 81.6078 -13 20 0 0 1
-0.0266286 0.126946 440 0.0207302 0.0100606 14.4265 33.7786 -13 21 0 0 1
-0.114325 0.0241624 440 -0.00729429 -0.020455 10.4601 16.8141 -13 22 0 0 1
2.21637 -3.21606 440 0.054386 0.00267977 0.0464482 16.6834 11 22 1002 0 1
-0.278088 0.0474223 440 -0.0269733 0.0775011 11.7814 42.8913 -13 23 0 0 1
-0.0299196 0.0604911 440 -0.0296127 0.042266 8.30723 46.0744 -13 24 0 0 1
0.0515109 0.15335 440 0.0481405 0.0142883 14.3682 25.201 -13 25 0 0 1
0.172574 -0.0106343 440 -0.0971639 0.0177988 8.94598 33.2141 -13 26 0 0 1
-0.0825046 -0.0703373 440 -0.0248026 -0.0184463 8.4644 28.9383 -13 27 0 0 1
-0.0429823 0.032703 440 0.0282595 0.0217188 11.5709 41.4495 -13 28 0 0 1
-0.0728515 0.15359 440 0.0211674 0.0363911 7.02937 43.8509 -13 29 0 0 1
-0.140821 0.481135 440 0.1791 0.00998802 13.6176 14.012 -13 30 0 0 1
0.116036 0.0152075 440 0.00387104 -0.0436278 10.357 19.5487 -13 31 0 0 1
-0.0122479 -0.195262 440 -0.0342913 -0.0377329 8.49501 24.1288 -13 32 0 0 1
0.445009 0.194664 440 0.250364 -0.0304419 3.36759 68.5441 -13 33 0 0 1
0.0618289 -0.197965 440 -0.081648 0.0120458 13.6439 33.2315 -13 34 0 0 1
3.44483 2.79528 440 0.03973 -0.0047628 0.046298 38.0444 11 34 1001 0 1
0.0403073 0.391926 440 -0.0334279 0.00154651 5.1325 56.7299 -13 35 0 0 1
0.154118 0.147472 440 0.0576829 -0.021536 8.58636 42.6138 -13 36 0 0 1
0.0291403 0.0198773 440 0.00326379 -0.0479901 10.4032 43.3842 -13 37 0 0 1
0.0329273 0.043022 440 0.000229846 0.00231401 11.8526 36.9082 -13 38 0 0 1
-0.0141405 -0.0822066 440 -0.0289127 0.021131 9.51647 26.9419 -13 39 0 0 1
-0.0528813 0.0428326 440 0.0153615 0.0298581 10.9379 35.1721 -13 40 0 0 1
-0.319394 -0.0850424 440 -0.108454 0.0960694 8.89912 20.9607 -13 41 0 0 1
0.0808152 -0.0108738 440 -0.0178408 -0.0491701 9.92102 37.6836 -13 42 0 0 1
0.107754 0.0235397 440 0.0178574 -0.0346964 14.4184 22.9934 -13 43 0 0 1
-0.196572 -0.135616 440 0.0168582 0.0153622 11.2884 32.9807 -13 44 0 0 1
-0.0252221 0.0431145 440 0.0104513 0.0606605 10.8589 39.2984 -13 45 0 0 1
-0.200323 0.0943021 440 0.0236677 0.0206591 5.02335 35.1864 -13 46 0 0 1
-0.0800896 -0.0479935 440 -0.0334314 0.0353526 11.4206 22.1142 -13 47 0 0 1
0.359753 0.79447 440 0.179299 -0.0783228 6.67754 33.5972 -13 48 0 0 1
0.00104243 0.0340712 440 -0.0343818 0.0124903 13.2733 18.4931 -13 49 0 0 1
0.235826 -0.364929 440 -0.0413484 -0.0606657 4.32166 62.4728 -13 50 0 0 1
-0.180047 0.113421 440 0.0684913 0.0196655 8.39699 30.9303 -13 51 0 0 1
0.104031 0.547625 440 -0.149037 -0.00836076 2.14926 80.4573 -13 52 0 0 1
-0.0350042 -0.153233 440 -0.0763057 -0.0203471 8.21792 20.7615 -13 53 0 0 1
0.537645 -0.136299 440 -0.0416525 -0.112881 2.97389 52.7699 -13 54 0 0 1
0.0999529 -0.026804 440 -0.0173801 -0.0327221 10.399 34.8176 -13 55 0 0 1
0.0116417 0.00757176 440 0.0203827 0.0167909 14.1137 20.3332 -13 56 0 0 1
-0.0683396 -0.0392219 440 -0.0272361 0.00971841 9.79078 43.5897 -13 57 0 0 1
0.0541999 -0.106385 440 -0.0903094 0.00847554 8.25243 26.2319 -13 58 0 0 1
2.03013 0.758543 440 -0.016829 -0.00764858 0.0699212 24.9689 11 58 1001 0 1
0.27835 0.114152 440 0.0735796 -0.105442 7.01012 39.5294 -13 59 0 0 1
-3.20339 -1.08315 440 -0.0177178 0.00215113 0.0410764 39.3562 11 59 1001 0 1
-0.450292 1.48 440 0.00521202 -0.0127842 0.0454862 36.9875 11 59 1002 0 1
-0.0151419 -0.0419727 440 -0.0587231 -0.0114227 8.24498 40.7329 -13 60 0 0 1
-0.757499 -2.12835 440 0.00961463 -0.0244258 0.0596556 37.3627 11 60 1001 0 1
0.0480423 -0.0665183 440 -0.0400355 0.019322 13.952 26.9708 -13 61 0 0 1
-0.123059 0.0651637 440 0.01107 0.00755469 9.36339 29.7237 -13 62 0 0 1
0.00524836 -0.0197266 440 -0.0062622 0.00149482 14.0077 39.6428 -13 63 0 0 1
0.0360101 0.0545988 440 0.0427506 -0.07153 8.89377 30.502 -13 64 0 0 1
0.0927588 -0.0825135 440 -0.05212 -0.117797 5.10531 35.3274 -13 65 0 0 1
-0.0524543 0.0228323 440 -0.0453605 0.0326386 7.40896 34.5215 -13 66 0 0 1
0.0180179 0.0337977 440 0.021494 -0.00230176 11.5297 26.3279 -13 67 0 0 1
0.0236274 0.0268574 440 -0.0382586 -0.0390068 10.664 34.4587 -13 68 0 0 1
-0.0907932 -0.0326221 440 0.0448019 -0.0274777 5.43468 42.3532 -13 69 0 0 1
0.0193675 0.0747567 440 -0.0128525 -0.0397832 11.1604 19.4753 -13 70 0 0 1
-0.00451899 0.0275175 440 0.00487417 0.0369413 11.6823 17.5294 -13 71 0 0 1
-0.0375973 0.0137787 440 0.0363936 0.0405419 10.369 16.8612 -13 72 0 0 1
0.233419 -0.219515 440 0.0368278 -0.0543 6.13331 47.1977 -13 73 0 0 1
0.011826 0.0436695 440 0.00513654 -0.00609726 10.7426 29.5801 -13 74 0 0 1
0.107316 0.228479 440 0.0033255 0.00167776 7.80487 48.0637 -13 75 0 0 1
-0.0390345 -0.0198759 440 0.0365085 -0.0144338 12.49 38.3759 -13 76 0 0 1
-0.0866424 0.0715721 440 0.00998549 0.0161188 8.21722 45.2962 -13 77 0 0 1
0.0268727 -0.0443996 440 0.011504 -0.022779 13.552 25.411 -13 78 0 0 1
-0.0200294 0.0367657 440 0.00897593 -0.00581317 12.6853 37.6159 -13 79 0 0 1
0.0889017 -0.0166888 440 -0.0044983 -0.00751287 10.2942 43.3076 -13 80 0 0 1
0.0290005 0.0580797 440 0.0305974 0.00997978 8.68168 41.2401 -13 81 0 0 1
-0.0364719 -0.204427 440 -0.0603815 -0.000570368 13.205 35.2652 -13 82 0 0 1
-0.0433215 -0.00820777 440 0.00147455 0.0119104 9.86472 34.9817 -13 83 0 0 1
0.393723 -0.135827 440 -0.0071786 -0.0349378 6.35983 38.2647 -13 84 0 0 1
-0.00871553 0.0687668 440 0.0191427 0.0101266 13.6061 15.6519 -13 85 0 0 1
-0.0356585 0.0153814 440 0.0220974 0.0136552 7.97312 32.8465 -13 86 0 0 1
-0.394918 -0.629238 440 -0.164421 0.129667 2.15574 86.6849 -13 87 0 0 1
0.162879 -0.015027 440 0.0287909 -0.0801552 8.52202 26.9909 -13 88 0 0 1
0.222767 -0.0328661 440 0.0425738 -0.00986496 9.98364 26.8292 -13 89 0 0 1
-0.0106271 0.0248859 440 -0.0513638 0.0302569 6.69937 32.1975 -13 90 0 0 1
-0.147289 0.156715 440 0.0673861 0.0307551 7.16455 49.3854 -13 91 0 0 1
0.00467264 -0.00718324 440 -0.00497241 -0.037521 6.68349 51.2263 -13 92 0 0 1
0.31811 0.501705 440 0.203611 0.0503302 7.68689 46.3518 -13 93 0 0 1
0.0312158 -0.386365 440 -0.0751706 -0.00658486 5.78986 35.6945 -13 94 0 0 1
-1.84125 -1.05824 440 0.0224889 0.00035377 0.0351189 33.5415 11 94 1002 0 1
-0.0814714 -0.0863536 440 -0.0151989 0.000677922 10.7812 26.5936 -13 95 0 0 1
-0.66764 0.966102 440 -0.0144915 0.35406 1.899 67.9156 -13 96 0 0 1
0.00522817 -0.0407072 440 0.00457478 0.0135259 12.8598 27.5597 -13 97 0 0 1
-0.0104659 -0.102765 440 -0.45767 -0.263326 9.46541 24.7859 -13 98 0 0 1
1.95842 2.25357 440 0.0137909 0.00165825 0.0878035 20.6942 11 98 1001 0 1
-0.0182785 0.0896302 440 0.0291335 0.00986754 14.0174 16.7219 -13 99 0 0 1
-0.152999 -0.178113 440 -0.0588964 0.0770924 12.3173 13.982 -13 100 0 0 1
-0.236924 -0.0983696 440 -0.124227 0.0179517 4.72699 48.4616 -13 101 0 0 1
0.00818463 -0.0387634 440 -0.0339169 -0.0115973 9.9685 39.2823 -13 103 0 0 1
0.09446 -0.0690191 440 -0.00419418 -0.054752 9.60732 29.5409 -13 104 0 0 1
0.090643 0.0678716 440 -0.00196346 0.0208926 8.81754 24.7271 -13 105 0 0 1
-0.26686 1.20538 440 0.00828208 -0.031402 0.0171858 25.1389 11 105 1001 0 1
-0.016073 -0.055786 440 -0.00456024 -0.00542643 10.3157 43.5076 -13 106 0 0 1
-0.0174365 -0.0246207 440 -0.0148622 -0.00959359 13.7612 29.4489 -13 107 0 0 1
0.0218784 -0.158018 440 -0.0603522 0.0632836 7.31772 34.1795 -13 108 0 0 1
-0.0294235 0.0460266 440 -0.00407881 0.00327511 13.5727 12.5481 -13 109 0 0 1
-0.0190123 -0.109977 440 -0.129675 -0.0608588 5.52278 31.3442 -13 110 0 0 1
0.0246756 0.0223156 440 -0.0175807 -0.00370455 9.84638 19.9628 -13 111 0 0 1
-0.205711 -0.00604676 440 0.103828 0.116763 7.68438 24.5731 -13 112 0 0 1
0.00982996 0.00316429 440 -0.000214176 0.0179836 11.958 23.6551 -13 113 0 0 1
-0.0827957 0.192098 440 0.058029 0.0969019 8.07638 26.3445 -13 114 0 0 1
0.0716066 -0.028254 440 -0.379258 -0.148014 13.225 31.7677 -13 115 0 0 1
0.131808 -0.00962123 440 -0.00760607 -0.038984 10.3092 44.689 -13 116 0 0 1
-0.0248048 -0.0212779 440 0.0286253 -0.0349528 11.5692 18.9427 -13 117 0 0 1
0.136256 -0.0826768 440 0.0494733 -0.0435547 5.87221 31.8149 -13 118 0 0 1
-0.0108593 -0.028214 440 0.0158728 0.0406204 10.9738 34.2671 -13 119 0 0 1
0.000799084 -0.385128 440 -0.0450726 0.0891529 7.51855 35.0225 -13 120 0 0 1
0.00693259 0.179065 440 0.0585526 0.0209039 7.97012 47.7971 -13 121 0 0 1
0.0593591 -0.0942962 440 -0.0382827 0.024208 8.98375 24.0929 -13 122 0 0 1
-0.102072 1.53375 440 0.016438 0.0133897 0.0462552 25.0313 11 122 1001 0 1
1.8613 1.61429 440 -0.00777556 0.0164909 -0.043436 27.9494 11 122 1001 0 1
-0.294055 0.258648 440 0.124527 0.0511407 5.01437 53.3028 -13 123 0 0 1
-0.00975916 -0.0456702 440 -0.0339029 -0.0439348 12.9967 27.6558 -13 124 0 0 1
-0.0428523 0.0866431 440 0.058867 -0.0176067 11.4619 40.4812 -13 125 0 0 1
0.187028 -0.113164 440 0.205376 -0.156417 11.7246 38.7225 -13 126 0 0 1
-0.0945865 -0.13383 440 -0.00653594 0.0224543 9.63778 22.4263 -13 127 0 0 1
0.110131 0.0140956 440 -0.0447619 -0.0636042 13.5053 21.587 -13 128 0 0 1
-0.0689057 -0.0936628 440 -0.0347939 0.0435058 13.4938 24.6575 -13 129 0 0 1
-0.00748948 0.0657806 440 0.0244912 0.00995592 10.4597 37.532 -13 130 0 0 1
-0.00239309 -0.160534 440 -0.015866 -0.0348023 9.18479 25.5835 -13 131 0 0 1
-0.0572811 -0.0513474 440 0.208118 -0.0307679 13.2425 34.5818 -13 132 0 0 1
0.195261 -0.00288298 440 -0.0158465 -0.0787539 14.5187 30.0811 -13 133 0 0 1
0.136134 -0.000559487 440 0.0878148 0.0038937 7.27234 40.5243 -13 134 0 0 1
0.0255073 -0.0322469 440 -0.0185181 -0.0208795 13.3526 16.3825 -13 135 0 0 1
0.0185532 -0.106719 440 -0.0443172 -0.0021432 12.9812 24.2919 -13 136 0 0 1
-0.105852 0.0311179 440 -0.0105829 -0.0352751 7.2614 25.9818 -13 137 0 0 1
-0.0697352 -0.293756 440 -0.0427086 -0.00777491 4.57932 38.919 -13 138 0 0 1
-0.00754818 0.0202634 440 -0.00147156 -0.0498956 11.4963 33.6477 -13 139 0 0 1
-0.0314852 -0.115465 440 -0.0450872 0.00230571 14.1406 36.5085 -13 140 0 0 1
0.00288766 0.0663884 440 0.0112214 0.0171166 13.8227 12.8164 -13 141 0 0 1
-0.0981519 -0.00351702 440 -0.00445171 0.0252243 13.7547 23.4308 -13 142 0 0 1
0.0827004 -0.192997 440 -0.0228575 -0.0411823 11.0348 20.1307 -13 143 0 0 1
0.0317521 0.0753599 440 0.0194401 -0.0123591 14.3916 31.8713 -13 144 0 0 1
-0.11739 0.102692 440 0.0240883 0.0299116 9.86808 41.4805 -13 145 0 0 1
0.227013 0.122632 440 0.0514123 -0.0223035 9.23659 27.8944 -13 146 0 0 1
-0.125666 0.0366726 440 0.0310581 0.0444121 11.2398 29.5362 -13 147 0 0 1
-0.085526 0.00771505 440 -0.0326596 0.0290404 7.39259 34.6532 -13 148 0 0 1
0.0440791 -0.233864 440 -0.0456667 -0.0147214 7.02429 31.0692 -13 149 0 0 1
0.0507665 0.0209928 440 0.00297456 -0.0175339 13.8481 32.2392 -13 150 0 0 1
-0.265458 -0.0858236 440 -0.00264609 0.0515979 8.10075 23.0702 -13 151 0 0 1
-0.0235739 -0.0126927 440 -0.00813339 0.0170585 14.1348 35.6879 -13 152 0 0 1
0.135798 0.0265123 440 -0.0451967 -0.00305977 13.694 35.4842 -13 153 0 0 1
-0.140275 -0.0778393 440 0.027502 0.0144622 9.464 34.0646 -13 154 0 0 1
0.160352 -0.154812 440 -0.0266804 -0.0699649 9.95311 41.2686 -13 155 0 0 1
0.162254 -0.00017555 440 -0.0491643 -0.0740579 11.9833 30.1557 -13 156 0 0 1
0.0477327 0.0227286 440 -0.00546558 -0.0621048 13.2465 21.416 -13 157 0 0 1
0.296879 -0.240929 440 -0.0989784 -0.075713 8.44273 29.0888 -13 158 0 0 1
-0.0230237 -0.00458172 440 0.00604095 0.015529 14.3372 34.2234 -13 159 0 0 1
-0.176437 0.203604 440 0.0521144 0.0176648 7.50355 29.7876 -13 160 0 0 1
0.0321032 0.170243 440 0.0707882 -0.0025177 14.1103 18.4346 -13 161 0 0 1
-0.11538 -0.151759 440 -0.0840707 0.0383265 9.73874 31.6557 -13 162 0 0 1
0.158468 -0.245525 440 -0.0509551 -0.0124597 9.76286 19.3886 -13 163 0 0 1
-0.0298774 -0.0157753 440 -0.00152482 0.00892924 14.2234 31.5382 -13 164 0 0 1
-0.0655903 0.0681298 440 0.0175385 0.0218358 12.3404 37.712 -13 165 0 0 1
0.192644 0.0908849 440 0.0890173 -0.0752126 11.0239 43.2156 -13 166 0 0 1
-0.360641 0.174547 440 0.0113687 0.0949065 9.84636 21.1252 -13 167 0 0 1
-0.297838 0.108065 440 0.0247502 0.00926147 0.0184176 21.8294 11 167 1001 0 1
0.0125789 0.0125912 440 -0.00349379 0.00383102 11.4287 15.0213 -13 168 0 0 1
0.127702 -0.0603564 440 -0.0224321 -0.0496123 13.0672 38.7479 -13 169 0 0 1
-0.0187345 0.0343394 440 -0.000794365 -0.051706 8.93891 36.7718 -13 170 0 0 1
-0.00967773 0.0472939 440 -0.00882045 0.0145443 14.5134 33.1958 -13 171 0 0 1
0.027268 -0.0302737 440 0.00234488 -0.00638187 11.8618 28.2209 -13 172 0 0 1
-0.0781951 0.0698763 440 0.021277 0.018064 13.0461 13.5471 -13 173 0 0 1
-0.0164669 -0.0830984 440 0.0161393 0.0237936 9.76628 40.0233 -13 174 0 0 1
6.96871 10.5503 440 0.00160154 0.00289878 0.032657 43.0858 11 174 1002 0 1
-0.0463757 0.00228128 440 0.0139663 0.0194756 10.6745 17.5965 -13 175 0 0 1
0.36989 0.0835065 440 0.155782 -0.0785782 10.7888 29.1918 -13 176 0 0 1
0.107476 -0.522744 440 0.0547369 -0.020725 3.36676 49.8158 -13 177 0 0 1
-0.0390246 0.123627 440 0.0681009 -0.0401289 5.60503 39.3715 -13 178 0 0 1
0.149459 0.94652 440 0.337887 0.0341246 5.58848 44.3977 -13 179 0 0 1
-0.0891495 0.302164 440 0.0177325 -0.211826 7.14389 45.6233 -13 180 0 0 1
-0.0110193 -0.0787067 440 0.0453718 -0.0488489 8.78877 44.6194 -13 181 0 0 1
0.0893171 0.0349735 440 -0.0205393 -0.00211781 9.26679 34.7215 -13 182 0 0 1
0.0942236 -0.107289 440 -0.0791306 -0.0283983 14.0289 16.953 -13 183 0 0 1
0.29876 -0.0201855 440 0.0702158 -0.128415 12.2842 17.8561 -13 184 0 0 1
-0.131443 -0.0537027 440 0.0223443 0.0407656 11.5059 29.8344 -13 185 0 0 1
-0.0698451 -0.0590645 440 -0.0318216 0.0194464 11.88 42.7003 -13 186 0 0 1
0.0503368 -0.0906216 440 -0.0250929 -0.0424617 4.7801 36.2232 -13 187 0 0 1
-0.142672 0.0153511 440 -0.0169732 0.0757033 8.61012 35.1395 -13 188 0 0 1
-0.0656538 -0.253047 440 -0.0825208 -0.00963245 5.8816 27.983 -13 189 0 0 1
0.0242286 -0.0596388 440 -0.0497617 -0.0194674 8.42386 24.5751 -13 190 0 0 1
-0.731571 -0.157591 440 -0.274161 0.125769 12.2406 19.1831 -13 191 0 0 1
0.139699 0.173689 440 0.0467472 -0.0561709 12.0801 19.0698 -13 192 0 0 1
-0.0275684 0.159493 440 0.00696201 0.00527579 10.3543 22.5175 -13 194 0 0 1
-0.0163926 0.0492782 440 -0.0109463 0.0371094 10.872 36.6921 -13 195 0 0 1
0.013141 -0.0254555 440 -0.00757207 -0.00229753 11.6956 43.1242 -13 196 0 0 1
-0.125186 0.097712 440 0.0315825 0.0218926 12.3051 17.6126 -13 198 0 0 1
0.0158053 0.0105999 440 -0.000833138 -0.00219857 12.9308 26.8138 -13 199 0 0 1
-0.0193943 -0.643859 440 -0.1494 -0.267314 1.50614 87.651 -13 200 0 0 1
0.0125053 -0.108716 440 -0.0233897 -0.0347864 11.6026 35.5922 -13 201 0 0 1
0.0946649 0.131613 440 0.0613205 0.00851176 12.0152 34.2967 -13 202 0 0 1
-0.0388731 0.0255567 440 0.0132687 0.00775365 14.4613 31.9472 -13 203 0 0 1
-0.0583582 0.316156 440 0.0565321 0.0542831 5.48694 37.4374 -13 204 0 0 1
4.04803 -6.36494 440 0.00681452 -0.0032987 0.0335076 34.8837 11 204 1003 0 1
-0.0100943 0.0433565 440 0.0124501 -0.0100937 7.17047 33.1846 -13 205 0 0 1
-0.181872 0.171213 440 0.0798399 0.0496899 9.2454 45.2237 -13 207 0 0 1
0.58685 0.192114 440 -0.0572116 -0.0265891 1.02544 98.7317 -13 208 0 0 1
-0.107305 0.0115589 440 0.00221683 0.0477358 13.714 24.7027 -13 209 0 0 1
0.48478 -0.00367532 440 0.842211 -0.209869 2.99034 68.343 -13 210 0 0 1
0.0838419 0.175863 440 -0.00886812 -0.0885326 6.59155 39.0613 -13 211 0 0 1
0.180326 0.0193736 440 0.220711 -0.113323 13.948 12.9612 -13 212 0 0 1
0.179523 -0.271159 440 -0.0774005 -0.0313689 8.96457 46.6875 -13 213 0 0 1
-0.0292655 -0.0423678 440 -0.0311386 0.0478552 9.79828 34.5036 -13 214 0 0 1
0.167541 -0.0455695 440 -0.0380773 -0.0592355 4.08019 50.979 -13 215 0 0 1
-0.0591585 -0.11772 440 -0.0633545 0.0315585 9.89892 28.3551 -13 216 0 0 1
0.0733255 -0.0116964 440 -0.00240832 -0.0326078 9.45767 29.8968 -13 217 0 0 1
0.0337879 -0.0578014 440 0.00814418 0.00997484 5.17544 44.9504 -13 218 0 0 1
-0.0983239 0.0106667 440 0.0112573 0.0369777 9.76745 26.6605 -13 219 0 0 1
0.0386387 -0.000110732 440 -0.0171692 -0.0217842 13.3256 23.8811 -13 220 0 0 1
0.149999 -0.4129 440 -0.0321818 -0.0506957 3.5827 50.8346 -13 221 0 0 1
-0.00698621 -0.0479967 440 -0.0165241 -0.0234409 8.93162 24.8246 -13 222 0 0 1
0.0385931 -0.0932932 440 0.00595579 -0.0190084 8.65565 21.7771 -13 223 0 0 1
-0.0988427 -0.0620699 440 -0.0463293 0.114672 6.09598 54.5241 -13 224 0 0 1
0.0218797 0.00796067 440 -0.000795277 -0.0121071 12.3427 33.8957 -13 225 0 0 1
0.0225924 0.0958439 440 0.0419575 0.00450486 10.1005 34.8249 -13 226 0 0 1
-0.12417 -0.0141437 440 -0.047536 0.073997 12.622 32.4596 -13 227 0 0 1
0.00510656 -0.0846349 440 -0.0312933 0.00164994 13.5038 25.2343 -13 228 0 0 1
0.0408613 0.0354572 440 -0.000867478 -0.019721 13.4473 22.7816 -13 229 0 0 1
-0.144718 0.0443013 440 -0.0225955 0.0322246 11.9693 14.8669 -13 230 0 0 1
-0.0425252 -0.0292363 440 -0.0613498 0.0764122 9.00969 43.8414 -13 231 0 0 1
-0.224672 0.130028 440 0.0346127 0.061944 6.28861 43.9609 -13 232 0 0 1
-0.379723 0.0331086 440 0.0434043 0.0865782 10.968 42.5098 -13 233 0 0 1
-0.000298153 0.0182584 440 0.0201416 -0.0241591 12.4877 15.8603 -13 234 0 0 1
0.0842307 0.152628 440 -0.046565 0.038089 6.33792 48.2948 -13 235 0 0 1
-0.0572981 0.0918144 440 -0.0569113 0.0737643 4.51632 54.1675 -13 236 0 0 1
-0.0880755 0.0398994 440 0.0297069 0.0266882 8.3665 34.0101 -13 237 0 0 1
-0.0210849 -0.146028 440 -0.0384127 0.0598866 9.49992 21.8111 -13 238 0 0 1
-0.397074 0.316863 440 0.00194882 -0.00390798 -0.0391345 30.0664 11 238 1003 0 1
-0.00694074 0.0155291 440 0.024781 -0.00262811 12.7796 24.2838 -13 239 0 0 1
0.028498 -0.0506322 440 -0.0226986 -0.00964695 12.7561 17.9753 -13 240 0 0 1
-0.0390071 -0.0449153 440 -0.0337457 -0.0409661 12.8064 14.7529 -13 241 0 0 1
0.0401377 -0.0659617 440 -0.0206385 -0.043366 10.9284 30.9689 -13 242 0 0 1
0.0123724 -0.0189309 440 -0.0210512 -0.0432821 13.8005 39.5287 -13 243 0 0 1
-0.0833458 0.165142 440 0.0347155 0.0901285 8.65979 41.8158 -13 244 0 0 1
0.0894222 0.102698 440 0.0454841 -0.00596847 12.9277 24.8173 -13 245 0 0 1
0.116106 0.0668427 440 0.0433573 -0.0135231 8.09231 28.5223 -13 246 0 0 1
0.108142 0.0490516 440 0.0018469 -0.0542897 11.6408 24.2315 -13 247 0 0 1
-0.0812193 -0.0537352 440 -0.0225154 0.0113106 11.8315 41.0046 -13 248 0 0 1
0.0256974 0.0142076 440 -0.000601061 -0.00416424 12.3504 23.7694 -13 249 0 0 1
0.0153844 -0.0633548 440 -0.0366131 0.00319477 10.3541 34.8533 -13 250 0 0 1
0.0230192 -0.118874 440 0.0447821 -0.0300031 8.34344 45.2151 -13 251 0 0 1
0.103403 -0.0107561 440 -0.000934561 -0.0145831 12.9742 19.9755 -13 252 0 0 1
0.238876 0.0380906 440 0.146558 0.00550787 11.9162 34.6619 -13 253 0 0 1
0.176303 -0.105517 440 0.0176996 0.0660853 8.31765 23.626 -13 254 0 0 1
-0.00838025 0.000405485 440 0.00207288 0.0219967 12.0706 20.934 -13 255 0 0 1
0.0547794 0.00205491 440 0.0128057 -0.0579143 12.2421 13.8582 -13 256 0 0 1
0.0743088 0.0203106 440 0.0180264 0.00897548 11.2871 25.3413 -13 257 0 0 1
-0.0543728 0.178681 440 0.0638355 0.0074746 11.7303 30.3987 -13 258 0 0 1
-0.0220417 0.0509202 440 0.00590332 0.0217645 14.4609 16.5727 -13 259 0 0 1
-0.0621459 0.049692 440 0.00331097 0.00469863 14.2194 35.0784 -13 260 0 0 1
0.0921103 -0.131034 440 -0.0636422 0.00530838 13.8443 26.6842 -13 261 0 0 1
0.0624378 -0.0621802 440 -0.0284414 -0.0694297 12.9586 31.6645 -13 262 0 0 1
-0.0688216 -0.0318165 440 0.0123512 0.0411745 10.5347 22.7426 -13 263 0 0 1
0.550676 0.484169 440 0.04638 -0.111115 3.48287 65.5281 -13 264 0 0 1
-0.0272588 -0.0371639 440 -0.00940155 -0.0159179 12.8094 36.2451 -13 265 0 0 1
0.0318237 0.172349 440 0.0441825 0.0497157 11.3269 38.6448 -13 266 0 0 1
0.0649844 0.0699893 440 0.0204011 -0.0259499 14.0585 33.9591 -13 267 0 0 1
0.00348755 -0.0454895 440 0.0311724 -0.00400115 12.2572 18.6859 -13 268 0 0 1
-0.0292445 0.300561 440 0.030523 0.0530345 11.9105 25.3267 -13 269 0 0 1
0.285893 -0.613425 440 -0.152457 -0.0261703 3.34728 73.2464 -13 270 0 0 1
-0.0362276 -0.238563 440 -0.0591864 -0.0615455 7.27019 49.0525 -13 271 0 0 1
-0.768027 3.58619 440 -0.00326434 -0.00389727 0.0353887 48.0404 11 271 1001 0 1
0.00684785 0.0220871 440 0.0284885 -0.00634346 14.4668 21.0907 -13 272 0 0 1
-0.000682993 -0.0252672 440 0.0181033 0.0409205 8.04932 29.9153 -13 273 0 0 1
-1.90644 0.8475 440 -0.0258027 -0.0204183 0.0560309 29.0614 11 273 1001 0 1
0.0718253 -0.0729115 440 -0.0216564 -0.0221919 12.6112 39.7536 -13 274 0 0 1
-0.104568 0.127769 440 0.0199489 0.00494934 8.79526 37.7138 -13 275 0 0 1
0.0340386 -0.081376 440 0.00351935 0.0181866 11.5314 19.6284 -13 276 0 0 1
-0.226912 0.00897053 440 0.0186276 0.0851756 9.62869 41.6139 -13 277 0 0 1
-0.0138358 -0.00561245 440 0.0215723 0.00120628 13.7573 24.4573 -13 278 0 0 1
0.02252 -0.0499803 440 -0.042065 0.011009 13.3482 32.683 -13 279 0 0 1
0.0691403 0.0804838 440 -0.0724121 -0.05808 6.31337 31.3004 -13 280 0 0 1
0.0486991 -0.142763 440 -0.0278254 -0.00647211 8.16764 39.4291 -13 281 0 0 1
0.0133807 -0.0265386 440 -0.00526948 -0.00072203 9.51772 40.0332 -13 282 0 0 1
0.0776459 0.00460481 440 0.0231332 -0.0405101 10.7112 22.1717 -13 283 0 0 1
0.0121108 -0.0193961 440 0.0276613 0.0255153 7.20805 35.4589 -13 284 0 0 1
0.0125225 -0.632675 440 -0.0710148 -0.1371 3.05693 74.7157 -13 285 0 0 1
0.00297539 0.245671 440 0.116565 0.069031 6.77836 49.2213 -13 286 0 0 1
-0.0569561 0.158303 440 0.0190166 0.0233396 10.8771 42.8809 -13 287 0 0 1
0.0134891 0.00568486 440 0.00801963 -0.0322848 11.9623 38.8932 -13 288 0 0 1
-0.0626444 -0.02871 440 0.0272195 -0.0151468 0.0120003 38.9678 11 288 1001 0 1
0.099302 -0.0423069 440 -0.00525679 -0.00189279 9.45725 34.4016 -13 289 0 0 1
-0.0351121 -0.0489669 440 0.0350535 0.0597434 9.0559 26.1838 -13 290 0 0 1
0.175258 -0.267162 440 -0.0157906 -0.000953501 6.90599 41.5135 -13 291 0 0 1
0.115889 0.0463128 440 0.00105211 -0.00689166 13.2732 15.4045 -13 292 0 0 1
-0.00482551 -0.151826 440 -0.0573963 -0.0240039 7.40164 50.424 -13 293 0 0 1
-0.02236 -0.0446774 440 -0.0272969 -0.000608072 13.8241 41.2146 -13 294 0 0 1
-0.261955 0.266195 440 0.107864 0.0422027 7.26895 44.8054 -13 295 0 0 1
0.509343 -0.169422 440 -0.00347735 -0.120776 6.03473 41.1786 -13 296 0 0 1
-0.329676 -0.0793058 440 -0.0269221 0.0943651 11.9809 18.1859 -13 297 0 0 1
0.526312 0.458944 440 0.199217 0.166711 0.97938 107.142 -13 298 0 0 1
-0.037586 -0.0229389 440 0.0121543 0.0148949 12.1826 25.9443 -13 299 0 0 1
-0.0966262 -0.266199 440 -0.119081 0.198074 3.19573 71.8893 -13 300 0 0 1
0.116343 -0.187518 440 0.0229001 -0.0296631 8.23224 45.7685 -13 301 0 0 1
-0.226659 -0.0972684 440 -0.0843606 0.0883378 7.53649 36.9279 -13 302 0 0 1
-0.0415769 0.136037 440 0.0742742 0.0534041 11.6616 26.7936 -13 303 0 0 1
-0.0303258 -0.158351 440 -0.0561048 0.0646242 7.73265 37.7272 -13 304 0 0 1
-0.0329182 -0.0263676 440 -0.0117629 0.0106106 11.0936 24.6236 -13 305 0 0 1
-0.013634 -0.0586998 440 -0.0284038 -0.00424301 9.72064 31.8725 -13 306 0 0 1
0.137716 -0.113869 440 0.0502949 0.215115 4.4524 46.0643 -13 307 0 0 1
0.0882649 0.0242515 440 -0.00673012 -0.000277709 12.3851 19.5502 -13 308 0 0 1
-0.188133 0.341973 440 0.138541 -0.0118124 9.54686 36.8372 -13 309 0 0 1
0.115069 0.184212 440 0.0703589 0.0160088 5.68548 36.9371 -13 310 0 0 1
-0.158938 -0.0498741 440 -0.01744 0.0522738 13.9922 28.738 -13 311 0 0 1
-0.648073 0.53686 440 -0.017235 0.0376413 0.0152513 29.6699 11 311 1001 0 1
-0.0179589 -0.000551365 440 0.00386046 0.00176024 12.1601 20.2628 -13 312 0 0 1
-0.0495357 0.00823758 440 -0.0341351 0.0355598 13.0472 14.2521 -13 313 0 0 1
0.0603383 -0.0529809 440 -0.0248488 0.00874765 13.8176 13.3627 -13 314 0 0 1
-0.150429 -0.0344573 440 -0.00617323 0.0548459 11.6267 17.6903 -13 315 0 0 1
-0.0502926 -0.000695389 440 -0.0211504 0.000740915 9.08762 24.0752 -13 316 0 0 1
-0.359723 0.261672 440 -0.090937 0.126915 2.53152 61.6569 -13 317 0 0 1
0.00479554 0.0859203 440 0.169712 -0.0416727 6.11579 31.4069 -13 318 0 0 1
-0.0112361 -0.128423 440 -0.0305877 0.00554912 13.8127 17.5217 -13 320 0 0 1
-0.0566435 0.011099 440 0.0023067 0.0065176 9.99881 21.6263 -13 321 0 0 1
0.115536 0.0269845 440 -0.00135182 -0.0416076 12.7548 18.4354 -13 322 0 0 1
0.10529 -0.324693 440 -0.0608369 -0.0226239 6.12016 33.1241 -13 323 0 0 1
1.06434 1.05535 440 0.251608 0.010837 0.432228 117.403 -13 324 0 0 1
0.221162 -0.166351 440 0.0232751 -0.06246 11.4517 40.8726 -13 325 0 0 1
-0.0653419 0.0300185 440 0.0107198 0.0310029 10.7211 35.3656 -13 326 0 0 1
-0.0296337 0.0445229 440 0.00185161 0.0252657 12.4698 26.0535 -13 327 0 0 1
-0.236412 -0.624578 440 -0.30895 0.0178523 4.17246 56.8561 -13 328 0 0 1
0.0417312 -0.170511 440 -0.0564798 -0.0168983 11.9819 35.6915 -13 329 0 0 1
-0.0640521 0.124457 440 -0.00601668 0.0412345 8.93331 25.9802 -13 330 0 0 1
-0.0303723 0.0774471 440 0.0560895 0.074255 5.56884 28.9635 -13 331 0 0 1
0.727387 -0.613356 440 -0.391151 -0.0839362 4.91629 37.4646 -13 332 0 0 1
0.126034 0.072985 440 -0.00235411 -0.0509778 9.86407 27.5157 -13 333 0 0 1
-0.042131 0.0352602 440 0.0125638 0.0308447 12.8541 15.2138 -13 334 0 0 1
0.161333 0.10417 440 -0.0327607 -0.0452048 14.2514 32.5527 -13 335 0 0 1
0.0308417 -0.148086 440 0.0130441 0.0267238 5.72417 41.2623 -13 336 0 0 1
-0.046971 0.0503385 440 0.0187396 0.0275114 13.7359 30.2047 -13 337 0 0 1
-0.00347969 -0.0462312 440 -0.0240427 -0.000221924 9.65627 41.1248 -13 338 0 0 1
-0.0633834 -0.127625 440 -0.0908302 0.053471 9.34697 45.8449 -13 339 0 0 1
-0.0209935 -0.036858 440 0.0327217 0.0110383 12.4603 40.5426 -13 341 0 0 1
2.43567 -0.0929554 440 -0.325154 -0.305456 1.58683 96.7343 -13 343 0 0 1
0.0117675 -0.0304743 440 -0.0184668 -0.00118911 13.2439 18.6136 -13 344 0 0 1
0.335739 0.135057 440 0.0728425 -0.0728101 9.64494 17.2429 -13 345 0 0 1
-2.77801 -1.97048 440 0.0405439 0.0246003 0.0432389 16.2537 11 345 1002 0 1
0.00467231 0.00873872 440 0.00355294 -0.00567965 13.4549 27.1909 -13 346 0 0 1
-0.0385118 0.0618628 440 0.0322962 -0.0133074 12.1131 27.9745 -13 347 0 0 1
0.104454 0.0632361 440 0.0117013 -0.0794635 13.7856 38.1511 -13 348 0 0 1
0.0985557 0.181791 440 0.160525 -0.0660505 7.10778 36.4495 -13 349 0 0 1
6.65206 -1.1691 440 -0.00152308 0.00276018 0.0503854 31.5453 11 349 1001 0 1
-0.171592 -0.0806148 440 -0.034109 0.0223345 7.75756 43.6655 -13 350 0 0 1
0.932201 -0.39605 440 -0.16418 1.01078 4.39019 42.7011 -13 351 0 0 1
-0.0274439 -0.237641 440 -0.0698537 -0.230615 4.23453 48.0192 -13 352 0 0 1
0.101498 0.0881563 440 0.106983 -0.0200087 10.857 42.0859 -13 354 0 0 1
-1.36654 0.433778 440 0.353316 0.097464 3.16482 64.2113 -13 355 0 0 1
0.16426 0.0200792 440 0.0603205 -0.0155794 9.78042 44.2212 -13 356 0 0 1
-0.0623206 0.182693 440 -0.00426861 0.0415437 10.6347 42.3819 -13 357 0 0 1
0.536083 -1.15776 440 -0.015438 -0.0316754 0.0618436 42.4701 11 357 1002 0 1
0.1454 0.108034 440 0.0506858 -0.041846 10.9098 32.2236 -13 358 0 0 1
0.0914143 0.00858942 440 0.011707 -0.013092 11.7973 19.8972 -13 359 0 0 1
0.0341339 0.0139464 440 0.00320176 -0.0246904 13.5129 33.5748 -13 360 0 0 1
-0.0140094 0.227008 440 0.0503694 -0.00605606 3.80778 45.1455 -13 361 0 0 1
-0.0351895 0.0275456 440 0.0192014 0.0196646 8.76048 19.155 -13 362 0 0 1
0.0598889 -0.00932611 440 -0.0140456 -0.00911846 12.2116 41.6891 -13 363 0 0 1
-0.0100911 0.00998334 440 0.0236677 0.0255298 14.4532 16.0444 -13 364 0 0 1
0.0627294 -0.0124024 440 0.00946396 0.00474971 11.8499 18.3949 -13 365 0 0 1
0.00581916 -0.021978 440 0.0210716 -0.03732 7.9035 21.0918 -13 366 0 0 1
-0.247054 0.0332593 440 -0.012239 0.0785926 11.7163 38.3737 -13 367 0 0 1
0.140021 -0.272762 440 -0.0554936 -0.0908347 6.03144 45.3112 -13 368 0 0 1
-1.64369 0.849698 440 -0.107751 0.157648 1.21989 94.3589 -13 369 0 0 1
-0.109304 0.00375277 440 -0.0236299 -0.00712666 6.48274 28.2271 -13 370 0 0 1
-0.252793 0.0591097 440 -0.0999712 0.153836 14.5251 28.9429 -13 371 0 0 1
-0.212384 2.39954 440 0.0713135 -0.65514 1.80928 93.4977 -13 372 0 0 1
-0.133614 -0.0967617 440 0.0575272 0.0735659 14.1994 20.5988 -13 373 0 0 1
-0.184125 0.250094 440 0.0363705 -0.096801 5.01021 37.1284 -13 374 0 0 1
-0.0384169 0.0238315 440 -0.0131613 0.0295023 13.3724 34.0898 -13 375 0 0 1
-0.171053 0.29433 440 0.0726448 0.118896 6.6461 36.677 -13 376 0 0 1
-0.0572432 -0.06999 440 -0.00764864 -0.018965 10.5325 25.3704 -13 377 0 0 1
-1.25941 -0.667006 440 -0.17561 -0.0176297 0.557027 96.2817 -13 378 0 0 1
-0.287331 -0.156879 440 0.0356098 0.0319016 7.43085 24.45 -13 379 0 0 1
0.130958 0.0446724 440 -0.0333958 -0.0329061 10.717 20.3015 -13 380 0 0 1
-0.11788 0.177369 440 0.00492891 0.0395931 7.82014 32.9355 -13 381 0 0 1
0.423114 -1.0146 440 0.037808 0.0211111 0.0156258 34.7764 11 381 1001 0 1
0.0139257 -0.012923 440 -0.0215898 -0.000520699 13.4165 24.6793 -13 382 0 0 1
-0.0678217 0.0872131 440 0.0981219 0.0583846 14.1035 26.0367 -13 384 0 0 1
-0.0540212 -0.00901199 440 -0.0250857 -0.0170568 14.4644 20.4759 -13 386 0 0 1
-0.0267662 0.00066059 440 0.00485928 0.00265429 14.4326 29.1409 -13 387 0 0 1
0.0695944 0.0955744 440 -0.00288721 0.00875255 9.38605 40.7842 -13 388 0 0 1
-1.17572e-05 0.218134 440 0.0480222 0.00589739 13.4427 30.6836 -13 389 0 0 1
-2.09583 1.18148 440 -0.00658462 -0.0353731 0.0730633 31.4478 11 389 1001 0 1
0.0534188 0.0525157 440 -0.0228017 -0.0402523 10.3224 24.8335 -13 390 0 0 1
-0.155065 -0.0294045 440 0.013906 0.0405454 8.72216 46.5954 -13 391 0 0 1
0.0555422 -0.152911 440 -0.0108036 -0.00766714 8.14929 46.864 -13 392 0 0 1
-0.202771 -0.00295757 440 -0.040792 -0.10991 3.98755 41.6592 -13 393 0 0 1
0.080514 0.253841 440 -0.0760044 0.00835852 3.95224 48.3514 -13 394 0 0 1
0.0989433 -0.60494 440 -0.176144 -0.0207609 14.1064 20.508 -13 395 0 0 1
-0.00424311 -0.00749017 440 0.026846 0.0634445 7.09352 38.5071 -13 396 0 0 1
0.122706 -0.0166352 440 0.0105514 -0.0489202 14.5024 18.701 -13 397 0 0 1
0.0306691 0.010065 440 -0.000697175 -0.0172736 13.3112 19.6021 -13 398 0 0 1
0.0572849 -0.0354295 440 -0.0308015 -0.00371061 12.6238 16.3014 -13 399 0 0 1
-0.0864219 -0.0284158 440 -0.0580802 0.0127754 11.6564 25.3294 -13 400 0 0 1
-0.0715529 0.0748005 440 0.0156929 0.00690372 11.1804 27.7178 -13 401 0 0 1
-0.0290797 0.179925 440 -0.118236 0.0453096 7.32403 23.2959 -13 402 0 0 1
-0.051113 0.0217681 440 -0.0761995 0.0524436 5.73936 47.3936 -13 403 0 0 1
0.0597294 0.112045 440 0.0293437 -0.012943 14.396 19.8002 -13 404 0 0 1
0.0943 0.0962313 440 0.18352 -0.0527444 12.7799 29.8524 -13 405 0 0 1
0.670671 -0.149016 440 -0.0426404 0.0399118 0.0739913 29.7879 11 405 1001 0 1
-0.00788668 -0.126611 440 -0.0168954 0.0633069 7.14271 37.4392 -13 406 0 0 1
0.223359 0.21055 440 -0.0635702 0.0352026 4.8039 56.4884 -13 407 0 0 1
-1.69923 -0.964166 440 0.00486114 -0.00917327 0.0378739 56.0468 11 407 1001 0 1
0.0218784 0.101452 440 -0.0281093 -0.0743653 10.8681 36.3245 -13 408 0 0 1
1.1441 -1.03105 440 -0.0279689 -0.00533152 0.0640454 36.3265 11 408 1001 0 1
-0.138601 -0.134543 440 0.0275735 0.114831 12.2096 16.8373 -13 409 0 0 1
0.0612333 -0.158193 440 0.0602244 -0.00378686 7.2131 32.2358 -13 410 0 0 1
0.142918 -0.208265 440 -0.00171406 -0.0699555 6.84686 28.2826 -13 411 0 0 1
-0.259088 0.145887 440 0.0320918 0.0704876 7.29894 26.5091 -13 412 0 0 1
-0.205363 0.266517 440 0.0906529 0.10285 5.64082 28.3965 -13 413 0 0 1
0.32817 -4.09091 440 0.00441468 -0.0176002 0.0381309 26.5154 11 413 1001 0 1
-0.198925 -0.0532116 440 -0.0193333 0.0493382 9.83322 22.9543 -13 414 0 0 1
0.10822 -0.0293313 440 0.0175601 -0.0622906 8.30598 26.4151 -13 415 0 0 1
-0.168018 -0.02486 440 -0.00264118 0.0080927 12.6379 26.7174 -13 416 0 0 1
0.391056 0.554103 440 0.154164 -0.276578 6.50836 30.167 -13 417 0 0 1
0.0176726 0.0917764 440 0.0490472 -0.0516305 9.96329 42.4669 -13 418 0 0 1
-2.53717 0.580208 440 -0.0428821 0.00970896 0.0636559 40.8517 11 418 1001 0 1
0.293091 -0.297458 440 -0.140601 -0.109287 7.69096 34.578 -13 419 0 0 1
0.155835 0.0515456 440 0.021348 -0.0691303 12.4821 22.9648 -13 420 0 0 1
-0.0617688 0.0408311 440 -0.00986967 -0.0208764 13.2131 17.1439 -13 421 0 0 1
0.0103996 -0.0374514 440 -0.121215 -0.124735 7.09863 26.4039 -13 422 0 0 1
0.0162265 0.0182978 440 0.0108925 0.0240788 9.33095 27.1373 -13 424 0 0 1
-0.301932 0.0773786 440 0.0725242 0.133593 5.17162 59.4979 -13 425 0 0 1
0.137849 -0.0450507 440 -0.0305478 -0.0679324 5.06633 55.0212 -13 426 0 0 1
-0.0235711 0.0121519 440 -0.00413151 0.00466498 10.8156 40.6644 -13 427 0 0 1
-0.126649 0.0423914 440 0.0291684 -0.005544 7.0266 30.8114 -13 428 0 0 1
-0.122242 0.592894 440 0.0747926 0.0396336 7.79968 33.4583 -13 429 0 0 1
-4.24894 1.92214 440 0.0107376 -0.0109063 0.033238 33.7723 11 429 1002 0 1
-0.127045 -0.146788 440 -0.0302938 0.0327445 9.94936 26.5027 -13 430 0 0 1
-0.158633 -0.00546649 440 -0.0332664 0.0181297 10.8432 24.8195 -13 431 0 0 1
0.143243 -0.129966 440 -0.0280679 -0.0504562 9.95496 34.268 -13 432 0 0 1
0.0217858 0.000301588 440 0.0288206 -0.0345764 11.0365 39.8104 -13 433 0 0 1
0.586303 0.323141 440 -0.0242184 -0.0290549 0.0134659 40.3087 11 433 1001 0 1
-0.0145361 0.00741246 440 -0.00066163 0.00636318 13.7032 23.204 -13 434 0 0 1
-0.325561 -0.0429101 440 -0.0269046 0.083274 11.3899 29.1185 -13 435 0 0 1
-0.168587 0.0451572 440 0.0502855 0.0308603 11.2535 21.1192 -13 436 0 0 1
0.0036402 0.0480326 440 0.0227896 0.00996433 10.7096 26.3508 -13 437 0 0 1
0.0243322 -0.0245893 440 0.0210006 -0.00552796 11.131 30.8905 -13 438 0 0 1
-0.136273 -0.110798 440 -0.0495294 0.015648 11.9522 42.0704 -13 439 0 0 1
-0.0249882 -0.0343483 440 -0.0259852 0.023686 8.85917 39.0307 -13 440 0 0 1
-0.0930745 0.0293039 440 -0.0337883 -0.0440751 11.3934 28.2972 -13 441 0 0 1
3.01146 5.98504 440 -0.0102389 0.00173123 0.0385023 32.4533 11 441 1001 0 1
-0.142617 0.0502546 440 0.0479102 -0.0333653 4.00929 40.0449 -13 442 0 0 1
-0.0815092 -0.247614 440 -0.0477005 0.035926 7.58809 46.5675 -13 443 0 0 1
0.0423768 0.0741305 440 0.0485802 0.0686337 11.3901 24.9666 -13 444 0 0 1
0.266041 0.141775 440 0.128436 -0.0543788 8.01393 45.6836 -13 445 0 0 1
-0.0137668 -0.102369 440 -0.0365236 -0.0123672 13.4027 38.8625 -13 446 0 0 1
0.0314977 -0.030766 440 0.00443538 0.01257 11.5889 26.0337 -13 447 0 0 1
0.0997306 0.110607 440 0.0923779 -0.0127829 9.81075 19.9664 -13 448 0 0 1
0.168826 0.00823977 440 0.0319239 -0.0243941 8.18664 24.2074 -13 449 0 0 1
0.0791866 -0.000990789 440 0.0342052 0.0169749 12.3441 42.3563 -13 450 0 0 1
0.0401389 0.193382 440 -0.00413712 -0.02743 7.86089 40.81 -13 451 0 0 1
0.218272 0.126169 440 0.077603 -0.0876923 11.8694 40.1197 -13 452 0 0 1
0.04528 -0.0852508 440 -0.0314947 -0.0170007 12.9785 40.3524 -13 453 0 0 1
-0.0763217 -0.0592317 440 -0.00996213 0.0564021 9.57081 26.0756 -13 454 0 0 1
3.64609 -0.213847 440 -0.0889723 -0.11618 1.37416 74.9149 -13 455 0 0 1
0.0542275 -0.00396855 440 0.018145 0.00234902 13.9986 15.5028 -13 456 0 0 1
-0.0603907 -0.153756 440 -0.0656163 -0.0365559 9.45148 18.6239 -13 457 0 0 1
-0.10338 0.171541 440 0.0371951 0.0372144 11.6004 40.6429 -13 458 0 0 1
0.0159528 0.0325622 440 0.00366566 -0.0306647 8.00355 28.7143 -13 459 0 0 1
0.0966438 -0.0185265 440 -0.011306 -0.022493 10.581 18.3435 -13 460 0 0 1
-0.0525209 -0.0121516 440 -0.000217746 -0.000416497 13.4507 38.0693 -13 461 0 0 1
0.154981 -0.0546166 440 -0.0537357 -0.0326031 13.6795 38.0725 -13 462 0 0 1
-0.0507154 -0.00055134 440 -0.0247754 0.0384858 7.70012 32.9371 -13 463 0 0 1
0.635139 0.0434609 440 -0.0361934 -0.194382 3.89962 66.5546 -13 464 0 0 1
0.166048 0.0350128 440 0.0387904 -0.079405 9.8949 21.8704 -13 465 0 0 1
-0.127287 0.096615 440 0.039592 0.000102259 7.40829 23.2575 -13 466 0 0 1
-0.149836 -0.163865 440 -0.0386598 0.0382086 14.044 14.8707 -13 467 0 0 1
-1.11683 -1.69406 440 -0.0533833 0.00800851 0.0423658 15.8848 11 467 1001 0 1
-0.0602241 -0.0194285 440 -0.0220679 0.0119727 8.82084 28.6629 -13 468 0 0 1
0.155764 0.269779 440 0.119424 0.00356309 4.86953 49.1515 -13 469 0 0 1
0.164991 0.0983268 440 0.111108 -0.0634763 6.40211 27.2309 -13 470 0 0 1
0.291847 -4.3154 440 0.00700898 0.00287193 0.0507142 26.0519 11 470 1001 0 1
-1.33517 -0.403906 440 -0.00281357 -0.0073195 0.699025 91.5487 -13 471 0 0 1
0.0468747 0.0358404 440 0.0213164 0.00545296 9.96891 36.4154 -13 472 0 0 1
-0.366729 0.212254 440 -0.00417209 0.0284125 0.086248 35.5806 11 472 1001 0 1
-0.306064 -0.0453879 440 0.085517 0.110917 5.41946 30.8833 -13 473 0 0 1
-0.512268 -0.165519 440 -0.0713776 0.141867 8.25139 34.6844 -13 474 0 0 1
0.0736364 -0.0196572 440 -0.0115186 -0.0213731 11.7933 24.0966 -13 475 0 0 1
-0.0979835 0.0150319 440 0.0119349 0.016791 7.86129 21.442 -13 476 0 0 1
0.084258 0.102808 440 0.0100337 -0.00545053 9.52697 33.1147 -13 477 0 0 1
0.0251937 0.0620981 440 0.123075 -0.0440544 9.75737 19.489 -13 478 0 0 1
-0.526123 0.0898783 440 -0.0742199 0.131813 5.38713 31.9211 -13 479 0 0 1
0.0529334 -0.138727 440 -0.0700876 0.0290399 10.7151 32.2603 -13 480 0 0 1
-0.415554 0.0472863 440 0.0488547 0.115408 8.97973 32.3188 -13 481 0 0 1
0.0938654 0.018097 440 0.0558106 0.0315273 6.5565 53.3075 -13 482 0 0 1
-0.01051 -0.0262536 440 -0.00334545 0.00349114 14.0448 40.7862 -13 483 0 0 1
0.12893 -0.144137 440 -0.0727433 -0.0264019 7.48423 35.4258 -13 484 0 0 1
0.116545 -0.146448 440 -0.0718951 -0.0619391 11.3526 17.9061 -13 485 0 0 1
1.60105 -3.76433 440 0.0296243 -0.00408469 0.0312115 20.1236 11 485 1001 0 1
0.0688451 -0.167824 440 -0.0702399 -0.078136 7.33573 29.5343 -13 486 0 0 1
0.0803322 -0.0624576 440 -0.0460597 -0.0353312 13.0211 30.694 -13 487 0 0 1
-0.151993 -0.694105 440 -0.316463 0.201266 5.37185 49.8199 -13 488 0 0 1
-0.0955615 0.00907342 440 -0.0466009 0.0129342 13.8935 16.5973 -13 489 0 0 1
-0.0835655 -0.464808 440 -0.011225 -0.0929704 3.86794 43.419 -13 490 0 0 1
-0.0686149 -0.0453017 440 -0.0370108 0.0222983 7.59221 45.888 -13 491 0 0 1
-0.0990483 0.0514225 440 0.023436 0.0273092 13.9361 15.9615 -13 492 0 0 1
-0.121891 -0.153487 440 -0.0386984 0.0295371 12.4353 37.928 -13 493 0 0 1
-0.157765 -0.0770843 440 -0.0035172 0.0509959 12.9663 36.1337 -13 494 0 0 1
0.111925 0.198842 440 0.0589652 -0.0318697 14.451 12.7484 -13 495 0 0 1
-0.0916611 -0.0161403 440 0.0386624 0.0663359 10.7292 22.1571 -13 496 0 0 1
-0.0321349 0.202564 440 0.0755417 0.00963626 14.0575 12.7283 -13 497 0 0 1
0.115907 -0.0475796 440 -0.0445877 -0.0198036 13.5513 28.4459 -13 498 0 0 1
1.46507 -0.105731 440 0.00103003 0.00947547 0.131809 23.8271 11 498 1002 0 1
-0.248175 -0.178219 440 -0.045209 0.116551 11.9585 29.3383 -13 499 0 0 1
0.186053 0.131638 440 0.0132838 -0.0663538 12.6682 26.1942 -13 500 0 0 1
0.0551878 0.129664 440 0.0419817 -0.011972 10.9009 25.1109 -13 501 0 0 1
-0.0445221 -0.0423397 440 0.00210433 -0.00811537 14.4347 16.5904 -13 502 0 0 1
0.147991 -0.115932 440 -0.00280732 -0.0379568 10.2374 21.5986 -13 503 0 0 1
-0.016354 0.0677779 440 0.0278954 -0.00643814 11.1786 31.4374 -13 504 0 0 1
-1.52296 -0.897238 440 -0.611904 -0.151856 3.53673 58.6322 -13 505 0 0 1
0.0111559 -0.324394 440 -0.0789231 -0.0127153 8.68238 26.4658 -13 506 0 0 1
0.031418 -0.0598478 440 -0.00833141 -0.0235273 12.462 24.9147 -13 507 0 0 1
-0.0291435 0.0685158 440 0.0333956 0.00127125 11.432 39.7343 -13 508 0 0 1
0.0286715 0.00123379 440 -0.0437966 0.0216368 8.20287 40.0457 -13 509 0 0 1
-0.0191428 0.0605609 440 -0.0119851 0.0322805 10.5578 25.2915 -13 510 0 0 1
0.0132071 -0.0107077 440 -0.00688621 0.00437974 10.4467 18.6068 -13 511 0 0 1
-0.0887847 -0.00686924 440 -0.0161813 0.0180231 12.8891 30.5974 -13 512 0 0 1
0.0460902 0.0651969 440 -0.0372325 -0.00589449 13.3343 13.0004 -13 513 0 0 1
0.0886256 0.00864644 440 0.0857687 -0.0636013 7.9667 25.7399 -13 514 0 0 1
-0.00971925 0.0204321 440 -0.0284439 0.0121458 10.2429 39.5413 -13 515 0 0 1
0.105966 -0.036613 440 -0.100597 -0.0840511 3.91009 47.7811 -13 516 0 0 1
0.0293023 0.0560211 440 -0.0229079 0.0364505 8.22327 22.5424 -13 517 0 0 1
0.162063 -0.0247026 440 0.352476 0.0607272 12.3663 18.277 -13 518 0 0 1
0.248687 -0.244741 440 -0.0215786 -0.091491 11.67 32.6878 -13 519 0 0 1
-0.0666458 -0.016972 440 -0.0205276 -0.00282965 11.6446 31.1303 -13 520 0 0 1
0.0368883 -0.0225276 440 0.0120252 -0.0129044 12.9511 24.0919 -13 522 0 0 1
0.0443022 0.0045574 440 0.000815733 -0.00679148 13.5851 28.0662 -13 523 0 0 1
0.432222 0.599063 440 0.194257 0.0691384 3.83938 64.8946 -13 524 0 0 1
0.0362396 0.0433712 440 -0.00507651 0.0599345 9.72 23.7643 -13 525 0 0 1
-0.0188521 -0.146915 440 0.0153746 -0.0345175 11.707 33.5997 -13 526 0 0 1
-0.370749 0.204613 440 0.119349 0.0194161 3.115 74.6705 -13 527 0 0 1
0.00578881 -0.145524 440 -0.0514435 -0.007651 12.4945 29.1074 -13 528 0 0 1
0.0369281 0.0130769 440 0.00779679 -0.0256131 11.2815 37.2491 -13 529 0 0 1
-0.10236 -0.102438 440 -0.0351859 0.00322263 8.31735 41.8697 -13 530 0 0 1
0.0119155 0.0373594 440 0.0323431 0.0185665 12.9571 26.2994 -13 531 0 0 1
-0.484585 0.723141 440 0.15887 0.287972 13.7318 40.9318 -13 532 0 0 1
-0.602311 1.32476 440 0.0259868 -0.0392323 0.109601 39.6271 11 532 1001 0 1
-0.148168 0.174483 440 0.0295672 0.088729 9.07706 40.7256 -13 533 0 0 1
-0.169514 -0.0217893 440 -0.0230132 0.0523779 9.16514 40.8761 -13 534 0 0 1
-0.102701 0.228281 440 0.0538505 0.00650563 9.85148 19.0619 -13 535 0 0 1
0.115773 0.106285 440 0.0198848 -0.0290672 13.0374 21.6686 -13 536 0 0 1
-0.503923 0.377562 440 0.168377 0.187414 4.44142 48.9705 -13 537 0 0 1
0.072958 0.0192417 440 -0.0220172 -0.0240625 14.4782 29.5435 -13 538 0 0 1
-0.175052 0.070879 440 0.0261673 0.131616 11.2837 20.0833 -13 539 0 0 1
2.15287 -1.87986 440 0.0239791 -0.00860672 0.0658805 20.5674 11 539 1002 0 1
-0.0526237 -0.0564482 440 -0.0435078 0.0415777 11.251 39.9426 -13 540 0 0 1
-0.00842846 -0.0448738 440 -0.0166227 -0.00547886 7.35258 43.357 -13 541 0 0 1
-0.179405 -0.143491 440 -0.106659 -0.0500958 12.7912 16.4716 -13 542 0 0 1
-5.49406 -1.45459 440 0.0313611 0.0105007 0.0374671 21.6289 11 542 1001 0 1
0.113192 -0.0898239 440 -0.0740775 -0.0083498 8.53147 31.4374 -13 543 0 0 1
0.0246286 -0.304155 440 -0.0614649 0.0292954 13.7313 39.7868 -13 544 0 0 1
0.0790201 -0.004409 440 -0.0839771 -0.0937896 4.91189 57.5565 -13 545 0 0 1
0.147498 -0.100614 440 -0.0646545 0.020124 6.67926 43.4353 -13 546 0 0 1
0.0168795 0.00835028 440 -0.0215293 -0.0113688 10.678 34.6688 -13 547 0 0 1
-0.108009 -0.09873 440 -0.0240951 -0.0107304 9.85983 35.399 -13 548 0 0 1
0.149785 0.0242401 440 0.0201041 0.00212476 9.62695 42.3082 -13 549 0 0 1
0.137107 0.1207 440 0.0123121 -0.0768009 8.59378 35.125 -13 550 0 0 1
-0.119259 0.152088 440 0.0476132 0.0553659 10.5861 20.9774 -13 551 0 0 1
0.0664058 0.0568967 440 0.00379139 -0.0677874 11.3259 24.3574 -13 552 0 0 1
-0.00893692 -0.298907 440 -0.148329 -0.050686 7.91013 31.866 -13 553 0 0 1
-0.429052 0.316873 440 0.195926 -0.0404259 4.90494 32.6034 -13 554 0 0 1
0.23378 0.0190344 440 0.0406246 -0.068698 7.97236 47.3766 -13 555 0 0 1
0.147322 -0.250857 440 -0.00738387 -0.0246439 6.12842 46.4262 -13 556 0 0 1
-0.0650312 0.106066 440 0.0441924 0.0232278 13.5682 18.4579 -13 557 0 0 1
-0.0896763 -0.0753152 440 -0.0327576 0.0327277 10.9363 42.9555 -13 559 0 0 1
-0.0660981 0.00130331 440 -0.0274357 0.0168233 13.6044 12.7198 -13 560 0 0 1
0.282923 0.222988 440 0.0475394 -0.0654876 5.20334 56.5368 -13 561 0 0 1
0.0477335 -0.0583454 440 0.00119788 -0.0414417 11.0473 18.2225 -13 562 0 0 1
-0.104147 -0.14588 440 -0.0429814 0.0338642 12.1096 28.6893 -13 563 0 0 1
0.0520589 0.00787467 440 0.0278681 -0.00796363 10.5801 43.3956 -13 564 0 0 1
-0.0430715 0.068208 440 -0.00785607 0.021329 14.2289 16.8431 -13 565 0 0 1
0.221944 0.0322088 440 0.0371314 -0.0531348 9.42696 28.8049 -13 566 0 0 1
0.015589 0.0257644 440 0.0243492 0.00790698 10.579 26.7808 -13 567 0 0 1
-1.40128 -0.274167 440 -0.0856103 0.400204 11.8558 39.6332 -13 568 0 0 1
0.0247696 -0.0761131 440 -0.019571 0.000724311 13.5456 23.1812 -13 569 0 0 1
-0.22763 0.0626339 440 0.0236252 0.0779904 11.0963 40.2452 -13 570 0 0 1
0.0234058 0.0403388 440 0.00658212 -0.0242812 12.6406 26.2517 -13 571 0 0 1
-0.115213 0.0422533 440 0.0271601 0.0436702 9.88553 28.5204 -13 572 0 0 1
-0.0350485 -0.00288338 440 0.0077347 0.0269998 6.60933 36.7812 -13 573 0 0 1
-0.061631 0.0211619 440 0.00829661 0.00347725 13.7402 20.5437 -13 574 0 0 1
-0.0518878 0.116669 440 -0.0190285 0.0305452 7.05077 40.9557 -13 575 0 0 1
6.65503 -1.41699 440 -0.00420833 -0.022398 0.0287799 41.3147 11 575 1002 0 1
0.0200142 0.152622 440 0.077902 0.0172944 10.6106 34.1908 -13 576 0 0 1
-0.00828356 0.0747533 440 0.0182621 0.0314327 13.402 14.7597 -13 577 0 0 1
0.485792 -0.636289 440 -0.176931 -0.0900771 8.41246 30.2091 -13 578 0 0 1
0.108096 -0.028537 440 -0.0595519 -0.0263731 13.9535 27.6969 -13 579 0 0 1
0.0223623 0.00424168 440 0.00724098 0.0101443 12.759 20.5092 -13 580 0 0 1
-0.100243 0.0335178 440 0.0215255 0.0470449 11.0816 42.4758 -13 581 0 0 1
0.02496 0.102925 440 0.0414171 0.0574529 8.90367 30.2986 -13 582 0 0 1
-0.0457527 -0.0690924 440 -0.0498222 -0.00412012 7.71117 27.5783 -13 583 0 0 1
-0.078066 -0.0227358 440 -0.010328 0.0246149 13.9774 38.0645 -13 584 0 0 1
-0.00106004 0.130446 440 0.0478377 0.00244973 11.2259 22.368 -13 585 0 0 1
0.0310573 0.0424402 440 -0.0142278 -0.0474942 9.37331 41.9155 -13 586 0 0 1
-0.0431475 -0.078018 440 -0.0134517 0.00419099 13.7667 31.1573 -13 587 0 0 1
0.123874 0.0172891 440 -0.00319571 -0.0429179 9.60785 26.3176 -13 588 0 0 1
-0.087816 -0.0604121 440 -0.0117263 0.0444848 13.2559 24.5143 -13 589 0 0 1
-0.0695125 0.715627 440 0.204633 -0.021837 9.15977 29.289 -13 591 0 0 1
-0.19392 -0.058674 440 -0.0268595 0.113491 8.2623 31.8188 -13 592 0 0 1
0.257456 0.342378 440 0.0385161 0.00696363 0.0518082 31.5875 11 592 1001 0 1
-0.122233 -0.0878332 440 0.0576295 0.0227916 5.82529 53.9501 -13 593 0 0 1
-0.000243268 -0.0321867 440 -0.00349574 -0.0168644 10.7532 44.1576 -13 594 0 0 1
-0.165949 -0.00100195 440 0.0220498 0.0490262 10.0413 30.6025 -13 595 0 0 1
-0.0573716 0.178511 440 -0.0433872 0.0253189 8.12504 36.3349 -13 596 0 0 1
0.0686683 0.0320441 440 0.0667096 0.0281184 10.4255 27.1577 -13 597 0 0 1
-0.00211329 -0.10933 440 -0.0505792 0.0311479 5.8528 33.7985 -13 599 0 0 1
0.278177 -1.94743 440 0.170184 0.196485 0.98602 83.2754 -13 600 0 0 1
-0.0414564 0.0363911 440 0.0269904 0.0102895 12.558 30.8323 -13 601 0 0 1
0.0598528 0.108333 440 0.0699041 0.0258393 6.89042 44.7189 -13 602 0 0 1
0.110535 0.081075 440 0.0166231 -0.0680316 9.22669 39.5756 -13 603 0 0 1
-7.04561 3.07937 440 -0.0255294 -0.00248602 0.0707286 35.2309 11 603 1002 0 1
0.328488 0.031488 440 0.0230188 -0.0842993 7.56 33.8669 -13 604 0 0 1
0.433807 0.221494 440 0.189963 -0.0720715 4.68593 39.9626 -13 605 0 0 1
0.00692534 -0.0671548 440 -0.0684313 0.00248519 12.3568 29.4117 -13 606 0 0 1
0.103122 0.601838 440 0.00196852 -0.00148334 0.108733 27.8737 11 606 1001 0 1
0.0161117 -0.0383032 440 0.017213 -0.01289 11.8832 19.2152 -13 607 0 0 1
-0.157584 0.120868 440 0.0917608 0.0187474 12.9219 27.2713 -13 608 0 0 1
-0.0787109 0.0455713 440 0.00894899 0.0491902 11.8774 18.3999 -13 609 0 0 1
0.00297632 0.0430262 440 0.00888232 0.0168731 8.80932 25.2763 -13 610 0 0 1
0.0250155 -0.038114 440 -0.0128226 0.00834045 10.3245 20.3816 -13 611 0 0 1
-0.176599 0.00797237 440 -0.0350397 0.0743819 7.85063 32.0163 -13 612 0 0 1
0.0201121 -0.00540323 440 -0.0106634 -0.0286639 12.4703 27.3526 -13 613 0 0 1
0.144322 0.00692418 440 -0.0260952 -0.102329 12.1305 15.5306 -13 614 0 0 1
0.147165 0.50717 440 0.0335959 0.01912 3.80593 57.4513 -13 615 0 0 1
0.300964 0.293215 440 -0.156066 0.0214176 3.96807 63.7053 -13 616 0 0 1
-0.140539 -0.172548 440 -0.0675248 0.0417387 10.8042 31.7464 -13 617 0 0 1
-0.0637416 0.108501 440 0.00754488 -0.00163783 8.09511 39.2785 -13 618 0 0 1
0.67923 0.200654 440 0.179731 -0.107229 4.84671 53.4992 -13 619 0 0 1
-0.0663954 1.95448e-05 440 -0.0178717 0.00297982 12.3625 32.5979 -13 620 0 0 1
-0.136343 0.26696 440 0.156424 -0.166699 5.18361 32.3769 -13 621 0 0 1
0.0917738 0.0401135 440 0.0260936 -0.0260896 11.1557 42.3634 -13 622 0 0 1
0.0495906 0.0402105 440 -0.0291537 0.0154965 9.71458 30.5744 -13 623 0 0 1
0.0805744 -0.0423434 440 -0.0274435 -0.00482613 14.1796 12.6382 -13 624 0 0 1
0.0959134 -0.0801591 440 -0.0104264 0.0104466 9.14028 33.2981 -13 625 0 0 1
-0.0118862 -0.0690122 440 -0.0446755 0.0473063 6.10053 34.0631 -13 626 0 0 1
-0.100117 -0.0200863 440 -0.00773687 -0.0177618 9.3503 34.5853 -13 627 0 0 1
-0.699 -1.53222 440 0.0015274 0.0412069 0.0628431 33.3074 11 627 1001 0 1
-0.380923 0.566083 440 0.165111 0.188764 2.71154 67.8853 -13 628 0 0 1
-0.00737911 0.108917 440 -0.0106143 0.0429271 10.451 21.49 -13 629 0 0 1
-0.0622717 0.0126331 440 0.010044 0.0201724 11.7839 41.103 -13 630 0 0 1
-0.199044 -0.102515 440 -0.07891 0.0537869 8.86741 45.5476 -13 631 0 0 1
-0.00507442 0.0383402 440 0.0123912 0.000738735 14.0682 23.7193 -13 632 0 0 1
-0.0120337 0.0892075 440 0.0595036 -0.0226097 8.35289 27.3175 -13 633 0 0 1
-0.305659 0.325326 440 0.0705937 0.0584622 4.83131 34.8742 -13 634 0 0 1
-0.0152785 -0.00852513 440 0.0241744 0.0357002 8.05625 36.971 -13 635 0 0 1
0.0943293 0.229889 440 0.0651591 -0.0605121 14.0992 18.7463 -13 636 0 0 1
1.94451 -2.25941 440 0.0421686 0.0183722 0.0398861 23.3616 11 636 1001 0 1
-0.191545 -0.118548 440 -0.0622031 0.00320511 7.96106 41.6805 -13 637 0 0 1
1.28055 0.68502 440 0.0225336 0.0232274 0.0320195 41.9242 11 637 1001 0 1
-0.231323 -0.106937 440 -0.0765978 0.0362555 12.6985 28.5304 -13 638 0 0 1
-0.112948 0.100114 440 -0.0613474 0.209524 13.9961 17.0058 -13 639 0 0 1
-0.0872623 -0.0752643 440 -0.0273366 0.0446338 10.8776 15.8304 -13 640 0 0 1
0.171939 0.167869 440 0.0713773 -0.0861097 4.48938 44.504 -13 641 0 0 1
0.609072 -0.147205 440 0.00950887 -0.124214 7.19227 45.0005 -13 642 0 0 1
0.0497485 -0.0242214 440 0.00689263 -0.00944056 11.0687 15.1247 -13 643 0 0 1
0.0571785 0.00761627 440 0.0582712 -0.00988457 13.7372 30.2223 -13 644 0 0 1
0.0614058 0.00313287 440 0.00709377 0.00257202 9.69213 18.6983 -13 645 0 0 1
-0.0913502 -0.0096808 440 0.00747252 0.0358198 13.7557 28.6904 -13 646 0 0 1
0.0263402 0.180626 440 0.0668753 -0.0569211 5.94784 53.2574 -13 647 0 0 1
-1.10611 -3.24338 440 0.00363052 0.0132535 0.0446597 51.4891 11 647 1006 0 1
0.204902 0.369247 440 0.0038917 -0.0498468 4.06583 50.3609 -13 648 0 0 1
0.338872 0.104113 440 0.0984371 -0.0971647 6.32442 35.2472 -13 649 0 0 1
-0.0206949 0.00970288 440 0.0448559 0.000270091 13.5364 16.0375 -13 650 0 0 1
-0.0425306 0.0414059 440 -0.0380511 -0.0178779 10.0876 28.8172 -13 651 0 0 1
0.0144619 -0.00623315 440 0.0189193 0.0916561 10.4667 41.3267 -13 652 0 0 1
0.053482 -0.0764068 440 -0.0109702 -0.0346922 11.9609 31.009 -13 653 0 0 1
-0.0314988 0.0946027 440 0.0230619 0.0348778 12.2875 25.4066 -13 654 0 0 1
-0.0687338 0.24964 440 -0.0324964 0.0144437 0.0192047 25.7246 11 654 1001 0 1
-0.00956206 -0.0307619 440 0.0242137 0.000960051 14.3616 33.4743 -13 655 0 0 1
-0.0437245 0.0930195 440 0.0109862 -0.00593335 9.58897 32.7649 -13 656 0 0 1
-0.0985707 -0.120263 440 -0.00757551 -0.0379698 7.9885 41.7236 -13 657 0 0 1
-0.227099 0.0931864 440 0.0462396 0.165198 5.00918 47.4411 -13 658 0 0 1
-0.109292 -0.0995305 440 -0.0186586 -0.0137359 14.4557 25.0348 -13 659 0 0 1
0.842648 0.28684 440 0.0592154 -0.255855 11.6809 36.127 -13 660 0 0 1
-0.0289993 0.0834924 440 -0.0360667 0.077448 10.6402 31.0316 -13 661 0 0 1
-0.0138652 -0.0782852 440 -0.0071378 -0.0180472 12.1325 24.6325 -13 662 0 0 1
0.037023 -0.0256386 440 -0.0721689 -0.0324699 9.54235 45.8748 -13 663 0 0 1
-0.634156 -0.050256 440 -0.124354 0.133018 8.18255 48.4516 -13 664 0 0 1
-8.32898 -4.27404 440 0.015577 0.0102198 0.0374989 48.3783 11 664 1001 0 1
-0.0250497 -0.0106628 440 0.013363 0.0388741 11.3415 16.1033 -13 665 0 0 1
0.107713 0.0350605 440 -0.00682814 -0.0160263 11.7851 28.2349 -13 666 0 0 1
-0.0500079 0.0513076 440 -0.00839494 0.00619516 13.0884 25.121 -13 667 0 0 1
3.17043 -0.547042 440 0.200885 -0.988227 6.59024 34.0473 -13 668 0 0 1
-0.153869 -0.0539871 440 0.00968852 0.0535345 9.59204 34.4243 -13 669 0 0 1
-0.0787765 0.0593697 440 -0.0452422 0.0273997 13.5735 29.0882 -13 670 0 0 1
-0.00186054 -0.0078006 440 0.0164224 0.0114129 13.1448 31.9559 -13 671 0 0 1
0.132598 -0.0339958 440 -0.0546452 -0.0212305 3.79464 53.2034 -13 673 0 0 1
-0.0491515 -0.00248205 440 -0.0061188 -0.0513443 12.5464 42.0973 -13 674 0 0 1
0.0843984 -0.23486 440 0.0248769 -0.0469924 7.16892 29.9874 -13 675 0 0 1
-0.0329638 -0.0591457 440 -0.057434 0.0371798 12.9033 38.5251 -13 676 0 0 1
-0.03983 -0.0762541 440 -0.0146333 -0.0293382 11.8276 20.3336 -13 677 0 0 1
-0.0475941 -0.0326789 440 0.0701318 -0.065253 9.37106 32.6628 -13 678 0 0 1
-0.566844 0.489093 440 0.00483311 0.0475561 0.0265446 33.8927 11 678 1001 0 1
0.204793 0.23799 440 0.134213 0.0246709 8.11156 32.2665 -13 679 0 0 1
-0.105972 0.088212 440 0.0183295 0.0242578 9.2519 35.7709 -13 680 0 0 1
-0.0615607 -0.0958378 440 -0.0492379 -0.00166777 14.0691 14.2284 -13 681 0 0 1
0.0270186 0.00106269 440 -0.00806093 -0.011153 13.2522 13.2585 -13 682 0 0 1
0.00271171 -0.0483777 440 -0.037835 0.0164063 13.0007 37.3091 -13 683 0 0 1
0.4933 -0.31387 440 -0.387431 0.137975 8.6277 34.8768 -13 684 0 0 1
0.00599599 -0.11265 440 -0.0559749 -0.0198761 8.03475 27.0858 -13 685 0 0 1
0.419921 0.214282 440 0.0105566 -0.0179196 0.0296325 27.6032 11 685 1001 0 1
-0.0118792 0.137788 440 0.0330195 -0.0155603 11.5723 40.9281 -13 686 0 0 1
-4.35124 -1.40017 440 0.0350032 0.0161071 0.0513878 41.6991 11 686 1002 0 1
-6.81332 4.09353 440 0.0128346 -0.0384006 -0.0211237 54.6376 11 686 1002 0 1
-4.04347 7.02026 440 0.0297169 0.0241927 -0.000576956 58.7147 11 686 1002 0 1
-0.00429169 -0.0680695 440 -0.0681423 0.00872853 9.02426 24.1461 -13 687 0 0 1
0.108994 0.00359221 440 -0.039991 0.0131464 12.8451 35.4606 -13 688 0 0 1
0.728805 0.537889 440 0.0662399 -0.263102 9.82426 38.715 -13 689 0 0 1
3.1831 0.160656 440 0.013707 0.0279248 0.0647568 36.7652 11 689 1002 0 1
-0.45973 -0.210371 440 0.0882917 0.229413 5.20999 49.2395 -13 690 0 0 1
-0.089284 -0.0933476 440 -0.0129952 0.0655519 12.3132 30.0855 -13 691 0 0 1
-0.0952036 0.083268 440 0.00431117 0.000228747 7.44959 22.9526 -13 692 0 0 1
-0.0501218 0.0548158 440 0.0246147 0.0190762 12.7734 33.4178 -13 693 0 0 1
0.231878 0.0755842 440 -0.0112011 0.0155982 3.85856 49.5568 -13 694 0 0 1
-0.192841 0.107335 440 0.0750999 0.0432734 7.34003 32.4276 -13 695 0 0 1
0.112098 -0.0700355 440 0.00355678 -0.0647596 6.63505 37.3177 -13 696 0 0 1
-0.0383828 -0.00255873 440 -0.00413081 0.0271211 10.0129 34.3843 -13 697 0 0 1
0.311788 -0.0395682 440 0.0203103 -0.121148 8.72517 26.0094 -13 698 0 0 1
-0.0428361 -0.00302516 440 0.0015827 0.0123775 13.3454 35.792 -13 699 0 0 1
0.658174 -0.745905 440 0.245211 -0.748414 8.76668 28.5437 -13 700 0 0 1
0.0431091 0.135605 440 0.0755936 -0.0102267 9.07873 19.7143 -13 701 0 0 1
0.0692817 0.118956 440 0.0404931 -0.00049124 12.2987 38.3905 -13 702 0 0 1
0.134783 -0.0447491 440 -0.0236879 -0.0266879 12.066 35.5178 -13 703 0 0 1
0.0704628 0.102858 440 0.014798 0.0384989 9.40815 25.6332 -13 704 0 0 1
0.0795458 0.067417 440 0.0148175 -0.0469656 10.0959 22.4108 -13 705 0 0 1
-0.185832 0.0120088 440 -0.00745754 0.00142991 9.58652 32.1078 -13 706 0 0 1
0.0151855 0.00771281 440 -0.0137548 -0.00726092 13.8721 13.0417 -13 707 0 0 1
-0.0415392 0.0799237 440 -0.0222757 0.0348028 10.5414 33.2132 -13 708 0 0 1
-0.136631 0.123971 440 0.114758 0.104336 3.6449 54.8787 -13 709 0 0 1
-0.240162 0.0233046 440 -0.0826909 -0.125809 7.94491 39.7365 -13 710 0 0 1
-0.206389 -0.0193778 440 -0.0396175 0.0441398 14.1605 13.0661 -13 711 0 0 1
0.0414223 -0.00909419 440 0.0177083 0.0187412 11.6086 33.5179 -13 712 0 0 1
0.0143307 -0.168843 440 -0.0102294 -0.00536953 6.39865 46.4885 -13 713 0 0 1
0.0311299 -0.0428874 440 0.0257433 -0.00989784 14.0529 32.6389 -13 714 0 0 1
-0.0296443 -0.0386678 440 0.0027524 0.0288102 12.3722 42.3203 -13 715 0 0 1
-0.0656553 -0.0426038 440 -0.0494173 0.0386781 13.1203 32.8801 -13 716 0 0 1
0.058046 -0.0297749 440 -0.0322939 0.00344143 10.597 30.3755 -13 717 0 0 1
0.00530089 0.066625 440 0.0238408 0.0057675 8.69499 26.2554 -13 718 0 0 1
-0.046008 0.132207 440 0.0851139 -0.0716739 10.638 23.6403 -13 719 0 0 1
-0.0612057 0.0382932 440 -0.0346266 0.0425383 11.2753 42.7826 -13 720 0 0 1
-0.391608 -0.0542358 440 -0.159014 0.123047 9.67741 42.1846 -13 721 0 0 1
0.0162303 0.275472 440 -0.0515902 -0.164747 5.25316 40.3773 -13 722 0 0 1
0.0447965 -0.0627298 440 0.00661309 0.00760838 8.56289 21.976 -13 723 0 0 1
0.0815908 -0.0475306 440 0.0337747 0.0152046 4.89805 53.5633 -13 724 0 0 1
-0.0136483 -0.0379818 440 0.00998567 -0.00609954 9.60607 28.3531 -13 725 0 0 1
0.086307 0.100297 440 0.0613693 -0.0552964 13.6148 27.2792 -13 726 0 0 1
0.0622016 0.0306748 440 0.00202689 -0.00889715 14.142 16.3494 -13 727 0 0 1
0.194721 -0.155824 440 -0.177035 0.0124879 2.80477 71.0264 -13 728 0 0 1
0.113028 -0.00765227 440 0.0351788 -0.0353038 5.45633 39.4276 -13 729 0 0 1
-0.196638 0.00493628 440 -0.0716257 0.0347323 11.207 21.5226 -13 730 0 0 1
0.00266953 -0.0173952 440 -0.0241114 -0.0190387 10.96 17.5944 -13 731 0 0 1
0.400309 1.31597 440 0.00593851 0.305915 1.98575 81.1457 -13 732 0 0 1
0.295572 0.157147 440 0.0943485 0.00202175 4.76166 44.6125 -13 733 0 0 1
0.0630986 -0.0252394 440 -0.0320757 -0.00790751 7.86415 24.0423 -13 734 0 0 1
2.41832 -0.536457 440 0.0139492 0.0309047 0.0324471 24.1426 11 734 1002 0 1
-0.130124 0.0935271 440 0.00824748 0.0473612 10.9849 31.2946 -13 735 0 0 1
-0.0827974 0.0387436 440 0.021726 0.0806888 10.9921 24.237 -13 736 0 0 1
-0.0407699 -0.10307 440 -0.019742 -0.0640969 8.23384 39.5493 -13 737 0 0 1
0.233553 -0.0218047 440 -0.108763 -0.0428586 8.38307 41.8957 -13 738 0 0 1
0.172429 -0.0956577 440 -0.0126778 -0.087805 11.8927 34.1374 -13 739 0 0 1
-0.156237 -0.00937643 440 0.0235208 0.00409014 13.0328 36.0183 -13 740 0 0 1
0.0408463 -0.104951 440 -0.0547586 -0.0130821 8.70256 37.7236 -13 741 0 0 1
0.261625 -0.193987 440 0.0115145 -0.201729 4.31747 59.3753 -13 742 0 0 1
0.00981518 -0.126307 440 -0.0485556 0.00287066 8.33381 20.8312 -13 743 0 0 1
1.23682 -0.0312469 440 -0.254387 -0.155163 2.90974 55.885 -13 744 0 0 1
0.0100201 -0.0171661 440 -0.0092164 -0.00323822 11.5026 28.708 -13 745 0 0 1
0.16309 -0.0358155 440 -0.0143868 -0.0503317 8.56467 44.441 -13 746 0 0 1
-0.114748 0.0635098 440 0.00718877 0.0402678 11.847 36.3701 -13 747 0 0 1
0.131178 -0.131012 440 0.000489452 0.00899329 10.5538 32.1938 -13 748 0 0 1
-0.0259205 -0.107276 440 0.00753749 0.00712368 12.1213 14.7644 -13 749 0 0 1
-0.164547 -0.0761645 440 0.00311005 0.0663615 10.3849 37.0839 -13 750 0 0 1
-0.0110323 0.000809316 440 -0.063646 -0.0122048 11.1317 38.6134 -13 751 0 0 1
0.113751 -0.0573536 440 -0.0635332 -0.07756 6.53426 28.2896 -13 752 0 0 1
0.0383803 0.0683577 440 0.0604775 0.0048875 10.7906 17.6495 -13 753 0 0 1
-0.0150011 0.0569899 440 0.0163603 0.0130637 8.68104 43.8072 -13 754 0 0 1
-0.0410185 -0.0375147 440 -0.0820073 -0.0629201 7.92707 27.342 -13 755 0 0 1
-0.59045 -1.30868 440 -0.332734 -0.127784 5.38519 40.8179 -13 756 0 0 1
-0.112829 0.0507578 440 -0.0120791 0.00599204 7.25624 34.4045 -13 757 0 0 1
-0.121742 -0.128586 440 0.0116344 -0.00640006 7.90531 22.7128 -13 758 0 0 1
0.0849696 -0.00743313 440 0.0200022 -0.0228681 14.177 26.9897 -13 759 0 0 1
0.112816 -0.148175 440 -0.0526876 -0.0254226 8.07882 40.0109 -13 760 0 0 1
0.192044 -0.0436463 440 -0.0473814 -0.0766978 6.45561 31.4576 -13 761 0 0 1
-0.151868 -0.0124408 440 -0.0118297 0.0405448 13.867 40.0757 -13 762 0 0 1
0.0920271 -0.0550522 440 -0.0230099 -0.0386042 11.1517 40.6116 -13 763 0 0 1
-0.00650608 -0.00615365 440 -0.0045269 -0.00202628 9.86758 27.2156 -13 764 0 0 1
0.0333658 0.0871109 440 -0.00170434 -0.136148 5.82473 34.1266 -13 765 0 0 1
-0.0393002 0.0374888 440 0.00231636 -0.021633 8.58963 23.7729 -13 766 0 0 1
-0.0764793 0.0184881 440 -0.0340772 0.0381802 12.5938 42.0325 -13 767 0 0 1
-1.81097 -1.79174 440 0.0246046 -0.029944 0.0612234 42.5653 11 767 1003 0 1
0.0460549 -0.0295326 440 -0.0148803 -0.00526933 12.8752 33.4904 -13 768 0 0 1
-0.0680096 -0.141359 440 -0.0284044 0.0447851 6.99613 27.2269 -13 769 0 0 1
-0.100254 0.0540297 440 -0.00886771 0.0243054 13.6448 18.7419 -13 770 0 0 1
-0.0959291 0.190435 440 0.0644336 0.00924836 10.8984 20.941 -13 771 0 0 1
0.0582306 0.0669565 440 0.0887276 -0.0157674 14.3347 13.7019 -13 772 0 0 1
-0.0488929 0.0632426 440 0.0361319 0.0449028 11.4271 18.9896 -13 773 0 0 1
0.170768 0.101669 440 0.0781805 -0.0455797 13.4065 15.7903 -13 774 0 0 1
-0.109685 -0.257692 440 0.00471667 0.0672538 3.72162 43.4977 -13 775 0 0 1
0.059994 0.114781 440 0.0410114 -0.0336211 11.8174 25.3058 -13 776 0 0 1
0.0720245 0.00604028 440 -0.0156007 -0.0459532 10.6826 27.5742 -13 777 0 0 1
-0.114894 0.0109842 440 -0.0236457 0.062497 8.63122 37.2008 -13 778 0 0 1
-0.373934 0.299759 440 0.0761896 0.163196 12.9408 13.1232 -13 779 0 0 1
0.198497 -0.380451 440 -0.0849797 -0.132396 9.58744 21.2832 -13 780 0 0 1
-0.0284082 0.237272 440 0.1226 -0.23691 11.5568 18.344 -13 781 0 0 1
0.647333 2.63796 440 0.0357245 0.0442135 0.0633014 17.9303 11 781 1001 0 1
0.0675351 -0.14421 440 -0.00987366 -0.0223327 10.0691 19.4165 -13 782 0 0 1
0.313573 -0.0486226 440 0.0543857 -0.0314816 6.96352 39.356 -13 783 0 0 1
0.172711 -0.58644 440 -0.122312 -0.0129155 6.87346 25.6985 -13 784 0 0 1
-0.200143 0.207864 440 0.0405493 -0.00160948 4.94064 45.5456 -13 785 0 0 1
-0.175906 -0.0940838 440 -0.039592 0.0305648 9.58394 35.6517 -13 786 0 0 1
-0.0248518 -0.0133271 440 -0.0143276 0.0170085 8.90607 34.6944 -13 787 0 0 1
-0.221061 -0.0885553 440 -0.0408629 -0.00182682 12.3345 31.3709 -13 788 0 0 1
0.00817568 0.0742778 440 0.024925 -0.00541287 14.167 26.6918 -13 789 0 0 1
-0.0398555 -0.113272 440 -0.0368729 0.00182547 9.94846 43.1119 -13 790 0 0 1
-0.0479334 0.0139071 440 0.0223676 -0.0872329 4.90997 56.117 -13 791 0 0 1
0.262986 -0.166866 440 -0.0991649 -0.115301 11.7818 41.9595 -13 792 0 0 1
0.0873015 0.115916 440 0.0426997 -0.0233874 11.4249 31.1278 -13 793 0 0 1
0.161197 -0.120362 440 -0.016951 -0.028004 7.46562 33.7492 -13 794 0 0 1
-0.0266111 -0.407292 440 -0.120402 -0.0324087 11.5 22.5609 -13 795 0 0 1
0.0404713 0.0190274 440 0.029302 -0.00744466 8.90113 40.8306 -13 796 0 0 1
0.086127 0.0401407 440 -0.0101046 -0.0131936 14.0144 36.4372 -13 797 0 0 1
-0.00037235 -0.0823072 440 -0.0568823 0.0295337 13.7137 36.9827 -13 798 0 0 1
-0.0225847 0.0546369 440 0.0123635 0.0101593 9.37775 46.4289 -13 799 0 0 1
0.0111007 0.0182928 440 0.00996362 -0.00241966 13.5541 14.4391 -13 800 0 0 1
-0.0451108 -0.0362925 440 0.04642 0.00851284 5.76841 32.1065 -13 801 0 0 1
-0.114827 0.274892 440 0.0286391 -0.0263238 7.0064 42.3267 -13 803 0 0 1
-0.0172053 0.0777747 440 0.0245206 -0.000599438 13.007 20.0894 -13 804 0 0 1
0.00361584 -0.0167061 440 0.0119792 0.0135729 12.5819 39.8608 -13 805 0 0 1
-0.415504 0.317186 440 0.0496528 0.103451 2.97526 56.2402 -13 806 0 0 1
-0.00800198 0.0765251 440 0.0314828 0.0148573 13.6504 22.5148 -13 807 0 0 1
-1.02958 -0.21709 440 -0.0290529 0.272472 7.06885 32.102 -13 808 0 0 1
-0.0227928 0.0157317 440 -0.00650662 -0.00172498 14.3082 25.1313 -13 809 0 0 1
-0.076478 0.0852088 440 0.021905 0.0718063 10.8119 30.9823 -13 810 0 0 1
-0.132662 0.252038 440 0.0946562 0.089533 5.69217 30.6204 -13 811 0 0 1
0.0235177 0.183233 440 0.0144868 0.00372615 6.55576 26.2499 -13 812 0 0 1
-0.0895357 0.031803 440 0.0302644 0.147874 13.2055 23.1739 -13 813 0 0 1
-0.00015975 -0.0477091 440 -0.0472346 0.0334073 9.6284 27.5016 -13 814 0 0 1
-0.0716521 0.018285 440 0.0297139 0.00512111 11.6501 41.3002 -13 815 0 0 1
0.120363 -0.375397 440 -0.0658898 -0.0587096 6.00979 30.9032 -13 816 0 0 1
-0.741005 -0.0836699 440 -0.243434 0.25009 5.24879 53.9231 -13 817 0 0 1
-0.047109 -1.48796 440 -0.0217795 -0.00993266 0.0417076 53.4347 11 817 1001 0 1
0.0767883 0.240618 440 0.0511664 0.0793207 11.47 42.9526 -13 818 0 0 1
-0.117159 -0.0854357 440 -0.0241439 -0.00836513 6.16436 52.2543 -13 819 0 0 1
0.0618837 -0.0462109 440 -0.0434406 -0.0211539 13.3954 18.9549 -13 820 0 0 1
-0.0573494 0.134238 440 0.0257635 -0.00395358 8.40566 22.737 -13 821 0 0 1
-0.764022 -0.965484 440 -0.0133911 0.0296105 0.0554293 20.8888 11 821 1002 0 1
0.0854979 0.213776 440 0.0732851 0.0160113 11.6916 42.4389 -13 822 0 0 1
-0.0237817 -0.0058826 440 0.0217332 -0.00858597 12.6202 36.0705 -13 823 0 0 1
-0.0133109 -0.0216384 440 -0.0281182 -0.0111653 14.5636 32.1554 -13 824 0 0 1
0.034716 0.0510572 440 0.00455336 -0.0379453 14.4489 37.3285 -13 825 0 0 1
-0.200261 0.190319 440 0.0599198 0.0476233 7.59024 34.2484 -13 826 0 0 1
-0.318571 0.240556 440 -0.227861 0.137246 3.72069 68.6787 -13 827 0 0 1
0.184278 0.0791595 440 0.0296264 -0.0360302 8.64196 45.2323 -13 828 0 0 1
0.143496 -0.111152 440 -0.0535841 -0.0165973 10.0517 42.4193 -13 829 0 0 1
-5.96517 0.940886 440 -0.0282413 0.0287281 0.0253573 45.1613 11 829 1001 0 1
-0.0391425 -0.00537893 440 -0.00905019 0.0136814 14.0791 40.6599 -13 830 0 0 1
0.0792139 -0.0731024 440 -0.0736632 -0.0499698 8.40313 25.9586 -13 831 0 0 1
-0.034856 -0.0432683 440 -0.0104181 0.0164804 13.7976 25.4502 -13 832 0 0 1
0.00914016 0.251796 440 0.0703689 -0.02767 9.03735 47.0733 -13 833 0 0 1
0.0862568 -0.218337 440 -0.0687333 -0.0184244 5.30658 53.4509 -13 834 0 0 1
0.192787 0.248613 440 0.043357 -0.0640567 7.8033 48.1878 -13 835 0 0 1
-7.92323 1.61423 440 0.00136446 -0.00767645 0.0388448 47.8338 11 835 1002 0 1
0.00587565 0.0871431 440 0.0499722 0.022858 11.8631 35.3714 -13 836 0 0 1
-0.0592837 0.106181 440 0.0295566 -0.00917685 10.8263 24.0964 -13 837 0 0 1
-0.026017 0.0471126 440 -0.0210177 0.0294968 12.8309 29.5394 -13 838 0 0 1
-0.00974785 0.052069 440 0.0142281 0.00701781 11.1391 36.1137 -13 839 0 0 1
0.151453 -0.128954 440 -0.0359097 0.011098 9.85359 37.9204 -13 840 0 0 1
0.110508 -0.319241 440 0.210653 -0.0412529 6.16245 52.3849 -13 842 0 0 1
-0.0230197 0.1757 440 0.0910176 -0.0336796 8.28866 26.3772 -13 843 0 0 1
-0.00862756 0.15732 440 0.0440167 -0.00874128 4.28676 59.1793 -13 844 0 0 1
-0.0451162 0.247564 440 0.0966624 0.125904 13.4728 21.1209 -13 845 0 0 1
0.190841 0.221997 440 0.0118577 -0.0373799 12.2826 29.8894 -13 846 0 0 1
0.149271 0.334729 440 -0.0033447 -0.114014 4.56222 42.6742 -13 847 0 0 1
0.130515 -0.148364 440 -0.153224 -0.00889201 4.70467 60.355 -13 848 0 0 1
-0.0209348 0.0152451 440 0.0225647 0.00683012 9.62254 19.0792 -13 849 0 0 1
0.00412827 -0.121349 440 -0.048468 -0.0439322 12.3543 35.245 -13 850 0 0 1
-0.102767 -0.0417486 440 0.012061 0.0109262 8.90175 25.9663 -13 851 0 0 1
-0.638589 2.45925 440 0.134471 -0.122541 1.08206 99.0187 -13 852 0 0 1
0.231305 -0.399336 440 -0.320903 -0.0635263 4.84426 35.8698 -13 853 0 0 1
-0.000185079 0.0288942 440 -0.0280124 0.0375839 11.453 17.5681 -13 854 0 0 1
-0.00670383 0.0921949 440 -0.0098082 -0.00851258 11.5569 37.5963 -13 855 0 0 1
-0.0107666 0.111656 440 0.00482471 0.00892303 14.3185 19.6007 -13 857 0 0 1
-0.0970026 -0.074711 440 -0.134708 -0.0351048 10.2211 42.0168 -13 858 0 0 1
0.0700699 0.0725622 440 0.0190924 -0.0521779 12.9577 24.229 -13 859 0 0 1
-0.0808361 0.057617 440 -0.0184083 0.0182548 13.0407 37.3105 -13 860 0 0 1
0.0953538 0.0317801 440 0.00167638 -0.0330962 11.1781 17.5149 -13 861 0 0 1
0.0736595 0.24048 440 0.00498704 -0.0878329 5.85456 47.9077 -13 862 0 0 1
-0.814667 -0.224274 440 -0.000528986 0.229518 3.92529 45.3595 -13 863 0 0 1
0.10003 0.192016 440 0.0718634 -0.00800155 6.86917 36.4836 -13 865 0 0 1
0.0395448 -0.501141 440 -0.151251 -0.0185292 5.53211 56.8263 -13 866 0 0 1
0.158849 0.0503126 440 0.0114397 -0.0134251 8.34629 29.3366 -13 868 0 0 1
0.0697451 0.174932 440 -0.00343758 0.0282025 9.17667 38.2301 -13 869 0 0 1
0.0499885 -0.0702102 440 -0.0222375 -0.12167 12.3653 28.3151 -13 870 0 0 1
-0.0392086 0.123877 440 -0.00394135 0.0315934 13.7037 34.1143 -13 871 0 0 1
0.245611 -0.102891 440 -0.0251313 0.0827949 5.2061 50.204 -13 872 0 0 1
0.0621878 -0.218964 440 -0.0480956 -0.0977441 4.46496 40.0121 -13 873 0 0 1
-0.235159 0.114137 440 -0.0536439 0.147789 4.8347 45.3591 -13 874 0 0 1
-0.324616 -0.0499275 440 -0.0818899 0.102334 3.413 45.7191 -13 875 0 0 1
0.0897713 0.17265 440 0.0742207 -0.0176537 11.7787 25.439 -13 876 0 0 1
0.0965768 0.0176458 440 0.0196492 -0.0586904 9.20956 40.3416 -13 877 0 0 1
0.0411635 -0.0294268 440 -0.0122161 -0.0167071 14.2419 37.4914 -13 879 0 0 1
-0.110951 0.0713792 440 0.0341184 0.0262533 12.9339 18.01 -13 880 0 0 1
0.0113343 0.00837353 440 -0.00469264 0.00052074 14.5324 23.8224 -13 881 0 0 1
0.0168039 0.179825 440 0.0232861 0.0701568 6.53289 45.4951 -13 882 0 0 1
-0.0751564 0.186373 440 0.0426793 0.0452613 7.07388 46.3683 -13 883 0 0 1
-0.289316 0.270567 440 0.105851 0.0881191 5.70839 44.5777 -13 884 0 0 1
-1.48334 0.59722 440 0.00577481 -0.0229922 0.0250609 44.5235 11 884 1001 0 1
-0.0723919 -0.0811849 440 -0.0342638 -0.00863273 12.5705 14.5505 -13 885 0 0 1
-0.0706169 -0.000690142 440 0.0158706 0.00602812 8.4758 25.5064 -13 886 0 0 1
-0.161882 -0.0535804 440 -0.0294805 0.0830013 8.51695 19.3858 -13 887 0 0 1
-0.14823 -0.0872578 440 -0.030711 0.0676985 8.53157 38.0691 -13 888 0 0 1
0.0101992 0.0458222 440 0.0188238 0.0135617 11.3214 38.9684 -13 889 0 0 1
-0.062258 0.00490965 440 0.00986672 0.0104518 10.8243 26.6627 -13 890 0 0 1
0.281949 -0.284562 440 0.00558024 -0.100894 7.49709 29.3329 -13 891 0 0 1
-1.85175 1.85455 440 -0.0169136 -0.0263414 0.0456557 27.2758 11 891 1002 0 1
-0.0236178 -0.0518553 440 -0.00961281 0.0078841 14.0605 20.3941 -13 892 0 0 1
-0.0238259 0.0284494 440 0.0085477 0.00473923 9.37865 20.7394 -13 893 0 0 1
0.0796184 0.085788 440 -0.0139545 -0.0335391 12.6134 31.2916 -13 894 0 0 1
0.0204807 -0.0596274 440 -0.0126349 -0.00116745 11.6156 30.7678 -13 895 0 0 1
-0.0116305 -0.0667097 440 -0.00876555 -0.00822952 6.80789 44.9786 -13 896 0 0 1
0.032225 0.153061 440 0.0428381 -0.00234945 10.3548 22.7935 -13 897 0 0 1
-0.492282 -0.355476 440 -0.153883 0.0924789 8.37899 35.605 -13 898 0 0 1
-0.139479 -0.938866 440 -0.244126 -0.0259716 6.71074 33.2556 -13 899 0 0 1
-0.216011 -0.853828 440 0.0117711 -0.000634928 0.0376415 33.2936 11 899 1002 0 1
0.0163096 -0.0781011 440 -0.0368715 0.0148384 11.4466 15.9171 -13 900 0 0 1
0.115846 -0.156462 440 -0.0831261 0.0299668 5.4034 57.3484 -13 901 0 0 1
-0.327159 0.0661354 440 -0.129013 0.0531552 8.55383 21.012 -13 902 0 0 1
-0.0821122 -0.183113 440 -0.110166 -0.0103459 6.65513 31.5602 -13 903 0 0 1
-0.104144 0.106423 440 0.0163406 0.0133696 12.5549 20.512 -13 904 0 0 1
-0.299502 -0.0635958 440 -0.0938577 0.0616564 5.13169 48.3385 -13 905 0 0 1
0.0826085 0.0884086 440 0.018166 -0.0667882 10.4573 35.265 -13 906 0 0 1
-0.0237858 -0.143049 440 -0.0856205 -0.0400639 11.635 40.3143 -13 907 0 0 1
0.0101381 -0.0232438 440 -0.0046831 -0.00812636 12.9524 15.974 -13 908 0 0 1
-0.0292764 -0.000441639 440 0.00923157 0.0122636 7.27169 36.8586 -13 909 0 0 1
0.113635 -0.121919 440 -0.0367851 -0.0511753 9.29406 18.9807 -13 910 0 0 1
0.307724 0.781295 440 -0.0176711 0.0826409 1.91684 85.6975 -13 911 0 0 1
0.621119 -0.168898 440 0.0420326 -0.229899 11.8387 15.675 -13 912 0 0 1
-0.0159184 -0.069311 440 -0.0165764 0.00627243 10.3007 17.6556 -13 914 0 0 1
-0.0611492 0.260354 440 0.0304917 -0.00722489 9.11735 23.9409 -13 915 0 0 1
0.0819824 -0.105684 440 -0.00995175 -0.0414605 13.8057 30.6136 -13 916 0 0 1
-0.0320047 -0.100529 440 -0.00016624 0.054146 12.4963 32.5478 -13 917 0 0 1
-0.0169475 -0.0150416 440 0.00210686 -0.00419732 12.8527 36.7586 -13 918 0 0 1
0.263805 -0.303285 440 0.0466284 -0.0434413 3.77155 45.4191 -13 919 0 0 1
0.152526 0.132566 440 0.0743584 0.0375537 8.64653 21.7309 -13 920 0 0 1
0.00678365 0.0878016 440 0.0495363 -0.0164769 14.0832 17.8386 -13 921 0 0 1
0.0268454 0.0298042 440 -0.000797392 -0.0153255 12.852 33.6801 -13 922 0 0 1
0.0290311 -0.049141 440 -0.0192412 0.133656 4.02407 66.4121 -13 923 0 0 1
0.00360996 0.150618 440 0.0330973 -0.0095618 13.5895 25.8478 -13 924 0 0 1
-0.0528297 0.121257 440 0.0380324 -0.00742603 13.9407 40.1233 -13 925 0 0 1
0.0549337 -0.160791 440 -0.0539357 0.00821545 12.8117 13.5163 -13 926 0 0 1
0.066756 0.0114122 440 0.00539485 0.0278205 4.83295 47.1315 -13 927 0 0 1
0.0767854 -0.00627116 440 -0.0182696 -0.0152027 11.7851 37.3866 -13 928 0 0 1
0.0505841 -0.0190862 440 0.00152488 -0.0177182 13.5541 18.6314 -13 929 0 0 1
-0.107604 -0.126276 440 -0.0510955 0.0377327 12.7394 30.9779 -13 930 0 0 1
0.0673134 -0.0130167 440 0.0109403 -0.0250905 13.3166 33.4898 -13 931 0 0 1
0.0269285 0.00539672 440 -0.00621962 0.0350059 11.4536 43.1538 -13 932 0 0 1
0.226375 0.182574 440 0.0161937 -0.0966083 13.6098 25.3364 -13 933 0 0 1
-0.0304333 0.0339238 440 0.0206408 0.0541973 8.60424 30.8997 -13 934 0 0 1
-0.119826 0.0875397 440 0.0174476 0.0317835 0.0211105 30.9765 11 934 1001 0 1
0.00629235 -0.189281 440 -0.0547248 -0.071788 10.3363 36.8357 -13 935 0 0 1
-0.79222 0.0397336 440 -0.00197934 -0.008814 0.0841978 35.7527 11 935 1001 0 1
-0.0266663 0.0200003 440 0.00777388 -0.00225709 12.4248 26.5782 -13 936 0 0 1
0.0423731 0.0172298 440 -0.00498308 -0.0126686 12.5372 40.2567 -13 937 0 0 1
0.109582 0.316344 440 0.00268905 -0.072247 4.61507 37.586 -13 938 0 0 1
-0.0209893 -0.0792531 440 -0.0273476 -0.031846 13.8487 21.7553 -13 939 0 0 1
-0.14106 -0.0708232 440 -0.00915789 0.0271439 5.93865 30.5894 -13 940 0 0 1
-0.0193807 0.00423199 440 -0.00467087 -0.0865373 12.2548 29.1144 -13 941 0 0 1
-0.282205 1.14784 440 0.0472296 0.000760291 0.0347308 34.6883 11 941 1001 0 1
0.772659 0.281482 440 -0.153255 -0.0180698 2.32746 79.3406 -13 942 0 0 1
0.0155609 -0.0932458 440 -0.0397528 -0.0245244 10.5289 40.2419 -13 943 0 0 1
0.494064 0.384369 440 0.0795084 -0.0524075 5.77418 50.5163 -13 944 0 0 1
0.346975 -0.191098 440 -0.149237 0.0409739 4.01192 64.8343 -13 945 0 0 1
-0.0582776 -0.114524 440 -0.0250236 0.0486797 14.3077 24.2624 -13 946 0 0 1
-0.1332 0.105411 440 0.101925 0.0718126 10.4603 20.5374 -13 947 0 0 1
0.0706478 0.29847 440 0.123548 -0.0154519 7.75831 25.6446 -13 948 0 0 1
-0.0278673 -0.020361 440 -0.00158874 -0.0206855 12.4871 33.9805 -13 949 0 0 1
-0.328529 0.543214 440 0.299616 0.162032 3.301 47.3593 -13 950 0 0 1
0.0986966 0.103289 440 0.0470752 0.0227972 5.27791 36.6234 -13 951 0 0 1
0.181871 -0.338846 440 -0.0767132 0.000884278 4.19625 62.2348 -13 952 0 0 1
-0.116928 0.0537152 440 0.0179691 0.0450771 9.84125 23.1736 -13 953 0 0 1
2.52058 2.59123 440 -0.0189883 -0.0332638 0.0268349 24.7518 11 953 1002 0 1
-0.04756 -0.070081 440 -0.0640159 0.018411 6.72272 43.3688 -13 954 0 0 1
-0.0936719 9.40572e-05 440 -0.00639922 0.0356831 7.35387 38.5669 -13 955 0 0 1
-0.152987 -0.137798 440 -0.0196463 0.0194691 0.0543882 38.4914 11 955 1001 0 1
-0.044408 -0.106851 440 -0.0591439 0.129408 6.95949 30.1538 -13 956 0 0 1
0.207486 0.0517263 440 0.0141271 -0.0366191 14.0602 30.4391 -13 957 0 0 1
-0.0619321 0.0637027 440 0.0234171 0.049101 11.8923 27.8655 -13 958 0 0 1
-0.177692 0.0427705 440 0.0363904 -0.0675329 10.4188 36.0139 -13 959 0 0 1
0.0354519 0.047127 440 0.0174686 -0.0339233 14.4321 20.7552 -13 960 0 0 1
-0.00929936 -0.252594 440 -0.0682292 -0.155571 1.38884 81.6053 -13 961 0 0 1
0.123763 0.12295 440 -0.0455015 -0.100337 11.7992 32.7004 -13 962 0 0 1
-0.0756084 0.0383109 440 0.0219014 0.00933495 11.8771 36.5016 -13 963 0 0 1
-0.0381752 0.0415875 440 0.0384492 0.00404259 10.4879 42.0036 -13 964 0 0 1
0.117817 -0.137527 440 -0.0418469 -0.00899779 11.339 29.8691 -13 965 0 0 1
0.0754729 0.165987 440 0.0580298 -0.0544051 9.40326 25.0961 -13 966 0 0 1
0.0262003 0.697248 440 0.143889 -0.0097743 2.65219 59.9897 -13 968 0 0 1
0.207961 -0.105811 440 -0.0141355 -0.0734421 8.89536 30.7128 -13 969 0 0 1
2.09275 5.6474 440 -0.0264768 -0.000464968 0.0436392 30.1226 11 969 1002 0 1
-0.0524167 -0.07592 440 -0.0688506 -0.00809414 13.2537 26.2196 -13 971 0 0 1
-0.00742129 -0.00618161 440 -0.00906789 0.00231697 14.4645 26.4858 -13 972 0 0 1
-0.0548838 0.025718 440 -0.0142352 0.0334271 13.768 40.3849 -13 973 0 0 1
0.101234 -0.181935 440 -0.0260828 -0.0595808 14.4832 31.048 -13 974 0 0 1
-1.33907 -0.56573 440 0.0433917 -0.0387294 0.0815817 30.6958 11 974 1001 0 1
0.0218414 0.287438 440 0.0992547 -0.0321723 10.2887 35.6068 -13 975 0 0 1
-0.0765682 -0.264782 440 -0.0635803 0.0217191 6.70204 29.9363 -13 976 0 0 1
-0.0980529 0.151396 440 -0.00770541 0.0205078 9.06589 34.9673 -13 978 0 0 1
-0.0630729 0.0172844 440 -0.00117743 0.00780976 13.7196 30.5616 -13 979 0 0 1
0.045356 0.0514903 440 -0.0184572 -0.0241617 12.0892 17.2186 -13 980 0 0 1
-0.0322156 -0.0861329 440 -0.0254952 -0.00734706 9.68102 17.3863 -13 981 0 0 1
0.0696163 0.0336716 440 0.00993995 -0.0183865 13.6268 24.7523 -13 982 0 0 1
-0.43325 0.126669 440 0.0631746 0.149871 5.68306 51.2771 -13 983 0 0 1
-0.0799334 0.0143739 440 0.00985128 0.0382455 10.0082 18.5679 -13 984 0 0 1
-0.169398 1.92994 440 0.0144477 -0.018028 0.0897033 17.398 11 984 1001 0 1
-0.155766 -0.102073 440 -0.0767421 0.0420698 11.2583 29.6929 -13 985 0 0 1
-0.200998 -0.132796 440 -0.055507 0.0261547 8.33008 37.8373 -13 986 0 0 1
1.0028 -4.31134 440 -0.00365856 0.0265419 0.0553846 36.0928 11 986 1001 0 1
0.0367028 0.0770579 440 0.0409818 0.0185038 14.2402 36.0739 -13 987 0 0 1
-0.0692946 -0.112321 440 -0.122255 0.0121025 6.69426 45.5241 -13 988 0 0 1
-0.601623 0.522511 440 -0.0704226 -0.0403418 2.41059 72.2917 -13 989 0 0 1
-0.149981 -0.0362828 440 0.00415866 0.0398901 14.4709 19.486 -13 990 0 0 1
0.0304976 -0.0606607 440 -0.0211675 -0.0104728 10.8779 34.9069 -13 991 0 0 1
-0.096987 0.108254 440 0.0175844 0.0515808 13.0973 37.8685 -13 992 0 0 1
0.0689948 -0.0819219 440 -0.00655362 -0.0192876 11.2507 43.3288 -13 993 0 0 1
1.20791 -0.268271 440 -0.0432884 -0.00126642 0.0301191 43.658 11 993 1001 0 1
-0.0212116 -0.0160606 440 -0.00221172 0.00943979 12.8218 37.3321 -13 994 0 0 1
-0.0623797 -0.00937211 440 -0.0063963 0.0486837 13.9011 23.6541 -13 995 0 0 1
0.069307 -0.0533263 440 -0.00181764 -0.0449996 13.0469 37.7149 -13 996 0 0 1
0.107765 -0.117486 440 -0.040272 -0.0859214 14.5177 20.0284 -13 997 0 0 1
-0.179699 0.418676 440 0.0907611 0.0562407 10.209 40.8505 -13 998 0 0 1
-2.86895 -1.88768 440 -0.0363387 0.0250651 0.0435308 41.1752 11 998 1001 0 1
0.147044 0.131665 440 0.0162027 0.0443816 7.37164 26.5153 -13 999 0 0 1
-0.0204381 -0.00827024 440 0.0274544 0.00137523 8.4489 40.6581 -13 1000 0 0 1
