#BLTrackFile NTuple/Z460
#x y z Px Py Pz t PDGid EventID TrackID ParentID Weight
#mm mm mm MeV/c MeV/c MeV/c ns - - - - -
-0.0648081 0.0692004 460 0.0152095 0.00851577 11.5117 33.3125 -13 1 0 0 1
-0.115949 -0.0215259 460 0.0166252 0.0184933 12.5773 35.5762 -13 2 0 0 1
-0.309802 0.361862 460 0.0793794 0.123469 9.85868 19.1077 -13 3 0 0 1
-3.21205 2.13316 460 0.0295662 0.00397304 0.0805882 13.1334 11 3 1001 0 1
-0.00918058 0.0281727 460 -0.00417387 -0.00444492 11.1482 18.9144 -13 4 0 0 1
-0.0996615 0.176797 460 0.0167007 0.0335949 6.874 30.9478 -13 5 0 0 1
-0.144324 0.10384 460 -0.0250655 0.0760183 7.65516 43.4228 -13 6 0 0 1
-0.103172 -0.0106858 460 -0.0362792 0.0443432 12.0348 27.1246 -13 7 0 0 1
-0.148929 -0.0450346 460 0.0527297 0.034143 5.13608 46.2166 -13 8 0 0 1
0.0951244 0.0438836 460 0.0449716 -0.0265818 13.6351 35.51 -13 9 0 0 1
-0.0765193 0.0249487 460 -0.0020147 0.0160223 13.2403 17.384 -13 10 0 0 1
-0.0244188 0.0557272 460 0.0302819 -0.014385 10.6132 18.1885 -13 11 0 0 1
-0.465088 0.144026 460 0.0471711 0.136551 11.8195 17.9456 -13 12 0 0 1
0.0390019 -0.226971 460 0.00922912 0.048345 3.70097 47.986 -13 13 0 0 1
0.0131523 -0.0336214 460 0.0143824 0.00131692 10.3211 18.8955 -13 14 0 0 1
-1.13451 2.26453 460 0.0147698 -0.0214594 0.0931491 13.0169 11 14 1002 0 1
-0.0678031 0.0349841 460 0.0132086 0.0312612 5.27054 50.1836 -13 15 0 0 1
0.113037 0.235327 460 0.16421 -0.0759848 8.36258 22.2825 -13 16 0 0 1
-0.734472 -0.143196 460 0.00482351 0.0367714 0.0509444 22.1037 11 16 1001 0 1
0.0351783 -0.049274 460 -0.00296234 -0.00708969 14.5134 18.4829 -13 17 0 0 1
-0.00769905 -0.0361475 460 0.0155558 -0.0163773 13.0893 41.5801 -13 18 0 0 1
0.262583 0.133972 460 0.0277059 -0.0536525 8.26964 37.5036 -13 19 0 0 1
-0.603262 -2.52034 460 -0.165405 -0.0639587 1.66765 85.5673 -13 20 0 0 1
0.00438399 0.128071 460 0.0214035 -0.00853382 14.426 34.2717 -13 21 0 0 1
-0.145476 0.000225719 460 -0.0216447 -0.00177678 10.4593 17.4913 -13 22 0 0 1
2.42407 -2.98867 460 0.0197792 0.0308113 0.06025 17.7001 11 22 1002 0 1
-0.255007 0.17878 460 0.0517866 0.0636624 11.7814 43.4934 -13 23 0 0 1
0.0133763 0.139796 460 0.0546625 0.0166626 8.30697 46.9256 -13 24 0 0 1
0.118837 0.144633 460 0.0429111 -0.0260777 14.3672 25.6961 -13 25 0 0 1
0.0345005 0.161525 460 -0.000849368 0.107252 8.94293 34.0048 -13 26 0 0 1
-0.149423 -0.0657394 460 -0.0220324 0.0216714 8.45976 29.7739 -13 27 0 0 1
0.00106315 0.0122925 460 0.0242416 -0.0287414 11.5709 42.0624 -13 28 0 0 1
-0.00678796 0.181671 460 0.0285407 0.0122425 7.00341 44.8563 -13 29 0 0 1
-0.154864 0.370607 460 -0.0186536 -0.023046 0.0288357 44.8815 11 29 1002 0 1
0.0955713 0.385462 460 0.121728 -0.131748 13.6171 14.5339 -13 30 0 0 1
0.0783974 -0.055309 460 -0.0384051 -0.0210579 10.3558 20.2326 -13 31 0 0 1
-0.127301 -0.208373 460 -0.0495715 0.024876 8.49499 24.9613 -13 32 0 0 1
0.243347 -0.577816 460 -0.207429 0.147907 3.34904 70.6387 -13 33 0 0 1
-0.0372295 -0.13647 460 -0.0453086 0.065011 13.6431 33.7524 -13 34 0 0 1
3.21931 1.89121 460 0.0232421 -0.0284107 0.0484902 38.8731 11 34 1001 0 1
0.0277354 0.439041 460 0.0360308 -0.00596064 5.13137 58.1048 -13 35 0 0 1
0.224098 0.0347555 460 -0.00833044 -0.060097 8.5833 43.4376 -13 36 0 0 1
-0.0134161 -0.0565056 460 -0.0425343 -0.0224739 10.4032 44.065 -13 37 0 0 1
0.0350645 0.0461138 460 0.00208337 0.00103231 11.8504 37.5067 -13 38 0 0 1
-0.0355971 -0.0151769 460 0.0112782 0.033995 9.51609 27.6856 -13 39 0 0 1
0.0187938 0.127624 460 0.0673502 0.0372617 10.886 35.822 -13 40 0 0 1
-0.0753395 -1.015 460 0.0361515 -0.0335377 0.0382833 35.9556 11 40 1001 0 1
-0.371107 0.212017 460 0.0696553 0.127039 8.89646 21.7557 -13 41 0 0 1
-0.0131878 -0.0542608 460 -0.0578977 0.0198124 9.92066 38.3972 -13 42 0 0 1
0.11088 -0.028949 460 -0.013614 -0.0365707 14.4182 23.4868 -13 43 0 0 1
-0.158867 -0.12766 460 0.0216277 -0.0072454 11.2882 33.6087 -13 44 0 0 1
0.0460075 0.123892 460 0.0588793 0.0179509 10.8581 39.951 -13 45 0 0 1
-0.0948393 0.0685276 460 0.0138161 -0.0298378 5.0209 36.5914 -13 46 0 0 1
-0.0961086 0.0335097 460 0.018056 0.050043 11.4182 22.735 -13 47 0 0 1
0.480813 0.319932 460 -0.115813 -0.144707 6.67195 34.6549 -13 48 0 0 1
-0.0360608 0.0722853 460 -0.0114692 0.0347369 13.2733 19.0284 -13 49 0 0 1
-0.0352649 -0.202933 460 0.031084 0.0953709 4.29079 64.1137 -13 50 0 0 1
-0.0388188 0.0479561 460 0.0292353 -0.0650038 8.39582 31.7724 -13 51 0 0 1
0.0699899 0.519987 460 -0.114429 -0.114457 2.04835 83.7515 -13 52 0 0 1
-0.178009 -0.0512331 460 -0.0197845 0.0884752 8.2178 21.6218 -13 53 0 0 1
0.282792 0.113531 460 0.112708 0.0341409 2.96772 55.1421 -13 54 0 0 1
0.0407649 -0.057758 460 -0.0371546 0.00388329 10.3986 35.4987 -13 55 0 0 1
0.0746021 -0.0265111 460 0.0468866 -0.0656062 14.0653 20.838 -13 56 0 0 1
0.0957968 0.282038 460 -0.0446617 0.0217437 0.0636641 20.9327 11 56 1001 0 1
-0.100369 0.00603995 460 -9.78285e-05 0.0289213 9.79031 44.3127 -13 57 0 0 1
-0.0841949 0.0408568 460 -0.00339151 0.0910036 8.2501 27.0886 -13 58 0 0 1
1.36105 1.433 460 0.00200044 0.0192018 0.0696049 25.4795 11 58 1001 0 1
0.199598 -0.199825 460 -0.114643 -0.0581656 7.00546 40.5374 -13 59 0 0 1
-5.05858 -3.54605 460 0.00250707 0.0047403 0.0445406 40.4304 11 59 1001 0 1
2.2396 1.95205 460 0.0199003 0.0102671 0.0414532 37.7858 11 59 1002 0 1
-0.129286 0.0256238 460 -0.0181881 0.0570001 8.24264 41.5905 -13 60 0 0 1
-1.87777 -2.58601 460 0.00295829 0.0291154 0.0582807 37.96 11 60 1001 0 1
0.00864843 -0.0189261 460 -0.0114999 0.042942 13.952 27.4804 -13 61 0 0 1
-0.102714 0.0666125 460 0.00470967 -0.00615057 9.36232 30.4795 -13 62 0 0 1
-0.00178098 -0.0142448 460 -0.00297539 0.00570951 14.0077 40.1504 -13 63 0 0 1
0.0126241 -0.117334 460 -0.0603382 -0.0575059 8.89353 31.2974 -13 64 0 0 1
-0.328862 -0.0893159 460 -0.0688684 0.107252 5.10264 36.7097 -13 65 0 0 1
-0.0972166 0.139526 460 0.0211001 0.04756 7.40666 35.4752 -13 66 0 0 1
0.0470407 0.0127858 460 0.00889538 -0.0197028 11.5294 26.9429 -13 67 0 0 1
-0.0709045 0.00442938 460 -0.0516795 0.017664 10.6586 35.123 -13 68 0 0 1
-0.0769751 -0.180231 460 -0.0244858 -0.0306995 5.43379 43.6519 -13 69 0 0 1
-0.0428915 0.0472543 460 -0.0474378 0.00947028 11.1592 20.1104 -13 70 0 0 1
0.0321393 0.0763081 460 0.0341278 0.0149614 11.6821 18.1364 -13 71 0 0 1
0.0583599 0.0394224 460 0.0517613 -0.016991 10.3673 17.5442 -13 72 0 0 1
0.212907 -0.294131 460 -0.0223335 0.0800696 6.13222 48.3491 -13 73 0 0 1
-0.010842 0.0164736 460 -0.0220564 -0.00789441 10.7399 30.2397 -13 74 0 0 1
0.115558 0.225925 460 0.00176115 -0.00326477 7.80401 48.9693 -13 75 0 0 1
0.000583052 -0.0655692 460 0.00911146 -0.0381879 12.49 38.9441 -13 76 0 0 1
-0.0607363 0.082645 460 0.00929263 -0.0085859 8.21643 46.1566 -13 77 0 0 1
0.0277932 -0.0808323 460 -0.0103403 -0.0233304 13.5517 25.9354 -13 78 0 0 1
-0.0119116 0.0227007 460 0.00054258 -0.0106803 12.685 38.1756 -13 79 0 0 1
0.0744272 -0.0236627 460 -0.00867822 0.00116558 10.2924 43.9955 -13 80 0 0 1
0.092633 0.033029 460 0.0155737 -0.0281699 8.68014 42.0548 -13 81 0 0 1
-0.116231 -0.166433 460 -0.0376017 0.0472203 13.2042 35.8032 -13 82 0 0 1
-0.0286654 0.00418945 460 0.0100693 -0.00957765 9.86472 35.6994 -13 83 0 0 1
0.295744 -0.177687 460 -0.0444869 0.0150318 6.35932 39.375 -13 84 0 0 1
0.0250974 0.0704508 460 0.0311504 -0.00734155 13.6058 16.1743 -13 85 0 0 1
0.0223591 0.00369997 460 0.015097 -0.0212576 7.97257 33.7331 -13 86 0 0 1
-0.389 -0.638417 460 -0.303485 -0.0594236 2.06547 89.9773 -13 87 0 0 1
0.0984144 -0.187142 460 -0.074402 -0.0415004 8.52151 27.8207 -13 88 0 0 1
0.277768 -0.083907 460 0.00564283 -0.0358062 9.98157 27.5383 -13 89 0 0 1
-0.0576076 0.211064 460 0.0275966 0.0610074 6.69528 33.2518 -13 90 0 0 1
0.0525135 0.0872135 460 0.0336353 -0.07834 7.16305 50.3715 -13 91 0 0 1
-0.0797913 -0.0581808 460 -0.0355329 0.0131161 6.68033 52.2831 -13 92 0 0 1
0.738742 0.22145 460 0.0509282 -0.225354 7.68471 47.2713 -13 93 0 0 1
-0.104092 -0.240287 460 0.0211724 0.057211 5.77264 36.9137 -13 94 0 0 1
-0.504182 1.04535 460 -0.011174 -0.0191455 0.0347438 34.6359 11 94 1002 0 1
-0.103573 -0.0712132 460 -0.00612078 0.0139296 10.781 27.2508 -13 95 0 0 1
-0.72756 0.959135 460 0.00581958 0.301469 1.8815 71.6255 -13 96 0 0 1
0.0169318 -0.00803418 460 0.0165329 0.0160701 12.8597 28.1119 -13 97 0 0 1
-1.04679 0.00998642 460 -0.389266 0.356486 9.4643 25.5336 -13 98 0 0 1
2.03886 1.60886 460 -0.00772992 -0.0203692 0.0855948 21.0919 11 98 1001 0 1
0.0240652 0.0853328 460 0.0265552 -0.0155201 14.0165 17.2292 -13 99 0 0 1
-0.177958 -0.0288064 460 0.030626 0.0920472 12.3158 14.5581 -13 100 0 0 1
-0.351164 0.224831 460 0.0879927 0.0407516 4.71934 49.9541 -13 101 0 0 1
-0.0520433 -0.0196543 460 -0.0204779 0.0263949 9.96625 39.9925 -13 103 0 0 1
0.025477 -0.15086 460 -0.0532547 -0.0133882 9.60548 30.2777 -13 104 0 0 1
0.119936 0.105304 460 0.0251796 0.0070884 8.81622 25.5294 -13 105 0 0 1
-0.0316381 -0.0614444 460 -0.0116007 -0.000943165 10.315 44.1942 -13 106 0 0 1
-0.0427961 -0.0267101 460 -0.0219538 0.0148674 13.7609 29.9654 -13 107 0 0 1
0.0340093 0.0547716 460 0.0672345 0.0559965 7.31634 35.1452 -13 108 0 0 1
-0.0326851 0.0527355 460 -5.60181e-05 0.00523005 13.5708 13.0717 -13 109 0 0 1
-0.357862 0.14678 460 0.0213359 0.14344 5.51633 32.6225 -13 110 0 0 1
-0.00688371 0.0356996 460 -0.00955457 0.0152166 9.84527 20.6818 -13 111 0 0 1
0.155894 0.00894221 460 0.112922 -0.112541 7.68119 25.4928 -13 112 0 0 1
0.0233863 0.0286144 460 0.015044 0.00985454 11.9569 24.2483 -13 113 0 0 1
0.163239 0.256434 460 0.10262 -0.0540974 8.07351 27.2199 -13 114 0 0 1
-0.52758 0.0240336 460 -0.362013 0.206077 13.2242 32.3048 -13 115 0 0 1
0.0765441 -0.0559548 460 -0.0394709 -0.00408164 10.3072 45.376 -13 116 0 0 1
-0.0141364 -0.098689 460 -0.021726 -0.0554883 11.5691 19.5556 -13 117 0 0 1
0.10415 -0.267373 460 -0.0612343 -0.0243011 5.86173 33.018 -13 118 0 0 1
0.0492228 0.0176504 460 0.0433718 0.00459601 10.9736 34.9129 -13 119 0 0 1
0.0924828 -0.124507 460 0.0902423 0.0667486 7.51837 35.9624 -13 120 0 0 1
0.157317 0.123014 460 0.0326887 -0.0629738 7.96884 48.684 -13 121 0 0 1
0.0281931 -0.00613019 460 0.0145821 0.0428851 8.98326 24.8804 -13 122 0 0 1
2.32107 -0.0265066 460 -0.0224787 -0.00627024 0.0439367 26.1706 11 122 1001 0 1
3.33004 1.78827 460 0.0119854 -0.00320245 -0.047079 27.1932 11 122 1001 0 1
-0.00815515 -0.0397557 460 -0.0593736 -0.119538 5.0135 54.7101 -13 123 0 0 1
-0.083875 -0.0816809 460 -0.0554897 0.000503899 12.9956 28.2023 -13 124 0 0 1
0.0304805 0.00889609 460 0.0148742 -0.062393 11.4612 41.0998 -13 125 0 0 1
0.354448 -0.499898 460 -0.0265196 -0.256781 11.7236 39.3274 -13 126 0 0 1
-0.0703415 -0.109838 460 0.0252035 0.000919919 9.63735 23.1607 -13 127 0 0 1
0.0130772 -0.0406552 460 -0.0775897 -0.00541211 13.5053 22.1132 -13 128 0 0 1
-0.0888067 -0.0204499 460 0.00878104 0.0461061 13.4938 25.1841 -13 129 0 0 1
0.0395039 0.0568882 460 0.0191565 -0.0182189 10.4583 38.2092 -13 130 0 0 1
-0.0684566 -0.192094 460 -0.0359759 0.0100043 9.18418 26.3538 -13 131 0 0 1
0.196176 -0.224564 460 0.104263 -0.182723 13.2413 35.1182 -13 132 0 0 1
0.133521 -0.0909359 460 -0.0686345 -0.0417322 14.5179 30.5711 -13 133 0 0 1
0.289265 -0.151852 460 -0.00289955 -0.0878976 7.27025 41.4959 -13 134 0 0 1
-0.0117727 -0.0478445 460 -0.0278682 0.00147289 13.3516 16.9146 -13 135 0 0 1
-0.0416913 -0.0800946 460 -0.0248549 0.0369632 12.9812 24.839 -13 136 0 0 1
-0.192691 -0.0147676 460 -0.0430412 0.00380884 7.2531 26.9548 -13 137 0 0 1
-0.136282 -0.158612 460 0.0299134 0.0279815 4.5647 40.4597 -13 138 0 0 1
-0.0509761 -0.0504181 460 -0.0438506 -0.0238566 11.4961 34.2644 -13 139 0 0 1
-0.0865806 -0.0871256 460 -0.0280951 0.0353401 14.1406 37.0114 -13 140 0 0 1
0.0272477 0.0815513 460 0.0203111 0.00251046 13.8215 13.3306 -13 141 0 0 1
-0.0888357 0.0313352 460 0.016444 0.019637 13.7537 23.9476 -13 142 0 0 1
-0.0158859 -0.253092 460 -0.0723138 -0.0165655 11.033 20.773 -13 143 0 0 1
0.0489981 0.0494854 460 0.00392612 -0.0226996 14.3916 32.3656 -13 144 0 0 1
-0.0614063 0.117508 460 0.0126085 -0.0214132 9.86813 42.1979 -13 145 0 0 1
0.28318 0.0260346 460 -0.00123746 -0.039406 9.23617 28.6605 -13 146 0 0 1
-0.0420019 0.0747565 460 0.0538852 -0.00575058 11.2383 30.1669 -13 147 0 0 1
-0.10967 0.104271 460 0.0146755 0.0273497 7.38275 35.6091 -13 148 0 0 1
-0.059318 -0.171766 460 -0.00842358 0.0472569 7.02073 32.075 -13 149 0 0 1
0.0443423 -0.0028526 460 -0.0100322 -0.0109517 13.8481 32.7526 -13 150 0 0 1
-0.174917 -0.00373774 460 0.0608111 0.00288976 8.09976 23.943 -13 151 0 0 1
-0.0241121 0.0132471 460 0.00741957 0.0173809 14.1346 36.191 -13 152 0 0 1
0.0728662 0.0507127 460 -0.0397701 0.035449 13.694 36.0032 -13 153 0 0 1
-0.0795976 -0.0869609 460 0.0220321 -0.0219185 9.46369 34.8123 -13 154 0 0 1
0.0438833 -0.235216 460 -0.0748878 -0.000129699 9.95274 41.9799 -13 155 0 0 1
0.0363758 -0.0664221 460 -0.0888848 0.00141663 11.9833 30.7477 -13 156 0 0 1
0.000943259 -0.0552612 460 -0.0522242 -0.0340487 13.2458 21.9523 -13 157 0 0 1
0.0263116 -0.225544 460 -0.089748 0.0865009 8.44246 29.9263 -13 158 0 0 1
-0.00567125 0.0181284 460 0.0169343 0.0128665 14.3366 34.7196 -13 159 0 0 1
-0.0592522 0.143837 460 0.0162664 -0.0525773 7.49973 30.7295 -13 160 0 0 1
0.130461 0.115496 460 0.0561988 -0.0659462 14.1102 18.9386 -13 161 0 0 1
-0.204984 0.00202515 460 0.00813384 0.0920284 9.73629 32.3825 -13 162 0 0 1
0.064612 -0.208673 460 -0.0288532 0.0438061 9.76088 20.1136 -13 163 0 0 1
-0.02679 -0.00380349 460 0.00565305 0.00707755 14.2225 32.0383 -13 164 0 0 1
-0.0255502 0.0854504 460 0.0279224 -0.00217263 12.3397 38.2871 -13 165 0 0 1
0.256962 -0.0997119 460 -0.0252613 -0.113775 11.0237 43.8585 -13 166 0 0 1
-0.239295 0.310691 460 0.0929987 0.0221491 9.84636 21.8441 -13 167 0 0 1
0.0107321 0.021055 460 0.00158094 0.00493788 11.4277 15.6417 -13 168 0 0 1
0.0655265 -0.111396 460 -0.0530346 -0.0123328 13.0672 39.2914 -13 169 0 0 1
-0.0866379 -0.0486351 460 -0.0505446 -0.0109922 8.93891 37.5631 -13 170 0 0 1
-0.012677 0.0698748 460 0.0047185 0.0163418 14.5127 33.686 -13 171 0 0 1
0.025591 -0.0411266 460 -0.00416188 -0.00537525 11.8595 28.8189 -13 172 0 0 1
-0.0381244 0.0798677 460 0.0272673 -0.00596169 13.0459 14.0915 -13 173 0 0 1
0.0352197 -0.0635828 460 0.02784 -0.00719668 9.76608 40.7481 -13 174 0 0 1
-0.00694746 0.0183545 460 0.023602 -0.00416463 10.6738 18.2602 -13 175 0 0 1
0.529853 -0.178584 460 -0.00136304 -0.174484 10.7884 29.8485 -13 176 0 0 1
0.111502 -0.787599 460 0.00117397 0.0103109 3.36204 51.9108 -13 177 0 0 1
-0.0473651 -0.104574 460 -0.0735782 -0.0366883 5.60279 40.6309 -13 178 0 0 1
0.718962 0.113613 460 -0.155518 -0.303831 5.58719 45.6608 -13 179 0 0 1
-0.450976 -0.0819203 460 -0.212473 0.00511221 7.14089 46.6123 -13 180 0 0 1
-0.00168757 -0.218612 460 -0.0385134 -0.0544438 8.78873 45.4242 -13 181 0 0 1
0.0537928 0.0564636 460 -0.00765386 0.0191813 9.26644 35.4851 -13 182 0 0 1
-0.0216179 -0.0976753 460 -0.0733623 0.0410563 14.0281 17.4598 -13 183 0 0 1
0.306898 -0.248401 460 -0.0616771 -0.129737 12.2831 18.4338 -13 184 0 0 1
-0.065563 -0.0134599 460 0.0464708 0.00126436 11.5052 30.4506 -13 185 0 0 1
-0.0787182 -0.013173 460 0.0357269 0.0212994 11.8792 43.2974 -13 186 0 0 1
-0.100357 -0.088717 460 -0.00556666 0.0338879 4.75507 37.6993 -13 187 0 0 1
-0.0553427 0.154483 460 0.0818713 0.0243403 8.60782 35.9609 -13 188 0 0 1
-0.200144 -0.0651054 460 0.0333366 0.0788865 5.8656 29.1833 -13 189 0 0 1
-0.085585 -0.0209814 460 -0.0265761 0.0463625 8.42157 25.4145 -13 190 0 0 1
-1.01839 0.218985 460 -0.0483719 0.297743 12.2406 19.7628 -13 191 0 0 1
0.16251 0.0598699 460 -0.0214968 -0.0698393 12.0786 19.6572 -13 192 0 0 1
-0.0142334 0.164459 460 0.00455726 0.00218516 10.3529 23.2016 -13 194 0 0 1
0.00128829 0.114546 460 0.0281872 0.0265082 10.872 37.3438 -13 195 0 0 1
-0.0894858 -0.090177 460 -0.0816844 -0.00978144 11.6949 43.7306 -13 196 0 0 1
-0.0655928 0.104833 460 0.0358489 -0.0138371 12.304 18.1893 -13 198 0 0 1
0.0132268 0.00822206 460 -0.00225882 -0.000652505 12.9306 27.363 -13 199 0 0 1
-0.766743 -0.7918 460 -0.0947401 0.130756 1.33679 92.4255 -13 200 0 0 1
-0.0474982 -0.134873 460 -0.0394044 0.00449277 11.6026 36.2033 -13 201 0 0 1
0.18712 0.0967035 460 0.0403854 -0.0469181 12.014 34.8871 -13 202 0 0 1
-0.0183574 0.0279109 460 0.01468 -0.00454723 14.4611 32.4392 -13 203 0 0 1
0.162243 0.245737 460 0.0161982 -0.0755723 5.48617 38.7239 -13 204 0 0 1
4.06282 -6.33595 460 0.0281654 0.00820772 0.0164307 35.9196 11 204 1003 0 1
4.04346 -6.34141 460 0.0165888 0.00950554 -0.00300703 36.5207 11 204 1003 0 1
-0.00794632 0.00374243 460 -0.0113016 -0.0113785 7.16869 34.17 -13 205 0 0 1
0.0068012 0.153886 460 0.0694508 -0.0634354 9.2454 45.989 -13 207 0 0 1
0.534951 0.444374 460 -0.0181535 -0.023123 0.909397 105.681 -13 208 0 0 1
-0.0756759 0.0696174 460 0.0399361 0.0159919 13.7136 25.221 -13 209 0 0 1
-1.23823 -2.06938 460 -0.41677 0.756399 2.95645 70.7108 -13 210 0 0 1
-0.122061 0.0556426 460 -0.103913 0.0424627 6.58208 40.1329 -13 211 0 0 1
0.393585 -0.251692 460 0.0581814 -0.241179 13.9473 13.4709 -13 212 0 0 1
-0.00848692 -0.21187 460 -0.0651296 0.076344 8.9644 47.4766 -13 213 0 0 1
-0.0236073 0.0642508 460 0.0406993 0.0362979 9.7983 35.2261 -13 214 0 0 1
-0.107115 0.0127122 460 0.00667737 0.0431294 4.05796 52.7124 -13 215 0 0 1
-0.123969 4.25702e-05 460 0.00725324 0.0704084 9.89762 29.0703 -13 216 0 0 1
0.0313383 -0.0607947 460 -0.0318425 -0.00743135 9.45624 30.6451 -13 217 0 0 1
0.116446 -0.120335 460 0.00219915 -0.0455729 5.17371 46.3144 -13 218 0 0 1
-0.0397245 0.0562952 460 0.0386092 0.00184148 9.76578 27.3853 -13 219 0 0 1
0.00246573 -0.0177367 460 -0.0277363 -9.54249e-05 13.3251 24.4142 -13 220 0 0 1
0.0209326 -0.271048 460 0.0619434 0.0389547 3.55938 52.8053 -13 221 0 0 1
-0.0639682 -0.0648479 460 -0.0225686 0.00794709 8.92973 25.6166 -13 222 0 0 1
0.0117024 -0.131577 460 -0.026977 -0.00850082 8.65202 22.5943 -13 223 0 0 1
0.102285 0.243808 460 0.13039 0.0190583 6.08842 55.6823 -13 224 0 0 1
0.0119814 -0.00813575 460 -0.010446 -0.00617163 12.3418 34.4707 -13 225 0 0 1
0.0921923 0.0590316 460 0.0198835 -0.0372226 10.0995 35.5259 -13 226 0 0 1
-0.137036 0.119416 460 0.0325426 0.0817068 12.6213 33.022 -13 227 0 0 1
-0.0311349 -0.061397 460 -0.0145426 0.0275507 13.5033 25.7605 -13 228 0 0 1
0.0275025 0.0103999 460 -0.0158895 -0.0117098 13.4457 23.31 -13 229 0 0 1
-0.15168 0.106963 460 0.0149745 0.0363964 11.9685 15.4596 -13 230 0 0 1
-0.0456804 0.169157 460 0.0579229 0.0710814 9.00904 44.6266 -13 231 0 0 1
-0.0304976 0.147225 460 0.0403664 -0.0408726 6.27975 45.085 -13 232 0 0 1
-0.238322 0.122621 460 0.0951246 0.00193716 10.9676 43.1559 -13 233 0 0 1
0.014086 -0.0349413 460 -0.00165907 -0.0398885 12.4877 16.4287 -13 234 0 0 1
0.0938891 0.315079 460 0.0508479 0.0322781 6.33549 49.4093 -13 235 0 0 1
0.132188 0.324085 460 0.0890888 -0.0470987 4.51334 55.73 -13 236 0 0 1
-4.73337e-05 0.0383878 460 0.0312935 -0.0298893 8.36434 34.8552 -13 237 0 0 1
0.036782 -0.0654531 460 0.0517398 0.010773 9.46284 22.5584 -13 238 0 0 1
1.88499 -0.150632 460 0.0130197 0.0414161 0.0356682 22.7636 11 238 1003 0 1
-3.70019 0.967525 460 -0.00345687 0.00535579 -0.0388366 29.1668 11 238 1003 0 1
0.0246043 -0.00490405 460 0.0125292 -0.0215414 12.7792 24.8394 -13 239 0 0 1
-0.00867674 -0.0480959 460 -0.0211779 0.0126425 12.7561 18.5319 -13 240 0 0 1
-0.110456 -0.0670312 460 -0.0504165 0.0179498 12.8058 15.3073 -13 241 0 0 1
-0.0298377 -0.111613 460 -0.0480103 -0.00140984 10.9284 31.6173 -13 242 0 0 1
-0.0545956 -0.0608014 460 -0.0592538 -0.0111606 13.8004 40.0438 -13 243 0 0 1
0.0960362 0.265723 460 0.0949949 -0.0174325 8.65681 42.6326 -13 244 0 0 1
0.14614 0.0643732 460 0.0225041 -0.0399756 12.9275 25.3666 -13 245 0 0 1
0.151993 -0.0196573 460 -0.0241634 -0.0426864 8.09015 29.3959 -13 246 0 0 1
0.0668463 -0.0300777 460 -0.0455946 -0.0295273 11.6399 24.8407 -13 247 0 0 1
-0.111181 0.00793329 460 0.0019232 0.0424351 11.8303 41.6041 -13 248 0 0 1
0.0218456 0.00891129 460 -0.00377664 -0.00185469 12.3501 24.344 -13 249 0 0 1
-0.0315149 -9.49858e-05 460 -0.00616685 0.0556189 10.353 35.5373 -13 250 0 0 1
0.01493 -0.201331 460 -0.042252 -0.0134442 8.30654 46.0644 -13 251 0 0 1
0.710404 0.548562 460 -0.022206 -0.0273323 0.0357668 46.2372 11 251 1002 0 1
0.0921998 -0.0295323 460 -0.0163953 -0.00778233 12.9742 20.5229 -13 252 0 0 1
0.44967 -0.0678048 460 0.0830407 -0.120846 11.9128 35.2572 -13 253 0 0 1
0.301571 -0.0218813 460 0.0678341 -0.00901387 8.31679 24.476 -13 254 0 0 1
0.0111783 0.0295769 460 0.0195633 0.0102695 12.0704 21.5218 -13 255 0 0 1
0.0281505 -0.0867702 460 -0.0454061 -0.0406401 12.2417 14.4378 -13 256 0 0 1
0.108255 0.0179594 460 0.0166135 -0.0113758 11.285 25.9693 -13 257 0 0 1
0.0424429 0.138372 460 0.039662 -0.0505712 11.7292 31.0033 -13 258 0 0 1
-0.00300003 0.0744931 460 0.0200373 0.0103475 14.4609 17.0647 -13 259 0 0 1
-0.0553964 0.0536949 460 0.00571106 0.000651702 14.2194 35.5786 -13 260 0 0 1
0.0143609 -0.0869011 460 -0.0371795 0.051924 13.8438 27.1977 -13 261 0 0 1
-0.0215949 -0.135785 460 -0.0725688 -0.0190416 12.9575 32.2125 -13 262 0 0 1
-0.00965659 0.0190271 460 0.0431339 0.0064824 10.5346 23.415 -13 263 0 0 1
0.264662 0.454624 460 0.0288284 0.114371 3.45146 67.5535 -13 264 0 0 1
-0.0506935 -0.0521601 460 -0.0183927 -0.00186643 12.8091 36.7995 -13 265 0 0 1
0.142751 0.208503 460 0.0689237 -0.0128655 11.3269 39.2706 -13 266 0 0 1
0.0758021 0.0257437 460 -0.00612786 -0.0324357 14.0584 34.4649 -13 267 0 0 1
0.0436716 -0.0739818 460 0.0140879 -0.0280928 12.2563 19.2648 -13 268 0 0 1
0.0549447 0.351626 460 0.0611231 0.00255522 11.9071 25.9222 -13 269 0 0 1
0.362434 -0.112046 460 0.152564 -0.0517231 3.34113 75.3539 -13 270 0 0 1
-0.247104 -0.236018 460 -0.0615276 0.060025 7.27018 50.0244 -13 271 0 0 1
-2.77389 5.12705 460 0.00406159 0.00996133 0.0331646 49.0435 11 271 1001 0 1
0.0384438 -0.0011214 460 0.0145722 -0.0252876 14.4664 21.5825 -13 272 0 0 1
0.0921149 0.0150523 460 0.0422473 -0.0146942 8.04847 30.7935 -13 273 0 0 1
-3.31009 1.06266 460 -0.033591 0.00561989 0.0553317 29.7049 11 273 1001 0 1
0.0268406 -0.0771153 460 -0.0301907 0.0217996 12.6109 40.3165 -13 274 0 0 1
-0.0663049 0.114716 460 0.00769279 -0.0106835 8.79449 38.518 -13 275 0 0 1
0.0540737 -0.0581152 460 0.0174651 0.00617347 11.5307 20.2433 -13 276 0 0 1
-0.10022 0.121232 460 0.0879318 0.00713954 9.62868 42.349 -13 277 0 0 1
0.0144198 -0.0168961 460 0.0148061 -0.0157346 13.7567 24.974 -13 278 0 0 1
-0.025442 -0.00916068 460 -0.0175899 0.0397655 13.348 33.2152 -13 279 0 0 1
-0.186961 0.143623 460 -0.0363391 0.0906276 6.31209 32.4189 -13 280 0 0 1
-0.00715126 -0.111879 460 -0.00918187 0.0269626 8.16736 40.2947 -13 281 0 0 1
0.00417669 -0.0215866 460 -0.00230003 0.00479634 9.51695 40.7768 -13 282 0 0 1
0.0742738 -0.0779524 460 -0.0263651 -0.038482 10.7096 22.8332 -13 283 0 0 1
0.119192 -0.0257269 460 0.0475145 -0.0271752 7.20704 36.439 -13 284 0 0 1
-0.353168 -0.157114 460 0.141817 0.0697307 3.03321 77.0329 -13 285 0 0 1
0.312912 0.159592 460 0.0250029 -0.0919078 6.77407 50.2634 -13 286 0 0 1
-0.00730165 0.175642 460 0.0294107 -0.00643355 10.8762 43.5324 -13 287 0 0 1
-1.45568e-05 -0.0459606 460 -0.0229462 -0.0241883 11.9623 39.4862 -13 288 0 0 1
0.0887175 -0.0391694 460 -0.00337535 0.00445325 9.45657 35.1499 -13 289 0 0 1
0.0969659 0.00286571 460 0.0669694 -0.0232203 9.05148 26.965 -13 290 0 0 1
0.17609 -0.223328 460 0.021239 0.00846659 6.90448 42.5364 -13 291 0 0 1
0.126413 0.0189469 460 -4.87231e-05 -0.0221787 13.2724 15.9397 -13 292 0 0 1
-0.142479 -0.0914589 460 -0.0211872 0.0585173 7.39881 51.3788 -13 293 0 0 1
-0.0574402 -0.0293704 460 -0.0181161 0.0204242 13.8224 41.7289 -13 294 0 0 1
-0.00744428 0.142063 460 0.0288642 -0.113212 7.2654 45.7776 -13 295 0 0 1
0.235417 -0.357038 460 -0.0930232 0.044518 6.02831 42.3486 -13 296 0 0 1
-0.295022 0.0738822 460 0.0649239 0.0735834 11.9803 18.778 -13 297 0 0 1
0.678678 -0.127682 460 -0.0782613 -0.314101 0.779749 115.537 -13 298 0 0 1
-0.00960881 -0.011299 460 0.0191321 -0.00187966 12.1817 26.5268 -13 299 0 0 1
0.611316 -0.100122 460 -0.0210965 -0.233176 3.17494 74.098 -13 300 0 0 1
0.110484 -0.270515 460 -0.0268574 -0.0261428 8.23012 46.6273 -13 301 0 0 1
-0.224345 0.20347 460 0.092726 0.0890933 7.53422 37.8656 -13 302 0 0 1
0.107597 0.152402 460 0.0840729 -0.036038 11.6598 27.4018 -13 303 0 0 1
-0.0183643 0.0411106 460 0.063313 0.0572827 7.7101 38.6413 -13 304 0 0 1
-0.0408615 -0.000364531 460 0.00382805 0.0153729 11.0933 25.2625 -13 305 0 0 1
-0.0595219 -0.0280169 460 -0.0086088 0.0330407 9.72062 32.6007 -13 306 0 0 1
0.877212 -0.205124 460 0.0574263 -0.256173 4.44781 47.6492 -13 307 0 0 1
0.0788192 0.0287328 460 -0.00400646 0.00539263 12.3851 20.1232 -13 308 0 0 1
0.0180017 0.163735 460 0.0316541 -0.135388 9.54472 37.5786 -13 309 0 0 1
0.217472 0.0119883 460 -0.0382933 -0.0809861 5.67709 38.1787 -13 310 0 0 1
-0.150822 0.026072 460 0.0280955 0.0474063 13.9919 29.2461 -13 311 0 0 1
-3.72868 0.58382 460 0.00438578 -0.0337972 0.00751067 34.2908 11 311 1001 0 1
-3.6496 0.648776 460 -0.00869744 -0.0154656 -0.0212004 35.4995 11 311 1001 0 1
-0.0112742 -0.000987911 460 0.00359862 -0.00224774 12.1598 20.8463 -13 312 0 0 1
-0.0714659 0.0777897 460 0.00756789 0.0487049 13.0461 14.7964 -13 313 0 0 1
0.0338764 -0.0271989 460 -0.00938995 0.0246128 13.817 13.8771 -13 314 0 0 1
-0.116494 0.0475992 460 0.0392015 0.0295401 11.6267 18.3002 -13 315 0 0 1
-0.0835372 0.0270006 460 -0.00454293 0.0206754 9.08665 24.8538 -13 316 0 0 1
0.0668924 0.293544 460 -0.116611 -0.0597151 2.45256 64.4433 -13 317 0 0 1
0.158034 -0.367835 460 -0.109684 -0.143036 6.10995 32.5621 -13 318 0 0 1
-0.0493852 -0.103184 460 -0.0173395 0.0277649 13.8126 18.0363 -13 320 0 0 1
-0.0461355 0.0187784 460 0.00690959 0.000216681 9.99625 22.3344 -13 321 0 0 1
0.0852417 -0.0281385 460 -0.0344 -0.0234418 12.7538 18.9921 -13 322 0 0 1
-0.0879271 -0.23776 460 -0.0320876 0.050055 6.11807 34.2779 -13 323 0 0 1
0.202705 -0.275973 460 -0.0424529 -0.0513939 11.4517 41.4917 -13 325 0 0 1
-0.0201549 0.0664663 460 0.032569 0.0039089 10.7197 36.0265 -13 326 0 0 1
-0.00907384 0.0777622 460 0.0217812 0.0129377 12.4695 26.6227 -13 327 0 0 1
-0.314073 0.395457 460 0.300705 0.0638484 4.14417 58.5471 -13 328 0 0 1
-0.0505519 -0.150878 460 -0.0447067 0.0384323 11.9816 36.2835 -13 329 0 0 1
-0.0206487 0.199215 460 0.0388004 0.0152063 8.93147 26.7721 -13 330 0 0 1
0.21669 0.00667728 460 0.0135962 -0.103524 5.56256 30.231 -13 331 0 0 1
0.0463953 0.480002 460 0.244306 0.329823 4.90862 38.9004 -13 332 0 0 1
0.0669053 -0.00418106 460 -0.0486148 -0.0155228 9.86267 28.2334 -13 333 0 0 1
0.00572543 0.0649841 460 0.0691661 -0.00303688 12.8539 15.7662 -13 334 0 0 1
0.103542 0.0762748 460 -0.0441717 0.00845216 14.2509 33.0518 -13 335 0 0 1
0.137475 -0.153841 460 0.0264786 -0.0301903 5.72371 42.4955 -13 336 0 0 1
-0.0066197 0.0743264 460 0.033122 0.003317 13.7357 30.7221 -13 337 0 0 1
-0.00251671 -0.0170647 460 0.0116356 0.0157714 9.65628 41.8578 -13 338 0 0 1
-0.169788 0.0792194 460 0.0240869 0.118385 9.34604 46.602 -13 339 0 0 1
0.0316758 -0.0451305 460 0.0277606 -0.0205406 12.4598 41.1123 -13 341 0 0 1
2.2729 0.848174 460 -0.177144 0.307192 1.40159 101.337 -13 343 0 0 1
-0.0132217 -0.0202496 460 -0.0123362 0.0137941 13.2439 19.15 -13 344 0 0 1
0.368434 -0.0623267 460 -0.0455036 -0.0924089 9.64442 17.9767 -13 345 0 0 1
-3.28584 -2.69898 460 -0.0116001 0.0506183 0.0375978 17.1279 11 345 1002 0 1
0.00576233 -0.000831322 460 -0.00218511 -0.00633321 13.4549 27.719 -13 346 0 0 1
0.0014395 0.0196208 460 0.0120016 -0.0336543 12.1119 28.5603 -13 347 0 0 1
0.0723141 -0.0449806 460 -0.0531808 -0.0601892 13.7848 38.6667 -13 348 0 0 1
0.245724 -0.196528 460 -0.0739139 -0.142823 7.10498 37.4434 -13 349 0 0 1
8.19196 0.429733 460 -0.00522954 -0.000424748 0.0491156 32.222 11 349 1001 0 1
-0.161767 0.00548479 460 0.0445313 0.0357965 7.75432 44.5766 -13 350 0 0 1
4.05996 0.826512 460 0.551965 -0.849635 4.37318 44.3094 -13 351 0 0 1
-0.813618 -0.127133 460 -0.00349838 0.24072 4.23012 49.6858 -13 352 0 0 1
0.236652 -0.0437294 460 0.0142993 -0.107862 10.8513 42.7386 -13 354 0 0 1
-1.46656 -0.649881 460 -0.331279 0.158593 3.14515 66.4436 -13 355 0 0 1
0.254372 -0.100717 460 0.0102558 -0.0871369 9.77973 44.945 -13 356 0 0 1
-0.0397029 0.234159 460 0.0030785 -0.0179409 10.6338 43.0481 -13 357 0 0 1
0.978402 -0.586649 460 0.039833 -0.0257841 0.0532176 43.2511 11 357 1002 0 1
0.17828 0.00194029 460 -0.0215511 -0.0605081 10.9095 32.8731 -13 358 0 0 1
0.10363 -0.0300875 460 0.000294382 -0.0264625 11.7963 20.4984 -13 359 0 0 1
0.0332309 -0.021261 460 -0.0027179 -0.0199357 13.5127 34.1007 -13 360 0 0 1
0.101415 -0.0127477 460 0.0147102 -0.0278103 3.79196 46.9982 -13 361 0 0 1
0.0232691 0.0343767 460 0.0247354 -0.0143365 8.75903 19.9624 -13 362 0 0 1
0.0341573 -0.0122821 460 -0.0109846 0.000392541 12.2114 42.2702 -13 363 0 0 1
0.0211697 0.0141001 460 0.0236542 -0.0140237 14.4531 16.5366 -13 364 0 0 1
0.077884 -0.00979273 460 0.00577604 4.35689e-05 11.8496 18.9934 -13 365 0 0 1
-0.0179528 -0.117404 460 -0.036145 -0.023063 7.90277 21.9862 -13 366 0 0 1
-0.201981 0.164325 460 0.0637972 0.0531155 11.7147 38.979 -13 367 0 0 1
-0.157544 -0.281284 460 -0.0606034 0.0874913 6.02683 46.4818 -13 368 0 0 1
-1.05893 1.01702 460 0.0404417 -0.111915 1.05979 100.296 -13 369 0 0 1
-0.16 0.0196292 460 0.00361239 -0.00632457 6.47684 29.3173 -13 370 0 0 1
-0.288951 0.303006 460 0.0512284 0.180397 14.5246 29.4327 -13 371 0 0 1
-0.462294 2.14249 460 -0.263273 -0.516577 1.71453 97.523 -13 372 0 0 1
-0.027043 -0.0224719 460 0.092262 0.0202206 14.1994 21.0997 -13 373 0 0 1
-0.538931 0.0288282 460 -0.148087 0.0434583 5.00442 38.5373 -13 374 0 0 1
-0.0370751 0.0705253 460 0.0148352 0.0286961 13.3717 34.6211 -13 375 0 0 1
0.21019 0.339231 460 0.10487 -0.103541 6.64089 37.7401 -13 376 0 0 1
-0.0872036 -0.091302 460 -0.0204108 -0.00100036 10.5241 26.043 -13 377 0 0 1
-0.172503 -0.16559 460 0.0303637 -0.0369316 7.42576 25.4011 -13 379 0 0 1
0.0512505 0.0315332 460 -0.0419603 0.0181366 10.7163 20.9626 -13 380 0 0 1
-0.0427467 0.234233 460 0.0419537 -0.00424015 7.81542 33.8394 -13 381 0 0 1
3.60896 -2.01812 460 -0.0104577 0.0266326 0.03366 37.385 11 381 1001 0 1
-0.0144659 -0.000150271 460 -0.0139315 0.0165024 13.4165 25.2089 -13 382 0 0 1
0.0882812 0.104714 460 0.108614 -0.0352119 14.1034 26.5409 -13 384 0 0 1
-0.0940972 -0.0164138 460 -0.0295237 0.00697217 14.4644 20.9678 -13 386 0 0 1
-0.0131686 0.00476012 460 0.0109332 -0.000994652 14.4324 29.6338 -13 387 0 0 1
0.0753502 0.112972 460 0.00749867 0.00528639 9.38488 41.5382 -13 388 0 0 1
0.0631313 0.195386 460 0.0320067 -0.0342453 13.4427 31.2122 -13 389 0 0 1
-2.77762 1.06136 460 -0.0381084 0.0103926 0.0704767 32.0123 11 389 1001 0 1
-0.0192869 0.0133592 460 -0.0421344 0.00423035 10.3218 25.5197 -13 390 0 0 1
-0.0777963 0.0185717 460 0.0433737 -0.00228885 8.71953 47.4063 -13 391 0 0 1
0.0260918 -0.149416 460 -0.00870735 0.00999108 8.14888 47.7316 -13 392 0 0 1
-0.556663 0.125525 460 0.0402765 0.126694 3.97252 43.4284 -13 393 0 0 1
0.108709 0.503441 460 0.0882081 0.00468694 3.92627 50.1362 -13 394 0 0 1
-0.133561 -0.531053 460 -0.131843 0.118645 14.1064 21.0121 -13 395 0 0 1
0.167285 0.0473505 460 0.0709764 -0.0345082 7.09149 39.503 -13 396 0 0 1
0.109317 -0.082352 460 -0.0288499 -0.0408904 14.5017 19.1916 -13 397 0 0 1
0.0188376 -0.0120774 460 -0.0139714 -0.0101782 13.3093 20.1358 -13 398 0 0 1
0.0167804 -0.0116194 460 -0.0173253 0.0285527 12.6223 16.8638 -13 399 0 0 1
-0.159094 0.0367281 460 -0.0190201 0.0563479 11.6562 25.9378 -13 400 0 0 1
-0.0425497 0.0712519 460 0.0135652 -0.0104862 11.1804 28.3518 -13 401 0 0 1
-0.14693 0.476 460 0.0523066 0.120052 7.32106 24.2608 -13 402 0 0 1
-0.0529784 0.289902 460 0.0750717 0.0409597 5.73716 48.6239 -13 403 0 0 1
0.0965866 0.0793169 460 0.0175199 -0.0311243 14.3956 20.2943 -13 404 0 0 1
0.305216 -0.0998549 460 0.0659473 -0.179201 12.7795 30.408 -13 405 0 0 1
1.15019 -0.366976 460 -0.0498524 0.0296772 0.0742853 30.2453 11 405 1001 0 1
0.0809489 0.00965228 460 0.0647885 0.0100397 7.14079 38.4283 -13 406 0 0 1
0.26978 0.436518 460 0.0874285 0.0107605 4.80011 57.9573 -13 407 0 0 1
1.91046 -1.92853 460 -0.0265974 -0.00699831 0.0244562 57.2598 11 407 1001 0 1
-0.0909663 0.0153993 460 -0.0839307 -0.0102564 10.8641 36.9766 -13 408 0 0 1
1.77685 -1.66663 460 0.00522348 0.0292816 0.0626935 36.9487 11 408 1001 0 1
-0.0151806 0.00429411 460 0.11078 0.0408163 12.2054 17.4184 -13 409 0 0 1
0.157472 -0.275334 460 -0.00735905 -0.0604495 7.20898 33.2155 -13 410 0 0 1
0.00192817 -0.319758 460 -0.0769609 0.0148407 6.84408 29.3143 -13 411 0 0 1
-0.0797231 0.205876 460 0.0679444 -0.037011 7.28459 27.4773 -13 412 0 0 1
0.239898 0.21035 460 0.080219 -0.1127 5.63113 29.6496 -13 413 0 0 1
0.434755 -5.83266 460 -0.00262806 0.00757529 0.0391814 27.3618 11 413 1001 0 1
-0.158749 0.0558467 460 0.0505413 0.0352981 9.83097 23.6742 -13 414 0 0 1
0.0496254 -0.18067 460 -0.0600962 -0.0412182 8.30411 27.2664 -13 415 0 0 1
-0.165963 -0.0120501 460 0.00505078 0.00686746 12.6372 27.2791 -13 416 0 0 1
0.0554724 -0.180186 460 -0.291401 -0.0498906 6.50584 31.2521 -13 417 0 0 1
0.0338785 -0.0528059 460 -0.0338159 -0.0719949 9.96109 43.1775 -13 418 0 0 1
-1.83534 0.28983 460 0.0137934 -0.0437227 0.0623411 41.4118 11 418 1001 0 1
-0.124543 -0.247376 460 -0.116442 0.140821 7.6908 35.497 -13 419 0 0 1
0.135783 -0.0581577 460 -0.0444249 -0.057103 12.4811 23.5335 -13 420 0 0 1
-0.0881211 0.0197197 460 -0.0225276 -0.00507582 13.2129 17.6816 -13 421 0 0 1
-0.423202 -0.0138046 460 -0.110675 0.145056 7.09492 27.3991 -13 422 0 0 1
0.0625299 0.0496974 460 0.0236904 0.00321923 9.33077 27.8956 -13 424 0 0 1
0.159303 0.0134559 460 0.0456204 -0.148812 5.16855 60.8626 -13 425 0 0 1
-0.108564 -0.0280211 460 -0.0332313 0.0734686 5.06321 56.4141 -13 426 0 0 1
-0.0254284 0.022935 460 0.00233386 0.00577857 10.8156 41.3195 -13 427 0 0 1
-0.0888886 -0.0219666 460 -0.00941911 -0.0281763 7.02435 31.8168 -13 428 0 0 1
0.0699685 0.530441 460 0.0594565 -0.111836 7.79576 34.3646 -13 429 0 0 1
-5.78327 3.40774 460 -0.0105207 -0.016598 0.0282361 34.865 11 429 1002 0 1
-0.139154 -0.0633209 460 0.0197501 0.0400014 9.94851 27.2143 -13 430 0 0 1
-0.191551 0.0521677 460 0.00129114 0.0378623 10.8417 25.473 -13 431 0 0 1
0.0455228 -0.178502 460 -0.0571589 0.00813476 9.95299 34.9792 -13 432 0 0 1
0.0335128 -0.0764241 460 -0.0171835 -0.0416067 11.0362 40.4526 -13 433 0 0 1
2.19948 1.84902 460 0.00142277 -0.0312538 0.0125726 42.896 11 433 1001 0 1
-0.00991197 0.0184707 460 0.00914749 0.0116822 13.7032 23.7227 -13 434 0 0 1
-0.294424 0.100407 460 0.059067 0.0645794 11.3896 29.741 -13 435 0 0 1
-0.0686375 0.0469285 460 0.0513475 -0.0290679 11.2535 21.7492 -13 436 0 0 1
0.0472219 0.0415546 460 0.0189055 -0.0161666 10.7096 27.0124 -13 437 0 0 1
0.0503287 -0.0511408 460 0.00508023 -0.0211132 11.13 31.5272 -13 438 0 0 1
-0.193863 -0.0505901 460 -0.0134273 0.0501771 11.9516 42.664 -13 439 0 0 1
-0.0363383 0.0382237 460 0.0175369 0.0304971 8.8585 39.8292 -13 440 0 0 1
-0.179021 -0.00538862 460 -0.0547579 0.0095754 11.3932 28.9194 -13 441 0 0 1
5.38791 5.43496 460 -0.0165708 0.0146202 0.0309013 33.4683 11 441 1001 0 1
-0.238369 -0.171212 460 -0.0677356 0.021696 3.99672 41.8048 -13 442 0 0 1
-0.100663 -0.107398 460 0.0363651 0.0474036 7.58696 47.4988 -13 443 0 0 1
0.170559 0.132687 460 0.0836874 -0.00822199 11.3898 25.589 -13 444 0 0 1
0.395848 -0.146878 460 -0.0446287 -0.132187 8.01261 46.5657 -13 445 0 0 1
-0.0690025 -0.0956615 460 -0.0325021 0.0207513 13.4027 39.3926 -13 446 0 0 1
0.0481137 -0.01636 460 0.0130687 0.00260642 11.585 26.6456 -13 447 0 0 1
0.24283 -0.00940465 460 0.0311047 -0.090292 9.81048 20.688 -13 448 0 0 1
0.190751 -0.082272 460 0.00637413 -0.0468886 8.18408 25.0711 -13 449 0 0 1
0.138632 -0.00247901 460 0.0333114 -0.0186683 12.3435 42.9313 -13 450 0 0 1
-0.0140502 0.150505 460 -0.0294749 0.000954732 7.85984 41.7093 -13 451 0 0 1
0.259403 -0.0583295 460 -0.0330176 -0.112348 11.8687 40.7173 -13 452 0 0 1
-0.00790294 -0.0870082 460 -0.0325467 0.0148862 12.9778 40.8996 -13 453 0 0 1
-0.0274798 0.0415185 460 0.0503861 0.0269937 9.56802 26.8152 -13 454 0 0 1
3.18569 -0.0807024 460 0.0138293 0.162459 1.21488 80.1438 -13 455 0 0 1
0.0784472 -0.0114486 460 0.0136601 -0.0121727 13.9986 16.0107 -13 456 0 0 1
-0.207708 -0.135109 460 -0.0544288 0.051771 9.45035 19.3727 -13 457 0 0 1
-0.0197739 0.194576 460 0.0509636 -0.0129454 11.5997 41.2542 -13 458 0 0 1
-0.0253597 -0.0241378 460 -0.0303114 -0.00589181 7.99842 29.5975 -13 459 0 0 1
0.0579449 -0.0416446 460 -0.0251673 0.000710305 10.581 19.013 -13 460 0 0 1
-0.0530632 -0.0125614 460 -0.000474156 -0.000131837 13.4502 38.5976 -13 461 0 0 1
0.0665106 -0.0641261 460 -0.0594374 0.0204421 13.6795 38.5921 -13 462 0 0 1
-0.0245103 0.0964022 460 0.0304443 0.0205001 7.69872 33.8549 -13 463 0 0 1
0.0512574 0.196106 460 0.0464027 0.215882 3.88879 68.3637 -13 464 0 0 1
0.140731 -0.130959 460 -0.0607204 -0.064222 9.89438 22.5859 -13 465 0 0 1
-0.0611013 0.0276421 460 -0.00176299 -0.0395789 7.4078 24.2113 -13 466 0 0 1
-0.176589 -0.0937169 460 0.00340102 0.0542456 14.043 15.3771 -13 467 0 0 1
-2.33032 -0.985476 460 -0.0413543 -0.022479 0.0499191 16.7103 11 467 1001 0 1
-0.0769907 0.0428632 460 0.0134897 0.0338937 8.81868 29.465 -13 468 0 0 1
0.308862 -0.0859785 460 -0.0893143 -0.0835721 4.85688 50.6006 -13 469 0 0 1
0.203125 -0.241633 460 -0.0958832 -0.0848685 6.40072 28.3339 -13 470 0 0 1
0.393235 -2.70434 460 -0.0068402 0.00482134 0.0504066 26.8048 11 470 1001 0 1
0.0858738 0.0215669 460 0.0127573 -0.017929 9.96821 37.1256 -13 472 0 0 1
-0.109196 -0.162578 460 0.0249677 -0.0175056 0.0856197 35.9946 11 472 1001 0 1
0.107616 -0.159581 460 0.0399668 -0.156658 5.41791 32.1859 -13 473 0 0 1
-0.42043 0.174539 460 0.143535 0.0872562 8.25099 35.5413 -13 474 0 0 1
0.0358062 -0.0343668 460 -0.0249747 0.00362401 11.7924 24.698 -13 475 0 0 1
-0.0600326 0.018044 460 0.0111261 -0.0154533 7.85919 22.3412 -13 476 0 0 1
0.0833264 0.0791239 460 -0.01794 -0.0139933 9.52531 33.8576 -13 477 0 0 1
0.172648 -0.134767 460 0.00389781 -0.126995 9.75742 20.2144 -13 478 0 0 1
-0.271502 0.460445 460 0.148556 -0.0239998 5.37319 33.2313 -13 479 0 0 1
-0.0255706 -0.0321256 460 -0.00495246 0.0734843 10.7136 32.9215 -13 480 0 0 1
-0.188109 0.168279 460 0.124031 -0.0228828 8.978 33.1067 -13 481 0 0 1
0.224966 -0.0617466 460 0.00445215 -0.0687213 6.55131 54.3847 -13 482 0 0 1
-0.0127195 -0.0199514 460 0.000433222 0.00481569 14.044 41.2925 -13 483 0 0 1
-0.0380333 -0.0627715 460 -0.0250236 0.0747551 7.47994 36.3702 -13 484 0 0 1
-0.0480854 -0.187965 460 -0.0991392 0.0217293 11.3509 18.5306 -13 485 0 0 1
3.90434 -3.48101 460 0.00434763 0.0245755 0.0354022 21.1422 11 485 1001 0 1
-0.178619 -0.166253 460 -0.0651133 0.0911523 7.33221 30.4975 -13 486 0 0 1
-0.00410039 -0.0790381 460 -0.056001 0.0152933 13.0211 31.2394 -13 487 0 0 1
-0.0318962 0.421531 460 0.34916 0.125012 5.36664 51.1341 -13 488 0 0 1
-0.148864 0.0501374 460 -0.0255768 0.0366225 13.8928 17.109 -13 489 0 0 1
-0.504403 -0.537366 460 -0.0183379 0.0678285 3.86246 45.2427 -13 490 0 0 1
-0.0929004 0.0541289 460 0.0225879 0.0368453 7.5919 46.8188 -13 491 0 0 1
-0.0535681 0.0723559 460 0.0359874 3.99394e-05 13.9361 16.4716 -13 492 0 0 1
-0.153746 -0.0852592 460 0.00217493 0.048587 12.4297 38.4987 -13 493 0 0 1
-0.128597 -0.00683287 460 0.0386042 0.0335048 12.9656 36.6815 -13 494 0 0 1
0.167211 0.127666 460 0.0162892 -0.0650184 14.451 13.2407 -13 495 0 0 1
0.028508 0.0470911 460 0.0765738 -0.00571559 10.7291 22.8174 -13 496 0 0 1
0.0515839 0.173508 460 0.0396857 -0.0485314 14.0575 13.2341 -13 497 0 0 1
0.0462498 -0.0458766 460 -0.0435638 0.0219604 13.5504 28.9703 -13 498 0 0 1
1.1504 -0.240434 460 -0.00494115 -0.00832689 0.131755 24.0943 11 498 1002 0 1
-0.215632 0.0127424 460 0.0833994 0.0891745 11.9583 29.9315 -13 499 0 0 1
0.158046 0.0326331 460 -0.0460765 -0.0495557 12.667 26.7546 -13 500 0 0 1
0.106685 0.0736117 460 0.0083728 -0.0428449 10.8999 25.7609 -13 501 0 0 1
-0.0463383 -0.0534775 460 -0.00457375 -0.00702631 14.4345 17.0833 -13 502 0 0 1
0.105 -0.171398 460 -0.0360624 -0.0121786 10.2369 22.2904 -13 503 0 0 1
0.0168526 0.0343768 460 0.00584609 -0.0272924 11.1785 32.0715 -13 504 0 0 1
-1.76363 1.17347 460 0.633347 0.000658757 3.50216 60.6276 -13 505 0 0 1
-0.135341 -0.238443 460 -0.0273664 0.0750904 8.67645 27.2804 -13 506 0 0 1
0.00320589 -0.0860858 460 -0.0243238 -0.00625652 12.461 25.4842 -13 507 0 0 1
0.0207212 0.0449111 460 0.0182311 -0.0260034 11.432 40.3545 -13 508 0 0 1
-0.0118174 0.102193 460 0.0167263 0.0458762 8.19612 40.9077 -13 509 0 0 1
-0.00353666 0.119157 460 0.0304354 0.0168237 10.5578 25.9625 -13 510 0 0 1
-0.00445105 0.0153575 460 -0.0103072 0.022552 10.4448 19.2848 -13 511 0 0 1
-0.0983281 0.0280948 460 0.00478261 0.0237452 12.8891 31.1484 -13 512 0 0 1
-0.00624044 0.0809621 460 -0.0277788 0.0254822 13.3339 13.5332 -13 513 0 0 1
0.118387 -0.259991 460 -0.0712124 -0.108565 7.96486 26.6272 -13 514 0 0 1
-0.0409663 0.0682794 460 0.00177419 0.0354865 10.2416 40.2327 -13 515 0 0 1
-0.207915 0.197933 460 0.0594815 0.0920433 3.90103 49.5859 -13 516 0 0 1
0.045268 0.150349 460 0.0336508 0.0268726 8.22225 23.4022 -13 517 0 0 1
0.690899 -0.196551 460 0.249414 -0.256336 12.3652 18.8509 -13 518 0 0 1
0.147046 -0.36731 460 -0.0904484 -0.0355109 11.6689 33.2955 -13 519 0 0 1
-0.0992304 -0.00881503 460 -0.0142904 0.0101441 11.6438 31.7393 -13 520 0 0 1
0.0443318 -0.0477278 460 -0.00308492 -0.0173665 12.9503 24.6403 -13 522 0 0 1
0.0412203 -0.00469112 460 -0.00472482 -0.00495647 13.5851 28.5894 -13 523 0 0 1
0.663668 -0.0409156 460 -0.197815 -0.071914 3.8199 66.7318 -13 524 0 0 1
0.0951307 0.143383 460 0.0548889 0.0246244 9.72 24.4925 -13 525 0 0 1
-0.0255661 -0.208833 460 -0.0223703 -0.0314448 11.7059 34.2054 -13 526 0 0 1
-0.446397 -0.183325 460 -0.0975107 0.064489 3.09161 76.9384 -13 527 0 0 1
-0.0699255 -0.119404 460 -0.0357809 0.0377455 12.494 29.6755 -13 528 0 0 1
0.0170752 -0.0201126 460 -0.0273339 -0.000366142 11.2801 37.8775 -13 529 0 0 1
-0.155891 -0.0459949 460 -0.00133875 0.0353142 8.31557 42.7199 -13 530 0 0 1
0.0673524 0.0406011 460 0.034286 -0.0146729 12.9568 26.8474 -13 531 0 0 1
-0.114357 0.999567 460 0.310172 0.0715753 13.7314 41.4494 -13 532 0 0 1
-1.15976 1.31305 460 0.0323788 -0.0340684 0.109644 39.9578 11 532 1001 0 1
0.0160045 0.279688 460 0.100495 -0.00829912 9.07577 41.505 -13 533 0 0 1
-0.141913 0.0910097 460 0.0446151 0.0358252 9.16424 41.6481 -13 534 0 0 1
-0.0094969 0.177037 460 0.0282148 -0.0533779 9.85081 19.7805 -13 535 0 0 1
0.123048 0.0539584 460 -0.011196 -0.0488518 13.037 22.2134 -13 536 0 0 1
0.207617 -0.0348709 460 -0.0871771 -0.24974 4.43711 50.559 -13 537 0 0 1
0.0329079 0.001565 460 -0.0326137 -4.90532e-05 14.4773 30.0349 -13 538 0 0 1
-0.0242123 0.240266 460 0.127708 0.0411673 11.2818 20.7115 -13 539 0 0 1
2.91627 -2.21881 460 -0.0184842 -0.00905053 0.0674219 21.2361 11 539 1002 0 1
-0.0717555 0.0465682 460 0.0249124 0.063622 11.251 40.5726 -13 540 0 0 1
-0.0468053 -0.0199161 460 -0.000589441 0.014964 7.35106 44.3181 -13 541 0 0 1
-0.356903 -0.138235 460 -0.103502 0.0563258 12.7905 17.0266 -13 542 0 0 1
-3.4739 -1.07561 460 -0.0038916 -0.0408882 0.0251177 22.9023 11 542 1001 0 1
-0.0225176 0.000629728 460 -0.0300922 0.0761604 8.53041 32.2663 -13 543 0 0 1
-0.0364673 -0.230038 460 -0.0170219 0.065921 13.7304 40.3045 -13 544 0 0 1
-0.274495 0.153414 460 0.0183312 0.138775 4.906 58.9931 -13 545 0 0 1
0.0879281 0.0633964 460 0.0350308 0.0571482 6.67469 44.4928 -13 546 0 0 1
-0.0262399 0.0116145 460 -0.0195721 0.0144849 10.678 35.3323 -13 547 0 0 1
-0.168013 -0.0885057 460 -0.0231401 0.0223413 9.85954 36.1171 -13 548 0 0 1
0.176788 0.0134955 460 0.00278955 -0.0138491 9.62532 43.0434 -13 549 0 0 1
0.0323731 -0.0194025 460 -0.084386 -0.0238402 8.59226 35.948 -13 550 0 0 1
-0.00736832 0.193691 460 0.0420453 -0.0202409 10.5862 21.6465 -13 551 0 0 1
0.0142599 -0.0448918 460 -0.0572378 -0.0365204 11.3256 24.9833 -13 552 0 0 1
-0.334568 -0.151691 460 -0.0557819 0.14078 7.90998 32.7597 -13 553 0 0 1
-0.331043 -0.2918 460 -0.174535 -0.0877508 4.88056 34.0421 -13 554 0 0 1
0.193157 -0.150486 460 -0.0649306 -0.0362058 7.96827 48.2633 -13 555 0 0 1
0.0620801 -0.275524 460 -0.0240001 0.0188426 6.1282 47.5783 -13 556 0 0 1
0.00612492 0.10906 460 0.0459876 -0.0194363 13.5682 18.9817 -13 557 0 0 1
-0.105398 -0.0257396 460 0.00665087 0.0259053 10.9337 43.6035 -13 559 0 0 1
-0.0911965 0.0396086 460 -0.00446802 0.0318704 13.6037 13.2422 -13 560 0 0 1
0.227099 0.0441151 460 -0.0566123 0.013154 5.20089 57.8934 -13 561 0 0 1
0.00898254 -0.124549 460 -0.0443868 -0.0294739 11.0452 18.864 -13 562 0 0 1
-0.111028 -0.0751743 460 0.0197626 0.0404838 12.1095 29.2752 -13 563 0 0 1
0.086511 -0.0309449 460 0.00458988 -0.0286044 10.5741 44.0652 -13 564 0 0 1
-0.0409504 0.099147 460 0.010694 0.0200563 14.2283 17.343 -13 565 0 0 1
0.218617 -0.0961873 460 -0.0398523 -0.0511347 9.42608 29.5556 -13 566 0 0 1
0.0599827 0.0143024 460 0.017476 -0.0187106 10.5786 27.4504 -13 567 0 0 1
-1.20905 0.358616 460 0.293785 0.284935 11.8553 40.2315 -13 568 0 0 1
-5.46454e-05 -0.063202 460 -0.0118296 0.0156085 13.5456 23.7058 -13 569 0 0 1
-0.124029 0.15655 460 0.0799341 0.0158725 11.0961 40.884 -13 570 0 0 1
0.0154321 0.00284895 460 -0.0158962 -0.0195003 12.6406 26.8133 -13 571 0 0 1
-0.025457 0.0810583 460 0.0501701 -0.00988597 9.88196 29.2366 -13 572 0 0 1
0.0396455 0.05362 460 0.0300323 -0.0023735 6.60763 37.8499 -13 573 0 0 1
-0.0489583 0.0206615 460 0.00799638 -0.00412102 13.7398 21.0611 -13 574 0 0 1
-0.017282 0.196924 460 0.0370315 0.0115395 7.0473 41.9577 -13 575 0 0 1
0.154078 0.104215 460 0.0488767 -0.0630866 10.6103 34.8585 -13 576 0 0 1
0.0350999 0.104242 460 0.0359312 0.00540745 13.3953 15.2901 -13 577 0 0 1
0.0653105 -0.532731 460 -0.114779 0.162007 8.4099 31.0497 -13 578 0 0 1
0.017596 -0.027381 460 -0.0588588 0.0278891 13.9535 28.2065 -13 579 0 0 1
0.0390519 0.0129513 460 0.012462 0.000137443 12.7579 21.0657 -13 580 0 0 1
-0.0269209 0.0837565 460 0.0516423 0.00308191 11.0804 43.1153 -13 581 0 0 1
0.166835 0.142664 460 0.0652272 -0.0275965 8.90338 31.093 -13 582 0 0 1
-0.134909 0.00555154 460 -0.00209649 0.0488972 7.70812 28.4949 -13 583 0 0 1
-0.076893 0.0142882 460 0.0118707 0.023973 13.9774 38.5732 -13 584 0 0 1
0.0709772 0.0926645 460 0.0250578 -0.0424615 11.2247 22.9994 -13 585 0 0 1
-0.0481088 -0.0165373 460 -0.0495856 -2.7343e-05 9.37252 42.6704 -13 586 0 0 1
-0.0578227 -0.0646845 460 -0.00545713 0.01299 13.7667 31.6736 -13 587 0 0 1
0.0754541 -0.0447989 460 -0.0387771 -0.011253 9.60758 27.0543 -13 588 0 0 1
-0.0718747 0.00929708 460 0.0318805 0.0421594 13.2559 25.0502 -13 589 0 0 1
0.260255 0.414553 460 0.0362569 -0.223012 9.15885 30.0615 -13 591 0 0 1
-0.0717558 0.168769 460 0.109475 0.0402416 8.25927 32.6746 -13 592 0 0 1
-1.13117 0.84505 460 0.012312 -0.00106507 0.0570513 32.3081 11 592 1001 0 1
0.0185924 -0.195331 460 -0.00682151 -0.0616138 5.82234 55.162 -13 593 0 0 1
-0.0212268 -0.0541815 460 -0.0166834 -0.0042827 10.753 44.8165 -13 594 0 0 1
-0.0810588 0.0408938 460 0.0529121 -0.0110493 10.0405 31.3076 -13 595 0 0 1
-0.091229 0.286037 460 0.0210821 0.0456118 8.12365 37.205 -13 596 0 0 1
0.197984 0.00903613 460 0.0528994 -0.0494036 10.4226 27.837 -13 597 0 0 1
-0.00628118 0.102233 460 0.0526707 0.0501989 5.85013 35.0052 -13 599 0 0 1
0.409555 -2.26719 460 0.104003 0.110612 0.842631 90.7965 -13 600 0 0 1
0.012794 0.0243275 460 0.0347031 -0.0234678 12.558 31.3975 -13 601 0 0 1
0.223049 0.0102357 460 0.015299 -0.0784914 6.88768 45.7442 -13 602 0 0 1
0.0541997 -0.0485596 460 -0.061101 -0.0342699 9.22597 40.3424 -13 603 0 0 1
-7.96946 3.54369 460 -0.0191429 0.0206503 0.0698014 35.7255 11 603 1002 0 1
0.22894 -0.129167 460 -0.0808953 -0.0065896 7.55933 34.8017 -13 604 0 0 1
0.391118 -0.442361 460 -0.202485 -0.0470318 4.68268 41.4686 -13 605 0 0 1
-0.0854486 -0.0140841 460 -0.0366102 0.0578701 12.3566 29.986 -13 606 0 0 1
0.386158 0.176443 460 -0.0137729 0.00408786 0.107793 28.2367 11 606 1001 0 1
0.0303653 -0.0699135 460 -0.00173301 -0.0214251 11.8832 19.8121 -13 607 0 0 1
-0.0225591 0.0845966 460 0.0700132 -0.0622114 12.9219 27.8208 -13 608 0 0 1
-0.0276988 0.10805 460 0.0464075 0.0186029 11.8767 18.9971 -13 609 0 0 1
0.0410428 0.0736755 460 0.0113969 -0.000638095 8.80781 26.0792 -13 610 0 0 1
0.0137672 -0.0124798 460 0.00254728 0.0150848 10.3245 21.0676 -13 611 0 0 1
-0.116389 0.187843 460 0.0728083 0.0382687 7.84937 32.9167 -13 612 0 0 1
-0.0149238 -0.0370035 460 -0.0296096 -0.00765676 12.4699 27.9218 -13 613 0 0 1
0.031159 -0.116036 460 -0.0998158 -0.0344712 12.1295 16.1155 -13 614 0 0 1
0.233655 0.416502 460 -0.025981 -0.0235038 3.80262 59.3045 -13 615 0 0 1
0.301404 0.881404 460 0.168651 0.0446623 3.9504 65.4855 -13 616 0 0 1
-0.198087 -0.0432658 460 0.0185226 0.0895498 10.8018 32.4023 -13 617 0 0 1
-0.0109774 0.104804 460 0.0240138 0.000219688 8.09483 40.1518 -13 618 0 0 1
0.536036 -0.429659 460 -0.214493 -0.0132118 4.84399 54.9551 -13 619 0 0 1
-0.0888231 0.0170755 460 -0.00764417 0.0164309 12.362 33.1719 -13 620 0 0 1
-0.410127 -0.375222 460 -0.228176 -0.00252117 5.17312 33.7385 -13 621 0 0 1
0.107636 -0.0209091 460 -0.00817 -0.0349904 11.1552 42.9988 -13 622 0 0 1
0.0246206 0.107545 460 0.00740047 0.0394898 9.71399 31.3031 -13 623 0 0 1
0.0436068 -0.0329534 460 -0.0218134 0.0173391 14.1796 13.1398 -13 624 0 0 1
0.0920594 -0.050379 460 0.00742829 0.0127557 9.13906 34.0722 -13 625 0 0 1
-0.000817927 0.113625 460 0.0528335 0.0321359 6.0921 35.2204 -13 626 0 0 1
-0.133685 -0.0392594 460 -0.019229 0.00236469 9.34842 35.3421 -13 627 0 0 1
-0.963767 -1.54985 460 0.0347744 0.0191463 0.0638508 33.8519 11 627 1001 0 1
-0.159341 -0.0377715 460 -0.17821 0.115129 2.68377 70.4874 -13 628 0 0 1
0.0285551 0.179733 460 0.0385122 0.0219437 10.4504 22.1677 -13 629 0 0 1
-0.0320517 0.0333111 460 0.022441 0.00205286 11.7833 41.7049 -13 630 0 0 1
-0.269452 0.101383 460 0.0338248 0.0983735 8.8668 46.3453 -13 631 0 0 1
0.0109058 0.0322041 460 0.008712 -0.00884261 14.068 24.2247 -13 632 0 0 1
0.0469913 9.48371e-05 460 -0.0108191 -0.0266058 8.33467 28.1648 -13 633 0 0 1
0.747404 -0.700588 460 0.0155612 0.0288888 0.0136996 28.8252 11 633 1001 0 1
-0.0842216 0.175313 460 -0.0394298 -0.113003 4.82578 36.3347 -13 634 0 0 1
0.0924065 0.00481902 460 0.0447303 -0.0261756 8.05478 37.8485 -13 635 0 0 1
0.141659 0.11704 460 -0.00250314 -0.0888903 14.0992 19.2507 -13 636 0 0 1
3.22122 -4.1378 460 0.0344978 -0.0155667 0.0419855 24.4076 11 636 1001 0 1
-0.290125 -0.0162195 460 -0.000847568 0.0622683 7.95967 42.5684 -13 637 0 0 1
1.2066 -0.563575 460 0.0211347 -0.0246265 0.0309903 43.1476 11 637 1001 0 1
-0.310648 -0.0055648 460 -0.0181039 0.0819015 12.6983 29.0895 -13 638 0 0 1
-0.0696699 0.399519 460 0.11817 0.183553 13.9946 17.5139 -13 639 0 0 1
-0.111412 0.0082696 460 0.0018155 0.0362097 10.877 16.4818 -13 640 0 0 1
-0.0419514 -0.11475 460 -0.100513 0.0471571 4.45769 46.0755 -13 641 0 0 1
0.378993 -0.372894 460 -0.134991 -0.000736405 7.18646 45.9829 -13 642 0 0 1
0.0515305 -0.0442457 460 -0.00513036 -0.0105152 11.0682 15.765 -13 643 0 0 1
0.125753 -0.0397492 460 0.0298695 -0.0509973 13.7363 30.7397 -13 644 0 0 1
0.0698021 0.000948885 460 -0.00634277 -0.00249379 9.69194 19.4286 -13 645 0 0 1
-0.06051 0.031607 460 0.0322366 0.0173313 13.7549 29.2071 -13 646 0 0 1
0.00656258 -0.0472409 460 -0.0721931 -0.0368186 5.94376 54.4443 -13 647 0 0 1
-3.30248 -2.63644 460 0.00910585 0.0104559 0.0446216 52.233 11 647 1006 0 1
0.0872644 0.301678 460 0.0026937 0.0340291 4.05766 52.096 -13 648 0 0 1
0.277199 -0.263994 460 -0.117379 -0.0560568 6.32217 36.3637 -13 649 0 0 1
0.0374164 -0.017433 460 0.0302102 -0.0349743 13.5364 16.5625 -13 650 0 0 1
-0.12012 0.0535313 460 -0.0307752 0.028641 10.0859 29.5192 -13 651 0 0 1
0.133015 0.114502 460 0.0912999 0.0205709 10.4655 42.0034 -13 652 0 0 1
0.0113397 -0.116727 460 -0.0351436 -0.0094238 11.9602 31.602 -13 653 0 0 1
0.0259117 0.126123 460 0.0419581 0.000455284 12.2867 25.9841 -13 654 0 0 1
-0.936759 -1.20266 460 0.025912 -0.00890281 0.0167763 28.9149 11 654 1001 0 1
0.020901 -0.042853 460 0.016963 -0.017304 14.3606 33.9697 -13 655 0 0 1
-0.032978 0.0711544 460 0.00444508 -0.00818098 9.58811 33.503 -13 656 0 0 1
-0.189659 -0.162442 460 -0.0622707 0.0162052 7.98534 42.6085 -13 657 0 0 1
0.302186 0.14555 460 0.0770824 -0.152456 4.98953 48.8536 -13 658 0 0 1
-0.139687 -0.106322 460 -0.0227298 0.00448819 14.455 25.5269 -13 659 0 0 1
0.721367 -0.125873 460 -0.188239 -0.183118 11.68 36.7341 -13 660 0 0 1
-0.00963041 0.234477 460 0.054454 0.065821 10.6381 31.6975 -13 661 0 0 1
-0.0373498 -0.0980673 460 -0.0189979 -0.00396596 12.1319 25.2173 -13 662 0 0 1
-0.114871 0.00599716 460 -0.0531575 0.0585879 9.54235 46.6164 -13 663 0 0 1
-0.64205 0.355964 460 0.119209 0.137751 8.18255 49.3156 -13 664 0 0 1
0.00677334 0.0202379 460 -0.00196875 -0.0218602 11.3411 16.7284 -13 665 0 0 1
0.0853416 0.0177216 460 -0.017223 -0.00261239 11.7843 28.8367 -13 666 0 0 1
-0.0567415 0.064455 460 0.00180241 0.00726645 13.0876 25.6637 -13 667 0 0 1
1.39403 -2.5772 460 -1.02389 0.0586858 6.58284 35.1196 -13 668 0 0 1
-0.0774015 0.0196972 460 0.0538596 0.00768467 9.59045 35.1621 -13 669 0 0 1
-0.120398 0.122271 460 -0.00752747 0.0523553 13.5735 29.6118 -13 670 0 0 1
0.0259785 -0.00195166 460 0.0153285 -0.00161002 13.1448 32.4963 -13 671 0 0 1
0.109503 0.162838 460 0.0743387 0.022146 3.78527 55.0623 -13 673 0 0 1
-0.0937089 -0.0681094 460 -0.0454632 -0.0246257 12.5451 42.663 -13 674 0 0 1
0.187486 -0.408573 460 0.375482 -0.179394 7.15405 30.9732 -13 675 0 0 1
-0.0848105 0.0290096 460 -0.00457478 0.0682505 12.9002 39.0755 -13 676 0 0 1
-0.0837417 -0.104769 460 -0.0330468 0.00177582 11.8259 20.9334 -13 677 0 0 1
-0.0131626 -0.220305 460 -0.0424054 -0.0858318 9.36345 33.4184 -13 678 0 0 1
-1.47162 -0.954571 460 -0.0486423 -0.00863151 0.0217658 35.3218 11 678 1001 0 1
0.453337 0.0905645 460 0.0423118 -0.12549 8.10753 33.1381 -13 679 0 0 1
-0.0433828 0.105564 460 0.030244 -0.0118355 9.24687 36.5358 -13 680 0 0 1
-0.124333 -0.0698658 460 -0.0336627 0.0359695 14.0683 14.7339 -13 681 0 0 1
0.00933729 -0.00842647 460 -0.0137505 -0.000551591 13.2522 13.7945 -13 682 0 0 1
-0.0262357 -0.00152902 460 -0.00223482 0.0369615 13 37.8554 -13 683 0 0 1
0.0631442 0.422887 460 0.0773962 0.392815 8.62784 35.6965 -13 684 0 0 1
-0.117651 -0.0597025 460 -0.0242229 0.054258 8.0337 27.9657 -13 685 0 0 1
0.022782 0.0884452 460 0.00343348 -0.036336 11.5702 41.5409 -13 686 0 0 1
-4.49457 -0.24358 460 0.0154445 -0.0226075 0.0549918 42.4207 11 686 1002 0 1
-9.2093 6.28049 460 0.028445 -0.0332894 -0.0157501 52.4964 11 686 1002 0 1
-0.103578 0.032457 460 -0.0078176 0.0682785 9.02388 24.9301 -13 687 0 0 1
0.063083 0.0482581 460 -0.0188252 0.0401099 12.8445 36.0134 -13 688 0 0 1
0.541045 0.0513802 460 -0.230398 -0.155585 9.81997 39.4356 -13 689 0 0 1
3.60904 1.36062 460 0.0206619 0.0129668 0.0669659 37.3124 11 689 1002 0 1
0.280461 -0.183373 460 0.116062 -0.235761 5.19258 50.5951 -13 690 0 0 1
-0.0668196 0.00863803 460 0.0168594 0.0573279 12.3132 30.6618 -13 691 0 0 1
-0.087629 0.0761794 460 5.15343e-05 -0.00430885 7.43037 23.9028 -13 692 0 0 1
-0.00397814 0.0636877 460 0.0299316 -0.00859009 12.7723 33.9736 -13 693 0 0 1
0.350896 0.0251594 460 -0.0135041 -0.0329887 3.85491 51.3849 -13 694 0 0 1
0.00232177 0.0465699 460 0.0227457 -0.0772578 7.33949 33.3902 -13 695 0 0 1
-0.0152997 -0.182522 460 -0.0638602 0.0116211 6.63214 38.3821 -13 696 0 0 1
-0.0160629 0.0439425 460 0.0237506 0.0137384 10.0129 35.0914 -13 697 0 0 1
0.179778 -0.267232 460 -0.118708 -0.0467464 8.72233 26.8201 -13 698 0 0 1
-0.0329832 0.0121314 460 0.0106703 0.00646969 13.3452 36.3244 -13 699 0 0 1
0.0578624 -2.27246 460 -0.686114 -0.377732 8.76529 29.3505 -13 700 0 0 1
0.152455 0.0242134 460 0.00879768 -0.075765 9.07552 20.4936 -13 701 0 0 1
0.124824 0.0886419 460 0.0223173 -0.0337938 12.2987 38.9675 -13 702 0 0 1
0.0814436 -0.0641062 460 -0.0352742 0.00526016 12.0658 36.1058 -13 703 0 0 1
0.139079 0.146004 460 0.0394256 -0.0060052 9.40723 26.3854 -13 704 0 0 1
0.053424 -0.020718 460 -0.0380263 -0.0313017 10.0955 23.1121 -13 705 0 0 1
-0.18865 0.0348061 460 0.0119231 0.0285841 9.57791 32.8461 -13 706 0 0 1
-0.00651605 0.00655044 460 -0.0144517 0.00575098 13.8721 13.5542 -13 707 0 0 1
-0.0415901 0.154162 460 0.0222364 0.0348333 10.5414 33.8852 -13 708 0 0 1
0.190104 -0.288653 460 -0.125583 -0.0874855 3.62197 56.814 -13 709 0 0 1
-0.552198 -0.068871 460 -0.109894 0.0739988 7.94524 40.6262 -13 710 0 0 1
-0.235415 0.0524777 460 -0.000917724 0.0490009 14.1601 13.5683 -13 711 0 0 1
0.0833589 0.00811368 460 0.0264961 -0.000835943 11.6074 34.1288 -13 712 0 0 1
-0.0150308 -0.154922 460 -0.0034954 0.0117301 6.39752 47.5921 -13 713 0 0 1
0.0568273 -0.062695 460 0.0084642 -0.0185174 14.0518 33.1449 -13 714 0 0 1
-0.00516433 -0.000825942 460 0.0213098 0.0194551 12.3706 42.894 -13 715 0 0 1
-0.106664 0.0423477 460 -0.00215233 0.0681681 13.1198 33.4215 -13 716 0 0 1
0.012592 0.00637343 460 -0.0106177 0.0306886 10.5949 31.044 -13 717 0 0 1
0.0526393 0.026963 460 0.0109641 -0.0476902 8.69392 27.0688 -13 718 0 0 1
0.0146528 -0.0491507 460 -0.0255794 -0.103667 10.6367 24.3063 -13 719 0 0 1
-0.0752106 0.130001 460 0.0203587 0.0509318 11.2745 43.4113 -13 720 0 0 1
-0.530002 0.325089 460 0.0481138 0.194143 9.67645 42.916 -13 721 0 0 1
-0.503286 0.210485 460 -0.0914027 0.150657 5.25227 41.7209 -13 722 0 0 1
0.0585854 -0.0543679 460 0.00718548 -0.00110325 8.56234 22.8019 -13 723 0 0 1
0.200402 -0.182803 460 -0.00458836 -0.0483073 4.88638 55.004 -13 724 0 0 1
-0.0014522 -0.0582917 460 0.000932558 -0.0106499 9.60576 29.0899 -13 725 0 0 1
0.13173 -0.00802891 460 -0.00358132 -0.0825311 13.6148 27.8012 -13 726 0 0 1
0.0787642 0.0416489 460 0.0285369 0.0197182 14.1256 16.8526 -13 727 0 0 1
0.430644 0.300133 460 0.0747194 -0.141038 2.75556 73.542 -13 728 0 0 1
0.0470332 -0.161771 460 -0.0579067 -0.00487955 5.45026 40.7215 -13 729 0 0 1
-0.271322 0.11785 460 -0.00392413 0.0795071 11.2063 22.1551 -13 730 0 0 1
-0.0502445 -0.0238488 460 -0.0279771 0.0126893 10.9585 18.241 -13 731 0 0 1
0.781274 0.811486 460 0.0298314 0.210616 1.9448 84.6986 -13 732 0 0 1
0.448518 -0.127847 460 -0.056697 -0.0696761 4.75584 46.0953 -13 733 0 0 1
-0.0156487 0.0325636 460 -0.016109 0.0493803 7.86265 24.9412 -13 734 0 0 1
4.30919 -1.91187 460 -0.018805 0.0298513 0.0296855 25.1946 11 734 1002 0 1
-0.0738125 0.156266 460 0.0513074 0.0147092 10.9824 31.9398 -13 735 0 0 1
0.021783 0.138622 460 0.0816092 0.0179834 10.9918 24.8817 -13 736 0 0 1
-0.165289 -0.183965 460 -0.058163 0.00188338 8.2327 40.408 -13 737 0 0 1
-0.00757543 0.063348 460 -0.0577046 0.101714 8.38271 42.7391 -13 738 0 0 1
0.0862015 -0.209677 460 -0.0810301 -0.0360991 11.891 34.7338 -13 739 0 0 1
-0.122334 -0.019414 460 0.0175024 -0.0162376 13.0328 36.5633 -13 740 0 0 1
-0.0664401 -0.0525745 460 -0.0233462 0.0512313 8.69993 38.5363 -13 741 0 0 1
-0.398842 -0.414426 460 -0.0915693 0.176435 4.3131 61.0095 -13 742 0 0 1
-0.0663351 -0.0512589 460 -0.00355413 0.0484799 8.32534 21.6797 -13 743 0 0 1
1.16688 0.83737 460 0.247123 -0.127695 2.8608 58.3134 -13 744 0 0 1
-0.00593453 -0.0142084 460 -0.00744301 0.00632791 11.5026 29.3244 -13 745 0 0 1
0.0697786 -0.098653 460 -0.0520598 0.00561586 8.56411 45.2668 -13 746 0 0 1
-0.0712244 0.115798 460 0.040199 0.0164613 11.847 36.9688 -13 747 0 0 1
0.140601 -0.117878 460 0.00836343 0.00334295 10.5529 32.865 -13 748 0 0 1
-0.0100605 -0.103013 460 0.0100926 -0.00238612 12.1204 15.3497 -13 749 0 0 1
-0.0998148 0.0187025 460 0.055454 0.0203891 10.3841 37.766 -13 750 0 0 1
-0.11523 0.0387363 460 -0.0409011 0.0502662 11.1305 39.2502 -13 751 0 0 1
-0.173903 -0.0519274 460 -0.0653942 0.0871953 6.52784 29.3707 -13 752 0 0 1
0.133326 0.019541 460 0.0312042 -0.0520344 10.7894 18.3061 -13 753 0 0 1
0.0294819 0.0562544 460 0.0159173 -0.0136061 8.67997 44.622 -13 754 0 0 1
-0.276418 -0.0135508 460 -0.0674874 0.0780613 7.90966 28.2337 -13 755 0 0 1
-1.37471 -0.588578 460 0.0983077 0.331865 5.34588 42.1298 -13 756 0 0 1
-0.122181 0.075793 460 0.00492564 0.00918177 7.25446 35.3782 -13 757 0 0 1
-0.11251 -0.15983 460 -0.00585114 -0.0154268 7.90193 23.6071 -13 758 0 0 1
0.0970923 -0.0472214 460 -0.00385427 -0.0301367 14.177 27.4913 -13 759 0 0 1
0.0145989 -0.111798 460 -0.0175353 0.0466171 8.07797 40.886 -13 760 0 0 1
-0.102548 -0.179188 460 -0.062948 -0.0557661 6.45121 32.5515 -13 761 0 0 1
-0.143135 0.0459442 460 0.0231756 0.0353066 13.8661 40.5883 -13 762 0 0 1
0.0244957 -0.0915701 460 -0.0449055 0.00188659 11.1517 41.2472 -13 763 0 0 1
-0.0157873 -0.00440141 460 -0.00347576 0.00353809 9.86611 27.933 -13 764 0 0 1
-0.294128 -0.107718 460 -0.114791 0.0661506 5.81766 35.3387 -13 765 0 0 1
-0.0652895 -0.00124442 460 -0.0206204 -0.00611045 8.58788 24.5962 -13 766 0 0 1
-0.0960346 0.0942408 460 0.0113417 0.0498996 12.5924 42.5961 -13 767 0 0 1
-1.33753 -2.07335 460 -0.0153174 -0.0342351 0.0619056 43.2096 11 767 1003 0 1
0.022596 -0.0265773 460 -0.0131078 0.00879625 12.8747 34.0419 -13 768 0 0 1
-0.0984428 0.0288312 460 0.0140143 0.0652926 6.99601 28.2366 -13 769 0 0 1
-0.0969702 0.0905966 460 0.0130567 0.0223351 13.6439 19.2628 -13 770 0 0 1
0.0167655 0.13927 460 0.0441885 -0.0581553 10.898 21.5912 -13 771 0 0 1
0.159407 -0.0013921 460 0.047744 -0.0764268 14.3339 14.1982 -13 772 0 0 1
0.0326801 0.10102 460 0.053188 -0.00481122 11.4259 19.6101 -13 773 0 0 1
0.244024 -0.00638855 460 0.0133905 -0.0895029 13.4064 16.3203 -13 774 0 0 1
0.141748 -0.27948 460 0.0032329 -0.051286 3.68922 45.3984 -13 775 0 0 1
0.0961328 0.0350893 460 -0.00138153 -0.0522993 11.8164 25.906 -13 776 0 0 1
0.00385831 -0.0411103 460 -0.0490509 -0.000917069 10.6786 28.2374 -13 777 0 0 1
-0.0656072 0.158553 460 0.0599735 0.0475985 8.629 38.0202 -13 778 0 0 1
-0.141106 0.407874 460 0.173543 -0.00743688 12.9399 13.6719 -13 779 0 0 1
-0.0772817 -0.508651 460 -0.146056 0.0290665 9.58653 22.0214 -13 780 0 0 1
-0.052835 -0.213687 460 -0.150352 -0.239975 11.5559 18.9576 -13 781 0 0 1
0.755797 2.72509 460 -0.0595804 -0.0071987 0.0606153 19.2684 11 781 1001 0 1
0.0288088 -0.168446 460 -0.0244015 0.0008873 10.0675 20.1197 -13 782 0 0 1
0.329135 -0.195703 460 -0.0352903 -0.0402016 6.9563 40.3704 -13 783 0 0 1
-0.0548431 -0.366877 460 0.00197851 0.117494 6.87138 26.7262 -13 784 0 0 1
-0.171705 0.118238 460 -0.0470606 -0.00105902 4.93582 46.9744 -13 785 0 0 1
-0.203652 -0.00040605 460 0.0165753 0.0471992 9.58365 36.3902 -13 786 0 0 1
-0.0301052 0.0170668 460 0.0102776 -0.00125854 8.90464 35.4886 -13 787 0 0 1
-0.278695 -0.0613255 460 -0.0245363 0.0327297 12.3345 31.9463 -13 788 0 0 1
0.0167479 0.0513622 460 -0.00428143 -0.0181663 14.1669 27.1938 -13 789 0 0 1
-0.103729 -0.0814805 460 -0.0190836 0.0255116 9.9466 43.8236 -13 790 0 0 1
-0.280758 -0.145211 460 -0.0729364 0.0524741 4.89702 57.5562 -13 791 0 0 1
0.0309524 -0.252001 460 -0.150194 0.0238198 11.7805 42.5614 -13 792 0 0 1
0.129483 0.0463358 460 0.000980615 -0.0486778 11.4248 31.7483 -13 793 0 0 1
0.0912293 -0.129349 460 -0.0214932 0.0240634 7.4633 34.6958 -13 794 0 0 1
-0.226891 -0.354362 460 -0.0886633 0.0876761 11.4997 23.1774 -13 795 0 0 1
0.051919 -0.0422194 460 -0.0112245 -0.0326865 8.90105 41.6253 -13 796 0 0 1
0.0658275 0.0293286 460 -0.0165871 -0.00102228 14.0141 36.9445 -13 797 0 0 1
-0.0498989 -0.00749856 460 -0.00609456 0.066728 13.7126 37.501 -13 798 0 0 1
0.00922716 0.0561873 460 0.0132927 -0.0089143 9.37748 47.1835 -13 799 0 0 1
0.0227671 0.00878357 460 0.00521392 -0.0100419 13.5536 14.9635 -13 800 0 0 1
0.0386762 -0.144471 460 -0.0385222 -0.0705457 5.76704 33.3303 -13 801 0 0 1
-0.128972 0.183514 460 -0.0317317 -0.0192672 7.0058 43.335 -13 803 0 0 1
0.0217618 0.051489 460 0.019943 -0.0276008 13.0069 20.6354 -13 804 0 0 1
0.029429 -0.0066586 460 0.0180035 -0.00190426 12.5819 40.425 -13 805 0 0 1
-0.158461 0.138814 460 -0.0979942 -0.0238664 2.9364 58.6103 -13 806 0 0 1
0.041379 0.0766096 460 0.0315292 -0.0147497 13.6486 23.0355 -13 807 0 0 1
-0.566341 0.288378 460 0.27402 -0.00528411 7.06854 33.1014 -13 808 0 0 1
-0.0318125 0.0171861 460 -0.0056345 0.00368303 14.308 25.6284 -13 809 0 0 1
0.0226346 0.172181 460 0.0740525 0.0123798 10.8119 31.6376 -13 810 0 0 1
0.194772 0.12992 460 0.00725581 -0.143762 5.69145 31.8606 -13 811 0 0 1
0.0750733 0.140999 460 0.000767322 -0.0265144 6.54889 27.3274 -13 812 0 0 1
0.0451359 0.20681 460 0.135195 0.0671262 13.2054 23.7119 -13 813 0 0 1
-0.0369168 0.0586762 460 0.0165524 0.0554412 9.62748 28.2368 -13 814 0 0 1
-0.0250436 0.00159209 460 0.019705 -0.0228246 11.65 41.9089 -13 815 0 0 1
-0.14899 -0.341908 460 -0.110664 0.036265 6.00767 32.078 -13 816 0 0 1
-0.359201 0.90396 460 0.337115 0.0236708 5.22617 55.2679 -13 817 0 0 1
-2.01175 -2.30968 460 -0.00548314 0.0310138 0.0359281 54.2866 11 817 1001 0 1
0.216563 0.312543 460 0.09428 -0.00448532 11.4686 43.5707 -13 818 0 0 1
-0.172349 -0.046458 460 0.00294306 0.0215162 6.16322 53.3998 -13 819 0 0 1
-0.00787085 -0.0466011 460 -0.0436745 0.0206698 13.3954 19.4853 -13 820 0 0 1
-0.0395667 0.0958764 460 -0.0144626 -0.0229967 8.40416 23.5782 -13 821 0 0 1
0.403046 -0.945817 460 0.0159784 -0.0309299 0.0535166 21.5238 11 821 1002 0 1
0.202868 0.177768 460 0.0516851 -0.0543545 11.6896 43.0455 -13 822 0 0 1
-0.00028512 -0.0326997 460 0.00565331 -0.022673 12.6194 36.633 -13 823 0 0 1
-0.0536716 -0.0202782 460 -0.0272985 0.0130324 14.5614 32.644 -13 824 0 0 1
0.0179347 -0.00186734 460 -0.027424 -0.0341427 14.4482 37.8209 -13 825 0 0 1
0.0059076 0.178472 460 0.0576887 -0.0648739 7.58651 35.1795 -13 826 0 0 1
0.185487 0.985711 460 0.2195 -0.15362 3.70969 70.5745 -13 827 0 0 1
0.181941 -0.0186377 460 -0.0341427 -0.0318054 8.63601 46.0507 -13 828 0 0 1
0.0429543 -0.0804931 460 -0.0352025 0.0436932 10.0515 43.1237 -13 829 0 0 1
-6.69685 2.25923 460 -0.041802 0.0127156 0.0164688 46.8336 11 829 1001 0 1
-0.0424611 0.0167844 460 0.0114918 0.0113401 14.0784 41.165 -13 830 0 0 1
-0.113836 -0.0501303 460 -0.0609854 0.0702771 8.40178 26.8001 -13 831 0 0 1
-0.0383836 -0.0161159 460 0.00586206 0.0185954 13.7975 25.9654 -13 832 0 0 1
0.0888097 0.117004 460 -0.00609874 -0.0799463 9.03184 47.8561 -13 833 0 0 1
-0.0508062 -0.0592028 460 0.0294349 0.0709375 5.30146 54.7808 -13 834 0 0 1
0.180013 0.0537947 460 -0.0548089 -0.0723228 7.79987 49.0936 -13 835 0 0 1
-6.77037 -1.30384 460 0.00820575 0.00667519 0.0359526 48.7143 11 835 1002 0 1
0.0943664 0.0803734 460 0.0459078 -0.0301963 11.8617 35.9693 -13 836 0 0 1
-0.0212927 0.0527651 460 0.00860471 -0.0496878 10.8246 24.7509 -13 837 0 0 1
-0.0342489 0.10091 460 0.0112377 0.0344306 12.8301 30.0928 -13 838 0 0 1
0.0172945 0.0499021 460 0.012928 -0.00919578 11.1384 36.75 -13 839 0 0 1
0.107361 -0.0724578 460 -0.0020325 0.0375332 9.85274 38.6389 -13 840 0 0 1
0.277651 -0.890477 460 -0.146148 -0.190328 6.15662 53.5308 -13 842 0 0 1
0.0678163 -0.0081814 460 -0.039007 -0.0868564 8.28816 27.2302 -13 843 0 0 1
-0.0555431 0.02496 460 -0.0600562 0.00468615 4.28092 60.8252 -13 844 0 0 1
0.157993 0.351001 460 0.158678 0.00412315 13.4724 21.6484 -13 845 0 0 1
0.179802 0.161649 460 -0.0243235 -0.030758 12.2814 30.4672 -13 846 0 0 1
-0.167338 0.21942 460 -0.0478454 0.0829735 4.55565 44.2206 -13 847 0 0 1
-0.0449149 0.267946 460 0.0989285 0.0905009 4.69243 61.8569 -13 848 0 0 1
0.0224951 0.000418352 460 0.0136603 -0.0191895 9.61234 19.8148 -13 849 0 0 1
-0.0787193 -0.142532 460 -0.0387434 0.0216648 12.3539 35.8194 -13 850 0 0 1
-0.0721442 -0.0119395 460 0.0124268 0.0102572 8.90145 26.761 -13 851 0 0 1
-0.765702 2.57659 460 0.12181 0.00315428 0.913938 105.962 -13 852 0 0 1
-0.125083 0.446099 460 0.227698 0.191522 4.84007 37.3259 -13 853 0 0 1
-0.00931529 0.106526 460 0.0185341 0.0430568 11.4527 18.1872 -13 854 0 0 1
-0.0337371 0.0811343 460 -0.0166568 -0.000878303 11.5569 38.2098 -13 855 0 0 1
0.000132752 0.120053 460 0.00985901 0.00238793 14.3185 20.0975 -13 857 0 0 1
-0.361059 0.0145983 460 -0.0982298 0.114292 10.2194 42.7098 -13 858 0 0 1
0.0608313 -0.00965066 460 -0.0302011 -0.0466386 12.9577 24.7771 -13 859 0 0 1
-0.0932653 0.0939222 460 0.00335972 0.0257072 13.0407 37.8551 -13 860 0 0 1
0.0689769 -0.0181749 460 -0.0283007 -0.01728 11.178 18.149 -13 861 0 0 1
-0.132745 0.0983043 460 -0.0802004 0.0359881 5.84685 49.1144 -13 862 0 0 1
-0.0843287 -0.176466 460 -0.000831997 -0.232615 3.90982 47.1569 -13 863 0 0 1
0.184759 0.0483458 460 -0.0378027 -0.0714337 6.86665 37.512 -13 865 0 0 1
-0.208357 -0.134059 460 0.0759386 0.13415 5.52589 58.1029 -13 866 0 0 1
0.158374 0.0115931 460 -0.011771 -0.0131347 8.34273 30.1838 -13 868 0 0 1
0.0996963 0.222103 460 0.030328 -0.0027947 9.17511 39.0011 -13 869 0 0 1
-0.0683383 -0.220954 460 -0.10962 -0.0465664 12.3643 28.889 -13 870 0 0 1
-0.0253358 0.166684 460 0.0217247 0.0232744 13.7032 34.633 -13 871 0 0 1
0.446285 0.0844629 460 0.0797113 -0.0296715 5.19492 51.5597 -13 872 0 0 1
-0.252583 -0.162827 460 0.0119122 0.0993493 4.46158 41.5922 -13 873 0 0 1
0.282692 0.45238 460 0.178252 -0.0894627 4.8232 46.819 -13 874 0 0 1
0.119724 0.162867 460 0.0652673 -0.0881437 3.39899 47.7876 -13 875 0 0 1
0.182613 0.0862337 460 0.0256952 -0.0755033 11.7778 26.0411 -13 876 0 0 1
0.0584463 -0.10313 460 -0.0477497 -0.0384724 9.20956 41.1098 -13 877 0 0 1
0.0243274 -0.044779 460 -0.00143711 -0.00544391 14.2419 37.9908 -13 879 0 0 1
-0.0501517 0.07036 460 0.03603 -0.0198866 12.9331 18.559 -13 880 0 0 1
0.00689114 0.0108006 460 0.0055922 -0.00214258 14.5324 24.312 -13 881 0 0 1
0.201813 0.243948 460 0.06168 -0.0407857 6.52638 46.5766 -13 882 0 0 1
0.0934245 0.169117 460 0.0481948 -0.0559464 7.07058 47.367 -13 883 0 0 1
0.0192991 0.130464 460 -0.00882122 -0.136225 5.70706 45.8143 -13 884 0 0 1
-0.125076 -0.0688427 460 -0.0268621 0.0229547 12.5698 15.1152 -13 885 0 0 1
-0.0805654 -0.0506644 460 -0.0108009 -0.030656 8.4752 26.3407 -13 886 0 0 1
-0.0988345 0.165207 460 0.0873773 0.0592603 8.5139 20.2161 -13 887 0 0 1
-0.101718 0.0723131 460 0.0756058 0.0687994 8.52682 38.8981 -13 888 0 0 1
0.0491192 0.0495231 460 0.0210418 -0.00977369 11.3209 39.5946 -13 889 0 0 1
-0.0424368 0.0192877 460 0.00850491 0.00495504 10.8226 27.3173 -13 890 0 0 1
0.118275 -0.46245 460 -0.101066 -0.00275639 7.49614 30.2755 -13 891 0 0 1
-2.71463 1.31984 460 0.027422 0.00647584 0.0477162 28.0051 11 891 1002 0 1
-0.686765 4.62435 460 -0.013041 0.0359915 0.0131295 35.9522 11 891 1002 0 1
-0.536004 4.73077 460 -0.00711087 0.036011 0.0170653 36.0496 11 891 1002 0 1
-0.0311941 -0.0364661 460 -0.000385669 0.0124261 14.0599 20.8998 -13 892 0 0 1
-0.0230372 0.0207081 460 -0.00861351 -0.0111723 9.37695 21.4939 -13 893 0 0 1
0.0153386 -0.0163516 460 -0.0598468 -0.0820702 12.613 31.8544 -13 894 0 0 1
-0.0148984 -0.0406745 460 -0.0207128 0.0254134 11.6108 31.3783 -13 895 0 0 1
-0.0425389 -0.0633619 460 -0.00756047 0.00749767 6.80193 46.0163 -13 896 0 0 1
0.0963862 0.109322 460 0.0245121 -0.0184665 10.3548 23.4775 -13 897 0 0 1
-0.613807 0.0181383 460 0.0701296 0.16534 8.37883 36.4489 -13 898 0 0 1
-0.593293 -0.485348 460 0.0289549 0.248097 6.70563 34.3082 -13 899 0 0 1
0.850911 -3.51508 460 0.0186657 -0.017971 0.028409 34.5176 11 899 1002 0 1
-0.0245795 -0.0258961 460 -0.00556803 0.039353 11.4457 16.5365 -13 900 0 0 1
0.0591264 0.117629 460 0.0729833 0.0576016 5.39187 58.6549 -13 901 0 0 1
-0.465597 0.332482 460 0.0306861 0.136121 8.5511 21.8388 -13 902 0 0 1
-0.293841 0.0233849 460 0.00899528 0.108338 6.6509 32.6215 -13 903 0 0 1
-0.072474 0.113114 460 0.0203514 -0.00561905 12.5543 21.0774 -13 904 0 0 1
-0.238506 0.273129 460 0.108271 0.0146671 5.12063 49.7137 -13 905 0 0 1
0.0450304 -0.0340707 460 -0.052364 -0.0533081 10.4572 35.9423 -13 906 0 0 1
-0.178714 -0.131002 460 -0.0783948 0.0528289 11.6347 40.9238 -13 907 0 0 1
-0.00150857 -0.0309598 460 -0.00930945 -0.00114312 12.9523 16.5223 -13 908 0 0 1
0.00505217 0.0243032 460 0.010128 -0.000644579 7.26814 37.8302 -13 909 0 0 1
-0.00702777 -0.159597 460 -0.0593648 0.0211682 9.29228 19.742 -13 910 0 0 1
0.178232 1.43499 460 -0.0279584 0.156368 1.84202 89.3912 -13 911 0 0 1
0.500176 -0.5272 460 -0.172769 -0.157407 11.8387 16.2741 -13 912 0 0 1
-0.0349648 -0.0585989 460 -0.0199251 -0.00716628 10.3003 18.3432 -13 914 0 0 1
-0.0216993 0.21166 460 -0.00146415 -0.0285732 9.11496 24.717 -13 915 0 0 1
0.0448266 -0.152598 460 -0.0380792 -0.0191817 13.8052 31.1285 -13 916 0 0 1
0.00794629 -0.0265046 460 0.0465033 0.0311336 12.4951 33.1158 -13 917 0 0 1
-0.0169563 -0.0220874 460 -0.00211757 -0.00419174 12.8518 37.311 -13 918 0 0 1
0.115979 -0.455419 460 -0.0445146 0.0452425 3.75344 47.2929 -13 919 0 0 1
0.325642 0.0928646 460 0.0505513 -0.0662403 8.64608 22.5488 -13 920 0 0 1
0.0634489 0.0441018 460 0.0285395 -0.037123 14.0822 18.3436 -13 921 0 0 1
0.0154356 0.00980565 460 -0.0127879 -0.00848412 12.8516 34.2326 -13 922 0 0 1
0.489062 0.0623697 460 0.0617586 -0.1316 4.01156 68.1651 -13 923 0 0 1
0.040425 0.11817 460 0.0136423 -0.0316352 13.5893 26.3707 -13 924 0 0 1
-0.0132775 0.0970091 460 0.0106016 -0.0229619 13.9408 40.6334 -13 925 0 0 1
-0.0124709 -0.111381 460 -0.0273025 0.0545449 12.8111 14.0705 -13 926 0 0 1
0.166298 0.0477597 460 0.0215781 -0.0248689 4.82977 48.5916 -13 927 0 0 1
0.0388295 -0.013387 460 -0.0225305 0.00755364 11.7822 37.9885 -13 928 0 0 1
0.0389672 -0.0398337 460 -0.0140328 -0.00913829 13.5532 19.1557 -13 929 0 0 1
-0.15061 -0.0403614 460 0.000417813 0.0635129 12.7382 31.5352 -13 930 0 0 1
0.0657302 -0.0545196 460 -0.0129499 -0.0286922 13.3164 34.0233 -13 931 0 0 1
0.0471223 0.061138 460 0.0272004 0.0228966 11.4529 43.7728 -13 932 0 0 1
0.188613 0.0484507 460 -0.0642245 -0.0739668 13.6098 25.8586 -13 933 0 0 1
0.0885216 0.110131 460 0.0757309 0.0311288 8.60393 31.7216 -13 934 0 0 1
-1.19884 0.861413 460 0.0256139 -0.00978887 0.0280396 32.6509 11 934 1001 0 1
-0.149317 -0.244242 460 -0.0876728 0.021512 10.3356 37.5209 -13 935 0 0 1
-0.44704 0.0106493 460 0.00414664 0.00534567 0.0843869 36.197 11 935 1001 0 1
-0.0176281 0.0113216 460 0.00256994 -0.00767611 12.4242 27.1495 -13 936 0 0 1
0.0266334 0.00348418 460 -0.0132131 -0.00322567 12.5369 40.8229 -13 937 0 0 1
-0.134795 0.235631 460 -0.028883 0.0772161 4.60223 39.115 -13 938 0 0 1
-0.0744282 -0.103653 460 -0.041977 0.000195087 13.8486 22.2687 -13 939 0 0 1
-0.110255 0.00937263 460 0.0303233 0.00946207 5.91741 31.7782 -13 940 0 0 1
-0.0895958 -0.112077 460 -0.0744062 -0.0444363 12.2545 29.6934 -13 941 0 0 1
-2.27342 0.732307 460 -0.00755164 0.0493878 0.0274599 36.0513 11 941 1001 0 1
1.3614 0.58696 460 0.0215598 -0.108971 2.26861 82.3736 -13 942 0 0 1
-0.0684341 -0.0918537 460 -0.038912 0.0258337 10.5273 40.9147 -13 943 0 0 1
0.510762 0.0806464 460 -0.063588 -0.0686184 5.77014 51.7389 -13 944 0 0 1
0.445023 0.314041 460 0.153202 -0.0180266 3.99692 66.5927 -13 945 0 0 1
-0.0624195 -0.0403484 460 0.0194504 0.0511616 14.3073 24.7596 -13 946 0 0 1
0.105728 0.118814 460 0.120583 -0.059206 10.4584 21.2145 -13 947 0 0 1
0.24062 0.0268726 460 -0.0343158 -0.150835 7.75328 26.5556 -13 948 0 0 1
-0.0447596 -0.0474994 460 -0.0178586 -0.010556 12.4858 34.5489 -13 949 0 0 1
-0.0936565 -0.530754 460 -0.345079 0.0134635 3.29217 49.4958 -13 950 0 0 1
0.238353 -0.00314727 460 0.00767125 -0.0535856 5.27436 37.961 -13 951 0 0 1
0.245465 0.0127922 460 0.123481 0.0614398 4.18931 63.9163 -13 952 0 0 1
-0.0395678 0.104663 460 0.048512 -0.00130653 9.84029 23.8929 -13 953 0 0 1
3.00275 0.460636 460 0.0210408 0.0300874 0.0275304 26.133 11 953 1002 0 1
-0.118426 0.100455 460 0.0293791 0.0643702 6.72075 44.4195 -13 954 0 0 1
-0.00948986 0.135035 460 0.0675812 0.0160266 7.35119 39.5278 -13 955 0 0 1
0.646394 -1.05841 460 -0.00432931 -0.00911642 0.0587108 39.1242 11 955 1001 0 1
0.106541 0.220158 460 0.136854 0.038881 6.95587 31.1688 -13 956 0 0 1
0.207029 0.00764074 460 0.00342206 -0.00701971 14.0589 30.9448 -13 957 0 0 1
0.00932693 0.114755 460 0.0540273 0.00637513 11.8923 28.462 -13 958 0 0 1
-0.188977 -0.0960357 460 -0.0468354 -0.0607641 10.4184 36.6938 -13 959 0 0 1
0.0385375 -0.00414976 460 -0.0132761 -0.0357731 14.432 21.2482 -13 960 0 0 1
-0.635476 -0.182822 460 0.0139308 0.147144 1.14886 86.779 -13 961 0 0 1
-0.019984 0.0166015 460 -0.109266 -0.0141481 11.7992 33.3015 -13 962 0 0 1
-0.0373985 0.0344057 460 0.0195577 -0.0135735 11.8757 37.0988 -13 963 0 0 1
0.0241337 0.0101865 460 0.0196216 -0.0333169 10.4879 42.6789 -13 964 0 0 1
0.0473628 -0.140495 460 -0.0315839 0.0122817 11.337 30.4943 -13 965 0 0 1
0.103783 0.0105933 460 -0.0351411 -0.071378 9.40307 25.8486 -13 966 0 0 1
-0.305208 0.48063 460 -0.000321784 0.165405 2.60499 62.6599 -13 968 0 0 1
0.0894446 -0.207079 460 -0.0797578 -0.00836454 8.89476 31.508 -13 969 0 0 1
2.48886 4.22926 460 -0.0238616 -0.000682042 0.045169 30.9073 11 969 1002 0 1
-0.147867 -0.0426567 460 -0.0489064 0.0491361 13.2537 26.7556 -13 971 0 0 1
-0.0173343 0.00156898 460 -0.00447677 0.00823598 14.4643 26.9777 -13 972 0 0 1
-0.0549947 0.0763184 460 0.0101913 0.0257872 13.7678 40.9012 -13 973 0 0 1
0.0345615 -0.241587 460 -0.0655403 -0.0219564 14.4831 31.5392 -13 974 0 0 1
-1.18793 0.126077 460 -0.0366346 0.0447236 0.0818332 31.1405 11 974 1001 0 1
0.141861 0.128044 460 -0.00390714 -0.118648 10.2884 36.2952 -13 975 0 0 1
-0.136213 -0.100477 460 0.0349334 0.0574741 6.70113 30.9902 -13 976 0 0 1
-0.0847167 0.194252 460 0.0179901 0.0125117 9.06589 35.7477 -13 978 0 0 1
-0.0598032 0.0280736 460 0.00569846 0.00632241 13.7191 31.0797 -13 979 0 0 1
-0.00566667 0.034958 460 -0.039197 0.00636728 12.0873 17.8055 -13 980 0 0 1
-0.078467 -0.0674426 460 -0.00392193 0.0300579 9.68014 18.1174 -13 981 0 0 1
0.0712676 0.00402102 460 -0.00783809 -0.0193765 13.6267 25.2738 -13 982 0 0 1
0.0419327 0.132665 460 0.085607 -0.147156 5.6749 52.5197 -13 983 0 0 1
-0.0240729 0.0633435 460 0.0392127 0.00475236 10.0081 19.2754 -13 984 0 0 1
0.440823 1.83575 460 0.0193218 0.014473 0.0894066 17.7881 11 984 1001 0 1
-0.23157 0.0253005 460 -0.000367222 0.0875139 11.2572 30.3226 -13 985 0 0 1
-0.262185 0.0054168 460 0.0140236 0.0677261 8.32805 38.6862 -13 986 0 0 1
2.66764 -4.04663 460 0.0160041 0.017709 0.0409535 36.7779 11 986 1001 0 1
0.0965735 0.0737454 460 0.0354703 -0.0287963 14.2401 36.5734 -13 987 0 0 1
-0.249253 0.17565 460 0.0383668 0.132556 6.69191 46.5792 -13 988 0 0 1
-0.542032 0.723205 460 0.0374768 -0.0678247 2.34507 75.218 -13 989 0 0 1
-0.123305 0.0105044 460 0.0322115 0.0238953 14.4709 19.9777 -13 990 0 0 1
-0.0105847 -0.0568852 460 -0.018902 0.0141583 10.8769 35.5583 -13 991 0 0 1
-0.040126 0.165012 460 0.0516144 0.0174871 13.097 38.4108 -13 992 0 0 1
0.0428238 -0.104435 460 -0.0200505 -0.00359553 11.2497 43.9589 -13 993 0 0 1
0.335518 0.401108 460 -0.0317224 -0.0316178 0.0168733 46.6553 11 993 1001 0 1
-0.0177826 -0.00189146 460 0.00628376 0.00738363 12.8215 37.8859 -13 994 0 0 1
-0.0421013 0.0560309 460 0.032797 0.0365013 13.8921 24.1655 -13 995 0 0 1
0.0373678 -0.111806 460 -0.0368647 -0.0258378 13.0411 38.2593 -13 996 0 0 1
0.0117854 -0.201428 460 -0.0942969 -0.0305955 14.5165 20.5184 -13 997 0 0 1
0.0175513 0.412276 460 0.0869114 -0.0620234 10.2076 41.5442 -13 998 0 0 1
-4.06946 -0.531985 460 -0.0355375 -0.0200197 0.0458899 41.9662 11 998 1001 0 1
0.252148 0.1771 460 0.0434307 -0.018642 7.36863 27.474 -13 999 0 0 1
0.0571149 -0.013707 460 0.0256352 -0.0242964 8.44549 41.4952 -13 1000 0 0 1
