#BLTrackFile NTuple/Z520
#x y z Px Py Pz t PDGid EventID TrackID ParentID Weight
#mm mm mm MeV/c MeV/c MeV/c ns - - - - -
-0.0371307 0.0166856 520 -0.0162263 -0.00940065 11.5083 35.1606 -13 1 0 0 1
-0.0477752 -0.0673307 520 -0.0108394 -0.0223803 12.5755 37.2694 -13 2 0 0 1
0.0167078 -0.0113276 520 -0.134736 -0.0772526 9.84754 21.2623 -13 3 0 0 1
-4.6793 3.31434 520 -0.0197881 -0.0197096 0.0805652 14.7012 11 3 1001 0 1
-0.0251536 0.0452653 520 0.00245721 0.00709565 11.1466 20.8219 -13 4 0 0 1
-0.132101 0.146036 520 -0.0173646 0.0437974 6.8648 34.0323 -13 5 0 0 1
0.0158565 0.0217251 520 -0.0739907 -0.0238889 7.64868 46.1931 -13 6 0 0 1
0.046213 0.102175 520 0.0425357 -0.0499726 12.0339 28.8931 -13 7 0 0 1
-0.0827907 -0.0146423 520 0.0304881 -0.0185593 5.12217 50.3415 -13 8 0 0 1
0.0672317 -0.138819 520 -0.0551588 -0.00660461 13.6242 37.0737 -13 9 0 0 1
0.0305295 0.0630165 520 0.0261791 -0.0245336 13.2397 18.9936 -13 10 0 0 1
-0.0890624 -0.018555 520 -0.026221 0.0215105 10.6054 20.1919 -13 11 0 0 1
-0.00308113 0.00928138 520 -0.0336709 -0.140437 11.8133 19.7463 -13 12 0 0 1
0.56734 -0.312043 520 0.136089 -0.0746926 3.58995 53.7772 -13 13 0 0 1
0.0131594 -0.0696042 520 -0.0137401 0.00807743 10.3175 20.9544 -13 14 0 0 1
-0.675278 1.98468 520 0.00450705 0.0256112 0.0924535 14.1299 11 14 1002 0 1
-0.107313 0.076535 520 0.0801662 0.0293655 5.20116 54.2198 -13 15 0 0 1
-0.161215 -0.100995 520 -0.0188119 -0.0127095 0.0228173 54.4006 11 15 1001 0 1
-0.256902 -0.031684 520 0.00325056 0.160207 8.36178 24.8192 -13 16 0 0 1
-1.17758 -4.69548 520 0.0202373 -0.0427577 0.00818422 35.9972 11 16 1001 0 1
0.00546771 -0.0465286 520 -0.00791864 0.0124638 14.5123 19.9536 -13 17 0 0 1
-0.0638383 -0.111317 520 -0.0288186 0.0091636 13.0862 43.2082 -13 18 0 0 1
0.10097 0.173535 520 0.0459008 0.0443851 8.26771 40.0686 -13 19 0 0 1
-0.628628 -2.00862 520 0.0116804 -0.0675988 1.24306 99.7371 -13 20 0 0 1
0.000343794 0.0553188 520 -0.0222166 -0.00611049 14.4249 35.7512 -13 21 0 0 1
-0.162536 0.0954363 520 0.0257997 0.00458355 10.4573 19.5232 -13 22 0 0 1
3.42578 -3.2605 520 0.0279601 0.050248 0.0356529 21.3586 11 22 1002 0 1
-0.0328016 0.024547 520 -0.0404009 -0.0493434 11.7777 45.2995 -13 23 0 0 1
-0.0283194 -0.0842798 520 -0.0566845 0.0398 8.30181 49.4798 -13 24 0 0 1
0.0916352 0.000432064 520 -0.0427234 0.000456276 14.3664 27.1816 -13 25 0 0 1
0.327142 0.0294014 520 -0.0812693 -0.0682937 8.9413 36.378 -13 26 0 0 1
-0.103008 -0.0462672 520 -0.0104928 -0.0179225 8.45423 32.2821 -13 27 0 0 1
-0.0990743 -0.0616134 520 -0.0262361 0.0310188 11.5679 43.9009 -13 28 0 0 1
-0.0143902 0.109924 520 -0.0133274 0.0269746 6.99551 47.8834 -13 29 0 0 1
4.72183 -1.85673 520 -0.0188211 0.0226041 0.0174542 49.8018 11 29 1002 0 1
-0.219762 -0.101014 520 -0.169953 0.0573432 13.6153 16.0998 -13 30 0 0 1
0.0309747 0.0807593 520 0.0431805 0.00737359 10.3536 22.2845 -13 31 0 0 1
0.0582604 -0.069574 520 0.0148481 -0.0716545 8.49165 27.4591 -13 32 0 0 1
0.80215 -0.286158 520 -0.0711084 -0.224443 3.19989 77.0293 -13 33 0 0 1
0.155852 0.0583423 520 0.0947111 -0.0339854 13.6422 35.3153 -13 34 0 0 1
4.9202 2.02315 520 0.0388333 0.00445483 0.0413231 41.6478 11 34 1001 0 1
-0.0592289 0.568419 520 0.0515776 0.0321433 5.09201 62.2433 -13 35 0 0 1
0.087429 0.135905 520 0.0544567 0.022591 8.57695 45.9099 -13 36 0 0 1
-0.101946 0.0796607 520 0.0245286 0.0111032 10.4024 46.1076 -13 37 0 0 1
0.0388656 0.0393656 520 -0.00196286 -0.00124659 11.8492 39.3024 -13 38 0 0 1
0.0269185 -0.0125109 520 -0.011868 -0.00395907 9.51231 29.917 -13 39 0 0 1
0.149439 -0.0358954 520 -0.0489114 -0.0160587 10.8813 37.775 -13 40 0 0 1
0.577542 0.962549 520 -0.0386238 -0.0299073 0.036454 38.4966 11 40 1001 0 1
-0.0978535 -0.1475 520 -0.122193 -0.0418994 8.8882 24.1422 -13 41 0 0 1
0.102062 0.133654 520 0.0472661 -0.0459038 9.91612 40.5385 -13 42 0 0 1
0.00859551 0.0139243 520 0.00421265 0.0389586 14.4181 24.9671 -13 43 0 0 1
-0.236815 -0.110653 520 -0.012641 0.0543934 11.2605 35.4947 -13 44 0 0 1
-0.70258 -0.546168 520 -0.00941198 0.0402499 0.0312177 36.3458 11 44 1001 0 1
0.194503 -0.241658 520 -0.0980169 -0.0578664 10.8567 41.9089 -13 45 0 0 1
-0.204062 -0.0301213 520 -0.0699313 -0.0529357 4.98341 40.8208 -13 46 0 0 1
0.0891869 -0.0311653 520 -0.0147921 -0.0551483 11.4131 24.5981 -13 47 0 0 1
0.572221 0.580344 520 0.045149 -0.193602 6.66335 37.8326 -13 48 0 0 1
0.0591121 0.142403 520 0.0284727 -0.0263139 13.2718 20.6341 -13 49 0 0 1
0.131744 -0.196767 520 0.0408078 -0.055797 4.24947 69.0744 -13 50 0 0 1
-0.225333 0.122473 520 0.061308 0.0580603 8.38466 34.2999 -13 51 0 0 1
0.292845 0.756062 520 0.0381649 -0.0904739 1.78053 94.6144 -13 52 0 0 1
0.00668271 -0.12694 520 -0.099317 -0.0527305 8.21109 24.2032 -13 53 0 0 1
0.299937 0.0810663 520 0.136918 0.0585701 2.83289 62.3786 -13 54 0 0 1
0.0865085 0.0595685 520 0.0376183 -0.0241485 10.3955 37.5423 -13 55 0 0 1
-0.0565159 -0.186801 520 -0.0543699 0.0523175 14.0633 22.3548 -13 56 0 0 1
0.420658 0.743914 520 -0.0448256 0.0413457 0.0528009 22.9361 11 56 1001 0 1
0.0547372 0.034624 520 0.0226749 -0.0312345 9.78907 46.4819 -13 57 0 0 1
0.152581 -0.138234 520 -0.0800281 -0.0427476 8.24725 29.6599 -13 58 0 0 1
0.776333 -0.287047 520 0.0049126 0.0203968 0.0679081 27.061 11 58 1001 0 1
0.451763 0.206286 520 0.0719063 -0.135395 6.99651 43.5641 -13 59 0 0 1
-7.91076 -0.907073 520 0.0148249 0.0282615 0.0199697 43.9014 11 59 1001 0 1
-0.0503354 4.50773 520 -0.000876159 0.00156645 0.0443597 40.1925 11 59 1002 0 1
0.0632349 -0.0366033 520 -0.0423458 -0.0503771 8.24028 44.1642 -13 60 0 0 1
-2.64847 -2.10303 520 0.00175099 -0.0378492 0.0509778 39.8683 11 60 1001 0 1
0.130592 0.0547032 520 0.0326432 -0.030174 13.9503 29.0092 -13 61 0 0 1
-0.125879 0.0593714 520 0.00036942 0.00773753 9.35605 32.7475 -13 62 0 0 1
0.00550343 0.0267727 520 0.0119011 0.0046346 14.0066 41.6733 -13 63 0 0 1
-0.0274442 0.0328837 520 0.0667628 -0.0383177 8.88579 33.6839 -13 64 0 0 1
-0.37601 0.0409388 520 0.0203641 0.121102 5.07189 40.8731 -13 65 0 0 1
-0.0413664 -0.024345 520 -0.0558148 0.0152295 7.38854 38.3399 -13 66 0 0 1
-0.0114865 -0.0153511 520 -0.0052337 0.0171314 11.5208 28.7887 -13 67 0 0 1
-0.0296044 0.235899 520 0.088684 -0.00368393 10.6274 37.1201 -13 68 0 0 1
-3.20767 -0.818329 520 0.0164727 0.0101635 0.0307584 37.9164 11 68 1001 0 1
-0.147062 -0.278354 520 -0.0462601 0.0326673 5.41536 47.5503 -13 69 0 0 1
-0.00486676 0.203941 520 0.0464782 -0.0133343 11.1578 22.0159 -13 70 0 0 1
0.0767508 -0.0350427 520 -0.0364502 -0.0141863 11.6781 19.9579 -13 71 0 0 1
-0.0088491 -0.118856 520 -0.0339957 0.0284293 10.3664 19.5939 -13 72 0 0 1
0.242689 -0.334539 520 -0.051649 0.0684021 6.12733 51.8036 -13 73 0 0 1
-0.0292085 0.0919014 520 0.0231901 0.00308977 10.7223 32.2207 -13 74 0 0 1
0.136209 0.265936 520 0.00937663 -0.0133113 7.79091 51.6885 -13 75 0 0 1
-0.0879243 -0.138749 520 -0.0187841 0.018238 12.4877 40.6491 -13 76 0 0 1
0.221584 0.0385162 520 0.0513981 -0.0766744 8.2085 48.7392 -13 77 0 0 1
-0.0849536 -0.102301 520 -0.0176515 0.0281268 13.5511 27.5086 -13 78 0 0 1
-0.0514518 0.0163131 520 -0.00987103 0.0109235 12.6743 39.8547 -13 79 0 0 1
0.100816 0.0271892 520 0.013015 -0.00192666 10.2877 46.0602 -13 80 0 0 1
-0.00151751 0.0327325 520 0.0153791 0.0282953 8.67445 44.4999 -13 81 0 0 1
-0.0265497 -0.0210577 520 0.0485084 -0.0178101 13.203 37.4171 -13 82 0 0 1
-0.0603198 -0.0035267 520 0.00348142 0.0323206 9.85805 37.8528 -13 83 0 0 1
0.344381 -0.175706 520 -0.0464163 -0.0253329 6.33982 42.707 -13 84 0 0 1
0.0268137 -0.0337235 520 -0.0333555 -0.0325099 13.6042 17.7413 -13 85 0 0 1
-0.13588 0.0970498 520 0.0649809 0.0260192 7.96648 36.3938 -13 86 0 0 1
-0.280176 -0.447996 520 -0.289571 -0.108935 1.71225 100.884 -13 87 0 0 1
0.254493 0.0731586 520 0.129354 -0.0515532 8.51717 30.3107 -13 88 0 0 1
0.131128 -0.0788337 520 0.00779006 0.0428899 9.97517 29.6671 -13 89 0 0 1
-0.0580659 0.150372 520 -0.0241506 0.0514581 6.68796 36.4173 -13 90 0 0 1
-0.0264521 0.219762 520 0.106721 0.0120013 7.15388 53.3318 -13 91 0 0 1
0.0659117 0.0178169 520 -0.0281322 -0.0416636 6.67191 55.4565 -13 92 0 0 1
0.288043 0.521485 520 0.231633 0.0517129 7.67679 50.032 -13 93 0 0 1
0.127195 -0.304595 520 0.0208742 -0.0206644 5.75067 40.5851 -13 94 0 0 1
0.0365055 -0.131519 520 -0.00652353 -0.0531772 10.7609 29.2247 -13 95 0 0 1
-2.39261 -1.23059 520 0.00696572 -0.00308216 0.0389143 31.1724 11 95 1001 0 1
1.39352 1.33748 520 -0.0081857 -0.373816 1.38535 84.4411 -13 96 0 0 1
0.0564524 -0.0314539 520 -0.022182 0.00428639 12.8585 29.7685 -13 97 0 0 1
0.435113 0.773425 520 0.0798907 -0.521607 9.44889 27.7776 -13 98 0 0 1
1.08026 0.154081 520 0.0194177 0.00895646 0.0853582 22.3181 11 98 1001 0 1
0.000540826 -0.0101992 520 -0.0307209 -0.00141221 14.0135 18.7512 -13 99 0 0 1
0.141709 -0.0825796 520 -0.0035692 -0.0920269 12.3136 16.2869 -13 100 0 0 1
-0.214757 0.195009 520 0.0284196 -0.125255 4.70046 54.4468 -13 101 0 0 1
-0.0589802 0.0269626 520 0.0227107 -0.0115755 9.96177 42.124 -13 103 0 0 1
0.0119198 0.0389803 520 0.0530598 -0.0046106 9.60167 32.4886 -13 104 0 0 1
0.0888151 0.0591695 520 -0.00936032 0.029105 8.8132 27.9366 -13 105 0 0 1
-0.0281223 -0.0233708 520 0.0112292 -0.00305583 10.3099 46.2545 -13 106 0 0 1
-0.0219031 0.0359932 520 0.0180835 -0.00838053 13.7527 31.5156 -13 107 0 0 1
-0.00144516 -0.126297 520 -0.0413083 0.0772938 7.31119 38.0433 -13 108 0 0 1
-0.0180495 0.0561202 520 -0.00274092 -0.00731324 13.5704 14.6428 -13 109 0 0 1
-0.408739 0.400325 520 0.113907 0.166946 5.48491 36.4782 -13 110 0 0 1
0.0456413 0.0336826 520 -0.00703697 -0.0221386 9.83745 22.8399 -13 111 0 0 1
-0.180497 0.0492198 520 0.124906 0.105563 7.67422 28.254 -13 112 0 0 1
0.0594416 -0.0191703 520 -0.013607 -0.0117634 11.9568 26.0281 -13 113 0 0 1
-0.055499 0.16933 520 0.00734255 0.0948419 8.05761 29.8483 -13 114 0 0 1
-0.155496 1.43077 520 0.439981 -0.0175637 13.2229 33.9165 -13 115 0 0 1
0.0858414 0.0740691 520 0.0384593 -0.0096416 10.2949 47.4377 -13 116 0 0 1
-0.12059 -0.019286 520 0.05489 0.0302803 11.5652 21.3945 -13 117 0 0 1
0.104165 -0.379174 520 -0.08276 -0.0568202 5.85053 36.6336 -13 118 0 0 1
0.0899996 -0.140157 520 -0.0353022 -0.0190133 10.9701 36.8506 -13 119 0 0 1
0.122077 -0.415015 520 -0.0505501 0.0671833 7.50861 38.7843 -13 120 0 0 1
-0.0134209 0.173118 520 0.0557376 0.0487012 7.96373 51.3456 -13 121 0 0 1
0.129929 -0.0975808 520 -0.029487 -0.0148423 8.98037 27.2431 -13 122 0 0 1
-0.19641 -0.124649 520 -0.115778 -0.0376799 5.00607 58.934 -13 123 0 0 1
-0.116015 0.0973509 520 0.0518509 0.0197728 12.9946 29.8417 -13 124 0 0 1
-0.152517 -0.0924005 520 -0.0261784 0.046081 11.4603 42.9556 -13 125 0 0 1
-0.552081 -0.500138 520 -0.015334 0.264594 11.7226 41.1422 -13 126 0 0 1
-0.0597597 -0.257262 520 -0.0415177 -0.00951107 9.63193 25.3641 -13 127 0 0 1
-0.0634599 0.199509 520 0.0664152 0.0404711 13.5036 23.6918 -13 128 0 0 1
0.0439812 0.0987451 520 0.0411887 -0.0253893 13.4927 26.764 -13 129 0 0 1
-0.0293236 0.00331325 520 -0.0129655 0.0230477 10.4577 40.241 -13 130 0 0 1
0.0190227 -0.0794237 520 0.0321046 -0.028008 9.16002 28.6685 -13 131 0 0 1
-0.3076 -0.694583 520 -0.169078 0.122792 13.241 36.7278 -13 132 0 0 1
-0.0606191 0.0629331 520 0.0247819 0.0650492 14.5169 32.0415 -13 133 0 0 1
0.190868 -0.00761424 520 0.0837727 -0.0259519 7.26601 44.4124 -13 134 0 0 1
-0.0498591 0.0452288 520 0.0235857 0.0210706 13.3499 18.5111 -13 135 0 0 1
0.0564544 0.0295986 520 0.0376635 -0.0224757 12.9804 26.4803 -13 136 0 0 1
-0.113923 0.0695553 520 -0.0234505 -0.0347867 7.23528 29.8779 -13 137 0 0 1
0.0255863 -0.273431 520 -0.0682356 0.0339898 4.52253 45.1206 -13 138 0 0 1
-0.131433 0.0953575 520 0.0435584 0.0243768 11.4928 36.115 -13 139 0 0 1
-0.00251779 0.032264 520 0.0508089 -0.0116383 14.1397 38.5202 -13 140 0 0 1
0.0861322 0.0055699 520 -0.0157618 -0.0236698 13.8194 14.8737 -13 141 0 0 1
-0.0139975 -0.0033702 520 -0.00437166 -0.0252294 13.7487 25.4983 -13 142 0 0 1
-0.0431957 -0.00224807 520 0.0767924 0.00461511 11.0308 22.7002 -13 143 0 0 1
0.00806152 -0.0717798 520 -0.033951 -0.0135601 14.3905 33.8485 -13 144 0 0 1
-0.152976 0.107733 520 -0.0012955 0.031159 9.86551 44.3503 -13 145 0 0 1
0.157687 0.0515513 520 0.0128225 0.0304163 9.23335 30.9591 -13 146 0 0 1
-0.0262929 -0.116598 520 -0.0465977 -0.00223939 11.2355 32.0594 -13 147 0 0 1
-0.103315 0.0301888 520 -0.0293728 0.0125348 7.37205 38.4817 -13 148 0 0 1
0.000906025 -0.235729 520 -0.0467457 0.0111566 7.00916 35.095 -13 149 0 0 1
0.00178799 0.0187476 520 0.00291953 0.0145617 13.8466 34.2927 -13 150 0 0 1
-0.227614 -0.169717 520 -0.0103769 0.0458478 8.0942 26.5622 -13 151 0 0 1
0.0358103 0.00691588 520 0.00362239 -0.0185478 14.1336 37.7005 -13 152 0 0 1
0.150818 0.203878 520 0.0520327 -0.0112419 13.6916 37.5605 -13 153 0 0 1
-0.158918 -0.14731 520 -0.0089574 0.0240267 9.45708 37.0562 -13 154 0 0 1
0.100378 0.000981833 520 0.0667242 -0.0340179 9.94927 44.1143 -13 155 0 0 1
0.00776731 0.122736 520 0.0603881 0.00372015 11.9814 32.5237 -13 156 0 0 1
-0.1334 0.00115909 520 0.0102508 0.04661 13.2437 23.5613 -13 157 0 0 1
0.360817 -0.145622 520 -0.0384466 -0.11647 8.43961 32.4393 -13 158 0 0 1
0.0497896 -0.0202168 520 -0.00605811 -0.0203866 14.3358 36.2081 -13 159 0 0 1
-0.171229 0.23012 520 0.0577998 0.0146349 7.49447 33.557 -13 160 0 0 1
-0.0184913 -0.117384 520 -0.0834238 0.0233715 14.108 20.4507 -13 161 0 0 1
0.104676 -0.093166 520 -0.0394149 -0.0870999 9.73255 34.564 -13 162 0 0 1
0.228934 -0.136081 520 0.00811624 -0.0517986 9.75568 22.2899 -13 163 0 0 1
-0.0320143 -0.00761569 520 -0.0151044 0.00271652 14.2223 33.5385 -13 164 0 0 1
-0.0222608 -0.0073159 520 -0.0276992 -0.00414188 12.3382 40.0125 -13 165 0 0 1
-0.11062 0.0220975 520 0.0399244 0.117354 11.0215 45.7873 -13 166 0 0 1
-0.255128 0.015433 520 -0.0913203 0.0338649 9.83834 24.002 -13 167 0 0 1
0.0628082 0.0277157 520 0.00986455 -0.0190536 11.4261 17.503 -13 168 0 0 1
-0.00757357 0.0511253 520 0.0444133 0.0314929 13.0651 40.9222 -13 169 0 0 1
-0.0557652 0.0660566 520 0.0292595 -0.0470262 8.93238 39.9376 -13 170 0 0 1
0.0408995 0.0725764 520 0.00631023 -0.0157587 14.5103 35.1569 -13 171 0 0 1
0.0322499 -0.198724 520 0.00265633 -0.102445 11.856 30.6133 -13 172 0 0 1
-0.0402494 -0.0114986 520 -0.0275146 -0.00468466 13.0443 15.7248 -13 173 0 0 1
-0.0110154 -0.143606 520 -0.0201109 0.020527 9.755 42.9232 -13 174 0 0 1
-0.0253663 -0.0912506 520 -0.0299281 -0.020004 10.6734 20.2514 -13 175 0 0 1
-0.0372637 -0.106174 520 0.0383943 0.169054 10.7856 31.819 -13 176 0 0 1
0.276759 -0.736447 520 -0.020365 0.00956022 3.27289 58.266 -13 177 0 0 1
-0.0702076 -0.125769 520 -0.113066 -0.0743553 5.57229 44.412 -13 178 0 0 1
0.677722 -0.00312098 520 -0.220709 -0.285327 5.54494 49.4621 -13 179 0 0 1
-0.115409 0.141606 520 -0.0732078 -0.199661 7.13548 49.5812 -13 180 0 0 1
-0.108628 -0.0287925 520 0.0711419 0.00993623 8.77829 47.8395 -13 181 0 0 1
0.103335 -0.020748 520 -0.0268657 0.00846523 9.26171 37.7765 -13 182 0 0 1
0.0290259 0.17128 520 0.0746254 0.0129397 14.0256 18.9805 -13 183 0 0 1
-0.139531 -0.117904 520 0.029503 0.0978644 12.2653 20.1673 -13 184 0 0 1
0.35228 -0.959445 520 0.0384379 0.00778359 0.0213453 20.7024 11 184 1002 0 1
-0.0668427 -0.165171 520 -0.0477394 0.000880443 11.5049 32.2995 -13 185 0 0 1
0.00266225 -0.106832 520 -0.0250514 -0.0164009 11.8781 45.0888 -13 186 0 0 1
-0.0730519 0.0705906 520 0.0513184 -0.0165472 4.73408 42.1583 -13 187 0 0 1
-0.0909893 -0.101176 520 -0.0569527 0.0523308 8.6056 38.426 -13 188 0 0 1
-0.276419 -0.045104 520 0.0218148 0.0970907 5.86223 32.7951 -13 189 0 0 1
0.0607417 -0.0793498 520 -0.0445057 -0.0404664 8.41498 27.9341 -13 190 0 0 1
-0.0515965 0.478612 520 0.107266 -0.281934 12.239 21.5021 -13 191 0 0 1
-0.0809179 0.108684 520 0.00610517 0.0726491 12.0767 21.4194 -13 192 0 0 1
-0.0094119 0.161072 520 -0.00105219 0.0357596 10.3332 25.2543 -13 194 0 0 1
0.322135 -0.0376056 520 -0.0293189 -0.0180919 0.0181329 25.457 11 194 1001 0 1
0.0501124 -0.0429544 520 -0.0507035 -0.0288945 10.8707 39.2992 -13 195 0 0 1
-0.130983 0.180929 520 0.0808669 0.0150807 11.6918 45.5501 -13 196 0 0 1
-0.106341 -0.0248408 520 -0.0392551 -0.000509872 12.3038 19.9196 -13 198 0 0 1
0.00651964 -0.0361228 520 -0.014999 -0.0133642 12.9301 29.0106 -13 199 0 0 1
-0.731191 -0.623079 520 0.122498 0.119949 0.839608 111.94 -13 200 0 0 1
-0.0402248 0.00371715 520 0.0358761 0.00219713 11.6011 38.0368 -13 201 0 0 1
0.0222733 -0.080386 520 -0.0586637 0.0417506 12.013 36.6586 -13 202 0 0 1
-0.0170698 -0.0206191 520 -0.0144185 -0.00531892 14.4604 33.9151 -13 203 0 0 1
0.019027 0.19676 520 -0.015915 -0.0561635 5.4855 42.5835 -13 204 0 0 1
-0.066071 0.0340571 520 0.012237 0.00419257 7.16356 37.1271 -13 205 0 0 1
-0.270043 -0.00152937 520 -0.0142169 0.0982248 9.24432 48.2851 -13 207 0 0 1
0.00716641 -0.0416363 520 -0.026769 -0.0336779 13.7132 26.7759 -13 209 0 0 1
-0.904323 -2.62494 520 -0.59546 0.665027 2.84134 78.0083 -13 210 0 0 1
0.0246824 0.0585444 520 -0.10232 -0.0457393 6.56192 43.3581 -13 211 0 0 1
-0.322589 -0.66557 520 -0.185672 0.174012 13.9471 15.0002 -13 212 0 0 1
0.223356 -0.134565 520 -0.0300745 -0.0840363 8.962 49.8441 -13 213 0 0 1
0.115766 -0.0349568 520 -0.0232049 -0.0200933 9.79471 37.3938 -13 214 0 0 1
0.0474686 0.152794 520 0.0410114 -0.012694 4.01112 57.9502 -13 215 0 0 1
0.0800539 -0.0919871 520 -0.0458356 -0.0589639 9.89494 31.2162 -13 216 0 0 1
-0.00869194 0.0807548 520 0.033551 0.0101 9.45344 32.8905 -13 217 0 0 1
0.0665423 -0.169203 520 -0.0168455 -0.00673664 5.14785 50.4129 -13 218 0 0 1
-0.0819059 -0.0469797 520 -0.0277297 0.0326275 9.75872 29.5604 -13 219 0 0 1
-0.0109371 0.0787595 520 0.0317841 0.0155236 13.3237 26.0139 -13 220 0 0 1
0.0138341 -0.515306 520 -0.0899612 -0.0239345 3.50813 58.7699 -13 221 0 0 1
0.0171061 0.00967939 520 0.0306862 -0.0255171 8.92429 27.9937 -13 222 0 0 1
0.0335567 -0.0526712 520 0.0216895 -0.0279075 8.64436 25.0476 -13 223 0 0 1
0.236981 0.0857166 520 0.0475427 0.0869399 6.08384 59.1618 -13 224 0 0 1
-0.0201582 0.0218906 520 0.0073661 0.0103316 12.3412 36.1958 -13 225 0 0 1
-0.0194251 0.0757141 520 0.0162015 0.0494397 10.0979 37.6294 -13 226 0 0 1
0.14535 0.0522769 520 -0.00772298 -0.0876026 12.6189 34.7095 -13 227 0 0 1
0.0573631 -0.000515427 520 0.025918 -0.0215783 13.5012 27.3393 -13 228 0 0 1
-0.0329151 0.0443887 520 0.0048763 0.0196843 13.4427 24.8956 -13 229 0 0 1
-0.0828436 0.00204879 520 -0.0758533 -0.119508 11.9537 17.2383 -13 230 0 0 1
0.0739056 -0.0714093 520 -0.0945364 0.00276284 9.00399 46.9832 -13 231 0 0 1
-0.0978428 0.108126 520 0.0465214 -0.0306038 6.27588 48.4588 -13 232 0 0 1
-0.286148 -0.268485 520 -0.119631 0.0131184 10.9639 45.0946 -13 233 0 0 1
-0.07671 0.0135442 520 0.0117735 0.0303569 12.4876 18.1338 -13 234 0 0 1
0.0785114 0.23586 520 0.00611612 0.0269391 6.33208 52.7538 -13 235 0 0 1
0.0592496 0.126476 520 -0.0208114 -0.0472766 4.4561 60.4378 -13 236 0 0 1
-0.0931711 0.0400415 520 0.0329537 0.062005 8.35952 37.392 -13 237 0 0 1
-0.0384161 -0.246118 520 -0.0854038 0.030149 9.43404 24.8042 -13 238 0 0 1
-0.0448782 0.745564 520 0.0297216 0.0050684 0.0280324 25.4134 11 238 1002 0 1
-0.115256 0.0388693 520 -0.0086281 0.0426026 12.7757 26.5064 -13 239 0 0 1
0.0143887 0.0208423 520 0.00629033 0.00156611 12.7548 20.2017 -13 240 0 0 1
-0.0924025 0.215009 520 0.0845837 0.0158706 12.791 16.9721 -13 241 0 0 1
0.0112918 0.0213528 520 0.0417678 -0.0155879 10.9258 33.5628 -13 242 0 0 1
-0.139595 0.113565 520 0.0452936 0.0398016 13.7997 41.5891 -13 243 0 0 1
-0.0784348 0.0615957 520 -0.0321973 0.099506 8.6471 45.0846 -13 244 0 0 1
0.0143234 -0.0216833 520 -0.0352835 0.0390779 12.9113 27.0158 -13 245 0 0 1
0.118064 0.125147 520 0.0552256 -0.0130116 8.08147 32.019 -13 246 0 0 1
-0.0521963 0.117437 520 0.0420337 0.036264 11.6353 26.6688 -13 247 0 0 1
0.0303013 0.00860658 520 0.00231577 -0.0424049 11.8253 43.4032 -13 248 0 0 1
0.0143129 0.0206464 520 0.00326499 0.00267136 12.349 26.068 -13 249 0 0 1
0.201913 -0.0353148 520 0.00744948 -0.0821615 10.3505 37.5899 -13 250 0 0 1
0.088045 -0.0846174 520 0.030774 -0.0472657 8.2999 48.6187 -13 251 0 0 1
3.11804 -3.15302 520 -0.0193745 0.00492222 0.0393793 50.2992 11 251 1002 0 1
0.0572545 0.0186398 520 0.0124884 0.0131688 12.973 22.1651 -13 252 0 0 1
0.0659262 -0.410172 520 -0.109201 0.103628 11.9086 37.0439 -13 253 0 0 1
0.171839 -0.154162 520 -0.0148796 0.0611374 8.31282 27.0269 -13 254 0 0 1
0.0342353 -0.0562263 520 -0.0319831 -0.0193474 12.0679 23.2854 -13 255 0 0 1
-0.273659 0.0899294 520 -0.0261722 0.116118 12.2403 16.1769 -13 256 0 0 1
0.0318186 0.027758 520 -0.0124224 0.0437722 11.2843 27.8539 -13 257 0 0 1
-0.119234 0.0107237 520 -0.0443024 0.0531517 11.7275 32.8174 -13 258 0 0 1
0.0459411 0.0322085 520 -0.0126165 -0.0111495 14.4536 18.5409 -13 259 0 0 1
-0.0575524 0.0338895 520 -0.00902002 -0.0025714 14.2177 37.0792 -13 260 0 0 1
0.143091 0.0893166 520 0.0632036 -0.0178296 13.8418 28.7383 -13 261 0 0 1
-0.125753 0.0872747 520 0.0718292 0.0508496 12.9558 33.8568 -13 262 0 0 1
-0.0488364 -0.0994552 520 -0.0344922 0.0169091 10.5338 25.4323 -13 263 0 0 1
0.599212 0.28627 520 -0.0670346 -0.00682378 3.38974 73.7303 -13 264 0 0 1
-0.0884097 -0.0124039 520 0.00820429 0.011242 12.807 38.4626 -13 265 0 0 1
0.101486 0.00466968 520 -0.0600329 0.0215703 11.3224 41.1483 -13 266 0 0 1
-0.0212755 0.000849929 520 -0.0103361 0.0243755 14.0579 35.9824 -13 267 0 0 1
-0.0730565 -0.274652 520 -0.0699837 -0.0219959 12.2544 21.0018 -13 268 0 0 1
0.0919253 0.128593 520 -0.0602507 -0.0201471 11.9057 27.7095 -13 269 0 0 1
-0.150911 -0.332798 520 0.001359 0.196961 3.25632 81.734 -13 270 0 0 1
-0.0732315 -0.219548 520 -0.0666244 -0.0354363 7.26334 52.941 -13 271 0 0 1
-0.00957972 -0.0641833 520 -0.0090747 0.0120339 14.466 23.0579 -13 272 0 0 1
0.0191862 -0.079645 520 -0.0191724 0.0302572 8.04475 33.4288 -13 273 0 0 1
-3.84293 -0.870744 520 0.0274547 -0.0171402 0.0559789 31.5715 11 273 1001 0 1
0.105251 0.0801827 520 0.0780718 0.0336758 12.6097 42.0052 -13 274 0 0 1
-0.0115531 0.208506 520 0.0616425 -0.0193257 8.72823 40.942 -13 275 0 0 1
0.196281 0.50625 520 -0.00605795 -0.0260964 0.0620599 40.624 11 275 1001 0 1
0.0752909 -0.116141 520 -0.0173289 -0.00654522 11.5282 22.0884 -13 276 0 0 1
-0.152177 -0.167456 520 -0.0783472 0.0376188 9.61741 44.555 -13 277 0 0 1
-0.0221031 -0.0761252 520 -0.0207057 0.00616626 13.7549 26.5243 -13 278 0 0 1
0.0880368 0.0752729 520 0.0330342 -0.0282766 13.3473 34.8121 -13 279 0 0 1
-0.194288 0.103415 520 -0.105061 0.143923 6.2993 35.7778 -13 280 0 0 1
-0.0699339 -0.217654 520 -0.0292257 0.0411093 8.14297 42.8941 -13 281 0 0 1
0.0472542 -0.0276424 520 -0.000789059 -0.0138374 9.51387 43.0078 -13 282 0 0 1
-0.0515326 0.0382205 520 0.037829 0.0353683 10.6957 24.8186 -13 283 0 0 1
-0.0491391 -0.0469282 520 0.0390223 0.0581507 7.19807 39.3811 -13 284 0 0 1
-0.529035 -0.209659 520 0.0394345 0.13021 2.97854 84.0657 -13 285 0 0 1
0.249436 0.225105 520 0.0863205 -0.05911 6.74303 53.3974 -13 286 0 0 1
-0.0533275 0.110016 520 -0.043897 0.0403738 10.8756 45.487 -13 287 0 0 1
-0.0878704 0.0136771 520 0.015803 0.0240095 11.9558 41.2658 -13 288 0 0 1
0.0110028 -0.0772076 520 -0.0377134 0.013192 9.45565 37.395 -13 289 0 0 1
-0.0613935 -0.115398 520 -0.0438905 0.0588862 9.04547 29.3102 -13 290 0 0 1
0.231586 -0.193995 520 0.0105804 -0.00621504 6.89688 45.6075 -13 291 0 0 1
0.0611426 -0.00475024 520 -0.0104327 0.0165863 13.2713 17.5456 -13 292 0 0 1
-0.0995953 -0.156788 520 -0.0800862 0.00427442 7.38501 54.2469 -13 293 0 0 1
-0.0615688 0.0681066 520 0.0252711 0.00929199 13.821 43.2718 -13 294 0 0 1
-0.204537 0.319712 520 0.118181 -0.000569444 7.2549 48.6959 -13 295 0 0 1
0.369071 -0.141128 520 -0.029425 0.0070984 6.02214 45.8624 -13 296 0 0 1
-0.0542684 -0.145351 520 -0.0687769 -0.0981953 11.9761 20.5546 -13 297 0 0 1
-0.00384008 -0.0534921 520 -0.0140165 -0.00260786 12.1809 28.2742 -13 299 0 0 1
0.447163 0.2209 520 0.183776 -0.126243 3.11311 80.8095 -13 300 0 0 1
0.0920089 -0.182453 520 0.0302955 -0.0151927 8.22544 49.2052 -13 301 0 0 1
-0.243397 -0.116931 520 -0.0977854 0.0862007 7.51442 40.6811 -13 302 0 0 1
0.00354847 -0.118578 520 -0.0809212 0.0307916 11.6585 29.2264 -13 303 0 0 1
0.0271624 -0.0995944 520 -0.0209827 0.0568595 7.7022 41.3921 -13 304 0 0 1
0.010076 -0.00821256 520 -0.00291495 -0.0108596 11.0888 27.1796 -13 305 0 0 1
0.0253329 -0.0490831 520 -0.0223027 -0.0303756 9.71399 34.7859 -13 306 0 0 1
0.405022 -0.770119 520 -0.275489 -0.00696142 4.39861 52.4266 -13 307 0 0 1
0.112834 -0.00127109 520 -0.00737937 -0.0122625 12.3844 21.8423 -13 308 0 0 1
-0.41623 0.199673 520 0.0610261 0.126677 9.54158 39.8035 -13 309 0 0 1
0.212386 0.0327548 520 -0.0388446 -0.0811998 5.66411 41.9123 -13 310 0 0 1
0.0200737 -0.0175343 520 0.00191677 -0.0550317 13.9805 30.771 -13 311 0 0 1
-0.0239127 0.00517949 520 0.000563079 0.00665075 12.1587 22.5969 -13 312 0 0 1
0.0689499 0.0929019 520 0.00652899 -0.0397959 13.0444 16.4297 -13 313 0 0 1
0.102156 0.0229401 520 0.0206711 -0.0163282 13.8155 15.4207 -13 314 0 0 1
-0.019339 -0.0756783 520 -0.0428201 -0.0255491 11.6241 20.1301 -13 315 0 0 1
-0.0354799 0.0557088 520 -0.00870948 -0.0126387 9.07807 27.1907 -13 316 0 0 1
-0.368489 0.763719 520 0.064609 0.07061 2.22681 73.3665 -13 317 0 0 1
0.194521 -0.24307 520 -0.0468036 -0.170286 6.08957 36.0364 -13 318 0 0 1
0.021913 -0.0257235 520 0.029104 -0.0149857 13.8121 19.5803 -13 320 0 0 1
0.132123 -0.110699 520 -0.0453619 -0.0621864 9.99344 24.4595 -13 321 0 0 1
-0.0377351 0.0699434 520 0.021305 0.0409115 12.7459 20.6629 -13 322 0 0 1
-0.0300047 -0.265673 520 -0.0445197 0.0247957 6.09671 37.7454 -13 323 0 0 1
0.0353461 -0.150879 520 0.0394096 0.0453129 11.4429 43.35 -13 325 0 0 1
-0.0188794 -0.0422458 520 -0.0326278 0.00316888 10.7095 38.0105 -13 326 0 0 1
0.0551722 -0.00182409 520 0.00680494 -0.0527316 12.4503 28.3307 -13 327 0 0 1
-0.292012 -0.577595 520 0.0297179 0.0282135 0.0206103 28.7508 11 327 1001 0 1
0.0549972 -0.340297 520 -0.119465 -0.187731 4.10211 63.662 -13 328 0 0 1
0.0928511 0.00270038 520 0.0588782 -0.0406785 11.9794 38.0599 -13 329 0 0 1
-0.391252 -0.151301 520 -0.142186 0.0763924 8.92731 29.1486 -13 330 0 0 1
0.143653 -0.0533998 520 -0.00447435 -0.076904 5.54425 34.045 -13 331 0 0 1
0.771119 0.687946 520 0.370597 -0.055521 4.81908 43.2554 -13 332 0 0 1
0.0369118 0.151244 520 0.0367639 -0.0158305 9.85524 30.3873 -13 333 0 0 1
0.0246637 -0.152332 520 -0.0681882 -0.0138706 12.8539 17.4235 -13 334 0 0 1
0.086498 0.218183 520 0.0409149 0.0186688 14.25 34.5491 -13 335 0 0 1
0.134363 -0.156068 520 0.0360463 -0.0244092 5.71371 46.1991 -13 336 0 0 1
0.0318793 -0.00983606 520 -0.0221335 -0.0162365 13.7344 32.2747 -13 337 0 0 1
0.0931713 -0.102001 520 -0.0292725 -0.0247754 9.65439 44.0571 -13 338 0 0 1
0.0670415 -0.175049 520 -0.139112 -0.0530604 9.32052 48.8753 -13 339 0 0 1
-0.0240909 -0.14486 520 -0.0320327 0.0128992 12.4578 42.8213 -13 341 0 0 1
2.17894 0.835823 520 -0.120177 0.0496407 0.80516 119.894 -13 343 0 0 1
0.0305416 0.0331798 520 0.0262681 -0.00227502 13.2423 20.7592 -13 344 0 0 1
-0.217386 -0.631354 520 -0.102821 0.151958 9.64121 20.1789 -13 345 0 0 1
-6.55382 -3.4588 520 0.0453999 -0.0320783 0.0284694 21.3231 11 345 1002 0 1
-0.0258238 0.0136692 520 -0.00238244 0.00911161 13.4535 29.3034 -13 346 0 0 1
-0.139106 -0.0809117 520 -0.0362786 0.0241033 12.1114 30.3177 -13 347 0 0 1
-0.120566 0.0542027 520 0.0265869 0.0628379 13.7842 40.2138 -13 348 0 0 1
0.19186 0.103316 520 0.106768 -0.118115 7.09236 40.4289 -13 349 0 0 1
5.51046 -1.35293 520 -0.000506503 0.00665083 0.0393768 34.6156 11 349 1001 0 1
-0.166938 -0.125534 520 -0.0364714 0.0462088 7.75005 47.3116 -13 350 0 0 1
2.96465 -1.86556 520 -1.00253 -0.192503 4.31409 49.1689 -13 351 0 0 1
3.52433 -1.06033 520 -0.00430929 -0.0185255 0.0313286 48.9885 11 351 1002 0 1
-0.0325621 -0.166211 520 0.144846 -0.109175 4.20628 54.6934 -13 352 0 0 1
-0.124601 -0.0600078 520 0.00454192 0.108732 10.8504 44.6976 -13 354 0 0 1
-1.01125 -0.565027 520 -0.178659 -0.0138701 3.06892 73.2195 -13 355 0 0 1
-0.00953702 -0.0766811 520 0.0470482 0.0662332 9.7705 47.1165 -13 356 0 0 1
-0.100113 0.231183 520 -0.00523677 0.017688 10.6303 45.047 -13 357 0 0 1
0.836358 0.875425 520 -0.0139341 -0.0514562 0.0461388 45.5576 11 357 1002 0 1
0.0149599 0.131542 520 0.0333332 0.0690775 10.9056 34.822 -13 358 0 0 1
0.00455605 -0.0395224 520 -0.00337303 0.0188684 11.7953 22.3022 -13 359 0 0 1
-0.0316103 -0.0280372 520 -0.00677695 0.0189416 13.5099 35.6785 -13 360 0 0 1
0.0335796 -0.456833 520 -0.0796489 0.0576387 3.72614 52.6217 -13 361 0 0 1
-0.0462279 -0.00730497 520 -0.000962499 0.0307731 8.75399 22.3855 -13 362 0 0 1
0.0319001 0.0241318 520 0.0108504 0.00174294 12.2073 44.0138 -13 363 0 0 1
-0.0143057 -0.0752686 520 -0.0314351 0.000904536 14.4519 18.0133 -13 364 0 0 1
0.0746831 -0.0242408 520 -0.0100709 -0.00167755 11.8479 20.7892 -13 365 0 0 1
0.032637 -0.00555942 520 0.0311978 -0.0281696 7.88863 24.6702 -13 366 0 0 1
-0.036448 -0.0342006 520 -0.0794819 -0.0494536 11.7136 40.7952 -13 367 0 0 1
-0.0921242 -0.290795 520 -0.0760026 0.0571021 6.00894 49.9993 -13 368 0 0 1
-0.964759 1.20561 520 0.0178662 0.00918388 0.673507 124.944 -13 369 0 0 1
-0.22992 -0.102963 520 -0.00716027 0.0433638 6.46577 32.5902 -13 370 0 0 1
0.2956 0.315788 520 0.0621336 -0.182479 14.5237 30.9024 -13 371 0 0 1
-1.07741 3.22114 520 0.406349 -0.0149108 1.43774 111.059 -13 372 0 0 1
-0.0316198 -0.314778 520 -0.0934448 -0.0326284 14.1985 22.6024 -13 373 0 0 1
-0.716311 0.0086816 520 -0.116338 0.163646 4.98526 42.7755 -13 374 0 0 1
0.051697 0.0729341 520 -0.00184248 -0.00746191 13.3715 36.2152 -13 375 0 0 1
-0.0308264 0.390887 520 0.133906 0.0378105 6.63381 40.9318 -13 376 0 0 1
-0.0489534 -0.00461952 520 0.0364069 -0.00253434 10.5226 28.0624 -13 377 0 0 1
-0.274596 -0.143015 520 0.0465189 0.0301314 7.42 28.2571 -13 379 0 0 1
0.108946 0.10513 520 0.0106299 -0.0735846 10.7151 22.9461 -13 380 0 0 1
-0.112002 0.161391 520 0.00737243 0.040369 7.81165 36.553 -13 381 0 0 1
0.0704931 0.0636979 520 0.0584993 -0.0151129 13.4002 26.7982 -13 382 0 0 1
-0.361989 -0.482717 520 -0.014946 0.0108783 0.0354354 27.6413 11 382 1001 0 1
0.114106 -0.222444 520 -0.0990156 -0.0327327 14.1016 28.0537 -13 384 0 0 1
-0.103215 0.0789701 520 0.0276669 0.0124347 14.4622 22.4435 -13 386 0 0 1
0.0125709 -0.0730836 520 -0.017868 -0.0226946 14.4321 31.1126 -13 387 0 0 1
0.105426 0.118 520 0.009924 -0.020552 9.38188 43.8004 -13 388 0 0 1
-0.0210667 0.0686644 520 -0.0439737 0.0162397 13.4424 32.798 -13 389 0 0 1
-3.93902 0.720625 520 0.0145388 -0.0318049 0.0628769 34.014 11 389 1001 0 1
0.0567185 0.117788 520 0.0332379 -0.036553 10.3209 27.5783 -13 390 0 0 1
-0.222732 -0.138835 520 -0.0166023 0.0416065 8.68231 49.8477 -13 391 0 0 1
1.80265 0.0125337 520 -0.0133376 0.0416907 0.030028 50.6363 11 391 1002 0 1
0.0602444 -0.147082 520 -0.00994026 -0.012325 8.13776 50.3367 -13 392 0 0 1
-0.15548 -0.0680433 520 -0.00526714 -0.165324 3.93248 48.7805 -13 393 0 0 1
0.236096 0.169969 520 -0.0685544 -0.0265769 3.86924 55.5529 -13 394 0 0 1
0.106021 -0.0183026 520 0.175574 -0.0250164 14.1039 22.5246 -13 395 0 0 1
0.0167012 0.00426512 520 0.0551987 0.0587181 7.08292 42.4926 -13 396 0 0 1
-0.0178803 -0.0630924 520 0.00124728 0.0333443 14.5003 20.6635 -13 397 0 0 1
-0.0234018 0.0251122 520 0.00832736 0.0151458 13.3069 21.7373 -13 398 0 0 1
0.110368 0.0614816 520 0.026027 -0.0248178 12.6208 18.5511 -13 399 0 0 1
0.0269769 0.105324 520 0.0221059 -0.0552173 11.6553 27.763 -13 400 0 0 1
-0.0740582 0.0186587 520 -0.0164109 0.00177929 11.1794 30.2538 -13 401 0 0 1
0.0326914 0.233605 520 -0.0337366 0.083097 7.31792 27.1571 -13 402 0 0 1
-0.040331 0.310356 520 0.078581 0.0361152 5.73377 52.3158 -13 403 0 0 1
0.0206292 -0.00440408 520 -0.0326775 0.0144195 14.3952 21.7769 -13 404 0 0 1
-0.24129 -0.409973 520 -0.119401 0.148321 12.7775 32.0749 -13 405 0 0 1
1.09418 -0.432533 520 -0.0513999 -0.0358551 0.0703422 31.6426 11 405 1001 0 1
-0.00810622 -0.0788196 520 0.0194351 0.0598927 7.13672 41.3971 -13 406 0 0 1
0.509096 0.417589 520 0.0629519 -0.0610192 4.77068 62.3728 -13 407 0 0 1
-0.165685 0.188942 520 0.0494308 0.0058858 10.8632 38.9333 -13 408 0 0 1
1.67878 -4.4593 520 0.0155369 0.0462506 0.044702 38.9151 11 408 1001 0 1
0.164846 -0.34152 520 -0.0943577 -0.0540341 12.2027 19.1626 -13 409 0 0 1
0.0660149 -0.267271 520 0.0211849 -0.0583549 7.20045 36.157 -13 410 0 0 1
0.17425 -0.286146 520 -0.0613784 -0.0562515 6.83518 32.4119 -13 411 0 0 1
-0.253078 0.170313 520 0.0476817 0.0672958 7.27162 30.3881 -13 412 0 0 1
0.239981 0.0584479 520 0.0330385 -0.0992054 5.60788 33.4161 -13 413 0 0 1
-0.0415929 -0.135826 520 -0.0447533 -0.0157481 9.82591 25.8348 -13 414 0 0 1
0.0539248 -0.0413278 520 0.0395042 -0.0366242 8.30006 29.8214 -13 415 0 0 1
-0.13656 -0.0137445 520 -0.0268929 0.00241624 12.6242 28.9647 -13 416 0 0 1
-0.85141 -0.342793 520 -0.00773036 -0.0247636 0.025099 30.2563 11 416 1001 0 1
0.393151 0.118494 520 -0.155704 -0.223153 6.4699 34.5179 -13 417 0 0 1
-0.140985 0.116029 520 0.115598 0.0574917 9.95679 45.3101 -13 418 0 0 1
-2.5391 -0.0332677 520 0.028151 0.0400351 0.058696 43.0866 11 418 1001 0 1
0.387592 -0.236319 520 -0.118241 -0.132539 7.68004 38.2554 -13 419 0 0 1
-0.0704828 0.063147 520 0.0283194 0.0665604 12.4771 25.2397 -13 420 0 0 1
-0.115115 0.07986 520 0.0168843 0.0109814 13.2124 19.2945 -13 421 0 0 1
0.039622 -0.119327 520 -0.158683 -0.0833733 7.08568 30.3874 -13 422 0 0 1
0.125678 -0.0759889 520 -0.0362867 -0.00560263 9.32815 30.171 -13 424 0 0 1
0.191593 -0.138029 520 -0.0968149 -0.184309 5.14409 64.9703 -13 425 0 0 1
-0.125946 0.119134 520 0.0228617 0.0815411 5.01971 60.6182 -13 426 0 0 1
-0.011347 0.0666778 520 0.0104658 0.0140044 10.8132 43.285 -13 427 0 0 1
-0.0836964 0.0356056 520 0.0327873 -0.0195118 7.01782 34.8348 -13 428 0 0 1
-0.238088 0.599023 520 0.101307 0.0623963 7.78703 37.0861 -13 429 0 0 1
-0.0361172 -0.190162 520 -0.0434276 -0.0155299 9.94226 29.3498 -13 430 0 0 1
-0.0871833 0.0195661 520 -0.0290615 -0.0421923 10.839 27.434 -13 431 0 0 1
0.11461 -0.00447783 520 0.0471859 -0.0332921 9.95083 37.1135 -13 432 0 0 1
-0.101421 -0.0111274 520 0.02197 0.0392902 11.0335 42.3792 -13 433 0 0 1
0.0185493 -0.00530593 520 -0.0183746 -0.0128664 13.703 25.2788 -13 434 0 0 1
-0.107603 -0.159479 520 -0.0729264 -0.0639921 11.3858 31.6086 -13 435 0 0 1
-0.161855 -0.165605 520 -0.0325588 -0.019574 11.2185 23.6396 -13 436 0 0 1
0.121219 -0.192954 520 0.0280664 -0.00024296 0.0524587 23.7918 11 436 1001 0 1
0.0441421 0.00853112 520 -0.00871401 0.00456403 10.7094 28.997 -13 437 0 0 1
-0.0331488 -0.0597138 520 -0.00568511 0.0264542 11.1289 33.4378 -13 438 0 0 1
0.0425162 -0.0294136 520 0.0216726 -0.0733871 11.9501 44.4447 -13 439 0 0 1
0.0122887 -0.132871 520 -0.0612176 -0.0149117 8.8539 42.225 -13 440 0 0 1
-0.145629 0.177018 520 0.0546105 -0.0104462 11.3932 30.7862 -13 441 0 0 1
-0.101136 -0.000435712 520 0.11595 -0.0103657 3.93858 47.1377 -13 442 0 0 1
-0.0847895 -0.245834 520 -0.0470352 0.0338583 7.57899 50.295 -13 443 0 0 1
0.139898 -0.147461 520 -0.0860207 0.00605851 11.3877 27.4566 -13 444 0 0 1
0.114604 0.158879 520 0.123935 0.0190077 8.00813 49.2134 -13 445 0 0 1
-0.0272832 0.0224707 520 0.0383282 -0.00426324 13.4026 40.983 -13 446 0 0 1
0.0417917 -0.0642693 520 -0.0154279 0.000896238 11.5824 28.482 -13 447 0 0 1
-0.0512307 -0.0305965 520 0.0241959 0.0900068 9.8065 22.8529 -13 448 0 0 1
0.12598 0.0801193 520 0.0678372 0.00272064 8.17776 27.6631 -13 449 0 0 1
0.105375 -0.110868 520 -0.0236293 0.0115977 12.3431 44.6561 -13 450 0 0 1
0.0255001 0.211682 520 0.0020997 -0.0128638 7.85277 44.4081 -13 451 0 0 1
-0.136794 0.0467632 520 0.0225869 0.122706 11.8625 42.5105 -13 452 0 0 1
0.0187197 0.0366797 520 0.0459231 -0.00396083 12.9758 42.5414 -13 453 0 0 1
-0.111826 -0.0392011 520 -0.0168805 0.0347115 9.56175 29.0348 -13 454 0 0 1
3.89173 0.134722 520 0.0630377 -0.0490094 0.702742 102.543 -13 455 0 0 1
0.0357129 -0.0479601 520 -0.0369533 0.0203843 13.9978 17.5346 -13 456 0 0 1
0.00161282 -0.0189681 520 0.0129111 -0.0733238 9.44806 21.6195 -13 457 0 0 1
-0.151718 -0.0126623 520 -0.0725223 0.0183741 11.5976 43.0882 -13 458 0 0 1
-0.0168476 0.0183055 520 0.00838434 -0.0187459 7.9897 32.2499 -13 459 0 0 1
0.0531454 0.0490036 520 0.0217124 0.00552286 10.5748 21.0221 -13 460 0 0 1
-0.10703 -0.0128069 520 -0.00487007 0.0161127 13.4487 40.1825 -13 461 0 0 1
0.114004 0.143688 520 0.085519 0.00436871 13.6774 40.1509 -13 462 0 0 1
0.0382266 -0.0283714 520 -0.0064401 -0.0128499 7.6939 36.6095 -13 463 0 0 1
0.729765 -0.241082 520 -0.0878861 -0.29346 3.81775 73.8567 -13 464 0 0 1
-0.0121363 0.114775 520 0.0797716 0.030748 9.89154 24.7327 -13 465 0 0 1
-0.0880889 0.107235 520 0.0455843 -0.00925765 7.39703 27.0742 -13 466 0 0 1
-0.00547359 -0.0569086 520 0.0278348 -0.0455605 14.042 16.8962 -13 467 0 0 1
-2.60403 -2.52909 520 0.0566167 -0.00931679 0.0373047 19.2442 11 467 1001 0 1
-0.00516152 -0.0385299 520 -0.035313 -0.00915995 8.81152 31.8719 -13 468 0 0 1
0.0252786 -0.119679 520 -0.0170131 0.0221369 4.84643 54.963 -13 469 0 0 1
0.325441 -0.100937 520 -0.013149 -0.156255 6.39759 31.6442 -13 470 0 0 1
-1.72125 -8.25857 520 -0.0123938 -0.0227207 0.0415461 29.1163 11 470 1001 0 1
0.0368425 0.0171694 520 0.00357339 0.00830049 9.96238 39.257 -13 472 0 0 1
1.24641 -0.25564 520 -0.0173609 -0.0189698 0.0861536 37.2333 11 472 1001 0 1
0.120596 -0.25417 520 -0.0147874 -0.186854 5.37758 36.0981 -13 473 0 0 1
-0.389601 -0.239399 520 -0.127895 0.10386 8.24647 38.1125 -13 474 0 0 1
0.0440851 0.049324 520 0.0252043 -0.00134013 11.792 26.5024 -13 475 0 0 1
-0.088658 0.0924864 520 0.0392178 0.0769281 7.8482 25.0404 -13 476 0 0 1
0.0688068 0.098871 520 0.0120635 -0.0151297 9.4961 36.0888 -13 477 0 0 1
-0.225876 -0.0348281 520 0.0633225 0.111139 9.75098 22.3913 -13 478 0 0 1
-0.188065 0.369797 520 0.110586 -0.0797939 5.37025 37.1727 -13 479 0 0 1
0.211197 -0.131734 520 -0.0273444 -0.072676 10.7077 34.9061 -13 480 0 0 1
-0.408559 -0.143713 520 -0.0630202 0.10932 8.97517 35.4709 -13 481 0 0 1
0.20636 0.0249601 520 0.0485158 -0.0851513 6.53749 57.6213 -13 482 0 0 1
0.00242667 -0.0168766 520 0.00227676 -0.00426571 14.0435 42.8115 -13 483 0 0 1
0.107274 -0.151509 520 -0.0744839 -0.0244762 7.47757 39.2046 -13 484 0 0 1
0.0280753 0.0600821 520 0.0635456 -0.0196336 11.3476 20.4044 -13 485 0 0 1
0.015964 -0.207606 520 -0.0904918 -0.0422189 7.32948 33.3891 -13 486 0 0 1
0.00944674 0.113748 520 0.0581065 0.00783657 13.02 32.8757 -13 487 0 0 1
0.237861 0.399797 520 0.350102 -0.0299704 5.33245 55.0893 -13 488 0 0 1
-0.0571471 0.160078 520 0.0424868 -0.019386 13.8903 18.6443 -13 489 0 0 1
-0.426588 -0.52578 520 -0.052222 -0.0822802 3.78039 50.7474 -13 490 0 0 1
-0.138862 -0.0105277 520 -0.0454208 0.0435629 7.5815 49.6125 -13 491 0 0 1
-0.021552 -0.0384787 520 -0.0304656 -0.0191548 13.935 18.0022 -13 492 0 0 1
-0.0417578 -0.0296594 520 0.015291 -0.0226983 12.4298 40.2117 -13 493 0 0 1
0.0240155 -0.130987 520 -0.0247482 -0.0517775 12.9637 38.3248 -13 494 0 0 1
-0.010664 0.0123742 520 -0.0491946 0.0330022 14.4502 14.7177 -13 495 0 0 1
-0.0171524 -0.203496 520 -0.0736738 0.0216556 10.7267 24.7987 -13 496 0 0 1
-0.0818042 -0.0210176 520 -0.068924 0.00405352 14.0559 14.7518 -13 497 0 0 1
0.0782347 0.1266 520 0.0494082 0.00383177 13.5499 30.5437 -13 498 0 0 1
0.811685 -0.570417 520 0.00378572 0.00715946 0.131745 24.896 11 498 1002 0 1
0.098974 -0.244456 520 -0.0708123 -0.0993861 11.9501 31.7113 -13 499 0 0 1
-0.0480448 0.172791 520 0.0213771 0.075671 12.666 28.436 -13 500 0 0 1
-0.0268522 0.00399355 520 -0.0154262 0.0306985 10.8864 27.7117 -13 501 0 0 1
-0.0599636 -0.0465809 520 0.0120621 0.00823052 14.4331 18.5619 -13 502 0 0 1
0.0876618 -0.0478284 520 0.0380258 -0.00179183 10.2342 24.366 -13 503 0 0 1
-0.0687506 0.0159855 520 0.00200797 0.0253818 11.1773 33.9738 -13 504 0 0 1
-2.6432 -0.529624 520 -0.407092 0.501888 3.42188 66.7341 -13 505 0 0 1
0.0719433 -0.268901 520 -0.0563397 -0.057975 8.67303 29.7265 -13 506 0 0 1
-0.00635993 0.0109947 520 0.0389062 0.0162146 12.4608 27.193 -13 507 0 0 1
-0.0661799 -0.0156646 520 -0.0180886 0.0261048 11.4302 42.2153 -13 508 0 0 1
0.0685853 0.0393988 520 -0.0330313 0.0155411 8.18995 43.4968 -13 509 0 0 1
-0.432229 -0.56425 520 -0.197109 0.0991193 10.5521 27.976 -13 510 0 0 1
0.0847232 0.0463184 520 0.008319 -0.0250066 10.443 21.3194 -13 511 0 0 1
-0.0187882 0.0262253 520 0.00366151 -0.0239455 12.8887 32.8012 -13 512 0 0 1
0.054761 0.187384 520 0.0360259 -0.0110924 13.3323 15.1317 -13 513 0 0 1
0.0375265 0.0386844 520 0.124202 -0.0499202 7.95233 29.2917 -13 514 0 0 1
0.0769383 0.0317178 520 -0.0151088 -0.0380651 10.2389 42.3075 -13 515 0 0 1
0.179436 0.0238061 520 -0.0273806 -0.117667 3.86495 55.0287 -13 516 0 0 1
0.0518312 0.0334281 520 -0.0364022 0.0228922 8.19998 25.9834 -13 517 0 0 1
-0.0677216 -1.18998 520 -0.318295 0.177108 12.3642 20.5728 -13 518 0 0 1
0.0198416 -0.0693198 520 0.0882153 0.0407478 11.6669 35.1188 -13 519 0 0 1
-0.0181412 0.00116631 520 0.00992815 -0.0296589 11.6425 33.5665 -13 520 0 0 1
-0.013535 -0.0480784 520 -0.00329488 0.0173294 12.9501 26.2854 -13 522 0 0 1
0.00796191 -0.0041081 520 -0.00249443 0.00987906 13.5835 30.1589 -13 523 0 0 1
0.418458 0.541426 520 0.342635 0.00687677 3.7553 72.3128 -13 524 0 0 1
0.122414 -0.04754 520 -0.0595736 0.00829916 9.71333 26.6778 -13 525 0 0 1
-0.130409 -0.135162 520 0.0219925 0.0348971 11.7051 36.023 -13 526 0 0 1
-0.424695 -0.227301 520 -0.132417 0.0556759 2.95852 83.896 -13 527 0 0 1
0.0197731 0.0392179 520 0.0285598 -0.00491078 12.4916 31.3799 -13 528 0 0 1
0.0269706 0.0912083 520 0.0390811 0.00927575 11.2777 39.7628 -13 529 0 0 1
-0.00379767 -0.0669245 520 -0.0235597 -0.0348946 8.30845 45.2716 -13 530 0 0 1
0.0373592 -0.0758304 520 -0.0392501 0.0143962 12.9558 28.4918 -13 531 0 0 1
0.36994 0.103384 520 -0.229351 -0.21382 13.7307 43.0024 -13 532 0 0 1
-1.00969 0.467137 520 0.0267313 0.0411295 0.108765 40.9556 11 532 1001 0 1
-0.115228 0.0236905 520 -0.0395884 0.107733 9.06631 43.8447 -13 533 0 0 1
-0.118434 -0.0672363 520 -0.0595358 0.00758 9.15827 43.9648 -13 534 0 0 1
-0.139912 0.0225316 520 -0.0160259 0.0206017 9.84652 21.9366 -13 535 0 0 1
-0.0406468 0.0600187 520 0.000989897 0.0608501 13.0358 23.8477 -13 536 0 0 1
-0.649579 -0.15629 520 -0.183707 0.1856 4.34518 55.3677 -13 537 0 0 1
0.0071929 0.0962575 520 0.0296176 0.0160237 14.4756 31.5093 -13 538 0 0 1
0.102962 -0.188722 520 -0.12951 -0.03507 11.2796 22.5967 -13 539 0 0 1
3.42139 -1.25621 520 0.0296249 0.0246573 0.0563818 23.0942 11 539 1002 0 1
0.120822 -0.0681499 520 -0.0367983 -0.0592406 11.2457 42.463 -13 540 0 0 1
-0.0377707 -0.0390433 520 -0.0112275 0.00756303 7.34089 47.2034 -13 541 0 0 1
-0.237237 0.24843 520 0.11825 -0.00738695 12.7892 18.692 -13 542 0 0 1
0.588005 -1.85775 520 0.0326419 -0.00116378 0.030997 27.0145 11 542 1001 0 1
0.251612 -0.106615 520 -0.0782704 -0.0865967 8.52363 34.754 -13 543 0 0 1
0.153657 -0.124065 520 0.055765 -0.0387917 13.7303 41.8575 -13 544 0 0 1
-0.0136658 0.377086 520 0.176123 0.052821 4.84191 63.3283 -13 545 0 0 1
1.19799 -1.65227 520 -0.0213773 0.00577023 0.0328901 63.0846 11 545 1001 0 1
0.0727903 -0.0986667 520 -0.0377993 0.0430429 6.66514 47.669 -13 546 0 0 1
-0.00353097 0.071011 520 0.0117357 -0.0129682 10.6741 37.3231 -13 547 0 0 1
-0.107709 -0.0433786 520 0.000846515 -0.0182068 9.85699 38.2714 -13 548 0 0 1
0.143657 0.0497702 520 0.0135796 0.00970735 9.62054 45.2501 -13 549 0 0 1
0.0607241 0.262256 520 0.0733802 -0.0500332 8.5864 38.4179 -13 550 0 0 1
-0.137557 0.0795556 520 -0.0428792 0.0414048 10.5821 23.6543 -13 551 0 0 1
-0.101304 0.146792 520 0.0701844 0.0292055 11.3236 26.8612 -13 552 0 0 1
0.0336085 -0.273896 520 -0.113603 -0.0706097 7.9087 35.4407 -13 553 0 0 1
-0.679426 -0.256412 520 -0.152304 0.112292 4.82331 38.4017 -13 554 0 0 1
0.235687 0.0676575 520 0.057694 -0.0610505 7.96085 50.9249 -13 555 0 0 1
0.0658679 -0.162962 520 -0.0242778 0.0286433 6.04333 51.0733 -13 556 0 0 1
2.66991 1.7071 520 -0.000282784 0.0274851 0.0423379 50.0182 11 556 1002 0 1
-0.0187811 -0.0505701 520 -0.0497232 -0.00449985 13.5672 20.5531 -13 557 0 0 1
-0.0621445 -0.074778 520 -0.0273661 -0.0198199 10.9326 45.5479 -13 559 0 0 1
0.00551957 0.0741765 520 0.0179954 -0.0296804 13.6015 14.8096 -13 560 0 0 1
0.103761 0.0686734 520 -0.0534662 0.0647265 5.19482 61.9652 -13 561 0 0 1
-0.0802223 0.0722342 520 0.0598739 0.0276393 11.0431 20.7891 -13 562 0 0 1
0.0286363 -0.129139 520 -0.0125987 -0.0432513 12.1074 31.033 -13 563 0 0 1
0.137988 0.00292415 520 0.0669501 -0.00459706 10.5638 46.0756 -13 564 0 0 1
0.0255519 0.0782447 520 -0.00230242 -0.0311651 14.2246 18.8427 -13 565 0 0 1
0.108012 0.0755769 520 0.0607383 0.0156602 9.42385 31.8084 -13 566 0 0 1
0.0192283 0.0107207 520 0.0126583 0.0360068 10.5702 29.4601 -13 567 0 0 1
-0.214754 -0.558883 520 -0.262459 -0.307672 11.8519 42.0267 -13 568 0 0 1
0.0397881 -0.0138714 520 0.0177475 -0.0082813 13.5443 25.2798 -13 569 0 0 1
-0.0945233 -0.0962454 520 -0.0800582 0.000104666 11.095 42.8003 -13 570 0 0 1
-0.0559302 0.0452488 520 0.00952685 0.023287 12.6401 28.4982 -13 571 0 0 1
0.00882061 0.0192517 520 -0.0253215 0.00196445 9.849 31.391 -13 572 0 0 1
0.64187 -4.87337 520 -0.0335304 0.00685266 0.0206955 32.8391 11 572 1002 0 1
2.09974 -6.33346 520 -0.00513447 0.037383 -0.0119148 33.3165 11 572 1002 0 1
0.00926452 0.0150955 520 0.0208565 -0.00844942 6.60081 41.0578 -13 573 0 0 1
-0.0230794 -0.036863 520 -0.0066218 -0.0172339 13.7372 22.6132 -13 574 0 0 1
0.0327811 0.138319 520 0.0117713 0.0231191 7.04185 44.9659 -13 575 0 0 1
-0.081889 -0.0358775 520 -0.0433601 0.0658354 10.6054 36.8619 -13 576 0 0 1
0.143128 -0.0240578 520 -0.0260933 -0.0411633 13.3924 16.8815 -13 577 0 0 1
0.690576 -0.506749 520 -0.0630107 -0.180372 8.37536 33.5759 -13 578 0 0 1
1.09911 1.19309 520 0.0185804 0.0268372 0.0398241 33.7541 11 578 1001 0 1
0.0510141 0.17862 520 0.0646565 0.00784918 13.9524 29.7352 -13 579 0 0 1
0.0460717 -0.0274791 520 -0.0117781 -0.0040704 12.7553 22.7353 -13 580 0 0 1
-0.00130922 -0.097927 520 -0.0527758 -0.00482055 11.0771 45.0344 -13 581 0 0 1
0.0329091 0.0381619 520 -0.0121484 0.0587352 8.90063 33.4766 -13 582 0 0 1
-0.0803126 -0.111749 520 -0.0697884 -0.00480512 7.70319 31.2461 -13 583 0 0 1
0.0798678 0.0246467 520 0.017957 -0.0456498 13.9756 40.0993 -13 584 0 0 1
-0.0767859 0.0090142 520 -0.0252425 0.0430341 11.2229 24.8941 -13 585 0 0 1
-0.0192037 0.0762717 520 0.0250229 -0.0244558 9.36766 44.9362 -13 586 0 0 1
-0.0556474 -0.0552944 520 -0.0119517 0.00820487 13.7627 33.2228 -13 587 0 0 1
0.0731364 0.0799639 520 0.0302566 -0.00832148 9.59198 29.2646 -13 588 0 0 1
0.0712479 -0.0385002 520 -0.00658408 -0.0437484 13.2549 26.658 -13 589 0 0 1
-0.379435 0.61526 520 0.174493 0.193066 9.15442 32.3794 -13 591 0 0 1
-0.126467 -0.182619 520 -0.0917688 0.0832059 8.25154 35.2437 -13 592 0 0 1
3.35721 2.49954 520 -0.016357 0.0116825 0.0540711 34.701 11 592 1001 0 1
0.00654544 -0.141847 520 0.0621977 -0.0144791 5.80636 58.8042 -13 593 0 0 1
-0.0359653 -0.00641146 520 0.0118302 -0.00118812 10.7388 46.7946 -13 594 0 0 1
-0.167446 -0.126997 520 -0.0497142 0.0344278 10.0384 33.4234 -13 595 0 0 1
0.0604874 0.185337 520 -0.0322214 -0.00939554 8.11697 39.816 -13 596 0 0 1
0.0606475 -0.169924 520 -0.0234733 0.0255921 10.4168 29.8762 -13 597 0 0 1
-0.0568553 0.126192 520 0.0127624 0.0490172 5.8484 38.6255 -13 599 0 0 1
-0.0481723 -0.0999319 520 -0.0397991 0.0130881 12.5573 33.0933 -13 601 0 0 1
0.0297501 0.0207698 520 0.0400602 -0.0102539 6.88149 48.822 -13 602 0 0 1
0.00480412 0.175315 520 0.0723698 -0.0117066 9.21721 42.644 -13 603 0 0 1
-5.40719 4.16182 520 -0.00606503 -0.0272906 0.0699882 37.2082 11 603 1002 0 1
0.307716 -0.0340121 520 -0.0222195 -0.077393 7.48801 37.6161 -13 604 0 0 1
1.29817 -0.404259 520 0.00775049 0.00734261 0.0673257 37.1411 11 604 1001 0 1
-1.66593 4.38184 520 -0.0122977 -0.0477912 -0.0206662 51.2503 11 604 1001 0 1
-0.7371 5.05513 520 0.00174158 0.0218123 0.0438076 53.7965 11 604 1001 0 1
-0.0469384 -0.165621 520 -0.0382126 0.178657 4.6733 45.9918 -13 605 0 0 1
0.019882 0.233977 520 0.0640614 -0.0190849 12.355 31.7092 -13 606 0 0 1
-0.212241 -0.0660628 520 0.0176867 -0.00146357 0.107066 29.3262 11 606 1001 0 1
-0.00542477 -0.0599676 520 0.0104832 0.017562 11.881 21.6031 -13 607 0 0 1
-0.182643 -0.177889 520 -0.0873599 0.0337688 12.9205 29.4695 -13 608 0 0 1
0.0687474 -0.0281623 520 -0.0328734 -0.0274347 11.8698 20.7891 -13 609 0 0 1
0.0196557 0.0237703 520 -0.0148775 0.00609901 8.80311 28.4891 -13 610 0 0 1
0.0770728 -0.0265433 520 0.00999667 -0.0134199 10.3244 23.1255 -13 611 0 0 1
-0.139177 -0.028287 520 -0.0457056 0.0560168 7.84259 35.6192 -13 612 0 0 1
-0.0497749 0.0600585 520 0.0337485 0.0144685 12.4687 29.6294 -13 613 0 0 1
-0.131723 0.197524 520 0.08734 0.0561596 12.1274 17.8705 -13 614 0 0 1
0.219881 0.559541 520 0.0222886 -0.00562788 3.7401 64.9137 -13 615 0 0 1
0.509504 0.325606 520 -0.179358 -0.0598968 3.88003 70.8724 -13 616 0 0 1
2.52665 -2.26638 520 0.00189885 0.00208727 0.0355485 70.0627 11 616 1001 0 1
0.188107 -0.279573 520 -0.0539338 -0.141017 10.7809 34.3729 -13 617 0 0 1
-0.0667941 0.141514 520 0.0208561 0.0219896 8.09318 42.772 -13 618 0 0 1
0.17069 -0.2819 520 -0.0709932 0.207122 4.79176 59.3422 -13 619 0 0 1
-0.0257332 0.0233979 520 0.0171716 -0.0394429 12.3587 34.8942 -13 620 0 0 1
-0.641585 -0.338075 520 -0.181894 0.13559 5.16523 37.8337 -13 621 0 0 1
-0.00774673 0.0111554 520 0.0110598 0.0341906 11.1536 44.9051 -13 622 0 0 1
0.11677 0.0633859 520 -0.0236049 -0.023725 9.71325 33.4892 -13 623 0 0 1
0.075642 0.0497987 520 0.0278038 -0.00186899 14.1794 14.6445 -13 624 0 0 1
0.119374 -0.086625 520 -0.014306 -0.0036161 9.12932 36.3956 -13 625 0 0 1
0.0174238 0.0842612 520 0.0690721 0.0607522 6.08157 38.7011 -13 626 0 0 1
-0.124049 -0.0490649 520 -0.00398626 -0.0086187 9.33529 37.6145 -13 627 0 0 1
0.737917 -2.04614 520 -0.0310398 0.0338103 0.0573 35.642 11 627 1001 0 1
-0.475487 0.376619 520 0.0861893 0.242925 2.51476 78.5733 -13 628 0 0 1
0.0394153 0.0570562 520 -0.0344407 0.00403 10.4472 24.2012 -13 629 0 0 1
-0.0131572 -0.0658404 520 -0.0385449 -0.00347696 11.7807 43.5109 -13 630 0 0 1
-0.0503368 -0.119494 520 -0.0986674 -0.0329944 8.86027 48.7397 -13 631 0 0 1
-0.00812695 -0.00258149 520 -0.0121445 0.00256952 14.0672 25.7412 -13 632 0 0 1
0.00212447 0.0660703 520 0.028745 0.000291791 8.3321 30.7103 -13 633 0 0 1
-0.238246 -0.164254 520 -0.197228 0.0548243 4.76174 40.7449 -13 634 0 0 1
-0.00321723 -0.0943723 520 0.0115418 0.0568507 8.05098 40.4818 -13 635 0 0 1
-0.132249 0.0420563 520 -0.0479123 0.0747425 14.0984 20.7638 -13 636 0 0 1
5.62895 -4.36363 520 0.00724772 -0.0421128 0.0361995 27.2924 11 636 1001 0 1
-0.199321 -0.0878152 520 -0.0562515 -0.0108263 7.94309 45.2343 -13 637 0 0 1
1.40917 -5.18588 520 -0.0213367 0.0133924 0.0344074 46.2514 11 637 1001 0 1
-0.0321007 0.0974313 520 0.054716 -0.0773751 12.6968 30.7668 -13 638 0 0 1
0.600574 0.202061 520 -0.00022312 -0.218312 13.9943 19.0381 -13 639 0 0 1
0.00805344 -0.0077155 520 -0.00776881 -0.035419 10.8757 18.4363 -13 640 0 0 1
0.0402157 0.120069 520 0.0311998 0.174597 4.43737 50.8328 -13 641 0 0 1
0.616843 -0.229724 520 -0.0364263 -0.134275 7.17855 48.9332 -13 642 0 0 1
-0.0197063 0.00139481 520 0.0015941 0.0214575 11.0651 17.6862 -13 643 0 0 1
-0.0154133 -0.180027 520 -0.0547161 0.0301624 13.7358 32.2922 -13 644 0 0 1
0.0736215 0.0220882 520 0.0111582 -0.00178912 9.67169 21.6213 -13 645 0 0 1
0.0284939 -0.0654944 520 -0.0218756 -0.034543 13.7532 30.7575 -13 646 0 0 1
-0.252002 -0.434315 520 -0.125699 0.125392 5.93293 58.0109 -13 647 0 0 1
-2.62405 -0.970575 520 0.00495435 0.0158116 0.0425904 54.6393 11 647 1006 0 1
0.0586776 0.283914 520 0.0106732 -0.00154675 4.01227 57.3328 -13 648 0 0 1
0.368952 -0.202704 520 -0.0698473 -0.112976 6.2882 39.7258 -13 649 0 0 1
-0.0513947 -0.140719 520 -0.0462608 0.00792022 13.535 18.1375 -13 650 0 0 1
-0.0317664 0.154488 520 0.0153917 -0.0260065 10.0839 31.6257 -13 651 0 0 1
0.155723 -0.193385 520 -0.093275 0.00702101 10.4564 44.0345 -13 652 0 0 1
-0.0277662 -0.00212419 520 0.033561 0.0139975 11.951 33.3818 -13 653 0 0 1
0.0439667 -0.0103938 520 -0.0401757 -0.00959328 12.2836 27.717 -13 654 0 0 1
-0.0114262 -0.0967122 520 -0.0187985 0.0333401 14.3598 35.4557 -13 655 0 0 1
-0.0866879 0.0433076 520 -0.00661353 0.0153666 9.58316 35.7178 -13 656 0 0 1
-0.0706935 -0.0962099 520 -0.0116075 -0.077536 7.97801 45.2649 -13 657 0 0 1
0.257571 -0.118708 520 -0.130095 -0.165323 4.95478 53.1117 -13 658 0 0 1
-0.148137 -0.0225787 520 0.021833 0.0204654 14.454 27.0035 -13 659 0 0 1
0.074598 0.462812 520 0.169001 0.19706 11.6781 38.5558 -13 660 0 0 1
0.155514 0.0159212 520 -0.0749504 -0.0412548 10.6354 33.6957 -13 661 0 0 1
-0.0664682 -0.0398404 520 0.0158381 0.00972052 12.1285 26.9719 -13 662 0 0 1
0.0945573 0.0817999 520 0.00589156 -0.0610004 9.53695 48.8421 -13 663 0 0 1
-0.5412 -0.118586 520 -0.170125 0.075361 8.17609 51.9083 -13 664 0 0 1
-0.0708232 0.0171732 520 -0.000693643 0.0183909 11.3395 18.6038 -13 665 0 0 1
0.0740973 0.0746733 520 0.0169244 0.00412792 11.7826 30.6424 -13 666 0 0 1
-0.0369063 0.0632354 520 0.000263863 -0.00605354 13.0862 27.2919 -13 667 0 0 1
2.85211 -1.9568 520 -0.668349 -0.73464 6.56752 38.3424 -13 668 0 0 1
-0.136543 -0.129984 520 -0.0478396 0.0450545 9.58575 37.3765 -13 669 0 0 1
0.037997 0.187084 520 0.0313304 -0.0426167 13.5725 31.1826 -13 670 0 0 1
-0.0334698 0.0481851 520 0.00867737 0.023592 13.1415 34.1175 -13 671 0 0 1
0.121269 -0.184746 520 -0.117321 -0.00618429 3.74778 60.6664 -13 673 0 0 1
-0.202685 0.069149 520 0.032412 0.0379957 12.5438 44.3605 -13 674 0 0 1
-1.23057 0.0479115 520 0.522138 0.315499 7.13261 33.9427 -13 675 0 0 1
0.133199 0.0831349 520 0.027871 -0.0624643 12.8982 40.727 -13 676 0 0 1
-0.0832996 0.00547903 520 0.0330599 0.00150676 11.8238 22.7329 -13 677 0 0 1
-0.220222 -0.00319579 520 0.0877798 0.0383125 9.36155 35.6858 -13 678 0 0 1
-5.97483 -0.088846 520 0.0296844 -0.0224228 0.00960577 42.7784 11 678 1001 0 1
0.119156 0.202332 520 0.109306 0.0748477 8.09921 35.7548 -13 679 0 0 1
-0.187184 0.102383 520 0.00465332 0.0440315 9.24136 38.8318 -13 680 0 0 1
-0.0452848 0.0662063 520 0.047924 -0.0114269 14.0683 16.2502 -13 681 0 0 1
-0.0338563 0.0429366 520 -0.0138314 0.022843 13.2438 15.403 -13 682 0 0 1
0.151474 0.0617417 520 0.0377247 -0.046464 12.9992 39.4944 -13 683 0 0 1
0.93059 -0.321084 520 -0.36755 -0.113505 8.62703 38.1557 -13 684 0 0 1
0.0796871 -0.0160599 520 -0.0298537 -0.0547723 8.03051 30.606 -13 685 0 0 1
-0.117532 0.0729206 520 -0.0113814 0.0401474 11.568 43.3796 -13 686 0 0 1
0.19837 -0.104141 520 -0.0821687 -0.0671949 9.01195 27.283 -13 687 0 0 1
0.16147 0.124912 520 0.0287572 -0.0295983 12.8412 37.672 -13 688 0 0 1
0.229202 0.915771 520 0.281961 0.0246108 9.81799 41.5985 -13 689 0 0 1
3.48382 2.83021 520 -0.0414515 0.00469629 0.0569063 39.0599 11 689 1002 0 1
0.361452 -0.399047 520 -0.0302566 -0.308678 5.18363 54.6755 -13 690 0 0 1
0.187198 -0.0582321 520 0.0028916 -0.0911578 12.2891 32.3925 -13 691 0 0 1
2.27797 -2.52407 520 0.0288353 -0.0091874 0.0273239 33.4958 11 691 1001 0 1
0.0444356 0.0512196 520 0.0216134 -0.0380512 7.4216 26.7567 -13 692 0 0 1
-0.0159417 -0.0381204 520 -0.0311072 -0.00141672 12.7707 35.6413 -13 693 0 0 1
0.236235 0.0815976 520 0.0190192 0.0727095 3.82186 56.8965 -13 694 0 0 1
-0.152325 0.150501 520 0.08808 -0.0150235 7.32507 36.281 -13 695 0 0 1
0.102845 -0.149804 520 -0.0532607 -0.0507192 6.62168 41.5791 -13 696 0 0 1
0.0665421 -0.0505506 520 0.00379082 -0.00328576 10.0083 37.2131 -13 697 0 0 1
0.223561 0.106028 520 0.0984621 -0.0666412 8.71687 29.2534 -13 698 0 0 1
-0.00478281 -0.0170684 520 -0.00683778 -0.0104382 13.3441 37.9216 -13 699 0 0 1
0.0128301 0.1928 520 0.661709 0.00473229 8.77041 31.7719 -13 700 0 0 1
-0.0388063 0.0439935 520 0.0485065 0.0311726 9.071 22.8328 -13 701 0 0 1
0.0214071 0.0029584 520 -0.0290547 0.0282133 12.2973 40.6986 -13 702 0 0 1
0.0494749 0.0232661 520 0.0247915 0.0111546 12.0633 37.8698 -13 703 0 0 1
0.0428279 0.0035448 520 -0.0407942 0.0276992 9.40453 28.6425 -13 704 0 0 1
-0.0203732 0.121908 520 0.0475129 0.012928 10.0888 25.2172 -13 705 0 0 1
-0.177567 0.00347047 520 -0.0480326 -0.00996261 9.57767 35.063 -13 706 0 0 1
-0.00129848 0.05622 520 0.0153286 0.00261904 13.8683 15.0918 -13 707 0 0 1
0.062573 0.065778 520 -0.0307449 -0.0276214 10.5408 35.9012 -13 708 0 0 1
0.102088 0.221399 520 0.128524 -0.034412 3.47688 62.7024 -13 709 0 0 1
-0.222905 0.0524985 520 -0.0451036 -0.122139 7.94098 43.296 -13 710 0 0 1
-0.120823 0.110693 520 0.0246559 -0.0283701 14.1595 15.0751 -13 711 0 0 1
0.110692 -0.0527217 520 -0.00653515 0.00301023 11.6059 35.9616 -13 712 0 0 1
-0.00433502 -0.158381 520 -0.00360519 0.0109469 6.39183 50.9057 -13 713 0 0 1
0.00788782 -0.105572 520 -0.0172325 0.0108199 14.0424 34.6631 -13 714 0 0 1
0.0591641 -0.0933044 520 -0.0306019 -0.0420427 12.3688 44.6151 -13 715 0 0 1
0.0974875 0.171237 520 0.0490849 -0.0428298 13.1187 35.0457 -13 716 0 0 1
0.127319 0.0146321 520 0.0019443 -0.0397398 10.593 33.05 -13 717 0 0 1
-0.0780324 0.0503147 520 0.039027 0.0381455 8.67441 29.5113 -13 718 0 0 1
-0.329935 0.103012 520 0.0562365 0.0997564 10.6362 26.3044 -13 719 0 0 1
0.0963967 0.0475861 520 -0.0300294 -0.0697979 11.2729 45.2977 -13 720 0 0 1
0.0235089 -0.0282548 520 -0.148529 -0.152501 9.67274 45.1108 -13 721 0 0 1
-0.544819 0.191792 520 -0.0361184 0.174812 5.21421 45.7664 -13 722 0 0 1
0.0115551 -0.134937 520 -0.0163526 0.0262726 8.56016 25.2799 -13 723 0 0 1
0.0615349 -0.30275 520 -0.0780147 -0.0372767 4.87569 59.3379 -13 724 0 0 1
-0.0347274 -0.0510465 520 0.00527807 0.00930085 9.60364 31.3006 -13 725 0 0 1
-0.0501042 -0.0510043 520 -0.018417 0.0531367 13.6106 29.3674 -13 726 0 0 1
0.165558 -0.0269392 520 -0.0125893 -0.0323208 14.1245 18.363 -13 727 0 0 1
0.493379 -0.00687633 520 -0.0438635 -0.151849 2.59206 81.3802 -13 728 0 0 1
0.129383 -0.161143 520 -0.0406013 -0.0291921 5.41961 44.6157 -13 729 0 0 1
0.00271022 0.0986279 520 -0.0074605 -0.0854111 11.2039 24.0529 -13 730 0 0 1
-0.0112064 0.0757894 520 0.00423962 0.0113147 10.9379 20.182 -13 731 0 0 1
-0.217264 -0.157437 520 -0.0245889 0.0255215 0.00987956 20.7691 11 731 1002 0 1
1.23115 0.702246 520 0.10649 0.167646 1.70163 96.1063 -13 732 0 0 1
0.172556 -0.0966524 520 -0.103069 0.0996796 4.73374 50.5588 -13 733 0 0 1
0.220837 -0.0583226 520 -0.066461 -0.0728666 7.82161 27.6482 -13 734 0 0 1
1.51475 1.17404 520 -0.0334832 -0.0141332 0.0334501 27.9941 11 734 1001 0 1
5.12614 -2.38431 520 0.0108164 0.0212938 0.0311226 29.3073 11 734 1002 0 1
-0.0572752 -0.0402396 520 -0.0686683 -0.0114491 10.9693 33.8763 -13 735 0 0 1
0.070735 -0.142277 520 -0.0886178 -0.0103636 10.9879 26.8161 -13 736 0 0 1
-0.0687497 -0.0604886 520 0.0337884 -0.0479954 8.22401 42.985 -13 737 0 0 1
0.31139 0.0430694 520 -0.0578426 -0.0877635 8.3784 45.2701 -13 738 0 0 1
-0.049464 0.0527291 520 0.0763054 0.0452392 11.8891 36.5235 -13 739 0 0 1
-0.16369 -0.085779 520 -0.0222853 0.00856034 13.0306 38.1982 -13 740 0 0 1
0.0835379 -0.0757318 520 -0.0396204 -0.0481893 8.69698 40.9755 -13 741 0 0 1
-0.113577 -0.0597601 520 0.173247 0.160097 4.27062 65.9357 -13 742 0 0 1
0.036584 -0.12985 520 -0.0455826 -0.0173608 8.32266 24.2279 -13 743 0 0 1
1.17691 0.879135 520 0.232733 -0.138235 2.73464 65.8583 -13 744 0 0 1
0.00998774 0.0102248 520 0.00605245 -0.00514592 11.5009 31.1738 -13 745 0 0 1
0.180405 0.0426858 520 0.0229367 -0.0589055 8.56079 47.7445 -13 746 0 0 1
-0.0160158 0.0124606 520 -0.025426 -0.0115763 11.845 38.765 -13 747 0 0 1
0.152124 -0.148127 520 0.0018854 -0.00451104 10.5511 34.8791 -13 748 0 0 1
-0.0208387 -0.13769 520 -0.0270487 -0.00104827 12.1191 17.1059 -13 749 0 0 1
-0.0765548 -0.156863 520 -0.0553293 0.00208217 10.384 39.8122 -13 750 0 0 1
0.135523 0.0507526 520 0.0192867 -0.104608 11.0766 41.1654 -13 751 0 0 1
1.0406 -0.17841 520 0.00692759 0.0440219 0.0548534 41.3469 11 751 1002 0 1
-0.102293 -0.0940292 520 -0.0976848 0.0307397 6.51231 32.6198 -13 752 0 0 1
-0.0486077 -0.0669604 520 -0.0206626 0.0570568 10.7869 20.2765 -13 753 0 0 1
-0.0706761 -0.01361 520 -0.0370209 0.0233846 8.67405 47.067 -13 754 0 0 1
-0.102832 -0.0651264 520 -0.0834216 -0.0571526 7.90068 30.9153 -13 755 0 0 1
-1.17737 -0.365288 520 0.253094 0.240721 5.31195 46.0983 -13 756 0 0 1
-0.0597391 0.057395 520 0.0102824 -0.0209053 7.2503 38.3005 -13 757 0 0 1
-0.130185 -0.0856437 520 0.0261127 0.00574245 7.89554 26.2915 -13 758 0 0 1
0.00180837 -0.0640508 520 -0.013944 0.0269943 14.1765 28.9963 -13 759 0 0 1
0.108686 -0.199451 520 -0.0585706 -0.0288593 8.07404 43.5119 -13 760 0 0 1
0.00283658 -0.141483 520 -0.0296423 -0.104589 6.42085 35.8438 -13 761 0 0 1
-0.00749939 0.00618538 520 -0.000100216 -0.0437903 13.8649 42.1265 -13 762 0 0 1
0.0370815 0.057704 520 0.0445874 -0.00566087 11.1491 43.154 -13 763 0 0 1
-0.095473 0.0655591 520 -0.0155923 0.0463524 9.8627 30.0859 -13 764 0 0 1
-0.239901 -0.110442 520 -0.12141 0.059312 5.80014 38.9824 -13 765 0 0 1
-0.14557 -0.038992 520 -0.00520214 0.0253663 8.55285 27.0753 -13 766 0 0 1
1.78844 4.49544 520 0.0206745 -0.0155357 0.0362792 27.9266 11 766 1001 0 1
0.0759637 0.0385301 520 0.0187056 -0.0677361 12.5348 44.2878 -13 767 0 0 1
0.155982 -0.0513787 520 0.0376992 -0.00407792 0.0730581 44.2947 11 767 1002 0 1
-2.58916 -1.24032 520 -0.0199093 0.0333353 0.0606912 44.9669 11 767 1003 0 1
0.0426302 0.0207234 520 0.0114652 -0.00424526 12.8718 35.6967 -13 768 0 0 1
-0.0807032 -0.0655143 520 -0.0456819 0.0455952 6.98646 31.2674 -13 769 0 0 1
-0.0165948 0.0677668 520 -0.000635966 -0.0258593 13.6406 20.8258 -13 770 0 0 1
-0.0556396 0.0752587 520 0.0139659 0.0498052 10.8953 23.5421 -13 771 0 0 1
-0.0157053 -0.217966 520 0.00616618 0.062033 14.3332 15.687 -13 772 0 0 1
0.0175347 -0.117019 520 -0.0631464 -0.0142223 11.4166 21.4721 -13 773 0 0 1
-0.0374214 -0.119863 520 -0.0531965 0.0759501 13.4054 17.9103 -13 774 0 0 1
0.176091 -0.398898 520 0.00296361 0.00566764 3.64066 51.1646 -13 775 0 0 1
-0.0694952 0.0455367 520 0.00491152 0.0664657 11.815 27.7069 -13 776 0 0 1
0.0192715 0.12076 520 0.0480017 -0.0101623 10.6767 30.2278 -13 777 0 0 1
-0.0307855 -0.0612129 520 -0.0717912 0.0267353 8.62521 40.4794 -13 778 0 0 1
-0.0693453 -0.163897 520 -0.173696 -0.0639042 12.9396 15.3183 -13 779 0 0 1
0.147634 -0.0855544 520 0.105027 -0.106938 9.58538 24.2365 -13 780 0 0 1
-0.82635 0.177228 520 0.118494 0.216954 11.5535 20.7986 -13 781 0 0 1
-0.204085 2.52047 520 -0.0605237 0.0350773 0.0448748 22.1265 11 781 1001 0 1
0.0998778 -0.111254 520 0.0221684 -0.0285625 10.0651 22.2298 -13 782 0 0 1
0.165258 -0.0567499 520 0.0307708 -0.0170289 6.94967 43.4187 -13 783 0 0 1
0.0828186 -0.590668 520 -0.132073 0.0748253 6.85406 29.814 -13 784 0 0 1
-0.262979 0.309419 520 -0.0087111 0.049693 4.92016 51.2686 -13 785 0 0 1
-0.175192 -0.0128169 520 -0.0427785 0.0331356 9.57569 38.6066 -13 786 0 0 1
-0.0266126 -0.00892336 520 7.06439e-05 0.00313276 8.89636 37.8728 -13 787 0 0 1
-0.125325 0.0850506 520 0.0523945 -0.0362039 12.3339 33.6724 -13 788 0 0 1
-0.0425637 0.0472242 520 -0.00676173 0.0173961 14.1661 28.6998 -13 789 0 0 1
0.00177258 -0.0505786 520 0.00691743 -0.0387906 9.94419 45.9593 -13 790 0 0 1
-0.449367 0.109911 520 -0.0313344 0.139886 4.883 61.8806 -13 791 0 0 1
0.086749 0.265221 520 0.15476 -0.00123236 11.7768 44.3679 -13 792 0 0 1
-0.0383305 0.0475691 520 -0.00237598 0.0523243 11.4197 33.6104 -13 793 0 0 1
0.152972 -0.12585 520 -0.0274583 -0.0157443 7.45107 37.5373 -13 794 0 0 1
0.129337 -0.0480907 520 0.104925 -0.104455 11.4973 25.0273 -13 795 0 0 1
-0.0674355 0.0508745 520 0.0411764 0.0220645 8.89407 44.0105 -13 796 0 0 1
0.0482337 0.0776264 520 0.0130148 0.00928182 14.0127 38.4668 -13 797 0 0 1
0.140846 0.0486762 520 0.0268928 -0.0657319 13.7118 39.0561 -13 798 0 0 1
-0.031253 0.0265166 520 -0.0044929 0.0153587 9.37008 49.4481 -13 799 0 0 1
-0.00470803 -0.0154395 520 -0.00930956 0.00643167 13.553 16.5364 -13 800 0 0 1
0.0538282 -0.172694 520 -0.0329185 -0.0615072 5.75274 37.0063 -13 801 0 0 1
-0.0444606 0.232523 520 0.00737093 -0.0529093 6.98801 46.3615 -13 803 0 0 1
-0.0641033 -0.0170498 520 -0.0414926 0.0358335 13.0046 22.2736 -13 804 0 0 1
0.0315669 -0.0664068 520 -0.0178195 -0.00318219 12.5787 42.1177 -13 805 0 0 1
-0.325576 0.192618 520 -0.107508 -0.0304265 2.86501 65.8712 -13 806 0 0 1
0.0207354 -0.0338944 520 -0.034728 -0.00236969 13.6476 24.5978 -13 807 0 0 1
-1.0102 0.00264993 520 0.128658 0.259127 7.05477 36.102 -13 808 0 0 1
-0.0442149 0.0494913 520 0.00382563 0.00904418 14.3055 27.1199 -13 809 0 0 1
0.0700789 -0.0522626 520 -0.059811 0.010682 10.8112 33.6037 -13 810 0 0 1
0.185481 0.101155 520 0.00186303 -0.141399 5.68045 35.5855 -13 811 0 0 1
0.0400777 0.180583 520 0.0354169 -0.0335283 6.53518 30.5651 -13 812 0 0 1
0.353395 -0.183909 520 -0.0923581 -0.123193 13.2039 25.3257 -13 813 0 0 1
0.116584 -0.0436304 520 -0.0448039 -0.0365771 9.61877 30.4431 -13 814 0 0 1
-0.110598 -0.0903001 520 -0.0370319 -0.0129147 11.6498 43.735 -13 815 0 0 1
-0.12613 -0.354203 520 -0.135528 0.0360034 5.97242 35.6168 -13 816 0 0 1
-0.127909 0.659418 520 0.28253 -0.118759 5.21747 59.3211 -13 817 0 0 1
1.35871 -1.00438 520 0.00401305 -0.0141181 0.0346898 56.7843 11 817 1001 0 1
0.207312 -0.000811657 520 -0.0537001 0.0136813 11.4675 45.4255 -13 818 0 0 1
-0.172011 -0.115653 520 -0.0388141 0.024886 6.15534 56.8387 -13 819 0 0 1
0.0254833 0.106816 520 0.0483075 0.000663859 13.3924 21.0767 -13 820 0 0 1
-0.0539563 0.15847 520 0.0285579 -0.00865473 8.38957 26.1026 -13 821 0 0 1
-2.45092 -1.13338 520 0.0237799 -0.0106635 0.0565455 23.3493 11 821 1002 0 1
0.059377 -0.043262 520 -0.0572796 0.0334697 11.687 44.8656 -13 822 0 0 1
-0.0716242 -0.0620064 520 -0.0119172 0.0201006 12.6183 38.3207 -13 823 0 0 1
-0.0552576 0.0746545 520 0.0226681 0.0104213 14.5609 34.11 -13 824 0 0 1
-0.100695 0.0454519 520 0.0118895 0.0435417 14.4479 39.2981 -13 825 0 0 1
-0.0791102 0.171114 520 0.041915 0.0263883 7.5737 37.9767 -13 826 0 0 1
-0.420292 0.34459 520 -0.233506 0.279456 3.59249 76.3572 -13 827 0 0 1
0.149488 0.0719928 520 0.0326064 -0.0260041 8.63338 48.5077 -13 828 0 0 1
0.217915 0.00180305 520 0.0132946 -0.0579081 10.0504 45.2371 -13 829 0 0 1
0.0122624 0.011917 520 0.00556202 -0.0125083 14.0776 42.6804 -13 830 0 0 1
-1.44409 -3.69742 520 -0.835663 0.5709 8.33522 29.3419 -13 831 0 0 1
0.0333925 -0.0255593 520 0.0129792 -0.0256253 13.7968 27.5111 -13 832 0 0 1
0.0788378 0.233583 520 0.0617355 -0.0114681 9.03014 50.2061 -13 833 0 0 1
-0.258872 0.114934 520 0.109047 0.106973 5.25325 58.7946 -13 834 0 0 1
0.159576 0.267344 520 0.075137 -0.0518974 7.79381 51.8125 -13 835 0 0 1
0.002242 -0.0777688 520 -0.0489353 0.0250871 11.8602 37.7633 -13 836 0 0 1
-0.383187 -0.128805 520 -0.047468 0.0922988 10.8191 26.7151 -13 837 0 0 1
0.0251013 0.151472 520 0.0128381 -0.013009 12.83 31.7531 -13 838 0 0 1
0.0337644 0.0389261 520 0.0121478 0.0226149 11.1377 38.6591 -13 839 0 0 1
0.226285 -0.096644 520 -0.0165387 -0.0337651 9.85063 40.7946 -13 840 0 0 1
0.361863 -0.777084 520 -0.0798118 -0.212611 6.15125 56.9729 -13 842 0 0 1
-0.0508092 0.236311 520 0.107642 -0.00272974 8.28485 29.7897 -13 843 0 0 1
-0.126167 0.114628 520 0.0389665 0.043273 4.25232 65.7786 -13 844 0 0 1
0.291107 -0.146294 520 -0.139502 -0.0756544 13.4683 23.2309 -13 845 0 0 1
0.0201966 0.332389 520 0.0220961 0.100605 12.2798 32.2006 -13 846 0 0 1
-0.0544959 0.383779 520 0.06095 0.0365211 4.4844 48.8994 -13 847 0 0 1
0.26279 0.178374 520 0.0266885 -0.07679 4.67741 66.3752 -13 848 0 0 1
-0.04881 -0.023074 520 -0.000425325 0.0235623 9.61165 22.0238 -13 849 0 0 1
-0.0176052 -0.013182 520 0.0446603 -0.0190501 12.3526 37.5429 -13 850 0 0 1
-0.0471532 -0.0432053 520 -0.0096027 -0.00264679 8.88951 29.1468 -13 851 0 0 1
-0.946197 2.59373 520 0.0943145 0.12822 0.48434 135.914 -13 852 0 0 1
0.471031 0.539375 520 0.258175 -0.165642 4.78227 41.7262 -13 853 0 0 1
0.116796 0.00393537 520 -0.0322272 -0.0447686 11.452 20.0445 -13 854 0 0 1
-0.0101905 0.183319 520 0.0387327 3.05976e-05 11.5544 40.0506 -13 855 0 0 1
0.0853974 -0.0710918 520 -0.0924142 0.00762195 14.3177 21.5879 -13 857 0 0 1
0.0394259 0.267375 520 0.0300122 -0.137615 10.2163 44.7889 -13 858 0 0 1
-0.10758 0.0599926 520 0.0115708 0.0543302 12.953 26.4216 -13 859 0 0 1
0.0182408 0.0885784 520 0.0143752 -0.0366355 13.0397 39.4891 -13 860 0 0 1
0.0163723 0.111391 520 0.0393964 0.0145342 11.1759 20.0515 -13 861 0 0 1
-0.108339 0.116339 520 -0.0784454 0.0417291 5.81731 52.7422 -13 862 0 0 1
-0.923438 0.0743244 520 -0.0473355 0.268564 3.87233 52.5932 -13 863 0 0 1
0.179963 0.196541 520 0.0458811 -0.0840771 6.86065 40.5991 -13 865 0 0 1
-0.162245 -0.118511 520 0.107711 0.109941 5.50455 61.9367 -13 866 0 0 1
0.146023 0.0590439 520 0.0166714 -0.00573297 8.3293 32.7274 -13 868 0 0 1
-0.00963234 0.215022 520 0.0074556 0.0380772 9.16958 41.3152 -13 869 0 0 1
-0.263602 0.121936 520 0.0959743 0.0704699 12.3592 30.6112 -13 870 0 0 1
0.0651304 0.118104 520 -0.00740276 -0.030966 13.7024 36.1891 -13 871 0 0 1
0.516248 0.0120556 520 0.0147332 -0.0810791 5.16815 55.6428 -13 872 0 0 1
0.0760398 0.104756 520 0.125867 -0.0140171 4.43483 46.3446 -13 873 0 0 1
0.46674 0.100314 520 -0.0300629 -0.221073 4.79418 51.2202 -13 874 0 0 1
-0.214801 0.15423 520 0.0680821 0.074742 3.32017 54.076 -13 875 0 0 1
-0.0985211 0.0032496 520 -0.032283 0.0842995 11.7743 27.8477 -13 876 0 0 1
0.0162895 0.127199 520 0.079267 -0.00667875 9.20126 43.4152 -13 877 0 0 1
0.0110683 -0.0347008 520 0.00414086 0.00504445 14.2397 39.4891 -13 879 0 0 1
-0.0931906 -0.0576621 520 -0.04073 0.00591898 12.9331 20.2063 -13 880 0 0 1
-0.0238446 -0.019133 520 -0.0253397 0.000909509 14.531 25.7809 -13 881 0 0 1
0.138052 0.292199 520 0.0628436 -0.000436776 6.51896 49.8248 -13 882 0 0 1
-0.0127215 0.186686 520 0.0686219 0.0111816 7.06535 50.3653 -13 883 0 0 1
-0.0396819 0.110529 520 0.0153007 -0.082627 5.67762 49.5381 -13 884 0 0 1
-0.0623566 0.0295907 520 0.0321551 -0.0146519 12.569 16.8094 -13 885 0 0 1
-0.115179 -0.0122865 520 0.0572919 0.0249419 8.47233 28.844 -13 886 0 0 1
-0.118893 -0.11172 520 -0.0931559 0.0382019 8.50999 22.7083 -13 887 0 0 1
0.0354599 -0.216567 520 -0.0970781 0.0103083 8.52392 41.3863 -13 888 0 0 1
0.016586 -0.0184528 520 -0.0170297 0.0168164 11.3207 41.4732 -13 889 0 0 1
-0.0297645 -0.00923473 520 -0.0153733 0.00260531 10.8209 29.2816 -13 890 0 0 1
0.287541 -0.310886 520 -0.00267963 -0.105445 7.49162 33.1042 -13 891 0 0 1
-4.24437 2.55149 520 0.0128119 0.0155309 0.0436241 30.2675 11 891 1002 0 1
-1.74447 5.46939 520 0.00710712 0.0212235 -0.0397777 32.1602 11 891 1002 0 1
-0.0140164 -0.0578995 520 -0.0166993 -0.0497396 14.0598 22.4171 -13 892 0 0 1
-0.0678314 0.0679062 520 0.0139226 0.0106901 9.37352 23.7582 -13 893 0 0 1
-0.273581 0.137472 520 0.0246261 0.0942773 12.6108 33.543 -13 894 0 0 1
0.0660398 0.0528255 520 0.0268108 -0.0173718 11.6076 33.2107 -13 895 0 0 1
-0.0635431 -0.042001 520 -0.00103113 0.00548782 6.78306 49.1347 -13 896 0 0 1
0.02106 0.0340493 520 -0.0116569 0.0272742 10.3487 25.5302 -13 897 0 0 1
-0.316013 -0.361505 520 -0.162239 0.00644651 8.37518 38.9811 -13 898 0 0 1
-0.439554 -0.818026 520 -0.18195 0.163538 6.70215 37.4687 -13 899 0 0 1
0.157524 -0.063778 520 -0.00538419 -0.0629778 11.4443 18.395 -13 900 0 0 1
0.151935 0.0411306 520 0.114495 0.0362478 5.3734 62.587 -13 901 0 0 1
-0.129469 0.0337428 520 -0.123304 -0.0677017 8.54997 24.32 -13 902 0 0 1
-0.212242 -0.123408 520 -0.0937837 0.103807 6.63774 35.8097 -13 903 0 0 1
-0.12093 0.0315882 520 -0.0298624 0.00912061 12.5496 22.7739 -13 904 0 0 1
-0.0626912 0.262426 520 0.0774249 -0.0635735 5.10862 53.8527 -13 905 0 0 1
-0.103642 0.174441 520 0.0586737 0.0461308 10.4533 37.9746 -13 906 0 0 1
-0.0189895 0.127846 520 0.0746629 -0.0488973 11.6225 42.753 -13 907 0 0 1
-0.0132059 0.00570111 520 0.00926126 0.00832944 12.9517 18.1672 -13 908 0 0 1
0.0235196 -0.00749173 520 -0.00602583 0.00208106 7.25716 40.7482 -13 909 0 0 1
0.29982 -0.00901199 520 0.0256127 -0.100095 9.28786 22.027 -13 910 0 0 1
0.854313 1.73485 520 0.141213 -0.0676314 1.54544 101.574 -13 911 0 0 1
-0.0791464 0.0166285 520 0.153411 0.185855 11.8239 18.0722 -13 912 0 0 1
-0.0467008 0.00993907 520 0.0211704 -0.000137523 10.2947 20.4065 -13 914 0 0 1
-0.100618 0.250169 520 0.0216274 0.0187466 9.1117 27.046 -13 915 0 0 1
-0.0470902 -0.0508051 520 0.0229562 0.0359244 13.8027 32.6734 -13 916 0 0 1
0.13015 -0.165496 520 -0.0368353 -0.0421311 12.4935 34.82 -13 917 0 0 1
-0.0310855 -0.0181078 520 0.00311939 0.00252459 12.8485 38.9686 -13 918 0 0 1
0.303282 -0.227446 520 0.0854331 -0.0611792 3.69027 52.9655 -13 919 0 0 1
0.085492 0.0584848 520 0.0299952 0.0777277 8.63651 25.0038 -13 920 0 0 1
-0.0236573 -0.0774186 520 -0.0443173 0.0151072 14.0801 19.8585 -13 921 0 0 1
-0.0192749 0.0487211 520 0.00896399 0.019817 12.8496 35.8902 -13 922 0 0 1
0.136521 -0.167884 520 -0.0748415 0.101133 3.91546 73.4816 -13 923 0 0 1
-0.444254 0.302674 520 -0.00273387 0.00283469 0.0364681 73.0132 11 923 1001 0 1
-0.0479898 0.0503598 520 -0.0270131 0.0213787 13.5875 27.9397 -13 924 0 0 1
-0.0864519 -0.0318308 520 -0.0493404 -0.00220669 13.9394 42.1634 -13 925 0 0 1
0.164229 0.0110319 520 0.048135 -0.0460432 12.81 15.7332 -13 926 0 0 1
0.159111 -0.069591 520 -0.0523581 -0.0462006 4.77023 53.0082 -13 927 0 0 1
0.0548555 0.0599674 520 0.0236374 -0.00261867 11.7784 39.7946 -13 928 0 0 1
-0.00551923 -0.00118278 520 0.00393268 0.0161251 13.5516 20.7288 -13 929 0 0 1
0.070023 -0.018013 520 0.0225594 -0.0682163 12.7331 33.2077 -13 930 0 0 1
-0.0229631 0.00126773 520 0.0106006 0.0436932 13.3136 35.6239 -13 931 0 0 1
0.123526 -0.0295771 520 -0.02719 -0.0229071 11.4502 45.6301 -13 932 0 0 1
-0.0943115 0.190699 520 0.0210699 0.0956655 13.6087 27.4253 -13 933 0 0 1
0.0630335 -0.128399 520 -0.0639029 0.0464682 8.59766 34.1881 -13 934 0 0 1
-0.0309271 0.0277784 520 0.0754245 -0.0495329 10.3275 39.5776 -13 935 0 0 1
-2.52621 -0.611035 520 -0.00369639 -0.00431506 0.0844 37.531 11 935 1001 0 1
-0.0741833 0.0552898 520 0.0063244 0.0258214 12.4225 28.8634 -13 936 0 0 1
0.0199195 0.0320002 520 0.00844624 0.00295939 12.5342 42.5215 -13 937 0 0 1
0.0615443 0.151475 520 0.141678 -0.121652 4.54984 43.7438 -13 938 0 0 1
-0.113262 0.0275176 520 0.0313059 0.0231427 13.8478 23.8087 -13 939 0 0 1
-1.92182 1.3851 520 0.282357 0.462269 5.83637 35.375 -13 940 0 0 1
-2.06099 1.70519 520 0.0275897 0.00660626 0.0340715 35.2054 11 940 1001 0 1
-0.276119 0.110216 520 0.0677922 0.0524081 12.2523 31.4308 -13 941 0 0 1
-5.00028 -0.17834 520 -0.0257626 -0.0223847 0.0437042 38.9681 11 941 1001 0 1
1.14305 0.19604 520 0.0573347 -0.000694147 2.14598 91.8885 -13 942 0 0 1
0.0532381 0.0207194 520 0.0359686 -0.0456755 10.5202 42.9339 -13 943 0 0 1
0.512827 0.0420731 520 -0.115925 -0.0797298 5.70838 55.4186 -13 944 0 0 1
0.430271 -0.105925 520 0.0242138 0.0057919 0.0350354 55.3777 11 944 1001 0 1
0.352337 -0.290842 520 -0.182852 -0.00275779 3.89406 71.9577 -13 945 0 0 1
-0.020565 -0.0831177 520 -0.022327 -0.0157977 14.3041 26.2512 -13 946 0 0 1
-0.0286469 -0.2405 520 -0.0813438 0.0510687 10.4361 23.2489 -13 947 0 0 1
-1.04536 -0.504975 520 0.00929407 -0.028829 0.0302197 24.5175 11 947 1001 0 1
-0.0142506 0.266956 520 0.12558 -0.0249535 7.74656 29.291 -13 948 0 0 1
-0.0870478 0.00653671 520 0.0145402 0.0147983 12.4849 36.2543 -13 949 0 0 1
0.624447 -0.397806 520 -0.0387494 -0.370845 3.19156 56.0201 -13 950 0 0 1
0.228505 -0.0324121 520 -0.0121205 -0.039973 5.26207 41.9794 -13 951 0 0 1
0.63534 -0.281316 520 -0.0344839 -0.162112 4.15195 68.9848 -13 952 0 0 1
-0.0990634 0.0787767 520 -0.0193046 0.0442217 9.82532 26.053 -13 953 0 0 1
2.47262 2.31555 520 0.00942166 0.0121904 0.0371872 30.4262 11 953 1002 0 1
-0.157702 -0.0182222 520 -0.0239599 0.0262891 6.71546 47.5731 -13 954 0 0 1
-0.145699 0.0934433 520 0.0227735 0.0673226 7.34083 42.4124 -13 955 0 0 1
-1.59815 -0.84026 520 0.00850696 0.0043373 0.0565152 40.9784 11 955 1001 0 1
-0.0755932 0.0603608 520 0.0493247 0.149705 6.94644 34.2175 -13 956 0 0 1
0.188686 -0.00927461 520 -0.00672007 0.00397857 14.0582 32.4622 -13 957 0 0 1
0.0409962 -0.0636183 520 -0.0529251 -0.0126099 11.8913 30.2515 -13 958 0 0 1
-0.405314 0.0808047 520 0.0466416 0.0512335 10.417 38.7334 -13 959 0 0 1
-0.0820344 -0.000406938 520 -0.0110236 0.0365216 14.4281 22.7272 -13 960 0 0 1
-0.509629 -0.762578 520 -0.010444 0.163535 0.501474 111.59 -13 961 0 0 1
-0.0582829 0.365521 520 0.106712 0.0154751 11.797 35.105 -13 962 0 0 1
-0.0788591 -0.0330117 520 -0.020455 0.01548 11.8728 38.8908 -13 963 0 0 1
-0.0250939 -0.0573988 520 -0.00240035 0.0156119 10.4821 44.7058 -13 964 0 0 1
0.0802849 -0.0423387 520 0.0242556 -0.0136981 11.3316 32.3706 -13 965 0 0 1
-0.0781059 0.216704 520 0.0797765 0.035515 9.39921 28.1069 -13 966 0 0 1
0.0518211 0.803618 520 0.173631 -0.0321735 2.46594 70.8822 -13 968 0 0 1
0.172353 -0.0223203 520 0.0457899 -0.0681644 8.88673 33.8949 -13 969 0 0 1
1.89775 3.41556 520 0.0286213 0.000272136 0.0368263 33.6871 11 969 1002 0 1
-0.0537462 0.140254 520 0.0476097 -0.0329303 13.2528 28.3637 -13 971 0 0 1
-0.213549 -0.0300291 520 -0.0495677 0.0411438 14.4631 28.4533 -13 972 0 0 1
0.0337244 0.0663327 520 0.00420293 -0.0274081 13.767 42.4501 -13 973 0 0 1
-0.0978491 -0.068149 520 0.0384531 0.0574312 14.4814 33.013 -13 974 0 0 1
-1.93666 0.264389 520 -0.0195718 -0.0543975 0.081699 32.445 11 974 1001 0 1
-0.240913 0.226875 520 0.0434037 0.126723 10.2827 38.3606 -13 975 0 0 1
-0.127312 -0.20311 520 -0.0286167 0.0590889 6.6899 34.1539 -13 976 0 0 1
-0.049983 0.189562 520 -0.00397629 0.00195134 9.06162 38.0891 -13 978 0 0 1
-0.0383273 0.0204802 520 -0.00489765 -0.00313703 13.7176 32.634 -13 979 0 0 1
0.00467739 0.166553 520 0.039704 0.000156863 12.0835 19.5666 -13 980 0 0 1
0.00856817 -0.122317 520 -0.0245561 -0.028444 9.67643 20.3116 -13 981 0 0 1
0.00432916 0.0130184 520 -0.00244135 0.0207577 13.625 26.8386 -13 982 0 0 1
0.0167408 0.278052 520 0.101269 -0.138075 5.65054 56.2606 -13 983 0 0 1
-0.0605333 -0.0746571 520 -0.0587275 0.0176171 10.0057 21.3981 -13 984 0 0 1
0.661396 2.18298 520 -0.0208719 -0.006997 0.0898954 18.9542 11 984 1001 0 1
0.059218 0.0173277 520 -0.00589209 -0.0894249 11.2532 32.2119 -13 985 0 0 1
-0.0874265 -0.151675 520 -0.0693628 -0.0240999 8.32381 41.2338 -13 986 0 0 1
-0.267928 -2.98093 520 0.016463 0.0129889 0.0363493 39.6534 11 986 1001 0 1
0.0434699 -0.0614416 520 -0.0455849 0.0030472 14.2389 38.0719 -13 987 0 0 1
-0.100752 -0.0411026 520 -0.0994641 0.0887218 6.67531 49.7479 -13 988 0 0 1
-0.622661 0.838297 520 -0.0799501 0.0748457 2.16761 84.5006 -13 989 0 0 1
-0.0121127 -0.0626761 520 -0.0101503 -0.0385383 14.4676 21.4528 -13 990 0 0 1
-0.0465525 -0.0922352 520 -0.0337927 -0.0629967 10.8754 37.5128 -13 991 0 0 1
-0.00940626 0.0568063 520 -0.0501625 -0.000168576 13.0775 40.0389 -13 992 0 0 1
-0.185309 0.108554 520 0.0471406 0.0394277 11.2474 45.8494 -13 993 0 0 1
-0.0259409 0.0191491 520 -0.00716984 0.0150448 12.8198 39.5473 -13 994 0 0 1
0.099301 -0.0133203 520 -0.00878565 -0.0482806 13.8918 25.7008 -13 995 0 0 1
-0.0758359 0.00030624 520 0.0258383 0.0420709 13.0403 39.8932 -13 996 0 0 1
-0.176297 0.0483384 520 0.0554597 0.0821708 14.5156 21.9889 -13 997 0 0 1
-0.206592 0.149386 520 -0.0587762 0.08714 10.2033 43.6255 -13 998 0 0 1
-3.1563 -4.53189 520 0.0266236 -0.0417756 0.0354118 44.8881 11 998 1001 0 1
0.109296 -0.159015 520 -0.0566437 0.0160901 7.34759 30.3545 -13 999 0 0 1
0.0108669 -0.0527708 520 -0.0273856 0.0476958 8.42387 44.0105 -13 1000 0 0 1
