#BLTrackFile NTuple/Z560
#x y z Px Py Pz t PDGid EventID TrackID ParentID Weight
#mm mm mm MeV/c MeV/c MeV/c ns - - - - -
-0.0839032 0.048409 560 0.00137807 0.0212448 11.5074 36.3929 -13 1 0 0 1
-0.109756 -0.0732022 560 -0.012658 0.0198806 12.5639 38.3992 -13 2 0 0 1
-0.356073 0.300737 560 0.0523792 0.146253 9.84681 22.7001 -13 3 0 0 1
-3.46694 3.22502 560 0.0178612 0.0141932 0.0820822 15.7653 11 3 1001 0 1
-0.00751707 0.0491228 560 -0.00283215 -0.00538879 11.1454 22.0937 -13 4 0 0 1
-0.00621971 0.154334 560 -0.00794257 -0.0540988 6.85974 36.0911 -13 5 0 0 1
-0.0870956 0.266817 560 0.0593939 0.0234269 7.64702 48.0413 -13 6 0 0 1
-0.00656374 -0.0738699 560 -0.0630102 -0.0183232 12.0319 30.0722 -13 7 0 0 1
-0.145998 -0.00632753 560 0.0291046 0.0149051 5.11549 53.0984 -13 8 0 0 1
-0.0362098 -0.0403093 560 0.00390667 0.0554173 13.624 38.1171 -13 9 0 0 1
0.0155094 -0.0410344 560 -0.036834 -0.0232154 13.2397 20.0667 -13 10 0 0 1
-0.0640558 0.0807919 560 0.0331736 0.0106678 10.6049 21.5278 -13 11 0 0 1
-0.391502 -0.119624 560 -0.11095 0.0924537 11.8123 20.9471 -13 12 0 0 1
0.534701 -0.38236 560 0.137463 -0.115105 3.52338 57.7307 -13 13 0 0 1
0.0191378 -0.0211791 560 0.0152932 0.00449145 10.3154 22.3273 -13 14 0 0 1
-0.650641 2.90714 560 -0.0132842 0.0230882 0.0922398 14.8803 11 14 1002 0 1
-0.185375 -0.138059 560 -0.0412237 0.0651943 5.18641 56.9358 -13 15 0 0 1
0.36174 0.104646 560 0.0703159 -0.175838 8.35897 26.5106 -13 16 0 0 1
0.352417 -10.1153 560 0.0178543 0.029654 0.0229854 40.1544 11 16 1001 0 1
0.00513203 -0.0329039 560 0.00178698 -0.00172581 14.5117 20.9342 -13 17 0 0 1
-0.0513085 -0.0269214 560 0.0333839 0.0126602 13.0853 44.2937 -13 18 0 0 1
0.235014 0.0379776 560 -0.0384552 -0.047459 8.26335 41.7794 -13 19 0 0 1
-0.902998 -2.01202 560 0.0989428 0.0384751 0.826562 112.537 -13 20 0 0 1
-0.0463773 0.0731554 560 -0.00661322 0.0178404 14.4245 36.7376 -13 21 0 0 1
-0.117552 0.0296823 560 -0.0136251 -0.0223853 10.4558 20.8779 -13 22 0 0 1
3.67521 -2.50406 560 -0.0467518 0.0388503 0.0281166 24.4224 11 22 1002 0 1
-0.210455 0.0617066 560 -0.0216335 0.0606129 11.7756 46.504 -13 23 0 0 1
0.0645724 0.123716 560 0.0525995 -0.0197805 8.29718 51.1833 -13 24 0 0 1
0.0215595 0.0794584 560 0.00465958 0.0424726 14.3664 28.1719 -13 25 0 0 1
0.0504638 0.230853 560 0.0381427 0.0991163 8.93763 37.9605 -13 26 0 0 1
-0.173909 -0.0637755 560 -0.00943463 0.0136246 8.45291 33.9549 -13 27 0 0 1
-0.0769993 0.0698872 560 0.0398177 0.0204024 11.567 45.1268 -13 28 0 0 1
0.182596 0.102174 560 0.008206 -0.0606734 6.99173 49.9033 -13 29 0 0 1
-0.38432 0.330062 560 0.0885356 0.155983 13.6153 17.1438 -13 30 0 0 1
0.100647 -0.00875813 560 -0.0268416 -0.0196141 10.3497 23.6529 -13 31 0 0 1
-0.237927 -0.168367 560 -0.0531704 0.0793964 8.49093 29.1248 -13 32 0 0 1
0.407071 -0.505755 560 -0.228631 0.00755293 3.15933 81.4489 -13 33 0 0 1
0.243829 -0.184714 560 -0.0510219 -0.0867351 13.6422 36.3572 -13 34 0 0 1
5.4674 1.59752 560 -0.0470618 0.000898652 0.00665232 47.8306 11 34 1001 0 1
0.0230952 0.357785 560 -0.049891 0.0215768 5.08177 65.0161 -13 35 0 0 1
0.191368 -0.0276233 560 -0.0435966 -0.039692 8.57393 47.5592 -13 36 0 0 1
-0.0406501 0.025069 560 -0.00820477 -0.0256419 10.3992 47.4695 -13 37 0 0 1
0.0329326 0.0422034 560 -0.000261329 0.00231065 11.8486 40.4996 -13 38 0 0 1
0.00344247 0.0195486 560 0.00736056 0.0101083 9.50356 31.4057 -13 39 0 0 1
0.630899 1.16051 560 0.444586 0.833248 10.8391 39.0794 -13 40 0 0 1
-0.885475 -0.339013 560 -0.00659527 0.0402944 0.020986 41.211 11 40 1001 0 1
2.12226 1.3998 560 0.0219273 -0.0351005 -0.00889591 44.2091 11 40 1001 0 1
-0.157067 -4.86464 560 0.0224213 0.0309824 0.00891812 46.6895 11 40 1001 0 1
3.48751 -3.86819 560 -0.00209941 0.0380432 -0.00669806 47.8285 11 40 1001 0 1
-0.387201 0.200711 560 0.0290616 0.105973 8.88694 25.7339 -13 41 0 0 1
-0.00344783 -0.0857564 560 -0.0753301 0.00626952 9.91342 41.9665 -13 42 0 0 1
0.0943504 0.112318 560 0.0535463 0.00969025 14.4172 25.9539 -13 43 0 0 1
-0.115485 -0.00133391 560 0.0514057 -0.0191367 11.2575 36.7539 -13 44 0 0 1
-1.82194 -0.811259 560 -0.00792936 0.0214952 0.0442187 38.6474 11 44 1001 0 1
-0.0904546 -0.0576996 560 0.0161455 0.119983 10.8561 43.2142 -13 45 0 0 1
-0.196813 0.254426 560 0.0294067 -0.0425846 4.97134 43.6544 -13 46 0 0 1
-0.070617 -0.0733533 560 -0.0400836 0.0406683 11.4123 25.8406 -13 47 0 0 1
0.0732866 0.638315 560 0.0728014 0.162082 6.65859 39.9528 -13 48 0 0 1
0.0511224 0.0411287 560 -0.0322496 -0.0215234 13.2718 21.7046 -13 49 0 0 1
0.0666905 -0.135173 560 0.0312803 0.0150704 4.24408 72.3976 -13 50 0 0 1
0.0700575 -0.145546 560 0.0159473 -0.110249 8.38251 35.9866 -13 51 0 0 1
0.156606 0.128649 560 -0.0831935 -0.0571069 1.61062 102.769 -13 52 0 0 1
-0.229001 0.228676 560 0.0887506 0.0785925 8.20529 25.9257 -13 53 0 0 1
0.676019 -0.251704 560 -0.0524099 -0.139994 2.77088 67.3972 -13 54 0 0 1
0.065689 -0.0751581 560 -0.0431569 -0.0116591 10.3935 38.9051 -13 55 0 0 1
-0.0474159 0.00251511 560 0.0591413 0.0468613 14.0633 23.3661 -13 56 0 0 1
1.81499 1.44657 560 0.0475339 0.0136257 0.0633178 24.2124 11 56 1001 0 1
0.001491 -0.0570067 560 -0.0261175 0.0186262 9.78748 47.9283 -13 57 0 0 1
-0.0191076 0.108594 560 0.0679728 0.0601774 8.2453 31.3746 -13 58 0 0 1
1.98207 -1.74516 560 -0.00360508 -0.0124575 0.0695825 28.1399 11 58 1001 0 1
-0.0397515 0.0713203 560 -0.0220757 0.160293 6.98671 45.5849 -13 59 0 0 1
2.10576 4.49495 560 -0.00955213 -0.0170439 0.0385587 41.9666 11 59 1002 0 1
-0.11885 0.0834918 560 0.0296595 0.0587721 8.2361 45.8803 -13 60 0 0 1
-2.17655 -4.65165 560 -0.0379181 0.0221628 0.045796 41.2904 11 60 1001 0 1
0.126673 -0.0575627 560 -0.0346674 -0.027822 13.9492 30.0286 -13 61 0 0 1
-0.101829 0.0652959 560 0.00392085 -0.00668278 9.3542 34.2603 -13 62 0 0 1
0.0298903 0.019321 560 0.00404104 -0.00916119 14.0058 42.6886 -13 63 0 0 1
-0.112193 -0.219686 560 -0.0813958 0.00649741 8.88323 35.2761 -13 64 0 0 1
-0.175047 -0.176499 560 -0.117366 0.0186073 5.06556 43.6567 -13 65 0 0 1
0.0536994 0.156691 560 0.0602939 -0.0374033 7.37894 40.2537 -13 66 0 0 1
0.0234443 0.0225726 560 0.0175267 -0.00381839 11.5206 30.0197 -13 67 0 0 1
0.0892919 0.00422339 560 -0.0525723 -0.0684403 10.6271 38.4533 -13 68 0 0 1
0.0782933 -0.255496 560 -0.00677895 -0.114647 5.39728 50.1606 -13 69 0 0 1
0.0247236 0.128928 560 -0.00411744 0.0320104 11.1551 23.2866 -13 70 0 0 1
-0.00133802 0.038056 560 0.0103786 0.0380276 11.6776 21.1724 -13 71 0 0 1
0.0288567 0.0111319 560 0.0439423 0.00582144 10.3662 20.9603 -13 72 0 0 1
0.452573 -0.267455 560 -0.0198438 -0.0782178 6.1047 54.1105 -13 73 0 0 1
0.00954772 0.0333811 560 -0.0118988 -0.0201464 10.7214 33.5423 -13 74 0 0 1
0.0938679 0.228264 560 -0.00681362 0.00371854 7.78022 53.5042 -13 75 0 0 1
-0.0765166 -0.068108 560 0.0235702 0.0113948 12.486 41.7859 -13 76 0 0 1
-0.055787 -0.135591 560 -0.0769149 0.0742763 8.19835 50.4629 -13 77 0 0 1
-0.0399462 -0.0670076 560 0.0258046 -0.00693574 13.5511 28.5574 -13 78 0 0 1
-0.0420685 0.0559891 560 0.021078 0.0112952 12.6728 40.975 -13 79 0 0 1
0.0882955 -0.0210549 560 -0.0175754 -0.00491742 10.2838 47.4371 -13 80 0 0 1
0.0928621 0.0133761 560 -0.00962576 -0.0353468 8.66809 46.1313 -13 81 0 0 1
0.0149982 -0.150453 560 -0.0290758 -0.0427195 13.2024 38.4932 -13 82 0 0 1
0.0400279 0.0160131 560 0.0174175 -0.0285955 9.8541 39.2893 -13 83 0 0 1
0.319505 -0.0138803 560 0.0552173 -0.00901949 6.32846 44.9356 -13 84 0 0 1
-0.0905317 -0.015369 560 -0.0231043 0.0410503 13.6038 18.7862 -13 85 0 0 1
-0.00842695 -0.145949 560 -0.0584526 -0.0515268 7.95981 38.1688 -13 86 0 0 1
-0.661287 -0.0586036 560 0.113323 0.3009 1.51683 109.413 -13 87 0 0 1
0.101819 -0.276672 560 -0.119204 0.0449239 8.48285 31.9755 -13 88 0 0 1
-0.720085 2.0199 560 0.0176407 -0.0231778 0.0412137 32.1862 11 88 1002 0 1
0.264617 -0.054912 560 0.0239019 -0.0349682 9.9629 31.0877 -13 89 0 0 1
0.149763 0.137827 560 -0.0055902 -0.0573208 6.67865 38.5307 -13 90 0 0 1
-0.0493698 -0.127396 560 -0.107666 0.0162524 7.14721 55.3074 -13 91 0 0 1
-0.174061 0.196564 560 0.00777847 0.0598323 6.66639 57.5741 -13 92 0 0 1
0.382093 -0.149837 560 -0.254019 0.0165509 7.67249 51.8734 -13 93 0 0 1
0.00184168 -0.279615 560 0.00291536 0.0419348 5.70754 43.0489 -13 94 0 0 1
-0.0943228 -0.167721 560 -0.0212602 0.0444781 10.76 30.5416 -13 95 0 0 1
1.03203 0.136082 560 -0.0303805 -0.137844 0.885476 96.0586 -13 96 0 0 1
0.00255654 -0.00466114 560 -0.00454058 0.0182007 12.8576 30.873 -13 97 0 0 1
-1.06693 0.0295892 560 -0.355835 0.369647 9.44749 29.2756 -13 98 0 0 1
0.780683 0.164165 560 0.000450934 -0.0198502 0.0854616 23.1481 11 98 1001 0 1
-0.0516738 0.0439158 560 0.0099111 0.0191381 14.0128 19.766 -13 99 0 0 1
-0.073798 -0.217154 560 -0.0842484 0.037194 12.3122 17.4396 -13 100 0 0 1
-0.342817 0.31651 560 0.104668 -0.0956489 4.68587 57.4531 -13 101 0 0 1
-0.0646874 -0.052485 560 -0.0179661 -0.0127804 9.95969 43.5456 -13 103 0 0 1
0.0512276 -0.12492 560 -0.0452017 -0.0281589 9.59952 33.963 -13 104 0 0 1
0.227027 0.123043 560 0.0324582 -0.0328269 8.81026 29.5419 -13 105 0 0 1
-0.0413965 -0.0428887 560 -0.0108464 0.00326425 10.3055 47.6287 -13 106 0 0 1
-0.00457667 -0.00649801 560 -0.0016865 -0.0200865 13.7526 32.5494 -13 107 0 0 1
0.298923 0.050573 560 0.0542476 -0.0798908 7.2917 39.9765 -13 108 0 0 1
-0.0371118 0.0496218 560 -0.00663706 0.00411656 13.5698 15.6902 -13 109 0 0 1
-0.19814 -0.121803 560 -0.187039 0.049413 5.47339 39.0542 -13 110 0 0 1
-0.00461799 0.0415059 560 0.00557817 0.0203216 9.83501 24.2792 -13 111 0 0 1
0.175729 -0.363678 560 -0.121595 -0.102326 7.67174 30.0958 -13 112 0 0 1
-0.020428 -0.0520792 560 -0.0280448 0.0113815 11.945 27.2147 -13 113 0 0 1
0.361104 0.189701 560 0.0287146 -0.128149 8.05285 31.6035 -13 114 0 0 1
0.518781 0.487752 560 -0.125047 -0.424577 13.2221 34.991 -13 115 0 0 1
0.1394 -0.0474712 560 -0.0121566 -0.0336269 10.2896 48.8138 -13 116 0 0 1
0.0344722 -0.110707 560 6.9191e-05 -0.0626862 11.5633 22.6209 -13 117 0 0 1
-0.0151598 -0.177653 560 0.082267 -0.0340206 5.83992 39.0489 -13 118 0 0 1
-0.00565716 -0.065231 560 0.0159401 0.0758577 10.9694 38.1427 -13 119 0 0 1
0.390658 -0.265717 560 0.035414 -0.0829342 7.50202 40.6675 -13 120 0 0 1
0.167111 -0.0206911 560 -0.0321581 -0.0786487 7.96102 53.1211 -13 121 0 0 1
0.0931441 -0.0154853 560 0.0356272 0.0170774 8.97899 28.8187 -13 122 0 0 1
-0.0974549 0.0947931 560 0.0202611 -0.103654 4.9884 61.7579 -13 123 0 0 1
0.00915025 0.0191457 560 0.00495933 -0.0552737 12.9943 30.9348 -13 124 0 0 1
-0.0769885 0.0522175 560 0.0516168 0.00944427 11.4596 44.193 -13 125 0 0 1
0.0407549 -0.0773532 560 0.229191 -0.102304 11.7195 42.3523 -13 126 0 0 1
-0.130068 -0.142576 560 0.0272998 0.0326349 9.61818 26.8354 -13 127 0 0 1
0.125624 0.132441 560 0.025228 -0.0729992 13.5023 24.7443 -13 128 0 0 1
0.045094 -0.0352619 560 -0.0456616 -0.0381003 13.4924 27.8173 -13 129 0 0 1
0.0183123 0.0680818 560 0.0258673 -0.00551123 10.4569 41.5957 -13 130 0 0 1
-0.0172266 -0.211167 560 -0.038723 0.000130036 9.14227 30.2145 -13 131 0 0 1
-0.327924 -0.146515 560 0.159534 0.134976 13.2409 37.8008 -13 132 0 0 1
0.110961 0.1301 560 0.0714592 -0.031675 14.5127 33.0218 -13 133 0 0 1
0.0498981 -0.248822 560 -0.0737443 0.0508587 7.25423 46.3584 -13 134 0 0 1
0.0314886 0.0313409 560 0.0152578 -0.027703 13.3492 19.5755 -13 135 0 0 1
0.0691488 -0.0864457 560 -0.0319153 -0.0300822 12.9789 27.5746 -13 136 0 0 1
-0.227303 0.154935 560 0.0224668 0.0242884 7.23048 31.8311 -13 137 0 0 1
0.0802029 -0.183073 560 -0.0514838 -0.043788 4.51572 48.2415 -13 138 0 0 1
-0.0072596 0.026824 560 0.00022608 -0.0496335 11.4912 37.3489 -13 139 0 0 1
0.0597222 -0.0823304 560 -0.017901 -0.0489551 14.1393 39.5262 -13 140 0 0 1
0.01425 -0.00277819 560 -0.0207838 0.019406 13.8192 15.9025 -13 141 0 0 1
-0.0705259 -0.0362673 560 -0.024096 0.00866404 13.7485 26.5323 -13 142 0 0 1
0.0656116 -0.221349 560 -0.0459332 -0.0832348 11.0293 23.9852 -13 143 0 0 1
-0.0633259 -0.0457079 560 -0.0107391 0.0280508 14.3902 34.8372 -13 144 0 0 1
-0.0630234 0.145447 560 0.0213157 -0.0227758 9.86512 45.7855 -13 145 0 0 1
0.259031 0.0550072 560 0.00344759 -0.02498 9.23015 32.4917 -13 146 0 0 1
-0.104361 -0.00971517 560 -0.00743683 0.0326483 11.2345 33.3212 -13 147 0 0 1
-0.0498395 0.13729 560 0.0298261 -0.00807393 7.3612 40.3997 -13 148 0 0 1
0.058865 -0.0877621 560 0.0419655 -0.0235906 7.00793 37.1107 -13 149 0 0 1
0.0347802 0.0370684 560 0.013904 -0.00522023 13.8461 35.3196 -13 150 0 0 1
-0.0789538 -0.121749 560 0.0183683 -0.0432902 8.08995 28.3095 -13 151 0 0 1
0.00697861 -0.0305743 560 -0.0188551 -0.0012597 14.1322 38.7069 -13 152 0 0 1
0.226857 0.144774 560 0.00070576 -0.0352546 13.6913 38.5987 -13 153 0 0 1
-0.0665698 -0.0838454 560 0.0307207 -0.0319143 9.45338 38.5531 -13 154 0 0 1
0.0754956 -0.256261 560 -0.080001 -0.0317282 9.94407 45.5378 -13 155 0 0 1
0.115573 0.0139652 560 -0.0100291 -0.0454759 11.9784 33.708 -13 156 0 0 1
-0.0205687 0.0555085 560 0.042836 -0.0210408 13.2432 24.6341 -13 157 0 0 1
0.0412099 0.0361913 560 0.0462751 0.158688 8.43421 34.1153 -13 158 0 0 1
0.0191286 -0.0239055 560 -0.00727103 0.0118386 14.3352 37.2005 -13 159 0 0 1
-0.126581 0.0812254 560 -0.024949 -0.0177019 7.49033 35.4432 -13 160 0 0 1
-0.110818 0.0788424 560 0.0407552 0.0818265 14.1074 21.4588 -13 161 0 0 1
-0.138878 0.0498959 560 0.0171748 0.103725 9.73048 36.0187 -13 162 0 0 1
0.0942565 -0.218536 560 -0.0330462 0.0305753 9.74164 23.7421 -13 163 0 0 1
-0.0519856 0.0249797 560 0.00443936 0.0146895 14.2208 34.5387 -13 164 0 0 1
-0.0747107 0.0492837 560 0.00623726 0.027306 12.338 41.1629 -13 165 0 0 1
0.251394 0.0794568 560 0.0740393 -0.098231 11.0196 47.0734 -13 166 0 0 1
-0.272886 0.331425 560 0.0889848 0.0418167 9.83136 25.4416 -13 167 0 0 1
0.0292239 -0.0244736 560 -0.0214248 0.00108765 11.4227 18.7442 -13 168 0 0 1
0.139362 0.00304421 560 0.0221163 -0.0566825 13.0643 42.0094 -13 169 0 0 1
-0.185589 -0.0530625 560 -0.0454639 0.0328394 8.93079 41.5216 -13 170 0 0 1
0.0222374 0.0682818 560 -0.00656183 0.00444434 14.5099 36.1375 -13 171 0 0 1
-0.198801 -0.35467 560 -0.0786531 0.048142 11.8545 31.8099 -13 172 0 0 1
-0.0987074 0.0543866 560 0.00497236 0.0490645 13.0432 16.8138 -13 173 0 0 1
0.0459888 -0.0373242 560 0.0412585 -0.000262406 9.74276 44.3752 -13 174 0 0 1
-0.148024 -0.0711075 560 -0.0118953 0.0391461 10.6705 21.5792 -13 175 0 0 1
0.463346 -0.0315409 560 0.10182 -0.143647 10.7833 33.1329 -13 176 0 0 1
0.30756 -0.662044 560 0.004049 0.0157635 3.23141 62.5916 -13 177 0 0 1
-0.0495929 0.258712 560 0.121087 -0.0686551 5.56564 46.9473 -13 178 0 0 1
0.433101 0.885695 560 0.33674 -0.12295 5.52232 52.0114 -13 179 0 0 1
-0.842802 0.446151 560 0.0919925 0.197004 7.13163 51.5617 -13 180 0 0 1
-0.0295604 -0.249705 560 -0.0613223 -0.0374584 8.77618 49.4512 -13 181 0 0 1
0.195568 -0.00574221 560 0.0157334 -0.0323172 9.26015 39.3045 -13 182 0 0 1
0.178431 0.0544505 560 0.00463598 -0.0736097 14.0253 19.9945 -13 183 0 0 1
0.130538 -0.0342672 560 0.0796321 -0.0640646 12.2628 21.3245 -13 184 0 0 1
-0.165496 -0.0903424 560 0.000669768 0.0338894 11.5049 33.5321 -13 185 0 0 1
-0.0878998 -0.0553765 560 -0.0187593 0.0472696 11.8768 46.2831 -13 186 0 0 1
-0.0710614 0.145176 560 0.0596564 0.00865423 4.71389 45.1426 -13 187 0 0 1
0.0302829 0.125766 560 0.0619577 -0.0211437 8.60377 40.0697 -13 188 0 0 1
-0.0540833 -0.253517 560 -0.090385 -0.0425563 5.85982 35.2042 -13 189 0 0 1
-0.095394 0.0596393 560 0.0295352 0.05896 8.41231 29.6148 -13 190 0 0 1
-0.524836 -0.212833 560 -0.299198 -0.000456054 12.2379 22.6617 -13 191 0 0 1
0.0751081 0.197175 560 0.0648825 -0.0406898 12.0766 22.5943 -13 192 0 0 1
0.0882379 0.201267 560 0.0246735 -0.0253199 10.3304 26.6252 -13 194 0 0 1
-0.0947496 0.0530111 560 0.00684436 0.0579559 10.8687 40.603 -13 195 0 0 1
0.0303359 0.00581351 560 -0.0217648 -0.0801391 11.6903 46.7633 -13 196 0 0 1
-0.18256 0.0717641 560 0.00701434 0.0649152 12.3012 21.0732 -13 198 0 0 1
-0.0460305 -0.0254943 560 -0.00862557 0.0181433 12.9293 30.109 -13 199 0 0 1
0.0258097 -0.077265 560 -0.0112188 -0.0333015 11.5992 39.2594 -13 201 0 0 1
0.0395715 0.0806063 560 0.0545524 0.0223196 12.0126 37.8397 -13 202 0 0 1
-0.054601 0.00396813 560 -0.0138352 0.0329826 14.4601 34.8992 -13 203 0 0 1
0.127473 0.4287 560 0.106263 -0.0468417 5.46302 45.1604 -13 204 0 0 1
-0.0826379 0.0301392 560 -0.00618303 0.00703719 7.16019 39.0997 -13 205 0 0 1
0.0353116 0.119163 560 0.0807684 -0.08918 9.24064 49.8162 -13 207 0 0 1
-0.102895 -0.0443619 560 -0.0284013 0.0323136 13.7126 27.8126 -13 209 0 0 1
0.199999 -0.230118 560 0.83228 0.000344714 2.7766 83.0441 -13 210 0 0 1
0.0240036 0.388232 560 0.113492 -0.0463664 6.52874 45.5144 -13 211 0 0 1
0.833358 -1.06181 560 -0.00678161 -0.0149269 0.0367278 45.5372 11 211 1002 0 1
-0.295608 -0.0229728 560 0.199617 0.157832 13.947 16.0198 -13 212 0 0 1
-0.0568395 -0.10121 560 -0.0126422 0.0834147 8.95926 51.4231 -13 213 0 0 1
0.0515517 -0.0178152 560 0.0212254 0.00581709 9.79101 38.8395 -13 214 0 0 1
-0.00153987 0.133049 560 0.0389538 0.00685657 3.97962 61.4754 -13 215 0 0 1
-0.160315 -0.0360918 560 -0.0116799 0.0759566 9.89325 32.6473 -13 216 0 0 1
0.0378875 -0.0253123 560 -0.0409095 -0.0248475 9.4507 34.388 -13 217 0 0 1
0.0756228 -0.139539 560 0.00315713 -0.0237236 5.11183 53.1601 -13 218 0 0 1
0.0387737 0.0457509 560 0.0686251 -0.0209713 9.75728 31.0112 -13 219 0 0 1
0.133048 0.0840546 560 0.0383009 -0.040044 13.3225 27.0803 -13 220 0 0 1
-0.0488141 -0.521932 560 -0.0843875 0.0351832 3.43531 62.8107 -13 221 0 0 1
-0.0412218 -0.106203 560 -0.0387753 0.0094629 8.92156 29.579 -13 222 0 0 1
-0.0296794 -0.177636 560 -0.0368066 -0.00670977 8.64125 26.6841 -13 223 0 0 1
0.425695 -0.14169 560 -0.0956736 -0.0220238 6.0789 61.4836 -13 224 0 0 1
0.0147889 0.0211845 560 0.00694275 -0.0106221 12.3412 37.3459 -13 225 0 0 1
0.148145 0.0822565 560 0.0460396 -0.0568524 10.0919 39.032 -13 226 0 0 1
-0.0602574 -0.0689157 560 -0.0803869 0.0356759 12.6187 35.8346 -13 227 0 0 1
0.0366669 -0.0708898 560 -0.0301493 -0.0084061 13.501 28.392 -13 228 0 0 1
0.0149527 0.0669802 560 0.0203629 -0.00335924 13.4416 25.9528 -13 229 0 0 1
-0.480341 -0.00128321 560 -0.0740984 0.110223 11.953 18.4252 -13 230 0 0 1
0.00998149 0.228436 560 0.0852129 0.0411189 9.00318 48.5546 -13 231 0 0 1
-0.187103 0.0147307 560 -0.00972336 0.0414297 6.26913 50.7094 -13 232 0 0 1
-0.414423 0.0642826 560 0.0798875 0.0900204 10.9628 46.3873 -13 233 0 0 1
0.00971764 0.0347464 560 0.0244832 -0.0214645 12.4865 19.2707 -13 234 0 0 1
0.163494 0.165234 560 -0.0368673 -0.0317847 6.32081 54.9849 -13 235 0 0 1
-0.0003954 0.265822 560 0.0739061 -0.039164 4.44159 63.6064 -13 236 0 0 1
0.0983755 -0.0539107 560 -0.0281941 -0.0635415 8.35745 39.0838 -13 237 0 0 1
-0.0102515 0.0306219 560 0.0906904 0.0143842 9.4268 26.3045 -13 238 0 0 1
-0.0392834 0.125954 560 0.04028 -0.00398905 12.7744 27.6179 -13 239 0 0 1
0.0435131 -0.0317758 560 -0.00510961 -0.0301438 12.7541 21.315 -13 240 0 0 1
0.0582445 0.0431802 560 -0.0220329 -0.0862233 12.7891 18.0824 -13 241 0 0 1
0.0266282 -0.110125 560 -0.0370646 -0.0247774 10.9244 34.86 -13 242 0 0 1
0.00627934 0.0909485 560 0.0296558 -0.0498045 13.7984 42.6194 -13 243 0 0 1
0.1871 0.2481 560 0.0417411 -0.0503598 8.64505 46.7204 -13 244 0 0 1
0.0349107 0.119753 560 0.0439866 0.0270832 12.9103 28.1158 -13 245 0 0 1
0.0910027 -0.0615022 560 -0.0566573 0.00324833 8.07752 33.7686 -13 246 0 0 1
0.0986238 0.0676711 560 0.0121932 -0.0541648 11.635 27.8877 -13 247 0 0 1
-0.0681846 -0.0604237 560 -0.0390704 0.0166474 11.8243 44.6029 -13 248 0 0 1
0.0332055 0.0208891 560 0.00321672 -0.0053201 12.3472 27.2174 -13 249 0 0 1
-0.0190302 -0.156809 560 -0.0653713 0.0503077 10.3467 38.9585 -13 250 0 0 1
-0.0543289 -0.20539 560 -0.0416199 0.038089 8.29573 50.3226 -13 251 0 0 1
0.105273 0.0132184 560 0.00923518 -0.0156208 12.9706 23.26 -13 252 0 0 1
0.12323 -0.0527692 560 0.115782 0.0481095 11.9083 38.2352 -13 253 0 0 1
0.353901 -0.0835321 560 0.0267025 -0.0529557 8.31189 28.7281 -13 254 0 0 1
-0.0618941 -0.047476 560 -0.0215744 0.0282966 12.0666 24.4612 -13 255 0 0 1
-1.07207 2.15574 560 0.00419108 0.0171684 -0.0290258 31.6037 11 255 1001 0 1
-0.0470246 0.32936 560 0.11738 -0.0197717 12.2395 17.3363 -13 256 0 0 1
0.111447 0.128282 560 0.0256554 0.00888388 11.2828 29.1103 -13 257 0 0 1
-0.0218816 0.244636 560 0.0886871 0.019857 11.7253 34.0269 -13 258 0 0 1
0.00474114 0.0365878 560 -0.00999075 0.0135534 14.4536 19.5253 -13 259 0 0 1
-0.0772799 0.0464121 560 -0.00149765 0.0091819 14.2169 38.0797 -13 260 0 0 1
0.185441 -0.0509949 560 -0.0382575 -0.0524942 13.841 29.7655 -13 261 0 0 1
0.0763753 -0.0400062 560 -0.0020492 -0.114838 12.9548 34.9531 -13 262 0 0 1
-0.0495259 0.0125183 560 0.0329833 0.014855 10.5323 26.7774 -13 263 0 0 1
0.635027 0.344859 560 0.0271244 0.0613354 3.37011 77.9029 -13 264 0 0 1
-0.0510204 -0.0122525 560 0.00829354 -0.0111752 12.8052 39.5714 -13 265 0 0 1
0.0531726 0.205158 560 0.0499439 0.050746 11.3213 42.4005 -13 266 0 0 1
0.0211715 0.0915885 560 0.0425928 0.0200363 14.0569 36.9941 -13 267 0 0 1
-0.237861 -0.171059 560 -0.00261409 0.0680712 12.2537 22.1599 -13 268 0 0 1
-0.0671204 0.243054 560 0.000230273 0.0687951 11.9035 28.9012 -13 269 0 0 1
0.110376 -0.0318441 560 0.17735 0.067564 3.19796 86.1038 -13 270 0 0 1
-0.163678 0.0334799 560 0.080625 0.0462511 7.26115 54.8867 -13 271 0 0 1
-0.00284133 -0.0277367 560 0.0127777 0.00799329 14.4654 24.0415 -13 272 0 0 1
0.114364 -0.00799478 560 0.0237779 -0.0268099 8.04052 35.1865 -13 273 0 0 1
-3.47639 -3.42834 560 0.0336897 0.0124113 0.0532933 32.8104 11 273 1001 0 1
0.3001 -0.0428511 560 -0.0105293 -0.107291 12.608 43.1312 -13 274 0 0 1
-0.020314 -0.0182053 560 -0.0627118 -0.0178861 8.724 42.5628 -13 275 0 0 1
0.495824 1.05777 560 -0.00444157 -0.0252284 0.0620237 41.9415 11 275 1001 0 1
0.0338168 -0.0826716 560 0.00273997 0.0183209 11.5272 23.3185 -13 276 0 0 1
-0.123105 0.103271 560 0.0835159 0.0180519 9.61399 46.0272 -13 277 0 0 1
-0.0416921 -0.0315587 560 0.00897642 0.0167626 13.7545 27.5578 -13 278 0 0 1
0.0847562 -0.0317967 560 -0.0342771 -0.0201346 13.346 35.8768 -13 279 0 0 1
0.327567 0.286788 560 -0.0136311 -0.169171 6.29933 38.0197 -13 280 0 0 1
0.0715127 -0.118681 560 0.0371411 -0.0415548 8.14148 44.6307 -13 281 0 0 1
0.0789999 -0.0589324 560 0.0107114 -0.0189069 9.51106 44.4957 -13 282 0 0 1
0.0747806 0.00613559 560 0.00455864 -0.0381681 10.6944 26.1434 -13 283 0 0 1
0.091552 -0.215683 560 -0.0579808 -0.0426472 7.19374 41.3444 -13 284 0 0 1
-0.185251 -0.0921156 560 0.113141 -0.0512543 2.9023 88.8708 -13 285 0 0 1
0.0454549 -0.0302805 560 -0.0254243 0.0749867 6.73809 55.4927 -13 286 0 0 1
0.0053893 0.296913 560 0.0682774 0.0158747 10.8741 46.7901 -13 287 0 0 1
-0.00704172 0.0125243 560 0.0151105 -0.024452 11.9547 42.4525 -13 288 0 0 1
0.0138777 0.0502848 560 0.0366266 0.0163746 9.45241 38.8921 -13 289 0 0 1
0.0624985 0.0529572 560 0.0578515 -0.0264061 9.04289 30.8745 -13 290 0 0 1
0.275866 -0.1478 560 0.0373894 0.00019682 6.89012 47.6563 -13 291 0 0 1
0.0783658 0.0436195 560 0.0185685 0.0062593 13.2709 18.6162 -13 292 0 0 1
-0.0657331 0.10622 560 0.0767055 -0.0105773 7.38204 56.1606 -13 293 0 0 1
0.0149587 0.00298451 560 0.00310675 -0.0406603 13.8203 44.3006 -13 294 0 0 1
-0.307132 -0.0840662 560 -0.120654 0.0527198 7.2496 50.6444 -13 295 0 0 1
0.343932 -0.0910453 560 -0.0127453 -0.00364056 6.0027 48.2105 -13 296 0 0 1
-0.364496 -0.11552 560 -0.0441681 0.102931 11.9755 21.7393 -13 297 0 0 1
-0.0314269 -0.025062 560 0.00302979 0.0139328 12.1809 29.4392 -13 299 0 0 1
0.537612 -0.282045 560 -0.108695 -0.192185 3.05776 85.3559 -13 300 0 0 1
0.0533184 -0.287945 560 -0.0329349 0.00800717 8.21918 50.9244 -13 301 0 0 1
0.130283 0.231371 560 0.115701 -0.112193 7.5106 42.5621 -13 302 0 0 1
-0.0404198 0.124873 560 0.065048 0.0571522 11.658 30.443 -13 303 0 0 1
0.266263 -0.0114509 560 0.0805011 -0.0705249 7.65303 43.2293 -13 304 0 0 1
0.184014 -0.404393 560 0.0289132 0.0164613 0.0440563 43.1924 11 304 1001 0 1
-0.015414 -0.0405825 560 -0.0119892 -0.00212024 11.0887 28.4579 -13 305 0 0 1
-0.0883934 -0.00384492 560 -0.00132028 0.0490673 9.7074 36.2435 -13 306 0 0 1
0.594842 -0.779793 560 -0.242519 -0.236783 4.32289 55.6544 -13 307 0 0 1
1.66395 -3.12542 560 0.00352574 0.0203812 0.0272676 55.2892 11 307 1001 0 1
0.0672168 0.00290728 560 -0.013422 0.0282994 12.3837 22.9885 -13 308 0 0 1
0.0258816 0.139749 560 0.0250941 -0.138395 9.5408 41.287 -13 309 0 0 1
0.0874002 0.217977 560 0.0804819 -0.0201012 5.63877 44.4083 -13 310 0 0 1
-0.142445 0.134546 560 0.00628924 0.00221257 0.0079118 44.7299 11 310 1001 0 1
-0.0837685 -0.103104 560 -0.0531763 0.0109967 13.9794 31.7882 -13 311 0 0 1
-0.0137051 0.032885 560 0.00848139 0.00794354 12.1581 23.764 -13 312 0 0 1
-0.00448211 0.0151205 560 -0.0401072 0.00423326 13.0443 17.5187 -13 313 0 0 1
0.104453 -0.0440667 560 -0.0195045 -0.0177033 13.8141 16.4498 -13 314 0 0 1
-0.151366 -0.00824097 560 -0.00911172 0.0473111 11.6206 21.3504 -13 315 0 0 1
-0.155097 0.0667339 560 -0.0216105 0.034581 9.07479 28.7496 -13 316 0 0 1
-0.244301 0.437851 560 -0.0404268 0.0314751 2.08575 79.8196 -13 317 0 0 1
-0.263095 0.0284396 560 0.1309 0.0781867 6.08464 38.3562 -13 318 0 0 1
0.0406769 -0.106917 560 -0.0195787 -0.0262327 13.8106 20.6097 -13 320 0 0 1
-0.076962 -0.0385953 560 0.00688712 0.0757775 9.99345 25.8765 -13 321 0 0 1
0.070716 0.140646 560 0.0378212 -0.00297982 12.744 21.777 -13 322 0 0 1
0.0728266 -0.159085 560 0.0133879 -0.0514375 6.0863 40.0616 -13 323 0 0 1
0.204699 -0.182911 560 0.0160721 -0.0524999 11.4414 44.5893 -13 325 0 0 1
-0.0478184 0.0388838 560 0.0199251 0.0112774 10.7075 39.3337 -13 326 0 0 1
-0.0500973 -0.103061 560 -0.0471 0.00579051 12.4483 29.4708 -13 327 0 0 1
0.325344 -0.113904 560 -0.00537911 -0.238253 4.0864 67.1051 -13 328 0 0 1
0.107459 -0.191078 560 -0.0547512 -0.0413984 11.9786 39.2443 -13 329 0 0 1
-0.264022 0.35418 560 0.158165 -0.00334078 8.92543 30.7337 -13 330 0 0 1
-0.0196206 0.0844681 560 0.0797661 0.0347808 5.53345 36.5932 -13 331 0 0 1
0.0618324 0.349173 560 0.154421 0.356876 4.79238 46.1885 -13 332 0 0 1
0.0303472 0.0261656 560 -0.0382231 -0.0118913 9.85278 31.824 -13 333 0 0 1
-0.0984257 -0.0230728 560 0.0185545 0.0677687 12.8533 18.5284 -13 334 0 0 1
0.193256 0.176949 560 0.0180657 -0.0414184 14.25 35.5474 -13 335 0 0 1
0.0893041 -0.293845 560 -0.00334376 0.00624209 5.6942 48.6734 -13 336 0 0 1
-0.0411995 0.019048 560 -0.0197548 0.0387517 13.7329 33.3098 -13 337 0 0 1
-0.0181896 -0.123728 560 -0.0168322 0.0172332 9.65154 45.5235 -13 338 0 0 1
-0.230195 0.216146 560 0.0844804 0.128859 9.31728 50.3939 -13 339 0 0 1
-0.0722691 -0.056369 560 0.013204 0.0313175 12.457 43.9608 -13 341 0 0 1
2.09834 0.438462 560 -0.240057 0.0840886 0.443522 144.265 -13 343 0 0 1
0.068398 -0.0247433 560 -0.00846136 -0.0249699 13.2405 21.8321 -13 344 0 0 1
0.081407 -0.1705 560 0.15143 -0.0419952 9.63977 21.6472 -13 345 0 0 1
-7.16006 -2.36352 560 -0.0177991 0.04813 0.0334042 23.6405 11 345 1002 0 1
0.00709123 0.0292713 560 0.0153309 -0.00592801 13.4526 30.3598 -13 346 0 0 1
-0.138413 0.0405607 560 0.0365538 0.0236834 12.1101 31.4893 -13 347 0 0 1
0.0469966 0.113282 560 0.0597403 -0.0346279 13.7842 41.2452 -13 348 0 0 1
-0.239667 -0.200356 560 -0.0870826 0.146698 7.08328 42.422 -13 349 0 0 1
4.3108 -1.8759 560 0.0038812 0.00368474 0.0390391 36.3411 11 349 1001 0 1
-0.0211131 0.0124229 560 0.0389983 -0.0411599 7.74209 49.1365 -13 350 0 0 1
4.16048 -0.918555 560 -0.671009 -0.86622 4.29139 52.4681 -13 351 0 0 1
-0.161857 -0.088142 560 0.191789 -0.00644471 4.18381 58.0546 -13 352 0 0 1
0.171063 0.0734295 560 0.0845424 -0.0685452 10.8495 46.0038 -13 354 0 0 1
-1.42901 -0.368848 560 -0.0202595 0.172306 3.03809 77.8243 -13 355 0 0 1
0.190056 -0.252148 560 -0.0274486 -0.0901356 9.76879 48.5657 -13 356 0 0 1
-0.064594 0.267089 560 0.00284192 -0.0100157 10.627 46.38 -13 357 0 0 1
2.20026 1.1374 560 -0.0039371 -0.0219895 0.0645228 47.2535 11 357 1002 0 1
0.21834 0.126545 560 0.0268654 -0.0636241 10.9053 36.1216 -13 358 0 0 1
0.037454 0.00389269 560 0.0169411 0.000183537 11.7949 23.5049 -13 359 0 0 1
-0.00467307 0.0164945 560 0.0199219 0.00278918 13.5083 36.7305 -13 360 0 0 1
-0.0472298 -0.57722 560 -0.0746065 0.0297921 3.70956 56.4167 -13 361 0 0 1
0.0630161 0.00391604 560 0.0190499 -0.0341935 8.75318 24.0015 -13 362 0 0 1
0.0852 -0.0113188 560 0.0400263 -0.0372308 12.1672 45.177 -13 363 0 0 1
-0.266554 0.072031 560 -0.0231177 -0.0174315 0.0615547 45.2863 11 363 1001 0 1
-0.0648868 -0.0166922 560 0.00368651 0.0312276 14.4497 18.9979 -13 364 0 0 1
0.0602935 -0.00541287 560 0.00522836 0.00649204 11.8479 21.9865 -13 365 0 0 1
-0.0643685 -0.109433 560 -0.0385613 0.027454 7.88668 26.4624 -13 366 0 0 1
-0.274568 0.085889 560 -0.00747159 0.0933165 11.7128 42.0061 -13 367 0 0 1
0.169463 -0.211458 560 -0.0109253 -0.124728 5.99983 52.3499 -13 368 0 0 1
-0.0954842 -0.0767947 560 -0.0155495 -0.0269538 6.45106 34.7767 -13 370 0 0 1
0.070062 -0.0995251 560 -0.186881 -0.0472349 14.5225 31.8822 -13 371 0 0 1
-0.917722 2.91742 560 0.237759 -0.0111295 1.02411 122.088 -13 372 0 0 1
-0.246013 -0.183926 560 -0.0175058 0.102508 14.198 23.6042 -13 373 0 0 1
-0.261423 0.0170694 560 -0.146313 -0.0922561 4.98084 45.6071 -13 374 0 0 1
0.0335048 0.0645478 560 -0.00687029 0.00344571 13.3707 37.2779 -13 375 0 0 1
0.168444 -0.345753 560 -0.176297 -0.039945 6.61569 43.0622 -13 376 0 0 1
-0.00590264 -0.107939 560 -0.023325 -0.0271028 10.5219 29.4088 -13 377 0 0 1
-0.281134 -0.228716 560 -0.0509786 0.0144666 7.41363 30.1622 -13 379 0 0 1
-0.0758172 -0.0199882 560 -0.0643537 0.0371736 10.7133 24.2685 -13 380 0 0 1
0.0233552 0.141664 560 -0.0045084 -0.0407727 7.80008 38.3638 -13 381 0 0 1
0.135048 -0.0796666 560 -0.0274631 -0.0538149 13.3989 27.8588 -13 382 0 0 1
-0.111315 -0.0900385 560 -0.0196273 0.102427 14.1016 29.0622 -13 384 0 0 1
-0.0346946 0.0494523 560 0.00996788 -0.0286483 14.4617 23.4273 -13 386 0 0 1
-0.0559752 -0.0853754 560 -0.0218059 0.0159483 14.4316 32.0986 -13 387 0 0 1
0.0504732 0.0733312 560 -0.0232747 0.0252109 9.37938 45.3091 -13 388 0 0 1
-0.0599283 0.184006 560 0.025183 0.0395399 13.4421 33.8552 -13 389 0 0 1
-5.57399 0.480505 560 -0.0047445 0.0202605 0.0674067 35.3391 11 389 1001 0 1
-0.180673 -0.123263 560 -0.142712 0.0147079 10.3173 28.9509 -13 390 0 0 1
-0.121766 0.000279415 560 0.0415603 -0.0139186 8.67944 51.4769 -13 391 0 0 1
-0.0574014 -2.07837 560 -0.0277619 0.00301166 0.0263376 53.3273 11 391 1002 0 1
-0.0196436 -0.133142 560 -0.00400749 0.00331833 8.13418 52.0746 -13 392 0 0 1
-0.0541998 -0.0270505 560 0.00253837 -0.190052 3.91898 52.3736 -13 393 0 0 1
1.04409 1.72317 560 0.0167144 -0.358017 3.81971 59.2215 -13 394 0 0 1
0.347277 -0.390728 560 -0.0489859 -0.170531 14.1034 23.533 -13 395 0 0 1
0.185768 -0.208827 560 -0.0612414 -0.0426583 7.0751 44.4885 -13 396 0 0 1
0.0410135 -0.0136182 560 0.0312996 -0.00415289 14.4994 21.6448 -13 397 0 0 1
0.00486064 0.0448957 560 0.0101406 -0.00304867 13.3061 22.8051 -13 398 0 0 1
0.0966564 -0.0351379 560 -0.0319059 -0.0165946 12.6201 19.6761 -13 399 0 0 1
-0.0564651 -0.100355 560 -0.0709073 -0.0168533 11.6535 28.98 -13 400 0 0 1
-0.127572 0.0802881 560 -0.0170723 0.0294556 11.1774 31.5219 -13 401 0 0 1
0.290598 0.391607 560 0.0320359 -0.0780395 7.31324 29.0886 -13 402 0 0 1
-0.0713932 0.0666658 560 -0.0859721 0.0593548 5.72997 54.7788 -13 403 0 0 1
-0.00728863 0.0792211 560 0.017462 0.0311559 14.3939 22.7653 -13 404 0 0 1
-0.104697 0.105054 560 0.186078 0.0794982 12.7774 33.1862 -13 405 0 0 1
1.99309 -1.32526 560 0.0243757 -0.0560929 0.0716278 32.6345 11 405 1001 0 1
0.162558 -0.180278 560 -0.0399365 -0.0514095 7.12068 43.3774 -13 406 0 0 1
0.242551 0.464766 560 0.086963 0.0593773 4.75542 65.3315 -13 407 0 0 1
-0.0811681 0.0663085 560 -0.0224902 -0.0424352 10.8613 40.238 -13 408 0 0 1
1.49389 -5.24963 560 0.00877149 -0.0469284 0.0454257 40.7679 11 408 1001 0 1
-0.107922 -0.203632 560 -0.0180913 0.113202 12.2017 20.3256 -13 409 0 0 1
-0.108035 -0.314018 560 -0.00396384 0.0549972 7.18998 38.1203 -13 410 0 0 1
0.026889 -0.0598089 560 0.0747061 0.0341612 6.83133 34.4791 -13 411 0 0 1
0.0426775 0.119041 560 -0.0128973 -0.0754299 7.26815 32.3317 -13 412 0 0 1
-0.063423 0.239578 560 0.115378 0.0794883 5.60261 35.934 -13 413 0 0 1
-0.15189 -0.0640733 560 0.00283064 0.0228588 9.82273 27.2758 -13 414 0 0 1
-0.0935026 -0.123887 560 -0.0588248 0.0364009 8.28298 31.5265 -13 415 0 0 1
-0.172296 0.04605 560 0.0136795 0.0180854 12.6231 30.0894 -13 416 0 0 1
-0.202675 0.715128 560 0.232679 0.122091 6.45425 36.7027 -13 417 0 0 1
0.15515 -0.155924 560 -0.0474893 -0.120061 9.95458 46.7325 -13 418 0 0 1
-2.33523 0.38474 560 0.0491627 0.0026446 0.0578036 44.2675 11 418 1001 0 1
-0.0765287 0.184277 560 0.121362 0.146506 7.67592 40.0959 -13 419 0 0 1
0.123087 0.103897 560 0.0527499 -0.049499 12.4766 26.3775 -13 420 0 0 1
-0.065049 0.0626515 560 0.00656142 -0.0190374 13.2084 20.37 -13 421 0 0 1
-0.12812 0.477339 560 0.206267 0.0491994 7.03979 32.3857 -13 422 0 0 1
-1.04322 -1.15635 560 -0.0276694 0.00494343 0.0412489 32.3188 11 422 1001 0 1
0.267767 -0.104812 560 -0.00215634 -0.050769 9.32583 31.6883 -13 424 0 0 1
0.0456987 0.325869 560 0.171772 -0.0881599 5.10472 67.7202 -13 425 0 0 1
0.00202642 -0.0196381 560 -0.0760561 0.022838 5.00596 63.4332 -13 426 0 0 1
0.0522142 0.0722924 560 0.0184105 -0.000194226 10.8128 44.5956 -13 427 0 0 1
-0.118301 -0.00443157 560 -0.0138179 0.0207474 7.01417 36.8483 -13 428 0 0 1
-0.0194543 0.267795 560 -0.0972698 -0.0686571 7.78345 38.9016 -13 429 0 0 1
-0.129623 -0.080991 560 0.02203 0.0405351 9.94226 30.774 -13 430 0 0 1
-0.243171 0.042532 560 -0.0173989 0.0504259 10.8389 28.7414 -13 431 0 0 1
0.0703421 -0.178851 560 -0.0573561 -0.00674395 9.94834 38.5366 -13 432 0 0 1
0.0314542 -0.0145586 560 0.0199116 -0.0403791 11.0331 43.6639 -13 433 0 0 1
-0.0397199 0.0216245 560 -0.00740019 0.0253749 13.7018 26.3162 -13 434 0 0 1
-0.383801 -0.0712319 560 -0.0228994 0.0969273 11.385 32.854 -13 435 0 0 1
-0.257849 -0.109677 560 0.000996277 0.0379964 11.2169 24.9033 -13 436 0 0 1
-4.97277 0.457052 560 -0.0435743 -0.0223889 0.0213907 26.3958 11 436 1001 0 1
0.0450663 0.0380492 560 0.0089835 0.00400942 10.7081 30.3202 -13 437 0 0 1
0.027398 -0.0081925 560 0.0252056 -0.00984934 11.1285 34.7115 -13 438 0 0 1
-0.098822 -0.191775 560 -0.0756692 0.0113644 11.9484 45.632 -13 439 0 0 1
-0.0361462 0.0437234 560 0.0716144 0.0320949 8.85353 43.8229 -13 440 0 0 1
-0.0935247 0.0245628 560 -0.0367972 -0.0416776 11.3909 32.0308 -13 441 0 0 1
-0.122152 0.0156935 560 0.129232 0.0177727 3.9077 50.7253 -13 442 0 0 1
0.0529313 -0.115002 560 0.036471 -0.0455689 7.57596 52.1602 -13 443 0 0 1
0.0268852 0.051517 560 0.0258721 0.0585405 11.3869 28.7017 -13 444 0 0 1
0.250286 -0.271713 560 -0.0934161 -0.0817727 7.9665 50.98 -13 445 0 0 1
0.276326 -0.456033 560 0.020786 0.0207435 0.0482236 50.9552 11 445 1001 0 1
0.0264613 -0.0622614 560 -0.012483 -0.0364766 13.3979 42.0435 -13 446 0 0 1
0.0214172 -0.0248933 560 0.00818007 0.013109 11.5794 29.7065 -13 447 0 0 1
0.243204 -0.0130144 560 0.0380255 -0.0869672 9.80568 24.2967 -13 448 0 0 1
0.139781 -0.136222 560 -0.075915 -0.0138422 8.16463 29.3926 -13 449 0 0 1
0.104919 -0.0709474 560 0.0154822 -1.89959e-05 12.3418 45.806 -13 450 0 0 1
0.0185789 0.220724 560 0.00275604 0.00249738 7.85247 46.2083 -13 451 0 0 1
0.19096 0.176885 560 0.100599 -0.0738132 11.8618 43.7064 -13 452 0 0 1
0.0811795 -0.0668707 560 -0.0164448 -0.0436598 12.9756 43.636 -13 453 0 0 1
-0.0279519 0.0517916 560 0.0345433 -0.0148993 9.55887 30.5153 -13 454 0 0 1
0.0135322 0.0560814 560 0.025423 0.0336747 13.9942 18.5505 -13 456 0 0 1
-0.209183 -0.127658 560 -0.0522466 0.0530625 9.44621 23.1176 -13 457 0 0 1
-0.212781 0.192915 560 0.050741 0.0549798 11.5965 44.3112 -13 458 0 0 1
-0.0927904 -0.0266485 560 -0.0170827 0.0193031 7.98389 34.0198 -13 459 0 0 1
0.0980018 -0.0194104 560 -0.0136243 -0.0279125 10.5738 22.3619 -13 460 0 0 1
-0.0834533 0.0197616 560 0.0149352 -0.00499586 13.4483 41.2392 -13 461 0 0 1
0.262878 -0.0176887 560 -0.0112403 -0.0848938 13.6774 41.1903 -13 462 0 0 1
-0.00156057 0.025976 560 0.0161973 0.0297647 7.68929 38.4473 -13 463 0 0 1
0.897542 -0.0413419 560 -0.058714 -0.322019 3.77417 77.5653 -13 464 0 0 1
0.165221 -0.0848629 560 -0.0399508 -0.0755819 9.88828 26.1645 -13 465 0 0 1
-0.126454 -0.0430043 560 -0.0444551 0.0137439 7.38886 28.985 -13 466 0 0 1
-0.0514844 -0.187804 560 -0.0550818 -0.024452 14.0416 17.909 -13 467 0 0 1
-3.05064 -2.70182 560 -0.0438361 0.0313136 0.0405621 21.4113 11 467 1001 0 1
-0.0558301 0.0676713 560 0.0323632 0.0223786 8.8073 33.4776 -13 468 0 0 1
0.0848927 -0.182457 560 -0.0282131 -0.0132382 4.82185 57.8806 -13 469 0 0 1
-0.12933 0.105144 560 0.101436 0.120351 6.38405 33.8539 -13 470 0 0 1
-2.40991 -12.6403 560 0.0202725 -0.0148058 0.0287668 31.0736 11 470 1001 0 1
0.0659085 0.0191653 560 0.00443344 -0.00356557 9.95847 40.6785 -13 472 0 0 1
0.950307 -1.03845 560 -0.00163082 -0.0245174 0.086021 38.051 11 472 1001 0 1
-0.129675 0.114856 560 0.205013 0.00575886 5.36187 38.7277 -13 473 0 0 1
-0.0972431 0.221675 560 0.148507 -0.0714727 8.24241 39.8275 -13 474 0 0 1
0.0784617 -0.0134895 560 -0.0124597 -0.0219504 11.7908 27.7054 -13 475 0 0 1
0.190149 -0.0811449 560 -0.0434902 -0.0913285 7.8426 26.842 -13 476 0 0 1
0.0346072 0.0477382 560 -0.0185931 0.00537725 9.49473 37.5794 -13 477 0 0 1
0.172786 -0.102164 560 0.0225553 -0.126066 9.74846 23.8434 -13 478 0 0 1
-0.562717 0.27133 560 0.0453313 0.103993 5.36722 39.8014 -13 479 0 0 1
-0.0334225 -0.182172 560 -0.0613138 0.053282 10.7045 36.2296 -13 480 0 0 1
-0.0701711 0.118825 560 0.119031 -0.0847256 8.9726 37.0473 -13 481 0 0 1
-0.101613 -0.0399302 560 -0.00122448 0.109701 6.53084 59.7829 -13 482 0 0 1
-0.0018975 -0.0282404 560 -0.00453669 -0.00167285 14.0429 43.8242 -13 483 0 0 1
0.031094 0.117388 560 0.0812604 0.020938 7.46925 41.0956 -13 484 0 0 1
0.0874823 -0.134398 560 -0.0423928 -0.0525525 11.3469 21.654 -13 485 0 0 1
-0.0961036 0.0853149 560 0.0919352 0.0203931 7.32602 35.3176 -13 486 0 0 1
0.119388 0.00346359 560 -0.00802167 -0.0580815 13.0192 33.9667 -13 487 0 0 1
-0.387122 -0.259578 560 -0.0616224 0.316856 5.33127 57.7368 -13 488 0 0 1
-0.0361441 0.0364576 560 -0.033449 -0.0395991 13.8898 19.668 -13 489 0 0 1
-0.603421 -0.294514 560 -0.103701 -0.0633377 3.75617 54.4839 -13 490 0 0 1
0.031157 0.0631384 560 0.029467 -0.0760335 7.51839 51.4828 -13 491 0 0 1
1.08263 -0.622563 560 -0.0231818 -0.00890594 0.0603338 51.1948 11 491 1001 0 1
-0.108522 -0.011648 560 -0.0143759 0.0329883 13.9335 19.0226 -13 492 0 0 1
-0.0690229 -0.0995647 560 -0.0266227 -0.00634935 12.4292 41.3538 -13 493 0 0 1
-0.12582 -0.161352 560 -0.0429536 0.0380619 12.9635 39.4204 -13 494 0 0 1
-0.0308365 0.151006 560 0.0368632 0.0412844 14.4494 15.7024 -13 495 0 0 1
-0.0364992 0.0188523 560 0.066307 0.0403291 10.7252 26.1198 -13 496 0 0 1
-0.194449 0.0930112 560 0.00742921 0.0464992 14.056 15.7636 -13 497 0 0 1
0.166669 0.0341542 560 -0.00602038 -0.0491898 13.5493 31.5926 -13 498 0 0 1
0.47007 -0.304777 560 0.00673955 0.0036022 0.131752 25.4302 11 498 1002 0 1
-0.243864 -0.226715 560 -0.0601589 0.106165 11.9481 32.8986 -13 499 0 0 1
0.152002 0.245533 560 0.0649939 -0.0442614 12.6655 29.557 -13 500 0 0 1
0.0351837 0.0966284 560 0.0367482 -0.00344971 10.8838 29.0136 -13 501 0 0 1
-0.0429401 -0.0834953 560 -0.0169604 -0.0234183 14.4324 19.5477 -13 502 0 0 1
0.128018 -0.157662 560 -0.0278283 -0.025987 10.2336 25.7499 -13 503 0 0 1
-0.022368 0.054879 560 0.016076 -0.00736285 11.1762 35.2421 -13 504 0 0 1
-2.85443 0.256196 560 0.104515 0.635106 3.34913 70.9176 -13 505 0 0 1
-0.150916 -0.136228 560 0.0273979 0.0550506 8.66813 31.3578 -13 506 0 0 1
0.0894625 -0.0652752 560 -0.00209795 -0.0458718 12.4599 28.3322 -13 507 0 0 1
-0.0125797 0.0716199 560 0.0422557 0.00104749 11.4288 43.4559 -13 508 0 0 1
0.108185 0.153808 560 0.0355632 -0.00822318 8.18219 45.2241 -13 509 0 0 1
-0.406587 0.154571 560 0.229522 0.107083 10.535 29.3199 -13 510 0 0 1
0.583681 3.0765 560 -0.0221452 0.0240833 0.0113248 32.0757 11 510 1002 0 1
0.02252 -0.00512025 560 -0.0245444 0.0123151 10.44 22.676 -13 511 0 0 1
-0.0642928 -0.0198997 560 -0.0239944 0.00333842 12.8887 33.9031 -13 512 0 0 1
0.085574 0.0929548 560 -0.0216816 -0.0323184 13.3299 16.1976 -13 513 0 0 1
-0.107014 -0.383003 560 -0.129836 0.0353263 7.9479 31.0699 -13 514 0 0 1
-0.0400284 0.0545953 560 -0.00765475 0.0385249 10.2341 43.6911 -13 515 0 0 1
0.0734608 0.0648468 560 -0.0299974 -0.0967574 3.83952 58.6825 -13 516 0 0 1
0.0262822 0.270637 560 0.0404304 0.0749888 8.19075 27.7086 -13 517 0 0 1
-0.169703 -0.200595 560 0.275518 0.233727 12.3636 21.7208 -13 518 0 0 1
0.253608 -0.221409 560 -0.00324632 -0.0970746 11.6647 36.3345 -13 519 0 0 1
-0.0798648 -0.0629651 560 -0.0471178 0.022559 11.6375 34.7847 -13 520 0 0 1
0.0175634 -0.0115947 560 0.0168674 -0.00278926 12.9489 27.3822 -13 522 0 0 1
0.0235463 0.0170228 560 0.010175 0.000534379 13.5827 31.2053 -13 523 0 0 1
0.441608 0.487573 560 0.323325 0.00591962 3.73171 76.076 -13 524 0 0 1
0.0803847 0.14767 560 0.0587145 0.0348713 9.70957 28.1356 -13 525 0 0 1
-0.0128573 -0.13704 560 0.0208549 -0.035573 11.6999 37.2348 -13 526 0 0 1
-0.609467 0.174184 560 0.119186 0.164722 2.91485 88.6835 -13 527 0 0 1
0.0454251 -0.0487983 560 -0.0176768 -0.0465964 12.4914 32.5164 -13 528 0 0 1
-0.00145684 -0.0052942 560 -0.0423087 -0.0148222 11.2734 41.0201 -13 529 0 0 1
-0.127387 -0.00487158 560 0.0152506 0.0389322 8.30527 46.9739 -13 530 0 0 1
-0.0874697 0.0368401 560 -0.00610838 0.059584 12.9527 29.5882 -13 531 0 0 1
-0.41756 0.193996 560 -0.160131 0.26311 13.7292 44.0378 -13 532 0 0 1
-1.56695 0.0751242 560 -0.0148945 0.044148 0.109645 41.6155 11 532 1001 0 1
0.124486 0.117875 560 0.00628053 -0.214388 9.06333 45.4055 -13 533 0 0 1
-0.117726 0.140615 560 0.0741807 0.0345731 9.15617 45.5101 -13 534 0 0 1
-0.0967475 0.0919057 560 0.025569 -0.00527915 9.84615 23.3746 -13 535 0 0 1
0.0863191 0.113863 560 0.0490981 -0.0349173 13.0358 24.9374 -13 536 0 0 1
1.22661 -0.437825 560 -0.433927 -0.200502 4.29712 58.632 -13 537 0 0 1
0.0851565 0.0683593 560 0.0129994 -0.0312934 14.4701 32.4924 -13 538 0 0 1
-0.169935 0.0914735 560 0.0384866 0.12854 11.2783 23.8536 -13 539 0 0 1
2.60067 -3.06815 560 0.00747734 -0.0255941 0.0622181 24.3938 11 539 1002 0 1
-0.0825654 -0.0577072 560 -0.030531 0.0627053 11.2447 43.7237 -13 540 0 0 1
-0.010306 -0.00327449 560 0.010216 -0.00890656 7.33853 49.1287 -13 541 0 0 1
-0.0650979 -0.0196712 560 -0.042504 -0.110593 12.7881 19.8024 -13 542 0 0 1
-0.795013 -0.178696 560 -0.0259699 0.0063705 0.0216545 29.8179 11 542 1001 0 1
-0.0717041 0.100955 560 0.0462131 0.107234 8.52065 36.4136 -13 543 0 0 1
0.159013 -0.270577 560 -0.0460235 -0.0296268 13.7302 42.8929 -13 544 0 0 1
-0.168784 0.186357 560 0.0422522 0.167465 4.82515 66.2473 -13 545 0 0 1
-3.24465 -5.94462 560 -0.00334217 0.0163095 0.0288975 65.1241 11 545 1001 0 1
0.269537 -0.0407771 560 0.0173549 -0.065691 6.66038 49.7891 -13 546 0 0 1
-0.00521128 0.0268961 560 -0.00724352 -0.00405233 10.6619 38.6513 -13 547 0 0 1
-0.162642 -0.0601233 560 -0.0144123 0.0176421 9.85453 39.7079 -13 548 0 0 1
0.175771 0.0453583 560 0.00187609 -0.0061112 9.61865 46.7216 -13 549 0 0 1
-0.191416 0.0946618 560 -0.0832599 0.0752119 8.58378 40.0653 -13 550 0 0 1
-0.075162 0.131116 560 0.0266699 -0.0341945 10.5803 24.9932 -13 551 0 0 1
0.0727138 0.0104342 560 -0.0115887 -0.0751135 11.3195 28.1135 -13 552 0 0 1
-0.219447 0.114531 560 0.112351 0.086713 7.90024 37.2287 -13 553 0 0 1
-0.189461 -0.271095 560 -0.106009 -0.113073 4.81411 41.3287 -13 554 0 0 1
0.0440854 -0.128995 560 -0.0657305 0.0611537 7.95832 52.7009 -13 555 0 0 1
0.176722 -0.189169 560 -0.0257949 -0.0339314 6.00214 53.4143 -13 556 0 0 1
3.01523 1.16986 560 0.00738263 -0.00383139 0.0435711 51.8554 11 556 1002 0 1
-0.109084 0.0412255 560 0.00531769 0.0496422 13.5665 21.6007 -13 557 0 0 1
-0.157966 -0.0361311 560 -0.0068671 0.0304824 10.9317 46.8443 -13 559 0 0 1
-0.0198335 -0.0137616 560 -0.0286266 -0.0154019 13.6012 15.8546 -13 560 0 0 1
0.293379 0.0575968 560 -0.0416923 -0.0668934 5.16001 64.6955 -13 561 0 0 1
0.0918655 -0.0571054 560 0.00258169 -0.0736136 11.0428 22.0727 -13 562 0 0 1
-0.0958843 -0.167403 560 -0.0376387 0.0291926 12.1074 32.205 -13 563 0 0 1
0.210836 -0.186496 560 -0.0466238 -0.0482519 10.5599 47.4169 -13 564 0 0 1
-0.0362172 0.0308916 560 -0.0306925 0.00587087 14.2236 19.8428 -13 565 0 0 1
0.210517 -0.0967257 560 -0.0447995 -0.0499911 9.41863 33.3106 -13 566 0 0 1
0.134059 0.0220505 560 0.019444 -0.0328414 10.5676 30.8006 -13 567 0 0 1
-1.34604 -0.391137 560 -0.161852 0.370627 11.8511 43.2237 -13 568 0 0 1
0.0309992 -0.0562943 560 -0.0446285 -0.00556607 13.5435 26.3292 -13 569 0 0 1
-0.203728 0.113048 560 0.0461079 0.0676693 11.0934 44.0779 -13 570 0 0 1
0.0197414 0.0415619 560 0.0283515 -0.0296813 12.6386 29.6215 -13 571 0 0 1
-0.0232098 0.136681 560 0.0254586 0.0462928 9.8338 32.8294 -13 572 0 0 1
0.0564194 0.0756042 560 0.0116986 0.0175912 0.0262372 33.7267 11 572 1001 0 1
-0.0433225 -0.0331958 560 -0.0219721 0.0255623 6.57069 43.1984 -13 573 0 0 1
-0.0677042 -0.0522002 560 -0.0158168 0.0095225 13.7364 23.6481 -13 574 0 0 1
0.117076 0.0634127 560 -0.0222213 -0.0251434 7.03649 46.9729 -13 575 0 0 1
0.0421066 0.16716 560 0.0783678 -0.00851937 10.6029 38.1979 -13 576 0 0 1
0.0588016 -0.0472297 560 -0.0297382 0.00771873 13.3905 17.9426 -13 577 0 0 1
0.0589699 -0.373364 560 0.000251903 0.199393 8.37039 35.2648 -13 578 0 0 1
-2.04746 1.82165 560 -0.0106802 -0.0360791 0.0296972 35.8151 11 578 1001 0 1
0.172679 0.0678087 560 -0.00179592 -0.0650967 13.9498 30.7545 -13 579 0 0 1
0.0185035 -0.0083196 560 -0.00029025 0.012458 12.7541 23.8485 -13 580 0 0 1
-0.111262 0.0264525 560 0.0174624 0.0508548 11.0715 46.3141 -13 581 0 0 1
0.188428 0.118845 560 0.043248 -0.0374776 8.89883 35.0661 -13 582 0 0 1
-0.108051 0.122736 560 0.0762624 0.0145314 7.69702 33.0814 -13 583 0 0 1
0.0181437 -0.0866828 560 -0.0546056 -0.0139366 13.9749 41.1168 -13 584 0 0 1
-0.00204811 0.134283 560 0.0498616 -0.00177735 11.2217 26.1573 -13 585 0 0 1
-0.10036 -0.00921578 560 -0.0396715 0.0167618 9.36634 46.4472 -13 586 0 0 1
-0.059264 -0.0184693 560 0.0101265 0.0103718 13.7606 34.2558 -13 587 0 0 1
0.0689899 -0.0152147 560 -0.0516713 -0.00501651 9.58782 30.7406 -13 588 0 0 1
-0.0275601 -0.094319 560 -0.0279217 0.0262035 13.2537 27.73 -13 589 0 0 1
0.397168 0.20299 560 -0.0577715 -0.268739 9.14926 33.9257 -13 591 0 0 1
0.116571 0.145557 560 0.113621 -0.0679008 8.24698 36.9577 -13 592 0 0 1
0.957622 2.31343 560 -0.0184684 -0.0124772 0.0531948 36.366 11 592 1001 0 1
-0.122247 -0.272556 560 -0.0152992 0.0553659 5.80441 61.2359 -13 593 0 0 1
-0.0837437 -0.0263757 560 -0.0373774 0.016 10.7371 48.1142 -13 594 0 0 1
-0.0772668 0.113431 560 0.101008 0.0232998 9.99498 34.8367 -13 595 0 0 1
-1.39149 -0.707824 560 0.0490079 -0.00897407 0.0394424 34.9235 11 595 1001 0 1
0.034507 0.28856 560 0.0520681 0.0137685 8.11576 41.5581 -13 596 0 0 1
0.129911 -0.0700339 560 0.0402983 -0.00729878 10.4133 31.2363 -13 597 0 0 1
0.0691981 0.0565477 560 -0.03416 -0.0167538 5.83324 41.0414 -13 599 0 0 1
-0.0570937 0.0456268 560 0.0572666 0.0579951 12.5496 34.2242 -13 601 0 0 1
-0.0259117 -0.103313 560 -0.0343127 0.023128 6.87257 50.8759 -13 602 0 0 1
-0.13654 -0.0362237 560 -0.0817874 0.0333069 9.21615 44.1794 -13 603 0 0 1
-7.55673 3.96225 560 0.0181818 -0.0165819 0.0709074 38.1749 11 603 1002 0 1
0.0543393 0.0790746 560 0.0284466 0.0956831 7.48446 39.5039 -13 604 0 0 1
-0.312712 -0.0565284 560 -0.00857636 -0.00979114 0.0667089 38.1888 11 604 1001 0 1
-1.11064 1.64967 560 0.0512391 0.0260014 -0.0194683 46.7126 11 604 1001 0 1
-3.17712 8.08306 560 -0.0181508 0.0144779 0.0423054 55.4063 11 604 1001 0 1
0.123245 -0.251792 560 -0.155564 0.0682481 4.65862 49.0153 -13 605 0 0 1
0.070402 0.0630492 560 -0.043667 -0.0478869 12.3518 32.8581 -13 606 0 0 1
-0.0678525 0.19549 560 -0.0286612 0.051966 0.0907988 30.0848 11 606 1001 0 1
0.0491368 -0.0590362 560 0.00918237 -0.0163711 11.8768 22.7974 -13 607 0 0 1
-0.254569 0.059619 560 0.0516869 0.0702836 12.9201 30.5687 -13 608 0 0 1
-0.0462809 0.00928813 560 -0.0104161 0.0415265 11.8673 21.9842 -13 609 0 0 1
0.043037 0.0590949 560 0.0255953 -0.0113735 8.80097 30.0962 -13 610 0 0 1
0.0465448 -0.0494924 560 -0.0322613 0.00396311 10.3237 24.4975 -13 611 0 0 1
0.0361877 0.124407 560 0.053704 -0.0515014 7.8392 37.422 -13 612 0 0 1
0.0355182 0.00697723 560 0.00192182 -0.0366716 12.4685 30.7679 -13 613 0 0 1
0.154513 0.0868343 560 0.023937 -0.100668 12.1265 19.0406 -13 614 0 0 1
0.139092 0.578611 560 0.00468321 0.00876669 3.73278 68.6872 -13 615 0 0 1
0.57066 0.314211 560 -0.181525 -0.0975515 3.83389 74.5219 -13 616 0 0 1
-0.261544 -0.321626 560 -0.0791201 0.128587 10.7788 35.6875 -13 617 0 0 1
0.00482403 0.074403 560 -0.0225699 -0.0245481 8.08993 44.5194 -13 618 0 0 1
0.587795 -0.537932 560 -0.221412 -0.014674 4.78704 62.2878 -13 619 0 0 1
-0.0885867 -0.0769352 560 -0.0429817 -0.00175673 12.3573 36.0427 -13 620 0 0 1
-0.121954 -0.206552 560 -0.119224 -0.182787 5.12313 40.5737 -13 621 0 0 1
0.0889967 0.0343701 560 0.0219271 -0.0236921 11.1511 46.1761 -13 622 0 0 1
0.0379822 0.139866 560 0.0152229 0.0360979 9.70973 34.947 -13 623 0 0 1
0.1261 -0.0143897 560 -0.000931955 -0.0373391 14.1756 15.6478 -13 624 0 0 1
0.106021 0.00287694 560 0.034075 0.0194066 9.12663 37.9457 -13 625 0 0 1
0.0609479 -0.166092 560 -0.0724375 0.0259641 6.0386 41.0316 -13 626 0 0 1
-1.77936 -1.10484 560 0.0246407 0.00532673 0.0248082 41.2672 11 626 1002 0 1
-0.15502 -0.0434607 560 -0.0074757 0.0172463 9.33301 39.1307 -13 627 0 0 1
0.438082 -2.65186 560 0.0332708 -0.0327852 0.0557881 36.9403 11 627 1001 0 1
0.223954 -0.0411551 560 -0.123587 -0.171341 2.37553 84.3234 -13 628 0 0 1
0.00757997 0.157618 560 0.0258489 0.0231114 10.4444 25.5572 -13 629 0 0 1
-0.0799873 0.0241066 560 0.0134374 0.0375645 11.7802 44.715 -13 630 0 0 1
-0.224647 0.171141 560 0.075607 0.0714903 8.85664 50.3367 -13 631 0 0 1
-0.0244334 0.0250926 560 -0.0114884 0.0183389 14.0669 26.7522 -13 632 0 0 1
0.0240402 -0.00490758 560 -0.0226975 0.00648983 8.32904 32.4077 -13 633 0 0 1
0.140879 -0.0625491 560 -0.117936 -0.18313 4.74262 43.7141 -13 634 0 0 1
0.188361 -0.117185 560 -0.00214886 -0.0580114 8.04905 42.2381 -13 635 0 0 1
-0.0706228 0.255954 560 0.080331 0.0377847 14.0966 21.7726 -13 636 0 0 1
6.41421 -1.69714 560 0.00193006 -0.0411373 0.0323275 29.5318 11 636 1001 0 1
-0.263763 0.0936586 560 0.0567469 0.0129863 7.93797 47.0145 -13 637 0 0 1
0.800718 -4.64632 560 0.00665374 0.00655967 0.0394928 48.0719 11 637 1001 0 1
-0.11483 -0.144948 560 -0.0906087 -0.0277659 12.6959 31.8852 -13 638 0 0 1
0.184215 -0.157903 560 -0.216029 0.0313495 13.9924 20.0544 -13 639 0 0 1
-0.0967204 -0.0347207 560 -0.0240316 0.0273025 10.8731 19.7396 -13 640 0 0 1
-0.0965101 -0.22192 560 -0.221187 0.0909557 4.42701 54.0154 -13 641 0 0 1
-0.0251853 -0.0245828 560 0.0518329 0.183036 7.16892 50.902 -13 642 0 0 1
0.0383897 0.0268494 560 0.0168548 -0.0133771 11.064 18.9673 -13 643 0 0 1
-0.050092 -0.0353273 560 0.0342274 0.0444067 13.735 33.3272 -13 644 0 0 1
0.0837738 -0.0221221 560 -0.00472476 -0.0114675 9.66854 23.0851 -13 645 0 0 1
-0.0615436 -0.095143 560 -0.0289409 0.0175134 13.7527 31.7912 -13 646 0 0 1
0.313099 -0.231031 560 -0.0108228 -0.193341 5.92767 60.3912 -13 647 0 0 1
-4.71264 3.03386 560 -0.00792464 0.00260454 0.0440779 56.3646 11 647 1006 0 1
0.276895 0.289388 560 0.047185 -0.00861821 3.9503 60.8708 -13 648 0 0 1
0.0861591 0.106779 560 0.119974 0.0486236 6.28653 41.9719 -13 649 0 0 1
-0.11115 -0.0352056 560 0.0170011 0.0437427 13.5333 19.1875 -13 650 0 0 1
-0.33659 0.634418 560 0.0512181 0.182271 10.0803 33.0304 -13 651 0 0 1
0.0584902 0.073877 560 0.0669752 0.0653053 10.4546 45.3894 -13 652 0 0 1
0.0561784 -0.0605735 560 -0.00148861 -0.0363259 11.9475 34.569 -13 653 0 0 1
-0.0716088 0.0777011 560 -0.00358758 0.0541361 12.2825 28.8724 -13 654 0 0 1
0.0184976 -0.00691762 560 0.03504 0.0153953 14.3586 36.4465 -13 655 0 0 1
-0.0407231 0.127873 560 0.0286218 0.0139569 9.58128 37.1951 -13 656 0 0 1
-0.317887 -0.0851449 560 0.00586457 0.0673625 7.9743 47.0372 -13 657 0 0 1
0.263203 0.367801 560 0.164205 -0.139249 4.93 55.966 -13 658 0 0 1
-0.0747159 -0.0282107 560 0.0184662 -0.0235667 14.4531 27.988 -13 659 0 0 1
0.805543 0.341191 560 0.0960771 -0.2412 11.6779 39.7703 -13 660 0 0 1
-0.0553862 0.163545 560 0.012971 0.0898313 10.621 35.0291 -13 661 0 0 1
-0.0195818 -0.0618125 560 0.00266153 -0.0183894 12.1259 28.142 -13 662 0 0 1
-0.0838193 0.00430417 560 -0.040581 0.0459474 9.5351 50.3264 -13 663 0 0 1
-0.305901 0.489911 560 0.199204 -0.0456488 8.17223 53.638 -13 664 0 0 1
-0.0275537 0.0292413 560 0.0114092 -0.0128718 11.3379 19.8543 -13 665 0 0 1
0.109304 0.0399521 560 -0.00389369 -0.0169798 11.7812 31.8463 -13 666 0 0 1
-0.0491916 0.0529288 560 -0.00591583 0.00131252 13.0862 28.3774 -13 667 0 0 1
1.28046 0.691514 560 0.948361 0.267711 6.56357 40.4932 -13 668 0 0 1
-0.063202 0.049786 560 0.0557407 -0.00756954 9.58333 38.8532 -13 669 0 0 1
0.00352547 0.0565622 560 -0.0506686 -0.0166689 13.5702 32.2298 -13 670 0 0 1
0.0372145 0.0605789 560 0.0273417 -0.0211596 13.1388 35.1986 -13 671 0 0 1
0.0728209 -0.08418 560 -0.101814 0.0258542 3.73339 64.4343 -13 673 0 0 1
-0.0736097 0.0555903 560 0.0183351 -0.0444205 12.542 45.4923 -13 674 0 0 1
-0.425797 -1.76193 560 -0.620746 -0.196536 7.1238 35.9238 -13 675 0 0 1
0.0366165 -0.046973 560 -0.0776225 0.00645121 12.8977 41.8281 -13 676 0 0 1
-0.0302124 -0.0717649 560 -0.0132573 -0.0303209 11.8219 23.9327 -13 677 0 0 1
-0.0676869 -0.0613417 560 -0.0196328 -0.0396617 9.3617 37.1976 -13 678 0 0 1
0.427573 -0.152326 560 -0.0868415 -0.107815 8.09177 37.501 -13 679 0 0 1
-0.0447652 0.138054 560 0.019921 -0.0430787 9.23556 40.3635 -13 680 0 0 1
0.0134991 -0.0394476 560 -0.0163593 -0.0448717 14.0662 17.2612 -13 681 0 0 1
-0.00910592 0.108498 560 0.0254778 0.00800231 13.2434 16.4758 -13 682 0 0 1
0.1092 -0.0895944 560 -0.0650934 -0.0158965 12.9986 40.5871 -13 683 0 0 1
0.335554 0.793811 560 0.296942 0.233433 8.61822 39.7959 -13 684 0 0 1
-0.167989 0.119697 560 0.0197928 0.0823096 8.00956 32.3682 -13 685 0 0 1
-0.0349665 0.159734 560 0.0406672 -0.00935976 11.5668 44.6056 -13 686 0 0 1
-0.125764 0.234818 560 0.0661529 0.143327 9.00838 28.8533 -13 687 0 0 1
0.143532 0.0157112 560 -0.0367181 -0.0188429 12.8412 38.7779 -13 688 0 0 1
0.626369 0.1684 560 -0.180259 -0.192145 9.80009 43.0424 -13 689 0 0 1
4.36266 1.27757 560 -0.0263076 0.0147717 0.0634048 40.2692 11 689 1002 0 1
-0.0643757 0.187331 560 0.319163 -0.0137487 5.1682 57.4014 -13 690 0 0 1
-0.0591097 -0.103919 560 -0.0732462 0.0743245 12.2883 33.5474 -13 691 0 0 1
-0.085497 -0.0151399 560 -0.018149 0.0398511 7.41573 28.6614 -13 692 0 0 1
-0.0582655 0.0312755 560 0.0244767 0.0366332 12.7698 36.7533 -13 693 0 0 1
0.238259 0.0328334 560 0.0194343 0.0596461 3.74414 60.6016 -13 694 0 0 1
0.00321367 0.313545 560 -0.00409028 0.000506916 0.0340365 60.2745 11 694 1001 0 1
-0.19846 -0.0985984 560 -0.0731894 0.0257897 7.32232 38.2105 -13 695 0 0 1
-0.265014 0.183925 560 -0.028421 0.0937114 6.60469 43.713 -13 696 0 0 1
0.0948964 -0.113433 560 -0.0116531 -0.031186 10.0074 38.628 -13 697 0 0 1
0.0721268 -0.252405 560 -0.116419 0.0241765 8.71207 30.8764 -13 698 0 0 1
-0.0407003 -0.014329 560 -0.0200032 0.0277355 13.3424 38.9865 -13 699 0 0 1
0.441019 -1.84438 560 -0.590417 -0.243185 8.76882 33.3849 -13 700 0 0 1
0.0861337 -0.0589992 560 -0.0231079 -0.038973 9.063 24.3933 -13 701 0 0 1
0.0248462 0.131982 560 0.0368442 0.0260452 12.2947 41.8528 -13 702 0 0 1
0.113419 -0.017834 560 0.0001458 -0.0271845 12.0618 39.0461 -13 703 0 0 1
0.0894241 0.153847 560 0.0493244 -0.000241768 9.40365 30.1475 -13 704 0 0 1
0.0596238 -0.0349721 560 -0.0410266 -0.0537489 10.0864 26.621 -13 705 0 0 1
-0.255135 0.141489 560 0.0327653 0.0394418 9.57609 36.5411 -13 706 0 0 1
0.0116871 0.0188711 560 -0.0146654 -0.0182314 13.8681 16.1171 -13 707 0 0 1
-0.0516943 0.100433 560 -0.00680172 0.038046 10.5397 37.2452 -13 708 0 0 1
0.153138 0.211576 560 0.0827068 -0.0918632 3.41099 66.7825 -13 709 0 0 1
-0.634551 0.176528 560 0.0483443 0.0944723 7.92081 45.0774 -13 710 0 0 1
-1.4586 0.56312 560 -0.0256207 -0.0196322 0.00787683 46.0132 11 710 1001 0 1
-0.133133 0.017566 560 -0.0311803 -0.0209871 14.1584 16.0796 -13 711 0 0 1
0.106057 -0.0341082 560 0.00043717 0.000230826 11.6046 37.1836 -13 712 0 0 1
0.0378765 -0.256041 560 -0.0289275 -0.0115127 6.39005 53.1153 -13 713 0 0 1
-7.19465e-05 -0.0550258 560 0.0130743 0.0155922 14.0422 35.6758 -13 714 0 0 1
-0.0838166 -0.0893196 560 -0.0282106 0.0436863 12.3683 45.7627 -13 715 0 0 1
0.0689761 0.0195944 560 -0.072366 -0.0159832 13.1185 36.1285 -13 716 0 0 1
0.0483103 -0.047396 560 -0.0247423 -0.0055338 10.5922 34.3875 -13 717 0 0 1
0.0600983 -0.0447875 560 -0.0215243 -0.0458567 8.66881 31.1425 -13 718 0 0 1
0.024532 0.084961 560 0.0441896 -0.110484 10.6337 27.6367 -13 719 0 0 1
-0.1374 0.00938578 560 -0.0494753 0.0553575 11.2723 46.5554 -13 720 0 0 1
-0.567213 0.279015 560 0.0279076 0.212304 9.66778 46.5747 -13 721 0 0 1
-0.0473864 -0.00672534 560 -0.160012 -0.0865955 5.20954 48.474 -13 722 0 0 1
0.0832594 -0.0567639 560 0.0253324 -0.00958945 8.55872 26.9324 -13 723 0 0 1
0.188349 -0.104879 560 0.0284783 -0.0884768 4.8473 62.2396 -13 724 0 0 1
-0.0227307 -0.0588133 560 -0.0058072 -0.00486619 9.59895 32.775 -13 725 0 0 1
0.0252126 0.0725602 560 0.0556679 0.00797413 13.6095 30.4118 -13 726 0 0 1
0.0815926 -0.0491697 560 -0.0423642 0.0579882 14.1233 19.37 -13 727 0 0 1
-0.0862288 0.0678404 560 0.0249066 0.202661 2.43982 86.9368 -13 728 0 0 1
0.06922 -0.0139158 560 0.0476528 -0.0114354 5.41215 47.222 -13 729 0 0 1
-0.227071 -0.00217763 560 -0.0678934 0.0523595 11.2024 25.3182 -13 730 0 0 1
0.0197706 0.080434 560 0.00185645 -0.00951584 10.936 21.4778 -13 731 0 0 1
1.4817 0.270583 560 0.00293219 -0.20343 1.42853 104.891 -13 732 0 0 1
0.443938 -0.150532 560 -0.122768 -0.0745201 4.71419 53.547 -13 733 0 0 1
0.00274572 0.152119 560 0.0763807 0.07724 7.81397 29.4557 -13 734 0 0 1
1.65095 2.02261 560 -0.0133022 -0.00716905 0.0419825 30.1606 11 734 1001 0 1
-0.180918 0.124828 560 0.0303051 0.0626796 10.9682 35.1685 -13 735 0 0 1
-0.0774875 0.0762704 560 0.042419 0.078502 10.987 28.1061 -13 736 0 0 1
-0.187165 -0.186569 560 -0.0324431 0.0324763 8.22152 44.7046 -13 737 0 0 1
-0.00242652 0.191885 560 0.0313674 0.10032 8.37188 46.958 -13 738 0 0 1
0.18146 -0.0605676 560 0.0127113 -0.0902222 11.8869 37.7169 -13 739 0 0 1
-0.209487 0.00259326 560 0.00297963 0.043934 13.03 39.2883 -13 740 0 0 1
-0.0961503 0.0214856 560 0.0186859 0.0595363 8.69252 42.6022 -13 741 0 0 1
-0.239196 -0.342025 560 0.0281871 0.253087 4.25666 69.2425 -13 742 0 0 1
-0.0693 0.185508 560 0.0607014 0.0844045 8.31399 25.9277 -13 743 0 0 1
0.747425 -0.0947656 560 -0.211697 -0.00297551 2.58586 71.0917 -13 744 0 0 1
-0.0030388 -0.00972573 560 -0.0112646 0.00129447 11.4996 32.4069 -13 745 0 0 1
-0.00654062 -0.0784957 560 -0.0556625 0.0490839 8.55544 49.3968 -13 746 0 0 1
-0.0884452 0.04576 560 -0.00537561 0.0250091 11.8413 39.9627 -13 747 0 0 1
0.121677 -0.171209 560 -0.0171884 0.00733227 10.5484 36.2219 -13 748 0 0 1
-0.063351 -0.0789008 560 0.0119919 0.0203294 12.1163 18.2769 -13 749 0 0 1
-0.139788 -0.0104332 560 0.0379605 0.0285495 10.3826 41.1765 -13 750 0 0 1
-0.111151 -0.157437 560 -0.107165 0.0382671 11.0756 42.4451 -13 751 0 0 1
0.296564 -0.136379 560 0.000402204 -0.0376259 0.0592219 42.7729 11 751 1002 0 1
0.0527639 0.165114 560 0.0636057 -0.0687146 6.49923 34.7893 -13 752 0 0 1
0.0710469 0.0766368 560 0.0605669 -0.0141269 10.7864 21.5902 -13 753 0 0 1
-0.0487307 0.0626152 560 0.0221812 -0.00688243 8.67259 48.6979 -13 754 0 0 1
-0.281725 0.236187 560 0.0836379 0.0660127 7.89893 32.7048 -13 755 0 0 1
-1.237 -1.25142 560 -0.288562 0.223775 5.26578 48.7672 -13 756 0 0 1
-0.13475 -0.00327845 560 -0.0204151 0.0201294 7.2446 40.2503 -13 757 0 0 1
-0.106536 -0.171517 560 -0.0253774 -0.00841345 7.88702 28.0828 -13 758 0 0 1
0.0291754 0.00670609 560 0.0284798 0.0105851 14.1761 29.9997 -13 759 0 0 1
-0.0489544 0.0325433 560 0.0591861 0.070081 8.07088 45.2635 -13 760 0 0 1
-0.327114 0.119253 560 0.0974138 0.0710447 6.41481 38.0444 -13 761 0 0 1
-0.103817 -0.0573199 560 -0.0439848 0.0128826 13.8634 43.1521 -13 762 0 0 1
0.0488026 -0.0119695 560 -0.0586553 0.00971649 11.1477 44.4255 -13 763 0 0 1
0.0235169 0.161702 560 0.0420427 -0.0249869 9.86014 31.5215 -13 764 0 0 1
0.0418419 0.130343 560 0.00634643 -0.120525 5.79575 41.417 -13 765 0 0 1
0.0570034 0.0135908 560 0.0816461 -0.0263222 8.55174 28.7292 -13 766 0 0 1
-1.26802 3.34578 560 0.0284032 -0.00547542 0.030012 30.1818 11 766 1001 0 1
-0.0235942 -0.0988605 560 -0.0399048 0.0122437 12.5257 45.4205 -13 767 0 0 1
1.1561 -0.991977 560 -0.0327923 -0.0341156 0.0641566 45.5028 11 767 1002 0 1
-1.91314 0.701971 560 -0.0279224 -0.0197614 0.0619846 46.4219 11 767 1003 0 1
0.0494039 -0.0373343 560 -0.0131686 -0.0179892 12.8705 36.8 -13 768 0 0 1
0.139965 0.0970556 560 0.0625951 -0.0648074 6.98515 33.2897 -13 769 0 0 1
-0.0775871 0.0339394 560 -0.027001 0.0107833 13.6386 21.868 -13 770 0 0 1
0.0952094 0.105337 560 0.031983 -0.0406424 10.8915 24.8431 -13 771 0 0 1
0.108568 -0.126381 560 0.0610787 -0.0124793 14.333 16.6795 -13 772 0 0 1
-0.104836 0.0497797 560 0.0314097 0.0757714 11.4157 22.7141 -13 773 0 0 1
0.00403297 0.118679 560 0.0781979 0.0464258 13.4046 18.9704 -13 774 0 0 1
0.0548029 -0.371279 560 0.0211826 0.0232174 3.60802 55.0531 -13 775 0 0 1
0.0978245 0.133091 560 0.0574005 -0.0338626 11.8133 28.9076 -13 776 0 0 1
0.0542164 -0.0225916 560 -0.0379484 -0.0311107 10.6757 31.555 -13 777 0 0 1
0.0420166 0.187256 560 0.108174 0.00133503 8.62328 42.1194 -13 778 0 0 1
-0.483862 0.104248 560 -0.0129148 0.184629 12.9388 16.416 -13 779 0 0 1
-0.0773187 -0.632863 560 -0.176063 -0.00241859 9.58321 25.7135 -13 780 0 0 1
-0.0933536 0.195504 560 0.137524 -0.215727 11.5511 22.0261 -13 781 0 0 1
0.490873 2.80621 560 0.0327422 -0.0640764 0.0403358 24.0326 11 781 1001 0 1
0.0436198 -0.209662 560 -0.034236 2.84448e-05 10.0634 23.6369 -13 782 0 0 1
0.124584 -0.203292 560 -0.00559258 0.000928558 6.94405 45.452 -13 783 0 0 1
0.383543 -0.21036 560 0.0832824 -0.113327 6.84233 31.8759 -13 784 0 0 1
0.13299 -0.0478982 560 -0.145203 -0.0941082 4.8917 54.1385 -13 785 0 0 1
-0.117947 0.148769 560 0.0540978 -0.0011972 9.5722 40.085 -13 786 0 0 1
-0.0674914 0.0170168 560 -0.00142871 0.0176205 8.89338 39.4633 -13 787 0 0 1
-0.114044 -0.0878023 560 -0.0481978 -0.0378515 12.3337 34.8231 -13 788 0 0 1
-0.0226541 0.075199 560 0.0132464 -0.00289397 14.1646 29.7039 -13 789 0 0 1
-0.128164 -0.100593 560 -0.0394581 0.0373402 9.94163 47.3833 -13 790 0 0 1
-0.163945 -0.123909 560 -0.139347 -0.0151093 4.86719 64.7755 -13 791 0 0 1
0.314427 -0.110631 560 -0.0705961 -0.137738 11.7762 45.5724 -13 792 0 0 1
0.0858283 0.155819 560 0.0519377 -0.0163935 11.4181 34.8521 -13 793 0 0 1
0.101646 -0.04047 560 0.0246169 -0.000207782 7.44689 39.4345 -13 794 0 0 1
0.018085 -0.459851 560 -0.143931 -0.038301 11.4971 26.2607 -13 795 0 0 1
0.0104666 -0.0630524 560 -0.0434544 -0.0369218 8.88931 45.6013 -13 796 0 0 1
0.0873782 0.0682031 560 0.00736453 -0.0141886 14.0125 39.4817 -13 797 0 0 1
0.0628635 -0.109853 560 -0.0669022 -0.0163126 13.7114 40.0928 -13 798 0 0 1
0.0116332 0.0543328 560 0.012163 -0.0103651 9.3558 50.9597 -13 799 0 0 1
-0.00708578 0.0136689 560 0.00812937 0.00785107 13.5526 17.5852 -13 800 0 0 1
-0.047374 0.0258524 560 0.0734409 0.0178303 5.74112 39.4622 -13 801 0 0 1
-0.224048 0.21095 560 0.00261221 0.0539493 6.98198 48.3836 -13 803 0 0 1
-0.0548352 0.128384 560 0.0457021 0.0302679 13.0018 23.3659 -13 804 0 0 1
-0.0143164 -0.0662524 560 -0.0117826 0.00565801 12.5775 43.2464 -13 805 0 0 1
-0.594232 0.255454 560 0.0155637 0.126356 2.75512 70.8668 -13 806 0 0 1
-0.0408674 0.0308826 560 0.00411219 0.0345651 13.647 25.6393 -13 807 0 0 1
-0.25274 -0.571601 560 -0.209188 -0.238027 7.04936 38.1052 -13 808 0 0 1
-0.0250372 0.0638381 560 0.00866377 -0.00106253 14.302 28.1146 -13 809 0 0 1
0.0043495 0.128596 560 0.0329157 0.046605 10.8088 34.9146 -13 810 0 0 1
-0.166851 0.227505 560 0.120983 0.0463161 5.64841 38.074 -13 811 0 0 1
0.0703231 -0.0254418 560 -0.0331609 -0.0173048 6.52431 32.7278 -13 812 0 0 1
-0.0758058 -0.197316 560 -0.111863 0.123743 13.2032 26.4018 -13 813 0 0 1
-0.126698 0.0859444 560 0.00237003 0.0902595 9.59907 31.9169 -13 814 0 0 1
1.52812 2.29622 560 0.0289623 0.00662766 0.0182082 33.4463 11 814 1002 0 1
1.48915 2.30133 560 -0.00972649 0.0307995 -0.0115662 33.8766 11 814 1002 0 1
-0.196796 -0.0186133 560 0.00595557 0.0387712 11.6487 44.9525 -13 815 0 0 1
0.168815 0.000722528 560 0.0732023 -0.114983 5.96724 37.982 -13 816 0 0 1
-0.824706 0.33941 560 0.0865928 0.297544 5.19564 62.0319 -13 817 0 0 1
0.147003 0.160439 560 0.0425768 0.0456485 11.4666 46.6621 -13 818 0 0 1
-0.100566 -0.00784303 560 0.0119152 -0.0365604 6.14625 59.134 -13 819 0 0 1
0.105462 0.00974499 560 -0.00989518 -0.0472899 13.3922 22.1378 -13 820 0 0 1
-0.125602 0.0536375 560 -0.0411803 0.0224526 8.37216 27.7885 -13 821 0 0 1
-2.00237 -1.88273 560 0.0214252 -0.00483551 0.0577944 24.5507 11 821 1002 0 1
0.0563543 0.145983 560 0.0561876 0.0352778 11.6861 46.0793 -13 822 0 0 1
-0.0460456 -0.00397446 560 0.0228758 0.00476169 12.6164 39.4459 -13 823 0 0 1
0.00114563 0.0512971 560 0.00866308 -0.023397 14.5606 35.0873 -13 824 0 0 1
-0.00185617 0.0961895 560 0.0423099 -0.0157211 14.4475 40.2829 -13 825 0 0 1
0.0207501 0.0267292 560 -0.0442938 -0.0362679 7.57248 39.843 -13 826 0 0 1
-0.479352 0.514111 560 -0.126272 0.336425 3.55396 80.3032 -13 827 0 0 1
0.104389 -0.0663356 560 -0.0433766 0.000310262 8.63221 50.146 -13 828 0 0 1
0.0662311 -0.102683 560 -0.0492968 0.0330716 10.0388 46.6469 -13 829 0 0 1
-0.00216787 -0.0192663 560 -0.0131335 -0.00385507 14.0753 43.6907 -13 830 0 0 1
0.0665846 -0.719715 560 0.952966 -0.337175 8.33103 31.039 -13 831 0 0 1
0.00487302 -0.0929577 560 -0.0274311 -0.00852498 13.7964 28.5415 -13 832 0 0 1
0.0849454 0.0201037 560 -0.0528068 -0.0238551 9.02631 51.773 -13 833 0 0 1
-0.145507 -0.241915 560 -0.11573 0.0693117 5.25242 61.4815 -13 834 0 0 1
-0.00525103 0.0111937 560 -0.0784816 0.0469472 7.79151 53.6263 -13 835 0 0 1
0.0114887 0.12868 560 0.063702 0.0365439 11.8599 38.9595 -13 836 0 0 1
-0.197573 0.122713 560 0.107521 -0.0135904 10.8172 28.0249 -13 837 0 0 1
0.0194118 0.102313 560 -0.00880829 -0.0111865 12.8297 32.86 -13 838 0 0 1
0.107378 0.0048846 560 0.00329412 -0.0311238 11.1371 39.9319 -13 839 0 0 1
0.117577 -0.08891 560 0.00411196 0.0295798 9.84781 42.232 -13 840 0 0 1
-0.19611 -0.320573 560 0.193055 0.10515 6.1465 59.2691 -13 842 0 0 1
-0.0120198 -0.0987138 560 -0.0982286 -0.0218677 8.28143 31.4969 -13 843 0 0 1
-0.155429 0.0564924 560 0.0010886 0.0546286 4.21786 69.1059 -13 844 0 0 1
-0.0889325 0.0114357 560 -0.0449291 0.152212 13.4683 24.2861 -13 845 0 0 1
0.284773 0.437481 560 0.0850974 -0.0580304 12.2784 33.3564 -13 846 0 0 1
-0.0328775 0.284716 560 -0.0146263 0.0512793 4.46945 52.0504 -13 847 0 0 1
0.136948 0.30999 560 0.087401 0.00134367 4.65557 69.3929 -13 848 0 0 1
-0.0165797 -0.0271812 560 -0.00202768 -0.0185137 9.61044 23.4965 -13 849 0 0 1
0.0085375 -0.144269 560 -0.0339395 -0.0347216 12.3516 38.692 -13 850 0 0 1
-0.158267 -0.0246591 560 -0.047992 0.000730977 8.88647 30.7383 -13 851 0 0 1
-0.0936257 0.509773 560 0.235822 0.165136 4.69276 44.6899 -13 853 0 0 1
-1.13601 0.987765 560 -0.00552656 0.000681468 0.042294 44.3653 11 853 1001 0 1
-0.0527987 0.0113786 560 -0.0276102 0.0517565 11.4502 21.2828 -13 854 0 0 1
0.0464316 0.0875172 560 -0.0187098 -0.033917 11.5536 41.2781 -13 855 0 0 1
-0.0555525 0.105658 560 0.0145227 0.0815176 14.317 22.5815 -13 857 0 0 1
-0.315275 0.0184686 560 -0.119228 0.0750578 10.2163 46.1753 -13 858 0 0 1
-0.0648222 0.144607 560 0.0208477 0.00966175 12.9325 27.5193 -13 859 0 0 1
-0.0813744 -1.90423 560 -0.00509162 -0.0401304 0.0262358 28.6162 11 859 1001 0 1
-0.0397812 -4.20542e-05 560 -0.0450512 -0.00332164 13.0394 40.5784 -13 860 0 0 1
0.151351 0.0626148 560 0.0278975 -0.0418217 11.1744 21.3201 -13 861 0 0 1
0.107687 0.259533 560 0.00581572 -0.0961461 5.80893 55.1699 -13 862 0 0 1
-1.03806 0.127327 560 -0.0924233 0.271562 3.83812 56.243 -13 863 0 0 1
-0.265734 0.127735 560 -0.0301515 0.141143 6.85319 42.6587 -13 865 0 0 1
-0.435051 -0.627915 560 -0.167801 0.150614 5.47678 64.5118 -13 866 0 0 1
0.13445 0.00188698 560 -0.0175878 0.00120856 8.32258 34.4254 -13 868 0 0 1
0.0883306 0.227925 560 -0.0162652 -0.0294758 9.16584 42.8586 -13 869 0 0 1
0.0456556 0.0136162 560 0.0310205 -0.114956 12.3582 31.7597 -13 870 0 0 1
-0.00788398 0.0818388 560 -0.0291415 0.0128138 13.6999 37.2266 -13 871 0 0 1
0.368487 0.126021 560 0.111925 0.0363042 5.13792 58.3832 -13 872 0 0 1
-0.153326 -0.0743712 560 0.0716304 0.123014 4.42087 49.5279 -13 873 0 0 1
0.218561 0.433407 560 0.190539 -0.0768004 4.79273 54.1643 -13 874 0 0 1
-0.185392 0.167365 560 0.106483 -0.0027297 3.24576 58.3707 -13 875 0 0 1
0.0635106 0.202479 560 0.102514 -0.0228514 11.7738 29.0525 -13 876 0 0 1
0.0543805 -0.121244 560 -0.0739477 -0.0308676 9.198 44.9535 -13 877 0 0 1
0.0272961 -0.0340294 560 0.00454325 -0.00468528 14.2391 40.4881 -13 879 0 0 1
-0.149947 0.0358089 560 0.00219668 0.026904 12.9321 21.3045 -13 880 0 0 1
-0.0643354 0.0280055 560 0.00292497 0.0251854 14.5297 26.7602 -13 881 0 0 1
0.102251 0.111562 560 -0.0512465 0.0258454 6.51204 51.9921 -13 882 0 0 1
0.0105538 -0.0150646 560 -0.060947 0.00161364 7.06107 52.3656 -13 883 0 0 1
-0.270661 0.153275 560 0.0587158 0.0499085 5.67686 52.0248 -13 884 0 0 1
-0.0371818 -0.042696 560 -0.0167506 -0.0203049 12.5675 17.939 -13 885 0 0 1
0.0144377 -0.188413 560 -0.044663 -0.0461249 8.46736 30.5136 -13 886 0 0 1
-0.0272547 0.188723 560 0.109883 0.000191716 8.50688 24.3704 -13 887 0 0 1
0.022788 0.123086 560 0.1012 0.0234199 8.51958 43.0458 -13 888 0 0 1
0.0349871 0.0486877 560 0.0232142 0.00577861 11.314 42.7256 -13 889 0 0 1
-0.102654 0.0790421 560 0.00300717 0.0367396 10.82 30.5912 -13 890 0 0 1
-0.0490099 -0.354376 560 -0.0232505 0.0813421 7.49 34.9908 -13 891 0 0 1
-0.135738 -0.108502 560 -0.047034 0.0232443 14.0581 23.4287 -13 892 0 0 1
-0.0388664 0.0040824 560 0.0219338 -0.0216312 9.34961 25.2686 -13 893 0 0 1
-0.190516 0.0915972 560 0.0369587 0.00673956 0.0221983 25.4287 11 893 1001 0 1
-0.0156876 0.248053 560 0.0897834 -0.0505079 12.6095 34.6688 -13 894 0 0 1
0.0626402 -0.0386409 560 -0.0280291 -0.0153324 11.6067 34.4325 -13 895 0 0 1
-0.0369342 -0.0333773 560 -0.00157862 -0.00270974 6.77713 51.2178 -13 896 0 0 1
0.069676 0.179109 560 0.0458958 0.0242481 10.3467 26.8991 -13 897 0 0 1
-0.364008 0.123552 560 0.144994 0.0203966 8.37129 40.67 -13 898 0 0 1
0.0606016 -0.306836 560 0.0958538 -0.186256 6.67419 39.5816 -13 899 0 0 1
-0.00893233 -0.145418 560 -0.0530314 0.0354107 11.4405 19.6342 -13 900 0 0 1
0.0702593 -0.317419 560 -0.0616824 0.0965773 5.36816 65.2149 -13 901 0 0 1
-0.419613 0.384286 560 0.0916008 0.0933374 8.54906 25.9743 -13 902 0 0 1
0.215902 0.0778237 560 0.0394463 -0.147639 6.63103 37.9384 -13 903 0 0 1
-0.147594 0.112356 560 0.0185641 0.0251036 12.5478 23.9052 -13 904 0 0 1
-0.298151 0.236846 560 0.0633505 0.0775308 5.09502 56.6193 -13 905 0 0 1
0.0975945 0.0694763 560 -0.00426825 -0.0745245 10.4523 39.3299 -13 906 0 0 1
-0.0500186 -0.12537 560 -0.0863259 -0.0358355 11.6211 43.9733 -13 907 0 0 1
0.0193785 -0.000680115 560 0.00543315 -0.0112071 12.9495 19.2639 -13 908 0 0 1
0.131237 0.0135052 560 0.0142156 -0.0248784 7.25473 42.6957 -13 909 0 0 1
0.0140484 -0.176597 560 -0.0748058 0.0712339 9.28671 23.5508 -13 910 0 0 1
0.135494 1.48712 560 -0.155432 0.185261 1.20802 111.529 -13 911 0 0 1
0.612961 -0.072381 560 0.107658 -0.223456 11.8198 19.2722 -13 912 0 0 1
-0.0531688 -0.00657476 560 -0.0128243 0.00792931 10.2922 21.7825 -13 914 0 0 1
-0.0170188 0.191679 560 -0.00284608 -0.021663 9.11121 28.5989 -13 915 0 0 1
0.0605292 -0.0363611 560 0.0316164 -0.0286023 13.8025 33.7034 -13 916 0 0 1
-0.0311645 -0.153591 560 -0.0335713 0.049273 12.4916 35.9563 -13 917 0 0 1
-0.0294289 -0.0094139 560 0.00265765 0.00186121 12.846 40.074 -13 918 0 0 1
0.193703 -0.323461 560 0.0472095 -0.0752514 3.66424 56.7956 -13 919 0 0 1
0.433814 -0.0463033 560 -0.000907823 -0.110086 8.63091 26.6419 -13 920 0 0 1
-0.068769 0.0322539 560 0.0182148 0.0460298 14.0799 20.8686 -13 921 0 0 1
0.0377092 0.0610344 560 0.0163469 -0.0143498 12.8496 36.9954 -13 922 0 0 1
0.156385 -0.19253 560 -0.0869094 0.0851824 3.87688 77.0947 -13 923 0 0 1
-3.28059 0.837415 560 0.00166406 -0.00639701 0.0345731 74.8901 11 923 1001 0 1
-0.0496558 0.139098 560 0.0264316 0.0225456 13.5852 28.9859 -13 924 0 0 1
-0.172054 0.0590969 560 0.00517895 0.0491122 13.9373 43.1836 -13 925 0 0 1
0.123799 -0.151108 560 -0.0601347 -0.0229544 12.81 16.8418 -13 926 0 0 1
0.0570501 0.0525794 560 0.0153525 -0.0465578 4.74308 55.9695 -13 927 0 0 1
-0.111143 0.205778 560 -0.00115056 0.0990494 11.7758 40.9989 -13 928 0 0 1
0.0331254 0.0173247 560 0.0150903 -0.00705084 13.5501 21.7777 -13 929 0 0 1
-0.0542484 -0.161366 560 -0.0687246 -0.00434709 12.7323 34.3229 -13 930 0 0 1
0.0837789 0.0504939 560 0.0401155 -0.0203079 13.3134 36.6911 -13 931 0 0 1
0.0269419 0.00536788 560 -0.00623534 0.0350046 11.4494 46.8686 -13 932 0 0 1
0.130115 0.305508 560 0.0898984 -0.0388983 13.6073 28.4698 -13 933 0 0 1
0.156705 0.131079 560 0.0696243 -0.00292106 8.5945 35.8334 -13 934 0 0 1
-0.0779975 -0.244287 560 -0.0877005 -0.0213044 10.3268 40.9492 -13 935 0 0 1
-2.47496 0.87892 560 0.0110326 -0.00451132 0.0835411 38.4471 11 935 1001 0 1
-0.00608023 0.0813389 560 0.021942 -0.0150115 12.4219 30.0061 -13 936 0 0 1
0.0833294 0.0407048 560 0.020498 -0.00440372 12.5339 43.6542 -13 937 0 0 1
-0.263763 0.15402 560 0.156442 0.0540766 4.54456 46.8466 -13 938 0 0 1
-0.0169335 0.00502828 560 0.0178215 -0.0346141 13.8476 24.8355 -13 939 0 0 1
-0.970303 -0.0512634 560 -0.546049 -0.0617258 5.81416 37.7971 -13 940 0 0 1
0.832019 1.43085 560 0.0171945 0.0106133 0.0355679 37.3161 11 940 1001 0 1
-0.051027 0.0354692 560 0.0229653 -0.0825787 12.2508 32.5891 -13 941 0 0 1
-7.93514 -2.93445 560 0.00935401 -0.0312385 0.0450237 40.5538 11 941 1001 0 1
1.01706 -0.10721 560 0.0293027 0.0358986 2.03854 98.526 -13 942 0 0 1
-0.0269874 -0.13617 560 -0.0580988 0.00242646 10.52 44.2806 -13 943 0 0 1
0.486418 0.450432 560 0.129664 -0.0635368 5.70693 57.8921 -13 944 0 0 1
-3.53769 -0.161842 560 0.00443816 -0.00814269 0.0358716 57.2069 11 944 1001 0 1
0.157238 -0.557838 560 -0.21511 0.054638 3.87698 75.588 -13 945 0 0 1
-0.0890284 -0.0692684 560 -0.0207407 0.0202649 14.3024 27.2458 -13 946 0 0 1
0.00595251 0.0441448 560 0.0868398 0.0223222 10.4346 24.6063 -13 947 0 0 1
-3.15924 3.8396 560 -0.0112824 -0.00670554 0.0376609 26.5464 11 947 1001 0 1
-0.185903 -0.110224 560 -0.127252 0.0509414 7.74421 31.1159 -13 948 0 0 1
-0.03112 -0.00284879 560 0.00891049 -0.0187339 12.4832 37.3914 -13 949 0 0 1
0.103489 -0.752437 560 -0.351358 -0.0900142 3.1377 60.472 -13 950 0 0 1
0.153144 0.0818874 560 0.0558712 0.0104856 5.24592 44.6642 -13 951 0 0 1
0.607318 -0.11863 560 0.052012 -0.147704 4.11521 72.3878 -13 952 0 0 1
0.0103297 0.183144 560 0.0433332 -0.0214259 9.82458 27.4941 -13 953 0 0 1
5.69064 6.06491 560 0.0144778 -0.00166597 0.0324546 32.8664 11 953 1002 0 1
-0.0038352 0.0608576 560 0.0238376 -0.0477988 6.71273 49.677 -13 954 0 0 1
0.0729005 0.00377776 560 -0.0340913 -0.0642717 7.33454 44.3376 -13 955 0 0 1
-4.4945 -1.41424 560 -0.0108355 0.00667808 0.0548513 42.2447 11 955 1001 0 1
0.394315 -0.276831 560 -0.0931267 -0.145159 6.94082 36.2519 -13 956 0 0 1
-1.03182 0.38023 560 -1.2625 0.398054 13.9922 33.4755 -13 957 0 0 1
-0.0687338 0.0437606 560 0.0114725 0.0531656 11.8862 31.4447 -13 958 0 0 1
-0.188887 0.0273226 560 0.0133601 -0.069986 10.4155 40.0933 -13 959 0 0 1
-0.0297673 0.0882213 560 0.0414658 0.0166829 14.427 23.7134 -13 960 0 0 1
0.146899 0.132974 560 -0.0303352 -0.104123 11.7941 36.3075 -13 962 0 0 1
-0.0430662 0.13805 560 0.0647511 0.0422142 11.8712 40.0857 -13 963 0 0 1
0.0595754 -0.0313406 560 0.0266119 -0.0206249 10.4794 46.0573 -13 964 0 0 1
0.0801664 -0.123323 560 -0.0242964 -0.0136417 11.3304 33.6219 -13 965 0 0 1
0.0676719 0.00948997 560 -0.0632887 -0.0638163 9.39359 29.613 -13 966 0 0 1
-0.330451 0.218288 560 -0.104972 0.156029 2.34863 76.6723 -13 968 0 0 1
-0.00209127 -0.156254 560 -0.00298096 0.0347852 8.86886 35.487 -13 969 0 0 1
-0.0680153 -0.25225 560 -0.0044084 0.0285026 0.0224157 35.6244 11 969 1001 0 1
0.994713 1.93722 560 -0.00288776 0.0300732 0.0295866 35.9678 11 969 1002 0 1
-0.0445082 -0.0113036 560 -0.0432589 -0.0384665 13.2519 29.4357 -13 971 0 0 1
-0.221293 0.128221 560 0.0453162 0.0457868 14.463 29.4371 -13 972 0 0 1
-0.0128728 0.0130867 560 -0.0277214 0.000533669 13.7654 43.4829 -13 973 0 0 1
0.0680019 -0.0421526 560 0.0474337 -0.0426965 14.4806 33.9956 -13 974 0 0 1
-2.67756 0.990761 560 0.0153378 0.0525582 0.0835049 33.3044 11 974 1001 0 1
0.168703 0.257541 560 0.0617698 -0.118864 10.2806 39.7381 -13 975 0 0 1
0.121158 -0.0896289 560 0.0188973 -0.0795197 6.68335 36.2661 -13 976 0 0 1
-0.0552577 0.213128 560 0.00520285 0.00419606 9.06121 39.6506 -13 978 0 0 1
-0.0525236 0.0249415 560 -0.00222236 0.00537474 13.7167 33.6704 -13 979 0 0 1
0.0657273 0.0756357 560 -0.0157704 -0.0345083 12.0835 20.7409 -13 980 0 0 1
-0.103311 -0.0804215 560 0.000211849 0.0356488 9.67512 21.7747 -13 981 0 0 1
0.0322707 0.0511102 560 -0.00937844 -0.00396579 13.6248 27.8818 -13 982 0 0 1
-0.495117 0.157647 560 0.0540718 0.152552 5.64811 58.7598 -13 983 0 0 1
-0.0759504 0.11524 560 0.0551268 0.0268517 10.0037 22.8134 -13 984 0 0 1
0.373582 2.0985 560 0.0242564 -0.00504309 0.0891277 19.7267 11 984 1001 0 1
-0.202113 -0.10916 560 -0.0975066 0.0426809 11.2502 33.4719 -13 985 0 0 1
-0.196325 0.0654748 560 0.0608434 0.0411873 8.3221 42.9328 -13 986 0 0 1
-0.74042 -5.18434 560 -0.00694432 0.0126054 0.0326559 41.6926 11 986 1001 0 1
-0.031932 0.0292331 560 0.00624918 0.0467596 14.2384 39.0709 -13 987 0 0 1
0.249393 0.217937 560 0.0443488 -0.109896 6.6705 51.8648 -13 988 0 0 1
-0.222232 1.04673 560 0.0326618 -0.075923 2.01805 91.2836 -13 989 0 0 1
-0.114241 -0.0873327 560 -0.0528527 0.0343669 14.4658 22.4363 -13 990 0 0 1
-0.160737 0.0485972 560 0.0263772 0.0738278 10.8752 38.816 -13 991 0 0 1
-0.0905475 0.161958 560 0.0128858 0.0484812 13.0771 41.1252 -13 992 0 0 1
-0.0225775 0.0115428 560 -0.00375942 -0.0774032 11.2449 47.1099 -13 993 0 0 1
-0.00485778 0.0586127 560 0.0164893 0.00240153 12.8168 40.6551 -13 994 0 0 1
-0.00915576 -0.078978 560 -0.0479172 0.0112475 13.8908 26.7244 -13 995 0 0 1
0.0450243 -0.00428608 560 0.0285899 -0.0492334 13.0396 40.9825 -13 996 0 0 1
0.0600526 0.0857384 560 0.0732295 -0.0611064 14.5142 22.9692 -13 997 0 0 1
-0.0288022 0.419729 560 0.103302 -0.0194618 10.2016 45.0136 -13 998 0 0 1
-5.39299 -3.82415 560 0.00830726 -0.0340788 0.047145 46.8899 11 998 1001 0 1
-3.63896 -5.34518 560 0.028062 0.0352026 -0.0142639 49.0425 11 998 1001 0 1
0.167362 0.0137276 560 0.0699363 -0.0257752 7.34239 32.2785 -13 999 0 0 1
0.14918 0.0409534 560 0.0361606 -0.0556092 8.42081 45.6896 -13 1000 0 0 1
