#BLTrackFile NTuple/Z580
#x y z Px Py Pz t PDGid EventID TrackID ParentID Weight
#mm mm mm MeV/c MeV/c MeV/c ns - - - - -
-0.0643613 0.077866 580 0.019039 0.00952728 11.5068 37.0091 -13 1 0 0 1
-0.112993 -0.0372383 580 0.00890567 0.0218204 12.5632 38.9642 -13 2 0 0 1
-0.114137 0.473196 580 0.156311 0.00330643 9.84052 23.4191 -13 3 0 0 1
-4.07071 3.48873 580 0.00514009 -0.0153824 0.0836574 16.3071 11 3 1001 0 1
-0.0163928 0.0436933 580 -0.0060872 -6.65604e-05 11.1442 22.7297 -13 4 0 0 1
-0.110859 0.0543884 580 -0.0464251 -3.78576e-05 6.85855 37.1208 -13 5 0 0 1
0.0509577 0.207171 580 0.0236068 -0.0593127 7.64122 48.9656 -13 6 0 0 1
-0.108767 -0.051522 580 -0.0496026 0.0429493 12.03 30.6618 -13 7 0 0 1
-0.0682284 -0.0700698 580 -0.00640544 -0.0275793 5.10053 54.4789 -13 8 0 0 1
0.00236054 0.0285742 580 0.0451945 0.0322813 13.6199 38.6387 -13 9 0 0 1
-0.0476559 -0.0479819 580 -0.0409985 0.0146571 13.2393 20.6033 -13 10 0 0 1
-0.00378417 0.0651356 580 0.023784 -0.0254688 10.604 22.1959 -13 11 0 0 1
-0.472769 0.102672 580 0.0233151 0.147134 11.8118 21.5476 -13 12 0 0 1
0.0966369 -0.827076 580 -0.0970224 0.119355 3.48549 59.7418 -13 13 0 0 1
0.0465351 -0.0297886 580 0.00109231 -0.0141429 10.3154 23.0139 -13 14 0 0 1
-1.30684 2.74846 580 0.0212435 0.011337 0.0924572 15.2526 11 14 1002 0 1
-0.0200418 0.0654083 580 0.0760422 -0.00750585 5.16449 58.2967 -13 15 0 0 1
0.218249 -0.290606 580 -0.168439 -0.0955353 8.3555 27.3566 -13 16 0 0 1
1.57599 -11.3723 580 0.0191371 0.0313297 0.0171673 42.5575 11 16 1001 0 1
0.00639597 -0.0359818 580 -5.84479e-05 -0.00248365 14.5117 21.4244 -13 17 0 0 1
0.00113151 -0.0319556 580 0.0303643 -0.0187822 13.0849 44.8365 -13 18 0 0 1
0.0942933 0.0214458 580 -0.0566116 0.0362539 8.26226 42.635 -13 19 0 0 1
-0.620019 -2.24203 580 0.0278171 0.00483249 0.502135 121.628 -13 20 0 0 1
-0.0448237 0.0987361 580 0.00872457 0.0169088 14.4245 37.2308 -13 21 0 0 1
-0.161122 0.0125562 580 -0.0280586 0.0114596 10.453 21.5554 -13 22 0 0 1
4.1222 -1.94347 580 -0.0466214 0.0267195 0.0302492 25.6168 11 22 1002 0 1
-0.193134 0.164908 580 0.0402419 0.0502242 11.7748 47.1063 -13 23 0 0 1
0.122794 0.0142666 580 -0.0130138 -0.0546777 8.29631 52.0355 -13 24 0 0 1
0.0356628 0.129724 580 0.0175885 0.0254356 14.366 28.667 -13 25 0 0 1
0.241226 0.347964 580 0.108084 -0.000445601 8.93443 38.752 -13 26 0 0 1
-0.170196 -0.0279631 580 0.0120347 0.0113956 8.45066 34.7914 -13 27 0 0 1
-0.00313296 0.0665782 580 0.0378306 -0.0238849 11.5661 45.7399 -13 28 0 0 1
0.0805093 -0.0137157 580 -0.0612135 0.00053866 6.98388 50.9138 -13 29 0 0 1
-0.172175 0.460884 580 0.174447 0.019124 13.6154 17.6658 -13 30 0 0 1
0.0400197 -0.0119051 580 -0.0287269 0.016736 10.3491 24.3372 -13 31 0 0 1
-0.219795 0.0355855 580 0.067045 0.0661153 8.48863 29.9578 -13 32 0 0 1
0.675723 0.190748 580 0.17664 -0.134667 3.15657 83.6811 -13 33 0 0 1
0.130344 -0.269169 580 -0.0873171 -0.0265294 13.6412 36.8782 -13 34 0 0 1
3.42731 3.55744 580 0.0119814 0.0386213 0.0118161 51.4113 11 34 1001 0 1
0.0287612 0.547042 580 0.0575057 0.0230351 5.0717 66.4048 -13 35 0 0 1
0.0755007 -0.0235342 580 -0.0392157 0.0369623 8.57182 48.384 -13 36 0 0 1
-0.078573 -0.00589217 580 -0.0267687 -0.0029039 10.3992 48.1506 -13 37 0 0 1
0.0343737 0.045676 580 0.00182063 0.00144646 11.8474 41.0982 -13 38 0 0 1
0.0268678 0.0270709 580 0.0118701 -0.0039369 9.50296 32.1504 -13 39 0 0 1
2.06076 1.9935 580 0.943973 -0.0243005 10.8387 39.7331 -13 40 0 0 1
-0.202028 0.335364 580 0.10977 -0.00505712 8.88448 26.5299 -13 41 0 0 1
-0.113876 0.00549298 580 -0.0133611 0.0777578 9.91339 42.6806 -13 42 0 0 1
0.167524 0.0965668 580 0.0475075 -0.0297633 14.4172 26.4474 -13 43 0 0 1
-0.0569284 -0.0734653 580 0.00815677 -0.0542465 11.2575 37.3836 -13 44 0 0 1
-0.549157 0.399209 580 -0.0204134 -0.0349573 0.0234936 39.847 11 44 1001 0 1
0.0560747 0.111404 580 0.128893 0.0455561 10.8543 43.8669 -13 45 0 0 1
-0.26277 0.0565262 580 -0.0541952 -0.00863373 4.96282 45.0739 -13 46 0 0 1
-0.0945641 0.0189966 580 0.0145293 0.0525392 11.4121 26.4618 -13 47 0 0 1
0.519205 0.752198 580 0.133593 -0.108273 6.655 41.0136 -13 48 0 0 1
-0.00481106 0.0334305 580 -0.0368631 0.012013 13.271 22.2399 -13 49 0 0 1
0.137069 -0.233713 580 -0.0217149 -0.0269488 4.22873 74.0599 -13 50 0 0 1
-0.0644788 -0.367338 580 -0.108508 -0.0406288 8.38 36.8302 -13 51 0 0 1
-0.670563 0.907858 580 -0.14789 0.20596 1.44426 107.29 -13 52 0 0 1
0.0319105 0.229609 580 0.0874972 -0.0779206 8.20343 26.7874 -13 53 0 0 1
0.449521 0.105643 580 0.154616 0.0149758 2.7334 69.9436 -13 54 0 0 1
-0.00634026 -0.0540441 580 -0.0237704 0.0315286 10.3931 39.5865 -13 55 0 0 1
0.0539547 0.0260878 580 0.0750078 -0.0171742 14.0632 23.8717 -13 56 0 0 1
2.67043 1.24068 580 -0.00708475 0.061256 0.0509842 24.8677 11 56 1001 0 1
-0.0189599 0.00102171 580 0.00867648 0.0308862 9.78671 48.6516 -13 57 0 0 1
0.176851 0.11269 580 0.059706 -0.0537686 8.2352 32.2321 -13 58 0 0 1
1.50745 -2.0671 580 0.00231589 -0.0142693 0.0693259 28.6821 11 58 1001 0 1
0.234862 0.382567 580 0.165311 0.00174968 6.9853 46.596 -13 59 0 0 1
-0.355483 3.38943 580 0.00280314 -0.0220018 0.0365691 42.8565 11 59 1002 0 1
-2.69383 6.18505 580 0.00493846 -0.0263052 -0.0259442 44.8098 11 59 1002 0 1
-2.14361 7.54771 580 0.00443337 0.000831508 0.0249858 46.0192 11 59 1002 0 1
0.0151209 0.133652 580 0.0530702 -0.0383831 8.23546 46.7387 -13 60 0 0 1
-3.39604 -4.5639 580 0.00235766 0.0416554 0.0474297 41.9966 11 60 1001 0 1
0.0667524 -0.0726387 580 -0.0437036 0.00810514 13.9482 30.5383 -13 61 0 0 1
-0.106194 0.0497492 580 -0.00722727 -0.00579631 9.35189 35.0168 -13 62 0 0 1
0.0297151 0.00545669 580 -0.00427178 -0.00905614 14.0058 43.1963 -13 63 0 0 1
-0.229988 -0.0981456 580 -0.00246206 0.0838723 8.88082 36.0724 -13 64 0 0 1
-0.273041 0.149045 580 0.0956779 0.05241 5.06001 45.0498 -13 65 0 0 1
0.0995524 0.00274308 580 -0.0313283 -0.0462741 7.37657 41.2114 -13 66 0 0 1
0.0554667 -0.00567329 580 0.0093673 -0.0252625 11.5206 30.6351 -13 67 0 0 1
-0.0317563 -0.108358 580 -0.0559715 -0.0539517 10.627 39.12 -13 68 0 0 1
-0.237736 -0.389159 580 -0.0868423 0.0749629 5.38981 51.4696 -13 69 0 0 1
0.0559448 0.166474 580 0.0337964 0.00817518 11.1537 23.922 -13 70 0 0 1
0.04407 0.0839799 580 0.0378898 0.0108091 11.6773 21.7797 -13 71 0 0 1
0.101761 -0.0237762 580 0.0230114 -0.0378901 10.366 21.6436 -13 72 0 0 1
0.239205 -0.363235 580 -0.0723016 0.0440952 6.10361 55.2671 -13 73 0 0 1
-0.0272149 0.0143273 580 -0.0233203 0.00189572 10.7201 34.2032 -13 74 0 0 1
0.0831689 0.253279 580 0.000462009 0.0113834 7.77786 54.4126 -13 75 0 0 1
-0.034706 -0.0697098 580 0.0355827 -0.0161909 12.4859 42.3544 -13 76 0 0 1
-0.0729082 0.101996 580 0.0654962 0.084487 8.19303 51.3253 -13 77 0 0 1
-0.00947712 -0.0900674 580 0.00954682 -0.0257146 13.5511 29.0819 -13 78 0 0 1
0.00295415 0.0466935 580 0.0238488 -0.0190487 12.6722 41.5352 -13 79 0 0 1
0.056905 -0.0123512 580 -0.010952 0.0127981 10.2838 48.1258 -13 80 0 0 1
0.0291319 -0.0314967 580 -0.0365227 0.00286859 8.6656 46.9473 -13 81 0 0 1
-0.0506595 -0.187966 580 -0.0515676 -0.0033516 13.2022 39.0313 -13 82 0 0 1
0.036123 -0.0477072 580 -0.0207847 -0.0262497 9.85246 40.0077 -13 83 0 0 1
0.350909 -0.102587 580 -0.0318048 -0.0213064 6.3275 46.0515 -13 84 0 0 1
-0.0953489 0.0514906 580 0.0169838 0.0439386 13.6038 19.3086 -13 85 0 0 1
-0.186132 -0.14057 580 -0.055202 0.0550013 7.95628 39.0568 -13 86 0 0 1
0.104104 0.230299 580 0.293838 -0.0921703 1.37113 114.125 -13 87 0 0 1
-0.0314319 -0.0350233 580 0.0255709 0.124882 8.48201 32.8092 -13 88 0 0 1
-2.17256 0.766608 580 0.00324063 0.0133813 0.0483927 33.0383 11 88 1002 0 1
0.237312 -0.108144 580 -0.0361124 -0.0156187 9.96292 31.7983 -13 89 0 0 1
0.023877 0.0558738 580 -0.0546799 0.0181426 6.67277 39.5882 -13 90 0 0 1
-0.19486 0.103752 580 0.0317731 0.112634 7.14635 56.2959 -13 91 0 0 1
-0.0397345 0.28531 580 0.0562623 -0.0168193 6.66115 58.6338 -13 92 0 0 1
-0.0124847 0.298191 580 0.0197583 0.254653 7.6706 52.7945 -13 93 0 0 1
0.120655 -0.221658 580 0.0422945 -0.0212627 5.69887 44.2857 -13 94 0 0 1
-0.103035 -0.0575029 580 0.00607104 0.0704129 10.7575 31.2001 -13 95 0 0 1
0.719936 -0.0456109 580 -0.12954 -0.0693163 0.824402 104.306 -13 96 0 0 1
0.00874528 0.0227823 580 0.0119141 0.0144899 12.8576 31.4252 -13 97 0 0 1
-1.19961 1.0303 580 0.248015 0.444613 9.44622 30.0247 -13 98 0 0 1
1.57604 0.338104 580 -0.020081 0.00184126 0.0853663 23.5598 11 98 1001 0 1
-0.0365696 0.0719451 580 0.0122411 0.0127576 14.0128 20.2734 -13 99 0 0 1
-0.162855 -0.104308 580 -0.0165869 0.0905842 12.3112 18.016 -13 100 0 0 1
-0.539517 -0.0916215 580 -0.140024 0.0223144 4.68393 58.9591 -13 101 0 0 1
-0.109373 -0.0487546 580 -0.0230303 0.0189495 9.95785 44.2565 -13 103 0 0 1
-0.0312854 -0.125848 580 -0.0216122 0.0185517 9.59963 34.7003 -13 104 0 0 1
0.23665 0.026631 580 -0.0253494 -0.0385931 8.80951 30.3448 -13 105 0 0 1
-0.0547212 -0.0269655 580 -0.00129907 0.0112536 10.3055 48.3159 -13 106 0 0 1
-0.0186781 -0.031143 580 -0.0164633 -0.0116315 13.7526 33.0662 -13 107 0 0 1
0.246269 -0.179486 580 -0.0836804 -0.0482834 7.28951 40.9455 -13 108 0 0 1
-0.0526657 0.0594527 580 -0.0220468 0.00879906 13.5698 16.2139 -13 109 0 0 1
-0.337924 0.461504 580 0.155517 0.147342 5.45579 40.3438 -13 110 0 0 1
0.035873 0.0994429 580 0.0270813 0.0222596 9.83376 24.999 -13 111 0 0 1
-0.196739 -0.333393 580 -0.106391 0.120152 7.67071 31.017 -13 112 0 0 1
-0.0493936 -0.0138821 580 -0.00286871 0.0305739 11.9443 27.8086 -13 113 0 0 1
0.212667 -0.0673686 580 -0.125332 -0.0391208 8.04718 32.4813 -13 114 0 0 1
0.0827291 0.0100568 580 -0.41145 -0.163121 13.2216 35.5283 -13 115 0 0 1
0.0868074 -0.086736 580 -0.0356962 -0.0020911 10.2885 49.5021 -13 116 0 0 1
-0.0167798 -0.200774 580 -0.0539326 -0.0319555 11.563 23.2341 -13 117 0 0 1
0.0378474 -0.460458 580 -0.0705641 -0.0546786 5.83876 40.2579 -13 118 0 0 1
0.0863068 0.0327722 580 0.0746948 0.0207157 10.9684 38.7887 -13 119 0 0 1
0.307659 -0.464702 580 -0.0838908 -0.0331285 7.49824 41.6097 -13 120 0 0 1
-0.00908627 -0.101502 580 -0.0806112 0.0269964 7.96102 54.009 -13 121 0 0 1
0.172774 -0.0333346 580 0.024925 -0.0306676 8.97899 29.6066 -13 122 0 0 1
-0.302965 -0.142671 580 0.00368154 -0.0129682 4.98271 63.1724 -13 123 0 0 1
-0.0207983 -0.0576367 580 -0.0410768 -0.0373156 12.9939 31.4813 -13 124 0 0 1
0.00540003 0.0228724 580 0.0340191 -0.0399514 11.4587 44.8117 -13 125 0 0 1
0.290528 -0.404158 580 0.0408213 -0.245582 11.7193 42.9574 -13 126 0 0 1
-0.00344736 -0.14323 580 0.067935 -0.028466 9.61463 27.5714 -13 127 0 0 1
0.113526 0.0222505 580 -0.0337695 -0.072585 13.5022 25.2706 -13 128 0 0 1
-0.037481 -0.055113 580 -0.0582991 0.0138643 13.4914 28.344 -13 129 0 0 1
0.0532108 0.036082 580 0.00672466 -0.0251082 10.4563 42.2731 -13 130 0 0 1
-0.0795027 -0.162937 580 -0.00980247 0.037466 9.14099 30.9885 -13 131 0 0 1
-0.0323914 -0.0712369 580 0.204668 -0.0422216 13.2408 38.3373 -13 132 0 0 1
0.181557 0.0525234 580 0.0250768 -0.0746784 14.5126 33.5121 -13 133 0 0 1
0.022231 -0.0431907 580 0.0604174 0.0558984 7.25195 47.3323 -13 134 0 0 1
0.0307148 -0.0171188 580 -0.017199 -0.0333649 13.3491 20.1077 -13 135 0 0 1
0.00674009 -0.105336 580 -0.0432388 0.00733674 12.9782 28.1218 -13 136 0 0 1
-0.170152 0.157769 580 -0.00382816 -0.0170703 7.23002 32.8082 -13 137 0 0 1
-0.105373 -0.0561162 580 0.0209539 0.0624199 4.51323 49.8039 -13 138 0 0 1
-0.0480569 -0.0449045 580 -0.0427478 -0.0251524 11.4823 37.9659 -13 139 0 0 1
0.00968484 -0.133462 580 -0.0485565 -0.0189527 14.1387 40.0291 -13 140 0 0 1
-0.0118983 0.0267023 580 -0.00987474 0.0257083 13.8179 16.4169 -13 141 0 0 1
-0.096144 -0.010861 580 -0.00886249 0.0240236 13.7481 27.0493 -13 142 0 0 1
-0.0615693 -0.30846 580 -0.082748 -0.00562148 11.0294 24.6278 -13 143 0 0 1
-0.0612585 -0.0052127 580 0.0135413 0.0268112 14.3902 35.3316 -13 144 0 0 1
-0.0328066 0.118139 580 0.00279864 -0.0106914 9.86297 46.5031 -13 145 0 0 1
0.234095 0.0106604 580 -0.0231419 -0.0100268 9.22949 33.2584 -13 146 0 0 1
-0.0870471 0.0444028 580 0.0250115 0.0222669 11.2345 33.9522 -13 147 0 0 1
-0.0134299 0.0706485 580 -0.00820763 -0.030294 7.35884 41.3596 -13 148 0 0 1
0.103122 -0.204904 580 -0.0119312 -0.0369346 7.00688 38.1188 -13 149 0 0 1
0.0294689 0.0151744 580 -0.0160649 -0.0214813 13.8448 35.833 -13 150 0 0 1
-0.116156 -0.252183 580 -0.0427317 -0.0413258 8.08836 29.1833 -13 151 0 0 1
-0.0173287 -0.0214934 580 -0.0134103 0.0133146 14.1322 39.2101 -13 152 0 0 1
0.194226 0.100336 580 -0.0490508 -0.0210313 13.6913 39.1179 -13 153 0 0 1
-0.0323328 -0.173278 580 -0.00503809 -0.0407132 9.45256 39.3017 -13 154 0 0 1
-0.114875 -0.211674 580 -0.0714789 0.0758566 9.94297 46.2498 -13 155 0 0 1
0.0665541 -0.0422004 580 -0.0437052 -0.0160851 11.9784 34.3002 -13 156 0 0 1
0.0153525 0.00359705 580 -0.00279359 -0.0409289 13.2432 25.1705 -13 157 0 0 1
0.342834 0.232292 580 0.16375 -0.022166 8.42839 34.9538 -13 158 0 0 1
0.0190884 -0.00424936 580 0.00906133 0.0154267 14.3349 37.6967 -13 159 0 0 1
-0.202884 0.0963962 580 -0.0203025 0.0270184 7.48045 36.3867 -13 160 0 0 1
-0.0142676 0.162284 580 0.0872362 0.0283315 14.1062 21.9629 -13 161 0 0 1
0.00367742 0.193969 580 0.103529 0.0182454 9.72764 36.7462 -13 162 0 0 1
0.0762883 -0.133719 580 0.0178146 0.0413249 9.73568 24.469 -13 163 0 0 1
-0.0360283 0.0404801 580 0.0168772 0.00603205 14.2202 35.0388 -13 164 0 0 1
-0.0462474 0.0823577 580 0.0260908 0.0102116 12.3379 41.7381 -13 165 0 0 1
0.272994 -0.131841 580 -0.0526499 -0.111178 11.0192 47.7165 -13 166 0 0 1
-0.0877633 0.299572 580 0.0698854 -0.0691791 9.83119 26.1617 -13 167 0 0 1
0.000381939 -0.00711096 580 -0.00814556 0.0163829 11.4225 19.3649 -13 168 0 0 1
0.131559 -0.0865265 580 -0.0315889 -0.0520039 13.0643 42.5531 -13 169 0 0 1
-0.217101 0.0589614 580 0.0216834 0.0517241 8.9304 42.3137 -13 170 0 0 1
0.0165782 0.0772631 580 -0.0011767 0.00783731 14.5095 36.6279 -13 171 0 0 1
-0.267955 -0.231045 580 0.00315667 0.0865669 11.8521 32.4083 -13 172 0 0 1
-0.0640278 0.119334 580 0.0347064 0.0313661 13.0431 17.3583 -13 173 0 0 1
0.110579 -0.0835912 580 0.0135163 -0.038986 9.74188 45.1017 -13 174 0 0 1
-0.128853 -0.00096765 580 0.0301563 0.027646 10.6687 22.2432 -13 175 0 0 1
0.482152 -0.340966 580 -0.0836934 -0.154898 10.7816 33.79 -13 176 0 0 1
0.395685 -0.654809 580 -0.0104804 0.00212758 3.22396 64.7773 -13 177 0 0 1
-0.109954 -0.13191 580 -0.169678 -0.0659291 5.56152 48.2157 -13 178 0 0 1
0.663438 -0.162987 580 -0.263057 -0.224877 5.51517 53.2902 -13 179 0 0 1
-0.325473 0.602364 580 0.185576 -0.113201 7.12778 52.5525 -13 180 0 0 1
-0.179504 -0.229411 580 -0.0491359 0.0524262 8.77296 50.2571 -13 181 0 0 1
0.181613 -0.0767015 580 -0.0268127 -0.0239498 9.26015 40.0686 -13 182 0 0 1
0.142062 -0.0408459 580 -0.0525023 -0.0518038 14.0253 20.5015 -13 183 0 0 1
0.193544 -0.181476 580 -0.00863356 -0.101841 12.2625 21.9032 -13 184 0 0 1
-0.136513 -0.0420838 580 0.0296018 0.0165101 11.5037 34.1484 -13 185 0 0 1
-0.0773803 0.0258548 580 0.0337791 0.0365536 11.8767 46.8803 -13 186 0 0 1
0.00526776 -0.0335248 580 -0.0489074 -0.0398238 4.7131 46.6395 -13 187 0 0 1
0.092627 0.0476577 580 -0.0163326 -0.0387093 8.60214 40.8918 -13 188 0 0 1
-0.261473 -0.117565 580 0.00576822 0.086787 5.85278 36.4089 -13 189 0 0 1
0.0374207 0.114861 580 0.0626324 -0.0206694 8.41056 30.4554 -13 190 0 0 1
-0.939573 0.00751664 580 -0.167063 0.248207 12.2372 23.2415 -13 191 0 0 1
0.134963 0.0912263 580 0.00135719 -0.0765777 12.0766 23.1818 -13 192 0 0 1
0.100599 0.137805 580 -0.0133624 -0.0326847 10.3298 27.3108 -13 194 0 0 1
-0.0237663 0.133687 580 0.060234 0.0204657 10.8684 41.255 -13 195 0 0 1
-0.0931944 -0.00108199 580 -0.0748129 0.0400166 11.6884 47.37 -13 196 0 0 1
-0.126305 0.159343 580 0.0567991 0.0335499 12.3006 21.6501 -13 198 0 0 1
-0.0454337 0.00447335 580 0.00934258 0.0177855 12.9293 30.6583 -13 199 0 0 1
-0.0144276 -0.0944518 580 -0.0214554 -0.000656616 11.599 39.8707 -13 201 0 0 1
0.133104 0.0702091 580 0.0483163 -0.0337598 12.0121 38.4303 -13 202 0 0 1
-0.0531672 0.0505405 580 0.0150173 0.0310995 14.4597 35.3912 -13 203 0 0 1
0.147559 0.0844656 580 -0.100052 -0.05885 5.45783 46.4524 -13 204 0 0 1
-0.0799599 0.053197 580 0.00763754 0.00542828 7.15595 40.0864 -13 205 0 0 1
0.056478 -0.122443 580 -0.0640288 -0.101887 9.23972 50.5819 -13 207 0 0 1
-0.119912 0.0139732 580 0.0065755 0.0425165 13.7126 28.331 -13 209 0 0 1
-1.12348 -1.97419 580 -0.299473 0.806363 2.74521 85.6045 -13 210 0 0 1
0.0682018 0.0632083 580 -0.094638 -0.104287 6.5266 46.5961 -13 211 0 0 1
2.14786 -4.98293 580 -0.0209961 -0.00297811 0.0334993 46.8106 11 211 1002 0 1
0.0510368 0.0575088 580 0.254013 -0.0529966 13.9448 16.5296 -13 212 0 0 1
0.0296889 0.0504268 580 0.0782767 0.0315333 8.95923 52.2127 -13 213 0 0 1
0.0912653 -0.0320813 580 0.0126704 -0.0179932 9.79014 39.5626 -13 214 0 0 1
0.111305 0.0417431 580 0.00524399 -0.00757087 3.97835 63.248 -13 215 0 0 1
-0.0879634 0.0883201 580 0.0785587 0.0304082 9.89233 33.3629 -13 216 0 0 1
-0.0563753 -0.016958 580 -0.0358964 0.0316677 9.44967 35.1368 -13 217 0 0 1
0.015344 -0.221609 580 -0.0179191 -0.00929853 5.09755 54.5407 -13 218 0 0 1
0.123388 -0.0632673 580 0.00331434 -0.0716454 9.75668 31.7367 -13 219 0 0 1
0.156518 0.0145529 580 -0.00648312 -0.0490389 13.3221 27.6136 -13 220 0 0 1
0.166993 -0.32382 580 0.0945854 -0.0909332 3.42755 64.865 -13 221 0 0 1
-0.0844328 -0.0425906 580 0.00424036 0.031342 8.92 30.3719 -13 222 0 0 1
-0.0994374 -0.148003 580 -0.0142579 -0.00271255 8.63994 27.5026 -13 223 0 0 1
0.193715 0.0287412 580 0.00943838 0.0964166 6.07651 62.6453 -13 224 0 0 1
0.0166268 0.00150484 580 -0.00485677 -0.0117233 12.3404 37.9209 -13 225 0 0 1
0.156176 -0.0675437 580 -0.0414266 -0.0694874 10.0892 39.7337 -13 226 0 0 1
-0.144437 0.0356082 580 -0.017716 0.0861486 12.6187 36.3972 -13 227 0 0 1
-0.00752736 -0.0632056 580 -0.0255462 0.0180888 13.501 28.9183 -13 228 0 0 1
0.0393039 0.0499779 580 0.0101685 -0.0179599 13.4416 26.4814 -13 229 0 0 1
-0.499553 0.210873 580 0.0531048 0.121737 11.9525 19.0187 -13 230 0 0 1
0.198933 0.21551 580 0.0679462 -0.060531 8.99954 49.3405 -13 231 0 0 1
-0.0968744 0.0721641 580 0.0375353 -0.0178489 6.26538 51.8358 -13 232 0 0 1
-0.215274 0.126054 580 0.115155 -0.0280933 10.9614 47.0337 -13 233 0 0 1
0.0279005 -0.0120142 580 -0.00355751 -0.0323729 12.4857 19.8391 -13 234 0 0 1
0.0795257 0.277188 580 0.0100968 0.0968937 6.30435 56.1032 -13 235 0 0 1
-0.0757366 -0.038408 580 -0.0839063 -0.000345062 4.43414 65.1962 -13 236 0 0 1
-0.0397999 -0.118313 580 -0.0668088 0.0193064 8.35744 39.9298 -13 237 0 0 1
0.151253 -0.0531578 580 0.0404533 -0.0824434 9.42587 27.0552 -13 238 0 0 1
0.0121968 0.0930995 580 0.020581 -0.0348559 12.7744 28.1738 -13 239 0 0 1
0.016592 -0.0704054 580 -0.0264038 -0.0160965 12.7531 21.8717 -13 240 0 0 1
-0.0300935 -0.0577502 580 -0.082547 -0.0332552 12.7886 18.6375 -13 241 0 0 1
-0.0508939 -0.113268 580 -0.0389489 0.0217036 10.9244 35.5087 -13 242 0 0 1
0.0146131 0.00997826 580 -0.018892 -0.0547992 13.7979 43.1346 -13 243 0 0 1
0.167694 0.142977 580 -0.0429306 -0.0321443 8.64363 47.5384 -13 244 0 0 1
0.111792 0.126499 580 0.0480249 -0.0190118 12.9087 28.6658 -13 245 0 0 1
0.0244639 0.0431273 580 0.0146715 0.0562611 8.07618 34.6438 -13 246 0 0 1
0.07219 -0.0196855 580 -0.0401808 -0.0383116 11.6338 28.4972 -13 247 0 0 1
-0.110418 -0.00611857 580 -0.00650841 0.0419603 11.8216 45.2027 -13 248 0 0 1
0.0337691 0.0112264 580 -0.00257696 -0.00565774 12.3467 27.7922 -13 249 0 0 1
-0.0732156 -0.0144472 580 0.00714715 0.0803146 10.3468 39.643 -13 250 0 0 1
-0.0676569 -0.0816278 580 0.0325785 0.0460623 8.29252 51.175 -13 251 0 0 1
0.107207 -0.0137073 580 -0.00690909 -0.0167805 12.9706 23.8075 -13 252 0 0 1
0.323808 -0.0748459 580 0.102533 -0.0721455 11.9069 38.8309 -13 253 0 0 1
0.318822 -0.215009 580 -0.0496238 -0.0331428 8.31161 29.5788 -13 254 0 0 1
-0.070607 0.00843117 580 0.0116215 0.0315983 12.0642 25.0491 -13 255 0 0 1
2.78784 0.411806 580 -0.00397771 -0.00942829 -0.0346277 30.5967 11 255 1001 0 1
0.100939 0.215305 580 0.0489911 -0.108487 12.2392 17.9161 -13 256 0 0 1
0.156445 0.119256 580 0.0202461 -0.0180956 11.2826 29.7386 -13 257 0 0 1
0.120232 0.202069 580 0.0631646 -0.0653523 11.7253 34.6317 -13 258 0 0 1
-0.000207882 0.0586767 580 0.00325341 0.0165207 14.4536 20.0176 -13 259 0 0 1
-0.0807626 0.0256781 580 -0.0126153 -0.0138228 14.2167 38.58 -13 260 0 0 1
0.105967 -0.0952242 580 -0.064775 -0.00484276 13.8406 30.2791 -13 261 0 0 1
-0.00271142 -0.191678 580 -0.0929948 -0.0673978 12.9544 35.5013 -13 262 0 0 1
0.0148228 0.00305545 580 0.0273068 -0.023727 10.5314 27.45 -13 263 0 0 1
0.793088 0.226838 580 -0.0413936 -0.039147 3.3382 79.9961 -13 264 0 0 1
-0.047464 -0.0328949 580 -0.00405795 -0.0132832 12.8052 40.1259 -13 265 0 0 1
0.151631 0.243521 580 0.0439661 -0.00862432 11.3198 43.0267 -13 266 0 0 1
0.0804519 0.0922153 580 0.0350788 -0.019231 14.0569 37.5 -13 267 0 0 1
-0.212437 -0.0719974 580 0.043332 0.0480594 12.253 22.739 -13 268 0 0 1
-0.0129406 0.340791 580 0.0587439 0.0375837 11.9034 29.4971 -13 269 0 0 1
0.144856 -0.633143 580 -0.180964 0.0467642 3.14397 88.3155 -13 270 0 0 1
0.0537637 -0.0347678 580 0.0397131 -0.0841186 7.2602 55.8598 -13 271 0 0 1
0.0133305 -0.0299162 580 0.00806632 -0.0125732 14.4648 24.5333 -13 272 0 0 1
0.112762 -0.0890783 580 -0.0248403 -0.0258449 8.03935 36.0658 -13 273 0 0 1
-2.368 -4.10176 580 0.0114544 0.0327513 0.0539185 33.4347 11 273 1001 0 1
0.200939 -0.181207 580 -0.105355 -0.0537864 12.6067 43.6942 -13 274 0 0 1
-0.141577 0.0502154 580 -0.0111058 0.0658291 8.72141 43.3737 -13 275 0 0 1
1.49514 0.824366 580 0.0347323 0.00622062 0.0554056 42.605 11 275 1001 0 1
0.0528522 -0.0585717 580 0.0171893 0.00690728 11.5268 23.9337 -13 276 0 0 1
0.0295096 0.036833 580 0.0436764 -0.0734469 9.6131 46.7635 -13 277 0 0 1
-0.0202633 -0.015495 580 0.018608 0.00391417 13.7545 28.0746 -13 278 0 0 1
0.0273599 -0.036507 580 -0.0371002 0.0142789 13.3456 36.4091 -13 279 0 0 1
-0.067209 0.0477552 580 -0.150271 0.0558608 6.2963 39.1407 -13 280 0 0 1
0.0706816 -0.243544 580 -0.0377098 -0.0410359 8.13749 45.4991 -13 281 0 0 1
0.0741076 -0.101379 580 -0.0147361 -0.0159705 9.50926 45.2398 -13 282 0 0 1
0.0495936 -0.0477018 580 -0.0145314 -0.0151504 10.6939 26.8059 -13 283 0 0 1
-0.105101 -0.160792 580 -0.0612124 0.0769513 7.19257 42.3265 -13 284 0 0 1
-0.55967 -0.359583 580 -0.0498128 0.126804 2.88001 91.309 -13 285 0 0 1
0.15477 0.143453 580 0.0789497 0.0123423 6.73592 56.541 -13 286 0 0 1
0.0867156 0.251626 580 0.0132265 -0.0596093 10.8729 47.4418 -13 287 0 0 1
-0.00464384 -0.0335108 580 -0.0124913 -0.0258894 11.9546 43.0458 -13 288 0 0 1
0.0840094 0.0445444 580 0.026554 -0.0231186 9.45153 39.6408 -13 289 0 0 1
0.0969575 -0.084468 580 -0.034474 -0.0791311 9.04212 31.6569 -13 290 0 0 1
0.350916 -0.173206 580 -0.0027462 -0.0200549 6.89019 48.6815 -13 291 0 0 1
0.106674 0.0400153 580 0.0164062 -0.0107129 13.2699 19.1515 -13 292 0 0 1
0.0340618 0.034966 580 -0.0208001 -0.0282256 7.37784 57.1177 -13 293 0 0 1
-0.00678364 -0.00873937 580 -0.0265314 0.0107632 13.8203 44.8149 -13 294 0 0 1
-0.361539 0.307305 580 0.134821 0.151327 7.21021 51.6223 -13 295 0 0 1
-0.840101 -0.127275 580 -0.00911479 -0.0295907 0.0227065 52.2998 11 295 1003 0 1
0.310016 -0.0715916 580 -0.00558112 0.00678842 6.0012 49.3868 -13 296 0 0 1
-0.344918 0.0639645 580 0.0698843 0.0953581 11.9749 22.3317 -13 297 0 0 1
-0.0565503 0.00629601 580 -0.023821 0.0258864 12.1806 30.0217 -13 299 0 0 1
0.0317488 0.213508 580 0.177106 0.0497576 3.04602 87.6617 -13 300 0 0 1
0.00812681 -0.217155 580 0.0016039 0.0431873 8.21751 51.7846 -13 301 0 0 1
0.131487 -0.153645 580 -0.115069 -0.113039 7.50743 43.503 -13 302 0 0 1
0.0986429 0.154023 580 0.0825247 -0.0262281 11.6578 31.0513 -13 303 0 0 1
0.2835 -0.262795 580 -0.0700833 -0.0807106 7.63899 44.1528 -13 304 0 0 1
0.307378 -2.02328 580 0.0224103 0.0181117 0.0459453 43.9587 11 304 1001 0 1
-0.0349375 -0.0331088 580 -0.00750674 0.00958434 11.0868 29.0971 -13 305 0 0 1
-0.0363716 0.081632 580 0.0450267 0.0249976 9.7071 36.9727 -13 306 0 0 1
-0.327605 -0.184533 580 0.107571 0.306766 4.31652 57.2877 -13 307 0 0 1
1.61165 -3.08994 580 -0.012139 -0.0105071 0.028752 56.6631 11 307 1001 0 1
0.0692225 0.051497 580 0.0157117 0.0270968 12.3837 23.5616 -13 308 0 0 1
-0.0903628 -0.105791 580 -0.120102 -0.0633838 9.54044 42.0288 -13 309 0 0 1
0.150238 -0.0155449 580 -0.0595572 -0.0577592 5.63671 45.6605 -13 310 0 0 1
-0.14451 -0.0585545 580 -0.0264625 0.0474147 13.9786 32.2968 -13 311 0 0 1
0.00403022 0.0375944 580 0.0113036 -0.00269039 12.1564 24.3476 -13 312 0 0 1
-0.0548952 0.0470631 580 -0.0209541 0.0344588 13.0438 18.0631 -13 313 0 0 1
0.0691822 -0.0550934 580 -0.026139 0.0034369 13.8134 16.9644 -13 314 0 0 1
-0.126 0.0668841 580 0.0359318 0.0321016 11.6205 21.9606 -13 315 0 0 1
-0.146604 0.14977 580 0.0281794 0.0294627 9.07387 29.5292 -13 316 0 0 1
-0.290973 0.363171 580 -0.0382389 0.00559689 2.04198 83.2093 -13 317 0 0 1
0.118936 -0.154973 580 0.0207509 -0.150908 6.0764 39.5178 -13 318 0 0 1
0.000272793 -0.128756 580 -0.0326711 -0.0020069 13.8099 21.1245 -13 320 0 0 1
0.0243811 0.0771475 580 0.0805004 0.024897 9.99312 26.585 -13 321 0 0 1
0.119651 0.110707 580 0.01987 -0.03232 12.7439 22.3341 -13 322 0 0 1
0.0184588 -0.274165 580 -0.0299504 0.00483185 6.07992 41.2217 -13 323 0 0 1
0.183335 -0.273242 580 -0.044403 -0.0497456 11.4411 45.209 -13 325 0 0 1
-0.00697871 0.040521 580 0.0192888 -0.00805981 10.7063 39.9954 -13 326 0 0 1
-0.110455 -0.0614193 580 -0.022131 0.041978 12.4478 30.0409 -13 327 0 0 1
-0.415992 -0.219024 580 0.0403919 0.160463 4.08956 68.8312 -13 328 0 0 1
-0.00193006 -0.268379 580 -0.0649771 -0.0256201 11.9786 39.8365 -13 329 0 0 1
-0.0125305 0.14183 580 0.0252061 -0.158496 8.9219 31.5265 -13 330 0 0 1
0.192185 -0.0608167 580 -0.00781965 -0.0772323 5.53023 37.8688 -13 331 0 0 1
1.26918 0.249864 580 0.0825571 -0.37458 4.7833 47.6611 -13 332 0 0 1
-0.0424294 0.0470682 580 -0.0244073 0.030075 9.85221 32.5426 -13 333 0 0 1
-0.0353198 0.0438612 580 0.0574581 0.0204598 12.853 19.0808 -13 334 0 0 1
0.192675 0.115387 580 -0.0188461 -0.041069 14.2497 36.0465 -13 335 0 0 1
0.117996 -0.254291 580 0.0217673 -0.00571537 5.66648 49.9131 -13 336 0 0 1
-0.0317465 0.0673296 580 0.0200034 0.0425708 13.7329 33.8274 -13 337 0 0 1
-0.0163976 -0.0793731 580 0.0142965 0.0183145 9.64949 46.2569 -13 338 0 0 1
0.0597888 0.321079 580 0.147393 -0.0450097 9.31703 51.1534 -13 339 0 0 1
-0.0459256 -0.0221744 580 0.0302153 -0.00457906 12.457 44.5306 -13 341 0 0 1
2.57419 0.931532 580 0.0468133 0.00204155 0.211381 160.373 -13 343 0 0 1
0.0413511 -0.0521098 580 -0.0248697 -0.00875261 13.2403 22.3687 -13 344 0 0 1
0.253575 -0.465969 580 -0.0162434 -0.176208 9.63903 22.3815 -13 345 0 0 1
-6.08531 -2.17149 580 0.02726 0.0434428 0.0332631 24.6823 11 345 1002 0 1
0.0233087 0.0120768 580 0.00502134 -0.0156518 13.4526 30.888 -13 346 0 0 1
-0.069604 0.046067 580 0.0398473 -0.0175701 12.1077 32.0752 -13 347 0 0 1
0.102641 0.033758 580 0.0120587 -0.0679908 13.7841 41.7609 -13 348 0 0 1
-0.0909399 0.206946 580 0.166925 0.0694579 7.08303 43.4194 -13 349 0 0 1
4.32717 1.11425 580 -0.000881262 -0.00371113 0.0374526 37.1997 11 349 1001 0 1
-0.0254656 -0.139359 580 -0.0448692 -0.0785311 7.73945 50.0494 -13 350 0 0 1
0.989554 0.766007 580 0.359502 1.03851 4.27153 54.1146 -13 351 0 0 1
-0.0967072 -0.718267 580 -0.185416 -0.0451637 4.15999 59.7425 -13 352 0 0 1
0.234072 -0.106427 580 -0.023298 -0.106308 10.8478 46.6569 -13 354 0 0 1
-0.945055 -0.56498 580 -0.120564 -0.151738 3.01788 80.1488 -13 355 0 0 1
0.0472301 -0.363361 580 -0.0941305 -0.00449928 9.76879 49.2903 -13 356 0 0 1
-0.0698618 0.249281 580 -0.00783527 -0.00685718 10.627 47.0467 -13 357 0 0 1
2.93432 1.78724 580 -0.0355483 0.0113018 0.0544427 48.2047 11 357 1002 0 1
0.200327 0.00752666 580 -0.0444932 -0.0528123 10.9032 36.7714 -13 358 0 0 1
0.0616264 -0.00923314 580 0.00907002 -0.0143097 11.7942 24.1062 -13 359 0 0 1
0.0228145 0.00784901 580 0.0147382 -0.0136919 13.5083 37.2566 -13 360 0 0 1
0.0462429 -0.3674 580 0.0669323 -0.0452591 3.69624 58.3181 -13 361 0 0 1
0.0485217 -0.077405 580 -0.0296925 -0.0254887 8.74833 24.8096 -13 362 0 0 1
0.113079 -0.0929707 580 -0.00882814 -0.0539853 12.1668 45.7602 -13 363 0 0 1
-0.472301 0.850659 580 -0.037028 0.00196303 0.0563969 46.2121 11 363 1001 0 1
-0.0434219 0.019739 580 0.0255293 0.018357 14.4492 19.4903 -13 364 0 0 1
0.0727758 -0.000328644 580 0.00827611 -0.000992153 11.8469 22.5852 -13 365 0 0 1
-0.0851712 -0.00263532 580 0.0254732 0.0399269 7.88667 27.3586 -13 366 0 0 1
-0.204203 0.218143 580 0.0832447 0.0470951 11.7118 42.6116 -13 367 0 0 1
-0.126989 -0.35513 580 -0.0985101 0.0757703 5.99363 53.5274 -13 368 0 0 1
-0.177982 -0.0810413 580 -0.0199012 0.0238798 6.44877 35.8714 -13 370 0 0 1
-0.184405 -0.0570804 580 -0.161416 0.105332 14.5212 32.3722 -13 371 0 0 1
-0.860204 2.98274 580 0.143548 0.0135578 0.960319 129.489 -13 372 0 0 1
-0.210408 -0.0462839 580 0.0650223 0.0811597 14.198 24.1051 -13 373 0 0 1
-0.68038 0.359842 580 0.0543187 0.165011 4.9576 47.0239 -13 374 0 0 1
0.0386411 0.0722493 580 0.010028 0.00643071 13.3701 37.8093 -13 375 0 0 1
-0.191827 -0.0447704 580 0.00888724 0.181723 6.60636 44.1298 -13 376 0 0 1
-0.0675564 -0.126368 580 -0.0343724 0.0098632 10.5212 30.082 -13 377 0 0 1
-0.323711 -0.127301 580 0.0193679 0.0410932 7.41194 31.1153 -13 379 0 0 1
-0.135033 0.0830903 580 -0.00329057 0.0728337 10.7125 24.9299 -13 380 0 0 1
-0.0498541 0.0809268 580 -0.0409186 0.00309656 7.79992 39.2699 -13 381 0 0 1
0.0657054 -0.132542 580 -0.0591667 -0.012238 13.3989 28.389 -13 382 0 0 1
-0.0777869 0.0494854 580 0.0640291 0.0823234 14.1016 29.5665 -13 384 0 0 1
-0.0379411 0.00882413 580 -0.0143914 -0.0267003 14.4609 23.9193 -13 386 0 0 1
-0.0741699 -0.0538817 580 -0.00292274 0.0268576 14.4316 32.5915 -13 387 0 0 1
0.0691513 0.213203 580 0.0505029 0.0535273 9.35034 46.0656 -13 388 0 0 1
-1.41463 -0.834683 580 -0.0155493 0.0428811 0.0130145 47.0833 11 388 1001 0 1
0.00583573 0.227878 580 0.0662561 0.0240615 13.4416 34.3838 -13 389 0 0 1
-5.86225 1.62451 580 -0.00827302 0.0260096 0.0647944 36.0361 11 389 1001 0 1
-0.384341 0.0426878 580 -0.0432044 0.136806 10.3159 29.6373 -13 390 0 0 1
-0.0725082 -0.0787859 580 -0.00581561 -0.0434691 8.67747 52.2918 -13 391 0 0 1
-1.15788 1.31676 580 0.00983631 -0.0110336 0.0355113 54.4352 11 391 1002 0 1
-0.0213007 -0.121595 580 0.00291386 0.00430874 8.12822 52.9437 -13 392 0 0 1
-0.692496 -0.0647125 580 -0.019686 0.187965 3.91557 54.1742 -13 393 0 0 1
-1.25321 2.12368 580 0.0640124 0.640837 3.76284 61.0879 -13 394 0 0 1
0.195566 -0.565782 580 -0.148994 -0.0541492 14.1034 24.0372 -13 395 0 0 1
0.016874 -0.17263 580 -0.0366283 0.0614657 7.07395 45.4872 -13 396 0 0 1
0.0771946 -0.0355733 580 0.0181353 -0.0258461 14.4991 22.1355 -13 397 0 0 1
0.00891382 0.0485291 580 -0.00881346 0.0146965 13.3061 23.339 -13 398 0 0 1
0.0410727 -0.0345874 580 -0.0412901 0.0267017 12.6191 20.2386 -13 399 0 0 1
-0.171406 -0.0671671 580 -0.0510049 0.0520612 11.6527 29.5885 -13 400 0 0 1
-0.12693 0.138323 580 0.0177234 0.0290675 11.1762 32.1561 -13 401 0 0 1
0.204927 0.204593 580 -0.0800721 -0.0266654 7.31186 30.0548 -13 402 0 0 1
-0.0474423 0.367071 580 0.0935121 0.0374878 5.72416 56.0108 -13 403 0 0 1
0.0312765 0.10814 580 0.0348004 0.00803257 14.3935 23.2595 -13 404 0 0 1
0.199883 0.0850897 580 0.174108 -0.103123 12.7774 33.7419 -13 405 0 0 1
2.66264 -1.16596 580 0.0557889 0.0258099 0.0707435 33.1317 11 405 1001 0 1
0.0105812 -0.188532 580 -0.0427092 0.0435722 7.11939 44.3697 -13 406 0 0 1
0.501748 0.258548 580 -0.034109 -0.105854 4.74204 66.8153 -13 407 0 0 1
-0.153591 0.0237279 580 -0.0480199 0.000988154 10.861 40.8904 -13 408 0 0 1
1.88571 -3.85456 580 -0.0512223 -0.00117998 0.0403732 41.6114 11 408 1001 0 1
-0.0489632 -0.0331022 580 0.084156 0.0778488 12.2014 20.9072 -13 409 0 0 1
-0.0140892 -0.215393 580 0.055168 -0.00133096 7.18971 39.1029 -13 410 0 0 1
0.252013 -0.147539 580 0.0331668 -0.0890878 6.83116 35.5131 -13 411 0 0 1
-0.0993676 0.0425859 580 -0.0629769 0.0357546 7.2632 33.3041 -13 412 0 0 1
0.315888 0.0848048 580 0.0129348 -0.120918 5.59225 37.1952 -13 413 0 0 1
-0.122409 -0.0313573 580 0.0224467 0.00518234 9.82273 27.9965 -13 414 0 0 1
-0.0937522 0.0550457 580 0.0604204 0.06571 8.26559 32.3814 -13 415 0 0 1
-0.0669184 -0.0783636 580 -0.013073 0.0188542 0.0191074 33.3132 11 415 1001 0 1
-0.150314 0.0410287 580 0.00995675 -0.0282548 12.6227 30.6518 -13 416 0 0 1
0.447039 0.401407 580 0.0601531 -0.263753 6.44953 37.7969 -13 417 0 0 1
-0.0474013 -0.289436 580 -0.128365 0.00277864 9.95391 47.4437 -13 418 0 0 1
-2.34633 -0.152812 580 0.0246456 0.0426549 0.0578781 44.8669 11 418 1001 0 1
0.384325 0.25608 580 0.158949 -0.101819 7.67584 41.0166 -13 419 0 0 1
0.156912 -0.00180245 580 -0.0144186 -0.0721447 12.4762 26.9463 -13 420 0 0 1
-0.0686335 0.0334165 580 -0.0109671 -0.0168873 13.2077 20.9078 -13 421 0 0 1
0.313773 0.177309 580 0.0201957 -0.215997 7.03388 33.3892 -13 422 0 0 1
1.10623 -1.49924 580 0.0156314 -0.0209221 0.0418093 33.2107 11 422 1001 0 1
0.211528 -0.204628 580 -0.0430782 -0.0285945 9.32343 32.4471 -13 424 0 0 1
-0.00951189 -0.291061 580 -0.181408 -0.0652934 5.08883 69.1043 -13 425 0 0 1
-0.0176258 0.224969 580 0.0737865 0.0275076 4.99014 64.8428 -13 426 0 0 1
0.0795258 0.0549801 580 0.00802812 -0.0165658 10.8101 45.2509 -13 427 0 0 1
-0.101793 0.0560884 580 0.0224624 0.0108463 7.01211 37.8554 -13 428 0 0 1
-0.274206 0.306143 580 -0.0623203 0.0929583 7.78183 39.8097 -13 429 0 0 1
-0.0518135 -0.0414618 580 0.0457029 -0.00614766 9.9413 31.4861 -13 430 0 0 1
-0.220511 0.134143 580 0.0464569 0.0398071 10.837 29.3952 -13 431 0 0 1
-0.0262389 -0.127893 580 -0.0268008 0.0511608 9.9476 39.2482 -13 432 0 0 1
0.0248444 -0.0919305 580 -0.0264786 -0.0364148 11.0327 44.3062 -13 433 0 0 1
-0.0339963 0.0585455 580 0.0147363 0.0219419 13.7011 26.835 -13 434 0 0 1
-0.335322 0.0885593 580 0.0728959 0.0678477 11.3829 33.4767 -13 435 0 0 1
-0.208429 -0.0503771 580 0.0449106 0.0158546 11.216 25.5353 -13 436 0 0 1
-4.30802 3.84232 580 -0.0501035 0.0127153 0.0135746 28.0412 11 436 1001 0 1
0.0623246 0.0356164 580 0.00752452 -0.00633819 10.7077 30.9818 -13 437 0 0 1
0.0577223 -0.0479374 580 0.0140392 -0.0535531 11.1284 35.3484 -13 438 0 0 1
-0.196498 -0.117396 580 -0.0310697 0.069924 11.9475 46.2257 -13 439 0 0 1
0.122558 0.00224841 580 0.0467434 -0.0630606 8.85308 44.6218 -13 440 0 0 1
-0.18193 -0.00485348 580 -0.0544341 0.011329 11.3907 32.6532 -13 441 0 0 1
0.0198681 -0.416801 580 -0.116033 -0.0315593 3.89906 52.5328 -13 442 0 0 1
0.0311874 -0.238546 580 -0.0439641 -0.0290314 7.5758 53.093 -13 443 0 0 1
0.11185 0.126294 580 0.0604855 0.0266447 11.3862 29.3243 -13 444 0 0 1
-0.0327824 -0.26195 580 -0.087938 0.0882855 7.96511 51.8673 -13 445 0 0 1
1.0743 -1.12953 580 0.0228862 0.0158885 0.0480035 51.7105 11 445 1001 0 1
-0.0125653 -0.101932 580 -0.0362691 -0.0130769 13.3979 42.5738 -13 446 0 0 1
0.0439505 -0.0123816 580 0.0177288 0.0100565 11.5785 30.3189 -13 447 0 0 1
0.204304 -0.189558 580 -0.0727969 -0.0632149 9.80567 25.0186 -13 448 0 0 1
-0.00693752 -0.0455423 580 -0.0215133 0.0741302 8.16436 30.2585 -13 449 0 0 1
0.134287 -0.0769539 580 0.0162248 -0.00788133 12.3412 46.381 -13 450 0 0 1
0.0271545 0.220494 580 0.00261688 -0.00264312 7.84869 47.1084 -13 451 0 0 1
0.275406 -0.00610298 580 -0.00912122 -0.12444 11.8612 44.3044 -13 452 0 0 1
0.0401761 -0.107684 580 -0.0360813 -0.00753601 12.9756 44.1833 -13 453 0 0 1
0.00913266 -0.00796383 580 0.00477722 -0.0338612 9.55705 31.2557 -13 454 0 0 1
0.0820448 0.0799086 580 0.0610747 -0.00160146 13.9942 19.0586 -13 456 0 0 1
-0.215125 0.019844 580 0.0632483 0.0688515 9.44604 23.8668 -13 457 0 0 1
-0.0952462 0.230372 580 0.0731953 -0.0154917 11.5959 44.9226 -13 458 0 0 1
-0.0424377 0.0483547 580 0.0512508 0.0295001 7.98233 34.9052 -13 459 0 0 1
0.0479287 -0.0469782 580 -0.0411002 0.00632229 10.5723 23.0319 -13 460 0 0 1
-0.0671689 0.00401493 580 0.00549369 -0.0147598 13.4483 41.7676 -13 461 0 0 1
0.197451 -0.119769 580 -0.0723857 -0.0457078 13.6772 41.7099 -13 462 0 0 1
0.0745205 0.0489487 580 0.0299615 -0.0158392 7.68659 39.3666 -13 463 0 0 1
-0.186593 0.176289 580 0.0687359 0.321425 3.74914 79.4342 -13 464 0 0 1
0.0186916 -0.155055 580 -0.0814142 0.0227382 9.88581 26.8805 -13 465 0 0 1
-0.176455 0.0578555 580 0.0160188 0.0437232 7.38884 29.9413 -13 466 0 0 1
-0.134734 -0.187039 580 -0.0546231 0.0254634 14.0416 18.4154 -13 467 0 0 1
-1.79143 -1.74842 580 -0.0391397 -0.0378655 0.0396964 22.6307 11 467 1001 0 1
0.0265376 0.0614375 580 0.0285987 -0.0270008 8.80383 34.2808 -13 468 0 0 1
0.0218114 -0.109276 580 0.0229916 0.0314274 4.80221 59.344 -13 469 0 0 1
0.314847 0.0746267 580 0.0976797 -0.133941 6.37614 34.9608 -13 470 0 0 1
-1.48886 -15.331 580 -0.0184626 -0.0178994 0.0279465 32.2301 11 470 1001 0 1
0.0686159 0.0171246 580 0.000509153 -0.00123997 9.95593 41.3895 -13 472 0 0 1
0.585012 -1.59822 580 -0.0225995 0.00590457 0.0861184 38.465 11 472 1001 0 1
0.179271 -0.440151 580 -0.103662 -0.173011 5.35802 40.0441 -13 473 0 0 1
0.0435033 -0.115702 580 -0.0537666 -0.155826 8.24048 40.6853 -13 474 0 0 1
0.0434311 -0.0347777 580 -0.0252238 -0.000946599 11.7908 28.3069 -13 475 0 0 1
-0.0309687 -0.165576 580 -0.116041 0.0254811 7.83603 27.7435 -13 476 0 0 1
0.0112997 0.0778948 580 -0.000511687 0.0193521 9.49473 38.3248 -13 477 0 0 1
0.0696612 -0.320427 580 -0.105929 -0.0493292 9.74828 24.5696 -13 478 0 0 1
-0.226231 0.28166 580 0.0522415 -0.101728 5.35675 41.1164 -13 479 0 0 1
-0.0753257 -0.0444492 580 0.0212613 0.0784022 10.7039 36.8914 -13 480 0 0 1
0.0145077 -0.171026 580 -0.0547493 -0.135474 8.97103 37.8357 -13 481 0 0 1
0.115907 0.134372 580 0.0933735 -0.0323055 6.53 60.8643 -13 482 0 0 1
-0.00855848 -0.0277488 580 -0.00424191 0.00232095 14.0428 44.3305 -13 483 0 0 1
0.202729 0.0121733 580 0.0181592 -0.0819637 7.46734 42.0418 -13 484 0 0 1
-0.0186402 -0.174787 580 -0.0666192 0.011083 11.3469 22.2787 -13 485 0 0 1
0.0932291 -0.0440637 580 0.0143396 -0.0930956 7.32226 36.2822 -13 486 0 0 1
0.0775813 -0.0696344 580 -0.0449398 -0.0298344 13.0186 34.5122 -13 487 0 0 1
0.392547 0.318588 580 0.28318 -0.154007 5.33044 59.0607 -13 488 0 0 1
-0.101665 0.0057918 580 -0.0518329 -0.000313923 13.889 20.1798 -13 489 0 0 1
-0.87124 0.0303278 580 0.0730784 0.0380628 3.74039 56.3616 -13 490 0 0 1
-0.0118637 -0.128327 580 -0.0599162 -0.034311 7.5163 52.4228 -13 491 0 0 1
1.74538 -0.804641 580 -0.0248348 -0.00762607 0.0572726 51.7708 11 491 1001 0 1
-0.107555 0.0384153 580 0.0156413 0.0324081 13.9334 19.5329 -13 492 0 0 1
-0.110077 -0.0891594 580 -0.0203838 0.0182659 12.4292 41.9248 -13 493 0 0 1
-0.175144 -0.0763017 580 -0.0197645 0.0626149 12.9628 39.9682 -13 494 0 0 1
0.0369097 0.181829 580 0.0553424 0.000663913 14.449 16.1947 -13 495 0 0 1
0.100789 0.0171376 580 0.0652773 -0.0419861 10.725 26.7804 -13 496 0 0 1
-0.15775 0.147207 580 0.0426267 0.0244672 14.0556 16.2695 -13 497 0 0 1
0.128812 -0.0256587 580 -0.0418817 -0.0264905 13.5488 32.1171 -13 498 0 0 1
0.15461 -0.363673 580 -0.00773904 -0.00293729 0.131703 25.6976 11 498 1002 0 1
-0.248757 -0.0311749 580 0.0558756 0.0938577 11.9479 33.4923 -13 499 0 0 1
0.215069 0.145903 580 0.00731598 -0.076886 12.6635 30.1175 -13 500 0 0 1
0.0863142 0.0560063 580 0.00969105 -0.0531107 10.8824 29.6646 -13 501 0 0 1
-0.0765544 -0.103126 580 -0.0287307 -0.00326364 14.4324 20.0407 -13 502 0 0 1
0.0587497 -0.169226 580 -0.0347595 0.0155466 10.2329 26.442 -13 503 0 0 1
-0.00523424 0.0300736 580 0.00117876 -0.0176678 11.1755 35.8763 -13 504 0 0 1
-0.95336 -0.314891 580 -0.258972 -0.448437 3.34934 73.0162 -13 505 0 0 1
-0.0313267 -0.0831691 580 0.0592065 -0.0166562 8.66721 32.1738 -13 506 0 0 1
0.0528322 -0.126756 580 -0.038917 -0.0217712 12.4599 28.9018 -13 507 0 0 1
0.0494048 0.0377768 580 0.0219639 -0.0361175 11.4288 44.0762 -13 508 0 0 1
0.160129 0.0956049 580 -0.000209203 -0.0293549 8.17997 46.0882 -13 509 0 0 1
0.0447046 0.0944294 580 0.193462 -0.163504 10.535 29.9923 -13 510 0 0 1
-0.00270339 0.0377755 580 0.00117519 0.0274387 10.44 23.3545 -13 511 0 0 1
-0.0941415 0.000670996 580 -0.0116596 0.021235 12.8882 34.454 -13 512 0 0 1
0.038086 0.0644484 580 -0.0319133 -0.00293529 13.3297 16.7306 -13 513 0 0 1
-0.267998 -0.121144 580 0.0271608 0.131827 7.94451 31.9593 -13 514 0 0 1
-0.0125145 0.121609 580 0.0325252 0.0220276 10.2339 44.3831 -13 515 0 0 1
-0.207322 0.110567 580 0.0224764 0.0733802 3.83504 60.5194 -13 516 0 0 1
0.205042 0.334824 580 0.0788558 -0.0321683 8.18448 28.5718 -13 517 0 0 1
0.37874 -0.0787507 580 0.348574 -0.0951116 12.3636 22.2948 -13 518 0 0 1
0.170702 -0.357432 580 -0.0847918 -0.0473579 11.663 36.9425 -13 519 0 0 1
-0.133086 0.00168261 580 -0.0109962 0.0503984 11.6362 35.394 -13 520 0 0 1
0.0381926 -0.0265373 580 0.0079073 -0.0151568 12.9477 27.9306 -13 522 0 0 1
0.0369817 0.0115153 580 0.00686162 -0.00756154 13.5819 31.7285 -13 523 0 0 1
0.384343 -0.507389 580 -0.34141 0.0570666 3.71698 77.9666 -13 524 0 0 1
0.218167 0.149688 580 0.0564302 -0.0355857 9.7081 28.8646 -13 525 0 0 1
-0.0116532 -0.204472 580 -0.0195745 -0.036291 11.6986 37.841 -13 526 0 0 1
-0.477429 -0.363319 580 -0.240629 0.0162392 2.87286 91.108 -13 527 0 0 1
-0.0454275 -0.0822797 580 -0.0675202 0.0106659 12.4914 33.0846 -13 528 0 0 1
-0.0758826 0.012152 580 -0.0335685 0.0372324 11.2723 41.649 -13 529 0 0 1
-0.0255237 0.0243579 580 0.0548085 -0.0194899 8.30231 47.8252 -13 530 0 0 1
-0.0522667 0.127004 580 0.0500034 0.0516054 12.9527 30.1364 -13 531 0 0 1
-0.465453 0.625903 580 0.0903769 0.29035 13.7293 44.5555 -13 532 0 0 1
-1.41602 -0.446083 580 -0.0125976 0.0424214 0.110628 41.942 11 532 1001 0 1
-0.160163 -0.253753 580 -0.223748 -0.0595883 9.05794 46.1863 -13 533 0 0 1
0.0445843 0.104582 580 0.0525756 -0.0627459 9.15617 46.2828 -13 534 0 0 1
-0.0624864 0.0557434 580 0.00388667 -0.0258216 9.84615 24.0936 -13 535 0 0 1
0.128516 0.0352637 580 0.00197106 -0.0602175 13.0357 25.4822 -13 536 0 0 1
0.369263 0.859856 580 0.351123 0.317585 4.28558 60.2739 -13 537 0 0 1
0.0827834 0.0188764 580 -0.0156063 -0.0344104 14.4699 32.9841 -13 538 0 0 1
-0.0057097 0.239121 580 0.128816 0.0179691 11.2776 24.4822 -13 539 0 0 1
1.63923 -2.30115 580 -0.013853 -0.0227798 0.0616741 24.9894 11 539 1002 0 1
-0.0772209 0.0504092 580 0.0317349 0.0371046 11.2417 44.3542 -13 540 0 0 1
-0.00907651 -0.0362112 580 -0.00953498 -0.00963934 7.33576 50.0918 -13 541 0 0 1
-0.197568 -0.139433 580 -0.114311 -0.0311657 12.7881 20.3576 -13 542 0 0 1
0.14771 0.203212 580 0.108747 -0.0351773 8.51847 37.2435 -13 543 0 0 1
0.0824997 -0.280992 580 -0.0522686 0.0162496 13.7302 43.4106 -13 544 0 0 1
0.36943 0.242069 580 0.0662058 -0.146628 4.81921 67.7097 -13 545 0 0 1
0.119207 -0.199195 580 -0.0869204 -0.00890975 6.65809 50.8498 -13 546 0 0 1
-0.0199529 0.0276661 580 -0.00678149 0.00478623 10.6613 39.3157 -13 547 0 0 1
-0.165968 -0.016818 580 0.011554 0.0196328 9.8528 40.4264 -13 548 0 0 1
0.172938 0.0257108 580 -0.0108342 -0.0145694 9.61843 47.4574 -13 549 0 0 1
-0.224518 0.333052 580 0.059671 0.0950532 8.58319 40.8892 -13 550 0 0 1
-0.0609462 0.053486 580 -0.0180519 -0.0373003 10.5803 25.6628 -13 551 0 0 1
-0.00809476 -0.0889491 580 -0.0711516 -0.026637 11.3194 28.7398 -13 552 0 0 1
0.109575 0.0785823 580 0.103719 -0.11453 7.89845 38.1235 -13 553 0 0 1
-0.635313 -0.0678948 580 0.0157699 0.153681 4.79625 42.7945 -13 554 0 0 1
0.0550254 0.0526585 580 0.0607349 0.0522118 7.95261 53.5893 -13 555 0 0 1
0.0612995 -0.182108 580 -0.0164817 0.0354968 6.00105 54.5906 -13 556 0 0 1
0.74355 1.94069 580 -0.0342197 0.00167912 0.0223062 53.1672 11 556 1002 0 1
-0.0719359 0.102001 580 0.0417465 0.0273613 13.5628 22.1245 -13 557 0 0 1
-0.156396 0.011834 580 0.011569 0.0214908 10.9305 47.4926 -13 559 0 0 1
-0.0660359 -0.0162036 580 -0.0300908 0.0123004 13.6012 16.3771 -13 560 0 0 1
0.0611597 0.112617 580 -0.013871 0.0770384 5.15964 66.0632 -13 561 0 0 1
0.030135 -0.168033 580 -0.0639249 -0.0365986 11.0421 22.7144 -13 562 0 0 1
-0.12493 -0.0977993 580 0.00649792 0.0484783 12.1068 32.791 -13 563 0 0 1
0.0972107 -0.22011 580 -0.0584341 0.0137836 10.5597 48.0878 -13 564 0 0 1
-0.0711624 0.0553423 580 -0.0160322 0.0268235 14.2236 20.3428 -13 565 0 0 1
0.0801628 -0.123657 580 -0.0609377 0.028163 9.41719 34.0619 -13 566 0 0 1
0.131822 -0.0463305 580 -0.0215548 -0.0314963 10.5665 31.4709 -13 567 0 0 1
-1.28459 0.259735 580 0.228396 0.333776 11.8508 43.8222 -13 568 0 0 1
-0.0298704 -0.0356133 580 -0.0300967 0.039392 13.5435 26.8539 -13 569 0 0 1
-0.0761131 0.171929 580 0.0814119 -0.00884692 11.0934 44.7168 -13 570 0 0 1
0.0374865 -0.018386 580 -0.00769549 -0.0402766 12.6386 30.1832 -13 571 0 0 1
0.0672836 0.181341 580 0.052236 -0.00796568 9.83379 33.5493 -13 572 0 0 1
-0.0255534 0.053949 580 0.0302529 0.0148936 6.56466 44.2733 -13 573 0 0 1
-0.0822412 -0.0306017 580 -0.00286664 0.0182387 13.7364 24.1655 -13 574 0 0 1
0.0236248 0.0843999 580 -0.0321523 0.0464933 7.03425 47.9768 -13 575 0 0 1
0.152222 0.0792633 580 0.0256661 -0.074543 10.6029 38.8661 -13 576 0 0 1
0.0249134 -0.0185884 580 -0.012565 0.0280368 13.3901 18.4732 -13 577 0 0 1
0.356161 -0.0399806 580 0.207752 0.0319013 8.36812 36.1096 -13 578 0 0 1
-2.72328 3.37478 580 0.0331403 0.00654049 0.0314809 37.0656 11 578 1001 0 1
0.132707 -0.0134049 580 -0.0504902 -0.0411295 13.9496 31.2642 -13 579 0 0 1
0.0266402 0.00867007 580 0.00989772 0.00761762 12.7541 24.4052 -13 580 0 0 1
-0.0404657 0.0859107 580 0.0531127 0.00840629 11.0715 46.9542 -13 581 0 0 1
0.210134 0.00173619 580 -0.0269689 -0.050492 8.89883 35.861 -13 582 0 0 1
0.0431105 0.0215001 580 0.0155435 -0.076025 7.68881 33.9997 -13 583 0 0 1
-0.0588065 -0.0727496 580 -0.0462465 0.0321981 13.9734 41.6256 -13 584 0 0 1
0.0620357 0.0786775 580 0.0105532 -0.0606989 11.2207 26.789 -13 585 0 0 1
-0.145361 0.0694531 580 0.00317445 0.0474279 9.36523 47.2027 -13 586 0 0 1
-0.0401765 -0.0112484 580 0.0144544 -0.00107274 13.7589 34.7724 -13 587 0 0 1
-0.0185556 0.0358898 580 -0.0210217 0.0474561 9.5841 31.4788 -13 588 0 0 1
-0.0474774 -0.0421611 580 0.00335167 0.0381453 13.2536 28.266 -13 589 0 0 1
-0.0287801 -0.158673 580 -0.274619 -0.0133465 9.14926 34.699 -13 591 0 0 1
0.192903 -0.128555 580 -0.069284 -0.113513 8.24614 37.8151 -13 592 0 0 1
2.68255 2.94239 580 0.00833278 -0.0133779 0.0554015 37.1718 11 592 1001 0 1
-0.0085547 -0.153564 580 0.0557068 -0.0127248 5.7692 62.4521 -13 593 0 0 1
-0.124792 0.0326045 580 -0.00201356 0.0406085 10.7361 48.7741 -13 594 0 0 1
0.103826 0.0539465 580 0.055237 -0.0725194 9.9941 35.5451 -13 595 0 0 1
-0.510857 -0.957095 580 0.0532294 0.0088241 0.0335098 35.8608 11 595 1001 0 1
0.148856 0.250227 580 0.0174837 -0.0443975 8.1145 42.4292 -13 596 0 0 1
0.18409 -0.120998 580 0.00974059 -0.039782 10.4129 31.9165 -13 597 0 0 1
-0.0222435 0.11516 580 0.00102474 0.0380715 5.82625 42.2527 -13 599 0 0 1
0.0737839 0.0930865 580 0.0911417 -0.00537521 12.549 34.7898 -13 601 0 0 1
-0.0363463 -0.00356107 580 0.0327116 0.0219055 6.87095 51.9037 -13 602 0 0 1
-0.236853 0.144459 580 0.00322396 0.11714 9.21451 44.9471 -13 603 0 0 1
-7.99838 4.13459 580 -0.0229 -0.00340489 0.0714275 38.6651 11 603 1002 0 1
0.268727 0.176785 580 0.0918149 -0.0361455 7.48399 40.4481 -13 604 0 0 1
-1.27403 -1.0196 580 0.00816351 -0.0120285 0.0660181 38.7161 11 604 1001 0 1
-2.41284 0.429185 580 -0.00493232 0.0629064 -0.0114673 43.7111 11 604 1001 0 1
-3.51131 9.30963 580 -0.0146348 -0.016069 0.0430019 56.1952 11 604 1001 0 1
0.234758 0.397463 580 0.179392 0.0620926 4.62676 50.5319 -13 605 0 0 1
-0.0244804 0.0288345 580 -0.0641815 0.00900314 12.3518 33.4327 -13 606 0 0 1
0.020556 -6.13127e-06 580 0.0355382 0.000460051 0.102377 30.4656 11 606 1001 0 1
0.0493305 -0.0893184 580 -0.00897399 -0.0164865 11.8763 23.3946 -13 607 0 0 1
-0.138597 0.11892 580 0.0872427 0.000748103 12.9201 31.1183 -13 608 0 0 1
-0.02855 0.0760973 580 0.0296403 0.0308938 11.8667 22.5819 -13 609 0 0 1
0.0529494 0.00161353 580 -0.00551681 -0.0267137 8.79997 30.9 -13 610 0 0 1
-0.000838452 -0.013813 580 -0.0218649 0.0135506 10.3212 25.1835 -13 611 0 0 1
0.0494462 -0.0443024 580 -0.0458163 -0.0541069 7.8359 38.3237 -13 612 0 0 1
0.0120714 -0.0440506 580 -0.0262638 -0.0197983 12.4684 31.3371 -13 613 0 0 1
0.112257 -0.07141 580 -0.0709405 -0.0753263 12.1257 19.6257 -13 614 0 0 1
0.229719 0.544597 580 0.00596671 -0.0097433 3.71778 70.5817 -13 615 0 0 1
0.281556 0.849156 580 0.199166 0.0648785 3.81201 76.3631 -13 616 0 0 1
-0.265814 -0.0614222 580 0.0653195 0.116339 10.7784 36.3448 -13 617 0 0 1
-0.0620437 0.0529395 580 -0.0217931 0.0115035 8.08876 45.3933 -13 618 0 0 1
0.311961 0.123805 580 0.165343 0.146602 4.75346 63.7699 -13 619 0 0 1
-0.140077 -0.0495389 580 -0.0163039 0.0330213 12.356 36.617 -13 620 0 0 1
-0.781845 -0.0882603 580 -0.0482742 0.212774 5.12068 41.9512 -13 621 0 0 1
0.105421 -0.0191987 580 -0.00638029 -0.0302511 11.1509 46.8117 -13 622 0 0 1
0.102313 0.179697 580 0.0391014 -0.00247363 9.70882 35.676 -13 623 0 0 1
0.103953 -0.0604853 580 -0.0285702 -0.0240599 14.1756 16.1495 -13 624 0 0 1
0.185128 -0.00819625 580 0.0274095 -0.0279974 9.12372 38.7211 -13 625 0 0 1
-0.000427691 0.0893981 580 0.0578693 0.0738305 6.03747 42.2008 -13 626 0 0 1
-0.146339 -0.00691144 580 0.0144387 0.0120414 9.33301 39.8888 -13 627 0 0 1
-0.130383 -1.76432 580 -0.038518 0.0334776 0.0484205 37.6874 11 627 1001 0 1
0.319541 0.430391 580 0.116827 -0.151542 2.35318 87.3049 -13 628 0 0 1
0.0773748 0.172717 580 0.0381723 -0.0095988 10.4431 26.2354 -13 629 0 0 1
-0.0286825 0.0633982 580 0.0435339 0.0021128 11.7732 45.317 -13 630 0 0 1
0.0225674 0.207261 580 0.115063 -0.0418607 8.85641 51.1354 -13 631 0 0 1
-0.0284037 0.0546716 580 0.00624649 0.0207186 14.0663 27.2577 -13 632 0 0 1
-0.00409857 0.0387203 580 0.00346066 0.0233583 8.32795 33.2566 -13 633 0 0 1
-0.527575 0.119164 580 -0.00889448 0.217569 4.74142 45.2019 -13 634 0 0 1
0.0944518 -0.210445 580 -0.0712246 -0.0032675 8.04803 43.1164 -13 635 0 0 1
0.0515511 0.257706 580 0.0813821 -0.035469 14.0966 22.2771 -13 636 0 0 1
4.54868 -2.57031 580 -0.0350199 0.0100571 0.0363778 30.6389 11 636 1001 0 1
-0.1489 0.0263816 580 0.0164038 -0.055868 7.93566 47.905 -13 637 0 0 1
1.71352 -2.02365 580 0.0175078 -0.00972239 0.0329189 49.0898 11 637 1001 0 1
-0.256437 -0.11993 580 -0.0756032 0.0571355 12.6951 32.4444 -13 638 0 0 1
-0.0700796 0.00602507 580 -0.11773 0.183812 13.9915 20.5625 -13 639 0 0 1
-0.107501 0.0279221 580 0.0135255 0.0337597 10.8709 20.3913 -13 640 0 0 1
0.0585055 0.59501 580 0.249503 0.0257767 4.42149 55.6092 -13 641 0 0 1
0.397108 0.183983 580 0.176781 -0.070123 7.16467 51.8875 -13 642 0 0 1
0.050925 -0.0078204 580 -0.0300492 -0.0211072 11.0609 19.6079 -13 643 0 0 1
0.0201308 0.00102006 580 0.0560208 0.00230219 13.735 33.8447 -13 644 0 0 1
0.0708623 -0.0407175 580 -0.00999031 -0.00473484 9.66785 23.8172 -13 645 0 0 1
-0.0880811 -0.0555666 580 -0.00521628 0.0334187 13.7522 32.308 -13 646 0 0 1
-0.149657 -0.48138 580 -0.156319 0.101163 5.92234 61.583 -13 647 0 0 1
-1.94876 1.14003 580 -0.0196528 0.00513115 0.0379373 57.1946 11 647 1006 0 1
0.295949 0.0461686 580 -0.0400125 -0.0153715 3.93184 62.6606 -13 648 0 0 1
0.384895 -0.126973 580 -0.0015613 -0.143897 6.27987 43.0952 -13 649 0 0 1
-0.0568545 0.00624985 580 0.0513948 0.00881251 13.5326 19.7126 -13 650 0 0 1
-0.0664241 0.862984 580 0.188239 0.0202721 10.0787 33.7328 -13 651 0 0 1
0.235248 0.102872 580 0.108406 -0.0431555 10.4532 46.067 -13 652 0 0 1
0.0260384 -0.110519 580 -0.0313515 -0.0178661 11.9381 35.1631 -13 653 0 0 1
-0.0311808 0.14229 580 0.0505703 0.013088 12.2824 29.4502 -13 654 0 0 1
0.0702715 -0.00710296 580 0.0349289 -0.0156475 14.3586 36.942 -13 655 0 0 1
0.0229466 0.108971 580 0.020937 -0.0274956 9.58127 37.9338 -13 656 0 0 1
-0.20335 0.0178698 580 0.0676046 -0.00132288 7.97036 47.9238 -13 657 0 0 1
0.0790983 -0.296122 580 -0.198497 -0.0261271 4.88947 57.4026 -13 658 0 0 1
1.53667 -0.695058 580 0.0142098 -0.0219888 0.0262084 57.2123 11 658 1002 0 1
-0.0559487 -0.0693456 580 0.00226844 -0.0312084 14.4531 28.4802 -13 659 0 0 1
0.748935 -0.0768673 580 -0.155847 -0.1989 11.6768 40.3776 -13 660 0 0 1
0.0499273 0.286613 580 0.0867607 0.0266869 10.621 35.6962 -13 661 0 0 1
-0.0296863 -0.0894355 580 -0.0139008 -0.0123305 12.1256 28.7271 -13 662 0 0 1
-0.114587 0.131064 580 0.0212772 0.0658505 9.53504 51.0687 -13 663 0 0 1
-0.0561566 0.114383 580 -0.0333324 -0.204285 8.17185 54.5031 -13 664 0 0 1
-0.0257911 -0.00593975 580 -0.0100104 -0.019245 11.3379 20.4795 -13 665 0 0 1
0.0894917 0.015595 580 -0.0178536 -0.0109876 11.7807 32.4483 -13 666 0 0 1
-0.0561633 0.0585259 580 -0.00255982 0.00549255 13.086 28.9201 -13 667 0 0 1
3.39491 -0.858158 580 0.0192735 -0.997276 6.55118 41.5695 -13 668 0 0 1
0.0164142 -0.0259506 580 0.0103297 -0.0553037 9.5829 39.5918 -13 669 0 0 1
-0.071971 0.0659705 580 -0.0450268 0.0285973 13.57 32.7535 -13 670 0 0 1
0.0595875 0.014949 580 -1.73389e-05 -0.0345741 13.1388 35.7392 -13 671 0 0 1
0.109924 0.277401 580 0.110708 -0.0229316 3.72427 66.3236 -13 673 0 0 1
-0.079985 -0.0178792 580 -0.0257155 -0.0405953 12.5413 46.0583 -13 674 0 0 1
-1.88834 -0.940888 580 -0.145604 0.654734 7.07877 36.9191 -13 675 0 0 1
-1.33236 -2.65818 580 0.0280538 -0.0246737 0.0210777 37.3201 11 675 1002 0 1
3.43596 -1.72956 580 7.41913e-05 0.0311285 -0.0165059 44.9562 11 675 1002 0 1
-0.06282 0.013685 580 -0.0412409 0.0660527 12.894 42.3787 -13 676 0 0 1
-0.0728467 -0.104276 580 -0.0327494 -0.00475699 11.8214 24.5327 -13 677 0 0 1
-0.156762 -0.094099 580 -0.0473725 0.00911004 9.36072 37.9535 -13 678 0 0 1
0.149967 -0.200459 580 -0.0596086 0.0649471 8.08673 38.3746 -13 679 0 0 1
-0.0652625 0.0445644 580 -0.036133 -0.0307877 9.23523 41.1297 -13 680 0 0 1
-0.032631 -0.0864685 580 -0.0445517 -0.0172125 14.066 17.7668 -13 681 0 0 1
0.0294317 0.102737 580 0.0220233 -0.0151038 13.243 17.0122 -13 682 0 0 1
0.0121549 -0.0677187 580 -0.0519759 0.0422906 12.9983 41.1335 -13 683 0 0 1
1.14464 0.77093 580 0.286645 -0.24914 8.61618 40.6165 -13 684 0 0 1
0.00285966 0.246295 580 0.0935192 -0.00938542 8.00833 33.2509 -13 685 0 0 1
0.0157534 0.113001 580 0.0126468 -0.0397707 11.5668 45.2186 -13 686 0 0 1
0.163682 0.382963 580 0.154951 -0.0302157 9.0068 29.6386 -13 687 0 0 1
0.0815653 0.0152614 580 -0.0369878 0.0183112 12.8412 39.3308 -13 688 0 0 1
0.126564 0.0601576 580 -0.251063 0.0958965 9.79884 43.7648 -13 689 0 0 1
4.15451 2.46279 580 0.0282654 -0.00193264 0.0627007 40.8906 11 689 1002 0 1
0.29347 -0.71113 580 -0.231428 -0.215701 5.16748 58.767 -13 690 0 0 1
-0.105805 0.0524359 580 0.0205016 0.102322 12.2883 34.1249 -13 691 0 0 1
-0.0462676 0.0829474 580 0.0406588 0.0163143 7.41411 29.6142 -13 692 0 0 1
-0.000306068 0.0638691 580 0.0440177 0.00188152 12.7694 37.3093 -13 693 0 0 1
0.429043 -0.0397049 580 -0.0370071 -0.061013 3.72008 62.4927 -13 694 0 0 1
-0.274496 0.0744689 580 0.0305798 0.0713458 7.32146 39.1756 -13 695 0 0 1
-0.11585 0.406576 580 0.0983647 0.0130417 6.58888 44.7823 -13 696 0 0 1
0.026035 -0.160203 580 -0.0452439 0.000533595 10.0072 39.3356 -13 697 0 0 1
-0.0859107 -0.0562291 580 0.00120307 0.118894 8.71207 31.6883 -13 698 0 0 1
-0.0493505 0.0344619 580 0.00925131 0.0329216 13.3422 39.519 -13 699 0 0 1
-0.851098 -1.45769 580 -0.359525 0.528131 8.76794 34.1915 -13 700 0 0 1
-0.000287505 -0.0929495 580 -0.043454 0.0128262 9.06183 25.1739 -13 701 0 0 1
0.0902725 0.14295 580 0.0374749 -0.013805 12.2947 42.43 -13 702 0 0 1
0.0931057 -0.0585294 580 -0.0225816 -0.0181727 12.0605 39.6343 -13 703 0 0 1
0.167847 0.0951776 580 0.0141452 -0.0472575 9.40251 30.9 -13 704 0 0 1
-0.0327939 -0.0896253 580 -0.0553037 0.00249402 10.0823 27.323 -13 705 0 0 1
-0.143844 0.16603 580 0.0739694 -0.0195407 9.57508 37.2802 -13 706 0 0 1
-0.0176002 0.00432227 580 -0.0233884 -0.00067093 13.8679 16.6297 -13 707 0 0 1
-0.024877 0.166274 580 0.0325114 0.0268092 10.5388 37.9173 -13 708 0 0 1
-0.173995 0.0305498 580 -0.0335331 0.105032 3.37631 68.851 -13 709 0 0 1
-0.387234 0.269967 580 0.11445 -0.0309965 7.91839 45.9698 -13 710 0 0 1
-0.183919 0.00890164 580 -0.0363742 0.00946338 14.1579 16.5819 -13 711 0 0 1
0.104903 -0.0359159 580 -0.0144617 -0.0174273 11.6032 37.7947 -13 712 0 0 1
-0.0245501 -0.14014 580 0.000398866 0.0719986 6.38757 54.2205 -13 713 0 0 1
0.0252869 -0.0428996 580 0.020345 0.00038737 14.0422 36.1822 -13 714 0 0 1
-0.0909743 -0.00880129 580 0.0200668 0.0479773 12.3681 46.3365 -13 715 0 0 1
-0.0369991 0.0454874 580 -0.0568395 0.0475567 13.1182 36.67 -13 716 0 0 1
0.00564067 -0.0320179 580 -0.0155219 0.0200503 10.5922 35.0563 -13 717 0 0 1
-0.0373817 -0.09075 580 -0.0490813 0.0125925 8.66844 31.9583 -13 718 0 0 1
-0.0141265 -0.123619 580 -0.0808715 -0.0873046 10.6337 28.3029 -13 719 0 0 1
-0.159276 0.133443 580 0.0314035 0.0723973 11.2711 47.1843 -13 720 0 0 1
-0.284036 0.582554 580 0.209909 0.0425162 9.66758 47.3068 -13 721 0 0 1
-0.336539 0.602984 580 0.149701 0.197659 5.20156 49.8292 -13 722 0 0 1
0.100365 -0.111955 580 -0.011226 -0.0183624 8.55802 27.7587 -13 723 0 0 1
-0.0483011 -0.287483 580 -0.0782283 0.0488976 4.8388 63.6954 -13 724 0 0 1
-0.0369599 -0.0598637 580 -0.00302498 0.00415887 9.59798 33.5124 -13 725 0 0 1
0.101676 0.0490535 580 0.0415736 -0.0378721 13.6095 30.934 -13 726 0 0 1
0.0613689 0.0474047 580 0.0155411 0.0701096 14.1224 19.8735 -13 727 0 0 1
0.140782 -0.327839 580 -0.193403 0.0571487 2.41434 89.8403 -13 728 0 0 1
0.158327 -0.163953 580 -0.0328731 -0.0469584 5.40412 48.5262 -13 729 0 0 1
-0.280999 0.133353 580 0.0133709 0.0846813 11.2005 25.951 -13 730 0 0 1
0.0269161 0.0727378 580 0.018516 0.010269 10.9351 22.1258 -13 731 0 0 1
0.930022 -0.000184776 580 -0.178705 0.091022 1.23456 109.934 -13 732 0 0 1
0.0922443 0.12037 580 0.047474 0.12918 4.71308 55.0438 -13 733 0 0 1
0.265253 0.148772 580 0.0858127 -0.0784857 7.81386 30.3603 -13 734 0 0 1
0.912221 1.38024 580 0.00845119 -0.0385294 0.0198111 31.4463 11 734 1001 0 1
-0.0818958 0.187175 580 0.0650407 -0.00236227 10.9678 35.8146 -13 735 0 0 1
0.0578208 0.165402 580 0.0910517 0.00865926 10.9868 28.7511 -13 736 0 0 1
-0.193579 -0.105727 580 0.0241179 0.0161533 8.20927 45.5654 -13 737 0 0 1
0.199549 0.314238 580 0.108725 -0.0169915 8.37118 47.8026 -13 738 0 0 1
0.129117 -0.197805 580 -0.0695743 -0.0588366 11.8868 38.3136 -13 739 0 0 1
-0.176633 0.0589453 580 0.0367668 0.0242349 13.0298 39.8334 -13 740 0 0 1
0.0170067 0.0985849 580 0.0644318 -0.0054892 8.69152 43.4159 -13 741 0 0 1
0.641157 -0.337289 580 0.0669307 -0.262385 4.24591 70.9005 -13 742 0 0 1
0.15382 0.236924 580 0.0915179 -0.049384 8.31282 26.7782 -13 743 0 0 1
0.957929 0.27467 580 0.00396694 -0.167917 2.51388 73.8181 -13 744 0 0 1
-0.0157962 0.0057905 580 -0.000982361 0.0168254 11.4993 33.0235 -13 745 0 0 1
-0.0255557 0.0803485 580 0.0413046 0.0622375 8.55303 50.2235 -13 746 0 0 1
-0.0856455 0.0745824 580 0.00734736 0.000462075 11.8411 40.5617 -13 747 0 0 1
0.102751 -0.143502 580 -0.000575832 0.0186795 10.5481 36.8934 -13 748 0 0 1
-0.0313404 -0.0595798 580 0.0235763 0.00113609 12.1161 18.8625 -13 749 0 0 1
-0.0545811 -0.00934281 580 0.0364924 -0.0427055 10.3658 41.8586 -13 750 0 0 1
-0.228229 0.0377324 580 0.00168272 0.141659 11.0612 43.0856 -13 751 0 0 1
-1.25476 -0.351183 580 -0.0227977 0.018793 0.01388 44.4901 11 751 1001 0 1
0.277449 -1.1511 580 -0.0215497 -0.00185171 0.0666091 43.4305 11 751 1002 0 1
0.00163707 -0.0358157 580 -0.0841656 -0.0291942 6.49895 35.8759 -13 752 0 0 1
0.148491 -0.000731648 580 0.014178 -0.0605611 10.7864 22.2471 -13 753 0 0 1
-0.012112 0.0394188 580 0.00739825 -0.0173193 8.66954 49.5134 -13 754 0 0 1
-0.0178326 0.214315 580 0.0872604 -0.0820228 7.89822 33.5997 -13 755 0 0 1
-0.949495 -0.162787 580 0.377294 0.0825178 5.25897 50.1078 -13 756 0 0 1
-0.13233 0.0670953 580 0.0217376 0.0186409 7.23011 41.2256 -13 757 0 0 1
-0.162146 -0.145367 580 -0.00969593 0.0249235 7.88507 28.979 -13 758 0 0 1
0.0706808 0.00391775 580 0.026808 -0.0143009 14.1761 30.5013 -13 759 0 0 1
0.173651 0.0674321 580 0.0838949 -0.0485026 8.06886 46.1394 -13 760 0 0 1
-0.0191538 0.0184515 580 0.0313256 -0.125446 6.4103 39.1453 -13 761 0 0 1
-0.152102 -0.0151942 580 -0.0187268 0.0418333 13.8634 43.6649 -13 762 0 0 1
-0.0354963 0.0558974 580 -0.0280758 0.058959 11.1464 45.0613 -13 763 0 0 1
0.0620847 0.0768562 580 -0.00882782 -0.0481019 9.85815 32.2395 -13 764 0 0 1
-0.213627 -0.0565421 580 -0.100687 0.04373 5.7923 42.635 -13 765 0 0 1
0.152623 -0.145452 580 -0.0162156 -0.0895116 8.54898 29.5562 -13 766 0 0 1
-1.09345 1.57259 580 0.00127628 -0.0140236 0.0349573 31.2656 11 766 1001 0 1
-0.0693516 -0.0539248 580 -0.0129621 0.0396791 12.5257 45.9872 -13 767 0 0 1
1.9966 -1.11082 580 0.0434654 -0.0196631 0.063597 46.1227 11 767 1002 0 1
-2.39117 1.44841 580 0.0418071 -0.0214768 0.0531587 47.2758 11 767 1003 0 1
0.0196687 -0.0525542 580 -0.0222943 -0.000160457 12.8705 37.3517 -13 768 0 0 1
0.119674 -0.129477 580 -0.0731818 -0.0526066 6.98051 34.301 -13 769 0 0 1
-0.126618 0.0388638 580 -0.0334207 0.0134252 13.6372 22.3891 -13 770 0 0 1
0.0845749 -0.0321762 580 -0.0549185 -0.0839315 10.8628 25.4947 -13 771 0 0 1
0.288834 0.895662 580 0.00442971 -0.0324126 0.0412098 25.7408 11 771 1002 0 1
0.177327 -0.175452 580 0.0316552 -0.0537041 14.3325 17.1758 -13 772 0 0 1
0.00415367 0.133095 580 0.0813538 0.0104215 11.4142 23.3352 -13 773 0 0 1
0.134726 0.130277 580 0.0851508 -0.0319354 13.4044 19.5005 -13 774 0 0 1
0.0720254 -0.341549 580 -0.0175085 0.0432746 3.59839 57.0109 -13 775 0 0 1
0.152477 0.0398848 580 0.0015153 -0.0666264 11.8124 29.508 -13 776 0 0 1
-0.0322743 -0.0334758 580 -0.0444191 0.020722 10.6624 32.2186 -13 777 0 0 1
0.22138 0.0414223 580 0.0206246 -0.106232 8.62314 42.9395 -13 778 0 0 1
-0.378047 0.359108 580 0.139888 0.121171 12.9377 16.9649 -13 779 0 0 1
-0.358907 -0.43533 580 -0.0576242 0.166415 9.58303 26.4521 -13 780 0 0 1
-0.0728149 -0.227331 580 -0.115982 -0.228003 11.5492 22.64 -13 781 0 0 1
-0.64986 2.74717 580 0.0381448 -0.034091 0.0648097 25.0685 11 781 1001 0 1
-0.0140885 -0.178848 580 -0.0171368 0.0268613 10.063 24.3405 -13 782 0 0 1
0.1158 -0.190084 580 -0.00165983 0.0077107 6.94391 46.4693 -13 783 0 0 1
0.293817 -0.573854 580 -0.128219 -0.0684188 6.84157 32.9082 -13 784 0 0 1
-0.408924 0.218781 580 0.00321526 0.143004 4.89048 55.5808 -13 785 0 0 1
-0.0335994 0.0848784 580 0.0158124 -0.0517448 9.56923 40.8244 -13 786 0 0 1
-0.0455831 0.0469719 580 0.0183247 0.00466414 8.89338 40.2587 -13 787 0 0 1
-0.208016 -0.104869 580 -0.0584287 0.0184919 12.3333 35.3985 -13 788 0 0 1
-0.00773464 0.0641286 580 0.00660876 -0.0118395 14.1646 30.206 -13 789 0 0 1
-0.149609 -6.0654e-05 580 0.013793 0.0531672 9.94136 48.0954 -13 790 0 0 1
-0.352319 0.268122 580 0.108874 0.0747309 4.85291 66.2285 -13 791 0 0 1
0.105053 -0.250238 580 -0.154302 -0.0121906 11.7762 46.1747 -13 792 0 0 1
0.151893 0.0727519 580 0.0097373 -0.0642747 11.4129 35.4733 -13 793 0 0 1
0.142341 -0.0834641 580 -0.00116138 -0.0246009 7.44483 40.3833 -13 794 0 0 1
-0.206537 -0.38636 580 -0.0804015 0.12284 11.4961 26.8775 -13 795 0 0 1
-0.0870447 -0.0479843 580 -0.0334741 0.0387238 8.88907 46.397 -13 796 0 0 1
0.0885041 0.0461048 580 -0.00588526 -0.0148637 14.0125 39.9891 -13 797 0 0 1
-0.0357702 -0.104182 580 -0.061594 0.0326012 13.7108 40.6112 -13 798 0 0 1
0.0187881 0.0270182 580 -0.00535471 -0.0130705 9.35412 51.7161 -13 799 0 0 1
0.000616334 0.0187633 580 0.00557673 0.000892734 13.5526 18.1095 -13 800 0 0 1
0.0977532 -0.125503 580 -0.0269707 -0.0673128 5.72812 40.6918 -13 801 0 0 1
-0.123374 0.295509 580 0.0424642 -0.00971809 6.97598 49.3954 -13 803 0 0 1
0.0259006 0.138441 580 0.0516968 -0.0181053 13.0018 23.9121 -13 804 0 0 1
-0.0116344 -0.0526666 580 0.0111224 0.0107009 12.5715 43.811 -13 805 0 0 1
-0.56296 -0.027227 580 -0.165682 -0.0141099 2.72503 73.4284 -13 806 0 0 1
-0.0173587 0.0684924 580 0.0165534 0.0275731 13.6465 26.1602 -13 807 0 0 1
-1.03879 -0.531962 580 -0.192456 0.251806 7.04767 39.1073 -13 808 0 0 1
-0.0148793 0.0577321 580 0.0050027 -0.00715303 14.302 28.6119 -13 809 0 0 1
0.0966297 0.167748 580 0.0563835 -0.0087237 10.8073 35.5701 -13 810 0 0 1
0.152839 -0.0379467 580 -0.0119191 -0.141209 5.64221 39.324 -13 811 0 0 1
-0.0178427 0.014685 580 0.00193741 0.034587 6.52289 33.8105 -13 812 0 0 1
-0.143479 0.0372005 580 0.0287498 0.164319 13.2032 26.9398 -13 813 0 0 1
-0.018398 0.227431 580 0.0967868 0.0349786 9.59759 32.6542 -13 814 0 0 1
-0.154052 0.0341827 580 0.038636 0.0153084 11.6476 45.5613 -13 815 0 0 1
0.0684175 -0.350919 580 -0.107525 -0.0189052 5.96698 39.165 -13 816 0 0 1
0.095046 0.486154 580 0.155734 -0.256557 5.1957 63.3902 -13 817 0 0 1
0.246422 0.190908 580 0.0608412 -0.0139607 11.4658 47.2804 -13 818 0 0 1
-0.190794 -0.101901 580 -0.0531427 -0.00348278 6.13206 60.2828 -13 819 0 0 1
0.0631468 -0.0450798 580 -0.0425845 -0.0195971 13.3922 22.6683 -13 820 0 0 1
-0.160155 0.151548 580 0.0205161 0.0491812 8.37139 28.6331 -13 821 0 0 1
-1.43081 -2.8716 580 -0.00740996 -0.017249 0.0582538 25.1512 11 821 1002 0 1
0.164859 0.151157 580 0.0592897 -0.0297798 11.6861 46.6861 -13 822 0 0 1
-0.0116753 -0.0134859 580 0.0171712 -0.0158451 12.6153 40.0086 -13 823 0 0 1
-0.000757005 0.0180424 580 -0.0112756 -0.0222549 14.5599 35.576 -13 824 0 0 1
0.0416928 0.0538982 580 0.0169522 -0.0418321 14.4473 40.7754 -13 825 0 0 1
-0.117018 0.0404462 580 -0.0367901 0.0453472 7.57137 40.7762 -13 826 0 0 1
0.714013 0.737789 580 0.00133327 -0.363199 3.52955 82.29 -13 827 0 0 1
0.0336397 -0.00657258 580 -0.00754115 0.0427228 8.63048 50.9653 -13 828 0 0 1
0.0246387 0.00061711 580 0.0126393 0.0580048 10.0379 47.3522 -13 829 0 0 1
-0.0258005 -0.0174975 580 -0.0159768 0.00656746 14.0753 44.1959 -13 830 0 0 1
1.15365 -2.65834 580 -0.209378 -0.988747 8.32912 31.8878 -13 831 0 0 1
-0.030823 -0.096542 580 -0.0194375 0.0054757 13.7959 29.0568 -13 832 0 0 1
-0.0308029 0.0483915 580 -0.0358406 0.0455392 9.025 52.5568 -13 833 0 0 1
-0.0751675 0.155892 580 0.134963 0.0419525 5.2389 62.8252 -13 834 0 0 1
-0.0817921 0.256495 580 0.0486789 0.100603 7.78875 54.5337 -13 835 0 0 1
0.130111 0.1305 580 0.0647876 -0.0345773 11.8589 39.5575 -13 836 0 0 1
-0.0485509 -0.0125918 580 0.0372001 -0.123408 10.8134 28.6799 -13 837 0 0 1
2.15434e-05 0.093268 580 -0.0142318 0.000439638 12.8297 33.4134 -13 838 0 0 1
0.0849258 -0.0437074 580 -0.0258409 -0.0176619 11.1371 40.5683 -13 839 0 0 1
0.15626 -0.0471023 580 0.0290285 0.00635366 9.84657 42.9509 -13 840 0 0 1
0.395916 -0.599026 580 0.0477933 -0.227164 6.142 60.4181 -13 842 0 0 1
-0.206656 0.00877727 580 -0.0337614 0.0948065 8.2785 32.3507 -13 843 0 0 1
0.0205628 0.0844191 580 0.0123715 -0.0479703 4.20272 70.7786 -13 844 0 0 1
-0.0505268 0.235591 580 0.0938896 0.129202 13.4675 24.8137 -13 845 0 0 1
0.367466 0.284329 580 0.00156138 -0.111031 12.2783 33.9343 -13 846 0 0 1
0.114704 0.368885 580 0.0275286 -0.0393337 4.44302 53.629 -13 847 0 0 1
0.239475 0.0154146 580 -0.0548922 -0.0955718 4.64001 70.9085 -13 848 0 0 1
-0.0913681 -0.0990513 580 -0.0926117 -0.070033 9.60866 24.233 -13 849 0 0 1
-0.064599 -0.166824 580 -0.0502543 0.00962279 12.351 39.2665 -13 850 0 0 1
-0.235419 0.038978 580 -0.00983156 0.0469886 8.88558 31.5344 -13 851 0 0 1
0.629941 -0.0435496 580 -0.0997352 -0.264435 4.66581 46.1934 -13 853 0 0 1
0.166718 3.31349 580 3.31703e-05 0.0062337 0.0386973 45.1851 11 853 1001 0 1
-0.0495209 0.109167 580 0.0310212 0.0497898 11.4499 21.902 -13 854 0 0 1
-0.00827402 0.054141 580 -0.0387209 -0.00111631 11.5534 41.8918 -13 855 0 0 1
0.0031655 0.20299 580 0.0683215 0.0483369 14.317 23.0784 -13 857 0 0 1
-0.421914 0.255859 580 0.0231052 0.13898 10.2151 46.8685 -13 858 0 0 1
-0.0305527 0.1436 580 0.020273 -0.010853 12.9312 28.0684 -13 859 0 0 1
-2.79425 -1.12346 580 0.0402224 -0.00410522 0.0242379 30.1565 11 859 1001 0 1
-0.0990938 -0.00279322 580 -0.0434642 0.0227083 13.038 41.1231 -13 860 0 0 1
0.155789 -0.0229921 580 -0.0234262 -0.0444733 11.1721 21.9544 -13 861 0 0 1
-0.120052 0.103932 580 -0.087434 0.0403946 5.80719 56.3852 -13 862 0 0 1
-0.117998 0.43916 580 0.102942 -0.270932 3.83271 58.0809 -13 863 0 0 1
-0.0553556 0.427261 580 0.134456 0.00945747 6.85111 43.6894 -13 865 0 0 1
-0.265353 0.0215284 580 0.220794 0.0522214 5.47352 65.8008 -13 866 0 0 1
0.107105 0.0294092 580 -0.0010946 0.0176034 8.32071 35.275 -13 868 0 0 1
0.0256241 0.200349 580 -0.0290442 0.00367425 9.1629 43.6305 -13 869 0 0 1
0.00495419 -0.16708 580 -0.0773187 -0.090548 12.3576 32.334 -13 870 0 0 1
-0.0375221 0.115706 580 -0.00883544 0.0305841 13.6998 37.7454 -13 871 0 0 1
0.761625 -0.313191 580 0.0577672 -0.203972 5.13388 59.7571 -13 872 0 0 1
0.287974 -0.214962 580 -0.0137127 -0.136536 4.40836 51.1252 -13 873 0 0 1
0.152274 -0.210254 580 -0.223865 -0.0441396 4.77832 55.6377 -13 874 0 0 1
-0.273185 -0.161345 580 -0.0771025 0.040666 3.20949 60.5446 -13 875 0 0 1
0.190957 0.0887659 580 0.0343337 -0.0992662 11.7737 29.6549 -13 876 0 0 1
-0.102481 -0.0801512 580 -0.0493013 0.0631805 9.19682 45.7228 -13 877 0 0 1
0.0303385 -0.0423914 580 -0.000470492 -0.00650943 14.239 40.9876 -13 879 0 0 1
-0.150274 0.0507485 580 0.000677706 0.00574247 12.9322 21.8536 -13 880 0 0 1
-0.0472396 0.0573002 580 0.0204896 0.014935 14.5297 27.2499 -13 881 0 0 1
0.0743099 0.261374 580 0.0385589 0.0425741 6.50834 53.0766 -13 882 0 0 1
-0.0938288 0.10885 580 0.00524708 0.0645458 7.05832 53.3662 -13 883 0 0 1
-0.0624056 0.0664689 580 0.0107539 -0.0838794 5.6742 53.2682 -13 884 0 0 1
-0.074255 -0.058544 580 -0.0262505 0.00192428 12.5663 18.5038 -13 885 0 0 1
-0.118084 -0.211695 580 -0.0472269 0.028286 8.46556 31.3487 -13 886 0 0 1
0.153949 0.0352394 580 0.0178424 -0.108433 8.50449 25.2018 -13 887 0 0 1
0.22376 0.0195975 580 0.043038 -0.0975649 8.518 43.876 -13 888 0 0 1
0.0736862 0.0373119 580 0.0163931 -0.0174248 11.3138 43.3522 -13 889 0 0 1
-0.0642365 0.131106 580 0.0342181 0.0137026 10.8181 31.2461 -13 890 0 0 1
0.047539 -0.130164 580 0.0786949 0.0533416 7.48813 35.9343 -13 891 0 0 1
-0.181559 -0.0524511 580 -0.0134269 0.0507181 14.0581 23.9345 -13 892 0 0 1
-0.0401955 -0.0581375 580 -0.0423259 -0.0309036 9.34766 26.0255 -13 893 0 0 1
-1.72881 -1.54335 580 0.0249927 0.0189874 0.0273447 26.9585 11 893 1001 0 1
0.0704061 0.117217 580 0.00416287 -0.0956137 12.6095 35.2318 -13 894 0 0 1
0.0100112 -0.0378009 580 -0.0275224 0.0162214 11.6055 35.0434 -13 895 0 0 1
-0.0453721 -0.0380226 580 0.0146876 -0.0113445 6.77397 52.2603 -13 896 0 0 1
0.164077 0.170274 580 0.040597 -0.0323537 10.3464 27.5836 -13 897 0 0 1
-0.123218 -0.0451517 580 0.0172467 -0.131675 8.37128 41.5146 -13 898 0 0 1
-0.153644 -0.826684 580 -0.192874 -0.0729733 6.66985 40.6399 -13 899 0 0 1
-0.0514386 -0.0555112 580 0.0129141 0.0530106 11.4403 20.2539 -13 900 0 0 1
0.249364 -0.0242191 580 0.114063 -0.0108103 5.36546 66.5297 -13 901 0 0 1
-0.139317 0.410577 580 0.111015 -0.0786974 8.54755 26.8015 -13 902 0 0 1
-0.0140539 -0.254031 580 -0.152785 -0.0102936 6.62836 39.0036 -13 903 0 0 1
-0.1046 0.133457 580 0.0312157 -0.000674781 12.5476 24.4709 -13 904 0 0 1
-0.00268918 0.148393 580 0.0103126 -0.0995941 5.0935 58.0044 -13 905 0 0 1
0.0187015 -0.0395676 580 -0.0675257 -0.0265129 10.4502 40.0076 -13 906 0 0 1
-0.202685 -0.10659 580 -0.0750639 0.0556995 11.6209 44.5835 -13 907 0 0 1
0.0191639 -0.0192346 580 -0.00569125 -0.0110773 12.9482 19.8123 -13 908 0 0 1
0.110023 -0.0535179 580 -0.0259475 -0.0121477 7.24811 43.6696 -13 909 0 0 1
0.00499242 -0.00131902 580 0.0510967 0.0700552 9.28606 24.3127 -13 910 0 0 1
-1.23778 1.71285 580 0.0915496 -0.105998 1.12825 117.441 -13 911 0 0 1
0.589569 -0.473627 580 -0.132906 -0.209403 11.8183 19.8723 -13 912 0 0 1
-0.0597275 0.0234437 580 0.00832629 0.0208237 10.2922 22.4706 -13 914 0 0 1
-0.048633 0.160257 580 -0.0216824 -0.00270716 9.10967 29.3754 -13 915 0 0 1
0.0838905 -0.0914626 580 -0.00146407 -0.0425731 13.8007 34.2185 -13 916 0 0 1
-0.0511612 -0.0589149 580 0.00752653 0.0609183 12.491 36.5245 -13 917 0 0 1
-0.0230636 0.011791 580 0.0103069 0.0136101 12.8458 40.6267 -13 918 0 0 1
-0.0832599 -0.475396 580 -0.0412796 0.074261 3.61332 58.7209 -13 919 0 0 1
0.284402 -0.239746 580 -0.111117 -0.0293862 8.63006 27.4613 -13 920 0 0 1
-0.0197131 0.0796481 580 0.0466317 0.0166166 14.0799 21.3737 -13 921 0 0 1
0.0481521 0.0286429 580 -0.00512257 -0.025645 12.8496 37.548 -13 922 0 0 1
0.471923 0.0532599 580 0.0979075 -0.0937459 3.82744 78.9143 -13 923 0 0 1
-3.25077 0.847787 580 2.65402e-05 0.00873579 0.032244 75.9181 11 923 1001 0 1
0.0782116 0.170668 580 0.0972921 -0.0167479 13.5303 29.5109 -13 924 0 0 1
-0.0238131 0.0817244 580 0.0114332 0.0550419 0.063102 29.6053 11 924 1001 0 1
-0.137013 0.11819 580 0.0406085 0.0281014 13.9368 43.6937 -13 925 0 0 1
0.0274509 -0.141112 580 -0.0541397 0.0348143 12.8096 17.3961 -13 926 0 0 1
-0.0193149 -0.0468991 580 -0.02638 0.0376378 4.70652 57.4598 -13 927 0 0 1
0.489597 0.116352 580 0.0101321 0.00957093 0.0313491 57.3937 11 927 1003 0 1
-0.0351122 0.356168 580 0.0819945 0.0713141 11.7753 41.6012 -13 928 0 0 1
0.0646992 -0.0286664 580 0.00864431 -0.046352 13.55 22.3021 -13 929 0 0 1
-0.134477 -0.0949664 580 -0.0214559 0.0704474 12.7137 34.8811 -13 930 0 0 1
0.652843 0.826776 580 0.0405383 -0.00107595 0.0139922 36.3546 11 930 1001 0 1
0.125579 -1.54376e-05 580 0.0250235 -0.033904 13.3129 37.2248 -13 931 0 0 1
0.0471296 0.0611351 580 0.0272018 0.0229 11.4493 47.4878 -13 932 0 0 1
0.222197 0.200906 580 0.0271809 -0.0941089 13.6073 28.9921 -13 933 0 0 1
0.285343 0.0231691 580 0.015484 -0.077851 8.58783 36.6562 -13 934 0 0 1
-0.233558 -0.188879 580 -0.0544788 0.0719674 10.3268 41.635 -13 935 0 0 1
-2.11678 0.986849 580 -0.0191834 -0.006341 0.0819129 38.9165 11 935 1001 0 1
0.0121748 0.0440116 580 -0.00442374 -0.0308211 12.4217 30.5774 -13 936 0 0 1
0.108012 0.0184835 580 0.00798754 -0.0219225 12.5333 44.2205 -13 937 0 0 1
0.0808865 -0.273226 580 -0.09336 -0.113359 4.52346 48.399 -13 938 0 0 1
-0.0146181 -0.0494121 580 -0.0148193 -0.0360003 13.8467 25.3488 -13 939 0 0 1
-1.90568 1.1961 580 0.214034 0.509024 5.81391 39.0114 -13 940 0 0 1
-0.826863 3.45622 580 0.00436756 -0.00896991 0.0372758 38.2618 11 940 1001 0 1
-0.0893411 -0.110103 580 -0.0657922 -0.0714841 12.2507 33.1683 -13 941 0 0 1
-6.15307 -2.88897 580 0.0207172 0.0224714 0.0457214 41.3208 11 941 1001 0 1
1.22108 -0.123459 580 0.0570003 0.0463057 1.96181 102.008 -13 942 0 0 1
-0.108975 -0.071833 580 -0.0193677 0.0568942 10.5194 44.954 -13 943 0 0 1
0.520739 0.033443 580 -0.116581 -0.0796633 5.70459 59.129 -13 944 0 0 1
-0.17389 -1.51081 580 -1.23906e-06 2.83986e-05 0.000824289 58.5213 11 944 1001 0 1
0.460897 0.198473 580 0.217605 -0.0424913 3.84022 77.4074 -13 945 0 0 1
-0.10272 -0.032552 580 0.00934062 0.0301638 14.3024 27.7431 -13 946 0 0 1
0.160095 -0.00744785 580 0.0558637 -0.0701427 10.4333 25.2851 -13 947 0 0 1
-1.82699 2.91114 580 -0.00113558 -0.00896636 0.0383596 27.6842 11 947 1001 0 1
-0.304041 0.201761 580 0.0576199 0.131867 7.74149 32.0287 -13 948 0 0 1
-0.032281 -0.0348024 580 -0.010258 -0.0180591 12.4831 37.96 -13 949 0 0 1
0.184419 0.330178 580 0.320288 -0.173664 3.11784 62.725 -13 950 0 0 1
0.258707 -0.0537164 580 -0.0263402 -0.0486291 5.21525 46.0111 -13 951 0 0 1
0.131899 -0.312296 580 -0.0808262 0.144165 4.10128 74.1021 -13 952 0 0 1
0.0722925 0.044091 580 -0.0153761 -0.0798915 9.82412 28.2146 -13 953 0 0 1
4.58447 2.93573 580 0.00198904 -0.00542995 0.0317612 34.3203 11 953 1002 0 1
-0.0604148 -0.0640382 580 -0.0507611 -0.0120268 6.70729 50.7294 -13 954 0 0 1
-0.0932958 -0.0572768 580 -0.0592071 0.0293504 7.32589 45.301 -13 955 0 0 1
-4.7433 -0.0850302 580 -0.00581004 0.0206589 0.0502106 42.8955 11 955 1001 0 1
-0.0377015 -0.347825 580 -0.123896 0.0721887 6.93685 37.2698 -13 956 0 0 1
-2.39415 1.60915 580 -0.525647 1.21487 13.992 33.9837 -13 957 0 0 1
-0.0111192 0.10986 580 0.0511023 0.0186169 11.8852 32.0415 -13 958 0 0 1
-0.23351 -0.0851369 580 -0.0542101 -0.0332369 10.4149 40.7734 -13 959 0 0 1
0.030393 0.0862315 580 0.0402696 -0.0193869 14.4259 24.2065 -13 960 0 0 1
0.0219218 0.00551759 580 -0.103502 -0.0398064 11.7887 36.9089 -13 962 0 0 1
0.0813625 0.147116 580 0.070187 -0.0323914 11.8712 40.6832 -13 963 0 0 1
0.0813744 -0.0918187 580 -0.00567988 -0.0369805 10.4773 46.7333 -13 964 0 0 1
0.0303311 -0.132165 580 -0.028406 0.00961955 11.3297 34.2475 -13 965 0 0 1
-0.10156 -0.0111768 580 -0.0724709 0.0433139 9.39305 30.3663 -13 966 0 0 1
-0.134075 0.0398735 580 -0.188339 -0.0202717 2.25947 79.7006 -13 968 0 0 1
0.0382824 -0.0952084 580 0.0336179 0.0105767 8.86797 36.2846 -13 969 0 0 1
2.5729 -5.16864 580 0.0253786 -0.00341469 0.020768 37.6207 11 969 1001 0 1
-3.74335 4.07774 580 0.00319365 0.0342688 0.0142123 37.7058 11 969 1002 0 1
-0.125765 -0.0341783 580 -0.0569691 0.0102529 13.2507 29.9718 -13 971 0 0 1
-0.146801 0.161531 580 0.0563355 -0.000441741 14.4623 29.929 -13 972 0 0 1
-0.0479288 0.0302283 580 -0.0174435 0.0215527 13.7654 43.9993 -13 973 0 0 1
0.103228 -0.120221 580 0.000625284 -0.0638177 14.4806 34.4869 -13 974 0 0 1
-3.50107 1.00073 580 -0.0328422 -0.0477293 0.0813275 33.7326 11 974 1001 0 1
0.143893 0.0136852 580 -0.0814165 -0.0989845 10.2797 40.427 -13 975 0 0 1
-0.0178403 -0.255598 580 -0.0894156 -0.000268561 6.68095 37.323 -13 976 0 0 1
-0.0414787 0.213159 580 0.00776412 -0.0100849 9.05924 40.4313 -13 978 0 0 1
-0.0521541 0.0331459 580 0.0026968 0.00515291 13.716 34.1886 -13 979 0 0 1
0.0176151 0.0393642 580 -0.0375146 -0.0056601 12.0822 21.3281 -13 980 0 0 1
-0.0579316 -0.0200985 580 0.0395112 0.020713 9.67367 22.5063 -13 981 0 0 1
0.0178131 0.0516885 580 -0.00902675 0.00470019 13.6173 28.4035 -13 982 0 0 1
-0.0519064 0.235802 580 0.090538 -0.126541 5.64614 60.0096 -13 983 0 0 1
0.0382063 0.0984609 580 0.0450717 -0.0415919 10.0026 23.5212 -13 984 0 0 1
0.637234 1.69923 580 -0.0200768 0.0171351 0.0884652 20.1137 11 984 1001 0 1
-0.307706 0.037094 580 -0.00981387 0.105985 11.2493 34.1019 -13 985 0 0 1
-0.0358978 0.0453188 580 0.048755 -0.0549986 8.32157 43.7825 -13 986 0 0 1
-5.12992 -3.15976 580 0.0100313 -0.0141452 0.0287526 42.9104 11 986 1001 0 1
-0.00508178 0.0794523 580 0.0336902 0.0218893 14.2383 39.5704 -13 987 0 0 1
0.0970331 -0.0513225 580 -0.116974 -0.0185111 6.66281 52.9237 -13 988 0 0 1
-0.412089 0.926741 580 0.0221455 -0.0886728 1.90601 94.8094 -13 989 0 0 1
-0.160637 -0.0164851 580 -0.0103736 0.0621854 14.4658 22.9282 -13 990 0 0 1
-0.0539622 0.134286 580 0.0750485 0.00598217 10.8748 39.4675 -13 991 0 0 1
-0.0418105 0.217723 580 0.0463191 0.0192581 13.0763 41.6683 -13 992 0 0 1
-0.0940172 -0.0887699 580 -0.0657204 0.0148234 11.2443 47.7403 -13 993 0 0 1
0.018909 0.0506537 580 0.0117169 -0.0118484 12.8165 41.2091 -13 994 0 0 1
-0.0633261 -0.0367477 580 -0.0225965 0.0437272 13.8908 27.2362 -13 995 0 0 1
0.0535373 -0.0856428 580 -0.0137526 -0.0450362 13.0391 41.5271 -13 996 0 0 1
0.114922 -0.0275884 580 -0.00433446 -0.0910124 14.5119 23.4594 -13 997 0 0 1
0.110258 0.283854 580 0.0218327 -0.102838 10.2013 45.7078 -13 998 0 0 1
-4.38069 -4.90267 580 -0.00674453 -0.00886569 0.0312113 47.8953 11 998 1002 1001 1
0.238234 -0.153036 580 -0.0300352 -0.0682295 7.33815 33.2408 -13 999 0 0 1
0.129711 -0.102293 580 -0.0497198 -0.0439285 8.41941 46.5293 -13 1000 0 0 1
