#BLTrackFile NTuple/Z60
#x y z Px Py Pz t PDGid EventID TrackID ParentID Weight
#mm mm mm MeV/c MeV/c MeV/c ns - - - - -
0.0077402 0.00600728 60 0.00775347 0.00676196 11.5313 21.0085 -13 1 0 0 1
-0.00592343 -0.0204746 60 -0.00680788 -0.0047986 12.5882 24.2926 -13 2 0 0 1
0.0391209 0.0851271 60 0.0264785 -0.00964611 9.88444 4.76755 -13 3 0 0 1
-0.71176 0.900566 60 0.00225603 -0.0258708 0.0878941 3.98128 11 3 1001 0 1
-0.00657196 -0.00501418 60 -0.0058766 0.00428244 11.1801 6.2112 -13 4 0 0 1
0.041525 6.07872e-05 60 -0.0179575 -0.0190934 6.95795 10.5082 -13 5 0 0 1
0.0304435 0.054843 60 0.00688332 -0.00790545 7.69486 25.0086 -13 6 0 0 1
0.00268811 -0.0125362 60 -0.001674 -0.0013191 12.0574 15.3447 -13 7 0 0 1
0.019387 0.0294602 60 -0.0134902 -0.0114856 5.24837 19.0433 -13 8 0 0 1
0.0469319 -0.0123739 60 0.0020255 -0.0135519 13.6598 25.0939 -13 9 0 0 1
0.0097118 -0.0230023 60 -0.00238115 -0.0111447 13.2447 6.65505 -13 10 0 0 1
-0.0327554 -0.0498315 60 -0.0202062 0.00165317 10.6625 4.88267 -13 11 0 0 1
-0.0622356 -0.00580805 60 -0.0229872 0.0179916 11.8313 5.94912 -13 12 0 0 1
0.027871 -0.0647625 60 -0.00296838 0.016756 4.10205 11.6956 -13 13 0 0 1
2.21571 7.18223 60 -0.00516099 0.00667908 0.0317149 10.2474 11 13 1002 0 1
0.0160797 -0.0375321 60 -0.00496321 -0.0171447 10.4475 5.2026 -13 14 0 0 1
0.0941311 -0.154034 60 -0.0283262 0.0414741 5.35949 23.6472 -13 15 0 0 1
-0.0414243 -0.0324247 60 -0.00809389 0.012708 8.48381 5.54918 -13 16 0 0 1
0.0286654 -0.0114678 60 0.00736916 -0.0108883 14.519 8.68005 -13 17 0 0 1
0.0322486 -0.0358723 60 0.00250081 -0.0216307 13.0983 30.7318 -13 18 0 0 1
-0.00156037 0.0392357 60 0.00760852 -0.000286996 8.31635 20.447 -13 19 0 0 1
-0.0934826 0.156637 60 0.0201149 0.0619965 2.89222 26.3307 -13 20 0 0 1
-3.8466e-08 -3.40964e-07 60 -2.80794e-07 -2.48896e-06 14.4307 24.4106 -13 21 0 0 1
-0.079589 -0.0751714 60 -0.0317894 0.0149285 10.5502 3.97195 -13 22 0 0 1
-0.00416015 0.0111109 60 0.00456423 0.00427205 11.7909 31.458 -13 23 0 0 1
-0.00517333 -0.0140145 60 6.61876e-05 -0.0156863 8.36098 29.9638 -13 24 0 0 1
0 0 60 0 0 14.3759 15.7961 -13 25 0 0 1
-0.00344503 0.102696 60 0.0206979 0.0154611 8.96798 18.2079 -13 26 0 0 1
-0.0829763 -0.036387 60 -0.0120426 0.0153798 8.50554 13.1005 -13 27 0 0 1
-0.00575012 0.0253318 60 0.00902345 0.00675788 11.5957 29.8197 -13 28 0 0 1
-0.0255602 -0.0186517 60 -0.0108802 -0.00116482 7.10421 24.8425 -13 29 0 0 1
0.016813 -0.05032 60 -0.00536684 -0.0234679 13.6569 4.1034 -13 30 0 0 1
0 0 60 0 0 10.3861 6.57615 -13 31 0 0 1
-0.0341605 -0.0668402 60 -0.0251758 -0.0351874 8.53669 8.36598 -13 32 0 0 1
-0.0892717 0.0658392 60 0.0101303 0.0478319 3.80044 31.4247 -13 33 0 0 1
-0.00858148 0.0440652 60 0.0209005 0.0133891 13.693 23.3386 -13 34 0 0 1
-0.0122929 0.102146 60 -0.0040139 0.00679288 5.32519 31.1749 -13 35 0 0 1
0.0321591 -0.0433064 60 -0.0337655 -0.00978753 8.63294 27.0116 -13 36 0 0 1
-0.000433184 -0.00356382 60 -0.000345634 -0.00283211 10.4232 30.4617 -13 37 0 0 1
0 0 60 0 0 11.8681 25.5438 -13 38 0 0 1
0.00363943 -0.000196964 60 0.00186944 -0.0011949 9.54306 12.8307 -13 39 0 0 1
-0.00164681 -5.40378e-05 60 -0.0100626 -0.000330833 10.9545 22.8741 -13 40 0 0 1
0 0 60 0 0 8.94067 5.8931 -13 41 0 0 1
-0.0012523 0.00317418 60 -0.000837471 0.00212594 9.9418 24.1405 -13 42 0 0 1
0 0 60 0 0 14.4381 13.623 -13 43 0 0 1
-0.118583 -0.145909 60 -0.0559348 0.0181696 11.319 21.0683 -13 44 0 0 1
0.021666 0.0207948 60 0.0146372 -0.0180871 10.8912 26.9221 -13 45 0 0 1
0.0407378 0.0149427 60 0.0209086 0.0150751 5.19333 8.9247 -13 46 0 0 1
-0.00240791 -0.00128206 60 -0.000424738 0.000551703 11.4313 10.3241 -13 47 0 0 1
0.109548 0.143353 60 0.0289959 -0.00653481 6.83539 13.7588 -13 48 0 0 1
0.00045602 0.0406612 60 0.0105144 0.0143228 13.2792 8.3262 -13 49 0 0 1
-0.00927809 0.0160755 60 -0.00592774 -0.00868191 4.56587 32.4317 -13 50 0 0 1
-0.0153325 -0.0110605 60 -0.00784109 0.00123846 8.43234 14.9638 -13 51 0 0 1
-0.0226788 -0.0520785 60 0.015189 0.0537925 3.06283 30.161 -13 52 0 0 1
0.0466529 0.0424219 60 0.0175853 -0.00493827 8.26489 4.45318 -13 53 0 0 1
0.136233 -0.137954 60 0.071572 -0.0211549 3.49017 11.6111 -13 54 0 0 1
0.0106151 0.0166062 60 0.000728722 0.00148536 10.4187 21.8914 -13 55 0 0 1
0 0 60 0 0 14.1361 10.7665 -13 56 0 0 1
0 0 60 0 0 9.81488 29.869 -13 57 0 0 1
-7.15573e-06 7.22658e-07 60 -2.38738e-05 2.41101e-06 8.34324 10.083 -13 58 0 0 1
0.178412 0.150401 60 0.045925 -0.0435932 7.14206 20.5772 -13 59 0 0 1
0.0471874 0.0789235 60 0.0122635 -0.018676 8.3429 24.5284 -13 60 0 0 1
-0.00663882 0.0161978 60 -0.000812502 0.0205294 13.9569 17.2899 -13 61 0 0 1
-0.00811425 0.0055479 60 -0.00231045 0.00512869 9.41259 15.3905 -13 62 0 0 1
-0.00665706 -0.0107078 60 -0.00648312 -0.00370777 14.0301 30.0044 -13 63 0 0 1
0.000490045 0.000695669 60 0.00547881 0.0077943 8.94612 15.4315 -13 64 0 0 1
0.0256763 -0.140272 60 -0.0342962 -0.0344899 5.25374 9.44594 -13 65 0 0 1
-0.00409959 0.0276125 60 0.00791996 -0.000206076 7.43853 16.4356 -13 66 0 0 1
0 0 60 0 0 11.549 14.6549 -13 67 0 0 1
-0.0128692 0.14872 60 0.0616215 0.013287 10.6776 21.8443 -13 68 0 0 1
0.0174041 0.0374689 60 0.00842359 -0.0390638 5.56838 17.9369 -13 69 0 0 1
1.98262e-06 1.48524e-06 60 1.69142e-05 1.2671e-05 11.1844 7.42181 -13 70 0 0 1
0 0 60 0 0 11.7001 6.00404 -13 71 0 0 1
0.00280565 -0.00255105 60 0.00799173 -0.00727028 10.3943 3.90295 -13 72 0 0 1
0.00263317 0.0280447 60 0.0128159 -0.00698898 6.23396 25.4629 -13 73 0 0 1
-0.0704348 -0.0276081 60 -0.0185261 0.0313611 10.7585 17.0568 -13 74 0 0 1
0.0297622 0.0154899 60 0.019432 -0.0091322 7.85019 30.9209 -13 75 0 0 1
0.00817188 -0.0047682 60 0.0210039 -0.0101321 12.5049 27.5844 -13 76 0 0 1
-0.012086 -0.0126488 60 0.00675073 -0.00403073 8.27188 29.0053 -13 77 0 0 1
-0.0136012 -0.0297147 60 -0.0108653 -0.00161654 13.5589 15.4507 -13 78 0 0 1
-0.0537361 -0.0134551 60 -0.0199063 0.00898261 12.6923 26.9849 -13 79 0 0 1
0.0534293 0.00640021 60 0.00905468 -0.0183372 10.3273 30.2576 -13 80 0 0 1
-0.0130452 0.00843186 60 0.00823929 0.0103699 8.72693 25.804 -13 81 0 0 1
0 0 60 0 0 13.2135 25.0482 -13 82 0 0 1
0.00861568 0.00269945 60 0.00714688 -0.00916586 9.8827 21.3577 -13 83 0 0 1
0.0723578 0.00780561 60 0.025885 -0.0647813 6.43638 17.2529 -13 84 0 0 1
0 0 60 0 0 13.6161 5.732 -13 85 0 0 1
0.0434009 0.0418895 60 0.00750805 -0.0106047 7.99862 16.0345 -13 86 0 0 1
0.134163 -0.149867 60 -0.0630941 -0.0131941 2.9267 35.2724 -13 87 0 0 1
0.0218688 -0.0156381 60 0.0145457 -0.0104143 8.55504 11.2612 -13 88 0 0 1
0.0522187 -0.0360153 60 -0.00970551 -0.0183905 10.0074 13.374 -13 89 0 0 1
0.0800183 -0.014075 60 -0.00598721 -0.0232251 6.74881 12.2415 -13 90 0 0 1
-0.173424 0.0661574 60 0.0338013 0.022578 7.21181 30.7002 -13 91 0 0 1
0.0269917 0.0509053 60 0.0141729 0.0118086 6.76027 31.267 -13 92 0 0 1
0.0110644 0.0297046 60 0.00667794 -0.00628044 7.74119 28.9467 -13 93 0 0 1
0.049717 0.0163099 60 0.0239718 -0.0166167 5.96193 12.8525 -13 94 0 0 1
0.00571836 -0.0128896 60 -0.00316701 -0.00204063 10.7952 14.1155 -13 95 0 0 1
0.805789 -0.638788 60 -0.0636067 -0.185581 2.95585 13.8637 -13 96 0 0 1
-0.000548805 0.014312 60 0.00390819 0.00714126 12.8829 17.0798 -13 97 0 0 1
-0.0491012 0.0541931 60 -0.00746423 0.0268393 9.60168 10.6679 -13 98 0 0 1
0.0194651 0.00607084 60 0.0106141 -0.00260236 14.0238 7.08607 -13 99 0 0 1
0.0165967 -0.000313593 60 0.00207013 -0.00480101 12.3384 3.04046 -13 100 0 0 1
-0.128754 0.167473 60 0.0203851 0.0178018 4.94129 20.7262 -13 101 0 0 1
-0.307125 0.515074 60 -0.0057513 -0.0999897 2.32303 22.0311 -13 102 0 0 1
-0.0272439 -0.000851341 60 -0.00281215 0.0070979 9.99354 25.8063 -13 103 0 0 1
-0.000364674 0.0130413 60 -0.000302515 0.0110188 9.6355 15.5663 -13 104 0 0 1
0.0324712 -0.00983734 60 0.00163882 -0.00850443 8.85913 9.53434 -13 105 0 0 1
-0.0107788 -0.00755796 60 -0.0124172 0.00220194 10.3442 30.4826 -13 106 0 0 1
0.0162643 -0.018444 60 1.10562e-05 -0.00964668 13.7682 19.6369 -13 107 0 0 1
-0.0424369 -0.0692633 60 -0.0195781 0.0192319 7.40464 15.9755 -13 108 0 0 1
-0.0398139 0.00392409 60 -0.00445559 0.011523 13.5845 2.60389 -13 109 0 0 1
-0.148048 0.0101293 60 -0.0258639 0.0286495 5.60967 7.27006 -13 110 0 0 1
-0.000723007 0.0190692 60 0.00389762 0.010838 9.87083 6.32047 -13 111 0 0 1
0.00418807 -0.00668247 60 0.0522585 -0.0830667 7.73354 7.15425 -13 112 0 0 1
-0.00200729 0.0103913 60 0.00213004 0.00537246 11.9738 12.3903 -13 113 0 0 1
0.129719 -0.141863 60 -0.0571028 -0.0328742 8.1228 9.75531 -13 114 0 0 1
0 0 60 0 0 13.2405 21.566 -13 115 0 0 1
0.0473731 -0.0792743 60 -0.0373603 -0.0236222 10.3298 31.6498 -13 116 0 0 1
-0.00139043 -0.00680163 60 -0.00459229 -0.0224391 11.596 7.31097 -13 117 0 0 1
-0.0164767 -0.1439 60 0.0284283 -0.0111396 5.96495 9.19512 -13 118 0 0 1
0.0198466 -0.00625179 60 0.00171091 -0.0046307 10.9944 22.0126 -13 119 0 0 1
0.0075086 0.00205773 60 -0.00560607 -2.17161e-05 7.56833 17.2255 -13 120 0 0 1
-0.00643493 -0.06303 60 -0.0180921 -0.000366432 8.00979 30.9966 -13 121 0 0 1
-0.0313864 -0.0924624 60 -0.0325559 0.000757641 9.07969 9.23405 -13 122 0 0 1
-0.22299 0.114465 60 -0.0189141 0.076854 5.22448 27.0479 -13 123 0 0 1
-0.0826639 -0.00609244 60 -0.00826669 0.0202684 13.0057 17.2765 -13 124 0 0 1
0 0 60 0 0 11.4882 28.7405 -13 125 0 0 1
0.00272036 -0.00883959 60 -0.000776697 -0.00690288 11.7435 27.2413 -13 126 0 0 1
-0.00318529 -0.00333123 60 -0.00112378 0.000762985 9.68169 8.51008 -13 127 0 0 1
-0.0137739 -0.0189627 60 -0.00825623 0.000384542 13.5137 11.5931 -13 128 0 0 1
0.0237252 0.0174577 60 0.0243759 0.0179224 13.509 14.659 -13 129 0 0 1
0.00671324 -0.0140589 60 -0.00306026 -0.00440754 10.4759 24.6758 -13 130 0 0 1
-0.0619953 -0.228104 60 -0.0809172 -0.0444011 9.22407 10.9804 -13 131 0 0 1
0.22614 -0.450647 60 -0.0336177 -0.224938 13.2494 24.3919 -13 132 0 0 1
-0.0952113 0.0568753 60 -0.00783141 0.0502668 14.5329 20.7749 -13 133 0 0 1
-3.82771 -0.508328 60 0.00606556 -0.00616109 0.0370382 22.1984 11 133 1001 0 1
0.0689231 -0.0451261 60 0.00315422 -0.0152452 7.3311 22.1415 -13 134 0 0 1
-0.0299034 0.0256042 60 -0.000471999 0.0290542 13.3726 6.27933 -13 135 0 0 1
-0.000930484 0.0211192 60 0.00609784 0.00432591 12.9909 13.9018 -13 136 0 0 1
0.0067576 0.127345 60 0.0103491 -0.012703 7.31505 7.57903 -13 137 0 0 1
-0.00820483 0.0158972 60 -0.00385231 -0.00927706 4.77479 10.3496 -13 138 0 0 1
0 0 60 0 0 11.5137 21.9377 -13 139 0 0 1
0 0 60 0 0 14.1529 26.9592 -13 140 0 0 1
0.00696967 -0.0286704 60 -0.00641882 -0.00909823 13.8342 3.04861 -13 141 0 0 1
-0.000632115 -0.0011691 60 -0.00494683 -0.00915046 13.7639 13.6148 -13 142 0 0 1
0.011047 -0.0554057 60 -0.0149506 -0.0083269 11.0481 7.9369 -13 143 0 0 1
0 0 60 0 0 14.4033 22.4837 -13 144 0 0 1
-0.0102753 -0.0216238 60 -0.0102912 -0.00511571 9.89261 27.8642 -13 145 0 0 1
0.164271 0.0648821 60 0.0454204 -0.0278015 9.25463 13.3584 -13 146 0 0 1
-0.111268 -0.0382768 60 -0.0191403 0.0260593 11.2529 17.5602 -13 147 0 0 1
-0.00987486 -0.0279 60 -0.00660523 0.0036974 7.45073 16.5761 -13 148 0 0 1
0.100016 -0.0299456 60 -0.0266694 -0.0163019 7.0799 12.0539 -13 149 0 0 1
-0.0200698 0.00439955 60 -0.00181659 0.0126218 13.862 22.4901 -13 150 0 0 1
-0.00247109 0.00900033 60 0.00630839 -0.00281773 8.15376 6.53506 -13 151 0 0 1
0.0298754 0.0154329 60 0.0107043 -0.00557694 14.1411 26.1309 -13 152 0 0 1
-0.0332126 0.0564589 60 -0.0107034 0.0518174 13.704 25.6262 -13 153 0 0 1
-0.0257873 0.0118586 60 -0.00100223 0.00459903 9.49298 19.8774 -13 154 0 0 1
0.00147686 0.00429889 60 0.00706174 0.00491739 9.98443 27.7769 -13 155 0 0 1
0 0 60 0 0 11.9984 18.9161 -13 156 0 0 1
0 0 60 0 0 13.2538 11.2292 -13 157 0 0 1
0.0509476 -0.0923821 60 -0.00406543 -0.0333356 8.51675 13.2352 -13 158 0 0 1
0 0 60 0 0 14.3455 24.7994 -13 159 0 0 1
-0.0275305 0.0248841 60 0.0228714 -0.0208883 7.5823 11.9916 -13 160 0 0 1
0.000390331 -0.000201448 60 0.000709144 -0.000366268 14.1159 8.86134 -13 161 0 0 1
-0.00159077 -0.0038443 60 -0.00146664 -0.00353941 9.82486 17.8956 -13 162 0 0 1
0 0 60 0 0 9.79429 5.63097 -13 163 0 0 1
0.0194004 -0.00948731 60 0.00937701 -0.0117715 14.2347 22.0391 -13 164 0 0 1
0 0 60 0 0 12.3525 26.7914 -13 165 0 0 1
-0.00824515 0.105152 60 0.0262223 0.0425641 11.0419 31.0112 -13 166 0 0 1
-0.0647277 -0.00373617 60 -0.0030208 0.0179305 9.90211 7.51121 -13 167 0 0 1
-0.000547615 -0.00867692 60 -0.00370801 -0.00422275 11.4398 3.24128 -13 168 0 0 1
0.0193532 0.0246483 60 0.00564034 -0.00286869 13.0788 28.4251 -13 169 0 0 1
0.0277091 -0.00577196 60 0.00103142 -0.0116464 8.97334 21.767 -13 170 0 0 1
0.024003 0.0282709 60 0.0118752 -9.84418e-05 14.5221 23.8846 -13 171 0 0 1
0 0 60 0 0 11.8747 16.8665 -13 172 0 0 1
-0.0173023 0.0235247 60 0.0179073 -0.0202965 13.054 3.20702 -13 173 0 0 1
0.0641277 0.215076 60 0.0348502 0.00727317 0.0138464 3.62096 11 173 1001 0 1
-0.0299269 -0.0216155 60 -0.0107468 0.00522631 9.82082 26.287 -13 174 0 0 1
0.0116315 -0.00878137 60 0.000744565 -0.00512712 10.6885 4.99613 -13 175 0 0 1
0.0405163 0.0410243 60 0.00688515 -0.0166671 10.8055 16.7257 -13 176 0 0 1
0.064693 0.0592972 60 0.0508838 0.029085 3.81814 12.686 -13 177 0 0 1
-0.0383077 -0.0922433 60 -0.0200838 0.0342238 5.74398 15.6888 -13 178 0 0 1
0.0693219 -0.247931 60 -0.0610885 0.0281836 5.76233 20.8392 -13 179 0 0 1
-0.0436627 -0.063611 60 -6.38969e-05 0.0213785 7.21469 26.9352 -13 180 0 0 1
0.0121637 0.0657658 60 0.0149957 -0.00732217 8.8268 29.3593 -13 181 0 0 1
0.0376218 -0.0527099 60 -0.0152641 -0.0105793 9.28988 20.2359 -13 182 0 0 1
-0.023942 0.00511998 60 -0.00174351 0.00699657 14.038 7.32715 -13 183 0 0 1
-0.0123942 -0.0106154 60 -0.00790751 -0.000790337 12.3063 6.88803 -13 184 0 0 1
-0.133681 -0.0485167 60 -0.0214883 0.0343889 11.5157 18.1301 -13 185 0 0 1
0 0 60 0 0 11.894 31.3634 -13 186 0 0 1
0.0312872 -0.0147926 60 0.00546799 -0.00376085 4.97023 8.7282 -13 187 0 0 1
0.0409664 -0.0872603 60 -0.0232018 -0.00319665 8.65335 19.5578 -13 188 0 0 1
-0.00336267 -0.119285 60 -0.0235753 -0.0808153 5.98343 5.34686 -13 189 0 0 1
-0.0497331 0.0805135 60 0.0220852 0.0197367 8.47098 8.66522 -13 190 0 0 1
0 0 60 0 0 12.2585 8.17618 -13 191 0 0 1
-0.0259692 0.010377 60 -0.0010874 0.00937126 12.1046 7.92552 -13 192 0 0 1
1.12918 -0.425574 60 0.133142 -0.0893718 0.890848 34.3338 -13 193 0 0 1
0.0210663 0.197205 60 0.0494333 0.00247354 10.3759 9.53832 -13 194 0 0 1
0.0444329 -0.00405067 60 0.00411271 -0.013418 10.8833 24.3142 -13 195 0 0 1
0.00231634 0.001274 60 0.00565281 0.00310691 11.7096 31.6104 -13 196 0 0 1
-0.0470373 0.106265 60 -0.0281148 0.0512099 2.14577 32.1177 -13 197 0 0 1
-0.0121606 -0.00922627 60 -0.00377798 0.00239437 12.338 6.66796 -13 198 0 0 1
-0.0135832 -0.0192855 60 -0.0123548 0.00210551 12.9465 16.3849 -13 199 0 0 1
-0.432866 0.521014 60 0.0747114 -0.0219281 2.76794 27.9545 -13 200 0 0 1
0.0209846 -0.0596262 60 -0.00927637 -0.018359 11.6206 23.9888 -13 201 0 0 1
0.0524932 0.158711 60 0.0587063 0.00308227 12.0323 23.0862 -13 202 0 0 1
0 0 60 0 0 14.47 22.6026 -13 203 0 0 1
-0.0133401 -0.0216917 60 -0.0495497 -0.0222986 5.6043 13.2779 -13 204 0 0 1
0.0185659 -0.0290826 60 0.00990971 -0.0190298 7.25131 14.5593 -13 205 0 0 1
0.330424 -0.25498 60 0.00865031 0.0986928 2.41548 37.7346 -13 206 0 0 1
-0.0486949 0.0266238 60 0.01931 -0.00564895 9.26433 30.7003 -13 207 0 0 1
0.111601 0.0699407 60 -0.0160475 -9.22316e-05 2.60251 28.0499 -13 208 0 0 1
-6.93715e-07 -1.07105e-06 60 -6.2597e-06 -9.66454e-06 13.7214 14.8578 -13 209 0 0 1
0.0238984 0.0783584 60 -0.0223788 0.0244535 3.62194 28.4712 -13 210 0 0 1
-0.0272033 0.115128 60 0.0242177 -0.00346348 6.70534 18.8726 -13 211 0 0 1
0 0 60 0 0 13.9583 3.27976 -13 212 0 0 1
0.0220839 0.0108848 60 0.0026372 -0.0061825 8.99947 31.7302 -13 213 0 0 1
0.0198145 0.0637224 60 0.0231536 0.00811284 9.82354 20.7946 -13 214 0 0 1
0.363266 0.140718 60 0.0805669 -0.0613217 4.31236 19.1146 -13 215 0 0 1
-0.0274782 -0.0163249 60 -0.00684528 0.00305423 9.92979 14.787 -13 216 0 0 1
0 0 60 0 0 9.47893 15.6909 -13 217 0 0 1
-0.03517 -0.0054634 60 0.0112561 -0.00956259 5.3518 19.5819 -13 218 0 0 1
0 0 60 0 0 9.77973 12.8996 -13 219 0 0 1
-0.0426629 0.0107284 60 -0.00901575 0.0201246 13.3323 13.7539 -13 220 0 0 1
-0.0521372 -0.0504405 60 0.0319233 0.0165476 3.94641 15.373 -13 221 0 0 1
-0.00944807 0.0027063 60 -0.00010488 0.00308586 8.94933 9.79108 -13 222 0 0 1
0.00370645 0.0166508 60 0.00255693 -0.000469972 8.70505 6.29703 -13 223 0 0 1
0.0081323 -0.0499266 60 -0.0321728 0.0232569 6.22223 32.7902 -13 224 0 0 1
-0.590486 0.849285 60 0.0191226 0.00240449 0.0521205 32.3279 11 224 1004 0 1
0.0127408 0.0164565 60 0.00988206 0.00581684 12.358 22.9781 -13 225 0 0 1
0 0 60 0 0 10.1205 21.5165 -13 226 0 0 1
0.0174814 0.0146565 60 0.0129952 0.0141356 12.6335 21.7791 -13 227 0 0 1
0.0235779 0.0265468 60 0.019157 0.00620663 13.5216 15.2408 -13 228 0 0 1
0 0 60 0 0 13.456 12.7455 -13 229 0 0 1
-0.018562 0.0109022 60 -0.00292548 0.00803711 11.9904 3.61711 -13 230 0 0 1
-0.0181713 0.0192415 60 -0.017251 0.00888105 9.09413 28.9642 -13 231 0 0 1
-0.0682143 0.110233 60 0.028578 0.0359536 6.39262 22.7809 -13 232 0 0 1
-0.20645 -0.211517 60 -0.105071 -0.00329947 10.9913 30.2496 -13 233 0 0 1
0.0328477 -0.0094982 60 0.0141389 -0.0428625 12.5065 5.06767 -13 234 0 0 1
0.0744035 0.0337498 60 -0.0121739 -0.0209143 6.41901 27.2348 -13 235 0 0 1
0.00142897 0.134621 60 0.0404344 -0.000953846 4.78062 25.2293 -13 236 0 0 1
1.30165 -1.60296 60 0.0101005 -0.00786965 0.0330312 24.9222 11 236 1004 0 1
-0.127459 -0.106049 60 -0.0485222 0.0236661 8.40991 17.9939 -13 237 0 0 1
-0.543227 1.12763 60 -0.00311124 -0.0361698 0.0377179 18.4539 11 237 1001 0 1
-0.105286 -0.00966927 60 -0.00525179 0.0592528 9.53963 7.68273 -13 238 0 0 1
0.00405828 0.00910475 60 0.00506255 0.00430078 12.7959 13.7354 -13 239 0 0 1
-0.00644229 0.00593388 60 0.0027689 0.00224786 12.7635 7.40344 -13 240 0 0 1
-0.156525 -0.0595922 60 -0.0466274 0.0276387 12.8175 4.22404 -13 241 0 0 1
3.04524 -1.70369 60 0.0325112 0.00682639 0.0376617 5.947 11 241 1002 0 1
0.00965507 0.0187444 60 0.0051183 -0.00185211 10.9447 18.659 -13 242 0 0 1
0 0 60 0 0 13.8159 29.7455 -13 243 0 0 1
-0.0337693 -0.0062492 60 -0.0334866 0.0127322 8.69188 26.3281 -13 244 0 0 1
2.13432 -0.352316 60 -0.0345258 -0.0204286 0.033987 26.5811 11 244 1001 0 1
2.40472 -1.92844 60 -0.000403947 0.00977054 -0.0442039 29.5882 11 244 1001 0 1
0 0 60 0 0 12.934 14.3829 -13 245 0 0 1
0.0308897 0.0227203 60 0.0117809 -0.00284456 8.14054 11.9683 -13 246 0 0 1
0.0925097 -0.0110132 60 0.0115976 -0.0311397 11.6574 12.666 -13 247 0 0 1
-0.00352788 -0.0110035 60 -0.0054833 -0.00585572 11.8525 29.6244 -13 248 0 0 1
-0.00120306 0.00159544 60 -0.00532415 0.00706262 12.3678 12.8579 -13 249 0 0 1
0.0188867 0.00619684 60 0.0122897 0.00517591 10.3726 21.8694 -13 250 0 0 1
0.00212953 0.00736645 60 0.00196773 -0.000826411 8.38275 29.1516 -13 251 0 0 1
0.0105999 -0.00329007 60 0.000470572 0.0015022 12.9915 9.58241 -13 252 0 0 1
0.101131 0.0661124 60 0.106024 0.0692449 11.9434 23.3681 -13 253 0 0 1
0.0771591 0.0476001 60 0.023389 -0.01733 8.36013 7.51598 -13 254 0 0 1
-0.0189704 0.0289728 60 0.00792817 0.0216331 12.0879 9.77613 -13 255 0 0 1
0.0200135 -0.0427983 60 0.0053442 -0.0223655 12.2623 2.85728 -13 256 0 0 1
0.00253548 0.0217566 60 -0.00141531 0.0365278 11.3005 13.4135 -13 257 0 0 1
0.0336705 0.0636312 60 0.0220753 0.0118277 11.7446 18.9197 -13 258 0 0 1
-0.00203291 9.64737e-05 60 -0.00638624 0.00030456 14.4728 7.22752 -13 259 0 0 1
-0.0138487 0.00591736 60 -0.00514471 0.00682091 14.225 25.5763 -13 260 0 0 1
0.0406053 0.0721118 60 0.0376298 0.0206256 13.8538 16.9313 -13 261 0 0 1
0 0 60 0 0 12.9697 21.2568 -13 262 0 0 1
0.045467 -0.0399716 60 -0.0073673 -0.0172975 10.5531 9.97906 -13 263 0 0 1
0.0847542 0.0120422 60 -0.0269976 -0.0357179 3.94637 29.8655 -13 264 0 0 1
0 0 60 0 0 12.8163 25.7161 -13 265 0 0 1
0.00212953 0.0295912 60 0.00544962 -0.00379784 11.3415 26.7603 -13 266 0 0 1
-0.00947707 0.0278378 60 0.00802854 0.0148372 14.073 24.354 -13 267 0 0 1
0.0772492 -0.0218453 60 0.0160114 -0.0241036 12.2827 7.69906 -13 268 0 0 1
-0.0137839 -0.0342085 60 -0.0110758 0.0157321 11.9227 14.0171 -13 269 0 0 1
-0.0227943 -0.03077 60 -0.0902408 0.0872476 3.69421 35.19 -13 270 0 0 1
0.134626 -0.000430179 60 0.00568077 -0.00459404 7.36702 30.7198 -13 271 0 0 1
0 0 60 0 0 14.4775 11.7498 -13 272 0 0 1
0.0456755 0.00978773 60 0.0412525 0.0242428 8.15574 13.3794 -13 273 0 0 1
0 0 60 0 0 12.6238 29.0647 -13 274 0 0 1
0 0 60 0 0 8.83624 22.4701 -13 275 0 0 1
0.0623185 -0.0162284 60 -0.00447094 -0.0151977 11.5471 7.9546 -13 276 0 0 1
-0.0034082 0.0115814 60 0.00160604 0.00736217 9.64947 27.6639 -13 277 0 0 1
0 0 60 0 0 13.765 14.6437 -13 278 0 0 1
0.010402 0.00760881 60 0.00503839 -9.17465e-05 13.359 22.5747 -13 279 0 0 1
-0.00963633 0.00370399 60 -0.0203432 0.00948878 6.41141 10.1699 -13 280 0 0 1
-3.48198e-06 3.51742e-06 60 -8.07978e-06 8.16203e-06 8.19897 23.012 -13 281 0 0 1
0.000838287 -0.000238773 60 0.0131579 0.00804124 9.55715 25.9429 -13 282 0 0 1
0 0 60 0 0 10.7356 9.6196 -13 283 0 0 1
-0.0725958 0.000816325 60 0.0111289 0.0165575 7.26686 16.9136 -13 284 0 0 1
0.0221548 0.0705527 60 0.0196189 -0.0165067 3.56682 34.3599 -13 285 0 0 1
0.0164126 -0.0257977 60 -0.00190356 0.000124156 6.85635 29.5297 -13 286 0 0 1
0.00184986 0.0480952 60 -0.00319977 0.0314434 10.9043 30.5247 -13 287 0 0 1
0.00837325 0.00222714 60 0.00852588 0.0017265 11.9872 27.6421 -13 288 0 0 1
0.0269663 -0.0394229 60 -0.00433084 -0.0134539 9.5052 20.2181 -13 289 0 0 1
-0.0331232 0.0148045 60 0.0361386 0.017399 9.10606 11.3773 -13 290 0 0 1
-0.100256 -0.113202 60 -0.0412451 -0.0130514 0.0346785 11.4396 11 290 1001 0 1
0.00157531 -0.0271319 60 0.0198617 -0.00979088 7.01264 22.2645 -13 291 0 0 1
-0.0168594 0.0171124 60 0.00238364 0.00722615 13.282 5.23845 -13 292 0 0 1
-0.0102457 -0.0218344 60 -0.00786744 0.00445113 7.47978 32.3504 -13 293 0 0 1
-0.00704764 0.0356752 60 0.00667016 0.0175184 13.833 31.4475 -13 294 0 0 1
-0.188009 0.00965134 60 0.018395 0.0510643 7.31373 26.3964 -13 295 0 0 1
-0.0215455 -0.051069 60 -0.0247401 0.00142269 6.13192 19.0756 -13 296 0 0 1
-0.762225 -1.2813 60 0.0127451 -0.0205293 0.0213287 19.1896 11 296 1003 0 1
-0.0187686 0.0281625 60 0.00670406 0.00827879 12.0018 6.94572 -13 297 0 0 1
-0.0654763 0.205042 60 0.0965492 -0.0738084 2.6512 37.5062 -13 298 0 0 1
0 0 60 0 0 12.2005 14.886 -13 299 0 0 1
-0.0347277 -0.0566228 60 -0.00131201 0.0413364 3.66957 33.1775 -13 300 0 0 1
-0.00876572 0.00357187 60 -0.00349606 0.00630088 8.28566 29.5006 -13 301 0 0 1
-0.0762271 0.0203261 60 0.00416224 0.0222467 7.63218 19.1872 -13 302 0 0 1
-0.00118088 -0.00145389 60 -0.00210994 -0.00259586 11.6769 15.2482 -13 303 0 0 1
-0.00241993 0.00328231 60 0.000926846 0.000767665 7.78449 20.4195 -13 304 0 0 1
0 0 60 0 0 11.1029 12.4902 -13 305 0 0 1
0.0388856 -0.00171085 60 0.00375825 -0.0116767 9.74402 18.0538 -13 306 0 0 1
-0.0874899 -0.0170515 60 0.028384 0.0651108 4.63963 16.6938 -13 307 0 0 1
0.0652694 0.0102049 60 0.0061501 -0.019081 12.393 8.66722 -13 308 0 0 1
0.000937886 0.103795 60 0.0295843 -0.00634689 9.6125 22.7945 -13 309 0 0 1
0.141197 0.00284007 60 -0.0138553 -0.0369043 5.81158 13.6402 -13 310 0 0 1
0.00558696 -0.000207779 60 0.00240404 -0.00161327 14.0146 19.0957 -13 311 0 0 1
-0.0115918 0.0242927 60 0.00238192 0.0118558 12.1735 9.18284 -13 312 0 0 1
5.47358e-07 -3.98837e-08 60 4.50859e-06 -3.28522e-07 13.0597 3.91305 -13 313 0 0 1
-0.00364227 0.0103453 60 -0.00595652 0.0169364 13.8307 3.59303 -13 314 0 0 1
0 0 60 0 0 11.6448 6.11068 -13 315 0 0 1
-0.00471949 -0.0135898 60 -0.00620476 -0.00486541 9.12472 9.31525 -13 316 0 0 1
-0.15002 0.17185 60 -0.0390759 0.0595683 3.30634 15.9128 -13 317 0 0 1
0.192138 -0.039038 60 -0.0225883 -0.0448535 6.17254 9.56702 -13 318 0 0 1
1.22982 -1.65867 60 0.0226339 -0.0183295 0.0299947 9.5046 11 318 1002 0 1
0.124512 -0.0911156 60 -0.0295015 -0.0104625 1.15864 33.5534 -13 319 0 0 1
0 0 60 0 0 13.8181 7.74546 -13 320 0 0 1
-0.0141984 0.00841791 60 -0.00818911 0.0196828 10.0198 8.18911 -13 321 0 0 1
0 0 60 0 0 12.765 7.86352 -13 322 0 0 1
0.00180624 -0.0220936 60 0.0114153 0.0303148 6.24728 11.4797 -13 323 0 0 1
-0.387852 0.231026 60 0.0269816 0.0663991 2.59853 32.9956 -13 324 0 0 1
0.167792 0.00839995 60 0.0740942 -0.052824 11.4738 29.1176 -13 325 0 0 1
-0.0979882 0.0214928 60 0.000331148 0.0283446 10.7586 22.8232 -13 326 0 0 1
-0.0151896 0.00697761 60 -0.00287575 0.00470877 12.4865 15.2471 -13 327 0 0 1
0.104341 -0.0774224 60 0.0814069 -0.100011 4.48846 26.0773 -13 328 0 0 1
-0.002062 -0.00286617 60 -0.00174307 -0.00242068 12.0034 24.4538 -13 329 0 0 1
0.018021 0.00905127 60 0.00184793 -0.00550883 9.02396 11.0411 -13 330 0 0 1
0.0293253 -0.0242025 60 0.00348158 -0.0143415 5.687 5.19738 -13 331 0 0 1
-0.0367795 0.116553 60 0.0039774 0.0218299 5.0992 10.8144 -13 332 0 0 1
0.00890833 -0.0225403 60 -0.00738917 -0.00101593 9.89953 13.9035 -13 333 0 0 1
0 0 60 0 0 12.8625 4.7214 -13 334 0 0 1
0 0 60 0 0 14.2609 23.0734 -13 335 0 0 1
0.0149899 -0.00766317 60 0.000141633 -0.00462004 5.86527 18.0433 -13 336 0 0 1
6.32117e-07 9.23799e-07 60 6.39171e-06 9.34107e-06 13.746 20.3756 -13 337 0 0 1
-0.0147864 0.0173314 60 0.000914121 0.0326082 9.67969 27.2192 -13 338 0 0 1
0.016993 -0.0113999 60 0.00786599 -0.00567123 9.37195 31.4824 -13 339 0 0 1
-0.140264 0.165881 60 0.0683382 0.0252326 2.48052 37.1556 -13 340 0 0 1
-0.00524048 -0.00418536 60 -0.0056056 -0.00322525 12.4696 29.7244 -13 341 0 0 1
-0.117143 -0.0955841 60 -0.0277198 0.0210505 1.56325 36.9142 -13 342 0 0 1
0.0714599 0.359941 60 0.06002 0.0488598 2.90434 36.6033 -13 343 0 0 1
0 0 60 0 0 13.2618 8.43161 -13 344 0 0 1
0.0461242 0.0258303 60 0.00862467 -0.0122119 9.74377 3.36338 -13 345 0 0 1
-4.35065e-05 -5.3502e-05 60 -0.00295637 -0.00366582 13.4677 17.1614 -13 346 0 0 1
0.0145774 -0.014331 60 -0.000833819 -0.0213656 12.129 16.8526 -13 347 0 0 1
-0.015849 0.00811193 60 -0.0217774 0.0175336 13.8039 28.3615 -13 348 0 0 1
-0.0814384 0.00919332 60 -0.0235255 0.0490347 7.21503 17.6683 -13 349 0 0 1
0.00803282 -0.0309592 60 -0.00706959 -0.0102898 7.84032 26.4355 -13 350 0 0 1
-0.170142 -0.116763 60 -0.0234972 0.0123972 4.74551 13.0872 -13 351 0 0 1
0.00190733 -0.02884 60 0.027691 0.00905319 4.44664 17.1808 -13 352 0 0 1
-0.784087 -1.26479 60 -0.147535 -0.230403 1.85561 18.5547 -13 353 0 0 1
0.0195102 -0.00652889 60 0.0088702 -0.00938608 10.88 29.7016 -13 354 0 0 1
0.0554868 -0.044633 60 0.0368263 -0.0450611 3.66447 25.1482 -13 355 0 0 1
-0.0281309 0.0312995 60 -0.00336593 0.021931 9.80624 30.487 -13 356 0 0 1
-0.00323812 5.52408e-05 60 -0.00504421 7.87822e-05 10.7007 29.7867 -13 357 0 0 1
0.0171554 0.0674605 60 0.0325421 0.0481902 10.9336 19.8927 -13 358 0 0 1
0.157048 0.682234 60 0.0461611 0.013366 0.0399191 20.0031 11 358 1002 0 1
0.051224 0.00977009 60 0.0110382 -0.00983051 11.8112 8.47991 -13 359 0 0 1
-0.0159089 0.00439812 60 -0.0102698 -0.0047967 13.5222 23.5871 -13 360 0 0 1
-0.135435 0.0102054 60 0.0440831 0.10177 4.14178 11.5762 -13 361 0 0 1
-0.0372395 0.0354369 60 0.0107426 0.0068375 8.79153 3.84209 -13 362 0 0 1
7.1566e-05 0.000392549 60 0.000337207 0.00184846 12.2239 30.6535 -13 363 0 0 1
0.0781158 -0.0650475 60 0.00521013 -0.0486832 14.4693 6.69693 -13 364 0 0 1
0.0709444 -0.00438043 60 0.0134627 -0.00785609 11.8628 7.02845 -13 365 0 0 1
-0.0621161 -0.0436316 60 -0.0332402 0.0140049 7.95916 4.14314 -13 366 0 0 1
-0.00852003 -0.0224668 60 -0.0083938 -0.00470798 11.7275 26.8788 -13 367 0 0 1
-0.0545565 -0.0413235 60 -0.00142923 0.0254476 6.15618 23.3286 -13 368 0 0 1
-0.114685 -0.0734731 60 -0.062751 -0.0398953 2.63102 29.8482 -13 369 0 0 1
-0.092843 0.000920951 60 -0.0129068 0.0412447 6.59585 7.6719 -13 370 0 0 1
0.0512071 -0.0114108 60 0.0128588 -0.0163968 14.5321 19.6374 -13 371 0 0 1
0.211261 -0.0376131 60 0.0157795 0.0403602 2.97698 35.7054 -13 372 0 0 1
0 0 60 0 0 14.208 11.085 -13 373 0 0 1
-0.0452436 0.0087173 60 -0.0056931 -0.0345654 5.09508 10.5908 -13 374 0 0 1
0.00428952 0.0198996 60 0.00707231 0.00394726 13.3795 23.9963 -13 375 0 0 1
0.0814566 0.0256254 60 0.000530461 0.0138927 6.71328 16.5856 -13 376 0 0 1
-0.00499055 -0.0355546 60 -0.0109089 -0.00157453 10.5483 12.6004 -13 377 0 0 1
0.0757696 -0.0940749 60 -0.0170728 -0.0546137 2.56822 11.8059 -13 378 0 0 1
-0.00167559 0.0511241 60 0.0149062 -0.0216599 7.50664 6.462 -13 379 0 0 1
0.0459003 0.138899 60 0.0356476 -0.00867378 10.7475 7.76214 -13 380 0 0 1
-0.0330784 0.162367 60 0.0316689 0.0357823 7.89585 15.8817 -13 381 0 0 1
0 0 60 0 0 13.424 14.6199 -13 382 0 0 1
-0.407061 -0.154545 60 0.0185865 -0.048769 2.12039 35.3699 -13 383 0 0 1
0 0 60 0 0 14.1266 16.4662 -13 384 0 0 1
0 0 60 0 0 14.4674 11.1318 -13 386 0 0 1
-0.00364479 -0.021897 60 -0.00689064 -0.00296691 14.4431 19.7797 -13 387 0 0 1
-0.0018545 0.0143253 60 0.00406162 0.00229324 9.4281 26.4865 -13 388 0 0 1
-0.0114286 0.0129878 60 0.00144849 0.00614923 13.5115 20.6651 -13 389 0 0 1
0.0279582 -0.0191593 60 -0.00455968 -0.00724892 10.3431 11.8097 -13 390 0 0 1
-0.0641673 -0.13067 60 -0.0410529 0.00580059 8.74119 31.2075 -13 391 0 0 1
0.0310353 -0.0240087 60 -3.34314e-05 -0.0137246 8.20764 30.4445 -13 392 0 0 1
-0.0245348 -0.0740636 60 -0.0321364 -0.00739678 4.26868 8.96755 -13 393 0 0 1
0.0159606 0.00552206 60 0.0215133 -0.0313526 4.18805 15.4983 -13 394 0 0 1
0 0 60 0 0 14.1157 10.9334 -13 395 0 0 1
-0.0134332 -0.0214859 60 0.00254552 -0.0077341 7.16916 19.6809 -13 396 0 0 1
0.0114432 0.0188704 60 0.00695426 -0.000149353 14.53 9.38854 -13 397 0 0 1
0 0 60 0 0 13.3167 9.46308 -13 398 0 0 1
0 0 60 -1.35954e-05 0.000123936 12.6606 5.63207 -13 399 0 0 1
-0.0179263 0.0113808 60 -0.000586345 0.00791216 11.6718 13.7778 -13 400 0 0 1
-0.0596442 0.0575533 60 0.0170462 0.0186514 11.1945 15.6828 -13 401 0 0 1
0.0799256 -0.055715 60 -0.0184217 -0.0249177 7.3697 5.0238 -13 402 0 0 1
3.05578 -1.36422 60 2.32144e-05 0.0331308 0.0339892 5.10593 11 402 1001 0 1
0.000581596 0.0717279 60 0.00770002 -0.00526611 5.81918 24.1986 -13 403 0 0 1
-0.0077502 -0.00259219 60 -0.0148374 -0.00495763 14.4014 10.4127 -13 404 0 0 1
0.0627919 -0.210704 60 -0.0314604 -0.0696263 12.8653 19.3601 -13 405 0 0 1
-0.0242471 -0.00927901 60 -0.00308121 0.00429113 7.20491 18.7305 -13 406 0 0 1
0.00384265 -0.0367962 60 -0.0145874 0.0244579 4.93063 28.966 -13 407 0 0 1
0.0133595 0.00327226 60 0.00378914 -0.00385171 10.9468 23.9895 -13 408 0 0 1
-0.00774321 -0.0149558 60 -0.00436936 0.000938085 12.2234 5.80032 -13 409 0 0 1
0 0 60 0 0 7.2601 13.6815 -13 410 0 0 1
-0.0647225 -0.043674 60 -0.018602 0.0108677 6.9314 8.78264 -13 411 0 0 1
0.0770535 0.0126745 60 0.00909815 0.00388303 7.35629 8.20482 -13 412 0 0 1
0.0400783 -0.0242199 60 -0.034309 0.0128027 5.8237 5.10613 -13 413 0 0 1
0 0 60 0 0 9.86638 9.2927 -13 414 0 0 1
-0.021461 -0.0466758 60 -0.0195833 0.00847634 8.33962 10.2772 -13 415 0 0 1
-0.0189597 0.00702361 60 0.000212701 0.00548515 12.6631 16.0569 -13 416 0 0 1
0.00824612 0.0304971 60 0.0233195 0.00706538 6.65 9.74915 -13 417 0 0 1
-0.0398289 -0.0234253 60 -0.00307642 0.00492133 10.0646 29.0216 -13 418 0 0 1
0.096059 0.0854076 60 0.0417857 -0.00653302 7.74282 17.1724 -13 419 0 0 1
-0.00177035 -0.00398927 60 -0.00620422 -0.0139528 12.4987 12.169 -13 420 0 0 1
0.000605178 -0.00304786 60 -0.000473031 -0.00236632 13.2184 6.93108 -13 421 0 0 1
0.00339015 0.000417368 60 0.0131287 -0.000378287 7.14855 7.5649 -13 422 0 0 1
0.138217 0.564318 60 0.0161594 -0.0364435 2.43798 28.802 -13 423 0 0 1
-0.0258852 -0.0259854 60 -0.0116492 -0.00104495 9.36171 12.7586 -13 424 0 0 1
-0.0618806 -0.00631627 60 0.0369387 0.000532174 5.25001 33.7777 -13 425 0 0 1
0.0490302 -0.0297207 60 -0.0248619 0.0079675 5.23297 29.0734 -13 426 0 0 1
-0.0129103 -0.00729499 60 -0.00312584 0.00437277 10.8301 28.2246 -13 427 0 0 1
-0.0859316 0.0367051 60 0.0115724 0.0212801 7.09484 11.7952 -13 428 0 0 1
-0.158752 0.0288285 60 0.00727624 0.00970789 7.86734 16.3281 -13 429 0 0 1
0.572352 -2.76083 60 0.0135883 0.0272597 0.0417153 16.3395 11 429 1003 0 1
-1.41505 -3.21916 60 -0.0310683 0.0249382 -0.0283967 18.3581 11 429 1003 0 1
0.0661311 0.0957637 60 0.0329323 -0.0156514 9.97333 12.9991 -13 430 0 0 1
-0.00469576 0.0114306 60 0.0028313 0.00277866 10.8652 12.4134 -13 431 0 0 1
0.00786588 0.0230454 60 -0.00466501 0.0158223 9.98503 20.7762 -13 432 0 0 1
-0.0382461 0.0328499 60 -0.0017279 0.0226886 11.0692 27.6361 -13 433 0 0 1
0 0 60 0 0 13.7133 13.3526 -13 434 0 0 1
-0.00410625 -0.00328155 60 -0.00326351 -0.000635537 11.4079 17.3019 -13 435 0 0 1
-0.085618 -0.0819096 60 -0.031686 0.0188477 11.2667 9.15817 -13 436 0 0 1
-5.70708 -0.344608 60 -0.00686632 0.029078 0.0172264 11.6191 11 436 1002 0 1
-0.0071809 0.0306411 60 0.00482509 0.00323917 10.7237 13.7915 -13 437 0 0 1
0 0 60 0 0 11.1446 18.7985 -13 438 0 0 1
-0.000784607 -0.0353021 60 -0.00860938 -0.00202158 11.9623 30.7993 -13 439 0 0 1
0.0409768 -0.0182825 60 -0.00240077 -0.00439651 8.8914 23.8835 -13 440 0 0 1
0 0 60 0 0 11.4441 16.5022 -13 441 0 0 1
-0.0210109 -0.0137394 60 -0.0026464 0.00654358 4.35906 8.03539 -13 442 0 0 1
0.0401224 0.0135127 60 0.0290653 -0.0212092 7.63432 28.9162 -13 443 0 0 1
-1.31675 0.8618 60 -0.0164546 0.0318379 0.0343932 29.0094 11 443 1001 0 1
0.0895927 -0.0269382 60 -0.00320989 -0.0152006 11.4107 13.1529 -13 444 0 0 1
0.0673188 -0.0766151 60 -0.0180625 -0.00502099 8.04769 28.9583 -13 445 0 0 1
-0.00548802 -0.028088 60 -0.00950267 -0.00937869 13.4174 28.795 -13 446 0 0 1
0.0475726 -0.00963329 60 0.0111405 -0.0152959 11.6006 14.4154 -13 447 0 0 1
0 0 60 0 0 9.85706 6.27467 -13 448 0 0 1
1.31211e-05 1.53535e-06 60 3.05861e-05 3.57901e-06 8.22256 7.83495 -13 449 0 0 1
0.0109212 0.0264814 60 0.0419323 0.0134875 12.3697 31.4414 -13 450 0 0 1
-0.287897 1.2957 60 -0.0391646 0.00659262 0.00994974 32.7337 11 450 1001 0 1
-0.00688396 -0.0170377 60 -0.00335496 -0.00411267 7.90674 23.7831 -13 451 0 0 1
0.0424442 0.0981549 60 0.0356518 0.00384417 11.9002 28.7792 -13 452 0 0 1
-0.0215881 0.00120659 60 -0.00527539 0.00678098 12.9887 29.9598 -13 453 0 0 1
0 0 60 0 0 9.58854 12.0405 -13 454 0 0 1
-0.218851 0.0775207 60 0.0494635 -0.034171 2.70095 13.2325 -13 455 0 0 1
0.0344337 -0.000867099 60 0.00798246 -0.0105011 14.0205 5.86038 -13 456 0 0 1
-0.00410135 0.00763311 60 -0.00800172 0.000274207 9.47726 4.41612 -13 457 0 0 1
-0.0144109 0.0128995 60 -0.0111131 0.00995638 11.6357 29.0423 -13 458 0 0 1
-0.00877588 -0.0334016 60 -0.008019 -0.00193477 8.0494 11.9862 -13 459 0 0 1
0.0408505 0.0101262 60 0.0161101 -0.00663531 10.6035 5.63466 -13 460 0 0 1
-0.00251113 -0.00367876 60 -0.00323403 -0.00473415 13.4721 28.0387 -13 461 0 0 1
-0.0353862 0.0110662 60 -0.00965245 0.012691 13.6982 28.2084 -13 462 0 0 1
-0.0178546 -0.000207933 60 0.00169946 0.00594061 7.74887 15.5409 -13 463 0 0 1
0.00263174 -0.0266246 60 0.0116575 0.0283959 4.19711 33.4575 -13 464 0 0 1
-0.0190642 -0.09909 60 -0.038566 -0.012289 9.9205 8.29133 -13 465 0 0 1
-0.146839 1.03289 60 0.0481189 0.00540201 0.0216779 9.50191 11 465 1001 0 1
-0.0603942 0.0298649 60 0.0206762 0.00823759 7.45319 5.19202 -13 466 0 0 1
0.00393954 -0.0288895 60 -0.00767569 -0.00829454 14.0891 5.27403 -13 467 0 0 1
-0.07667 0.0127927 60 -0.0289344 0.0237546 8.85906 13.4596 -13 468 0 0 1
0.0358418 0.119335 60 -0.0313036 0.0329668 5.06991 22.1273 -13 469 0 0 1
0.00423158 -0.267364 60 -0.068902 0.0236505 6.5546 6.55567 -13 470 0 0 1
-0.0691756 -0.033053 60 -0.126416 0.00389281 2.49824 15.0457 -13 471 0 0 1
0.023133 0.0330539 60 0.0121465 -0.00358314 10.0822 23.0359 -13 472 0 0 1
0.00928567 0.0237571 60 0.0132607 -0.0105307 5.53587 6.4374 -13 473 0 0 1
-0.0294442 -0.063453 60 -0.0287842 0.00435474 8.29125 18.4426 -13 474 0 0 1
0 0 60 0 0 11.8057 12.6755 -13 475 0 0 1
0 0 60 0 0 7.90175 4.40932 -13 476 0 0 1
0.0401882 0.038349 60 0.0177773 -0.00765079 9.5531 19.0237 -13 477 0 0 1
0.00933098 -0.137042 60 -0.03243 -0.0482646 9.78004 5.71946 -13 478 0 0 1
0.123948 -0.0190928 60 -0.0400255 -0.0165733 5.52193 7.3884 -13 479 0 0 1
-0.00434833 -0.0112925 60 -0.00423896 -0.0109936 10.7349 19.7107 -13 480 0 0 1
-0.061113 -0.09259 60 -0.0266949 0.0133813 9.03705 17.3979 -13 481 0 0 1
0.0104993 0.00491363 60 -0.0399635 0.0153811 6.63414 32.969 -13 482 0 0 1
0.010535 0.00427076 60 0.00579976 -0.000984106 14.0582 31.1708 -13 483 0 0 1
0.0339364 -0.0446065 60 -0.00714207 -0.0182337 7.55098 17.5745 -13 484 0 0 1
0.0110982 0.0123906 60 0.00369138 -0.00226472 11.3893 6.06761 -13 485 0 0 1
-0.0665638 -0.0294623 60 -0.0223828 -0.0161807 7.3816 11.2994 -13 486 0 0 1
0 0 60 0 0 13.0338 20.3347 -13 487 0 0 1
-0.0548152 0.0985337 60 0.0236749 0.0238684 5.48641 25.1738 -13 488 0 0 1
-0.0229015 -0.00261656 60 -0.0051528 0.00112599 13.9003 6.87704 -13 489 0 0 1
0.00985228 -0.0240963 60 0.00699881 0.0155488 4.14919 10.0535 -13 490 0 0 1
0.0236056 0.0601859 60 0.0209509 -0.00714825 7.63099 28.2517 -13 491 0 0 1
-0.0142497 -0.0185644 60 -0.0132838 -0.0233613 13.9456 6.27121 -13 492 0 0 1
-0.0151945 -0.0056413 60 -0.00509916 0.00503456 12.4449 27.0882 -13 493 0 0 1
-0.00786107 -0.0133762 60 0.00376014 -0.00957142 12.9719 25.7296 -13 494 0 0 1
0.00461016 0.0134411 60 0.00739653 0.022746 14.4582 3.39722 -13 495 0 0 1
0 0 60 0 0 10.7446 9.62061 -13 496 0 0 1
-8.80192e-06 1.42212e-06 60 -4.50447e-05 3.78734e-09 14.0763 3.12255 -13 497 0 0 1
-0.00531132 0.0142149 60 0.00519813 0.00146565 13.7089 18.4951 -13 498 0 0 1
0.00604635 -0.00987992 60 0.000603854 -0.00667371 11.9877 18.0853 -13 499 0 0 1
0.0254671 0.014845 60 0.0206137 0.00133218 12.678 15.55 -13 500 0 0 1
0.00207123 0.00427927 60 0.00321629 0.00673311 10.9116 12.7657 -13 501 0 0 1
-0.00718151 -0.00733084 60 -0.00749305 -0.0033345 14.4419 7.22831 -13 502 0 0 1
-0.00102137 -0.0214035 60 -0.00401496 -0.0084711 10.2734 8.48364 -13 503 0 0 1
0.00732776 0.00429105 60 0.00380935 -0.000525098 11.2035 19.4068 -13 504 0 0 1
-0.387982 -0.46139 60 -0.202115 0.13382 3.95761 23.0031 -13 505 0 0 1
0.0268888 -0.0160776 60 0.00186815 -0.0111854 8.73678 11.038 -13 506 0 0 1
0.0137013 -0.0361073 60 -0.00818984 -0.00625894 12.4758 14.0988 -13 507 0 0 1
-0.0209299 0.0403337 60 0.0122659 0.0179442 11.4497 27.9606 -13 508 0 0 1
0.00392964 0.110949 60 0.0359615 0.0266136 8.26123 23.7287 -13 509 0 0 1
-2.83753 -2.24514 60 0.0158736 -0.0311776 0.0248641 24.6472 11 509 1001 0 1
0.00132138 0.0517558 60 0.0142307 0.0124702 10.5787 12.5564 -13 510 0 0 1
0 0 60 0 0 10.4661 5.73759 -13 511 0 0 1
0 0 60 0 0 12.9053 20.1378 -13 512 0 0 1
0 0 60 0 0 13.357 2.88694 -13 513 0 0 1
0.0244149 -0.0624941 60 -0.00804857 -0.0111184 8.0112 8.93299 -13 514 0 0 1
-3.37173e-05 3.74835e-05 60 -0.000716718 0.00087273 10.2574 26.4124 -13 515 0 0 1
-0.00955842 -0.051038 60 -0.0102146 -0.00824019 4.17636 14.635 -13 516 0 0 1
0.00437914 0.00575884 60 0.00160549 -0.00187293 8.26355 6.24921 -13 517 0 0 1
0 0 60 0 0 12.3924 7.38336 -13 518 0 0 1
0 0 60 0 0 11.6868 21.1486 -13 519 0 0 1
0.00310562 -0.00940455 60 -0.0041929 -0.00797161 11.6586 19.566 -13 520 0 0 1
-0.199438 0.222659 60 0.137092 -0.0276821 1.07663 24.0497 -13 521 0 0 1
0 0 60 0 0 12.962 13.6789 -13 522 0 0 1
0.00306918 0.00153245 60 0.00167151 0.00314927 13.5925 18.1295 -13 523 0 0 1
0.119674 0.0916891 60 -0.00406977 -0.00267663 4.12921 31.4758 -13 524 0 0 1
0.0160294 0.0645204 60 0.0284864 0.0185406 9.74169 9.94175 -13 525 0 0 1
0.024931 -0.0114787 60 -0.00348729 -0.00770422 11.7227 22.0983 -13 526 0 0 1
0.0852314 0.138145 60 0.0216674 -0.0127172 3.62286 34.9943 -13 527 0 0 1
0 0 60 0 0 12.5076 18.3209 -13 528 0 0 1
-0.00155226 0.0485498 60 0.0199693 0.0053134 11.2955 25.3179 -13 529 0 0 1
-0.0022478 -0.00299666 60 -0.00428495 -0.00570793 8.3489 25.7521 -13 530 0 0 1
-0.000840382 -0.000809456 60 -0.00181016 -0.00174247 12.9665 15.8897 -13 531 0 0 1
0.0102684 0.0161693 60 0.0097159 0.00508111 13.8535 31.1495 -13 532 0 0 1
0.0625817 -0.00343195 60 0.00146198 -0.0148475 9.10048 25.9324 -13 533 0 0 1
-0.056105 -0.0329153 60 -0.0122786 0.0148855 9.18885 26.2284 -13 534 0 0 1
0 0 60 0 0 9.86327 5.41488 -13 535 0 0 1
-0.0186891 0.0621744 60 0.0147684 0.01268 13.0597 11.3259 -13 536 0 0 1
-0.100645 0.0900879 60 0.0195655 0.0390071 4.67583 19.6121 -13 537 0 0 1
0.00326285 -0.00355872 60 0.00397115 -0.00433424 14.4844 20.2088 -13 538 0 0 1
-0.0062956 -0.00987262 60 -0.0110875 -0.0173734 11.3517 8.16653 -13 539 0 0 1
0.00240419 0.000847007 60 0.0132771 0.00467744 11.285 27.995 -13 540 0 0 1
0.0202962 -0.00530487 60 0.0102321 -0.00480074 7.44133 25.2274 -13 541 0 0 1
-0.00719803 0.00119682 60 -0.0049235 0.00303325 12.8321 5.93872 -13 542 0 0 1
0 0 60 0 0 8.58863 15.7356 -13 543 0 0 1
0.0145641 -0.0155081 60 0.000497864 -0.0056911 13.744 29.9555 -13 544 0 0 1
-0.00197177 0.0491942 60 0.0106454 -0.0125817 5.09879 30.7482 -13 545 0 0 1
-0.0417014 0.00142325 60 -0.00242911 0.0138899 6.74306 23.4432 -13 546 0 0 1
0 0 60 0 0 10.6989 22.0792 -13 547 0 0 1
0.0100343 -0.013791 60 0.0080893 -0.0111359 9.89264 21.7823 -13 548 0 0 1
0.0303269 -0.00891955 60 0.0189959 -0.00559802 9.65747 28.3571 -13 549 0 0 1
0.000735558 -0.00295084 60 -0.000842995 -0.00015523 8.64478 19.5459 -13 550 0 0 1
-0.0705066 -0.0158241 60 -0.047585 0.0114008 10.6048 8.27445 -13 551 0 0 1
0.0806275 0.0677673 60 0.0316144 -0.0198439 11.338 12.4713 -13 552 0 0 1
-0.0184946 0.0166805 60 -0.0103673 0.00936244 7.9524 14.9334 -13 553 0 0 1
-0.264551 0.048047 60 0.0278272 0.105062 5.21017 6.13049 -13 554 0 0 1
0.0552987 -0.00270469 60 0.0116328 -0.0152234 8.015 30.5785 -13 555 0 0 1
0.0564836 -0.0621507 60 0.000831354 -0.0357002 6.27478 24.758 -13 556 0 0 1
0 0 60 0 0 13.5782 8.50995 -13 557 0 0 1
0.00896532 -0.302937 60 -0.00507691 -0.0632036 1.78306 25.0966 -13 558 0 0 1
-0.000350277 -0.00908866 60 -0.00110207 -0.0284234 10.9566 30.6538 -13 559 0 0 1
0 0 60 0 0 13.6133 2.79703 -13 560 0 0 1
0.0686636 0.00755574 60 -0.00586177 -0.0214141 5.38896 31.1754 -13 561 0 0 1
-0.00371183 0.00370178 60 0.000596478 0.00161521 11.0662 6.04473 -13 562 0 0 1
0.0271723 0.00852721 60 0.00623887 -0.00674309 12.1243 17.5658 -13 563 0 0 1
-0.00134751 -0.0123091 60 0.00176989 -0.0112492 10.5931 30.6821 -13 564 0 0 1
-0.0124298 -0.00999365 60 -0.00757832 -0.000793484 14.2346 7.34733 -13 565 0 0 1
0.0203398 0.00278489 60 -0.00090013 -0.00723134 9.4617 14.5679 -13 566 0 0 1
-0.0971085 -0.0683945 60 -0.0184901 0.0231832 10.6073 14.0707 -13 567 0 0 1
0.0944164 -0.0333796 60 0.00346956 -0.0326298 11.8744 28.2776 -13 568 0 0 1
0 0 60 0 0 13.5589 13.2193 -13 569 0 0 1
-0.000445846 0.0184094 60 0.00325934 -0.00603616 11.1195 28.1236 -13 570 0 0 1
-0.0289657 -0.0474922 60 -0.0165246 -0.00597705 12.6625 15.5894 -13 571 0 0 1
0.0262065 -0.0207567 60 -0.0052229 -0.007208 9.92287 14.9347 -13 572 0 0 1
-0.00112926 -0.000634418 60 -0.00812016 -0.00457725 6.67472 16.6018 -13 573 0 0 1
0 0 60 0 0 13.7531 10.7197 -13 574 0 0 1
0.0143043 0.0808656 60 0.0442512 -0.0151712 7.14532 22.0821 -13 575 0 0 1
-0.0858504 -0.0596018 60 -0.0468725 0.00960372 10.6289 21.518 -13 576 0 0 1
-0.00208755 -0.00120111 60 -0.00353393 -0.00589399 13.4107 4.68979 -13 577 0 0 1
0.492867 -0.0354409 60 0.0945829 -0.142311 8.43901 14.2645 -13 578 0 0 1
0 0 60 0 0 13.9803 18.0216 -13 579 0 0 1
-0.00134571 -0.00303647 60 0.00224079 -0.00273137 12.7694 9.94055 -13 580 0 0 1
0 0 60 0 0 11.1104 30.3383 -13 581 0 0 1
-0.0131895 0.0256837 60 -0.00863323 0.0168348 8.9567 15.2492 -13 582 0 0 1
0.00161427 -0.00159499 60 0.000604133 -0.00201165 7.73881 10.1958 -13 583 0 0 1
0.00764574 -0.00276503 60 0.0183944 -0.00725952 13.9844 28.4015 -13 584 0 0 1
0 0 60 0 0 11.2683 10.3975 -13 585 0 0 1
0.01825 0.00861132 60 0.00173931 -0.00493898 9.41111 27.6028 -13 586 0 0 1
0.012672 -0.00656158 60 0.0114269 -0.0264455 13.7736 21.3494 -13 587 0 0 1
0.0257904 0.0128011 60 -0.00126802 -0.00171862 9.63201 12.3404 -13 588 0 0 1
-0.0163203 0.00229957 60 -0.00629557 0.00547498 13.2806 14.3401 -13 589 0 0 1
0.182424 0.320432 60 0.0363644 -0.00361471 1.99981 17.4673 -13 590 0 0 1
0.167209 0.550654 60 0.125987 -0.0636025 9.19201 14.6393 -13 591 0 0 1
0.00454642 -0.0400544 60 -0.011364 -0.0129366 8.35596 15.6913 -13 592 0 0 1
-0.0741745 0.0110234 60 0.0193934 0.0039075 5.9303 31.1524 -13 593 0 0 1
0.00419362 0.0147064 60 0.00623332 0.00640155 10.7726 31.6507 -13 594 0 0 1
-0.0128278 -0.0480212 60 -0.00892572 -0.0191267 10.0597 17.214 -13 595 0 0 1
-0.0561392 0.0250381 60 -0.00616123 0.0219978 8.16653 19.8451 -13 596 0 0 1
0.0102653 -0.00103273 60 0.00214962 -0.00275785 10.443 14.2609 -13 597 0 0 1
0.282186 0.0982931 60 0.0458589 -0.0546988 1.17255 24.8704 -13 598 0 0 1
0.0685075 0.035151 60 0.0123154 -0.00301061 5.92012 11.0516 -13 599 0 0 1
0.0747124 0.0745995 60 -0.0224626 -0.00403433 2.55692 9.23594 -13 600 0 0 1
0 0 60 0 0 12.5649 20.0956 -13 601 0 0 1
0.0447078 -0.027758 60 -0.00405888 -0.00874186 6.95462 25.3299 -13 602 0 0 1
-0.0334639 -0.0607749 60 -0.0150637 0.0131848 9.32118 25.0424 -13 603 0 0 1
0.0245008 0.0145177 60 0.00401132 -0.00910197 7.61178 16.1643 -13 604 0 0 1
0.148042 -0.0158259 60 0.00586026 0.00179889 4.95915 12.1493 -13 605 0 0 1
0 0 60 0 0 12.4665 18.5578 -13 606 0 0 1
0.00124572 0.0010048 60 0.00479681 0.0038677 11.8989 7.88107 -13 607 0 0 1
0.0522512 -0.104981 60 -0.0142521 -0.0507751 12.9398 16.8367 -13 608 0 0 1
0.00157725 0.0281655 60 0.00716979 0.00726161 11.8921 7.06113 -13 609 0 0 1
-0.014238 0.0193024 60 0.00390968 0.00583919 8.85375 10.0737 -13 610 0 0 1
0 0 60 0 0 10.3548 7.36772 -13 611 0 0 1
0.0443115 -0.0026737 60 -0.00360119 -0.01205 7.91172 14.9625 -13 612 0 0 1
0.00829955 -0.016863 60 -0.00374849 -0.00416106 12.479 16.5419 -13 613 0 0 1
0.00407023 0.0119247 60 0.00347248 0.0101802 12.1393 4.42204 -13 614 0 0 1
-0.133817 -0.0820708 60 -0.0344946 0.0176702 4.0612 23.4859 -13 615 0 0 1
0.0410008 0.10586 60 -0.00217109 0.0431799 4.20888 30.9577 -13 616 0 0 1
0.0138331 -0.0103549 60 -0.00202243 -0.00298267 10.8338 19.3073 -13 617 0 0 1
-0.0279679 0.00878718 60 -0.0078374 0.0146521 8.14997 22.7548 -13 618 0 0 1
0.0140575 0.117298 60 0.00509221 0.047405 4.9891 26.3181 -13 619 0 0 1
-0.0455853 -0.0461915 60 -0.0224245 0.00921909 12.3701 21.6943 -13 620 0 0 1
0.0181599 -0.0394798 60 0.0294986 -0.044927 5.30638 6.87993 -13 621 0 0 1
4.5707e-06 -9.82115e-07 60 1.89007e-05 -4.06124e-06 11.1752 30.3023 -13 622 0 0 1
0.0353496 0.0998338 60 0.0258077 -0.00663923 9.7545 16.7527 -13 623 0 0 1
0.00664496 0.015865 60 0.00674823 0.00277846 14.1827 3.10945 -13 624 0 0 1
-0.00709328 0.0129417 60 -0.00449126 0.0119439 9.18087 18.6168 -13 625 0 0 1
-0.0378969 -0.0263478 60 -0.00918154 0.0121815 6.18493 12.2095 -13 626 0 0 1
0.00837846 0.00619087 60 0.00473894 -0.000327692 9.44494 20.2954 -13 627 0 0 1
0.0587082 -0.11559 60 0.00656335 -0.00552864 3.41682 24.9405 -13 628 0 0 1
0.0405663 0.0195839 60 0.00982394 -0.00650207 10.4709 8.62594 -13 629 0 0 1
0.0220165 0.0066814 60 0.00741349 -0.00270031 11.7978 29.6735 -13 630 0 0 1
-0.0230973 -0.0781054 60 -0.0773786 -0.0494678 8.89461 30.4174 -13 631 0 0 1
-0.0129851 -0.00141266 60 -0.00533239 0.00276611 14.0835 14.1206 -13 632 0 0 1
0.00604587 -0.0101612 60 -0.00444437 -0.00957376 8.39732 11.2733 -13 633 0 0 1
0.0501152 0.0376329 60 -0.0215992 -0.0343511 4.97896 7.55167 -13 634 0 0 1
0.172856 -0.0290061 60 -0.0226989 -0.0395585 8.09166 20.3379 -13 635 0 0 1
-0.000989021 -0.00253862 60 -0.00262063 -0.00669811 14.143 9.1748 -13 636 0 0 1
0.0488616 -0.0268276 60 -0.0164201 -0.0235697 8.05142 24.9471 -13 637 0 0 1
-0.0149273 -0.00498547 60 0.00803016 -0.00285454 12.7217 17.9194 -13 638 0 0 1
0.0322563 0.00338862 60 0.027493 -0.0103533 14.0106 7.35805 -13 639 0 0 1
-0.0123272 -0.00712788 60 -0.00708344 -0.00422918 10.9178 3.46675 -13 640 0 0 1
0.12889 0.0063604 60 0.0127113 -0.0208364 4.66984 15.2408 -13 641 0 0 1
0.411565 -0.0684707 60 0.0391703 -0.105528 7.23874 26.4029 -13 642 0 0 1
0.0288299 -0.0154624 60 0.0008844 -0.0146738 11.0825 2.96605 -13 643 0 0 1
-0.0183186 -0.0176976 60 -0.00529592 -0.00391909 13.7439 20.3932 -13 644 0 0 1
-0.00265091 0.00113789 60 -0.00278587 0.00119739 9.75488 4.86856 -13 645 0 0 1
-0.0191602 0.00417633 60 -0.00544335 0.0060364 13.7727 18.8783 -13 646 0 0 1
-0.133371 -0.00262005 60 0.0173916 0.0412813 6.03394 30.905 -13 647 0 0 1
-0.33295 0.513089 60 0.00768696 0.0057849 0.0310464 31.1278 11 647 1007 0 1
0.0283234 -0.0912629 60 -0.0358679 0.0374653 4.3443 18.5725 -13 648 0 0 1
0.131502 -0.0315027 60 -0.00228009 -0.0337585 6.38541 14.1214 -13 649 0 0 1
0.0210247 -0.017682 60 0.00610214 -0.0207809 13.5413 6.06452 -13 650 0 0 1
0.0103619 -0.0459759 60 -0.00650569 -0.00396053 10.1089 15.4949 -13 651 0 0 1
0.0504224 -0.0372239 60 0.019097 -0.0269219 10.5079 28.491 -13 652 0 0 1
-0.0242421 0.0130366 60 0.000742731 0.00861986 11.9935 19.7525 -13 653 0 0 1
0.0116244 -0.00289351 60 0.0137539 -0.0034293 12.3102 14.4495 -13 654 0 0 1
-0.00488771 -0.0279675 60 -0.0101626 -0.00495524 14.3689 24.065 -13 655 0 0 1
-0.0203733 0.00549988 60 -0.0144172 0.0039978 9.60893 18.7558 -13 656 0 0 1
-0.0168874 0.00111428 60 0.0212589 0.0150396 8.02972 24.9564 -13 657 0 0 1
0.00183147 0.00676111 60 -0.00201216 0.0100787 5.22905 21.1998 -13 658 0 0 1
-0.00537898 -0.0242226 60 -0.00811465 -0.0106065 14.4632 15.6863 -13 659 0 0 1
0.62485 0.53566 60 0.194052 -0.133896 11.7074 24.6102 -13 660 0 0 1
0.0995495 0.116186 60 0.0484659 -0.0235441 10.6562 18.3925 -13 661 0 0 1
-0.000816512 -0.0412017 60 -0.00496076 -0.0160698 12.1419 13.5253 -13 662 0 0 1
-0.00805743 -0.00242963 60 -0.0102901 -0.00309777 9.56962 31.8047 -13 663 0 0 1
0.0163249 0.101046 60 0.0183314 -0.010282 8.26209 32.1169 -13 664 0 0 1
0.0139459 -0.0100026 60 0.00205781 -0.00728374 11.3643 4.23905 -13 665 0 0 1
0.0971541 0.0585798 60 0.0320183 -0.0246626 11.8009 16.8063 -13 666 0 0 1
-0.0331907 0.0216323 60 0.00238425 0.0106302 13.0959 14.8129 -13 667 0 0 1
0.0529163 -0.0249086 60 0.0177737 -0.0233043 6.73737 14.0134 -13 668 0 0 1
-0.0224533 0.00153989 60 -0.0121766 0.00668054 9.61699 20.418 -13 669 0 0 1
0.0628488 -0.077207 60 -0.0106682 -0.0309912 13.5907 19.1443 -13 670 0 0 1
0 0 60 0 0 13.1544 21.6929 -13 671 0 0 1
0.0887294 0.390239 60 0.0919615 0.0622606 2.36793 24.9698 -13 672 0 0 1
-0.0326054 0.0559715 60 0.034895 0.00151002 4.10598 19.3843 -13 673 0 0 1
0.00246955 -0.0311193 60 -0.00521746 -0.00589063 12.5626 31.3548 -13 674 0 0 1
0.0478258 0.0513586 60 0.0145142 -0.0194918 7.25173 11.3837 -13 675 0 0 1
-0.0112117 -0.000425898 60 0.00268107 0.00692267 12.9166 28.076 -13 676 0 0 1
0 0 60 0 0 11.8484 8.9478 -13 677 0 0 1
-0.131213 0.0128058 60 -0.0100681 0.0335486 9.43417 18.3784 -13 678 0 0 1
0.0131203 -0.0367694 60 -0.00599213 -0.00540755 8.14864 15.7529 -13 679 0 0 1
-0.0163315 -0.011343 60 -0.0231343 -0.00882474 9.28185 21.2678 -13 680 0 0 1
0 0 60 0 0 14.0756 4.6279 -13 681 0 0 1
-0.0260013 0.016279 60 -0.00541803 0.0117497 13.274 3.08272 -13 682 0 0 1
0 0 60 0 0 13.0083 26.9335 -13 683 0 0 1
0.216935 0.0567988 60 0.00591622 -0.0651059 8.65739 19.3261 -13 684 0 0 1
0.00343757 -0.00606325 60 0.000282361 -0.00482883 8.09283 10.4483 -13 685 0 0 1
0.000966728 0.000480746 60 0.00692367 0.00344411 11.6636 29.3087 -13 686 0 0 1
0.0282833 -0.0393309 60 -0.0123642 0.00289869 9.05455 9.27925 -13 687 0 0 1
-0.0233024 0.0452155 60 0.00187726 0.0287312 12.8547 24.9627 -13 688 0 0 1
-0.0342524 0.0134603 60 -0.00322894 0.0206131 9.91617 25.0674 -13 689 0 0 1
-1.47074e-05 2.48133e-05 60 -2.64087e-05 4.4555e-05 5.34387 23.8999 -13 690 0 0 1
-0.0117312 0.0174206 60 0.0158825 0.00773565 12.3378 19.1428 -13 691 0 0 1
-0.00876574 -0.0139115 60 -0.00299845 0.00283477 7.51732 5.00137 -13 692 0 0 1
0 0 60 0 0 12.7862 22.8628 -13 693 0 0 1
-0.00834588 0.0386058 60 -0.0200134 0.0203421 4.17749 16.4397 -13 694 0 0 1
0 0 60 0 0 7.40345 14.223 -13 695 0 0 1
0.0239958 -0.0993927 60 -0.0138586 -0.00285964 6.74319 17.2335 -13 696 0 0 1
0.0271233 0.018374 60 0.00257054 0.0033118 10.0434 20.9694 -13 697 0 0 1
0.0455296 -0.000874577 60 0.0117993 -0.0132075 8.79762 10.6787 -13 698 0 0 1
-0.0172442 0.00840614 60 -0.00117097 0.00694035 13.3614 25.6825 -13 699 0 0 1
-0.0260233 0.00938298 60 0.0096949 -0.00567754 8.83385 13.2729 -13 700 0 0 1
0.0410579 -0.0106401 60 -0.00418101 -0.00995048 9.09958 4.9237 -13 701 0 0 1
0 0 60 0 0 12.3121 27.4341 -13 702 0 0 1
-0.00683386 -0.00122175 60 -0.0100018 -0.00178426 12.0875 24.3582 -13 703 0 0 1
0.0357664 0.0811859 60 0.0264476 0.00690596 9.43736 11.3642 -13 704 0 0 1
-0.014843 0.00535544 60 -0.000793494 0.00531482 10.1226 9.09833 -13 705 0 0 1
0.00442305 0.0127095 60 0.00377463 0.0108285 9.61086 18.0988 -13 706 0 0 1
0.0112298 -0.00985745 60 -0.00228815 -0.00817434 13.8818 3.30779 -13 707 0 0 1
0 0 60 0 0 10.563 20.457 -13 708 0 0 1
0.0371267 -0.0161813 60 0.0103325 -0.0353528 4.01297 19.7696 -13 709 0 0 1
0 0 60 0 0 7.9862 22.8851 -13 710 0 0 1
-0.00909876 -0.0226826 60 -0.00910271 -0.0226686 14.1706 3.52729 -13 711 0 0 1
0.045243 -0.0114465 60 0.00100047 -0.013761 11.6252 21.9195 -13 712 0 0 1
0.0593736 0.0201524 60 0.0190312 -0.0130448 6.50925 25.6651 -13 713 0 0 1
-0.00606486 0.0227682 60 0.00350963 0.0121081 14.0724 23.0284 -13 714 0 0 1
0 0 60 0 0 12.3906 31.43 -13 715 0 0 1
0.00422745 0.022189 60 0.0108449 0.0092479 13.1334 22.5988 -13 716 0 0 1
-0.00850023 0.00260072 60 0.00484714 -0.00101651 10.6165 17.6875 -13 717 0 0 1
0 0 60 0 0 8.72543 10.8276 -13 718 0 0 1
-0.00113821 -0.010069 60 -0.00303609 -0.00290062 10.6826 11.0161 -13 719 0 0 1
0 0 60 0 0 11.2976 30.85 -13 720 0 0 1
0.0240204 0.0252711 60 0.00570334 -0.00901792 9.71842 28.319 -13 721 0 0 1
-0.0501775 0.243488 60 0.0282962 0.0173452 5.3638 15.1549 -13 722 0 0 1
0.0789953 -0.0278657 60 0.00404773 -0.0323925 8.58586 6.3079 -13 723 0 0 1
-0.0174582 -0.00844288 60 -0.0297199 -0.0117781 5.06464 26.7091 -13 724 0 0 1
0 0 60 0 0 9.63183 14.3719 -13 725 0 0 1
-0.0108895 -0.00141352 60 -0.0224887 -0.00344255 13.6278 17.3662 -13 726 0 0 1
-0.0074017 0.00558643 60 -0.0112965 0.00853188 14.1585 6.80039 -13 727 0 0 1
0.0363087 -0.0133368 60 0.0148991 -0.0420667 3.56891 29.5002 -13 728 0 0 1
0.0360233 -0.00996574 60 0.00983141 -0.00386234 5.5725 15.1285 -13 729 0 0 1
0.0158751 -0.00733773 60 0.00702396 -0.00852046 11.2181 9.5117 -13 730 0 0 1
0.00740596 0.0392605 60 0.00674261 0.0107478 10.9943 5.32793 -13 731 0 0 1
0.182732 0.229026 60 0.0779736 -0.14595 2.86772 26.9141 -13 732 0 0 1
0.0307879 -0.0319221 60 -0.0315978 0.00967015 4.91774 16.8818 -13 733 0 0 1
-0.0229871 0.177174 60 0.0545278 -0.00683794 7.94327 7.08487 -13 734 0 0 1
-0.00401934 0.00968252 60 -0.00518922 0.0125154 11.0012 19.046 -13 735 0 0 1
-0.00141276 -0.00306708 60 -0.00219121 -0.00475223 11.0026 11.9939 -13 736 0 0 1
0.0299834 -0.0455902 60 -0.0100066 -0.0170427 8.30304 23.3196 -13 737 0 0 1
0 0 60 0 0 8.45767 25.9507 -13 738 0 0 1
0.143444 0.0708139 60 0.0557381 -0.0377793 11.9128 22.8179 -13 739 0 0 1
-0.0251045 -0.0294277 60 -0.0189697 -0.00561191 13.0484 25.67 -13 740 0 0 1
0.00930304 -0.00532368 60 0.00380411 -0.00763965 8.73456 22.3107 -13 741 0 0 1
-0.0136018 0.0359271 60 -0.0117854 0.0130149 4.4738 28.848 -13 742 0 0 1
-0.0468176 -0.0681136 60 -0.0281833 0.00185795 8.36601 4.74397 -13 743 0 0 1
-0.124211 0.0783322 60 -0.073735 0.029505 3.49011 13.9815 -13 744 0 0 1
-0.0132529 -0.0463964 60 -0.0148185 -0.0012123 11.514 17.0014 -13 745 0 0 1
0.00155075 0.00197343 60 0.000359446 -0.000507961 8.59554 28.7831 -13 746 0 0 1
-0.0899374 0.0235611 60 -0.00413656 0.024009 11.8636 25.0021 -13 747 0 0 1
0 0 60 0 0 10.6 19.4712 -13 748 0 0 1
0.00116897 0.0270574 60 0.0100646 0.00853279 12.135 3.65048 -13 749 0 0 1
-0.000403748 -0.00196053 60 -0.000465889 -0.00225722 10.4712 24.1589 -13 750 0 0 1
0 0 60 0 0 11.1522 26.5268 -13 751 0 0 1
0.0339915 0.00936499 60 -0.000293556 -0.0109552 6.65098 7.96816 -13 752 0 0 1
0.00592353 -0.0141782 60 -0.00125647 -0.00297397 10.828 5.18227 -13 753 0 0 1
0 0 60 0 0 8.71034 28.3513 -13 754 0 0 1
0.0325506 0.0308397 60 0.0212905 -0.0173779 7.96923 10.4535 -13 755 0 0 1
-0.201083 -0.149786 60 0.0173354 0.00673157 5.51992 16.2433 -13 756 0 0 1
0.0336525 0.0448521 60 0.0170464 -0.0121294 7.31542 16.0003 -13 757 0 0 1
0.0496817 0.0570875 60 0.0571258 0.0304173 7.97066 5.76794 -13 758 0 0 1
0.165043 0.050631 60 -0.0031256 0.034704 0.0304085 5.831 11 758 1002 0 1
-0.000164393 0.000318285 60 -0.000205869 0.000398926 14.1833 17.4607 -13 759 0 0 1
0.0498872 0.0106329 60 0.00298517 -0.0156802 8.13922 23.4599 -13 760 0 0 1
-0.107449 0.0591162 60 0.0140228 0.0461516 6.51694 10.7761 -13 761 0 0 1
-0.0160069 -0.00490272 60 -0.00771038 0.00251442 13.8774 30.3365 -13 762 0 0 1
0.0301669 0.042077 60 0.0130157 -0.00570065 11.1733 28.5447 -13 763 0 0 1
0.00549176 -0.00460157 60 -0.00176816 -0.0013392 9.88587 13.599 -13 764 0 0 1
-0.0238374 0.00234799 60 0.00403324 0.00716492 5.94283 11.3102 -13 765 0 0 1
0.000859407 -0.00124442 60 0.0115286 -0.0166492 8.63122 8.16262 -13 766 0 0 1
-0.00434431 0.0220696 60 -0.0122087 0.0217691 12.6593 31.342 -13 767 0 0 1
-0.0178676 0.00998562 60 0.000422789 0.00637566 12.8863 23.0168 -13 768 0 0 1
0.00301968 -0.0618261 60 -0.0204257 0.00214621 7.06512 8.12165 -13 769 0 0 1
-0.0201452 -0.0595208 60 -0.0279156 -0.025081 13.6546 8.84847 -13 770 0 0 1
-0.186278 0.0127977 60 -0.0230735 0.0496467 10.9141 8.59503 -13 771 0 0 1
0 0 60 0 0 14.3478 4.27758 -13 772 0 0 1
-0.00195622 0.00969786 60 -0.00194898 0.00968346 11.4409 7.20932 -13 773 0 0 1
0 0 60 0 0 13.4162 5.72404 -13 774 0 0 1
0.0401838 -0.0143828 60 0.101736 0.020044 4.06349 9.01294 -13 775 0 0 1
0 0 60 0 0 11.8599 13.9168 -13 776 0 0 1
0.00587059 0.022825 60 0.0064318 -0.000563807 10.701 14.9847 -13 777 0 0 1
0.0221178 -0.0209874 60 -0.00647547 -0.00498706 8.6561 21.6574 -13 778 0 0 1
0 0 60 0 0 12.9532 2.70105 -13 779 0 0 1
-0.041094 -0.0666901 60 -0.0409815 0.0232291 9.62071 7.28037 -13 780 0 0 1
6.27974e-08 -2.1297e-07 60 5.6469e-06 -1.91508e-05 11.6545 6.74771 -13 781 0 0 1
8.99688e-07 4.86525e-06 60 3.8581e-06 2.08634e-05 10.0942 6.06793 -13 782 0 0 1
0.113473 0.00971037 60 -0.0133496 -0.0331641 7.01826 20.1648 -13 783 0 0 1
0.00500027 -0.0291516 60 -0.0205576 -0.0214459 6.94516 6.27914 -13 784 0 0 1
-0.0323242 0.0412914 60 0.000286663 0.0173704 5.18049 19.1374 -13 785 0 0 1
0.0453237 0.0255201 60 0.0111624 -0.0146073 9.61857 21.6461 -13 786 0 0 1
-0.00385616 0.0267608 60 -0.00260542 0.0181533 8.94688 19.6438 -13 787 0 0 1
-0.0768369 -0.104258 60 -0.0459822 -0.00534231 12.3664 20.4459 -13 788 0 0 1
0 0 60 0 0 14.1732 17.156 -13 789 0 0 1
-0.00295273 -0.026555 60 0.00905599 -0.00258217 9.98186 29.6151 -13 790 0 0 1
-0.0125135 0.00725425 60 0.018227 -0.0084269 5.02765 29.237 -13 791 0 0 1
0.00664825 -0.0254395 60 0.00131209 -0.0197853 11.7966 30.5294 -13 792 0 0 1
0.0454379 0.0899855 60 0.0401703 0.0031134 11.4465 19.3457 -13 793 0 0 1
0 0 60 0 0 7.52316 15.8376 -13 794 0 0 1
0.0935197 -0.30617 60 -0.0535642 -0.106539 11.5087 10.8503 -13 795 0 0 1
0.037446 0.0195889 60 0.0051075 -0.0107866 8.92487 25.7526 -13 796 0 0 1
-0.00135617 -0.00339228 60 -0.00186205 -0.00465305 14.0227 26.8005 -13 797 0 0 1
0.0360101 0.0562234 60 0.0273919 0.00566306 13.724 27.1388 -13 798 0 0 1
0.0115866 0.00725761 60 0.00595038 -0.00100177 9.41162 32.1181 -13 799 0 0 1
0 0 60 0 0 13.563 4.48112 -13 800 0 0 1
-0.0051161 0.0256616 60 0.00733684 0.0127137 5.91546 9.10794 -13 801 0 0 1
-0.368754 -2.39261 60 -0.17714 0.0347607 0.986042 44.8453 -13 802 0 0 1
-0.043081 0.00375805 60 -0.0230001 -0.0406868 7.09575 23.3159 -13 803 0 0 1
-0.0104554 0.0121801 60 -0.0023823 0.00542293 13.023 9.72277 -13 804 0 0 1
0.0113048 -0.0157428 60 -0.000406923 -0.00751323 12.5943 29.1469 -13 805 0 0 1
-0.160899 0.214412 60 -0.0669883 0.00545499 3.41418 14.4574 -13 806 0 0 1
0 0 60 0 0 13.6597 12.626 -13 807 0 0 1
-0.063958 0.0419262 60 -0.0860563 0.0288999 7.14652 13.2238 -13 808 0 0 1
0.0154744 -0.00656958 60 0.000498855 -0.00514289 14.3153 15.6891 -13 809 0 0 1
0.0101305 -0.00291748 60 -0.000430399 -0.00270299 10.8382 18.5459 -13 810 0 0 1
0.0821284 0.00688008 60 -0.0350615 -0.0360985 5.77178 7.23983 -13 811 0 0 1
-0.101443 0.0515967 60 0.0339098 0.000745803 6.61552 5.89582 -13 812 0 0 1
0 0 60 0 0 13.2329 12.9646 -13 813 0 0 1
0 0 60 0 0 9.6494 13.5505 -13 814 0 0 1
0 0 60 0 0 11.6817 29.755 -13 815 0 0 1
0.0655009 -0.0989109 60 -0.00220169 -0.00993454 6.16587 8.87356 -13 816 0 0 1
-0.568135 0.630515 60 0.176448 0.238049 5.4858 28.9849 -13 817 0 0 1
-0.000761658 -0.0214361 60 -0.00621034 -0.00744662 11.4964 31.2162 -13 818 0 0 1
-0.00975767 0.0555073 60 0.012855 0.00629331 6.27654 30.6798 -13 819 0 0 1
-0.00719984 -0.00751919 60 -0.0102009 0.00536905 13.4037 8.88046 -13 820 0 0 1
-0.0456128 0.035281 60 -0.00364045 0.0203621 8.49674 6.85927 -13 821 0 0 1
0.000583559 0.00469737 60 0.00155248 0.00165378 11.716 30.9248 -13 822 0 0 1
-0.00495726 -0.0392976 60 -0.0105719 -0.00406776 12.6297 25.3874 -13 823 0 0 1
0 0 60 0 0 14.567 22.8733 -13 824 0 0 1
0 0 60 0 0 14.4629 27.9785 -13 825 0 0 1
-0.137951 -0.0519714 60 -0.0220537 0.0391676 7.66719 16.646 -13 826 0 0 1
0.121859 -0.0348359 60 0.0126152 -0.0724436 4.08862 34.3958 -13 827 0 0 1
0.00520209 -0.00746689 60 -0.00196201 -0.00188954 8.66892 29.7049 -13 828 0 0 1
0.0973083 0.105911 60 0.0352054 -0.0224727 10.1165 29.0854 -13 829 0 0 1
0 0 60 0 0 14.0883 31.0668 -13 830 0 0 1
0.0449162 -0.00432335 60 0.0300832 -0.00330306 8.45338 10.0201 -13 831 0 0 1
0 0 60 0 0 13.8025 15.6631 -13 832 0 0 1
0.0186025 0.017434 60 0.0133856 0.00142608 9.06536 32.2272 -13 833 0 0 1
0.0630109 0.0148134 60 0.0139659 -0.00260386 5.53676 28.7977 -13 834 0 0 1
-0.0282225 0.0615105 60 -0.00886296 0.0397694 7.88341 31.0853 -13 835 0 0 1
-0.0319676 0.0246419 60 -0.0108393 0.0231301 11.8752 24.0167 -13 836 0 0 1
-0.0169475 -0.00306012 60 -0.00923876 0.00273518 10.8367 11.6665 -13 837 0 0 1
-0.0407671 0.0347118 60 -0.0139613 0.0179561 12.8411 19.0298 -13 838 0 0 1
0.00105917 -0.000151871 60 0.000129045 -0.000338254 11.1482 24.0282 -13 839 0 0 1
-0.00665197 0.00497948 60 -0.00946871 0.00709432 9.888 24.2885 -13 840 0 0 1
-0.0783006 -0.0919609 60 -0.0382713 0.010626 1.01884 16.9947 -13 841 0 0 1
-0.0657602 -0.182465 60 -0.00870493 0.0378272 6.2689 30.8192 -13 842 0 0 1
-0.0231295 -0.0302591 60 -0.0166487 0.0148866 8.34223 10.2133 -13 843 0 0 1
-0.170919 -0.0813635 60 0.0130399 0.0508127 4.56155 28.9398 -13 844 0 0 1
0.070175 -0.0268841 60 0.00996223 -0.0277705 13.499 11.1104 -13 845 0 0 1
0 0 60 0 0 12.3131 18.931 -13 846 0 0 1
0.0651861 -0.0184128 60 -0.00669007 -0.0175211 4.84337 14.3365 -13 847 0 0 1
-0.115784 0.01921 60 -0.0110063 0.0648191 4.89385 32.2832 -13 848 0 0 1
0 0 60 0 0 9.64084 5.11722 -13 849 0 0 1
0.00166698 0.00124783 60 -0.00177693 0.00139971 12.3926 24.3513 -13 850 0 0 1
0.00986374 -0.010662 60 -0.0031128 -0.00196359 8.93175 10.896 -13 851 0 0 1
0.290124 -0.105354 60 -0.0345552 -0.0692338 2.59141 30.3499 -13 852 0 0 1
0.23787 0.240048 60 0.0673012 -0.0631052 4.9813 8.62756 -13 853 0 0 1
0 0 60 0 0 11.4972 5.83401 -13 854 0 0 1
0 0 60 0 0 11.5752 25.9496 -13 855 0 0 1
0.337948 0.14723 60 0.111137 0.00136618 1.62463 16.042 -13 856 0 0 1
0 0 60 0 0 14.3415 10.1687 -13 857 0 0 1
-0.00760472 -0.00252571 60 -0.00277358 0.000945707 10.2429 28.8667 -13 858 0 0 1
0.00513723 -0.00311696 60 -0.000212011 -0.00182672 12.9667 13.8187 -13 859 0 0 1
0.00137255 0.0140163 60 0.00455962 0.00328466 13.0643 26.972 -13 860 0 0 1
-0.0332627 0.00944333 60 0.00316992 0.0160724 11.1979 5.47807 -13 861 0 0 1
0.0158711 -0.0370245 60 -0.0297584 -0.023942 5.99816 25.2336 -13 862 0 0 1
0.0155567 -0.0369996 60 -0.00684443 0.00429607 4.22478 12.6591 -13 863 0 0 1
-0.140735 -0.383574 60 -0.0126769 0.0178824 1.61821 31.0999 -13 864 0 0 1
0.0302894 0.0532951 60 0.0112392 -0.00193479 6.98224 17.0703 -13 865 0 0 1
0.0492186 0.0548824 60 0.0593148 -0.00615212 5.63021 32.8165 -13 866 0 0 1
-0.367332 -0.00221893 60 -0.0403484 0.0120487 1.06851 43.2411 -13 867 0 0 1
-0.0593265 0.0647059 60 0.0241979 0.0263152 8.38886 13.283 -13 868 0 0 1
0.0554592 0.116271 60 0.0334352 -0.0025143 9.2257 23.6115 -13 869 0 0 1
-0.00580599 -0.0757169 60 -0.0173769 -0.0538916 12.383 17.4209 -13 870 0 0 1
-0.00701614 0.00662432 60 -0.00132939 0.00494077 13.746 24.2749 -13 871 0 0 1
0.00564122 0.0633296 60 0.00355677 0.0177465 5.39547 24.9548 -13 872 0 0 1
-0.0110373 -0.00443066 60 -0.0341177 -0.0151254 4.66857 10.6816 -13 873 0 0 1
0.0217355 0.019254 60 -0.0254052 0.0172594 5.01936 18.1672 -13 874 0 0 1
0.0212614 -0.134073 60 -0.035834 -0.0131704 3.76045 8.22908 -13 875 0 0 1
-0.00240832 0.012082 60 0.00321127 0.00230199 11.7954 14.0055 -13 876 0 0 1
0 0 60 0 0 9.25952 25.785 -13 877 0 0 1
0.264433 0.189011 60 0.0513123 -0.0139509 2.10146 16.5339 -13 878 0 0 1
-0.00567404 0.00630595 60 -0.0028664 0.00574585 14.2558 28.0074 -13 879 0 0 1
-0.00163176 0.0260286 60 0.00743567 0.00559554 12.9504 7.58393 -13 880 0 0 1
-3.52562e-05 -4.47095e-05 60 -0.00422814 -0.00543316 14.542 14.5228 -13 881 0 0 1
-0.0227251 -0.0168433 60 0.000680714 0.0141707 6.61142 25.0775 -13 882 0 0 1
0.0453921 0.0522899 60 -0.00186295 -0.00474266 7.18844 27.5825 -13 883 0 0 1
0.0104676 0.00724667 60 0.0160571 0.010375 5.8121 21.3383 -13 884 0 0 1
-0.0784736 -0.045737 60 -0.0277023 0.0155889 12.5831 3.82737 -13 885 0 0 1
0.00173266 -0.00720722 60 -0.00209506 -0.000774792 8.52137 9.69254 -13 886 0 0 1
-0.0332487 -0.0665319 60 -0.0227311 0.00432613 8.57101 3.65867 -13 887 0 0 1
0.0065519 -0.0133327 60 -0.00170467 0.0167102 8.60105 22.3624 -13 888 0 0 1
0.0242816 0.00590334 60 0.0111591 -0.00346005 11.3353 27.0804 -13 889 0 0 1
-0.0156466 0.00160785 60 -0.000233989 0.00421262 10.8684 14.2459 -13 890 0 0 1
0.108202 -0.0104254 60 0.0170358 -0.0468845 7.60687 11.5737 -13 891 0 0 1
-2.64068 -2.12966 60 0.0171997 -0.0224025 0.0185444 12.4487 11 891 1003 0 1
0.00600507 0.0156799 60 0.00526127 0.00182189 14.0744 10.7907 -13 892 0 0 1
0.0300218 0.00568412 60 0.00397878 -0.00874733 9.41632 6.42884 -13 893 0 0 1
-0.0264253 0.0115953 60 -0.00333421 0.0109103 12.6244 20.6027 -13 894 0 0 1
0 0 60 0 0 11.6325 19.1743 -13 895 0 0 1
-0.0287965 0.147443 60 0.0464389 -0.012105 6.87164 25.3398 -13 896 0 0 1
-0.0116552 -0.00293417 60 -0.0074872 0.00182161 10.3789 9.8139 -13 897 0 0 1
0.0599861 -0.091198 60 -0.000198088 -0.0160734 8.43811 19.6139 -13 898 0 0 1
-0.00189367 0.00592251 60 0.00471741 -0.00258349 6.79878 13.4314 -13 899 0 0 1
0.00738177 -2.3822e-05 60 0.00687815 -2.5189e-05 11.4579 4.15635 -13 900 0 0 1
-0.0158347 0.00978287 60 0.0236445 -0.013955 5.50377 32.7514 -13 901 0 0 1
-0.029708 0.029566 60 -0.024234 -0.0116735 8.64815 5.38708 -13 902 0 0 1
-0.112159 -0.152012 60 0.0312058 0.000691006 0.0247869 5.44286 11 902 1004 0 1
0.00847395 -0.0090545 60 0.0036866 -0.0151893 6.72157 11.5164 -13 903 0 0 1
-0.0286088 0.021591 60 0.00629042 0.0134925 12.5667 9.77514 -13 904 0 0 1
-0.131748 -0.166615 60 -0.0576878 0.0334684 5.28565 22.6116 -13 905 0 0 1
-0.129784 0.024721 60 -0.0160345 0.0428194 10.4773 22.4094 -13 906 0 0 1
-3.66984 1.58129 60 -0.0268447 -0.011192 0.0268566 23.7549 11 906 1001 0 1
-0.0152059 -0.146742 60 -0.0505104 -0.0634945 11.6521 28.7413 -13 907 0 0 1
0 0 60 0 0 12.9617 5.56045 -13 908 0 0 1
-0.00499836 0.0112193 60 -0.00259204 0.00526377 7.31449 18.4587 -13 909 0 0 1
-0.00120237 -0.00568335 60 -0.00124677 -0.00587887 9.33239 4.54516 -13 910 0 0 1
-0.130978 0.175795 60 0.0281653 0.0490113 2.7885 30.1933 -13 911 0 0 1
0 0 60 0 0 11.8553 4.30036 -13 912 0 0 1
0.0247327 -0.0449093 60 -0.0117195 -0.00930161 10.319 4.60222 -13 914 0 0 1
-0.00539982 0.00548933 60 0.00399732 0.00181274 9.13787 9.21362 -13 915 0 0 1
-0.0127442 -0.022777 60 -0.00792905 0.000345029 13.819 20.8354 -13 916 0 0 1
0 0 60 0 0 12.5084 21.7606 -13 917 0 0 1
0.0212628 -0.00121715 60 0.00728955 -0.00680888 12.863 26.2668 -13 918 0 0 1
0.115975 0.0273959 60 0.0579728 0.00389108 4.09953 11.4411 -13 919 0 0 1
0 0 60 0 0 8.67274 6.21248 -13 920 0 0 1
0.0131346 -0.0132227 60 -0.00739018 -0.0029434 14.0882 8.24666 -13 921 0 0 1
0 0 60 0 0 12.8855 23.199 -13 922 0 0 1
0.239991 -0.0466103 60 0.033658 -0.0195814 4.27701 34.2092 -13 923 0 0 1
0 0 60 0 0 13.6298 15.9308 -13 924 0 0 1
0 0 60 0 0 13.9774 30.4424 -13 925 0 0 1
0.0168652 0.0126743 60 0.0142874 0.00544074 12.8231 2.99019 -13 926 0 0 1
0.0811501 -0.0313422 60 0.00687469 0.0433574 4.98499 19.7984 -13 927 0 0 1
0 0 60 0 0 11.7971 25.9576 -13 928 0 0 1
0.00281462 -0.0116988 60 -0.00273867 -0.00398232 13.5689 8.67598 -13 929 0 0 1
-0.00169541 0.03192 60 0.00753222 0.0181764 12.7495 20.3921 -13 930 0 0 1
-0.0252462 -0.0239264 60 -0.0251535 0.00157735 13.3235 23.3567 -13 931 0 0 1
0.00563873 0.0394182 60 0.00618912 0.00605533 11.4633 31.3977 -13 932 0 0 1
-9.96881e-06 3.09477e-06 60 -0.000125661 3.90109e-05 13.6186 15.4172 -13 933 0 0 1
-0.00478058 0.0201974 60 0.012962 0.0156135 8.66794 15.3638 -13 934 0 0 1
0.00694276 0.024687 60 -0.00199403 0.00678011 10.4567 23.9177 -13 935 0 0 1
0 0 60 0 0 12.4589 15.7413 -13 936 0 0 1
0 0 60 0 0 12.5466 29.504 -13 937 0 0 1
-0.0880076 0.0750022 60 0.0190989 0.0203911 4.78082 8.97808 -13 938 0 0 1
-0.0054763 -0.0168181 60 -0.0072403 -0.00626962 13.8549 12.0034 -13 939 0 0 1
0.00404751 -0.0178596 60 0.00301759 0.00762128 6.06211 8.28203 -13 940 0 0 1
0 0 60 0 0 12.3031 18.1287 -13 941 0 0 1
-0.109382 0.122845 60 0.000489188 0.0497873 3.12568 31.4963 -13 942 0 0 1
0.00411763 0.00456272 60 0.00320972 0.00355324 10.5465 27.4734 -13 943 0 0 1
0.0739195 0.00628582 60 -0.00917235 -0.03161 5.93455 27.5961 -13 944 0 0 1
-0.0464922 -0.00752993 60 -0.00384819 -0.0286308 4.21097 32.2187 -13 945 0 0 1
0 0 60 0 0 14.3115 14.8176 -13 946 0 0 1
-0.00909944 0.00512802 60 -0.00201853 0.00465903 10.4903 7.69341 -13 947 0 0 1
-0.0420264 -0.0304172 60 0.00181244 0.0177284 7.79184 8.37164 -13 948 0 0 1
-0.030008 -0.0293019 60 -0.0167227 -0.00346399 12.4997 23.1864 -13 949 0 0 1
-0.0829754 0.0314582 60 -0.0336825 0.0316685 3.74798 9.21032 -13 950 0 0 1
0.0758922 -0.0860333 60 -0.0272649 -0.00731919 5.40884 11.5007 -13 951 0 0 1
0.0351027 -0.047699 60 0.0406361 0.00418178 4.39877 31.0879 -13 952 0 0 1
0 0 60 0 0 9.90322 9.555 -13 953 0 0 1
0.0312265 -0.0300317 60 -0.00427596 -0.0058684 6.81294 23.5193 -13 954 0 0 1
-0.011149 0.0110729 60 -0.00268479 -0.00432092 7.45553 20.5087 -13 955 0 0 1
-0.0333242 -0.0254962 60 -0.00586859 0.0116624 7.04788 10.9693 -13 956 0 0 1
0.0199633 0.0135966 60 0.0103154 -8.90424e-05 14.0689 20.8334 -13 957 0 0 1
0.0113515 0.0258727 60 0.0149836 0.0132051 11.9026 16.538 -13 958 0 0 1
-0.0234414 -0.0247686 60 -0.0106587 0.000251699 10.4296 23.1064 -13 959 0 0 1
0 0 60 0 0 14.4485 11.3971 -13 960 0 0 1
0.686281 0.50104 60 0.127464 -0.0683014 2.91105 21.2688 -13 961 0 0 1
-0.0029444 0.0117588 60 0.000789062 0.00579437 11.8402 21.3016 -13 962 0 0 1
0 0 60 0 0 11.8847 25.1583 -13 963 0 0 1
-0.0495294 0.0273255 60 -0.0041056 0.0187102 10.5077 29.1819 -13 964 0 0 1
0 0 60 0 0 11.3501 17.9952 -13 965 0 0 1
-0.00693265 -0.0146547 60 -0.00393425 7.58229e-05 9.43823 10.8248 -13 966 0 0 1
-0.0180723 -0.0161775 60 0.0214796 -0.00522586 0.844172 32.4019 -13 967 0 0 1
-0.067823 0.00150889 60 0.0707194 -0.0222717 3.3132 15.7134 -13 968 0 0 1
0.0334661 0.0152482 60 0.0153162 -0.00540539 8.97772 15.6639 -13 969 0 0 1
-0.249038 0.641649 60 -0.0414127 0.126741 1.91024 38.4501 -13 970 0 0 1
0.0115402 -0.0481979 60 -0.018283 -0.00856234 13.2599 16.0379 -13 971 0 0 1
0.00130389 -0.0113075 60 -0.00700886 -0.00558459 14.47 17.1423 -13 972 0 0 1
0 0 60 0 0 13.7745 30.5778 -13 973 0 0 1
-0.00596261 -0.0017439 60 -0.00230697 0.000977749 14.5675 21.7179 -13 974 0 0 1
-0.0605615 -0.0285586 60 -0.0315401 -0.00486428 10.3065 22.5404 -13 975 0 0 1
-0.0157861 -0.0394427 60 -0.0135143 0.00473614 6.76676 10.0087 -13 976 0 0 1
0.301084 -0.0532782 60 -0.0576552 0.150266 1.42873 24.2417 -13 977 0 0 1
-0.132506 0.102102 60 0.000339208 0.0569033 9.09777 20.1641 -13 978 0 0 1
-0.00634366 -0.00614308 60 -0.00482563 -0.00117102 13.7314 20.7228 -13 979 0 0 1
0 0 60 0 0 12.0968 6.07116 -13 980 0 0 1
-0.0374457 -0.00766292 60 0.00083227 0.0118341 9.70777 3.51277 -13 981 0 0 1
-0.0135686 0.0235084 60 -0.007172 0.0193844 13.6348 14.8459 -13 982 0 0 1
0.0344474 -0.121608 60 -0.058295 -0.00890035 5.80738 27.9915 -13 983 0 0 1
0 0 60 0 0 10.1167 5.23686 -13 984 0 0 1
0.0303416 -0.0564082 60 0.00225366 -0.0256211 11.273 17.7389 -13 985 0 0 1
0.038309 -0.0788179 60 -0.0244568 -0.00674832 8.42447 21.8064 -13 986 0 0 1
0.00557953 -0.00336854 60 0.00249871 -0.00378988 14.2483 26.586 -13 987 0 0 1
0.0388543 0.0279122 60 0.0297271 0.00320783 6.74952 25.5583 -13 988 0 0 1
0.0531407 0.0162127 60 0.0474766 0.0046771 3.20668 25.0419 -13 989 0 0 1
-0.0175796 -0.00259877 60 -0.0122786 0.00357074 14.4762 10.147 -13 990 0 0 1
-0.0119229 0.0156002 60 0.0070439 0.00568572 10.904 22.5453 -13 991 0 0 1
0.0103831 0.0416466 60 0.0133344 0.00308904 13.1055 27.5676 -13 992 0 0 1
0.00124313 0.000875872 60 0.00206399 -0.00715603 11.2914 31.3921 -13 993 0 0 1
-0.0019211 0.00059116 60 -0.00104646 0.000936808 12.8392 26.8173 -13 994 0 0 1
0 0 60 0 0 13.9156 13.941 -13 995 0 0 1
-0.0258902 -0.0297016 60 -0.0106033 0.00580248 13.0581 27.3765 -13 996 0 0 1
0 0 60 0 0 14.5267 10.7201 -13 997 0 0 1
-0.0392965 0.0205678 60 0.00354036 0.0160771 10.2792 27.7276 -13 998 0 0 1
0.0902306 0.146679 60 0.0405896 -0.0075358 7.42655 8.36124 -13 999 0 0 1
-0.0612868 0.100862 60 0.0289869 0.0142284 8.48746 24.7925 -13 1000 0 0 1
