#BLTrackFile NTuple/Z620
#x y z Px Py Pz t PDGid EventID TrackID ParentID Weight
#mm mm mm MeV/c MeV/c MeV/c ns - - - - -
-0.0130066 0.0443554 620 -0.0010558 -0.0212624 11.5046 38.2416 -13 1 0 0 1
-0.0505131 -0.0226877 620 0.0176811 -0.015589 12.5626 40.0942 -13 2 0 0 1
0.070578 0.0297479 620 -0.111023 -0.10597 9.83808 24.8579 -13 3 0 0 1
-3.91787 3.63871 620 0.0107296 0.00305244 0.0845386 17.419 11 3 1001 0 1
-0.0356486 0.0764656 620 0.00639657 0.0298378 11.1428 24.0017 -13 4 0 0 1
-0.0625347 0.249761 620 0.0626389 -0.0155431 6.85452 39.1811 -13 5 0 0 1
-0.12963 0.150322 620 -0.00655969 0.0794331 7.63879 50.8158 -13 6 0 0 1
-0.0831872 0.13048 620 0.0595229 0.0276096 12.0287 31.8413 -13 7 0 0 1
-0.110451 0.0137472 620 0.0397107 0.00667819 5.09341 57.2479 -13 8 0 0 1
0.140395 -0.00817233 620 0.0231604 -0.0504794 13.6191 39.6824 -13 9 0 0 1
-0.0837924 0.0604395 620 0.0240094 0.0363218 13.2386 21.6765 -13 10 0 0 1
-0.0899178 0.0432422 620 -0.0280095 0.0329497 10.602 23.5321 -13 11 0 0 1
-0.0836693 0.266447 620 0.121446 -0.0861779 11.8061 22.7488 -13 12 0 0 1
0.0768916 -0.717322 620 -0.000719751 0.143301 3.44179 63.8053 -13 13 0 0 1
0.00812394 -0.0500544 620 -0.011057 0.008888 10.3139 24.3871 -13 14 0 0 1
-0.0988164 3.09488 620 0.0151283 0.0207479 0.0919891 16.0034 11 14 1002 0 1
-0.159607 -0.0572824 620 0.00261265 0.0760926 5.14109 61.0328 -13 15 0 0 1
-0.209333 0.213969 620 0.126811 0.146398 8.33502 29.051 -13 16 0 0 1
0.0410305 -0.0589085 620 0.0127849 -0.0209508 14.5108 22.4051 -13 17 0 0 1
0.0106048 -0.125977 620 -0.0259962 -0.0244492 13.0779 45.9222 -13 18 0 0 1
0.0926452 0.371851 620 0.0934045 0.0758163 8.25978 44.3466 -13 19 0 0 1
0.000454602 0.110933 620 0.0160375 -0.0102394 14.4244 38.2172 -13 21 0 0 1
-0.164431 0.104663 620 0.0271666 0.013439 10.4507 22.9107 -13 22 0 0 1
5.08742 0.134449 620 -0.0382683 0.00121021 0.0309297 28.3382 11 22 1002 0 1
-0.0118 0.142497 620 0.0254488 -0.057572 11.7729 48.311 -13 23 0 0 1
-0.0488361 0.0270744 620 0.000830075 0.0551922 8.29423 53.74 -13 24 0 0 1
0.111276 0.140302 620 0.0232942 -0.0190791 14.3656 29.6574 -13 25 0 0 1
0.366337 0.0457342 620 -0.074185 -0.0441912 8.93328 40.3356 -13 26 0 0 1
-0.108227 -0.0624193 620 -0.00399824 -0.0199236 8.43809 36.4659 -13 27 0 0 1
0.025256 -0.0468386 620 -0.0272743 -0.0254229 11.5645 46.966 -13 28 0 0 1
0.108327 0.160028 620 0.0549298 -0.0272218 6.97354 52.9374 -13 29 0 0 1
0.151444 0.146112 620 -0.0142949 -0.174904 13.6144 18.7098 -13 30 0 0 1
0.0399972 0.0781212 620 0.00600304 -0.0142964 10.3465 25.706 -13 31 0 0 1
0.0321749 -0.153 620 -0.0405981 -0.0897335 8.48401 31.6243 -13 32 0 0 1
0.759031 -0.251889 620 -0.0886777 -0.179868 3.09578 88.1842 -13 33 0 0 1
-0.0652293 -0.139888 620 -0.00979858 0.0907281 13.6401 37.9203 -13 34 0 0 1
-0.143673 0.386586 620 -0.0414135 0.0856306 5.05349 69.1938 -13 35 0 0 1
0.165534 0.122535 620 0.0553664 -0.0185011 8.57148 50.0341 -13 36 0 0 1
-0.119775 0.0651164 620 0.0158079 0.021795 10.3962 49.5129 -13 37 0 0 1
0.040573 0.0434779 620 0.000502659 -0.00227057 11.8474 42.2956 -13 38 0 0 1
0.0177713 -0.00135122 620 -0.0153004 0.00504013 9.5016 33.6399 -13 39 0 0 1
3.26379 -0.567212 620 -0.576092 -0.756039 10.8362 41.0408 -13 40 0 0 1
-0.282919 0.0425107 620 -0.112106 0.00309218 8.88059 28.1224 -13 41 0 0 1
0.0983779 0.130262 620 0.061432 -0.0495127 9.91083 44.1091 -13 42 0 0 1
0.192183 -0.0394313 620 -0.0340341 -0.0445448 14.416 27.4343 -13 43 0 0 1
-0.18528 -0.176208 620 -0.0526287 0.0193253 11.2562 38.643 -13 44 0 0 1
-4.51745 -0.197258 620 -0.000364809 0.0399327 0.0105545 44.0822 11 44 1001 0 1
0.349971 -0.170729 620 -0.0402751 -0.130655 10.8535 45.1726 -13 45 0 0 1
-0.128112 0.0942276 620 0.00881199 -0.0522683 4.95066 47.9185 -13 46 0 0 1
0.0583184 0.0580773 620 0.0379537 -0.0391258 11.4102 27.7044 -13 47 0 0 1
0.105527 0.455008 620 -0.0566708 0.150893 6.65018 43.1366 -13 48 0 0 1
-0.0386172 0.110172 620 0.0156183 0.0242478 13.2707 23.3106 -13 49 0 0 1
0.0526118 -0.173306 620 -0.0353492 -0.0256456 4.18508 77.4042 -13 50 0 0 1
-0.284121 -0.0226399 620 0.0921764 0.0801949 8.3785 38.5179 -13 51 0 0 1
-1.08657 2.4784 620 -0.129288 -0.10744 1.08982 117.938 -13 52 0 0 1
-0.193318 -0.0870727 620 -0.102334 0.0571203 8.19869 28.5112 -13 53 0 0 1
0.603434 -0.376742 620 -0.165926 -0.113964 2.65061 75.1645 -13 54 0 0 1
0.0522483 0.048816 620 0.0394011 -0.00870585 10.3916 40.9497 -13 55 0 0 1
0.145439 -0.144184 620 -0.027084 -0.0720166 14.0612 24.883 -13 56 0 0 1
1.48937 0.776454 620 -0.0284559 0.0439887 0.0595081 26.1993 11 56 1001 0 1
0.0814777 0.00824223 620 0.012999 -0.0293344 9.78464 50.0983 -13 57 0 0 1
0.0551712 -0.066803 620 -0.0506016 0.0295851 8.23409 33.9492 -13 58 0 0 1
2.47022 -0.389693 620 -0.00505547 -0.00663615 0.069691 29.7581 11 58 1001 0 1
0.248127 -0.362753 620 -0.198159 0.0112102 6.98035 48.6189 -13 59 0 0 1
-0.119613 -0.00302258 620 -0.05383 0.0432132 8.23346 48.456 -13 60 0 0 1
-2.69311 -4.4943 620 -0.0362746 0.0104109 0.0475303 43.4907 11 60 1001 0 1
0.0101844 0.0244162 620 0.0144892 0.0420189 13.9469 31.5578 -13 61 0 0 1
-0.12916 0.0140066 620 -0.00929178 -0.000984639 9.34988 36.5302 -13 62 0 0 1
0.0150128 -0.0119437 620 -0.00743405 -0.000982228 14.0044 44.2117 -13 63 0 0 1
0.00726599 -0.0495798 620 0.0238398 -0.0720884 8.87763 37.6658 -13 64 0 0 1
-0.317706 -0.103002 620 -0.0403589 0.0947912 5.05623 47.839 -13 65 0 0 1
0.0119654 0.0733942 620 0.0212386 0.0191276 7.37518 43.1272 -13 66 0 0 1
0.00511351 -0.0690449 620 -0.0277175 0.00363367 11.5172 31.8662 -13 67 0 0 1
-0.258166 -0.0262216 620 -0.00692031 0.0726846 10.6253 40.4533 -13 68 0 0 1
0.128811 -0.397377 620 -0.065329 -0.136207 5.37135 54.0931 -13 69 0 0 1
0.128468 0.0893642 620 -0.0100915 -0.0346189 11.1521 25.193 -13 70 0 0 1
0.119402 0.0329782 620 -0.00181427 -0.0312945 11.674 22.9944 -13 71 0 0 1
0.0300676 -0.131077 620 -0.0363255 0.0129784 10.366 23.0101 -13 72 0 0 1
0.461619 -0.200344 620 0.0279568 -0.081236 6.08584 57.5827 -13 73 0 0 1
-0.0503717 0.0351963 620 -0.0010216 -0.00762242 10.7178 35.5251 -13 74 0 0 1
0.102726 0.260798 620 -0.0179763 -0.000757089 7.77652 56.2301 -13 75 0 0 1
-0.0136828 -0.179267 620 -0.0280184 -0.0303205 12.4842 43.4913 -13 76 0 0 1
0.217628 -0.0846415 620 -0.0513835 -0.0933917 8.19048 53.0514 -13 77 0 0 1
-0.0485842 -0.146273 620 -0.0310454 0.00153758 13.5464 30.1309 -13 78 0 0 1
0.00108269 -0.044517 620 -0.0214828 -0.0264556 12.671 42.6557 -13 79 0 0 1
0.0390278 0.0428954 620 0.00191038 0.0152191 10.2827 49.5032 -13 80 0 0 1
0.0115468 0.0854923 620 0.0236459 0.0113091 8.66122 48.5799 -13 81 0 0 1
-0.122875 -0.0975333 620 0.0281108 0.0393463 13.2016 40.1074 -13 82 0 0 1
-0.102604 -0.0475662 620 -0.0167859 0.036282 9.84827 41.4448 -13 83 0 0 1
0.235249 0.106162 620 0.0764436 0.0291097 6.31909 48.2843 -13 84 0 0 1
0.0197353 0.0896907 620 0.0398836 -0.0250618 13.6023 20.3534 -13 85 0 0 1
0.0193425 0.0714104 620 0.0726857 -0.0542376 7.95272 40.8341 -13 86 0 0 1
0.0341559 0.0292225 620 0.270873 -0.0385817 1.05807 125.45 -13 87 0 0 1
0.419637 0.0329999 620 0.0441119 -0.130654 8.4597 34.4799 -13 88 0 0 1
-2.15771 0.869881 620 -0.00631552 -0.00387309 0.0439506 34.558 11 88 1002 0 1
0.151544 -0.0206679 620 0.016337 0.0358061 9.96292 33.2196 -13 89 0 0 1
0.115527 0.214748 620 0.0351838 -0.0416904 6.66635 41.706 -13 90 0 0 1
0.165577 -0.0408268 620 -0.0549704 -0.103433 7.14032 58.2737 -13 91 0 0 1
-0.132378 0.0866537 620 -0.0565429 0.0307379 6.65597 60.755 -13 92 0 0 1
0.837458 0.238711 620 -0.0159966 -0.254954 7.66783 54.6376 -13 93 0 0 1
0.0358009 -0.292897 620 0.000920425 0.0328617 5.69196 46.7642 -13 94 0 0 1
0.0764377 0.0204183 620 0.0437305 -0.044757 10.7568 32.5174 -13 95 0 0 1
0.0588667 0.0202355 620 -0.000435687 -0.0209356 12.8575 32.5298 -13 97 0 0 1
0.387601 0.696498 620 0.0478439 -0.50679 9.44123 31.5231 -13 98 0 0 1
1.48455 0.154409 620 0.014665 0.00766086 0.08559 24.3911 11 98 1001 0 1
0.0111957 0.0684603 620 0.0127998 -0.015739 14.0124 21.2883 -13 99 0 0 1
0.0300695 0.0637151 620 0.0915929 -0.0244181 12.3092 19.1688 -13 100 0 0 1
-0.322758 0.00240727 620 -0.0785202 -0.117786 4.6641 61.9742 -13 101 0 0 1
-0.124045 0.102689 620 0.0159558 0.0299233 9.95622 45.6785 -13 103 0 0 1
-0.0180608 -0.0427048 620 0.0244291 0.00584651 9.59897 36.1749 -13 104 0 0 1
0.0958236 0.0808244 620 -0.0139681 0.0238833 8.7927 31.9531 -13 105 0 0 1
-0.0246448 -0.00965277 620 0.00908034 -0.0067644 10.3027 49.6905 -13 106 0 0 1
-0.0684665 -0.0180649 620 -0.00861897 0.018219 13.75 34.1 -13 107 0 0 1
0.129029 0.121538 620 0.0939604 0.0290309 7.28422 42.8844 -13 108 0 0 1
-0.0582115 0.118566 620 0.0210118 0.0164938 13.5691 17.2614 -13 109 0 0 1
-0.176584 0.0315831 620 -0.211939 0.080663 5.43889 42.9336 -13 110 0 0 1
0.129723 0.0465055 620 -0.00828027 -0.0278438 9.83003 26.4388 -13 111 0 0 1
0.114185 0.00813448 620 0.085815 -0.108373 7.66551 32.86 -13 112 0 0 1
0.0203 0.0504496 620 0.0358691 -0.00497784 11.9436 28.9964 -13 113 0 0 1
0.094483 0.308143 620 0.116039 0.034182 8.04166 34.2389 -13 114 0 0 1
-0.920902 0.597427 620 -0.0592619 0.438626 13.221 36.6029 -13 115 0 0 1
0.0410275 -0.00120321 620 0.0254552 0.0188363 10.2862 50.879 -13 116 0 0 1
-0.174586 -0.114131 620 -0.00194889 0.0626478 11.5621 24.4606 -13 117 0 0 1
-0.0205919 -0.201081 620 0.0846214 -0.0245398 5.82189 42.6794 -13 118 0 0 1
0.242511 -0.135557 620 -0.0262417 -0.0729327 10.9659 40.081 -13 119 0 0 1
0.205427 -0.164357 620 0.0902885 0.0307904 7.49379 43.4949 -13 120 0 0 1
0.0509728 0.193394 620 0.0875415 -0.0094091 7.95892 55.785 -13 121 0 0 1
0.0948945 -0.135182 620 -0.0361376 0.0160315 8.97765 31.1824 -13 122 0 0 1
-0.383862 -0.256276 620 -0.0201435 0.00179941 4.96747 66.0065 -13 123 0 0 1
-0.158101 -0.0167542 620 -0.0171698 0.0630219 12.9934 32.5744 -13 124 0 0 1
-0.0452919 -0.119916 620 -0.0515861 -0.00954241 11.4546 46.0494 -13 125 0 0 1
-0.246095 -0.867578 620 -0.237039 0.0761734 11.7191 44.1677 -13 126 0 0 1
-0.0204473 -0.375563 620 -0.0712888 -0.0181814 9.60836 29.0438 -13 127 0 0 1
-0.0873679 -0.0284564 620 -0.0641672 0.0478667 13.5012 26.3232 -13 128 0 0 1
-0.136147 0.174176 620 0.0369281 0.0927358 13.4903 29.3974 -13 129 0 0 1
0.0164411 0.00242473 620 -0.0114234 0.00985088 10.4547 43.628 -13 130 0 0 1
0.0291911 -0.101416 620 0.0270954 -0.0276982 9.13913 32.5366 -13 131 0 0 1
-0.0908092 -0.662452 620 -0.230764 -0.147045 13.2396 39.4104 -13 132 0 0 1
0.0885161 -0.116854 620 -0.076476 -0.0188901 14.5117 34.4926 -13 133 0 0 1
0.19107 -0.258731 620 -0.0688009 -0.0452917 7.24563 49.2812 -13 134 0 0 1
-0.017527 -0.0194106 620 -0.0105377 0.0145154 13.3471 21.1722 -13 135 0 0 1
-0.0557176 -0.00897433 620 0.0136242 0.0363652 12.9777 29.2162 -13 136 0 0 1
-0.293903 0.241805 620 -0.00443933 0.0733735 7.20404 34.7644 -13 137 0 0 1
-0.0904055 -0.155682 620 -0.0489888 0.0612102 4.48919 52.9351 -13 138 0 0 1
-0.176988 0.00871598 620 -0.00601902 0.0289704 11.4816 39.201 -13 139 0 0 1
-0.106231 -0.0737051 620 -0.0127275 0.0505487 14.1387 41.0351 -13 140 0 0 1
-0.00797472 0.0802515 620 0.00900522 0.00985638 13.8174 17.4459 -13 141 0 0 1
-0.0608523 0.0465482 620 0.0399902 0.00772046 13.7472 28.0834 -13 142 0 0 1
-0.189899 -0.0998256 620 0.042352 0.0713125 11.0278 25.913 -13 143 0 0 1
0.0102181 0.0145529 620 0.0253905 -0.0160459 14.3892 36.3203 -13 144 0 0 1
-0.0904491 0.17469 620 -0.00284973 0.0404397 9.8626 47.9387 -13 145 0 0 1
0.176893 0.0701346 620 -0.000252677 0.0165648 9.22413 34.7919 -13 146 0 0 1
-0.0257898 -0.0148689 620 -0.017432 -0.0365594 11.2286 35.2144 -13 147 0 0 1
-0.110472 0.100668 620 0.0125609 0.027657 7.35538 43.2803 -13 148 0 0 1
0.0118459 -0.193413 620 0.00184768 0.0106728 7.003 40.1356 -13 149 0 0 1
-0.0361657 0.0103707 620 -0.00210075 0.0155682 13.8441 36.86 -13 150 0 0 1
-0.254304 -0.10927 620 0.0397422 0.0489219 8.07759 30.932 -13 151 0 0 1
-0.0145135 0.0257188 620 0.0148974 0.0116244 14.1305 40.2166 -13 152 0 0 1
0.0675773 0.153978 620 -0.0111634 0.0597072 13.6898 40.1562 -13 153 0 0 1
-0.123231 -0.193463 620 -0.0137518 0.025486 9.45113 40.7991 -13 154 0 0 1
-0.0155055 0.107976 620 0.112922 0.0115433 9.94046 47.6741 -13 155 0 0 1
-0.033029 0.0266455 620 0.00357386 0.0387111 11.9773 35.4847 -13 156 0 0 1
-0.0736781 -0.0569523 620 -0.0391063 0.0123906 13.2417 26.2434 -13 157 0 0 1
0.358357 -0.307518 620 -0.166865 -0.029004 8.42757 36.6317 -13 158 0 0 1
0.0624781 0.00469052 620 0.0144213 -0.0105892 14.3347 38.6892 -13 159 0 0 1
-0.1063 0.162023 620 0.0213747 -0.0277806 7.47797 38.276 -13 160 0 0 1
0.167267 -0.00367172 620 -0.0121391 -0.119439 14.106 22.9712 -13 161 0 0 1
0.151176 -0.0329494 620 -0.0445584 -0.0593494 9.72518 38.2016 -13 162 0 0 1
0.216462 -0.152128 620 0.00704281 -0.0456576 9.73395 25.9232 -13 163 0 0 1
0.00346062 0.0189182 620 0.00474094 -0.0178146 14.219 36.0392 -13 164 0 0 1
0.00612001 -0.0252737 620 -0.0203245 -0.0409427 12.3371 42.8885 -13 165 0 0 1
-0.0901905 -0.146486 620 -0.0613828 0.106555 11.0134 49.003 -13 166 0 0 1
-0.209945 0.00851658 620 -0.0994244 0.00335064 9.82826 27.602 -13 167 0 0 1
0.0359174 0.0229546 620 0.0164808 -0.00663037 11.4221 20.6063 -13 168 0 0 1
-0.0287349 -0.103748 620 -0.0419022 0.0441044 13.0612 43.6405 -13 169 0 0 1
-0.0347526 0.0371016 620 0.0108621 -0.0588954 8.92942 43.8979 -13 170 0 0 1
0.0180581 0.114036 620 0.0083166 0.0154527 14.5085 37.6087 -13 171 0 0 1
-0.0372959 -0.101255 620 0.0905634 -0.0349586 11.8513 33.6053 -13 172 0 0 1
0.0579577 0.0965724 620 0.021058 -0.0417743 13.0428 18.4473 -13 173 0 0 1
0.0264451 -0.167294 620 -0.0284095 0.0156971 9.73729 46.5552 -13 174 0 0 1
-0.0146418 -0.046836 620 0.00265434 -0.0408328 10.6686 23.5713 -13 175 0 0 1
-0.0441031 -0.321599 620 -0.0720308 0.160619 10.7776 35.1045 -13 176 0 0 1
0.430542 -0.695927 620 -0.0069491 0.0279505 3.1789 69.1717 -13 177 0 0 1
-0.0654014 0.476323 620 0.111218 -0.102753 5.54559 50.7548 -13 178 0 0 1
0.61095 0.590755 620 0.254519 -0.174461 5.48313 55.8521 -13 179 0 0 1
-0.789582 0.0351546 620 -0.246081 0.230663 7.1151 54.5363 -13 180 0 0 1
-0.0523188 -0.0343871 620 0.06201 -0.0270786 8.76972 51.8697 -13 181 0 0 1
0.00356096 -0.0214962 620 -0.00794299 0.0534775 9.25757 41.5971 -13 182 0 0 1
-0.0430453 -0.0266993 620 -0.0440189 0.0591835 14.025 21.5155 -13 183 0 0 1
-0.0534471 -0.319103 620 -0.0911525 0.0462515 12.2625 23.0606 -13 184 0 0 1
-0.0698554 -0.0968897 620 -0.0096632 -0.0358927 11.5032 35.3811 -13 185 0 0 1
0.0666101 -0.0149799 620 0.0116764 -0.0657209 11.8746 48.0749 -13 186 0 0 1
0.270508 0.100276 620 0.000525175 -0.116061 4.66109 49.6468 -13 187 0 0 1
-0.0419782 0.0780645 620 0.00189981 0.041995 8.60136 42.5361 -13 188 0 0 1
-0.0179059 -0.317268 620 -0.0809481 -0.0501885 5.84455 38.8227 -13 189 0 0 1
-0.000619095 -0.10915 620 -0.049201 -0.00911269 8.4011 32.1377 -13 190 0 0 1
-0.625235 0.76925 620 0.295799 0.0464806 12.2338 24.4014 -13 191 0 0 1
-0.0404369 0.0072304 620 -0.0566314 0.0459383 12.0757 24.3567 -13 192 0 0 1
0.0311505 0.160323 620 -0.0166741 0.0328353 10.3284 28.6821 -13 194 0 0 1
0.1156 0.00423885 620 -0.0175674 -0.0607571 10.8541 42.5598 -13 195 0 0 1
-0.106197 0.240606 620 0.0700967 0.047811 11.6879 48.5835 -13 196 0 0 1
0.0383662 0.0815514 620 0.0101571 -0.0651969 12.2997 22.8039 -13 198 0 0 1
0.00750302 0.0129991 620 0.0144536 -0.0139537 12.9285 31.7567 -13 199 0 0 1
-0.0475055 -0.0425723 620 0.00965026 0.0191741 11.5976 41.0934 -13 201 0 0 1
0.157612 -0.174667 620 -0.0652745 -0.0589645 12.0089 39.6115 -13 202 0 0 1
0.0282084 0.0749662 620 0.0296906 -0.0176869 14.4582 36.3752 -13 203 0 0 1
0.147796 0.389036 620 0.0679737 -0.0951546 5.45518 49.039 -13 204 0 0 1
-0.0203259 0.030042 620 0.00169491 -0.015864 7.14443 42.0613 -13 205 0 0 1
-0.326537 -0.0856796 620 -0.0269001 0.113018 9.23742 52.1137 -13 207 0 0 1
-0.0256392 0.0708516 620 0.0406766 -0.0140085 13.7116 29.3677 -13 209 0 0 1
1.12221 -0.345796 620 0.657382 -0.481892 2.70549 90.7918 -13 210 0 0 1
-0.191558 0.439001 620 0.11799 0.0525839 6.50793 48.7642 -13 211 0 0 1
3.63702 -4.98516 620 0.0155942 0.0103194 0.0295314 49.1921 11 211 1002 0 1
0.368482 -0.516471 620 -0.090143 -0.24332 13.9441 17.5493 -13 212 0 0 1
0.198788 -0.173614 620 -0.0374887 -0.0747653 8.95756 53.7918 -13 213 0 0 1
0.0607779 -0.0957862 620 -0.0190909 -0.00021819 9.78839 41.0087 -13 214 0 0 1
0.1552 0.0754842 620 0.013144 -0.0304753 3.93163 66.8074 -13 215 0 0 1
0.112766 -0.12808 620 -0.0154318 -0.09221 9.88867 34.7943 -13 216 0 0 1
-0.00652844 0.131251 620 0.0379381 0.00146597 9.44923 36.6346 -13 217 0 0 1
0.0277375 -0.179463 620 0.00926327 -0.018715 5.09665 57.3095 -13 218 0 0 1
0.00231152 -0.187329 620 -0.0486794 0.0226659 9.75152 33.1878 -13 219 0 0 1
0.0447513 -0.0633722 620 -0.0503152 0.00944402 13.3207 28.6803 -13 220 0 0 1
0.19484 -0.464969 620 -0.00481929 -0.139776 3.40277 68.9905 -13 221 0 0 1
0.0179513 -0.0331314 620 0.00990889 -0.0300441 8.91749 31.9581 -13 222 0 0 1
-0.126234 -0.179596 620 0.00553159 0.0210867 8.63494 29.1401 -13 223 0 0 1
0.459622 -0.0739886 620 -0.0630614 -0.0515873 6.07597 64.9692 -13 224 0 0 1
-0.0211384 -0.0150675 620 -0.0158258 -0.00889131 12.3396 39.0711 -13 225 0 0 1
-0.0911861 -0.0288077 620 -0.0181712 0.0788044 10.0831 41.1376 -13 226 0 0 1
0.0283611 0.229156 620 0.0919227 -0.00304529 12.6187 37.5223 -13 227 0 0 1
-0.0314849 0.0454638 620 0.0239027 0.0361179 13.5001 29.9711 -13 228 0 0 1
0.02461 0.000477746 620 -0.037198 0.0181399 13.4408 27.5387 -13 229 0 0 1
-0.128044 0.2621 620 0.0869516 -0.102803 11.9503 20.2058 -13 230 0 0 1
0.0603052 -0.0448912 620 -0.0881591 0.022597 8.99592 50.9127 -13 231 0 0 1
-0.152804 -0.109887 620 -0.0386555 0.0151632 6.26265 54.0903 -13 232 0 0 1
-0.13939 -0.215781 620 -0.0971789 -0.0781025 10.9594 48.3269 -13 233 0 0 1
-0.065215 -0.0260161 620 -0.0237102 0.0367189 12.4851 20.9761 -13 234 0 0 1
0.375391 0.151919 620 -0.0418452 -0.0721025 6.30027 58.3439 -13 235 0 0 1
-0.00366245 0.0157484 620 -0.0443034 -0.057923 4.41907 68.3829 -13 236 0 0 1
-0.00657937 0.109165 620 0.069578 -0.000623255 8.35558 41.6221 -13 237 0 0 1
-0.064824 -0.248189 620 -0.0790238 0.047724 9.42223 28.5569 -13 238 0 0 1
-0.0290389 -0.00544823 620 -0.0378721 -0.00859474 12.7732 29.2854 -13 239 0 0 1
-0.0702373 -0.0339073 620 -0.0107233 0.0351735 12.752 22.9851 -13 240 0 0 1
-0.232083 0.0558093 620 -0.00853482 0.0837583 12.7874 19.7479 -13 241 0 0 1
0.0508979 0.112199 620 0.109213 0.0297271 10.9222 36.8062 -13 242 0 0 1
-0.123078 -0.0433849 620 -0.0508874 0.0277591 13.7977 44.165 -13 243 0 0 1
0.0362818 0.258634 620 0.0213774 0.0328876 8.64236 49.175 -13 244 0 0 1
0.141413 -0.0280788 620 -0.0420353 -0.0519479 12.9083 29.7661 -13 245 0 0 1
0.200066 0.0157068 620 -0.0143802 -0.0564182 8.07051 36.395 -13 246 0 0 1
-0.0658828 0.0168872 620 0.00172008 0.0488833 11.6272 29.7166 -13 247 0 0 1
-0.0192325 0.0723141 620 0.0405138 -0.012713 11.8202 46.4027 -13 248 0 0 1
0.0169019 0.0082943 620 -0.00433151 0.00445484 12.3386 28.942 -13 249 0 0 1
0.285093 0.0337094 620 0.0752907 -0.107478 10.2838 41.0184 -13 250 0 0 1
1.31957 0.789946 620 -0.0120772 0.0477506 0.0597647 40.8615 11 250 1001 0 1
0.08693 -0.206934 620 -0.0304562 -0.0555776 8.28878 52.8804 -13 251 0 0 1
0.055725 -0.0200802 620 -0.0199685 0.0183509 12.9705 24.9025 -13 252 0 0 1
0.28625 -0.433002 620 -0.115754 -0.0582484 11.9053 40.0224 -13 253 0 0 1
0.162158 -0.166117 620 0.00985336 0.033647 8.30704 31.2805 -13 254 0 0 1
-0.0671957 -0.00943321 620 -0.00486989 -0.00457792 12.0516 26.2264 -13 255 0 0 1
-0.0730559 -0.0655585 620 -0.119344 -0.00739998 12.2371 19.0757 -13 256 0 0 1
0.138312 0.040725 620 -0.0310921 -0.00467892 11.2814 30.9953 -13 257 0 0 1
0.0651365 -0.0497432 620 -0.0884607 -0.0292353 11.7245 35.8415 -13 258 0 0 1
0.0361476 0.107668 620 0.017506 0.03316 14.4531 21.002 -13 259 0 0 1
-0.117598 0.0260321 620 -0.00901305 0.0108082 14.216 39.5806 -13 260 0 0 1
-0.0100353 0.0222645 620 0.00566966 0.0647097 13.8403 31.3064 -13 261 0 0 1
-0.285494 -0.0837532 620 -0.0313303 0.109394 12.9534 36.5977 -13 262 0 0 1
-0.0157923 -0.102158 620 -0.0357699 -0.00536258 10.5275 28.7954 -13 263 0 0 1
0.751833 0.0967112 620 -0.0252083 0.0643747 3.28343 84.2487 -13 264 0 0 1
-0.046356 -0.0507958 620 -0.00470626 -0.0042572 12.805 41.2349 -13 265 0 0 1
0.197455 0.12858 620 -0.0262662 -0.0315693 11.3186 44.2793 -13 266 0 0 1
0.0962377 -0.0181692 620 -0.0331359 -0.0334231 14.0554 38.5117 -13 267 0 0 1
-0.0351227 -0.0972661 620 0.0281758 -0.0582528 12.2517 23.8972 -13 268 0 0 1
0.165149 0.257339 620 0.00869836 -0.069184 11.9006 30.689 -13 269 0 0 1
0.103439 0.0151852 620 -0.00611706 0.158098 3.02814 92.8521 -13 270 0 0 1
-0.245455 -0.172086 620 -0.0384766 0.0852226 7.25333 57.8067 -13 271 0 0 1
-0.00754858 -0.0585904 620 -0.0244101 0.0167562 14.4569 25.5172 -13 272 0 0 1
0.0205077 -0.0135457 620 0.0204563 0.0294658 8.03698 37.8248 -13 273 0 0 1
-2.9662 -4.34128 620 -0.0323242 -0.01112 0.0506222 34.8445 11 273 1001 0 1
-0.0918978 -0.0304708 620 -0.0242604 0.119745 12.606 44.8205 -13 274 0 0 1
0.0893036 0.179496 620 0.0558106 -0.0518797 8.70967 44.9959 -13 275 0 0 1
3.07742 1.11158 620 -0.0323715 -0.00356497 0.0515179 43.9402 11 275 1001 0 1
0.0981526 -0.0950556 620 0.00535417 -0.0279354 11.5255 25.164 -13 276 0 0 1
-0.146836 -0.168014 620 -0.0791422 0.0322913 9.61234 48.2361 -13 277 0 0 1
0.0179608 -0.0454368 620 0.000654463 -0.0190037 13.7538 29.1082 -13 278 0 0 1
-0.00378445 0.0624609 620 0.0222393 0.0329514 13.3451 37.4739 -13 279 0 0 1
0.426308 0.410123 620 0.160009 -0.149133 6.28463 41.3857 -13 280 0 0 1
-0.0815869 -0.127231 620 0.0224684 0.0548915 8.13265 47.237 -13 281 0 0 1
0.0115069 -0.0722625 620 0.00272529 0.0215608 9.50647 46.7284 -13 282 0 0 1
-0.0205261 -0.0209545 620 -0.00510334 0.0316653 10.6938 28.1309 -13 283 0 0 1
0.178893 0.0206312 620 0.0466909 -0.0838336 7.18588 44.2921 -13 284 0 0 1
-0.323204 -0.152658 620 0.117812 0.0186849 2.7951 96.2642 -13 285 0 0 1
0.138608 -0.116455 620 -0.0802651 0.0216363 6.72527 58.6391 -13 286 0 0 1
-0.0710708 0.164841 620 -0.0538867 0.0396858 10.8726 48.7452 -13 287 0 0 1
-0.0712577 -0.0670854 620 -0.020212 0.012249 11.9532 44.2326 -13 288 0 0 1
0.0374576 -0.051764 620 -0.0367963 0.0119405 9.45097 41.1384 -13 289 0 0 1
-0.169077 -0.0461498 620 -0.000439938 0.0808334 9.04025 33.2218 -13 290 0 0 1
0.299374 -0.176936 620 -0.00499284 0.0166961 6.88413 50.7324 -13 291 0 0 1
0.114192 -0.0314312 620 -0.0111944 -0.0344452 13.2695 20.2222 -13 292 0 0 1
-0.096552 0.0742456 620 0.0119373 0.0326176 7.37568 59.0333 -13 293 0 0 1
-0.0229401 0.0747544 620 0.0218228 0.0289269 13.8188 45.8437 -13 294 0 0 1
0.105954 -0.187895 620 -0.155459 -0.125817 7.20786 53.5823 -13 295 0 0 1
-3.02633 0.554594 620 0.0246655 -0.0109792 0.0265629 54.805 11 295 1003 0 1
0.315644 -0.0656648 620 -0.0133002 0.00171283 5.99141 51.7405 -13 296 0 0 1
-0.017778 0.039399 620 0.0542655 -0.103795 11.9737 23.5165 -13 297 0 0 1
-0.0245867 0.0936903 620 0.0326579 0.00777661 12.1787 31.1868 -13 299 0 0 1
0.551917 -0.105496 620 0.0193256 -0.174129 2.96892 92.336 -13 300 0 0 1
0.120388 -0.231118 620 -0.00542089 -0.0389048 8.20755 53.5059 -13 301 0 0 1
-0.385989 0.208132 620 0.101928 0.159514 7.50568 45.3858 -13 302 0 0 1
0.156789 -0.0874496 620 -0.0595687 -0.0634011 11.6562 32.268 -13 303 0 0 1
0.0124305 -0.0330363 620 0.0665837 0.0718849 7.63684 46.0034 -13 304 0 0 1
2.87508 -2.58228 620 0.0131218 -0.0172272 0.0476847 45.4166 11 304 1001 0 1
-0.023546 0.0115226 620 0.0138212 0.00881984 11.0831 30.3758 -13 305 0 0 1
0.0772163 -0.0261416 620 -0.0233193 -0.0452511 9.70404 38.4313 -13 306 0 0 1
-0.334934 -0.56053 620 -0.137221 0.298081 4.28368 60.5661 -13 307 0 0 1
0.155056 0.0581224 620 0.0196834 -0.0243676 12.3834 24.7078 -13 308 0 0 1
-0.399948 0.195472 620 0.0634522 0.124673 9.536 43.5126 -13 309 0 0 1
0.132198 0.181528 620 0.095907 -0.0785009 5.62793 48.1653 -13 310 0 0 1
-0.0976828 0.0702047 620 0.0507422 0.0193272 13.9773 33.3142 -13 311 0 0 1
0.0231374 0.0234783 620 -0.000740003 0.0082013 12.1552 25.515 -13 312 0 0 1
-0.015916 0.146686 620 0.0387784 0.0110875 13.0438 19.1521 -13 313 0 0 1
0.0115514 0.0142528 620 0.00573277 0.0350936 13.8082 17.9939 -13 314 0 0 1
0.00681829 0.0252302 620 0.0213656 -0.0515105 11.6202 23.1811 -13 315 0 0 1
-0.111802 0.0280763 620 -0.0515206 -0.0299373 9.07108 31.0887 -13 316 0 0 1
-0.279528 0.322372 620 0.0121012 0.00394588 1.93561 90.2253 -13 317 0 0 1
-0.32929 -0.083105 620 0.0800068 0.11325 6.07261 41.8419 -13 318 0 0 1
-0.0602851 -0.068747 620 -0.00367434 0.0301342 13.8098 22.154 -13 320 0 0 1
0.190713 -0.123153 620 -0.03946 -0.0683821 9.99226 28.0021 -13 321 0 0 1
0.089736 0.0266123 620 -0.0301305 -0.0070924 12.7423 23.4484 -13 322 0 0 1
0.138731 -0.202226 620 0.0103998 -0.0424482 6.03949 43.5537 -13 323 0 0 1
-0.00531975 -0.233822 620 -0.0207561 0.0633559 11.4377 46.4484 -13 325 0 0 1
-0.0035352 -0.022151 620 -0.0182899 -0.0101211 10.7034 41.3191 -13 326 0 0 1
-0.0579236 0.055256 620 0.0379356 0.0077182 12.4468 31.1813 -13 327 0 0 1
-0.453935 -0.349738 620 -0.0223315 0.21844 4.05611 72.2941 -13 328 0 0 1
-0.182436 -0.171868 620 -0.0102261 0.0682744 11.9768 41.021 -13 329 0 0 1
-0.53981 0.0589415 620 -0.0932341 0.178814 8.92027 33.1123 -13 330 0 0 1
0.0504648 0.101511 620 0.0859209 0.0189301 5.52136 40.4233 -13 331 0 0 1
0.701508 0.725223 620 0.359132 -0.0282512 4.7563 50.6186 -13 332 0 0 1
0.0194035 0.151303 620 0.0380702 -0.00702055 9.84345 33.9802 -13 333 0 0 1
0.11546 -0.067562 620 0.00641038 -0.0781731 12.8525 20.1857 -13 334 0 0 1
0.0852702 0.0822755 620 -0.0386945 0.0233303 14.2482 37.0448 -13 335 0 0 1
0.063848 -0.410453 620 -0.0136111 0.0212354 5.6651 52.4048 -13 336 0 0 1
0.0845085 0.0980511 620 0.0384228 -0.0271335 13.7327 34.8625 -13 337 0 0 1
0.0529041 -0.103468 620 -0.00015591 -0.0232317 9.64539 47.7241 -13 338 0 0 1
0.0586665 -0.172776 620 -0.140185 -0.0418342 9.31589 52.6724 -13 339 0 0 1
-0.00786587 -0.0979229 620 -0.0112228 -0.029036 12.4557 45.6701 -13 341 0 0 1
-0.0014952 0.0368809 620 0.0220196 0.0510403 13.2399 23.4417 -13 344 0 0 1
-0.267765 -0.600811 620 -0.0931033 0.142622 9.63609 23.8503 -13 345 0 0 1
-4.00841 -0.305055 620 -0.0188363 -0.0215186 0.0523632 26.8854 11 345 1002 0 1
0.0934207 -0.0445484 620 0.0210859 -0.0373125 13.4519 31.9444 -13 346 0 0 1
-0.0496334 -0.0737612 620 -0.032 -0.0295431 12.1074 33.2472 -13 347 0 0 1
-0.0100164 -0.101523 620 -0.0690531 -0.000442839 13.784 42.7923 -13 348 0 0 1
0.0701146 -0.369773 620 -0.178846 -0.0270963 7.08188 45.4142 -13 349 0 0 1
-0.272946 -0.0236082 620 0.0250451 0.0565192 7.73713 51.876 -13 350 0 0 1
1.03144 -0.31248 620 -0.291158 1.05733 4.20812 57.4544 -13 351 0 0 1
0.077453 7.5352 620 0.00196898 -0.0242109 0.0267653 56.3882 11 351 1001 0 1
-0.00945443 -0.62549 620 -0.12715 -0.119132 4.12584 63.1439 -13 352 0 0 1
-0.0829223 -0.187109 620 -0.0735725 0.0817273 10.846 47.9635 -13 354 0 0 1
-1.37136 -0.566913 620 -0.165601 0.151216 2.91152 84.843 -13 355 0 0 1
-0.0656201 -0.0896843 620 0.0699569 0.0631511 9.76622 50.7397 -13 356 0 0 1
-0.103161 0.284109 620 0.00365979 0.0250795 10.6268 48.38 -13 357 0 0 1
3.64321 2.11417 620 0.021585 -0.0485461 0.0372912 50.0628 11 357 1002 0 1
0.000408421 0.0541378 620 -0.0165394 0.067042 10.9005 38.0713 -13 358 0 0 1
0.0585125 -0.0632385 620 -0.0132864 -0.0106021 11.7932 25.309 -13 359 0 0 1
0.0194065 -0.0440866 620 -0.016401 -0.0116464 13.5067 38.3087 -13 360 0 0 1
0.149719 -0.355177 620 0.0221576 -0.0620172 3.65603 62.1515 -13 361 0 0 1
-0.0599835 0.00904604 620 0.0130831 0.0424415 8.74571 26.4267 -13 362 0 0 1
0.00209491 -0.269029 620 -0.07422 -0.00332608 12.1638 46.9266 -13 363 0 0 1
-1.07261 -0.435957 620 -0.0349815 -0.036481 0.0433215 47.8 11 363 1001 0 1
-4.67295 2.10205 620 -0.00146143 -0.00680736 -0.0348338 52.495 11 363 1001 0 1
0.039148 0.0295324 620 0.026606 -0.0162647 14.4487 20.475 -13 364 0 0 1
0.0767611 -0.0211472 620 -0.0182875 -0.0058123 11.8448 23.7827 -13 365 0 0 1
0.0602994 -0.084883 620 -0.0200997 -0.0599651 7.88258 29.1514 -13 366 0 0 1
0.0446303 0.0955421 620 0.0113516 -0.0942975 11.7103 43.8227 -13 367 0 0 1
0.202256 -0.168102 620 0.00430975 -0.117165 5.9824 55.8852 -13 368 0 0 1
-0.0103057 0.0247181 620 0.0379665 -0.0258978 6.44502 38.0621 -13 370 0 0 1
-0.26289 0.40897 620 0.118022 0.152389 14.521 33.3521 -13 371 0 0 1
0.00164452 2.82311 620 0.111752 -0.0549534 0.738472 145.363 -13 372 0 0 1
0.0486304 -0.0331229 620 0.0729081 -0.0741549 14.1973 25.107 -13 373 0 0 1
-0.530333 0.00976767 620 -0.155727 0.0755557 4.93645 49.8758 -13 374 0 0 1
0.0678798 0.0355486 620 -0.0039775 -0.0181532 13.3697 38.8721 -13 375 0 0 1
0.411037 -0.123819 620 -0.0638655 -0.15431 6.60221 46.2681 -13 376 0 0 1
-0.0831902 -0.0192894 620 0.0344122 0.0193971 10.5122 31.4291 -13 377 0 0 1
-0.225282 -0.178417 620 -0.0400162 -0.0298524 7.40884 33.0221 -13 379 0 0 1
0.0217736 0.215693 620 0.0720491 -0.0712456 10.7091 26.2527 -13 380 0 0 1
-0.0765923 0.204523 620 0.029008 0.0094839 7.79184 41.0825 -13 381 0 0 1
-0.0554663 -0.0323349 620 0.000917671 0.0604131 13.3984 29.4496 -13 382 0 0 1
0.191448 0.0551369 620 0.0855656 -0.0888045 14.1007 30.5751 -13 384 0 0 1
-0.110283 -0.00943285 620 -0.0253356 0.0166741 14.4596 24.9033 -13 386 0 0 1
-0.0301577 -0.00395408 620 0.0270091 0.000468478 14.4295 33.5774 -13 387 0 0 1
0.262557 0.126702 620 -0.0126733 -0.0614065 9.34829 47.5792 -13 388 0 0 1
0.162468 0.133187 620 0.00947934 -0.0698488 13.4407 35.441 -13 389 0 0 1
-4.01145 1.2734 620 0.00151042 0.00828743 0.0683056 37.5011 11 389 1001 0 1
-0.0482783 0.314528 620 0.126525 -0.0727491 10.3147 31.0105 -13 390 0 0 1
-0.23609 -0.130294 620 -0.0189535 0.0543063 8.67488 53.922 -13 391 0 0 1
-3.90113 1.00294 620 0.00377545 -0.00719448 0.0331397 56.4051 11 391 1002 0 1
-0.0250329 -0.10279 620 0.00796225 -0.000925237 8.12561 54.6835 -13 392 0 0 1
-0.710811 -0.120126 620 -0.0552135 0.18345 3.90626 57.781 -13 393 0 0 1
-1.1311 2.24349 620 0.221268 0.627356 3.69286 64.8576 -13 394 0 0 1
0.778484 1.69068 620 -0.00516396 -0.0105414 0.0301 64.0805 11 394 1001 0 1
-0.15284 -0.374693 620 -0.0344083 0.154738 14.1018 25.0457 -13 395 0 0 1
0.103494 -0.0460402 620 0.00780568 -0.0371104 7.06801 47.4855 -13 396 0 0 1
0.073067 -0.127091 620 -0.0264208 -0.0251716 14.4977 23.1169 -13 397 0 0 1
0.024087 0.0907923 620 0.015468 0.00563807 13.305 24.4069 -13 398 0 0 1
0.0381933 0.0470636 620 0.0333528 -0.00627986 12.6153 21.3639 -13 399 0 0 1
-0.119086 0.134463 620 0.0698865 0.020683 11.6514 30.8057 -13 400 0 0 1
-0.0269491 0.135003 620 0.0152352 -0.0282658 11.1762 33.4245 -13 401 0 0 1
0.145169 0.44293 620 0.0931739 0.0107047 7.30287 31.9891 -13 402 0 0 1
-0.0700763 0.0747104 620 -0.0790565 0.0580174 5.69695 58.483 -13 403 0 0 1
0.103727 0.0579029 620 0.00467673 -0.0354063 14.3924 24.248 -13 404 0 0 1
0.269421 -0.462847 620 -0.147329 -0.140659 12.7765 34.8533 -13 405 0 0 1
2.84475 -0.766696 620 -0.0557553 -0.0230049 0.0713958 34.1168 11 405 1001 0 1
0.156947 -0.0741564 620 0.0253191 -0.0571452 7.11498 46.3546 -13 406 0 0 1
0.340669 0.472039 620 0.087536 -0.0655296 4.70468 69.8009 -13 407 0 0 1
-0.210751 0.159332 620 0.0263909 0.0383954 10.8602 42.1953 -13 408 0 0 1
4.51292 -3.58781 620 0.0144315 -0.0434606 0.0438864 43.2153 11 408 1001 0 1
0.26039 -0.107582 620 0.0395041 -0.107613 12.2009 22.0703 -13 409 0 0 1
-0.024027 -0.385259 620 -0.048695 0.0115415 7.18487 41.0688 -13 410 0 0 1
-0.059481 -0.198632 620 0.00131694 0.0963443 6.82554 37.5815 -13 411 0 0 1
0.0358527 0.241999 620 0.056379 -0.0451945 7.23546 35.25 -13 412 0 0 1
0.0132982 0.218913 620 0.105729 0.0520784 5.58924 39.7202 -13 413 0 0 1
-0.0830302 -0.0918601 620 -0.0138319 -0.0184242 9.82016 29.4381 -13 414 0 0 1
0.146238 -0.105222 620 -0.0437001 -0.0923106 8.24714 34.0941 -13 415 0 0 1
-0.196959 -0.0255416 620 -0.0299559 -0.00028552 12.6214 31.7766 -13 416 0 0 1
-0.409224 0.428653 620 0.0857148 0.250287 6.44326 39.9874 -13 417 0 0 1
-0.182502 0.086997 620 0.0973536 0.0837889 9.95344 48.8663 -13 418 0 0 1
-1.55168 0.74746 620 0.0391006 0.00650294 0.0605129 46.0611 11 418 1001 0 1
0.049367 -0.277324 620 -0.160763 0.0990669 7.66842 42.8584 -13 419 0 0 1
-0.027423 -0.0824501 620 -0.0627714 0.0383799 12.4757 28.0842 -13 420 0 0 1
-0.114018 0.0493866 620 -0.00713636 0.0331164 13.2065 21.9835 -13 421 0 0 1
-0.379925 0.192089 620 0.0366394 0.20562 7.03172 35.3983 -13 422 0 0 1
0.658502 1.11124 620 0.00690153 -0.0168804 0.0442832 34.9085 11 422 1001 0 1
0.115601 -0.160554 620 0.0270059 0.0318771 9.32237 33.965 -13 424 0 0 1
0.150316 0.0983895 620 0.0591999 -0.198862 5.06595 71.8839 -13 425 0 0 1
-0.139778 0.0606962 620 -0.0202738 0.0503761 4.95758 67.6765 -13 426 0 0 1
0.0375667 0.00435934 620 -0.0247008 0.00217879 10.8081 46.562 -13 427 0 0 1
-0.0724764 -0.150597 620 -0.0188991 -0.0662963 7.00892 39.8704 -13 428 0 0 1
0.0541666 0.5367 620 0.0829811 -0.10591 7.77753 41.6266 -13 429 0 0 1
-0.0625144 -0.170539 620 -0.0410209 -0.0113242 9.93896 32.9106 -13 430 0 0 1
-0.0522972 0.0634169 620 0.00404293 -0.0610453 10.835 30.703 -13 431 0 0 1
0.0927999 0.00705824 620 0.0541035 -0.0202187 9.94502 40.6718 -13 432 0 0 1
-0.106713 -0.0727535 620 -0.0149748 0.0424582 11.0303 45.591 -13 433 0 0 1
0.0347983 0.056529 620 0.0207457 -0.0294228 13.7002 27.8725 -13 434 0 0 1
-0.0641056 -0.0283597 620 0.0184876 -0.0899064 11.3788 34.7225 -13 435 0 0 1
-0.104603 -0.143243 620 -0.0107738 -0.0463951 11.2148 26.7993 -13 436 0 0 1
-6.68807 -0.106567 620 0.0215312 0.0322246 0.00656253 38.9232 11 436 1001 0 1
-12.1665 -4.05318 620 -0.00360134 -0.0225405 -0.027513 40.5884 11 436 1001 0 1
0.0632672 0.012613 620 -0.00520792 -0.00235394 10.699 32.3057 -13 437 0 0 1
-0.0613345 -0.15878 620 -0.0524073 0.0178294 11.1255 36.6223 -13 438 0 0 1
-0.0802595 0.0518596 620 0.0788926 -0.0101205 11.9475 47.4131 -13 439 0 0 1
-0.0539086 -0.207224 620 -0.0821514 0.0329839 8.85256 46.2198 -13 440 0 0 1
-0.23153 0.148455 620 0.0374897 0.0410616 11.3894 33.8981 -13 441 0 0 1
-0.0598741 -0.44592 620 -0.103777 -0.040897 3.86903 56.1614 -13 442 0 0 1
-0.0891411 -0.0365084 620 0.0633188 0.0321612 7.56624 54.9594 -13 443 0 0 1
0.287256 0.0711973 620 0.0143319 -0.0595832 11.384 30.5697 -13 444 0 0 1
0.252098 0.0334645 620 0.0944134 -0.0800001 7.95869 53.6428 -13 445 0 0 1
3.26692 -0.297013 620 0.0204385 0.0142321 0.0471739 53.1519 11 445 1001 0 1
-0.0981632 -0.0495726 620 -0.00487225 0.0382418 13.3959 43.6345 -13 446 0 0 1
0.094715 -0.0414251 620 0.000312872 -0.0203802 11.5771 31.5438 -13 447 0 0 1
-0.0602706 -0.0346507 620 0.0145747 0.112414 9.80432 26.4626 -13 448 0 0 1
0.237874 0.0194721 620 0.0259448 -0.0712065 8.15907 31.991 -13 449 0 0 1
0.141564 -0.126108 620 -0.0132471 -0.0122447 12.3412 47.5311 -13 450 0 0 1
0.0187299 0.211399 620 -0.00283413 0.00240974 7.84165 48.9103 -13 451 0 0 1
-0.036255 -0.1682 620 -0.107855 0.067613 11.8584 45.5005 -13 452 0 0 1
-0.0337132 -0.0431079 620 0.00263948 0.0367653 12.9748 45.278 -13 453 0 0 1
-0.0651383 -0.0368435 620 -0.00893609 0.0251593 9.5483 32.7373 -13 454 0 0 1
0.179819 -0.0391138 620 -0.0102897 -0.0602251 13.994 20.0748 -13 456 0 0 1
0.0541344 -0.107435 620 -0.0130922 -0.0925805 9.44318 25.3654 -13 457 0 0 1
-0.0400351 0.0184503 620 -0.0635217 -0.0664825 11.5948 46.1457 -13 458 0 0 1
0.124164 -0.0343605 620 0.0212195 -0.0298134 7.97817 36.6764 -13 459 0 0 1
0.0430805 0.0638391 620 0.0398138 0.0148875 10.5717 24.372 -13 460 0 0 1
-0.0783433 -0.0336198 620 -0.019513 -0.00352776 13.4482 42.8243 -13 461 0 0 1
-0.0148895 -0.112972 620 -0.0546882 0.0640415 13.6761 42.7493 -13 462 0 0 1
0.0657107 -0.052638 620 -0.0214464 0.0014095 7.6809 41.2059 -13 463 0 0 1
-0.286955 0.334855 620 0.145217 0.30557 3.71994 83.2041 -13 464 0 0 1
0.00448957 0.113302 620 0.0898305 0.045729 9.88277 28.3128 -13 465 0 0 1
-0.132152 0.0897795 620 -0.0315343 -0.0184628 7.37896 31.8554 -13 466 0 0 1
-0.175951 -0.037088 620 0.0337122 0.0564227 14.0412 19.4282 -13 467 0 0 1
-3.54393 -1.40942 620 -0.00551301 -0.055516 0.0371289 24.724 11 467 1001 0 1
0.0313508 -0.0474914 620 -0.0410287 -0.0110753 8.80274 35.8878 -13 468 0 0 1
0.0456197 -0.229223 620 -0.0350704 0.054732 4.78525 62.2855 -13 469 0 0 1
-0.176129 -0.102269 620 -0.0035876 0.162172 6.36897 37.1769 -13 470 0 0 1
0.0833498 0.0353702 620 -0.00915555 0.00446291 9.9525 42.812 -13 472 0 0 1
0.635966 -1.72108 620 -0.0204374 0.00674517 0.086299 39.2983 11 472 1001 0 1
0.103193 0.0372691 620 0.196797 -0.0854941 5.34989 42.6799 -13 473 0 0 1
-0.519753 0.00367042 620 0.0117625 0.172257 8.23919 42.4013 -13 474 0 0 1
0.00383633 0.0322522 620 0.0123637 0.0280739 11.7905 29.51 -13 475 0 0 1
0.034317 0.179202 620 0.103035 -0.0239652 7.83579 29.5475 -13 476 0 0 1
0.114258 0.105258 620 0.0232808 -0.0253878 9.49452 39.8156 -13 477 0 0 1
-0.187858 -0.0583584 620 0.0512172 0.105079 9.74772 26.0219 -13 478 0 0 1
-0.483093 0.318128 620 0.0920857 0.0470132 5.33561 43.7543 -13 479 0 0 1
0.173819 0.0159466 620 0.0568362 -0.0615731 10.7007 38.2154 -13 480 0 0 1
-0.459712 -0.090048 620 -0.0180025 0.15656 8.96891 39.4129 -13 481 0 0 1
0.00711517 -0.135823 620 -0.0554847 0.0541271 6.52253 63.0283 -13 482 0 0 1
-0.0167308 -0.0156589 620 -0.00749927 0.00428687 14.0421 45.3432 -13 483 0 0 1
-0.0692029 -0.0398627 620 -0.00746148 0.0815938 7.45327 43.9349 -13 484 0 0 1
-0.0652365 0.0129011 620 0.0514856 0.0446734 11.3385 23.5288 -13 485 0 0 1
-0.345259 -0.135885 620 -0.0742504 0.0554555 7.31746 38.2127 -13 486 0 0 1
-0.0624506 -0.0230952 620 -0.0280548 0.0499119 13.0169 35.6033 -13 487 0 0 1
-0.377058 0.041728 620 0.104871 0.305734 5.325 61.7101 -13 488 0 0 1
-0.129904 0.119911 620 0.0399777 0.0420227 13.8873 21.2036 -13 489 0 0 1
-0.856253 -0.012096 620 0.0661553 0.0343887 3.6778 60.1425 -13 490 0 0 1
-0.0229353 0.139981 620 0.0891219 0.0217556 7.51297 54.3032 -13 491 0 0 1
-1.47492 -1.52406 620 -0.00668359 -0.025746 0.056051 53.001 11 491 1001 0 1
-0.0196527 0.0623382 620 0.0293416 -0.0165475 13.933 20.5534 -13 492 0 0 1
-0.106528 -0.0128732 620 0.0221876 0.0151634 12.4283 43.0669 -13 493 0 0 1
-0.105416 0.0718203 620 0.0559202 0.0119118 12.9622 41.0639 -13 494 0 0 1
0.125391 0.0716593 620 -0.00895314 -0.0660002 14.4486 17.1795 -13 495 0 0 1
0.0965679 -0.311998 620 -0.0915745 -0.0671176 10.7219 28.1018 -13 496 0 0 1
-0.040988 0.106941 620 0.0184768 -0.0455371 14.0531 17.2814 -13 497 0 0 1
0.00782943 0.0133439 620 -0.0137508 0.0333763 13.5481 33.1661 -13 498 0 0 1
-0.00696002 -0.628073 620 -0.00727955 -0.00493232 0.131531 26.2325 11 498 1002 0 1
0.0584235 -0.0218948 620 0.0614343 -0.0903232 11.9471 34.6798 -13 499 0 0 1
0.0546789 0.00778185 620 -0.0769752 0.0181455 12.6558 31.239 -13 500 0 0 1
-0.0416377 -0.0411336 620 -0.0485353 0.0236135 10.8779 30.9671 -13 501 0 0 1
-0.130218 -0.0585697 620 -0.000661907 0.0209523 14.432 21.0265 -13 502 0 0 1
0.056869 -0.116337 620 0.0170341 -0.000876352 10.2311 27.8261 -13 503 0 0 1
-0.0955904 0.00847867 620 -0.0213607 0.0234118 11.1742 37.1449 -13 504 0 0 1
-1.68259 -0.828201 620 -0.456094 -0.096238 3.3028 77.2317 -13 505 0 0 1
-0.0681561 -0.280367 620 -0.0600488 -0.00175841 8.6662 33.8058 -13 506 0 0 1
-0.0364186 -0.035945 620 0.00885643 0.0506709 12.4584 30.0411 -13 507 0 0 1
-0.00951102 -0.0693537 620 -0.0422643 -0.000792361 11.4273 45.3169 -13 508 0 0 1
-4.83093 10.9271 620 0.00311544 0.00507066 -0.0391685 65.7552 11 508 1001 0 1
0.0645073 0.0964335 620 -0.0064397 0.0447808 8.17762 47.8168 -13 509 0 0 1
-0.136043 -0.571898 620 -0.218833 -0.0182308 10.5352 31.3371 -13 510 0 0 1
0.0715039 0.0575071 620 0.014878 -0.0229907 10.4376 24.7115 -13 511 0 0 1
-0.0708665 0.0715416 620 0.0248779 0.0136045 12.8869 35.556 -13 512 0 0 1
-0.0197642 0.124958 620 0.0043673 0.0317477 13.3284 17.7966 -13 513 0 0 1
0.207972 -0.176931 620 -0.00787469 -0.143586 7.94274 33.739 -13 514 0 0 1
0.141724 0.0738776 620 0.0227792 -0.0462484 10.2211 45.7679 -13 515 0 0 1
-0.169886 0.0870485 620 0.0398868 0.0682873 3.79277 64.2292 -13 516 0 0 1
0.0629598 -0.0158183 620 -0.115984 0.0291169 8.1806 30.2997 -13 517 0 0 1
0.70054 -1.01582 620 -0.21717 -0.288043 12.3634 23.4428 -13 518 0 0 1
-0.0702273 -0.219872 620 -0.00230885 0.0970945 11.6617 38.1586 -13 519 0 0 1
-0.0163794 0.106124 620 0.0541085 -0.0118209 11.629 36.6132 -13 520 0 0 1
0.0170723 -0.109932 620 -0.0272016 -0.0156597 12.9463 29.0276 -13 522 0 0 1
0.00666457 -0.0523629 620 -0.0170908 -0.0172836 13.5799 32.7751 -13 523 0 0 1
0.193466 -0.438788 620 -0.32636 0.124601 3.64188 81.7871 -13 524 0 0 1
0.170677 -0.0546617 620 -0.0675543 -0.00495864 9.70641 30.3229 -13 525 0 0 1
-0.129064 -0.210483 620 -0.023178 0.0341073 11.6984 39.0534 -13 526 0 0 1
-0.825731 0.226653 620 0.112751 0.214836 2.82929 96.0368 -13 527 0 0 1
-0.0728794 0.0658726 620 0.0800536 0.0250949 12.4318 34.2227 -13 528 0 0 1
-0.277134 0.274226 620 -0.0139859 0.0382164 0.0710767 34.2359 11 528 1001 0 1
-0.0285117 0.154969 620 0.0493468 0.0145949 11.272 42.9067 -13 529 0 0 1
-0.0653945 -0.164869 620 -0.0544457 0.00184716 8.29434 49.529 -13 530 0 0 1
0.137789 0.103196 620 0.0357252 -0.0623469 12.9517 31.233 -13 531 0 0 1
0.252028 0.925559 620 0.270025 -0.13983 13.7282 45.591 -13 532 0 0 1
-1.64599 -1.29161 620 0.0187552 -0.0440705 0.109131 42.5969 11 532 1001 0 1
-0.524116 0.400909 620 0.168782 0.15857 9.05491 47.7486 -13 533 0 0 1
-0.131868 -0.121673 620 -0.0903299 0.020396 9.15607 47.8282 -13 534 0 0 1
-0.117649 0.0144563 620 -0.0042817 0.0153248 9.84523 25.5316 -13 535 0 0 1
0.00456053 -0.0657235 620 -0.0585773 0.0141044 13.0352 26.5719 -13 536 0 0 1
0.0827199 0.353659 620 0.0593051 0.480755 4.26314 63.5697 -13 537 0 0 1
-0.00825983 -0.00733626 620 -0.0323675 0.0211262 14.4699 33.9675 -13 538 0 0 1
0.179258 -0.0882088 620 -0.073432 -0.106853 11.2762 25.7394 -13 539 0 0 1
1.77399 -3.70141 620 -0.0266107 -0.026497 0.0547397 26.236 11 539 1002 0 1
0.0176365 0.0346194 620 0.0059134 -0.0322354 11.2392 45.6153 -13 540 0 0 1
0.0510843 0.053893 620 0.0567008 -0.00184304 7.32944 52.0185 -13 541 0 0 1
-0.44702 0.0588147 620 0.00455912 0.1184 12.7876 21.4681 -13 542 0 0 1
0.0792223 -0.161227 620 -0.153942 0.00259512 8.49709 38.9041 -13 543 0 0 1
0.0653902 -0.227049 620 0.00196796 -0.031444 0.0223882 38.9975 11 543 1001 0 1
0.0428872 -0.163766 620 0.0290279 0.0384046 13.7293 44.446 -13 544 0 0 1
0.0257376 0.43878 620 0.183713 0.0470244 4.80293 70.6389 -13 545 0 0 1
0.14518 0.104914 620 0.0858308 -0.0271401 6.65009 52.9717 -13 546 0 0 1
-0.0545151 0.0603135 620 -0.000653377 0.0146083 10.6598 40.6448 -13 547 0 0 1
-0.123612 -0.0012869 620 0.00333742 -0.00578668 9.8497 41.8636 -13 548 0 0 1
0.118348 0.0435056 620 -0.000164569 0.0181407 9.6163 48.9293 -13 549 0 0 1
0.1759 0.14908 620 0.00549614 -0.150332 8.5826 42.5371 -13 550 0 0 1
-0.1549 0.149952 620 0.0235656 0.0664521 10.5797 27.0019 -13 551 0 0 1
-0.140693 0.0500269 620 0.0174733 0.0641837 11.3161 29.9925 -13 552 0 0 1
-0.263595 -0.284861 620 -0.121764 0.104221 7.89691 39.9134 -13 553 0 0 1
-0.35773 -0.504917 620 -0.17025 -0.0202261 4.77208 45.7428 -13 554 0 0 1
0.266609 -0.216671 620 -0.0628257 -0.08102 7.94759 55.3673 -13 555 0 0 1
0.166619 -0.248424 620 -0.0635053 -0.0899026 5.97011 56.944 -13 556 0 0 1
2.93946 2.53537 620 0.000989099 -0.025524 0.023279 55.9956 11 556 1002 0 1
0.0509324 0.0634657 620 0.0186495 -0.0462821 13.5597 23.1725 -13 557 0 0 1
-0.136145 0.186051 620 0.0435285 0.0291288 10.9302 48.7892 -13 559 0 0 1
-0.0908567 0.0637213 620 0.0178309 0.0271802 13.6002 17.4222 -13 560 0 0 1
0.159172 0.0788926 620 -0.0451662 -0.00443324 5.15379 68.799 -13 561 0 0 1
-0.173075 -0.0959153 620 -0.0105613 0.0661848 11.0416 23.9981 -13 562 0 0 1
-7.07391e-05 -0.037168 620 0.0452602 -0.0222417 12.1048 33.9631 -13 563 0 0 1
0.0783232 -0.0325538 620 0.0611403 0.0428158 10.5555 49.4297 -13 564 0 0 1
-0.0478377 0.1296 620 0.0284891 0.0128362 14.222 21.3429 -13 565 0 0 1
0.10905 0.0885039 620 0.0662636 0.0108327 9.41509 35.565 -13 566 0 0 1
-0.00330892 -0.0197502 620 -0.0140839 0.0444641 10.5642 32.8118 -13 567 0 0 1
-0.14862 0.208113 620 0.193764 -0.350531 11.8487 45.0193 -13 568 0 0 1
0.034001 0.0914971 620 0.0806997 0.0243273 13.5433 27.9033 -13 569 0 0 1
0.0109787 -0.0449569 620 -0.0433611 -0.0631509 11.0926 45.9947 -13 570 0 0 1
-0.0342437 0.0870889 620 0.0293528 0.0541984 12.636 31.3066 -13 571 0 0 1
0.120087 0.0309938 620 -0.0285954 -0.0252337 9.83166 34.9892 -13 572 0 0 1
-0.0791027 -0.0950177 620 -0.069066 -0.0133592 6.55928 46.4256 -13 573 0 0 1
-0.055198 -0.00744929 620 0.00881792 -0.00221021 13.7364 25.2004 -13 574 0 0 1
0.106286 0.232605 620 0.0264599 -0.0293844 7.02633 49.9858 -13 575 0 0 1
-0.000962328 -0.115529 620 -0.0805771 0.00588414 10.599 40.2024 -13 576 0 0 1
0.06133 0.0508193 620 0.0297677 0.000834901 13.3894 19.5345 -13 577 0 0 1
0.551519 -0.677222 620 -0.194752 -0.0767154 8.36648 37.7997 -13 578 0 0 1
-1.74112 -1.61741 620 0.0242956 0.0190869 0.0281368 39.474 11 578 1001 0 1
-0.0231477 0.0144889 620 -0.0288342 0.053488 13.9496 32.2836 -13 579 0 0 1
0.0915737 0.0225108 620 0.0186801 -0.0160943 12.7525 25.5186 -13 580 0 0 1
0.0547694 -0.0407447 620 -0.0228297 -0.0486905 11.0703 48.2345 -13 581 0 0 1
0.0305425 0.0509049 620 0.00255066 0.0571776 8.89258 37.4513 -13 582 0 0 1
-0.227193 -0.0216962 620 -0.0356049 0.0880231 7.68304 35.8384 -13 583 0 0 1
-0.0395961 0.0152676 620 0.0805373 -0.0207853 13.973 42.6433 -13 584 0 0 1
-0.0623264 -0.0358881 620 -0.0545214 0.0184182 11.2201 28.0525 -13 585 0 0 1
-0.118163 0.0249373 620 -0.023382 -0.0285111 9.36117 48.7139 -13 586 0 0 1
-0.0185233 -0.0412518 620 -0.00353738 -0.0140515 13.7543 35.8058 -13 587 0 0 1
0.108051 0.149609 620 0.0482411 -0.0234581 9.57956 32.9563 -13 588 0 0 1
0.0366208 0.0127412 620 0.0362669 -0.0122809 13.2519 29.3381 -13 589 0 0 1
-0.287383 0.623536 620 0.215029 0.0989311 9.11817 36.2472 -13 591 0 0 1
-1.38273 1.60589 620 0.0149711 0.00824733 0.0485569 36.414 11 591 1002 0 1
-0.251279 0.0130101 620 0.0249204 0.132528 8.24315 39.53 -13 592 0 0 1
2.88558 0.822015 620 0.015628 0.0254207 0.0478145 38.7402 11 592 1001 0 1
-0.0957731 -0.27074 620 -0.0254333 0.0536616 5.76761 64.8994 -13 593 0 0 1
-0.00604603 0.0873941 620 0.0355334 -0.0276488 10.7347 50.094 -13 594 0 0 1
-0.0631828 -0.215262 620 -0.0984171 -0.000764291 9.98966 36.9621 -13 595 0 0 1
-0.613597 0.994013 620 0.0240997 -0.0479856 0.0319987 38.0087 11 595 1001 0 1
0.00741403 0.178641 620 -0.0254251 0.0404054 8.1111 44.1718 -13 596 0 0 1
0.085447 -0.200645 620 -0.0361213 0.0119897 10.4115 33.2769 -13 597 0 0 1
0.138759 0.0831545 620 -0.0259053 -0.0376149 5.81119 44.6801 -13 599 0 0 1
0.210136 -0.137319 620 -0.0398577 -0.0912755 12.5478 35.9212 -13 601 0 0 1
0.0589984 -0.155759 620 -0.0361508 -0.031304 6.85567 53.9603 -13 602 0 0 1
0.138389 0.226178 620 0.057537 -0.107264 9.21315 46.483 -13 603 0 0 1
-7.06727 3.72391 620 -0.0047028 -0.0207511 0.0715947 39.6143 11 603 1002 0 1
0.158979 -0.102693 620 -0.0823046 0.0394381 7.48044 42.3366 -13 604 0 0 1
-8.14096 9.8742 620 -0.0147819 0.00238111 0.0428224 57.8236 11 604 1001 0 1
0.0613002 0.141311 620 -0.00653031 0.160345 4.60201 53.5831 -13 605 0 0 1
-0.0946179 0.196932 620 0.0366182 0.0568395 12.3499 34.5819 -13 606 0 0 1
0.0325821 -0.986916 620 -0.0525596 0.0133623 0.0936438 31.2338 11 606 1001 0 1
-0.0187677 -0.123476 620 -0.023891 -0.0109831 11.8752 24.5891 -13 607 0 0 1
0.0672745 -0.0948813 620 -0.0151051 -0.11832 12.9182 32.2177 -13 608 0 0 1
0.0939941 0.0632531 620 0.0302982 -0.0455105 11.8646 23.7775 -13 609 0 0 1
-0.0199387 0.116206 620 0.0276578 0.0366749 8.79792 32.5075 -13 610 0 0 1
-0.00450332 0.0566745 620 0.0149891 0.00184492 10.32 26.5559 -13 611 0 0 1
-0.139421 0.119759 620 0.0467787 0.0586665 7.83398 40.128 -13 612 0 0 1
-0.0762448 -0.0149336 620 -0.0157601 0.0341257 12.4676 32.4756 -13 613 0 0 1
-0.169685 -0.0212359 620 -0.0378338 0.0955692 12.1251 20.7959 -13 614 0 0 1
0.194894 0.570644 620 0.0126327 -0.0156143 3.67819 74.3872 -13 615 0 0 1
0.209808 0.558536 620 0.101326 0.0715175 3.79588 80.0676 -13 616 0 0 1
0.129386 -0.0852265 620 0.0460307 -0.127569 10.7782 37.6596 -13 617 0 0 1
-0.0218395 0.128643 620 0.0234023 -0.0160978 8.08579 47.1416 -13 618 0 0 1
0.317912 -0.393045 620 -0.133155 0.193364 4.69117 66.7572 -13 619 0 0 1
-0.156045 0.0675133 620 0.0231085 0.0287024 12.356 37.7657 -13 620 0 0 1
-0.331519 -0.357291 620 -0.206924 -0.0514057 5.10148 44.7128 -13 621 0 0 1
0.00916283 -0.0559786 620 -0.0294613 0.0194785 11.1476 48.0831 -13 622 0 0 1
0.135532 0.0608535 620 -0.032159 -0.0223799 9.70555 37.1344 -13 623 0 0 1
0.0116759 -0.0469158 620 -0.0204341 0.0312681 14.1755 17.1529 -13 624 0 0 1
0.155756 -0.0708776 620 -0.0122336 0.028701 9.1218 40.2721 -13 625 0 0 1
0.117973 -0.129725 620 -0.0859146 0.00111614 6.02441 44.5421 -13 626 0 0 1
-0.0749361 -0.0187199 620 0.0080785 -0.00139942 9.32931 41.4053 -13 627 0 0 1
0.534632 -3.13652 620 0.0110013 -0.0485475 0.048479 39.1903 11 627 1001 0 1
-0.149789 0.405901 620 0.0625041 0.202947 2.1791 93.4658 -13 628 0 0 1
0.097695 0.0486899 620 -0.0344418 -0.0396423 10.441 27.592 -13 629 0 0 1
0.0113109 -0.114385 620 -0.0428071 -0.0474105 11.771 46.5219 -13 630 0 0 1
-0.00661752 -0.161406 620 -0.0941976 0.0028411 8.83452 52.7336 -13 631 0 0 1
-0.324093 -1.32034 620 -0.0167461 0.0262841 0.0218922 53.1242 11 631 1001 0 1
0.0211009 0.0771062 620 0.0197156 -0.00894289 14.0658 28.2688 -13 632 0 0 1
0.0740108 0.0374852 620 0.00271687 -0.0234472 8.31814 34.9547 -13 633 0 0 1
-0.353218 -0.354498 620 -0.233551 0.113866 4.71823 48.1857 -13 634 0 0 1
0.064451 0.0247401 620 0.0697989 0.0146861 8.04357 44.8737 -13 635 0 0 1
0.119275 0.0456523 620 -0.0457599 -0.076069 14.0955 23.286 -13 636 0 0 1
5.56372 -3.82052 620 0.0270165 0.00703902 0.0407766 32.5026 11 636 1001 0 1
-0.323334 -0.046495 620 -0.0172777 0.0484487 7.93189 49.6869 -13 637 0 0 1
3.4026 -2.89729 620 0.0150729 -0.00576622 0.0327037 51.3698 11 637 1001 0 1
-0.348143 0.120793 620 -0.0278084 0.0632937 12.6943 33.5629 -13 638 0 0 1
0.068525 0.549265 620 0.183076 0.104064 13.9868 21.579 -13 639 0 0 1
0.00127841 0.0311719 620 0.0230035 -0.0332719 10.8709 21.6949 -13 640 0 0 1
-0.222657 0.504046 620 0.16099 0.212634 4.38095 58.8206 -13 641 0 0 1
0.0685189 -0.392857 620 -0.158212 0.0929446 7.1546 53.8604 -13 642 0 0 1
-0.0467667 0.0453521 620 -0.00339369 0.0458142 11.059 20.8895 -13 643 0 0 1
0.116645 -0.10493 620 -0.00750501 -0.0555651 13.7348 34.8797 -13 644 0 0 1
0.0665737 -0.104725 620 -0.0120783 -0.0154375 9.66431 25.2816 -13 645 0 0 1
-0.0359924 0.0191034 620 0.0444411 0.00126726 13.7522 33.3418 -13 646 0 0 1
1.03194 0.401784 620 0.257021 -0.343015 5.89856 63.9705 -13 647 0 0 1
-0.580921 -1.52732 620 -0.0207163 -0.00916239 0.0218105 59.75 11 647 1006 0 1
0.261421 0.0608664 620 -0.0276194 -0.0472734 3.91133 66.2554 -13 648 0 0 1
-0.0401876 0.0265763 620 0.0909153 0.110497 6.25956 45.3473 -13 649 0 0 1
0.0350218 -0.104945 620 -0.0114094 -0.0583865 13.5315 20.7629 -13 650 0 0 1
0.208667 0.34524 620 -0.122194 -0.144641 10.0769 35.138 -13 651 0 0 1
0.251063 -0.245743 620 -0.102546 -0.0508648 10.4519 47.4223 -13 652 0 0 1
0.0816693 -0.00248672 620 0.0453439 0.00471189 11.8792 36.357 -13 653 0 0 1
0.542695 -1.30933 620 0.0292827 -0.0185252 0.0739966 36.3043 11 653 1001 0 1
0.0770574 0.0467761 620 -0.00669805 -0.0518083 12.282 30.6057 -13 654 0 0 1
0.0995497 -0.0971142 620 -0.0190404 -0.0332002 14.3577 37.9328 -13 655 0 0 1
-0.0233567 0.0314831 620 -0.0291592 0.00479631 9.57617 39.4113 -13 656 0 0 1
-0.195967 -0.20454 620 -0.0689383 -0.00633493 7.96743 49.6979 -13 657 0 0 1
0.328799 0.00904709 620 -0.0049128 -0.186635 4.8814 60.2912 -13 658 0 0 1
3.22418 1.50346 620 -0.000833702 0.0179168 0.0282834 59.8348 11 658 1002 0 1
-0.126184 -0.0943492 620 -0.0300769 0.0161567 14.4522 29.4647 -13 659 0 0 1
0.032904 0.010021 620 -0.103724 0.230415 11.6754 41.5923 -13 660 0 0 1
0.250029 0.0766227 620 -0.0228697 -0.0898369 10.6162 37.0305 -13 661 0 0 1
-0.0608345 -0.0842026 620 0.00427287 0.00653106 12.1256 29.8974 -13 662 0 0 1
0.111572 0.145968 620 0.0295063 -0.0617621 9.5318 52.5534 -13 663 0 0 1
-0.715423 0.12396 620 -0.0154158 0.198097 8.15345 56.2352 -13 664 0 0 1
-0.0795405 -0.012746 620 -0.00828604 0.0135437 11.3363 21.7302 -13 665 0 0 1
0.0779013 0.0619297 620 0.0133953 0.0128243 11.7782 33.6524 -13 666 0 0 1
-0.0487545 0.0727494 620 0.00596766 0.00105002 13.0842 30.0057 -13 667 0 0 1
0.277001 -0.0891958 620 0.476288 0.870114 6.54837 43.7262 -13 668 0 0 1
-0.139593 -0.112034 620 -0.0412637 0.0382366 9.57864 41.0691 -13 669 0 0 1
-0.0886134 0.202513 620 0.0368421 0.0385731 13.5693 33.8009 -13 670 0 0 1
-0.0126256 -0.0408231 620 -0.0334551 0.0087235 13.1378 36.8205 -13 671 0 0 1
0.112048 0.203996 620 0.116332 -0.110153 3.68237 70.1223 -13 673 0 0 1
-0.215176 -0.0211873 620 -0.0316387 0.0413273 12.5339 47.1906 -13 674 0 0 1
0.321642 -0.729219 620 -0.0189653 -0.670279 7.07521 38.9156 -13 675 0 0 1
0.01612 0.208581 620 0.0804777 0.0221684 12.8922 43.4801 -13 676 0 0 1
-0.133285 -0.0326216 620 0.0102139 0.0314787 11.8205 25.7327 -13 677 0 0 1
-0.147433 0.0262256 620 0.0403084 0.00744702 9.35911 39.4656 -13 678 0 0 1
0.364404 0.0339608 620 0.0799077 -0.0536659 8.08176 40.1235 -13 679 0 0 1
-0.191783 0.129753 620 0.0149463 0.0450435 9.22866 42.6622 -13 680 0 0 1
-0.138819 -0.0306681 620 -0.0110938 0.0464561 14.0658 18.7779 -13 681 0 0 1
0.0328094 0.0327186 620 -0.0209816 -0.0178725 13.2414 18.0851 -13 682 0 0 1
0.00895269 0.100739 620 0.0473238 0.0365543 12.9971 42.2262 -13 683 0 0 1
0.507676 -0.300856 620 -0.355824 0.132844 8.61117 42.2584 -13 684 0 0 1
-0.00250004 -0.071164 620 -0.0955107 -0.00481741 8.00397 35.0164 -13 685 0 0 1
-0.0640482 0.0236193 620 -0.0409323 0.00808075 11.5623 46.4448 -13 686 0 0 1
0.0950044 -0.194108 620 -0.191641 -0.0335217 9.00549 31.2096 -13 687 0 0 1
0.0620441 0.124202 620 0.0283316 0.0300154 12.8411 40.4368 -13 688 0 0 1
0.11678 0.91351 620 0.251623 0.0993627 9.79444 45.21 -13 689 0 0 1
2.47563 2.06432 620 0.00112645 -0.0295661 0.0599998 42.1252 11 689 1002 0 1
0.281811 0.134354 620 0.235782 -0.196021 5.16076 61.5 -13 690 0 0 1
0.134799 0.165789 620 0.0711834 -0.0521538 12.2869 35.28 -13 691 0 0 1
-0.0245829 -0.0272587 620 -0.0371606 0.00498698 7.40983 31.5206 -13 692 0 0 1
0.0707671 -0.0236587 620 -0.0118869 -0.0384955 12.7659 38.4215 -13 693 0 0 1
0.352457 -0.0697784 620 -0.0389748 -0.0634603 3.68164 66.2966 -13 694 0 0 1
-0.0514821 -0.0533409 620 -0.0222072 -0.0666873 7.31952 41.1059 -13 695 0 0 1
-0.140352 0.0998204 620 -0.0861045 0.0420243 6.57848 46.9264 -13 696 0 0 1
0.0178513 -0.0319628 620 0.0379952 0.017543 10.0054 40.7507 -13 697 0 0 1
0.255205 0.0190386 620 0.036615 -0.0884243 8.70907 33.312 -13 698 0 0 1
0.032935 0.0690705 620 0.0299927 -0.016404 13.3417 40.584 -13 699 0 0 1
0.601909 0.0408024 620 0.538771 -0.343148 8.76447 35.8052 -13 700 0 0 1
-0.0117299 0.0423059 620 0.0393491 0.0134148 9.05922 26.7356 -13 701 0 0 1
0.108072 0.0245746 620 -0.0320343 -0.0308943 12.293 43.5844 -13 702 0 0 1
0.0101353 -0.029071 620 -0.00881674 0.0315729 12.0594 40.8108 -13 703 0 0 1
0.0367183 0.00805731 620 -0.0380753 0.0313627 9.39863 32.4054 -13 704 0 0 1
-0.0893833 0.0721647 620 0.041703 0.0364134 10.0801 28.7277 -13 705 0 0 1
-0.129393 -0.077262 620 -0.0798683 -0.0342434 9.56902 38.7588 -13 706 0 0 1
-0.0574127 0.0483864 620 0.00303567 0.0231933 13.8632 17.6551 -13 707 0 0 1
0.0852635 0.108591 620 -0.010732 -0.0470943 10.5372 39.2617 -13 708 0 0 1
-0.0664763 0.0874138 620 0.0582693 0.0742432 3.3373 73.0462 -13 709 0 0 1
-0.750077 -0.00442336 620 -0.144335 0.116598 7.91417 47.7556 -13 710 0 0 1
-0.217175 0.0872881 620 0.0197906 0.02776 14.1573 17.5866 -13 711 0 0 1
0.0376809 -0.0225021 620 -0.0113874 0.0242205 11.6027 39.017 -13 712 0 0 1
0.236646 -0.335083 620 -0.0736214 -0.0661642 6.37716 56.4325 -13 713 0 0 1
0.059636 -0.0808304 620 -0.00239762 -0.0202069 14.0415 37.195 -13 714 0 0 1
0.0490797 0.0203394 620 0.0375383 -0.0359962 12.3678 47.4841 -13 715 0 0 1
-0.0288721 0.236476 620 0.0606985 0.0387076 13.1148 37.7529 -13 716 0 0 1
0.0413688 0.0352526 620 0.025925 -0.00150923 10.5901 36.394 -13 717 0 0 1
-0.0268359 0.0749869 620 0.0502633 0.00623846 8.65916 33.5906 -13 718 0 0 1
-0.356111 -0.0913342 620 -0.0338677 0.0930378 10.6058 29.6372 -13 719 0 0 1
0.767709 -0.421696 620 -0.0117692 -0.0269978 0.0283846 30.4759 11 719 1001 0 1
0.0654545 0.142651 620 0.0404339 -0.0674076 11.2711 48.4422 -13 720 0 0 1
0.0817 0.0101402 620 -0.128493 -0.16161 9.66244 48.7718 -13 721 0 0 1
-0.276612 0.0516604 620 -0.199956 0.144681 5.18006 52.5432 -13 722 0 0 1
0.0685817 -0.094956 620 0.00990625 0.00907281 8.54156 29.413 -13 723 0 0 1
0.172181 -0.27813 620 -0.0668523 -0.0720728 4.82327 66.6138 -13 724 0 0 1
-0.0288568 -0.00247496 620 0.00403575 0.0362801 9.59791 34.9872 -13 725 0 0 1
0.094565 -0.0954889 620 -0.0450894 -0.0336025 13.6077 31.9785 -13 726 0 0 1
0.218872 0.134177 620 0.067568 -0.024327 14.1223 20.8806 -13 727 0 0 1
0.672981 0.292812 620 0.165386 -0.162771 2.30744 95.7697 -13 728 0 0 1
0.0988425 0.000277169 620 0.040052 0.00757633 5.381 51.1384 -13 729 0 0 1
-0.0205263 0.221815 620 0.0766202 -0.0487128 11.1971 27.2167 -13 730 0 0 1
0.0777664 0.125958 620 0.0262727 0.00642909 10.9127 23.4237 -13 731 0 0 1
-0.91281 -0.108082 620 0.0270466 0.0187917 0.0283895 24.6207 11 731 1001 0 1
1.30212 0.489826 620 0.0499131 -0.0400367 0.787747 123.333 -13 732 0 0 1
0.185466 -0.120549 620 -0.099283 0.081125 4.70116 58.0439 -13 733 0 0 1
0.0313662 -0.145729 620 -0.0849061 0.0629038 7.80904 32.1697 -13 734 0 0 1
-0.00375077 0.00833777 620 -0.0398007 -0.0583784 10.9667 37.1069 -13 735 0 0 1
0.216896 -0.0855192 620 -0.0479745 -0.0887359 10.9853 30.0412 -13 736 0 0 1
-0.141774 -0.148635 620 -0.0151515 -0.00501513 8.20122 47.2887 -13 737 0 0 1
0.193548 -0.0493218 620 -0.109218 -0.0133392 8.36365 49.4924 -13 738 0 0 1
-0.115176 -0.118605 620 -0.0202847 0.0927898 11.8864 39.5071 -13 739 0 0 1
-0.0491894 0.0413448 620 0.0254491 -0.0385893 13.0295 40.9235 -13 740 0 0 1
0.039499 -0.112033 620 -0.0618495 -0.0189626 8.68954 45.0435 -13 741 0 0 1
0.85096 -0.0359121 620 0.433313 -0.181302 4.21525 74.2276 -13 742 0 0 1
0.0441837 -0.0758434 620 -0.0931856 0.0240322 8.31112 28.4795 -13 743 0 0 1
0.511141 0.194358 620 0.0452618 0.123481 2.38051 79.5317 -13 744 0 0 1
0.0204634 0.0393963 620 0.0154881 -0.0038356 11.4984 34.2567 -13 745 0 0 1
0.147469 -0.0231253 620 -0.0411102 -0.0579806 8.47614 51.8839 -13 746 0 0 1
1.04584 -0.030008 620 0.0115999 -0.0229909 0.0734033 51.567 11 746 1001 0 1
-0.0742254 0.0425697 620 -0.00781455 -0.0170488 11.8411 41.7597 -13 747 0 0 1
0.147042 -0.0935647 620 0.0198859 0.00117462 10.5447 38.2367 -13 748 0 0 1
0.043667 -0.116696 620 0.00651682 -0.0334715 12.1149 20.0337 -13 749 0 0 1
-0.120206 -0.158879 620 -0.0534722 3.05397e-05 10.3658 43.2252 -13 750 0 0 1
0.143258 0.228729 620 0.116201 -0.0810797 11.0612 44.367 -13 751 0 0 1
0.940769 -0.892549 620 0.0108095 0.0258948 0.0631992 44.6399 11 751 1002 0 1
-0.0126577 0.230284 620 0.0771992 -0.019659 6.4809 38.0542 -13 752 0 0 1
0.00339733 -0.0970043 620 -0.0510618 0.0387319 10.7861 23.5608 -13 753 0 0 1
-0.0633491 0.00500629 620 -0.0132226 0.0134044 8.66182 51.1454 -13 754 0 0 1
-0.276201 -0.0894424 620 -0.0955623 0.0726245 7.89039 35.3904 -13 755 0 0 1
-1.2781 -0.977211 620 -0.129848 0.332364 5.23938 52.7922 -13 756 0 0 1
-0.0833838 -0.00653076 620 -0.0260926 -0.0148491 7.22629 43.1803 -13 757 0 0 1
-0.0808177 -0.108906 620 0.0121544 -0.0238312 7.87935 30.772 -13 758 0 0 1
0.0868791 -0.0742444 620 -0.0195011 -0.0268433 14.1752 31.5047 -13 759 0 0 1
0.0366595 -0.224158 620 -0.0908984 0.0336619 8.0634 47.892 -13 760 0 0 1
-0.426736 0.0484866 620 0.0489496 0.127094 6.40642 41.3491 -13 761 0 0 1
-0.102113 0.0898805 620 0.0442741 0.01186 13.8633 44.6905 -13 762 0 0 1
0.0623371 0.215606 620 0.058613 -0.00183217 11.1462 46.3331 -13 763 0 0 1
-0.0943898 0.0359541 620 -0.0306945 0.0391603 9.8571 33.6758 -13 764 0 0 1
0.00777327 0.000897575 620 -0.0207841 -0.0839204 5.78803 45.0724 -13 765 0 0 1
-0.120633 -0.123306 620 -0.00663228 0.114417 8.54327 31.211 -13 766 0 0 1
5.15796 -2.95984 620 0.0109757 0.00869185 0.0313399 33.4697 11 766 1001 0 1
-0.00120997 0.0372832 620 0.0417222 -0.00118325 12.5235 47.1207 -13 767 0 0 1
0.263722 -1.64039 620 0.0252717 0.0475034 0.055667 47.3227 11 767 1002 0 1
-4.84725 -0.700532 620 -0.0448331 0.0130331 0.0527875 49.0599 11 767 1003 0 1
-0.0266695 0.01152 620 0.00664754 0.0306893 12.8692 38.4552 -13 768 0 0 1
0.0030811 0.187643 620 0.098836 0.0160333 6.97454 36.3259 -13 769 0 0 1
-0.158304 0.12298 620 0.01614 0.0265331 13.636 23.4314 -13 770 0 0 1
-0.212316 0.00135151 620 -0.0348014 0.0940696 10.8607 26.7994 -13 771 0 0 1
0.418864 4.43124 620 0.0285907 0.00277931 0.0427648 27.4095 11 771 1002 0 1
0.131108 -0.322752 620 -0.0566573 -0.0259863 14.3304 18.1685 -13 772 0 0 1
0.143219 -0.0556758 620 -0.0401665 -0.0743859 11.4131 24.5775 -13 773 0 0 1
0.208571 -0.0945093 620 -0.0496279 -0.0762025 13.4031 20.5606 -13 774 0 0 1
0.0430816 -0.327153 620 0.0154405 0.0573435 3.56133 60.9521 -13 775 0 0 1
-0.0172632 -0.0793058 620 -0.0677014 0.0264721 11.8115 30.7089 -13 776 0 0 1
-0.0258827 0.112049 620 0.0554185 0.0179914 10.6613 33.5475 -13 777 0 0 1
-0.164812 0.0217974 620 -0.0271486 0.129457 8.61686 44.5802 -13 778 0 0 1
0.107164 0.257452 620 0.0798689 -0.169374 12.9368 18.0627 -13 779 0 0 1
0.0718147 -0.0937078 620 0.141154 -0.0949413 9.58092 27.9294 -13 780 0 0 1
-0.806567 -0.272853 620 -0.143199 0.211954 11.5471 23.868 -13 781 0 0 1
-0.501368 2.10803 620 0.0297204 0.0646556 0.0391968 27.0427 11 781 1001 0 1
0.0435557 -0.0986922 620 0.030852 -0.00769801 10.0605 25.7479 -13 782 0 0 1
0.0894039 -0.224467 620 -0.0163694 0.00106334 6.9419 48.5041 -13 783 0 0 1
0.157039 -0.0877971 620 0.159597 0.0290085 6.83939 34.9734 -13 784 0 0 1
-0.229128 -0.107776 620 -0.131162 -0.00398172 4.88526 58.4688 -13 785 0 0 1
-0.151173 -0.0666707 620 -0.0603691 0.0150449 9.56014 42.3047 -13 786 0 0 1
-0.02263 -0.0258465 620 -0.0406508 -0.0466423 8.8904 41.8496 -13 787 0 0 1
-0.256641 0.0568777 620 0.0385523 0.0476461 12.3331 36.5493 -13 788 0 0 1
-0.0189515 0.032162 620 -0.0125566 -0.00511266 14.1624 31.2102 -13 789 0 0 1
0.020524 0.0188683 620 0.0251234 -0.0488472 9.93822 49.52 -13 790 0 0 1
-0.45582 -0.200799 620 -0.0981731 0.153185 4.84369 69.138 -13 791 0 0 1
-0.146492 0.109667 620 0.0615703 0.141982 11.771 47.3794 -13 792 0 0 1
0.0122355 -0.0470029 620 -0.0484451 0.0197981 11.4111 36.7157 -13 793 0 0 1
0.0916393 -0.0348542 620 0.0229615 0.0253145 7.44229 42.282 -13 794 0 0 1
-0.0125957 -0.0116859 620 0.148665 0.00269189 11.4961 28.111 -13 795 0 0 1
0.00296105 0.0952535 620 0.0473402 -0.0159179 8.88406 47.9887 -13 796 0 0 1
0.0505173 0.0327525 620 -0.0138903 0.0079128 14.0116 41.004 -13 797 0 0 1
-0.0728438 0.0702879 620 0.043008 0.0548115 13.7094 41.6481 -13 798 0 0 1
-0.0194523 0.0406234 620 0.00837443 0.0243137 9.34395 53.2298 -13 799 0 0 1
0.0115175 0.00908468 620 -0.000226496 -0.00564339 13.5523 19.1583 -13 800 0 0 1
-0.109883 0.0877427 620 0.0738566 0.0473234 5.72554 43.157 -13 801 0 0 1
-0.175691 0.1615 620 -0.0378669 0.0216515 6.97164 51.4209 -13 803 0 0 1
0.074739 0.049201 620 -0.015608 -0.0337459 13.0018 25.0045 -13 804 0 0 1
0.0255361 -0.100557 620 -0.0076631 -0.0216726 12.5708 44.9403 -13 805 0 0 1
-0.549094 -0.0759691 620 0.141808 0.0767466 2.60676 78.6835 -13 806 0 0 1
0.0642926 0.0809502 620 0.02402 -0.0213827 13.645 27.2018 -13 807 0 0 1
-0.143666 -0.0345211 620 0.105308 -0.291221 7.02479 41.1126 -13 808 0 0 1
-0.0241295 0.0337157 620 -0.0160455 -0.00986019 14.3012 29.6067 -13 809 0 0 1
0.177528 -0.0016823 620 -0.033902 -0.0504518 10.8071 36.8814 -13 810 0 0 1
-0.181463 0.178452 620 0.117779 0.0562026 5.63552 41.8271 -13 811 0 0 1
0.0811323 -0.0341857 620 -0.0226818 -0.0280383 6.51269 35.9767 -13 812 0 0 1
0.243739 0.243425 620 0.15238 -0.0678524 13.2015 28.0159 -13 813 0 0 1
0.191253 -0.0311512 620 -0.0476885 -0.0919147 9.59482 34.1292 -13 814 0 0 1
-0.064635 -0.00251311 620 -0.000902185 -0.0188051 11.6477 46.779 -13 815 0 0 1
0.132997 -0.0767854 620 0.0683775 -0.0661899 5.96516 41.5317 -13 816 0 0 1
-0.634158 0.648798 620 0.245487 0.177321 5.1873 66.1091 -13 817 0 0 1
0.304587 0.0108977 620 -0.042879 -0.0497408 11.4643 48.5173 -13 818 0 0 1
-0.0677113 0.093064 620 0.0670504 -0.0379723 6.12899 62.5864 -13 819 0 0 1
-0.0459846 0.00954877 620 -0.00982818 0.0458355 13.3914 23.7294 -13 820 0 0 1
0.00988626 0.105979 620 -0.00720893 -0.0557689 8.36619 30.3226 -13 821 0 0 1
-2.0189 -3.79159 620 0.0038184 -0.0125358 0.0590006 26.3702 11 821 1002 0 1
0.179837 -0.0375432 620 -0.0538507 -0.0387458 11.6834 47.8999 -13 822 0 0 1
-0.019037 -0.0768794 620 -0.0171895 -0.0139835 12.6139 41.1341 -13 823 0 0 1
-0.0594591 0.0012742 620 -0.0213265 0.0129414 14.5579 36.5534 -13 824 0 0 1
-0.0105968 -0.0555364 620 -0.0504541 -0.028057 14.4468 41.7602 -13 825 0 0 1
0.0368177 0.159608 620 0.0354786 -0.0471283 7.56613 42.6433 -13 826 0 0 1
0.715516 0.451715 620 -0.216182 -0.317021 3.45169 86.3421 -13 827 0 0 1
0.16978 0.0501744 620 0.0256004 -0.0348061 8.6264 52.6044 -13 828 0 0 1
0.193206 0.0249765 620 0.0263575 -0.048929 10.0359 48.763 -13 829 0 0 1
-0.0948121 -0.0153582 620 -0.0302918 0.010908 14.0743 45.2063 -13 830 0 0 1
-2.20179 -2.39014 620 -0.0547431 1.01605 8.32481 33.5863 -13 831 0 0 1
-0.0536988 -0.0457564 620 0.00894541 0.0208662 13.7908 30.0874 -13 832 0 0 1
0.0845324 0.196482 620 0.0529528 -0.0236152 9.02482 54.1245 -13 833 0 0 1
-0.261261 -0.106212 620 -0.0512336 0.135997 5.22288 65.5233 -13 834 0 0 1
0.237219 0.122486 620 -0.0294011 -0.0833253 7.78246 56.3493 -13 835 0 0 1
0.144497 -0.0765981 620 -0.0593863 -0.0431947 11.857 40.7539 -13 836 0 0 1
-0.314862 -0.276315 620 -0.109514 0.0380028 10.8109 29.9905 -13 837 0 0 1
-0.0217171 0.124687 620 0.00460655 0.0134733 12.8292 34.5203 -13 838 0 0 1
0.00326543 -0.00149583 620 -0.000530956 0.0312999 11.1368 41.8412 -13 839 0 0 1
0.128974 0.0308759 620 0.0250107 0.0293319 9.84483 44.3888 -13 840 0 0 1
-0.311026 -0.47271 620 0.113666 0.201297 6.09632 62.7237 -13 842 0 0 1
0.0912723 0.158098 620 0.0557555 -0.0838463 8.27616 34.0592 -13 843 0 0 1
0.188841 -0.194231 620 -0.0381162 -0.0388293 4.17519 74.1399 -13 844 0 0 1
0.363042 0.257115 620 0.106791 -0.118763 13.467 25.8689 -13 845 0 0 1
0.0941696 0.0949802 620 -0.120331 0.0382294 12.2761 35.0903 -13 846 0 0 1
0.0401347 0.46472 620 0.0607189 0.0132605 4.4243 56.8049 -13 847 0 0 1
0.262657 0.164782 620 0.0864263 -0.0626737 4.62648 73.9523 -13 848 0 0 1
-0.365695 0.113776 620 0.0432013 0.1089 9.60798 25.7063 -13 849 0 0 1
-0.120852 -0.0376623 620 0.0271868 0.0433478 12.3501 40.4157 -13 850 0 0 1
-0.0727761 0.0919679 620 0.0479988 -0.0496477 8.88369 33.1267 -13 851 0 0 1
0.229684 0.362048 620 0.132616 -0.199332 4.61883 49.2264 -13 853 0 0 1
2.5485 4.30376 620 0.0051554 -0.00197023 0.038744 46.9325 11 853 1001 0 1
0.119406 0.102137 620 0.0259852 -0.0564431 11.4479 23.1405 -13 854 0 0 1
-0.0572505 0.151255 620 0.0294765 0.0401918 11.5527 43.1193 -13 855 0 0 1
0.205506 0.157346 620 0.0409402 -0.072982 14.3146 24.0721 -13 857 0 0 1
0.0138944 0.374934 620 0.0894546 -0.10788 10.213 48.2551 -13 858 0 0 1
-0.0695548 0.0375044 620 -0.0509311 -0.0210846 12.9302 29.1667 -13 859 0 0 1
-3.57615 -6.23485 620 0.0136401 -0.0370053 0.0111365 34.0895 11 859 1001 0 1
-0.12106 0.125459 620 0.0334332 0.0358787 13.0378 42.2125 -13 860 0 0 1
0.00601772 -0.0170395 620 -0.0287106 0.0573189 11.1706 23.2233 -13 861 0 0 1
0.161458 0.263235 620 0.0195857 -0.117503 5.80379 58.8167 -13 862 0 0 1
-0.0739058 0.389086 620 0.114384 -0.262744 3.80139 61.7628 -13 863 0 0 1
-0.0891231 0.0242406 620 -0.121836 0.0374534 6.84366 45.7526 -13 865 0 0 1
-0.450298 -0.56938 620 -0.107195 0.179412 5.45049 68.3829 -13 866 0 0 1
0.164229 0.0694303 620 0.00839813 -0.00667872 8.31436 36.9746 -13 868 0 0 1
-0.0237968 0.336868 620 0.0227414 0.0526451 9.08822 45.1796 -13 869 0 0 1
-0.680956 0.683611 620 -0.0161162 -0.0295252 0.0700215 44.9588 11 869 1001 0 1
-0.31054 -0.112558 620 -0.0468761 0.109731 12.3546 33.4827 -13 870 0 0 1
0.00462793 0.188464 620 0.0366966 0.00832399 13.6998 38.7831 -13 871 0 0 1
0.315096 -0.0389932 620 0.234364 0.106193 5.12854 62.5068 -13 872 0 0 1
0.217499 -0.0550221 620 0.0879676 -0.103642 4.36846 54.3403 -13 873 0 0 1
0.441994 0.115831 620 -0.0402743 -0.21417 4.77431 58.5914 -13 874 0 0 1
-0.400785 -0.080258 620 -0.00243658 0.113564 3.16202 64.9628 -13 875 0 0 1
0.00213269 -0.142128 620 -0.104092 0.0139679 11.7712 30.8598 -13 876 0 0 1
0.0517466 0.126545 620 0.0746038 -0.0292203 9.19407 47.2615 -13 877 0 0 1
0.0174724 -0.0523047 620 -0.00641395 0.00120501 14.2379 41.9866 -13 879 0 0 1
-0.138248 0.0600926 620 0.001762 0.00205673 12.9311 22.9519 -13 880 0 0 1
-0.00487659 0.0580004 620 0.00416061 -0.00750967 14.5294 28.2293 -13 881 0 0 1
0.127201 -0.0924625 620 -0.119917 -0.0115564 6.50498 55.2471 -13 882 0 0 1
0.0571608 0.0647911 620 -0.031052 -0.0512584 7.05434 55.3684 -13 883 0 0 1
-0.285194 0.17394 620 0.0721069 0.0514149 5.67094 55.7564 -13 884 0 0 1
-0.106683 0.00461076 620 0.0437889 0.0382152 12.5659 19.6336 -13 885 0 0 1
-0.0499146 -0.0435051 620 0.0536051 -0.0126031 8.46204 33.0196 -13 886 0 0 1
-0.214353 -0.0663593 620 -0.0570012 0.1126 8.50156 26.8651 -13 887 0 0 1
-0.0468476 -0.19076 620 -0.0715471 0.067579 8.49917 45.5367 -13 888 0 0 1
0.0527841 -0.0290899 620 -0.0234183 -0.0048895 11.3119 44.6055 -13 889 0 0 1
0.0179499 0.0579227 620 -0.00966552 -0.0355715 10.8165 32.5561 -13 890 0 0 1
0.238985 -0.312529 620 -0.0567421 -0.00593058 7.48432 37.8219 -13 891 0 0 1
-0.107758 0.0567808 620 0.0520658 0.0064674 14.0577 24.9461 -13 892 0 0 1
-0.194863 0.0505594 620 0.0122947 0.0581516 9.34441 27.5395 -13 893 0 0 1
1.45933 1.51223 620 0.0134772 -0.0268669 0.0168854 30.1566 11 893 1001 0 1
-0.134348 -0.0427971 620 -0.0917774 0.0271532 12.6093 36.3578 -13 894 0 0 1
0.00955299 0.0537381 620 0.027363 0.0164954 11.6052 36.2655 -13 895 0 0 1
-0.1304 -0.13918 620 -0.0265606 -0.0229788 6.76944 54.3464 -13 896 0 0 1
0.123129 0.0169494 620 -0.0513279 -0.00779916 10.3449 28.9527 -13 897 0 0 1
-0.525594 -0.293456 620 -0.0738527 0.0861541 8.36859 43.2041 -13 898 0 0 1
-0.256766 -0.178542 620 0.199163 -0.0175993 6.66759 42.758 -13 899 0 0 1
0.0999649 -0.0113663 620 0.0393764 -0.037768 11.4388 21.4934 -13 900 0 0 1
0.0437263 -0.227231 620 -0.0156876 0.124201 5.35143 69.1626 -13 901 0 0 1
-0.335902 0.0093432 620 -0.131015 0.0391573 8.54347 28.4562 -13 902 0 0 1
0.0580584 0.189206 620 0.138445 -0.0761163 6.62197 41.1357 -13 903 0 0 1
-0.0628649 0.0686961 620 -0.013143 -0.0237508 12.547 25.6024 -13 904 0 0 1
-0.197799 0.241243 620 0.0984315 -0.00768978 5.09262 60.7755 -13 905 0 0 1
-0.152346 0.120943 620 0.00518915 0.0738473 10.4494 41.3632 -13 906 0 0 1
-0.176112 0.159692 620 0.0845862 0.039743 11.6176 45.804 -13 907 0 0 1
-0.00478261 -0.017602 620 -0.000803785 0.0153609 12.9474 20.9092 -13 908 0 0 1
0.0847328 0.0359934 620 0.0355031 0.0078479 7.24369 45.6197 -13 909 0 0 1
0.266147 -0.0967987 620 -0.00615101 -0.0865126 9.28424 25.8367 -13 910 0 0 1
-1.20135 1.9313 620 -0.00585848 -0.019969 0.684723 132.852 -13 911 0 0 1
-0.124462 -0.440628 620 -0.138922 0.23507 11.8152 21.0728 -13 912 0 0 1
0.0165009 0.059565 620 0.0226234 -0.0153341 10.2892 23.8469 -13 914 0 0 1
-0.0750373 0.200816 620 0.0129296 0.00697114 9.10748 30.9288 -13 915 0 0 1
-0.00746673 -0.109585 620 -0.0288136 0.0244859 13.7994 35.2487 -13 916 0 0 1
0.0905779 0.0246338 620 0.0331707 -0.00875216 12.4887 37.661 -13 917 0 0 1
0.025475 0.0140357 620 0.0122203 -0.0116841 12.8452 41.7323 -13 918 0 0 1
-0.0782887 -0.414772 620 -0.00508462 0.0884867 3.59213 62.6373 -13 919 0 0 1
0.102946 0.097536 620 0.0643656 0.0822846 8.6273 29.1006 -13 920 0 0 1
0.0770131 0.0131796 620 -0.000139021 -0.0536313 14.0779 22.3838 -13 921 0 0 1
0.00936575 0.0123898 620 -0.0106491 0.0108331 12.8473 38.6533 -13 922 0 0 1
0.409299 0.0452249 620 0.126148 -0.0916729 3.80742 82.6103 -13 923 0 0 1
0.203665 -0.0514821 620 -0.0359029 -0.0919612 13.5293 30.5613 -13 924 0 0 1
-0.768263 -0.043831 620 -0.0125928 -0.00535206 0.0830261 30.7986 11 924 1001 0 1
-0.0203912 0.083758 620 0.0158167 -0.0486693 13.9364 44.714 -13 925 0 0 1
0.0197868 0.0266861 620 0.04808 0.0507212 12.8066 18.5048 -13 926 0 0 1
0.0253447 -0.0144781 620 -0.0186198 -0.0109913 4.68404 60.4622 -13 927 0 0 1
0.245439 0.290772 620 0.0284155 -0.0893915 11.7746 42.8059 -13 928 0 0 1
-0.0199403 -0.101641 620 -0.0537029 0.0220792 13.5485 23.3511 -13 929 0 0 1
-0.0145343 0.0636251 620 0.0736332 -0.00146865 12.7137 35.9979 -13 930 0 0 1
0.0834821 -0.104707 620 -0.0425286 -0.0129199 13.3124 38.2921 -13 931 0 0 1
0.143719 0.0261452 620 0.00622134 -0.0350097 11.4479 48.7263 -13 932 0 0 1
0.0798353 -0.00715234 620 -0.0975663 -0.00874876 13.6069 30.0367 -13 933 0 0 1
0.0423003 -0.0713621 620 -0.0411635 0.0678763 8.58282 38.3036 -13 934 0 0 1
-0.0979681 0.0517501 620 0.0897848 -0.00933221 10.325 43.0067 -13 935 0 0 1
-1.59401 1.39305 620 -0.0350521 -0.00795421 0.0760877 39.8724 11 935 1001 0 1
-0.0642411 0.0058742 620 -0.0272899 0.0149969 12.4215 31.7201 -13 936 0 0 1
0.0717087 -0.0337536 620 -0.0233321 -0.000153948 12.5324 45.3532 -13 937 0 0 1
0.032933 -0.0452984 620 0.0385628 -0.135618 4.4753 51.5304 -13 938 0 0 1
-0.108696 -0.0799926 620 -0.0331529 0.0204081 13.846 26.3757 -13 939 0 0 1
-0.819318 -0.0919991 620 -0.501966 -0.131763 5.78405 41.4455 -13 940 0 0 1
-2.4338 8.232 620 -0.015335 -0.00148264 0.0327019 40.523 11 940 1001 0 1
-0.353085 -0.069476 620 -0.0400806 0.0867819 12.2478 34.3269 -13 941 0 0 1
-4.11419 -5.39318 620 -0.000641899 -0.00446477 0.0532195 42.771 11 941 1001 0 1
1.71115 -0.192927 620 0.127568 -0.0208806 1.73184 109.547 -13 942 0 0 1
0.0242124 0.0536025 620 0.0565292 -0.0222998 10.5165 46.3009 -13 943 0 0 1
0.573914 0.467872 620 0.157666 -0.0710987 5.69942 61.6041 -13 944 0 0 1
0.574638 -0.0336129 620 0.168886 -0.0192511 3.82607 81.0848 -13 945 0 0 1
-0.0343945 -0.0292491 620 0.0187056 -0.0286324 14.3021 28.7378 -13 946 0 0 1
-0.0272847 -0.24004 620 -0.095904 0.0249546 10.4311 26.643 -13 947 0 0 1
0.129343 -0.0660442 620 -0.0674335 -0.170773 7.73405 33.8555 -13 948 0 0 1
-0.112059 -0.0465496 620 -0.0211044 0.0212135 12.4823 39.0972 -13 949 0 0 1
0.535452 -0.434408 620 -0.152937 -0.353219 3.06706 67.2899 -13 950 0 0 1
0.193429 0.0586308 620 0.0466396 -0.0185026 5.20333 48.7196 -13 951 0 0 1
0.237086 -0.285516 620 -0.122215 0.148198 4.07292 77.5437 -13 952 0 0 1
-0.179377 0.00344677 620 -0.0397337 0.0709989 9.82135 29.6559 -13 953 0 0 1
-0.0631351 0.111227 620 0.0527188 -0.00956213 6.70418 52.8359 -13 954 0 0 1
-0.0276381 0.135722 620 0.0501383 -0.0247766 7.31463 47.2305 -13 955 0 0 1
-3.91037 2.9736 620 -0.00899058 0.010141 0.0502286 44.2742 11 955 1001 0 1
0.329084 -0.054077 620 0.0686093 -0.137216 6.9331 39.3066 -13 956 0 0 1
-0.946339 4.61644 620 1.2774 0.346674 13.9903 35.0002 -13 957 0 0 1
0.11021 0.0157779 620 -0.00531229 -0.0541236 11.883 33.2352 -13 958 0 0 1
-0.323311 0.0740409 620 0.0344504 0.0708753 10.4115 42.1336 -13 959 0 0 1
0.0619781 -0.0192813 620 -0.0229933 -0.0383205 14.4241 25.1929 -13 960 0 0 1
-0.233427 0.175449 620 0.00352492 0.107559 11.7868 38.1123 -13 962 0 0 1
0.125422 -0.00705716 620 -0.0408891 -0.0318362 11.8707 41.8783 -13 963 0 0 1
-0.0280272 -0.122559 620 -0.0241081 0.0286166 10.476 48.0855 -13 964 0 0 1
0.0243261 -0.0354325 620 0.0294394 0.0202655 11.3289 35.4991 -13 965 0 0 1
-0.0166628 0.278687 620 0.095174 0.00169238 9.39052 31.8734 -13 966 0 0 1
0.109264 0.380035 620 -0.0238938 -0.178102 2.11945 86.0912 -13 968 0 0 1
0.096141 -0.197119 620 -0.023145 -0.0392495 8.8657 37.8799 -13 969 0 0 1
-0.198255 0.0994827 620 0.02215 0.0524539 13.2507 31.0441 -13 971 0 0 1
-0.0567431 0.0584137 620 -0.0237613 -0.0575017 14.4617 30.9129 -13 972 0 0 1
-0.0345137 0.0997047 620 0.0242139 0.0135079 13.7645 45.0321 -13 973 0 0 1
-0.0375592 -0.256498 620 -0.0800544 0.000765195 14.4791 35.4696 -13 974 0 0 1
-3.80644 0.322514 620 0.0330065 0.0436524 0.0835283 34.5944 11 974 1001 0 1
-0.229885 0.106587 620 -0.0189943 0.118756 10.2781 41.8049 -13 975 0 0 1
0.0409922 0.0291602 620 0.0853375 -0.042823 6.67527 39.4378 -13 976 0 0 1
0.0559484 0.0254822 620 -0.0276094 -0.0491278 9.05635 41.9933 -13 978 0 0 1
-0.0376132 0.0363119 620 0.00459472 -0.0035655 13.7152 35.2251 -13 979 0 0 1
-0.0600992 0.104025 620 0.00314468 0.0335029 12.0818 22.5025 -13 980 0 0 1
0.0222915 -0.0788937 620 -0.0143596 -0.0229416 9.67142 23.9698 -13 981 0 0 1
0.0218478 0.0743858 620 0.0171234 0.00466454 13.6153 29.4473 -13 982 0 0 1
-0.455062 0.157157 620 0.0620479 0.108343 5.63646 62.5101 -13 983 0 0 1
-0.387216 -0.171449 620 -0.228417 0.0764785 9.99676 24.9372 -13 984 0 0 1
1.43713 0.73177 620 -0.0194974 -0.0152248 0.0880622 20.902 11 984 1001 0 1
-0.0609699 0.205608 620 0.0786486 -0.058012 11.2477 35.3623 -13 985 0 0 1
-0.183183 -0.0893278 620 -0.046655 0.0990438 8.31784 45.482 -13 986 0 0 1
0.0837269 0.0549017 620 0.0139485 -0.0326785 14.2375 40.5695 -13 987 0 0 1
0.125657 0.346268 620 0.113483 -0.0253942 6.65305 55.0456 -13 988 0 0 1
-0.4023 1.28628 620 -0.00470521 -0.000387178 1.71965 102.365 -13 989 0 0 1
-0.0570131 0.12482 620 0.0729951 0.0132874 14.4655 23.9118 -13 990 0 0 1
0.0133213 -0.00152654 620 -0.0378994 -0.0398693 10.8702 40.7709 -13 991 0 0 1
0.0742679 0.151428 620 0.00778046 -0.0496722 13.075 42.7547 -13 992 0 0 1
-0.148877 0.100184 620 0.0475698 0.0477103 11.2429 49.0011 -13 993 0 0 1
-0.120469 -0.0389713 620 -0.0865762 0.0154426 12.7649 42.3198 -13 994 0 0 1
-0.717317 0.106184 620 -0.0584108 0.0150512 0.0505264 42.516 11 994 1001 0 1
-0.0163156 0.0788352 620 0.0467052 0.0155403 13.8907 28.2598 -13 995 0 0 1
-0.0636197 -0.129041 620 -0.0397706 0.0252105 13.0379 42.6166 -13 996 0 0 1
-0.0408849 -0.152594 620 -0.0779278 0.0161633 14.5114 24.44 -13 997 0 0 1
-0.138853 0.0943544 620 -0.0687276 0.0494094 10.1991 47.0961 -13 998 0 0 1
-0.00228666 -0.0483854 620 0.0330429 0.0662362 7.33256 35.1668 -13 999 0 0 1
-0.0179238 0.0161989 620 0.0331743 0.0454701 8.41732 48.2092 -13 1000 0 0 1
