#BLTrackFile NTuple/Z700
#x y z Px Py Pz t PDGid EventID TrackID ParentID Weight
#mm mm mm MeV/c MeV/c MeV/c ns - - - - -
-0.057565 0.0755513 700 0.0192303 0.0075608 11.5035 40.707 -13 1 0 0 1
-0.361351 -0.176584 700 -0.0806973 0.0973238 12.5587 42.3548 -13 2 0 0 1
0.113445 0.332693 700 0.078024 -0.127673 9.83173 27.7374 -13 3 0 0 1
-2.0944 6.38607 700 0.0190565 -0.0531781 0.0604152 19.7975 11 3 1001 0 1
0.0669977 0.0290713 700 -0.0316511 -0.0240657 11.1338 26.5475 -13 4 0 0 1
0.0820328 0.165506 700 0.0138623 -0.0985105 6.84128 43.3068 -13 5 0 0 1
-0.0948229 0.167737 700 -0.00479562 0.0546966 7.62898 54.5182 -13 6 0 0 1
-0.074124 -0.0703502 700 -0.0586388 0.024439 12.0252 34.2008 -13 7 0 0 1
-0.10786 -0.182793 700 -0.0312318 -0.0396868 5.07025 62.8029 -13 8 0 0 1
-0.0217027 -0.0736959 700 -0.0196333 0.0528174 13.619 41.7698 -13 9 0 0 1
0.0506662 -0.0188759 700 -0.0260031 -0.0285479 13.2373 23.8229 -13 10 0 0 1
0.0212246 0.0446978 700 -0.0271375 -0.0336849 10.6001 26.205 -13 11 0 0 1
-0.481959 0.0665978 700 -0.000541369 0.155483 11.8022 25.152 -13 12 0 0 1
0.243658 -0.523567 700 0.141989 0.0688384 3.34712 72.1166 -13 13 0 0 1
0.00295486 -0.0406596 700 -0.0177066 0.000102779 10.3069 27.1347 -13 14 0 0 1
0.953978 3.00648 700 0.021301 -0.0100436 0.0917707 17.5041 11 14 1002 0 1
0.175239 -0.176218 700 -0.0145115 -0.087441 5.10845 66.5328 -13 15 0 0 1
-0.29302 0.108154 700 0.0407499 0.180275 8.33026 32.4449 -13 16 0 0 1
-0.0318666 -0.0955622 700 -0.0091905 0.0227573 14.5095 24.3664 -13 17 0 0 1
-0.0731441 0.00671391 700 0.0434572 0.0173233 13.077 48.0946 -13 18 0 0 1
0.0135609 0.385384 700 0.0638721 0.12439 8.25699 47.7709 -13 19 0 0 1
-0.0154152 0.0650804 700 0.00853218 0.0138772 14.4218 40.1902 -13 21 0 0 1
-0.171268 0.155246 700 0.0175012 0.0265347 10.4482 25.6221 -13 22 0 0 1
5.10043 3.5568 700 -0.0307293 -0.00941022 0.0195472 35.2692 11 22 1002 0 1
-0.0703253 0.0260054 700 0.0231768 -0.00230861 11.7639 50.7213 -13 23 0 0 1
0.0332089 0.00431548 700 -0.00961467 0.00667277 8.28921 57.151 -13 24 0 0 1
0.0406358 0.0695947 700 -0.0190357 0.0232929 14.3652 31.6381 -13 25 0 0 1
0.447565 0.132473 700 -0.00753614 -0.100453 8.92728 43.5036 -13 26 0 0 1
-0.120558 -0.00926804 700 0.0193402 -0.0245273 8.4242 39.8203 -13 27 0 0 1
-0.00110664 0.0829937 700 0.0400788 -0.00242579 11.5625 49.4188 -13 28 0 0 1
0.050792 0.0186554 700 -0.00587646 -0.0102992 6.96651 56.9912 -13 29 0 0 1
-0.375535 0.32492 700 0.0894219 0.153502 13.613 20.7979 -13 30 0 0 1
0.0830348 0.0713119 700 -0.000621527 -0.0147605 10.3441 28.4444 -13 31 0 0 1
0.310642 -0.165866 700 -0.05111 -0.146236 8.46992 34.9611 -13 32 0 0 1
0.490369 0.232822 700 0.0790366 0.13104 2.94462 97.4711 -13 33 0 0 1
0.232869 -0.163771 700 -0.024128 -0.0880072 13.6386 40.0046 -13 34 0 0 1
0.0400255 0.609644 700 0.00779892 -0.0801188 5.0105 74.8185 -13 35 0 0 1
0.0543597 0.230432 700 0.108614 0.0202055 8.55244 53.3393 -13 36 0 0 1
-0.0941861 0.00158821 700 -0.00886446 0.0155281 10.3932 52.2383 -13 37 0 0 1
0.0349605 0.034871 700 -0.00132221 -0.000893858 11.8433 44.6908 -13 38 0 0 1
0.0474995 0.00781059 700 -0.00981073 -0.0127845 9.4977 36.6199 -13 39 0 0 1
2.57668 1.86294 700 0.887894 -0.353182 10.8251 43.6578 -13 40 0 0 1
-0.209981 0.0806347 700 -0.0872048 -0.082433 8.87695 31.3091 -13 41 0 0 1
-0.154198 0.214854 700 0.0986163 0.0581057 9.90788 46.9669 -13 42 0 0 1
0.0368214 0.0820594 700 0.0389866 0.0426639 14.4151 29.4083 -13 43 0 0 1
-0.0599984 -0.0792031 700 0.00553366 -0.0557968 11.254 41.1623 -13 44 0 0 1
0.104926 0.0547687 700 0.125264 0.00301216 10.8517 47.7842 -13 45 0 0 1
-0.298396 0.138543 700 0.0394206 0.0798114 4.93417 53.6314 -13 46 0 0 1
-0.0939876 0.0209656 700 0.0157166 0.0521876 11.4056 30.1902 -13 47 0 0 1
0.133855 0.775463 700 0.13005 0.150098 6.64066 47.3878 -13 48 0 0 1
0.0228778 -0.00100442 700 -0.0287358 -0.0229644 13.2693 25.4519 -13 49 0 0 1
0.492176 -0.0141615 700 0.039174 -0.0917182 4.14083 84.1734 -13 50 0 0 1
-0.335281 -0.114749 700 0.0515183 0.120096 8.37111 41.8945 -13 51 0 0 1
-0.113272 -0.111107 700 -0.116766 0.00929493 8.18035 31.9632 -13 53 0 0 1
0.527012 -0.121422 700 -0.0976145 -0.0214823 2.43109 86.3063 -13 54 0 0 1
-0.0157831 0.0235682 700 0.0155962 0.0314572 10.3898 43.6761 -13 55 0 0 1
-0.0630996 -0.0113273 700 0.0457353 0.0589694 14.0592 26.906 -13 56 0 0 1
1.17028 1.75971 700 0.049276 0.0449956 0.0423766 29.2017 11 56 1001 0 1
0.0335808 0.0427338 700 0.0286882 0.00410589 9.78232 52.9925 -13 57 0 0 1
0.036238 -0.0873054 700 -0.0863268 0.0507644 8.21899 37.3866 -13 58 0 0 1
3.79664 0.00613733 700 0.00848641 0.00515619 0.0687609 31.9169 11 58 1001 0 1
0.0633357 -0.275543 700 -0.14156 0.132584 6.96583 52.6704 -13 59 0 0 1
-0.0983728 -0.0738724 700 -0.0741611 0.023009 8.2174 51.8936 -13 60 0 0 1
-0.663498 -4.22776 700 0.036014 0.0122193 0.0454016 46.9274 11 60 1001 0 1
0.140161 -0.0434068 700 -0.0261826 -0.0359097 13.944 33.5971 -13 61 0 0 1
-0.123566 -0.00345955 700 -0.00684895 -0.00359074 9.34713 39.5577 -13 62 0 0 1
0.0152714 0.0128164 700 0.00741196 -0.00113755 14.0033 46.2427 -13 63 0 0 1
-0.0792907 0.00725448 700 0.0900533 -0.0537426 8.86882 40.8535 -13 64 0 0 1
0.046474 0.148596 700 0.0923486 -0.0756239 5.04109 53.4287 -13 65 0 0 1
0.0270628 0.104948 700 0.0270682 0.0131992 7.36854 46.9613 -13 66 0 0 1
0.0538028 -0.00392425 700 0.0113282 -0.0255619 11.5162 34.3289 -13 67 0 0 1
-0.122322 -0.126288 700 -0.0641739 -0.0159316 10.6194 43.1207 -13 68 0 0 1
-0.179132 -0.264111 700 -0.0284268 0.0947792 5.34274 59.3685 -13 69 0 0 1
0.0715865 0.14815 700 0.0284904 0.00214513 11.1501 27.7356 -13 70 0 0 1
-0.0121651 0.0687798 700 0.0283006 0.0310875 11.6706 25.4245 -13 71 0 0 1
0.107523 -0.0952939 700 0.00141286 -0.0272562 10.3599 25.7436 -13 72 0 0 1
0.289829 -0.292781 700 -0.112325 -0.00981887 6.07176 62.2271 -13 73 0 0 1
-0.0467769 0.000655199 700 0.019494 -0.0106322 10.7131 38.1695 -13 74 0 0 1
0.174432 0.354531 700 -0.00511779 -0.0132013 7.76059 59.8682 -13 75 0 0 1
-0.0936452 -0.0689791 700 0.0335933 0.00874343 12.4792 45.7659 -13 76 0 0 1
0.229331 0.0202118 700 -0.00226537 -0.0939437 8.17654 56.5068 -13 77 0 0 1
-0.0413563 -0.0318321 700 0.0314683 -0.00696368 13.5452 32.2293 -13 78 0 0 1
-0.150324 -0.0632767 700 0.011475 0.0350185 12.6575 44.8985 -13 79 0 0 1
0.0343981 -0.0253963 700 -0.0332997 0.00245887 10.28 52.2585 -13 80 0 0 1
-0.0688926 0.115209 700 0.0178125 0.0461506 8.65219 51.8476 -13 81 0 0 1
-0.0126888 -0.184646 700 -0.0313057 -0.0113992 13.1996 42.2598 -13 82 0 0 1
-0.083594 -0.108964 700 -0.0584115 0.00397004 9.8452 44.3207 -13 83 0 0 1
0.477447 0.0477405 700 0.0384482 -0.0988291 6.27768 52.7664 -13 84 0 0 1
-0.0857755 -0.0227905 700 -0.0275562 0.0382017 13.6007 22.4434 -13 85 0 0 1
-0.0245822 0.0969433 700 0.106161 -0.0262609 7.92621 44.399 -13 86 0 0 1
0.366071 0.0184405 700 0.0692869 -0.066459 8.45387 37.8242 -13 88 0 0 1
0.182716 -0.0754743 700 -0.0356458 0.0229627 9.95386 36.0626 -13 89 0 0 1
0.134125 0.146597 700 -0.0320434 -0.0497466 6.65487 45.948 -13 90 0 0 1
0.128384 -0.108498 700 -0.068238 -0.0728273 7.13476 62.2327 -13 91 0 0 1
-0.218976 0.13676 700 -0.0104967 0.0799964 6.63368 65.0048 -13 92 0 0 1
0.805149 0.268436 700 -0.00133581 -0.239423 7.6603 58.3257 -13 93 0 0 1
0.104596 -0.303622 700 -0.0130105 0.00065132 5.62644 51.7513 -13 94 0 0 1
-0.092733 -0.0352215 700 0.023937 0.0423922 10.7513 35.1527 -13 95 0 0 1
0.0191528 0.027191 700 0.0158387 0.00737834 12.8561 34.739 -13 97 0 0 1
-0.381715 1.30505 700 0.430821 -0.116667 9.43171 34.5227 -13 98 0 0 1
2.96759 1.80095 700 -0.0150943 0.00426885 0.0854104 26.0694 11 98 1001 0 1
-0.0458345 0.0453618 700 -0.00464551 0.0235937 14.011 23.3181 -13 99 0 0 1
-0.245396 -0.218794 700 -0.0711425 0.103267 12.3084 21.475 -13 100 0 0 1
-0.59377 0.306046 700 0.131595 0.00489864 4.65548 68.0309 -13 101 0 0 1
-0.34723 -0.0311464 700 -0.0854046 0.0634374 9.95143 48.5236 -13 103 0 0 1
-0.0501947 -0.110659 700 -0.0146844 0.00155254 9.59618 39.1247 -13 104 0 0 1
0.112903 0.060044 700 -0.00905275 0.0237089 8.7891 35.1714 -13 105 0 0 1
-0.159814 -0.0173765 700 0.0171231 0.0370716 10.2983 52.4406 -13 106 0 0 1
0.00287555 0.000566708 700 0.00263592 -0.0222364 13.749 36.1679 -13 107 0 0 1
0.17294 0.154048 700 0.100666 0.0376315 7.25816 46.7719 -13 108 0 0 1
-0.00351286 0.0369353 700 -0.0276702 -0.0115092 13.568 19.3564 -13 109 0 0 1
-0.159236 0.82336 700 0.228427 0.0544994 5.43109 48.1269 -13 110 0 0 1
0.104648 0.103801 700 0.0260714 -0.0128177 9.82469 29.3201 -13 111 0 0 1
0.115239 0.0225644 700 0.0914637 -0.107447 7.65152 36.5507 -13 112 0 0 1
0.0202632 -0.019146 700 -0.00808772 0.0164599 11.9402 31.3723 -13 113 0 0 1
0.0486933 0.278521 700 0.0987927 0.0613722 8.03022 37.7574 -13 114 0 0 1
0.498001 0.454157 700 -0.152037 -0.40667 13.2176 38.7523 -13 115 0 0 1
-0.00940071 -0.0772037 700 -0.0176849 0.0364379 10.2781 53.6337 -13 116 0 0 1
-0.0652639 -0.283776 700 -0.0774419 -0.0229292 11.5556 26.9142 -13 117 0 0 1
0.184184 -0.330619 700 -0.013733 -0.111111 5.8021 47.5357 -13 118 0 0 1
0.0602786 0.114529 700 0.0657608 0.0340528 10.9601 42.6663 -13 119 0 0 1
0.304766 -0.275287 700 0.0401869 0.0124216 7.4828 47.2687 -13 120 0 0 1
0.00945837 0.202698 700 0.08798 0.00898138 7.94066 59.3424 -13 121 0 0 1
0.112416 -0.101908 700 -0.0352287 -0.0158124 8.97479 34.3348 -13 122 0 0 1
-0.225704 -0.134849 700 0.0381966 -0.0127144 4.94943 71.6954 -13 123 0 0 1
0.0515832 -0.0186548 700 -0.018312 -0.0627029 12.9923 34.7608 -13 124 0 0 1
0.0491287 0.0503636 700 0.0477361 -0.0446569 11.4526 48.5255 -13 125 0 0 1
0.208132 -0.33546 700 0.0798084 -0.218556 11.7193 46.5884 -13 126 0 0 1
0.0588213 -0.301836 700 -0.0253289 -0.0434061 9.59972 31.9921 -13 127 0 0 1
0.122135 0.159971 700 0.0460274 -0.070005 13.5001 28.4286 -13 128 0 0 1
0.158849 0.0396725 700 -0.0512732 -0.0535908 13.4887 31.5046 -13 129 0 0 1
-0.0187606 -0.170841 700 -0.0598932 -0.00561808 10.4527 46.3383 -13 130 0 0 1
-0.06189 -0.100422 700 0.0441483 0.0322734 9.1177 35.6352 -13 131 0 0 1
-0.411543 0.120255 700 0.251912 0.0259433 13.2391 41.5567 -13 132 0 0 1
0.0512197 0.13689 700 0.0808111 0.000867683 14.5103 36.4539 -13 133 0 0 1
0.213032 -0.338353 700 -0.114923 -0.0409059 7.23745 53.1837 -13 134 0 0 1
0.0361348 0.0033912 700 0.00313066 -0.0176596 13.344 23.3017 -13 135 0 0 1
0.0441692 -0.0885838 700 -0.0323941 -0.023711 12.9753 31.4053 -13 136 0 0 1
-0.277976 0.323748 700 0.0415724 0.054875 7.19983 38.6884 -13 137 0 0 1
0.0320373 -0.175102 700 -0.0252523 -0.0223634 4.4572 59.2384 -13 138 0 0 1
-0.101047 -0.0221901 700 -0.0225304 -0.0180105 11.4759 41.6717 -13 139 0 0 1
0.0652733 -0.0532422 700 0.000905519 -0.053866 14.1385 43.047 -13 140 0 0 1
0.0135153 0.0431978 700 -0.0167377 -0.00662623 13.8167 19.5039 -13 141 0 0 1
-0.0898361 -0.0743003 700 -0.0382862 0.0164859 13.745 30.1518 -13 142 0 0 1
-0.0925725 -0.316058 700 -0.0832334 0.00873332 11.0256 28.4839 -13 143 0 0 1
-0.0452705 -0.0474024 700 -0.0159694 0.0221654 14.3889 38.2979 -13 144 0 0 1
-0.0390344 0.107594 700 -0.0553776 -0.00300198 9.85917 50.8103 -13 145 0 0 1
0.208652 0.0703342 700 -0.00711632 -0.00306359 9.21593 37.862 -13 146 0 0 1
-0.0690716 0.0376164 700 0.0245669 0.00149071 11.2272 37.7396 -13 147 0 0 1
-0.106285 0.111579 700 0.0202565 0.0238761 7.34042 47.1261 -13 148 0 0 1
-0.0332671 -0.129217 700 0.0110093 0.0358458 6.98278 44.1768 -13 149 0 0 1
-0.0317596 -0.0315352 700 -0.0193442 -0.0050172 13.8438 38.914 -13 150 0 0 1
-0.273034 -0.0965062 700 0.0295344 0.025709 8.06243 34.4356 -13 151 0 0 1
0.0174277 -0.0280366 700 -0.0173337 -0.00752683 14.1303 42.2297 -13 152 0 0 1
0.266886 0.154719 700 -0.0107027 -0.0598018 13.6892 42.233 -13 153 0 0 1
-0.0744092 -0.21841 700 -0.0287138 -0.0037829 9.4444 43.7952 -13 154 0 0 1
-0.183786 -0.110547 700 -0.000904587 0.0942813 9.9352 50.5241 -13 155 0 0 1
0.164997 -0.0721888 700 -0.0317153 -0.0514326 11.9761 37.8539 -13 156 0 0 1
-0.0801435 0.0885525 700 0.0433714 -0.00856464 13.2391 28.3895 -13 157 0 0 1
0.634591 -0.223697 700 -0.122556 -0.151335 8.38316 39.9976 -13 158 0 0 1
2.04874 -1.40032 700 -0.00974159 0.034227 0.0418741 39.9129 11 158 1001 0 1
0.0246515 -0.0391684 700 0.00447487 0.0145732 14.334 40.6741 -13 159 0 0 1
-0.0966867 0.105495 700 0.0162663 -0.0355705 7.46968 42.0569 -13 160 0 0 1
-0.174146 0.116195 700 0.0398661 0.107385 14.1042 24.9878 -13 161 0 0 1
0.105851 0.103567 700 0.0430962 -0.0458735 9.72346 41.1134 -13 162 0 0 1
0.166277 -0.0687871 700 0.0445281 -0.00754153 9.72853 28.8329 -13 163 0 0 1
-0.0971471 0.130087 700 0.0316443 0.0321206 14.2185 38.04 -13 164 0 0 1
-0.110505 0.0604289 700 0.0346897 0.0155789 12.3359 45.1895 -13 165 0 0 1
0.184826 -0.21174 700 -0.0883939 -0.076076 11.0074 51.5779 -13 166 0 0 1
-0.0472994 0.145405 700 -0.0240825 -0.0958298 9.82607 30.4834 -13 167 0 0 1
0.0878273 0.0558018 700 0.00780068 0.00647171 11.4174 23.0895 -13 168 0 0 1
0.124828 0.0152706 700 0.0170548 -0.0561431 13.0601 45.8157 -13 169 0 0 1
-0.0448625 0.102911 700 0.0883198 -0.0411295 8.92106 47.0673 -13 170 0 0 1
0.0669808 0.0822599 700 -0.0107363 -0.0138802 14.507 39.5703 -13 171 0 0 1
-0.246426 -0.279787 700 -0.0217255 0.0954554 11.8495 35.9993 -13 172 0 0 1
-0.0800467 0.0569668 700 0.00117025 0.0387121 13.0422 20.6256 -13 173 0 0 1
0.0511736 -0.17231 700 -0.0298353 -0.0132208 9.73252 49.4637 -13 174 0 0 1
-0.0897646 -0.0120778 700 0.0308757 0.00896739 10.6645 26.2277 -13 175 0 0 1
0.409197 -0.430352 700 -0.134132 -0.123438 10.768 37.7349 -13 176 0 0 1
0.381252 -1.01609 700 -0.00365162 -0.0611407 3.08328 78.1691 -13 177 0 0 1
-0.251197 0.0703135 700 -0.12798 -0.0112882 5.52094 55.8606 -13 178 0 0 1
0.359863 -0.410092 700 -0.318349 -0.0131407 5.42412 61.0316 -13 179 0 0 1
-0.949338 0.189135 700 -0.135781 0.33145 7.10027 58.5117 -13 180 0 0 1
-0.167172 0.0332532 700 0.0957301 0.0242143 8.76314 55.0962 -13 181 0 0 1
0.0359123 -0.0340028 700 -0.0389729 0.0336598 9.24968 44.6546 -13 182 0 0 1
0.177998 -0.0292232 700 -0.00664527 -0.0681244 14.0238 23.5435 -13 183 0 0 1
0.164365 -0.0958754 700 0.0352372 -0.0889152 12.2611 25.3754 -13 184 0 0 1
0.26374 -0.35994 700 -0.0300608 -0.135056 11.5005 37.8468 -13 185 0 0 1
-0.127687 0.0293404 700 0.0432133 0.0425335 11.8699 50.4647 -13 186 0 0 1
-0.0610003 0.142365 700 0.0674722 0.0761438 4.64061 55.7076 -13 187 0 0 1
-0.0412839 0.0164424 700 -0.0574371 0.00699432 8.55004 45.8273 -13 188 0 0 1
-0.113326 0.0749052 700 0.0360133 -0.00941412 0.048769 45.8079 11 188 1001 0 1
-0.272871 -0.207996 700 -0.00806734 0.130639 5.74718 43.6957 -13 189 0 0 1
-0.694863 -1.68113 700 -0.013446 -0.00428398 0.0453182 42.1366 11 189 1001 0 1
0.0415495 -0.087787 700 -0.0363884 -0.034355 8.39363 35.5052 -13 190 0 0 1
-0.839297 -0.129477 700 -0.243053 0.17486 12.231 26.7217 -13 191 0 0 1
0.127555 0.178187 700 0.0263886 -0.0649017 12.0735 26.707 -13 192 0 0 1
0.136643 0.166497 700 -0.0209812 -0.0037555 10.3234 31.4255 -13 194 0 0 1
0.0483935 0.21952 700 0.0917958 0.00490731 10.8498 45.1717 -13 195 0 0 1
-0.0768797 -0.00848757 700 -0.0792581 0.0302373 11.6823 51.011 -13 196 0 0 1
-0.184428 0.0933215 700 0.0270552 0.0579489 12.2986 25.1118 -13 198 0 0 1
-0.0403636 -0.0373702 700 -0.0100136 0.0175836 12.9239 33.9544 -13 199 0 0 1
-0.00362435 -0.103805 700 -0.0214973 -0.00699995 11.5951 43.5395 -13 201 0 0 1
0.166059 0.166465 700 0.131172 -0.0358261 12.0068 41.9747 -13 202 0 0 1
-0.0340367 -0.0599195 700 -0.0387022 0.022073 14.4547 38.3436 -13 203 0 0 1
-0.0149384 0.104558 700 -0.128038 0.0411097 5.39763 54.2438 -13 204 0 0 1
-0.0713418 -0.0238245 700 -0.00357788 0.00529014 7.13879 46.0177 -13 205 0 0 1
-0.171695 -0.193047 700 -0.105263 0.0289342 9.23354 55.1782 -13 207 0 0 1
-0.058229 -0.0411816 700 -0.0176109 0.0222558 13.71 31.4413 -13 209 0 0 1
-0.190119 -0.67929 700 0.737914 -0.0422661 2.59117 101.476 -13 210 0 0 1
-0.0381214 0.331199 700 0.0964153 -0.077267 6.49108 53.1114 -13 211 0 0 1
-0.367642 -0.0850455 700 0.164714 0.202841 13.9354 19.5894 -13 212 0 0 1
0.182699 -0.0244181 700 0.043111 -0.0641211 8.94711 56.952 -13 213 0 0 1
0.0827737 -0.0222811 700 0.0144364 -0.0198398 9.78363 43.9023 -13 214 0 0 1
0.0846588 0.145211 700 0.0355984 -0.0144703 3.89323 74.0108 -13 215 0 0 1
-0.0301544 0.0905393 700 0.0916007 -0.00687577 9.88427 37.6585 -13 216 0 0 1
-0.359344 0.323484 700 0.13973 0.0592968 9.43627 39.6325 -13 217 0 0 1
0.04413 -0.228112 700 -0.0579545 0.0223406 5.07708 62.8557 -13 218 0 0 1
0.127688 -0.161999 700 -0.027001 -0.0484301 9.74346 36.0929 -13 219 0 0 1
0.115886 0.035943 700 0.0252288 -0.0449063 13.3205 30.8137 -13 220 0 0 1
-0.317289 -0.807008 700 -0.190659 0.132395 3.27197 77.3939 -13 221 0 0 1
-0.0123973 0.0192958 700 0.0425926 -0.0314094 8.91356 35.1318 -13 222 0 0 1
-0.180125 -0.170003 700 0.00280844 0.0314081 8.63053 32.4169 -13 223 0 0 1
0.230799 0.0340407 700 -0.0140674 0.0952934 6.0229 69.6322 -13 224 0 0 1
-2.60214 0.801564 700 0.00283173 0.0258125 0.0304396 69.4791 11 224 1001 0 1
-0.0289436 0.0407698 700 0.0176565 -0.00421294 12.3372 41.3719 -13 225 0 0 1
0.0646885 -0.131213 700 -0.0795262 -0.0146453 10.0764 43.9467 -13 226 0 0 1
-0.0782412 -0.0353767 700 -0.0708507 0.0642782 12.6131 39.773 -13 227 0 0 1
-0.0141877 0.0718712 700 -0.07193 0.0816016 13.4991 32.0766 -13 228 0 0 1
0.108104 0.106353 700 0.026283 -0.0319395 13.4322 29.6541 -13 229 0 0 1
-0.489605 0.202184 700 0.0370079 0.121895 11.945 22.5805 -13 230 0 0 1
0.153192 -0.0361167 700 -0.0662924 -0.0433597 8.99158 54.0588 -13 231 0 0 1
-0.237992 -0.0955683 700 -0.00115361 0.0541147 6.24369 58.6073 -13 232 0 0 1
-0.159026 0.117054 700 0.105479 -0.0626117 10.9566 50.9135 -13 233 0 0 1
0.0814006 0.0712759 700 0.0175123 -0.0268629 12.4825 23.2501 -13 234 0 0 1
0.19353 0.1754 700 -0.0710205 0.0329671 6.27647 62.8385 -13 235 0 0 1
-0.05832 0.263547 700 0.147466 -0.0336858 4.37185 74.8006 -13 236 0 0 1
5.63174 -0.550752 700 -0.0102061 -0.00229113 0.0325054 73.6856 11 236 1002 0 1
-0.0830857 0.0430449 700 0.0490213 0.0550057 8.34619 45.0072 -13 237 0 0 1
0.110736 -0.2392 700 -0.0733785 -0.0566306 9.41129 31.5616 -13 238 0 0 1
-0.00608675 0.135045 700 0.0438922 -0.0252829 12.7674 31.5089 -13 239 0 0 1
-0.0147157 -0.00242217 700 -0.0220797 -0.0140885 12.7463 25.2125 -13 240 0 0 1
0.0336723 0.003045 700 -0.0339997 -0.0693912 12.787 21.969 -13 241 0 0 1
-0.0114311 -0.358364 700 -0.127203 0.0890821 10.9166 39.4021 -13 242 0 0 1
0.063649 -0.018052 700 0.00445693 -0.0648043 13.7908 46.2264 -13 243 0 0 1
0.0320267 0.218998 700 -0.00420586 0.0372298 8.63959 52.4487 -13 244 0 0 1
0.137974 0.593221 700 0.216876 0.064528 12.9051 31.9668 -13 245 0 0 1
0.202196 0.04269 700 0.00414681 -0.0691811 8.06315 39.8996 -13 246 0 0 1
-0.076561 0.0304753 700 -0.00438642 0.00668249 11.6258 32.1561 -13 247 0 0 1
-0.106964 -0.0195699 700 -0.0145775 0.0398899 11.8198 48.8029 -13 248 0 0 1
0.0477904 0.0171262 700 0.00868376 -0.00922225 12.3331 31.2432 -13 249 0 0 1
-0.0221272 0.0760927 700 0.105834 0.0687531 10.2802 43.7735 -13 250 0 0 1
1.3785 -0.223415 700 -0.00243813 0.0492391 0.058463 43.2739 11 250 1001 0 1
0.0882805 -0.225383 700 -0.0210361 -0.0700022 8.28294 56.2932 -13 251 0 0 1
0.126079 0.0437528 700 0.0106987 -0.0153418 12.9698 27.0927 -13 252 0 0 1
0.27751 -0.0427735 700 0.118208 -0.0530371 11.9006 42.406 -13 253 0 0 1
0.164439 -0.212732 700 -0.0125819 0.0348189 8.30514 34.6852 -13 254 0 0 1
-0.0899243 0.0111075 700 0.00175997 0.00403801 12.0505 28.5812 -13 255 0 0 1
0.119612 0.3413 700 0.109889 -0.0971139 12.2343 21.3954 -13 256 0 0 1
0.169707 0.125135 700 0.0190583 -0.0250195 11.2788 33.5091 -13 257 0 0 1
0.0927204 0.21261 700 0.0548834 -0.0472656 11.7216 38.2613 -13 258 0 0 1
0.162181 0.0207067 700 -0.0172202 -0.0459656 14.4494 22.9712 -13 259 0 0 1
-0.0785666 0.051538 700 0.00627556 -0.0125974 14.2145 41.5818 -13 260 0 0 1
0.195855 -0.0205109 700 -0.0230858 -0.0585758 13.8385 33.3611 -13 261 0 0 1
0.0792404 -0.0844007 700 -0.0317214 -0.109282 12.9517 38.7907 -13 262 0 0 1
0.0661517 -0.0509333 700 0.00971451 -0.0432344 10.5231 31.4875 -13 263 0 0 1
0.538561 1.13017 700 0.198871 0.165606 3.14296 93.0015 -13 264 0 0 1
-0.0421615 -0.0343993 700 -0.00306544 -0.00592021 12.8046 43.4529 -13 265 0 0 1
0.152015 0.282121 700 0.0509915 -0.00452995 11.3146 46.7848 -13 266 0 0 1
0.00759367 0.0420933 700 0.0147589 0.0191371 14.0539 40.5355 -13 267 0 0 1
-0.234635 -0.110003 700 0.0205395 0.0613639 12.2496 26.214 -13 268 0 0 1
-0.0599417 0.31137 700 0.0419068 0.0539497 11.8971 33.0734 -13 269 0 0 1
0.496359 -0.386058 700 0.0804509 -0.114461 2.93794 102.292 -13 270 0 0 1
-0.230348 -0.14228 700 -0.0182853 0.0720344 7.23671 61.7076 -13 271 0 0 1
0.038084 0.0212995 700 0.0163147 -0.0125283 14.4542 27.4858 -13 272 0 0 1
0.0120996 -0.0506322 700 0.00852282 0.0440821 8.02794 41.3452 -13 273 0 0 1
-1.86198 -4.05495 700 0.0371538 0.00442925 0.0461458 38.1909 11 273 1001 0 1
0.290079 -0.0811344 700 -0.0546628 -0.109296 12.6042 47.0731 -13 274 0 0 1
0.0102253 0.194255 700 0.0681395 0.0037358 8.69893 48.2453 -13 275 0 0 1
0.173162 -0.796002 700 -0.00144364 -0.0324178 0.0480653 47.2735 11 275 1001 0 1
0.00895598 -0.0756976 700 0.0154717 0.0373123 11.5219 27.625 -13 276 0 0 1
0.02532 -0.066928 700 -0.0576175 -0.0287483 9.5628 51.1838 -13 277 0 0 1
-0.108932 0.463931 700 -0.0439462 -0.0132223 0.0436039 51.2185 11 277 1001 0 1
-0.0540473 -0.00530527 700 0.0129655 0.0277242 13.7523 31.1757 -13 278 0 0 1
0.115824 -0.0833715 700 -0.0343341 -0.053451 13.33 39.6042 -13 279 0 0 1
0.494515 -0.0555305 700 -0.10052 -0.206309 6.26894 45.8834 -13 280 0 0 1
-0.119991 -0.164874 700 -0.0156853 0.0653481 8.12508 50.7157 -13 281 0 0 1
0.0708532 -0.106448 700 -0.0263778 -0.00158303 9.50088 49.7069 -13 282 0 0 1
0.00301779 -0.0315078 700 -0.0232833 0.00276873 10.6894 30.7813 -13 283 0 0 1
0.142602 -0.0441589 700 -0.0134746 -0.0810424 7.16541 48.2275 -13 284 0 0 1
-0.618845 -0.207327 700 0.0415447 0.155277 2.6822 106.534 -13 285 0 0 1
0.0818294 -0.0518051 700 -0.0640223 0.054838 6.71975 62.841 -13 286 0 0 1
0.0844955 0.177164 700 -0.0303208 -0.0649531 10.8595 51.3541 -13 287 0 0 1
0.0700251 -0.0405423 700 -0.000372248 -0.0489458 11.9488 46.6068 -13 288 0 0 1
0.238944 -0.110061 700 -0.0410709 -0.0858916 9.37889 44.1406 -13 289 0 0 1
1.04707 -0.22832 700 -0.0156312 0.0258509 0.0731953 43.8234 11 289 1001 0 1
-0.105157 -0.163127 700 -0.0536184 0.0257578 9.03464 36.3527 -13 290 0 0 1
0.304773 -0.171743 700 -0.00245295 -0.00834656 6.85021 54.8523 -13 291 0 0 1
-0.012522 0.0581085 700 0.0238608 0.0410827 13.2649 22.3641 -13 292 0 0 1
-0.0466576 -0.0712936 700 -0.0228738 0.0525228 7.36339 62.8671 -13 293 0 0 1
0.0674065 -0.0267145 700 -0.0263667 -0.0296199 13.8185 47.9015 -13 294 0 0 1
-0.00115488 -0.25383 700 -0.191614 -0.0639385 7.18213 57.5084 -13 295 0 0 1
0.274776 0.0304479 700 0.00869869 0.0518478 5.9778 56.4601 -13 296 0 0 1
-0.376763 0.0640105 700 0.0551785 0.106531 11.9717 25.8866 -13 297 0 0 1
-0.0219349 0.0362724 700 -0.0229983 0.0172252 12.1767 33.5175 -13 299 0 0 1
0.130269 0.0266224 700 0.0743103 0.16131 2.87684 101.995 -13 300 0 0 1
0.136284 -0.199067 700 0.0157352 -0.0416301 8.19151 56.9547 -13 301 0 0 1
-0.406659 0.200356 700 0.0827149 0.17805 7.49637 49.1542 -13 302 0 0 1
0.0470911 0.153779 700 0.0889163 -0.0135051 11.6525 34.7019 -13 303 0 0 1
0.0304794 -0.0315607 700 0.0693545 0.0670399 7.62663 49.7071 -13 304 0 0 1
3.15251 -2.95709 700 -0.00879674 0.00117847 0.0492721 48.3354 11 304 1001 0 1
-0.0289574 -0.0423644 700 -0.0144163 0.00910734 11.0788 32.9341 -13 305 0 0 1
0.059213 0.0825665 700 0.0406512 -0.0270395 9.68901 41.3512 -13 306 0 0 1
0.336512 -0.889186 700 -0.325141 -0.0511356 4.22447 67.2097 -13 307 0 0 1
0.0463479 0.0628079 700 0.0119783 0.0341932 12.3809 27.0004 -13 308 0 0 1
-0.4116 -0.117601 700 -0.113261 0.0997884 9.53252 46.4819 -13 309 0 0 1
0.02035 -0.181952 700 -0.103128 -0.0117478 5.61103 53.1909 -13 310 0 0 1
-0.0492301 -0.130211 700 -0.0535413 -3.74353e-05 13.9755 35.3491 -13 311 0 0 1
0.0325419 0.00422924 700 -0.0088175 -0.00186624 12.1516 27.8501 -13 312 0 0 1
-0.0257412 0.0137794 700 -0.0559767 0.00543577 13.0416 21.3304 -13 313 0 0 1
0.11564 -0.0350388 700 -0.0436386 -0.0703144 13.788 20.0534 -13 314 0 0 1
0.0612048 0.111946 700 0.0383337 0.0128789 0.0287168 20.3174 11 314 1002 0 1
-0.132149 -0.0241476 700 0.00548191 0.0330281 11.6153 25.6226 -13 315 0 0 1
-0.028577 0.119911 700 0.000496189 -0.0655074 9.06942 34.2086 -13 316 0 0 1
-0.457545 0.4776 700 -0.032181 0.0112415 1.51734 106.115 -13 317 0 0 1
-0.0427747 -0.0365116 700 0.0998646 -0.0974966 6.05823 46.4952 -13 318 0 0 1
-0.0759005 -0.164227 700 -0.0353938 0.0199307 13.8079 24.2132 -13 320 0 0 1
0.126023 -0.0384789 700 0.0442166 -0.0244247 9.98117 30.8383 -13 321 0 0 1
0.0996566 0.115836 700 0.0226998 -0.0150673 12.7415 25.6772 -13 322 0 0 1
0.073992 -0.300608 700 -0.0234805 -0.0579039 6.03064 48.2335 -13 323 0 0 1
0.182741 -0.273839 700 -0.0447625 -0.0494034 11.434 48.9284 -13 325 0 0 1
0.00830134 0.0308383 700 0.0180522 -0.0167897 10.6995 43.9671 -13 326 0 0 1
-0.0486105 -0.100678 700 -0.0317677 -0.00160817 12.4458 33.4623 -13 327 0 0 1
-0.295907 -0.589654 700 -0.158111 0.161417 3.98479 79.2901 -13 328 0 0 1
0.0183814 -0.230285 700 -0.0452582 -0.0521239 11.9733 43.3905 -13 329 0 0 1
-0.28054 -0.182122 700 -0.212085 0.0197019 8.91156 36.2857 -13 330 0 0 1
0.187012 -0.138355 700 -0.0691278 -0.0638144 5.47018 45.5545 -13 331 0 0 1
0.365858 -0.185718 700 -0.218277 0.236493 4.74105 56.564 -13 332 0 0 1
-0.157434 0.0486026 700 -0.00831855 0.0501627 9.80211 36.8627 -13 333 0 0 1
-1.14907 -1.60738 700 0.0391945 0.0135575 0.0329313 37.4774 11 333 1001 0 1
-0.14074 0.0443536 700 0.0422549 0.0800392 12.8514 22.3957 -13 334 0 0 1
0.222296 0.177427 700 0.0325025 -0.0502876 14.2467 39.0417 -13 335 0 0 1
-0.105083 -0.265614 700 0.0261639 0.0650593 5.65265 57.3927 -13 336 0 0 1
-0.037489 -0.0230651 700 -0.0229486 0.031523 13.7324 36.933 -13 337 0 0 1
0.00698009 -0.0564046 700 0.0246937 0.00121498 9.63879 50.6601 -13 338 0 0 1
0.30106 0.000221547 700 -0.0338817 -0.170376 9.31383 55.7109 -13 339 0 0 1
-0.0575078 -0.0318363 700 0.0256594 0.00331808 12.455 47.9495 -13 341 0 0 1
0.154512 -0.0829864 700 -0.036988 -0.0473306 13.2397 25.588 -13 344 0 0 1
-0.0317099 -0.796443 700 -0.185658 -0.0305813 9.6346 26.7886 -13 345 0 0 1
-5.21133 -2.90356 700 0.0301412 0.0192985 0.0425683 30.2836 11 345 1002 0 1
-0.0287887 -0.0500325 700 0.00775625 0.0468918 13.4516 34.0573 -13 346 0 0 1
-0.0919898 0.0357659 700 0.0393569 -0.00518606 12.1019 35.5917 -13 347 0 0 1
0.0181846 0.0955517 700 0.0612468 -0.0335181 13.7817 44.8553 -13 348 0 0 1
-0.171627 -0.36803 700 -0.164568 0.0981742 7.07149 49.4072 -13 349 0 0 1
-0.269279 -0.0136387 700 0.0378978 0.0640821 7.73082 55.5314 -13 350 0 0 1
2.45529 -1.56642 700 -1.02542 0.186652 4.17128 64.1816 -13 351 0 0 1
0.0909937 -0.344003 700 0.00458631 -0.175759 4.02874 70.0429 -13 352 0 0 1
0.202047 -0.149485 700 -0.0777421 -0.0817304 10.8419 50.577 -13 354 0 0 1
-0.902476 -0.36089 700 -0.0829712 -0.16164 2.72336 94.7608 -13 355 0 0 1
-0.119556 -0.310912 700 -0.0627236 0.0863314 9.75623 53.6399 -13 356 0 0 1
-0.045046 0.198979 700 -0.0330918 -0.0125259 10.6228 51.0471 -13 357 0 0 1
5.83332 2.42342 700 0.0268257 0.0389773 0.03907 54.2921 11 357 1002 0 1
0.182155 -0.0943805 700 -0.0791013 -0.0641001 10.8755 40.6734 -13 358 0 0 1
0.0479171 -0.0136364 700 0.0164558 -0.00425117 11.7891 27.715 -13 359 0 0 1
-0.0104049 0.0557465 700 0.0312222 0.00631253 13.5028 40.4135 -13 360 0 0 1
0.00955942 -0.324022 700 -0.0358198 -0.00670846 3.54781 69.9662 -13 361 0 0 1
-0.104844 0.0208464 700 0.00884577 0.0628146 8.73965 29.6622 -13 362 0 0 1
0.107052 -0.0512098 700 0.0611635 -0.0558921 12.1617 49.2601 -13 363 0 0 1
-0.0187323 -0.0554771 700 -0.0185405 0.0185091 14.4478 22.4446 -13 364 0 0 1
0.102832 0.038823 700 0.0213129 -0.0142609 11.8428 26.1781 -13 365 0 0 1
0.0774202 -0.0731833 700 -0.0312277 -0.0691333 7.87417 32.74 -13 366 0 0 1
-0.225862 0.173816 700 0.0552191 0.0627969 11.7097 46.2452 -13 367 0 0 1
-0.0343572 -0.348796 700 -0.103138 0.00626276 5.94865 60.6232 -13 368 0 0 1
0.0395259 -0.0347022 700 -0.0310031 -0.0450892 6.43421 42.4476 -13 370 0 0 1
0.0615453 -0.161991 700 -0.19334 -0.0939155 14.5197 35.3122 -13 371 0 0 1
-0.230596 -0.264096 700 -0.0593544 0.0906601 14.197 27.1109 -13 373 0 0 1
-0.0346273 0.44208 700 0.154869 -0.153079 4.90196 55.6061 -13 374 0 0 1
0.0196417 0.024721 700 0.00097652 0.00484467 13.3691 40.9978 -13 375 0 0 1
0.392284 0.469374 700 0.125109 0.318526 6.58228 50.5552 -13 376 0 0 1
-0.108864 -0.0859958 700 -0.0134569 0.0360314 10.5068 34.1254 -13 377 0 0 1
-0.177314 -0.164379 700 0.0265369 -0.0555613 7.38673 36.8429 -13 379 0 0 1
-0.265481 0.239927 700 0.067902 0.106429 10.7064 28.8993 -13 380 0 0 1
-0.0876593 0.135057 700 0.0124194 0.0219406 7.78113 44.713 -13 381 0 0 1
0.135866 -0.0780298 700 -0.0264862 -0.0543021 13.3963 31.571 -13 382 0 0 1
-0.16491 -0.194045 700 -0.0682409 0.114352 14.0994 32.5924 -13 384 0 0 1
-0.045434 0.0656813 700 0.0215524 -0.0182055 14.4585 26.8714 -13 386 0 0 1
-0.0231732 -0.144408 700 -0.0383261 -0.0135151 14.4272 35.5497 -13 387 0 0 1
0.200523 0.235935 700 0.057245 -0.0319965 9.33891 50.6083 -13 388 0 0 1
-0.0838441 0.140609 700 0.0121976 0.079568 13.4383 37.5559 -13 389 0 0 1
-4.0815 2.20936 700 0.00700446 0.0204942 0.0641392 40.1418 11 389 1001 0 1
-0.385129 0.178671 700 0.0570257 0.121774 10.311 33.7573 -13 390 0 0 1
0.0469803 -0.181328 700 -0.0707492 -0.0237034 8.66749 57.1842 -13 391 0 0 1
-0.444096 -0.418818 700 -0.0343376 0.177012 8.11579 58.1655 -13 392 0 0 1
-0.719834 -0.0691527 700 -0.0834213 0.166615 3.78435 65.089 -13 393 0 0 1
-0.385764 -0.262429 700 -0.0183933 -0.00100603 0.0275139 64.7671 11 393 1002 0 1
-0.759927 2.8535 700 0.565005 0.388234 3.61883 72.5857 -13 394 0 0 1
0.342879 -0.342579 700 -0.0170289 -0.151678 14.1006 27.0629 -13 395 0 0 1
2.10336 -2.27101 700 -0.015079 0.000363804 -0.0357316 34.6418 11 395 1001 0 1
0.0665502 -0.00268039 700 0.00291337 -0.0224667 7.05446 51.4865 -13 396 0 0 1
-0.00299167 -0.032593 700 0.030237 0.0204303 14.4967 25.08 -13 397 0 0 1
0.03758 0.0258236 700 -0.00873699 -0.0188145 13.3026 26.5429 -13 398 0 0 1
-0.0354685 -0.0240127 700 -0.0148062 0.0431697 12.6143 23.6149 -13 399 0 0 1
-0.142754 -0.0859629 700 -0.057741 0.0401769 11.6426 33.241 -13 400 0 0 1
-0.116531 0.142264 700 0.0195919 0.0254469 11.1745 35.9616 -13 401 0 0 1
0.200747 0.44725 700 0.0991354 -0.0128651 7.29705 35.8604 -13 402 0 0 1
-0.0544932 0.30995 700 0.0850107 0.0385132 5.68916 63.443 -13 403 0 0 1
-0.014782 0.0536683 700 0.00213934 0.0356506 14.3916 26.2252 -13 404 0 0 1
0.0119127 0.107683 700 0.212453 0.0194093 12.7752 37.0762 -13 405 0 0 1
3.51961 -0.541948 700 -0.0135187 0.0609222 0.0693161 36.0975 11 405 1001 0 1
0.198681 -0.0319968 700 0.034942 -0.100579 7.08814 50.3322 -13 406 0 0 1
0.106442 0.277616 700 -0.0106121 0.106269 4.6688 75.8165 -13 407 0 0 1
-0.172867 0.0504836 700 -0.0467913 0.00840128 10.8555 44.8054 -13 408 0 0 1
0.636579 -2.42305 700 0.0361009 0.025611 0.0420888 46.8253 11 408 1001 0 1
-0.0819901 -0.121285 700 0.0373928 0.0988851 12.1979 24.3967 -13 409 0 0 1
0.0345226 -0.430175 700 -0.0706804 -0.00494961 7.17409 45.0046 -13 410 0 0 1
-0.0704442 -0.0694536 700 0.0920779 0.094893 6.81456 41.7218 -13 411 0 0 1
0.0591502 0.229402 700 0.049164 -0.0598787 7.23046 39.1568 -13 412 0 0 1
0.635595 -0.0480152 700 -0.117327 -0.215761 5.57303 44.776 -13 413 0 0 1
-0.073299 -0.0482238 700 0.0285514 -0.022695 9.81528 32.3222 -13 414 0 0 1
0.141653 -0.0084609 700 0.00376913 -0.0927689 8.2401 37.5239 -13 415 0 0 1
-0.206288 0.0194868 700 0.00361748 -0.0131538 12.6176 34.0267 -13 416 0 0 1
-0.082611 0.66948 700 0.23151 0.0103776 6.4304 44.3746 -13 417 0 0 1
-0.196279 -0.205927 700 -0.0709904 0.0909957 9.94882 51.712 -13 418 0 0 1
-1.84878 1.12705 700 -0.0247936 0.0219242 0.0592799 48.7409 11 418 1001 0 1
0.124877 -0.0215421 700 -0.0782798 0.110527 7.66499 46.5458 -13 419 0 0 1
0.207579 -0.00118435 700 0.0373736 -0.122262 12.473 30.36 -13 420 0 0 1
-0.00446512 0.0457643 700 -0.00931116 -0.0325596 13.2003 24.1353 -13 421 0 0 1
-0.297893 0.365854 700 0.141698 0.171098 7.01968 39.4197 -13 422 0 0 1
-3.317 0.530926 700 -0.0235615 0.0243678 0.0288213 38.7257 11 422 1001 0 1
-0.0579315 -0.369042 700 -0.0304233 0.120406 9.31805 37.0015 -13 424 0 0 1
-0.520365 -0.0424408 700 -0.0263257 0.170309 5.02068 77.473 -13 425 0 0 1
-0.671158 0.218549 700 -0.00150927 -0.00639932 0.00934868 77.4118 11 425 1003 0 1
0.068279 0.105375 700 0.0148229 -0.0551346 4.93402 73.3837 -13 426 0 0 1
0.170407 0.0377969 700 0.00736062 -0.0568406 10.8034 49.1849 -13 427 0 0 1
-0.126351 -0.187216 700 -0.0653231 -0.00685866 6.99133 43.9091 -13 428 0 0 1
-0.0408448 0.482918 700 0.0815101 -0.0849775 7.7716 45.2627 -13 429 0 0 1
-0.0190641 -0.0209076 700 0.0177192 -0.0147526 9.92394 35.7612 -13 430 0 0 1
-0.207975 0.164975 700 0.0590375 0.0808898 10.8322 33.319 -13 431 0 0 1
-0.0269002 -0.0396633 700 0.0260917 0.0515586 9.94361 43.5197 -13 432 0 0 1
0.0206039 -0.104595 700 -0.0289201 -0.0264369 11.0256 48.1615 -13 433 0 0 1
-0.0518541 0.0019111 700 -0.0093014 0.0263595 13.6992 29.9479 -13 434 0 0 1
-0.337025 0.078128 700 0.0746243 0.0697011 11.3759 37.215 -13 435 0 0 1
-0.225748 -0.0680114 700 0.0406091 0.0170246 11.2117 29.3279 -13 436 0 0 1
0.0216983 -0.0246093 700 -0.013482 0.00381091 10.6971 34.9547 -13 437 0 0 1
0.0604447 -0.0647137 700 0.00397538 -0.0551968 11.1184 39.1714 -13 438 0 0 1
-0.232347 -0.141631 700 -0.046912 0.0722981 11.9426 49.7885 -13 439 0 0 1
0.100945 -0.170994 700 -0.0584105 -0.0222472 8.84559 49.4169 -13 440 0 0 1
-0.200579 0.00495534 700 -0.0461082 0.0260386 11.3882 36.3881 -13 441 0 0 1
-0.00323122 -0.490207 700 -0.106123 -0.0779954 3.73536 63.5903 -13 442 0 0 1
-0.167493 -0.0118778 700 0.0982067 -0.0232304 7.55138 58.6988 -13 443 0 0 1
0.0778893 0.104592 700 0.0463577 0.0563269 11.3788 33.0613 -13 444 0 0 1
0.191855 0.0586974 700 0.108593 -0.0500747 7.95351 57.1968 -13 445 0 0 1
-1.43013 0.110977 700 -0.0175847 -0.0349346 0.0322905 56.8345 11 445 1001 0 1
0.0357068 0.0282149 700 0.0134469 -0.0393097 13.3925 45.7562 -13 446 0 0 1
0.12974 -0.0515131 700 0.0205771 -0.0159249 11.5754 33.9939 -13 447 0 0 1
0.137151 -0.293676 700 -0.121478 0.00912237 9.79758 29.3518 -13 448 0 0 1
0.211431 0.0626012 700 0.0517795 -0.0553615 8.1465 35.4589 -13 449 0 0 1
0.11842 -0.118654 700 0.00603971 -0.0131658 12.3395 49.8314 -13 450 0 0 1
-0.0421104 0.244775 700 0.0263888 0.0153687 7.83675 52.5167 -13 451 0 0 1
0.260896 0.0632259 700 0.0166854 -0.112629 11.8554 47.8934 -13 452 0 0 1
0.0486526 -0.0988943 700 -0.0308699 -0.0218643 12.9732 47.4674 -13 453 0 0 1
0.0845601 -0.0673231 700 0.000463058 -0.032848 9.51616 35.7061 -13 454 0 0 1
0.875987 2.40389 700 0.00524819 0.0357284 0.0350327 36.2002 11 454 1001 0 1
0.0107823 0.00659517 700 0.0184827 0.0604593 13.9929 22.1073 -13 456 0 0 1
-0.0101736 0.0660362 700 0.0860302 -0.049294 9.43828 28.3634 -13 457 0 0 1
-0.133719 0.270403 700 0.0889175 -0.0137584 11.5903 48.5925 -13 458 0 0 1
0.118793 -0.0219835 700 0.028556 -0.0248233 7.97154 40.2216 -13 459 0 0 1
0.0363642 -0.0457483 700 -0.00938866 0.0227657 10.5689 27.0527 -13 460 0 0 1
-0.0894971 0.0575791 700 -0.00110863 0.0249448 13.4465 44.9379 -13 461 0 0 1
0.202562 0.0298865 700 0.0216438 -0.0742358 13.6743 44.8282 -13 462 0 0 1
0.068385 -0.0982398 700 -0.02438 -0.00852701 7.66943 44.8894 -13 463 0 0 1
-0.123544 0.571306 700 0.280265 0.19111 3.58839 90.9368 -13 464 0 0 1
-0.09996 -0.0433024 700 -0.0270167 0.113638 9.8797 31.1785 -13 465 0 0 1
-0.107281 0.143532 700 -0.0295278 0.0147546 7.37152 35.6874 -13 466 0 0 1
0.0270162 -0.211858 700 -0.0533877 -0.0603727 14.0399 21.4539 -13 467 0 0 1
-4.26773 -3.23867 700 0.0124023 0.0550332 0.0282087 28.7399 11 467 1001 0 1
0.133381 0.000152384 700 -0.0181756 -0.0446674 8.79967 39.1024 -13 468 0 0 1
0.291881 -0.217181 700 -0.00678559 -0.117929 4.74307 68.1916 -13 469 0 0 1
0.00708567 0.236952 700 0.187779 0.0105743 6.34349 41.6207 -13 470 0 0 1
0.105187 0.0416058 700 -0.00541784 -0.00862991 9.95068 45.6577 -13 472 0 0 1
0.590736 -1.25492 700 -0.0102133 0.0058949 0.0868902 40.9577 11 472 1001 0 1
0.105196 -0.660356 700 -0.170546 -0.00505317 5.32547 47.9671 -13 473 0 0 1
-0.493578 -0.128839 700 -0.0693862 0.15117 8.22918 45.8365 -13 474 0 0 1
-0.0250852 -0.0724643 700 -0.0400706 0.0191884 11.7882 31.9164 -13 475 0 0 1
0.000949366 0.1787 700 0.102071 0.000583132 7.82981 33.1569 -13 476 0 0 1
0.0623215 0.0385037 700 0.01203 0.0144684 9.48327 42.7997 -13 477 0 0 1
-0.135584 -0.309542 700 -0.0948621 0.0764708 9.74392 28.9272 -13 478 0 0 1
-0.239386 -0.11135 700 -0.0427397 -0.0850279 5.31977 49.0508 -13 479 0 0 1
0.0456459 -0.183139 700 0.0239076 0.00364131 10.6989 40.8638 -13 480 0 0 1
-0.29632 -0.276017 700 -0.13596 0.161211 8.96348 42.5684 -13 481 0 0 1
0.000962 -0.0417605 700 0.0124677 0.0748316 6.50271 67.3689 -13 482 0 0 1
0.000690146 0.00695186 700 0.00605782 -0.00615864 14.0418 47.3688 -13 483 0 0 1
-0.0797423 -0.035754 700 -0.0114179 0.117371 7.43844 47.73 -13 484 0 0 1
-0.0322807 -0.178805 700 -0.0634538 0.0249195 11.3363 26.0298 -13 485 0 0 1
-0.556779 -0.152037 700 -0.0338273 0.132964 7.30318 42.0786 -13 486 0 0 1
0.0795744 0.0110905 700 -0.00824322 -0.0508586 13.0151 37.7858 -13 487 0 0 1
0.74526 -0.0723491 700 0.0205957 -0.306965 5.25113 67.0512 -13 488 0 0 1
5.12563 -1.6174 700 -0.00124957 0.032882 0.0230568 66.2832 11 488 1003 0 1
-0.0132059 0.0216864 700 -0.0411667 -0.0175445 13.8869 23.2514 -13 489 0 0 1
-0.934235 0.00820167 700 0.0589544 0.0165421 3.58125 67.9218 -13 490 0 0 1
-0.101503 0.15441 700 0.106928 0.0441952 7.50817 58.067 -13 491 0 0 1
0.25364 -3.40032 700 -0.024738 -0.0107707 0.0549702 55.4561 11 491 1001 0 1
-0.0923353 -0.0407562 700 -0.0419027 -0.00163599 13.9321 22.5946 -13 492 0 0 1
-0.145892 -0.0110595 700 -0.00352184 0.0106302 12.4267 45.3512 -13 493 0 0 1
-0.118185 -0.111017 700 -0.0537093 0.019579 12.9586 43.2557 -13 494 0 0 1
-0.0841705 0.0966004 700 0.015133 0.0542906 14.4471 19.1491 -13 495 0 0 1
0.118899 0.000499093 700 0.0907789 -0.0774862 10.7132 30.7458 -13 496 0 0 1
-0.16472 0.0209721 700 -0.016128 0.0311517 14.0522 19.3054 -13 497 0 0 1
0.111554 0.0774935 700 0.0103074 -0.0290096 13.5446 35.2645 -13 498 0 0 1
-1.3761 -0.706226 700 -0.00359999 -0.0137666 0.131021 27.305 11 498 1002 0 1
-0.283307 -0.0514044 700 0.0301522 0.117748 11.9418 37.0551 -13 499 0 0 1
0.208551 0.230865 700 0.0499269 -0.066114 12.654 33.483 -13 500 0 0 1
0.0851651 0.0309547 700 -0.00975859 -0.0485567 10.8762 33.5729 -13 501 0 0 1
-0.0707804 -0.0578447 700 -0.00161673 -0.0177399 14.4316 22.9983 -13 502 0 0 1
0.0191349 -0.150569 700 -0.00340355 0.0173428 10.2275 30.5951 -13 503 0 0 1
-0.0085568 0.0174489 700 -0.0142044 -0.0304532 11.1706 39.6825 -13 504 0 0 1
-2.60963 0.0845082 700 0.200464 0.424169 3.17918 85.8938 -13 505 0 0 1
-0.0156154 -0.228093 700 -0.0229543 -0.0569856 8.65933 37.0712 -13 506 0 0 1
0.0793287 -0.171215 700 -0.0607108 -0.0361668 12.4563 32.3201 -13 507 0 0 1
0.0442233 0.0062166 700 0.0137493 -0.0320291 11.4237 47.7988 -13 508 0 0 1
-2.11453 6.23767 700 0.00103148 -0.00696587 -0.0449904 62.5186 11 508 1001 0 1
0.0670808 0.0984251 700 0.0266273 0.0594268 8.16488 51.2768 -13 509 0 0 1
0.252855 -0.107487 700 0.0715128 -0.227764 10.5295 34.0272 -13 510 0 0 1
-0.0794634 0.0177493 700 -0.00686775 0.0315309 10.4213 27.4277 -13 511 0 0 1
-0.139115 -0.0188857 700 -0.0357468 0.0254751 12.8852 37.7602 -13 512 0 0 1
0.0798928 0.0740235 700 -0.0219193 -0.0279716 13.3276 19.9288 -13 513 0 0 1
0.203565 -0.154622 700 0.035335 -0.159272 7.92944 37.3022 -13 514 0 0 1
0.0112055 0.127676 700 0.0399696 -0.0074612 10.2084 48.5401 -13 515 0 0 1
-0.208625 0.176222 700 0.0244648 0.0828903 3.74028 71.713 -13 516 0 0 1
0.146764 -0.0276258 700 -0.12426 -0.00820114 8.17005 33.7583 -13 517 0 0 1
0.0897236 -0.0485513 700 0.355286 0.0748603 12.3595 25.7392 -13 518 0 0 1
0.18717 -0.347292 700 -0.0773184 -0.0557649 11.6461 40.5936 -13 519 0 0 1
-0.0964086 -0.0179732 700 -0.020309 0.0449126 11.6222 39.0529 -13 520 0 0 1
-0.0152915 -0.0623384 700 0.0220022 -0.00503221 12.9456 31.2218 -13 522 0 0 1
-0.0432088 0.00515043 700 0.0149173 0.00372057 13.5756 34.8685 -13 523 0 0 1
-0.0430651 -0.247976 700 -0.177121 0.239316 3.59743 89.5813 -13 524 0 0 1
0.293626 -0.0595789 700 -0.0359259 -0.0719716 9.70044 33.2405 -13 525 0 0 1
0.0231289 -0.177014 700 -0.0120367 -0.0491743 11.6934 41.4788 -13 526 0 0 1
-0.666205 -0.448227 700 -0.124397 0.177929 2.6849 106.191 -13 527 0 0 1
-0.114867 -0.166315 700 -0.0651162 0.0387573 12.4296 36.5064 -13 528 0 0 1
-0.0832782 0.289199 700 -0.0127799 -0.0374863 0.0711783 36.4467 11 528 1001 0 1
-0.0286561 0.0320028 700 -0.0340999 0.0282249 11.2694 45.4225 -13 529 0 0 1
-0.0569181 -0.123541 700 -0.0313383 -0.0216391 8.28871 52.9392 -13 530 0 0 1
-0.101127 0.0726722 700 0.00816798 0.0899694 12.9476 33.4266 -13 531 0 0 1
-0.347705 0.162287 700 -0.197292 0.253722 13.7266 47.6621 -13 532 0 0 1
-0.0398157 -1.58608 700 0.0366941 -0.0367459 0.10735 43.9438 11 532 1001 0 1
-0.63476 0.0709096 700 -0.0366482 0.224715 9.0478 50.8752 -13 533 0 0 1
0.014662 -0.0765433 700 -0.0632766 -0.0675728 9.14443 50.922 -13 534 0 0 1
-0.109187 -0.0580434 700 -0.0347538 -0.00930936 9.83912 28.4089 -13 535 0 0 1
0.0724691 0.121809 700 0.0382071 -0.0230175 13.034 28.7513 -13 536 0 0 1
0.641222 -0.476238 700 -0.495563 0.183313 4.2326 70.2175 -13 537 0 0 1
0.0693324 0.0835928 700 0.0252534 -0.0256541 14.4694 35.9342 -13 538 0 0 1
-0.0128156 0.196322 700 0.0974883 -0.0199976 11.2746 28.2542 -13 539 0 0 1
-1.44197 -4.84396 700 0.0069656 -0.0217116 0.0570434 28.6857 11 539 1002 0 1
-0.0681206 0.069061 700 0.0265704 0.0191846 11.2355 48.1386 -13 540 0 0 1
0.0334613 0.133382 700 0.0269548 0.0145388 7.28693 55.8891 -13 541 0 0 1
-0.100416 -0.0495266 700 -0.0666111 -0.0905152 12.7863 23.6891 -13 542 0 0 1
0.228958 -0.10978 700 -0.12095 -0.0960342 8.49107 42.2336 -13 543 0 0 1
0.126352 -0.289494 700 -0.054988 -0.0240354 13.7287 46.517 -13 544 0 0 1
0.0240593 -0.615504 700 -0.240265 -0.0288458 4.77893 76.5296 -13 545 0 0 1
0.247892 0.0171247 700 0.0331493 -0.08459 6.60405 57.2284 -13 546 0 0 1
-0.0116147 0.0657804 700 -0.00317673 0.000113307 10.6565 43.3036 -13 547 0 0 1
-0.168696 0.0510737 700 0.0128446 0.0157674 9.84711 44.7388 -13 548 0 0 1
0.128657 -0.0229479 700 -0.0280001 -0.0179723 9.60973 51.8741 -13 549 0 0 1
0.109014 0.23452 700 0.0852314 -0.101631 8.5763 45.8342 -13 550 0 0 1
-0.0508591 0.0140852 700 -0.0655897 0.00548858 10.5736 29.6812 -13 551 0 0 1
-0.021099 -0.0914044 700 -0.0756535 -0.0113094 11.3132 32.4985 -13 552 0 0 1
-0.192989 -0.321766 700 -0.167372 0.0849698 7.88914 43.4952 -13 553 0 0 1
-0.241167 0.0608754 700 0.176206 -0.0627468 4.73018 51.6724 -13 554 0 0 1
0.339394 -0.248607 700 -0.0615998 -0.103872 7.9337 58.9269 -13 555 0 0 1
-0.0956799 -0.251945 700 -0.0537569 0.0903261 5.95007 61.68 -13 556 0 0 1
-0.102783 0.0522561 700 0.00483168 0.049489 13.5579 25.2689 -13 557 0 0 1
-0.113224 0.0393325 700 -0.0446296 0.0246932 10.9277 51.3826 -13 559 0 0 1
0.00477956 -0.00655099 700 -0.0246527 -0.0240737 13.597 19.5126 -13 560 0 0 1
0.182323 0.316242 700 0.214589 -0.0184448 5.08483 74.2972 -13 561 0 0 1
-0.00652135 -0.174963 700 -0.0579608 -0.0336775 11.04 26.5657 -13 562 0 0 1
-0.0876839 -0.142913 700 -0.00545535 0.039892 12.104 36.3077 -13 563 0 0 1
-0.011672 -0.274475 700 -0.0775269 0.0626335 10.5538 52.1143 -13 564 0 0 1
0.0327514 0.0192865 700 -0.0264247 -0.0214091 14.2199 23.3434 -13 565 0 0 1
0.0178302 0.0025496 700 0.0147225 0.0655162 9.40572 38.5724 -13 566 0 0 1
0.0957392 -0.0713145 700 -0.0460244 -0.0297946 10.5486 35.4953 -13 567 0 0 1
-1.35969 0.182641 700 0.170243 0.377882 11.8459 47.414 -13 568 0 0 1
0.04523 -0.279144 700 -0.107824 -0.00549373 13.5426 30.0022 -13 569 0 0 1
-0.082726 0.15077 700 0.0749991 -0.014313 11.0856 48.5513 -13 570 0 0 1
0.0619332 -0.0351658 700 -0.0387948 -0.02105 12.6307 33.5543 -13 571 0 0 1
0.18518 0.0610791 700 -0.00042239 -0.0431824 9.82699 37.8698 -13 572 0 0 1
-0.135325 -0.064986 700 -0.0401456 0.0363924 6.53425 50.7401 -13 573 0 0 1
-0.18388 -0.00297934 700 0.00284729 0.0322322 13.7358 27.2703 -13 574 0 0 1
0.152131 0.193125 700 -0.0154551 -0.0532081 7.01139 54.012 -13 575 0 0 1
0.146776 0.0628819 700 0.0168598 -0.0828754 10.5962 42.8761 -13 576 0 0 1
0.01088 -0.0189591 700 -0.0224377 0.0236904 13.3883 21.6571 -13 577 0 0 1
0.690003 -0.594463 700 -0.131137 -0.15417 8.34812 41.1823 -13 578 0 0 1
0.165433 0.08245 700 0.0119089 -0.059585 13.948 34.3224 -13 579 0 0 1
0.024785 -0.0184082 700 -0.00585333 0.0239534 12.7512 27.7457 -13 580 0 0 1
0.0162895 0.123179 700 0.0656663 -0.00419209 11.0671 50.7957 -13 581 0 0 1
0.0453108 -0.00868347 700 -0.0359982 0.0370054 8.88485 40.6337 -13 582 0 0 1
-0.233952 -0.0661219 700 -0.05712 0.0909508 7.67885 39.5186 -13 583 0 0 1
-0.1707 -0.226872 700 -0.069427 0.0576371 13.9719 44.6788 -13 584 0 0 1
0.0985477 -0.0163804 700 0.0313887 -0.0941396 11.2128 30.5798 -13 585 0 0 1
-0.329667 0.0634944 700 0.0708669 0.0453398 9.35281 51.7385 -13 586 0 0 1
-0.0593026 -0.0252637 700 0.0124838 0.00648138 13.7533 37.873 -13 587 0 0 1
0.0555961 0.113524 700 0.0314823 0.0263214 9.57536 35.9121 -13 588 0 0 1
-0.0664687 -0.0835978 700 -0.0317442 0.0402937 13.2488 31.4826 -13 589 0 0 1
-0.446577 0.441977 700 0.0421118 0.194498 9.06453 39.367 -13 591 0 0 1
-0.740307 -0.336668 700 -0.0344131 0.0204973 0.0448246 39.3447 11 591 1001 0 1
0.210358 0.36829 700 -0.00229745 -0.00507518 0.00318838 41.5253 11 591 1002 0 1
-0.370565 -0.0189881 700 -0.0230393 0.154851 8.22657 42.9636 -13 592 0 0 1
2.31112 2.16335 700 -0.00950601 -0.0189347 0.0470693 41.7358 11 592 1001 0 1
0.0383227 -0.142798 700 0.0824022 -0.00448859 5.73928 69.8054 -13 593 0 0 1
-0.0585948 0.0870161 700 0.024383 0.0209481 10.7323 52.7342 -13 594 0 0 1
0.191255 0.142925 700 0.021342 -0.176928 9.98441 39.798 -13 595 0 0 1
1.61346 -1.73084 700 -0.00520781 0.0216788 0.05339 42.3701 11 595 1001 0 1
0.0114183 0.187869 700 -0.0198136 0.0316312 8.10376 47.6597 -13 596 0 0 1
0.235425 -0.24419 700 -0.018114 -0.0784103 10.4089 35.9982 -13 597 0 0 1
-0.114887 0.059164 700 -0.129629 0.019703 5.79375 49.5441 -13 599 0 0 1
-0.0354337 0.0596977 700 0.0861346 0.0479459 12.5459 38.1841 -13 601 0 0 1
0.0451183 -0.110638 700 -0.0348424 -0.0405291 6.84436 58.0843 -13 602 0 0 1
-0.0654019 0.294211 700 0.0960358 -0.00156907 9.20628 49.5559 -13 603 0 0 1
-7.94797 3.15217 700 -0.00946692 0.0243431 0.0685999 41.6179 11 603 1002 0 1
0.146492 -0.0992362 700 -0.0930923 0.0544026 7.47142 46.1171 -13 604 0 0 1
0.477314 -0.27558 700 -0.184815 -0.128034 4.56448 59.7397 -13 605 0 0 1
0.0153064 0.0530808 700 -0.0580663 -0.0121991 12.3472 36.8807 -13 606 0 0 1
-1.91571 -1.17885 700 0.00272248 -0.022583 0.105554 32.7194 11 606 1001 0 1
-0.0168412 -0.0285951 700 0.0282575 -0.0113479 11.8733 26.9785 -13 607 0 0 1
-0.214355 0.0669446 700 0.0884706 0.0638111 12.9154 34.4166 -13 608 0 0 1
-0.0508693 0.0574055 700 0.0196483 0.0459664 11.862 26.169 -13 609 0 0 1
-0.0336126 0.0680965 700 -0.00746211 0.0673201 8.79296 35.7243 -13 610 0 0 1
-0.0324866 0.068953 700 -0.00651566 0.0206382 10.3146 29.3018 -13 611 0 0 1
-0.166884 0.00568063 700 0.00723438 0.0688187 7.82253 43.7398 -13 612 0 0 1
0.041015 -0.00557755 700 -0.0101572 -0.0361871 12.4643 34.7532 -13 613 0 0 1
0.0606571 -0.130389 700 -0.0799196 -0.0752156 12.1078 23.1387 -13 614 0 0 1
4.78856 -6.1412 700 0.0282063 0.00389747 0.0181156 27.1695 11 614 1001 0 1
0.183935 0.641002 700 0.0330564 0.00139692 3.58904 82.1354 -13 615 0 0 1
0.253377 0.463737 700 0.133252 0.084503 3.68657 87.6456 -13 616 0 0 1
-0.27354 0.0395677 700 0.108958 0.0980855 10.7637 40.2901 -13 617 0 0 1
0.0157684 0.200881 700 0.0722218 -0.0320802 8.07508 50.6414 -13 618 0 0 1
1.02412 -0.234788 700 -0.031723 -0.221049 4.67593 72.7806 -13 619 0 0 1
-0.0804498 -0.0386407 700 -0.0210452 -0.0113426 12.3541 40.0633 -13 620 0 0 1
-0.395158 0.285919 700 0.180238 0.0364629 5.07718 50.2542 -13 621 0 0 1
0.122545 -0.0687082 700 -0.034528 -0.0565208 11.1431 50.6268 -13 622 0 0 1
0.125903 0.0703125 700 0.000388797 -0.02369 9.69863 40.0528 -13 623 0 0 1
0.122624 0.00774345 700 0.0123282 -0.0352508 14.1711 19.1598 -13 624 0 0 1
0.10784 -0.120057 700 -0.0402409 0.0231646 9.11503 43.3756 -13 625 0 0 1
-0.0241576 0.0675394 700 -0.00161723 0.118771 5.99679 49.2348 -13 626 0 0 1
-0.0901615 -0.00241737 700 -0.00533475 0.0125735 9.32572 44.44 -13 627 0 0 1
2.1567 -4.05797 700 0.00734844 0.00235706 0.0685139 42.2778 11 627 1001 0 1
-0.263328 -0.886288 700 -0.230251 -0.102031 1.82364 107.154 -13 628 0 0 1
0.0590424 0.16004 700 0.0301629 -0.0309001 10.4364 30.3061 -13 629 0 0 1
-0.0699745 0.0493891 700 0.0367755 0.00163154 11.7647 48.9323 -13 630 0 0 1
0.1284 -0.137044 700 -0.0685761 -0.0778116 8.82988 55.9369 -13 631 0 0 1
0.00889347 -0.00968573 700 -0.025014 0.00666873 14.0634 30.2911 -13 632 0 0 1
0.135365 0.0654725 700 0.0288944 -0.0383509 8.30466 38.3582 -13 633 0 0 1
0.139841 0.153865 700 0.110982 -0.253225 4.70264 54.1772 -13 634 0 0 1
0.0755998 0.0308425 700 0.0737262 0.0241573 8.0256 48.3917 -13 635 0 0 1
-0.0909511 0.184288 700 0.0498081 0.0409353 14.0917 25.3043 -13 636 0 0 1
8.70029 -7.73129 700 0.0297934 0.0076876 0.022326 38.6585 11 636 1001 0 1
-0.382158 -0.0984929 700 -0.0487819 0.061591 7.92094 53.2532 -13 637 0 0 1
-0.133739 0.125401 700 -0.0202727 -0.0683776 12.6912 35.8 -13 638 0 0 1
0.321803 -0.0981133 700 -0.205085 -0.0477803 13.9851 23.6125 -13 639 0 0 1
-0.0993277 -0.0236918 700 0.00966763 0.0328439 10.8654 24.3031 -13 640 0 0 1
-0.178283 -0.155943 700 -0.213022 0.15332 4.27858 65.3621 -13 641 0 0 1
0.0531659 -0.276292 700 -0.0964169 0.127158 7.1374 57.8149 -13 642 0 0 1
0.0553736 0.000498723 700 -0.0380524 -0.0152619 11.056 23.4533 -13 643 0 0 1
-0.0587503 -0.048808 700 0.0261466 0.0495956 13.7325 36.9499 -13 644 0 0 1
0.0543158 -0.0642861 700 0.0189605 -0.00749266 9.66126 28.2116 -13 645 0 0 1
-0.0641585 -0.103498 700 -0.0394475 0.0237617 13.7507 35.4094 -13 646 0 0 1
0.649744 -0.680995 700 -0.387062 -0.107244 5.85982 68.7682 -13 647 0 0 1
1.8683 -3.28975 700 -0.0201676 0.0186365 0.0261351 68.7379 11 647 1005 0 1
0.259041 0.215621 700 -0.0249546 -0.107481 3.85736 73.512 -13 648 0 0 1
0.348119 0.0970946 700 0.158862 -0.0805451 6.19139 49.8869 -13 649 0 0 1
2.04123 0.0666727 700 -0.0181743 0.021024 0.0409773 49.4226 11 649 1001 0 1
-0.186758 -0.104748 700 0.012735 0.0622061 13.529 22.8637 -13 650 0 0 1
0.182572 0.780325 700 0.138678 -0.129004 10.0743 37.949 -13 651 0 0 1
0.311901 0.037653 700 0.0644233 -0.0918579 10.4327 50.1344 -13 652 0 0 1
-0.0654558 -0.15101 700 -0.0471716 0.055899 11.8768 38.7457 -13 653 0 0 1
-0.187825 0.184262 700 -0.00583845 -0.0395829 0.06994 38.5804 11 653 1001 0 1
-0.0940766 0.105589 700 0.0284979 0.0388428 12.2791 32.917 -13 654 0 0 1
-0.00845102 -0.0228191 700 0.0220842 0.0304361 14.3551 39.9147 -13 655 0 0 1
0.0259931 0.067937 700 -0.0107095 -0.027959 9.57472 42.3677 -13 656 0 0 1
-0.228801 -0.29198 700 -0.0926039 0.0123914 7.95609 53.2483 -13 657 0 0 1
0.192666 0.0305879 700 0.110066 0.03465 4.77201 66.1426 -13 658 0 0 1
-0.0305209 -0.00586739 700 0.0578707 -0.0377263 14.4505 31.434 -13 659 0 0 1
0.770763 0.0150246 700 -0.119374 -0.195337 11.6688 44.0226 -13 660 0 0 1
0.0976917 0.280851 700 0.0822366 0.00579764 10.6131 39.7 -13 661 0 0 1
-0.0598345 -0.0990458 700 0.00120353 0.00587628 12.1253 32.2379 -13 662 0 0 1
-0.0160421 0.343205 700 0.149955 0.00202593 9.52476 55.5244 -13 663 0 0 1
-0.71222 -0.0346428 700 -0.103634 0.184002 8.14518 59.7052 -13 664 0 0 1
-0.0107945 -0.0180777 700 0.0166736 -0.0194545 11.3254 24.2321 -13 665 0 0 1
0.0924444 0.0102471 700 -0.0211481 0.00504641 11.7765 36.0612 -13 666 0 0 1
-0.0504722 0.0533055 700 -0.00569035 0.00208053 13.0813 32.1772 -13 667 0 0 1
1.81829 0.701954 700 0.967951 -0.0197166 6.52468 48.0441 -13 668 0 0 1
-0.0409373 -0.130007 700 -0.066489 -0.0132735 9.57331 44.0254 -13 669 0 0 1
-0.000532346 0.119007 700 -0.0316875 -0.0109207 13.5691 35.8959 -13 670 0 0 1
0.0512666 0.0660695 700 0.0457086 -0.0249591 13.1371 38.9831 -13 671 0 0 1
0.138859 0.116435 700 0.00106888 -0.104377 3.63375 77.8299 -13 673 0 0 1
-0.05951 0.0287799 700 -0.00168553 -0.0520112 12.5278 49.4562 -13 674 0 0 1
0.133842 -1.19775 700 -0.339966 -0.523247 7.03864 42.9137 -13 675 0 0 1
0.329332 0.0106097 700 0.0145646 0.0277108 0.0322953 42.975 11 675 1001 0 1
-0.020549 -0.0372305 700 -0.0865273 0.0427688 12.8899 45.6835 -13 676 0 0 1
-0.0659155 -0.110004 700 -0.0322472 -0.0202307 11.8186 28.133 -13 677 0 0 1
-0.193154 -0.0290018 700 0.0124744 0.036927 9.35037 42.4913 -13 678 0 0 1
0.280198 0.0765921 700 0.106245 -0.0182601 8.07766 43.6229 -13 679 0 0 1
-0.150331 0.0400015 700 -0.0273707 0.032352 9.22242 45.7297 -13 680 0 0 1
0.0257282 -0.0213072 700 -0.000420496 -0.0520867 14.0647 20.8001 -13 681 0 0 1
-0.0329124 0.105105 700 0.0195262 0.0122827 13.2391 20.2312 -13 682 0 0 1
0.0862542 -0.0681368 700 -0.0552032 -0.00201166 12.9946 44.4119 -13 683 0 0 1
0.828967 -0.258219 700 -0.307314 -0.116639 8.60474 45.544 -13 684 0 0 1
0.0819456 -0.0468002 700 -0.0851963 -0.0393487 7.99202 38.5508 -13 685 0 0 1
-0.0133381 0.169202 700 0.0253263 -0.0177784 11.5604 48.898 -13 686 0 0 1
0.327581 -0.00108182 700 -0.0866313 -0.167336 8.99984 34.3531 -13 687 0 0 1
0.108624 -0.0335969 700 -0.0648497 -0.0229868 12.8386 42.6488 -13 688 0 0 1
-0.15251 0.4195 700 -0.0459721 0.261725 9.78108 48.103 -13 689 0 0 1
4.51535 1.78205 700 0.032494 -0.00627066 0.0577519 44.6761 11 689 1002 0 1
-0.394688 -0.632495 700 -0.238143 0.254702 5.1037 67.0078 -13 690 0 0 1
-0.119748 0.0153937 700 -0.0242051 0.0907599 12.2838 37.5904 -13 691 0 0 1
-0.0410424 -0.0321764 700 -0.0404256 0.0129623 7.39959 35.3366 -13 692 0 0 1
-0.11975 0.0562913 700 0.0303682 0.0500242 12.7647 40.6463 -13 693 0 0 1
0.305222 -0.340931 700 -0.0227205 -0.0981483 3.61492 74.016 -13 694 0 0 1
-0.164084 -0.130299 700 -0.0853924 -0.0808111 7.31043 44.9692 -13 695 0 0 1
-0.283364 0.270814 700 0.00940337 0.112403 6.55791 51.2258 -13 696 0 0 1
-0.0301513 -0.148133 700 -0.0238254 0.0441272 9.99015 43.5817 -13 697 0 0 1
0.174172 0.109339 700 0.0797225 -0.0431074 8.70102 36.5608 -13 698 0 0 1
-0.0195889 -0.00808284 700 -0.0197031 0.0240757 13.3401 42.7142 -13 699 0 0 1
-0.293553 0.171961 700 0.575345 0.146454 8.76288 39.034 -13 700 0 0 1
-0.119998 -0.138915 700 0.00950336 0.0442746 9.05063 29.8608 -13 701 0 0 1
0.0560282 0.152232 700 0.0444975 0.000305058 12.2891 45.8936 -13 702 0 0 1
-0.0206728 -0.0878779 700 -0.0391852 0.0102952 12.0556 43.164 -13 703 0 0 1
0.14969 -0.0345267 700 -0.0399281 -0.0243373 9.38606 35.4184 -13 704 0 0 1
-0.100968 -0.0548403 700 -0.0344445 0.0433547 10.0761 31.5379 -13 705 0 0 1
-0.0507542 0.170408 700 0.0375772 -0.0733411 9.56283 41.7183 -13 706 0 0 1
-0.111159 0.00103619 700 -0.04161 0.00532151 13.8563 19.7067 -13 707 0 0 1
-0.000891159 0.196269 700 0.0430805 -0.00324104 10.5328 41.9512 -13 708 0 0 1
0.0838661 0.0642299 700 0.0372406 -0.0722 3.16498 81.7029 -13 709 0 0 1
-0.664167 0.0175389 700 -0.152456 0.0691473 7.89941 51.3311 -13 710 0 0 1
-0.134073 0.0119196 700 -0.0259343 -0.0133032 14.1526 19.5964 -13 711 0 0 1
0.116071 -0.026956 700 -0.0140586 -0.0227785 11.6014 41.4617 -13 712 0 0 1
0.0799752 -0.375567 700 -0.101501 0.0163156 6.36515 60.8675 -13 713 0 0 1
0.0135748 -0.0628679 700 0.0156571 0.0166238 14.0341 39.2206 -13 714 0 0 1
0.0428156 0.0200046 700 0.0197443 0.00734924 12.3519 49.7816 -13 715 0 0 1
0.0436075 0.0371428 700 -0.0571264 0.0119459 13.1147 39.9193 -13 716 0 0 1
0.00246742 -0.0434 700 -0.020316 0.015703 10.5884 39.0701 -13 717 0 0 1
-0.290912 -0.0322468 700 0.0710596 0.0962203 8.65044 36.8595 -13 718 0 0 1
-0.116446 -0.153538 700 -0.0804854 -0.0446727 10.5983 32.3098 -13 719 0 0 1
-0.15709 0.146386 700 0.042677 0.0660142 11.2682 50.9581 -13 720 0 0 1
0.0849491 0.410138 700 0.118814 -0.164575 9.65816 51.7024 -13 721 0 0 1
0.0308603 0.580995 700 0.123508 -0.114253 5.16444 57.9992 -13 722 0 0 1
0.113881 -0.171373 700 -0.0492847 -0.0166507 8.53456 32.7257 -13 723 0 0 1
-0.122836 0.0881211 700 0.240849 -0.0973057 4.75334 72.4921 -13 724 0 0 1
-2.61867 -2.25755 700 0.00983408 0.0235376 0.0258599 72.158 11 724 1002 0 1
0.0121527 -0.106731 700 -0.0390954 0.000742074 9.58701 37.9385 -13 725 0 0 1
0.057668 0.0904932 700 0.0611338 0.00330623 13.6057 34.0677 -13 726 0 0 1
0.0915061 -0.105743 700 -0.0736046 0.0347028 14.1209 22.8949 -13 727 0 0 1
0.158255 0.269231 700 -0.0446443 0.222495 1.93493 108.931 -13 728 0 0 1
0.121732 -0.126791 700 -0.0745838 -0.0375236 5.33703 56.4101 -13 729 0 0 1
-0.246092 0.0383442 700 -0.00890132 0.0765473 11.1955 29.749 -13 730 0 0 1
0.0684742 0.0667692 700 -0.0149086 0.0160237 10.9096 26.0215 -13 731 0 0 1
-0.485186 0.182485 700 -0.000255831 0.00353234 0.0394319 29.2193 11 731 1001 0 1
0.631261 -0.0368377 700 0.034016 -0.13353 4.68391 64.0565 -13 733 0 0 1
0.0386189 -0.146703 700 -0.092485 0.0552846 7.80184 35.7925 -13 734 0 0 1
0.001111 0.165964 700 0.0813302 -0.035071 10.9627 39.6921 -13 735 0 0 1
0.125814 0.158413 700 0.0994308 -0.0213865 10.9811 32.6222 -13 736 0 0 1
-0.26607 0.13764 700 0.0927102 0.047711 8.18618 50.7381 -13 737 0 0 1
0.262222 0.0707426 700 -0.0582534 -0.0316521 8.34279 52.8783 -13 738 0 0 1
0.164072 -0.185688 700 -0.0596481 -0.0746096 11.8772 41.895 -13 739 0 0 1
-0.190573 -0.00442531 700 -0.00199156 0.0461838 13.0282 43.104 -13 740 0 0 1
0.116666 -0.047103 700 -0.0225304 -0.0483828 8.68248 48.2998 -13 741 0 0 1
-0.0126804 -0.230477 700 0.319202 0.316808 4.15951 80.9544 -13 742 0 0 1
0.118251 -0.0818487 700 -0.103367 -0.0128351 8.29984 31.8839 -13 743 0 0 1
1.00007 0.0634712 700 0.0746129 -0.109859 2.17422 91.8519 -13 744 0 0 1
0.0157174 0.0160369 700 0.00565523 0.0127459 11.4962 36.7235 -13 745 0 0 1
0.205872 0.0168181 700 -0.0128786 -0.0838856 8.47175 55.2215 -13 746 0 0 1
2.74059 0.309193 700 -0.00561696 0.0238741 0.072371 53.4447 11 746 1001 0 1
-0.104567 0.10166 700 0.0245707 0.00869024 11.8394 44.1559 -13 747 0 0 1
0.118819 -0.137382 700 -0.00138429 0.0149368 10.5401 40.9243 -13 748 0 0 1
-0.0687054 -0.0974376 700 0.0166322 0.0313143 12.1129 22.3764 -13 749 0 0 1
-0.0343207 -0.0445802 700 0.00920458 -0.05176 10.3614 45.9585 -13 750 0 0 1
-0.221378 0.102337 700 0.02769 0.139228 11.0561 46.9304 -13 751 0 0 1
-0.724224 0.638844 700 0.0262422 0.00301315 0.0627139 47.2932 11 751 1002 0 1
0.0904483 0.144886 700 0.0113928 -0.0801402 6.47362 42.4144 -13 752 0 0 1
0.167087 -0.0518833 700 -0.0240217 -0.0593974 10.7789 26.189 -13 753 0 0 1
-0.0340902 0.0179698 700 -0.0114535 0.000239778 8.65253 54.413 -13 754 0 0 1
-0.22621 -0.226844 700 -0.158477 0.0554017 7.88177 38.9764 -13 755 0 0 1
-0.0966062 -0.464328 700 0.215976 -0.337032 5.22654 58.1829 -13 756 0 0 1
-0.106157 -0.0172648 700 -0.0306057 -0.00430046 7.20947 47.0988 -13 757 0 0 1
-0.00175694 -0.215281 700 -0.012889 -0.00877957 7.86884 34.3628 -13 758 0 0 1
0.00645589 0.000597312 700 0.0253747 0.0213776 14.1742 33.5117 -13 759 0 0 1
0.0937201 -0.197447 700 -0.0776839 0.00568579 8.05845 51.3995 -13 760 0 0 1
-0.225561 0.207253 700 0.12767 0.0120653 6.34808 45.7816 -13 761 0 0 1
-0.105555 -0.074246 700 -0.0547691 0.00057795 13.8614 46.7418 -13 762 0 0 1
-0.0315863 0.0818666 700 -0.0215504 0.054512 11.138 48.8775 -13 763 0 0 1
-0.132565 0.133831 700 -0.00369572 0.0252859 9.85262 36.5491 -13 764 0 0 1
-0.179851 -0.216545 700 -0.0809101 0.0481589 5.75077 49.9708 -13 765 0 0 1
-0.0892505 -0.258849 700 -0.0802031 0.0979968 8.53769 34.5227 -13 766 0 0 1
-0.0294944 -0.0987212 700 -0.0330512 0.0203341 12.5205 49.3882 -13 767 0 0 1
-1.48964 -0.117557 700 -0.023225 0.0196487 0.0632144 49.8773 11 767 1002 0 1
-4.74604 0.0729592 700 0.0316687 -0.0340313 0.0490924 52.8155 11 767 1003 0 1
0.0539952 0.0116586 700 -0.00556833 0.012946 12.8548 40.6631 -13 768 0 0 1
1.28098 -0.974881 700 0.0230127 0.0194752 0.0141282 43.0233 11 768 1001 0 1
0.109411 0.16615 700 0.105764 -0.0357879 6.95976 40.3811 -13 769 0 0 1
-0.0720084 0.0417108 700 -0.0234705 -0.0277807 13.6354 25.5163 -13 770 0 0 1
0.0458731 -0.0737859 700 -0.0798576 -0.0607359 10.8598 29.4093 -13 771 0 0 1
-0.910943 4.47239 700 -0.00828347 -0.00624367 0.043855 30.6268 11 771 1002 0 1
4.47912 2.84432 700 -0.012647 -0.00552487 -0.0353045 34.0135 11 771 1002 0 1
0.0646465 -0.126912 700 0.0607677 0.0138558 14.3281 20.1541 -13 772 0 0 1
0.0221986 0.136914 700 0.0798256 0.000914959 11.4105 27.0624 -13 773 0 0 1
0.00104797 0.118267 700 0.0769361 0.049078 13.4019 22.6812 -13 774 0 0 1
0.233243 -0.19682 700 0.0783856 0.00826225 3.46888 68.9403 -13 775 0 0 1
0.0877226 0.180178 700 0.0490233 -0.0486876 11.7986 33.1127 -13 776 0 0 1
-0.0660232 -0.00296172 700 -0.0192059 0.0594116 10.6583 36.206 -13 777 0 0 1
-0.0453129 -0.150986 700 -0.15669 0.10395 8.59974 47.8653 -13 778 0 0 1
-0.543349 0.0770775 700 0.00951499 0.183351 12.9352 20.2586 -13 779 0 0 1
-0.254164 -0.0711352 700 0.144917 0.115686 9.57187 30.8855 -13 780 0 0 1
-0.054448 -0.251696 700 -0.118378 -0.230498 11.5449 26.3244 -13 781 0 0 1
-0.229632 1.0784 700 0.0746679 0.00543489 0.0250302 31.6662 11 781 1001 0 1
0.0316058 -0.0856657 700 0.00960832 0.00497516 10.0583 28.5635 -13 782 0 0 1
0.0592509 -0.227602 700 -0.0220716 0.0128707 6.93509 52.5769 -13 783 0 0 1
0.34742 -0.0944497 700 0.145543 -0.0723833 6.82918 39.1081 -13 784 0 0 1
-0.0702602 0.0252737 700 0.0979595 -0.133092 4.77238 64.3227 -13 785 0 0 1
0.0265682 0.015357 700 -0.0219615 -0.0551044 9.55884 45.2663 -13 786 0 0 1
-0.012292 0.0499883 700 0.00194201 -0.0610112 8.8866 45.0331 -13 787 0 0 1
-0.162623 -0.108608 700 -0.0606688 -0.00872035 12.3314 38.8511 -13 788 0 0 1
-0.0496846 0.0595068 700 -0.00346537 -0.00256889 14.1615 33.2189 -13 789 0 0 1
-0.0779905 0.129663 700 0.0691322 0.00994973 9.93092 52.3704 -13 790 0 0 1
0.118635 0.0159287 700 0.0050039 -0.173345 4.83285 74.9728 -13 791 0 0 1
0.148703 -0.244469 700 -0.150771 -0.0350102 11.7701 49.7897 -13 792 0 0 1
0.144507 0.0584065 700 0.0115416 -0.0513425 11.4071 39.2013 -13 793 0 0 1
-0.0254247 -0.0372687 700 -0.00242215 0.0755002 7.43564 46.0817 -13 794 0 0 1
-0.175204 -0.382822 700 -0.070338 0.114445 11.4944 30.5782 -13 795 0 0 1
-0.0726085 0.0195072 700 0.0139731 0.0406866 8.87687 51.1744 -13 796 0 0 1
0.166326 0.0413716 700 0.00268822 -0.0324163 14.011 43.034 -13 797 0 0 1
0.0713365 -0.0860961 700 -0.0579555 -0.0365622 13.7064 43.7221 -13 798 0 0 1
-0.0724168 0.02123 700 0.00140658 0.0224708 9.32921 56.2609 -13 799 0 0 1
-0.00642603 0.013457 700 0.0023952 0.00511532 13.5518 21.2558 -13 800 0 0 1
0.196377 -0.0339298 700 0.00377694 -0.0814286 5.70383 48.0949 -13 801 0 0 1
-0.198462 0.213537 700 -0.0093117 0.0655819 6.96101 55.4765 -13 803 0 0 1
-0.0251943 0.200195 700 0.0524548 0.0253653 13.0011 27.1895 -13 804 0 0 1
-0.0895895 -0.0442602 700 0.013125 0.031236 12.5699 47.199 -13 805 0 0 1
-0.40567 0.00160408 700 0.110689 0.0895552 2.39318 89.8828 -13 806 0 0 1
-0.0180614 0.0203094 700 -0.017231 0.0343374 13.6437 29.2854 -13 807 0 0 1
-0.169009 -0.193148 700 -0.0306429 -0.296464 7.0141 45.1375 -13 808 0 0 1
-0.0535109 0.0584598 700 0.00863038 0.00598287 14.2998 31.5962 -13 809 0 0 1
0.0952707 0.128125 700 0.0503828 -0.020745 10.803 39.5043 -13 810 0 0 1
0.116094 -0.0987808 700 -0.0425571 -0.131491 5.61474 46.8434 -13 811 0 0 1
-0.0586634 -0.135035 700 -0.0704697 0.0296415 6.49815 40.3191 -13 812 0 0 1
-0.0788488 -0.184972 700 -0.0678723 0.130782 13.1884 30.1684 -13 813 0 0 1
0.26427 0.063289 700 0.0290883 0.00512718 0.0215937 30.7379 11 813 1001 0 1
0.265916 0.115947 700 0.0271438 -0.168781 9.59242 37.0801 -13 814 0 0 1
-0.120719 0.0343169 700 0.0052515 0.0259608 11.6383 49.2146 -13 815 0 0 1
0.161874 -0.303837 700 -0.0429551 -0.0607787 5.95179 46.2678 -13 816 0 0 1
0.137635 -0.248157 700 -0.181145 -0.249052 5.17286 71.5591 -13 817 0 0 1
0.261542 0.219222 700 0.0766171 -0.0238801 11.4596 50.9914 -13 818 0 0 1
0.0792362 -0.0724761 700 -0.0465713 -0.0962382 6.11443 67.198 -13 819 0 0 1
0.107136 -0.00524469 700 -0.0141784 -0.0518524 13.3905 25.8518 -13 820 0 0 1
0.0250412 0.18579 700 0.0427581 -0.0692376 8.35787 33.7046 -13 821 0 0 1
-0.713069 -6.9737 700 -0.00429219 -0.00108992 0.055594 28.7406 11 821 1002 0 1
0.127816 0.199576 700 0.0721306 -0.0101149 11.6804 50.328 -13 822 0 0 1
-0.0298253 -0.00920156 700 0.0286241 -0.00242147 12.6129 43.3853 -13 823 0 0 1
-0.0175308 0.0708082 700 0.0169528 -0.0134834 14.5575 38.5085 -13 824 0 0 1
-0.0693524 0.145166 700 0.0622508 0.0144141 14.4465 43.7301 -13 825 0 0 1
0.0188339 0.0685925 700 0.00796285 -0.0418135 7.5572 46.3808 -13 826 0 0 1
0.146776 0.448891 700 -0.286201 0.149313 3.35744 94.5746 -13 827 0 0 1
0.137978 0.0895127 700 0.041111 -0.0154243 8.61795 55.885 -13 828 0 0 1
0.11212 0.0103559 700 0.0343277 -0.000228766 10.0343 51.5852 -13 829 0 0 1
-0.0431494 0.080343 700 0.0288611 -0.0182749 14.0735 47.2273 -13 830 0 0 1
-1.94627 -3.24286 700 -0.562389 0.846724 8.31726 36.9855 -13 831 0 0 1
-0.00311515 -0.0307779 700 0.00532817 -0.0136733 13.7876 32.1494 -13 832 0 0 1
-0.078409 0.317922 700 0.0940007 0.0360865 9.02203 57.2605 -13 833 0 0 1
0.130802 0.0791027 700 0.0604266 -0.138721 5.20067 70.9385 -13 834 0 0 1
0.240644 0.119633 700 -0.019999 -0.0825581 7.77461 59.9837 -13 835 0 0 1
0.130934 0.115341 700 0.0788848 -0.0391563 11.8559 43.1468 -13 836 0 0 1
-0.058449 -0.104993 700 -0.00680927 -0.115753 10.8093 32.6124 -13 837 0 0 1
0.0524187 0.0686028 700 -0.020624 -0.0181078 12.8275 36.7343 -13 838 0 0 1
0.0613483 -0.0205967 700 -0.0252437 0.00133416 11.1336 44.3873 -13 839 0 0 1
0.128886 -0.0524705 700 -0.0249685 0.029385 9.84188 47.2658 -13 840 0 0 1
0.277632 -0.392496 700 0.166869 -0.128719 6.02638 67.3845 -13 842 0 0 1
0.797216 2.01062 700 -0.0202032 -0.0120424 0.0388955 66.5647 11 842 1002 0 1
-0.181466 0.120873 700 0.0605345 0.0216961 8.2359 37.4829 -13 843 0 0 1
0.0365214 0.0313369 700 0.11139 -0.0297818 4.11625 80.9408 -13 844 0 0 1
-0.0723889 -0.00664532 700 -0.044861 0.145714 13.4643 27.9796 -13 845 0 0 1
0.31738 0.38739 700 0.0515648 -0.105342 12.2722 37.4027 -13 846 0 0 1
-0.0385345 0.288367 700 0.0018903 0.0607804 4.3941 63.1946 -13 847 0 0 1
0.155812 -0.226428 700 -0.0199151 0.10857 4.57718 80.0929 -13 848 0 0 1
-0.302605 -0.108354 700 -0.0896355 0.0704048 9.60199 28.6538 -13 849 0 0 1
-0.0222255 -0.153777 700 -0.0450587 -0.0120624 12.3451 42.7147 -13 850 0 0 1
-0.244695 0.113667 700 0.0406656 0.0283893 8.88078 36.3119 -13 851 0 0 1
-0.340568 -0.326467 700 -0.0075574 0.148952 4.59654 55.3414 -13 853 0 0 1
-0.0342845 0.129199 700 0.0548715 0.0395976 11.4401 25.6189 -13 854 0 0 1
-0.00687769 0.0262083 700 -0.045951 0.00572137 11.5429 45.575 -13 855 0 0 1
-0.0528613 0.0423642 700 -0.0288823 0.073739 14.313 26.0599 -13 857 0 0 1
-0.306206 0.484601 700 0.128913 0.103685 10.2107 51.0289 -13 858 0 0 1
-0.0875837 0.214615 700 0.0546839 -0.010077 12.9276 31.3637 -13 859 0 0 1
-0.0338186 -0.0124984 700 -0.0449592 -0.0176454 13.0362 44.3916 -13 860 0 0 1
0.169044 -0.0524921 700 -0.0450224 -0.0447142 11.1684 25.7615 -13 861 0 0 1
-0.142028 0.176095 700 -0.0813971 0.122442 5.76377 63.708 -13 862 0 0 1
-3.87315 -3.15376 700 0.00542646 0.00589678 0.0362364 62.7594 11 862 1001 0 1
-0.0435299 0.405119 700 0.131244 -0.352964 3.75544 69.2298 -13 863 0 0 1
-0.293922 0.149181 700 -0.0570015 0.131247 6.83337 49.8834 -13 865 0 0 1
0.0516213 -0.0983234 700 0.163713 -0.0706229 5.40016 73.5821 -13 866 0 0 1
0.19489 0.0779901 700 0.0144895 -0.00531656 8.30887 40.377 -13 868 0 0 1
0.00526599 0.221154 700 -0.0388711 0.0411511 9.08553 48.2938 -13 869 0 0 1
-1.18641 -0.345404 700 0.00300335 0.0333356 0.0681893 46.9593 11 869 1001 0 1
0.071941 -0.117977 700 -0.027621 -0.133211 12.3539 35.7804 -13 870 0 0 1
0.0182913 0.120203 700 -0.0193292 0.0137933 13.6991 40.8584 -13 871 0 0 1
0.703066 -0.754334 700 -0.210615 -0.0953544 5.07171 68.0288 -13 872 0 0 1
2.40713 0.78917 700 -0.0209703 0.0060156 0.0303247 67.8957 11 872 1003 0 1
-0.163713 -0.0902532 700 0.105057 0.0861697 4.29958 60.8691 -13 873 0 0 1
-0.215532 0.494945 700 0.144798 0.197486 4.74877 64.5176 -13 874 0 0 1
-0.0987226 -0.215806 700 -0.0194654 -0.0924133 3.0161 74.0583 -13 875 0 0 1
0.248355 0.173574 700 0.0687221 -0.112184 11.7686 33.2701 -13 876 0 0 1
-0.0139982 0.0169366 700 0.0009598 0.0236945 9.18918 50.34 -13 877 0 0 1
0.0471445 -0.0442464 700 0.0130761 -0.0155213 14.2372 43.9849 -13 879 0 0 1
-0.0977201 0.00474457 700 -0.00344395 -0.0182992 12.9301 25.1486 -13 880 0 0 1
-0.0308698 0.0462049 700 -0.00291106 0.00807607 14.5275 30.1882 -13 881 0 0 1
0.0143636 0.0560098 700 -0.0600709 0.122974 6.48415 59.5973 -13 882 0 0 1
-0.00800315 0.0233285 700 -0.0544615 -0.0131609 7.02933 59.3776 -13 883 0 0 1
-0.139301 0.0764927 700 0.0122449 -0.0632213 5.63237 60.752 -13 884 0 0 1
-0.0389218 -0.165253 700 -0.0580684 -0.00241036 12.5636 21.8935 -13 885 0 0 1
0.0278768 -0.0895624 700 0.0126907 -0.0154222 8.45644 36.3627 -13 886 0 0 1
-0.0398228 -0.0892886 700 -0.0942392 0.0374527 8.49601 30.1935 -13 887 0 0 1
-0.0136142 -0.212177 700 -0.0949513 0.0336051 8.49175 48.8654 -13 888 0 0 1
0.0763092 0.0493419 700 0.019242 -0.0188768 11.3018 47.1136 -13 889 0 0 1
-0.0421098 0.135511 700 0.036859 0.00043709 10.8125 35.1769 -13 890 0 0 1
0.203707 -0.341621 700 -0.0583928 0.0170487 7.46613 41.6017 -13 891 0 0 1
-0.109784 -0.116619 700 -0.0518922 0.00768581 14.0545 26.9696 -13 892 0 0 1
-0.190209 -0.0705409 700 -0.0470992 0.0450658 9.33828 30.5693 -13 893 0 0 1
0.0407676 0.202939 700 0.0555404 -0.0778912 12.6014 38.6104 -13 894 0 0 1
-0.000866341 -0.0668969 700 -0.0587642 -0.00425195 11.603 38.7099 -13 895 0 0 1
-0.24095 -0.128579 700 -0.00527734 0.00955012 6.76188 58.5221 -13 896 0 0 1
0.178015 0.090989 700 0.00577191 -0.0675646 10.3406 31.6918 -13 897 0 0 1
-0.386271 -0.357372 700 -0.131331 0.0220299 8.3568 46.5858 -13 898 0 0 1
-0.00816915 -0.343437 700 0.0963149 -0.151177 6.66283 46.9964 -13 899 0 0 1
-0.0343181 -0.0394766 700 0.0229861 0.053427 11.4364 23.9729 -13 900 0 0 1
0.378735 -0.119949 700 0.0600155 -0.103457 5.34096 74.4427 -13 901 0 0 1
-0.182286 -0.0338806 700 -0.134944 -0.0690744 8.53747 31.7683 -13 902 0 0 1
0.217227 0.0379792 700 0.0557754 -0.169238 6.58124 45.406 -13 903 0 0 1
-0.244093 0.130157 700 -0.0175212 0.0158851 0.0275784 45.5123 11 903 1001 0 1
-0.119439 0.132595 700 0.0251913 0.0101687 12.5451 27.8654 -13 904 0 0 1
-0.18847 -0.111484 700 -0.0898464 -0.00452752 5.07833 66.3229 -13 905 0 0 1
-0.0234602 -0.0107461 700 -0.0738644 -0.00346628 10.4328 44.0777 -13 906 0 0 1
-0.227428 -0.118481 700 -0.0752595 0.0567762 11.6152 48.2459 -13 907 0 0 1
0.0316318 -0.0118793 700 -0.00703289 -0.00534184 12.9466 23.1032 -13 908 0 0 1
0.119678 0.0366416 700 0.033684 -0.00737964 7.23315 49.5234 -13 909 0 0 1
0.117338 0.0402037 700 -0.0190422 -0.0080857 9.27615 28.8865 -13 910 0 0 1
0.689812 -0.379725 700 -0.102344 -0.252975 11.8056 23.4741 -13 912 0 0 1
-0.120346 0.101085 700 0.0291394 0.04167 10.2834 26.6006 -13 914 0 0 1
-0.106613 0.160601 700 -0.00413552 0.0200547 9.09759 34.0375 -13 915 0 0 1
-0.153079 -0.0912753 700 -0.00125891 0.034708 13.7946 37.3098 -13 916 0 0 1
0.0292004 -0.0636303 700 -0.019747 0.0280497 12.4857 39.9346 -13 917 0 0 1
-0.0215598 -0.0123642 700 -0.00360811 0.0165186 12.844 43.9436 -13 918 0 0 1
0.117335 -0.418253 700 0.056457 0.00969589 3.50534 70.5596 -13 919 0 0 1
0.0961871 0.0208507 700 -0.0044918 0.102622 8.62328 32.38 -13 920 0 0 1
-0.140372 0.0949463 700 0.022551 0.0627368 14.0772 24.4044 -13 921 0 0 1
0.0459958 0.020688 700 -0.00831979 -0.0203539 12.8445 40.8643 -13 922 0 0 1
0.177914 0.464748 700 0.196119 -0.129584 3.71755 90.111 -13 923 0 0 1
-0.0527319 0.137629 700 0.076252 0.0706641 13.5275 32.6624 -13 924 0 0 1
0.859826 -2.14919 700 -0.0269235 0.0269381 0.0748255 33.1608 11 924 1001 0 1
-0.144714 0.038429 700 0.0195823 0.0228364 13.9307 46.7553 -13 925 0 0 1
0.128483 -0.167555 700 -0.0683837 -0.0144495 12.8058 20.7226 -13 926 0 0 1
-0.0724831 0.00167136 700 -0.00107392 -0.00114579 4.64474 66.5154 -13 927 0 0 1
-0.0393135 0.330152 700 0.0579463 0.0747264 11.7725 45.2156 -13 928 0 0 1
0.0855911 0.0561188 700 0.0408759 -0.0412153 13.5431 25.4496 -13 929 0 0 1
-0.0914414 -0.156884 700 -0.0585771 0.0446466 12.7125 38.2317 -13 930 0 0 1
0.0530856 0.0482622 700 0.0217318 0.00196716 13.309 40.4269 -13 931 0 0 1
0.0187861 0.0589237 700 0.024899 0.0271589 11.445 51.2039 -13 932 0 0 1
0.106481 0.304517 700 0.0918483 -0.0266329 13.6043 32.126 -13 933 0 0 1
0.293738 0.179796 700 -0.0225519 -0.0627265 8.57625 41.6005 -13 934 0 0 1
-0.264005 -0.0924412 700 0.00334533 0.0902214 10.3216 45.7507 -13 935 0 0 1
-1.60046 -0.622311 700 -0.032006 -0.0292511 0.0716146 41.8702 11 935 1001 0 1
-0.0107562 0.0596839 700 -0.00347213 -0.027764 12.4179 34.0059 -13 936 0 0 1
0.0850502 0.105766 700 0.0362922 -0.00739359 12.5304 47.6189 -13 937 0 0 1
-0.115713 0.207468 700 0.156436 0.0103483 4.44808 57.8498 -13 938 0 0 1
-0.0245776 0.0172963 700 0.0252186 -0.0295306 13.8441 28.4295 -13 939 0 0 1
-1.92801 0.996809 700 0.142498 0.47603 5.72509 46.3601 -13 940 0 0 1
-0.0581621 -0.0561341 700 -0.0320831 -0.0900486 12.2459 36.6445 -13 941 0 0 1
-2.11714 -4.01179 700 0.00564787 -0.00344501 0.0475356 45.4518 11 941 1001 0 1
1.04192 -0.339444 700 -0.140635 0.0433039 1.01755 129.373 -13 942 0 0 1
-0.133607 -0.0291635 700 0.00166607 0.0523369 10.513 48.9954 -13 943 0 0 1
0.612326 -0.0808462 700 -0.16478 -0.107687 5.66331 66.5736 -13 944 0 0 1
0.354977 -0.31027 700 0.0881853 -0.000147829 3.80122 88.4711 -13 945 0 0 1
-0.162212 -0.0539011 700 -0.0189002 0.0542741 14.2996 30.7273 -13 946 0 0 1
0.178007 -0.103268 700 -0.0139084 -0.0981397 10.4287 29.3594 -13 947 0 0 1
0.141236 -0.0325025 700 -0.0512815 -0.165565 7.71412 37.5159 -13 948 0 0 1
-0.12555 -0.000771739 700 0.0021656 -0.00936908 12.4794 41.372 -13 949 0 0 1
-0.244784 0.227641 700 0.188316 0.328083 2.95145 76.6769 -13 950 0 0 1
0.129436 -0.0952719 700 -0.0271359 -0.021377 5.18645 54.1548 -13 951 0 0 1
0.442753 -0.33704 700 -0.161586 0.035555 3.95559 84.5923 -13 952 0 0 1
-0.139439 -0.0334328 700 -0.0700053 0.0056263 9.79784 32.543 -13 953 0 0 1
0.0371993 -0.112705 700 -0.0240547 -0.023728 6.6887 57.0546 -13 954 0 0 1
0.0228829 0.123705 700 0.0145077 -0.0451926 7.30405 51.0968 -13 955 0 0 1
-6.62163 5.84453 700 0.00244604 0.0241481 0.0407562 47.4119 11 955 1001 0 1
0.299895 -0.164534 700 -0.0173644 -0.125362 6.92118 43.3848 -13 956 0 0 1
-0.416765 0.278892 700 -1.32315 0.0291574 13.9876 37.0333 -13 957 0 0 1
-0.0305088 0.132007 700 0.0549257 0.0314032 11.8812 35.623 -13 958 0 0 1
-0.250261 -0.106506 700 -0.0739078 0.0271095 10.3958 44.8576 -13 959 0 0 1
-0.0577431 0.0684599 700 0.0296183 0.0334635 14.4227 27.1658 -13 960 0 0 1
0.0528912 0.0680039 700 -0.0630771 -0.0809385 11.7843 40.5194 -13 962 0 0 1
0.0944531 0.139511 700 0.0517388 -0.0166372 11.8678 44.2687 -13 963 0 0 1
0.0572194 -0.129846 700 -0.0280998 -0.0274048 10.4728 50.7905 -13 964 0 0 1
-0.00390866 -0.167297 700 -0.0343854 0.0205476 11.3272 38.0022 -13 965 0 0 1
-0.152048 0.184662 700 0.0410471 0.0923119 9.38572 34.8883 -13 966 0 0 1
0.164629 0.910317 700 0.153615 -0.0677754 1.73918 100.379 -13 968 0 0 1
0.165176 -0.0189142 700 0.0254762 -0.0365903 8.86259 41.0714 -13 969 0 0 1
-0.050106 -0.0105279 700 -0.043811 -0.036367 13.249 33.1886 -13 971 0 0 1
-0.21637 0.128121 700 0.0259926 0.0315571 14.4601 32.8808 -13 972 0 0 1
-0.0129323 0.0158595 700 -0.0284917 -0.00158474 13.7627 47.0979 -13 973 0 0 1
-0.0122736 0.0083649 700 0.0787524 -0.0144005 14.4781 37.4352 -13 974 0 0 1
-4.88324 -0.502982 700 0.052582 -0.0219189 0.0812377 36.3436 11 974 1001 0 1
-0.00912056 -0.0369526 700 -0.115382 -0.0219967 10.2763 44.5612 -13 975 0 0 1
0.111547 -0.123636 700 0.00645259 -0.105682 6.66311 43.6729 -13 976 0 0 1
0.111915 0.0656136 700 0.0215649 -0.0678985 9.04412 45.1198 -13 978 0 0 1
-0.0199165 -0.0979216 700 -0.0416501 -0.0220873 13.7138 37.2982 -13 979 0 0 1
0.0846836 0.115385 700 -0.0135385 0.0172125 12.0435 24.8527 -13 980 0 0 1
0.142857 0.130456 700 0.0317539 0.0198643 0.0250564 24.9223 11 980 1002 0 1
0.0294075 -0.00128313 700 0.0304176 -0.00938055 9.6687 26.8976 -13 981 0 0 1
0.00761265 0.0256536 700 -0.0151204 0.00738008 13.6103 31.5356 -13 982 0 0 1
0.0853257 0.322289 700 0.0545257 -0.153728 5.62228 67.5234 -13 983 0 0 1
0.204167 0.0698568 700 -0.098085 -0.244632 9.98626 27.772 -13 984 0 0 1
1.97758 -0.362408 700 -0.0197111 -0.0040609 0.0845992 22.5125 11 984 1001 0 1
-0.317794 0.0583113 700 0.00796279 0.0952196 11.2466 37.8834 -13 985 0 0 1
-0.111354 -0.203474 700 -0.0631711 0.0565779 8.31303 48.883 -13 986 0 0 1
-0.0443075 0.0246476 700 -0.00472921 0.0394029 14.2355 42.5679 -13 987 0 0 1
0.259689 0.216793 700 0.0390313 -0.0956893 6.64209 59.2936 -13 988 0 0 1
-0.556622 0.883824 700 -0.0134901 -0.0268494 1.27936 120.938 -13 989 0 0 1
0.00178737 -0.135385 700 -0.0706562 -0.0152536 14.465 25.8791 -13 990 0 0 1
0.00923646 0.128638 700 0.040755 -0.0291489 10.869 43.3785 -13 991 0 0 1
-0.0867097 0.168907 700 0.0182605 0.0468451 13.0734 44.9276 -13 992 0 0 1
-0.129784 -0.0913618 700 -0.0630349 0.0292611 11.2412 51.5233 -13 993 0 0 1
0.00975368 0.208396 700 0.0617329 -0.062635 12.7631 44.5448 -13 994 0 0 1
-2.27491 0.409761 700 0.03204 -0.0528735 0.0476405 45.3952 11 994 1001 0 1
0.00612659 -0.0894323 700 -0.065234 0.00257811 13.8893 30.3072 -13 995 0 0 1
0.0485079 -0.0272702 700 0.0212514 -0.0420224 13.0369 44.7957 -13 996 0 0 1
0.026629 0.120163 700 0.0701225 -0.0135039 14.5097 26.4013 -13 997 0 0 1
0.09146 0.126905 700 -0.0428017 -0.0777703 10.1961 49.874 -13 998 0 0 1
0.0805522 -0.0875758 700 0.0595298 0.00947309 7.32933 39.0217 -13 999 0 0 1
-0.0318814 -0.0411644 700 -0.000597962 0.0522928 8.41254 51.5703 -13 1000 0 0 1
