#BLTrackFile NTuple/Z720
#x y z Px Py Pz t PDGid EventID TrackID ParentID Weight
#mm mm mm MeV/c MeV/c MeV/c ns - - - - -
-0.023615 0.0705334 720 0.0162066 -0.0127951 11.4946 41.3236 -13 1 0 0 1
-0.402673 0.0127361 720 0.0328163 0.1221 12.5587 42.92 -13 2 0 0 1
0.0959852 0.0473722 720 -0.0930481 -0.117201 9.83144 28.4574 -13 3 0 0 1
-2.03718 7.74968 720 -0.0452919 0.0375433 0.0582057 20.4446 11 3 1001 0 1
-0.00060036 0.0214926 720 -0.0361945 0.0164653 11.1336 27.1841 -13 4 0 0 1
-0.0880103 -0.0183385 720 -0.0969115 0.0168213 6.83852 44.3393 -13 5 0 0 1
-0.0112991 0.264548 720 0.0550477 0.00177606 7.62829 55.4445 -13 6 0 0 1
-0.127971 0.000902766 720 0.00223201 0.0517181 12.0246 34.7907 -13 7 0 0 1
-0.249613 -0.13883 720 -0.00369045 0.0479711 5.06543 64.1954 -13 8 0 0 1
-0.0149555 0.0061218 720 0.0282236 0.0487708 13.6187 42.2916 -13 9 0 0 1
-0.0288034 -0.0329212 720 -0.0628804 0.008989 13.2372 24.3596 -13 10 0 0 1
-0.0520111 0.019859 720 -0.0420409 0.0102471 10.598 26.8733 -13 11 0 0 1
-0.360013 0.287462 720 0.131869 0.0823553 11.8007 25.753 -13 12 0 0 1
0.409011 -1.02199 720 -0.15808 -0.000521991 3.29886 74.228 -13 13 0 0 1
-0.0240593 -0.0226736 720 -0.00692197 0.0162989 10.3061 27.8219 -13 14 0 0 1
1.1365 2.38644 720 -2.29838e-05 -0.0247167 0.091443 17.8849 11 14 1002 0 1
-0.0900912 -0.239148 720 -0.0522361 0.0716362 5.10769 67.9142 -13 15 0 0 1
0.0355753 0.347293 720 0.184132 -0.0167492 8.33005 33.2937 -13 16 0 0 1
-0.0282837 -0.0650982 720 0.0123028 0.0225004 14.5094 24.8568 -13 17 0 0 1
-0.00429147 0.00125365 720 0.0401833 -0.0239597 13.077 48.6377 -13 18 0 0 1
0.302228 0.497562 720 0.131104 -0.0486927 8.255 48.6272 -13 19 0 0 1
0.00265024 0.0775411 720 0.0160026 0.00304528 14.4211 40.6835 -13 21 0 0 1
-0.11857 0.178401 720 0.0313824 -0.00506179 10.4475 26.3 -13 22 0 0 1
-0.0392319 0.00432473 720 0.0101774 -0.0209518 11.7639 51.3242 -13 23 0 0 1
0.0270374 0.0294062 720 0.00542803 0.0103706 8.28723 58.004 -13 24 0 0 1
0.060641 0.10601 720 0.0284172 0.0182964 14.3652 32.1333 -13 25 0 0 1
0.294305 -0.0182671 720 -0.107195 -0.0134316 8.92346 44.2962 -13 26 0 0 1
-0.123615 -0.0773386 720 -0.0217257 -0.0230497 8.42222 40.6598 -13 27 0 0 1
0.0544569 0.0466742 720 0.0183011 -0.0357402 11.5621 50.0321 -13 28 0 0 1
0.0526293 0.0352997 720 0.022629 0.0159469 6.91393 58.0076 -13 29 0 0 1
-0.589221 -0.0944858 720 0.00894029 0.00392319 0.050298 57.9346 11 29 1001 0 1
-0.167435 0.468175 720 0.175306 0.028727 13.6123 21.32 -13 30 0 0 1
0.0673169 0.0493694 720 -0.0137767 -0.00533546 10.343 29.1291 -13 31 0 0 1
0.0306276 -0.335529 720 -0.147956 0.0191578 8.46981 35.796 -13 32 0 0 1
0.754411 -0.175524 720 -0.122532 -0.0064409 2.93484 99.8656 -13 33 0 0 1
0.148702 -0.262255 720 -0.0831772 -0.037542 13.6386 40.5257 -13 34 0 0 1
-0.17709 0.464327 720 -0.057303 0.036557 5.00852 76.227 -13 35 0 0 1
0.261599 0.106839 720 0.0264407 -0.11584 8.55063 54.1662 -13 36 0 0 1
-0.0922988 0.0340637 720 0.0106074 0.0143965 10.3932 52.9198 -13 37 0 0 1
0.0323891 0.0346435 720 -0.00145865 0.000647958 11.8433 45.2897 -13 38 0 0 1
0.0170558 -0.00111428 720 -0.0151593 0.00546813 9.49604 37.3651 -13 39 0 0 1
3.57563 0.511536 720 0.0770314 -0.965549 10.8218 44.3124 -13 40 0 0 1
-0.459404 0.0601039 720 -0.099501 0.0671084 8.87572 32.106 -13 41 0 0 1
0.0694063 0.2061 720 0.0938511 -0.0671028 9.90787 47.6815 -13 42 0 0 1
0.108119 0.113429 720 0.0577951 -8.51729e-05 14.4151 29.9018 -13 43 0 0 1
-0.0999312 -0.1654 720 -0.0461469 -0.0318523 11.2535 41.7922 -13 44 0 0 1
0.290732 -0.0544929 720 0.0557163 -0.109392 10.8516 48.4372 -13 45 0 0 1
-0.0873835 0.18162 720 0.00921691 -0.0622051 4.93162 55.062 -13 46 0 0 1
-0.0226344 0.0817824 720 0.0673413 0.0176941 11.4046 30.8118 -13 47 0 0 1
0.688988 0.743571 720 0.133359 -0.165346 6.63931 48.4514 -13 48 0 0 1
-0.0295379 -0.0123281 720 -0.0389928 0.0181498 13.2683 25.9873 -13 49 0 0 1
0.215614 -0.211522 720 -0.0507035 0.0561145 4.11568 85.8769 -13 50 0 0 1
-0.0775404 0.0096592 720 0.126096 -0.0344367 8.37009 42.7392 -13 51 0 0 1
-0.304555 0.0739505 720 -0.00985061 0.115847 8.1774 32.8276 -13 53 0 0 1
0.703828 0.11643 720 0.0165395 -0.068364 2.38128 89.2102 -13 54 0 0 1
0.0392338 0.0560656 720 0.035078 -0.00153171 10.3886 44.3579 -13 55 0 0 1
0.028012 0.0366497 720 0.0745012 0.00433989 14.0591 27.4117 -13 56 0 0 1
1.70167 2.13731 720 -0.0299817 -0.0584571 0.0424587 30.1278 11 56 1001 0 1
0.0831458 0.0175195 720 0.0135697 -0.0256119 9.7821 53.7161 -13 57 0 0 1
-0.0344333 0.123175 720 0.0379284 0.0898559 8.21617 38.2468 -13 58 0 0 1
3.6917 1.32801 720 -0.00776844 -0.000576112 0.0690691 32.4521 11 58 1001 0 1
0.0850419 0.214921 720 0.156218 0.121332 6.96495 53.6846 -13 59 0 0 1
-0.18725 0.0741502 720 0.0145904 0.0762954 8.21706 52.754 -13 60 0 0 1
-1.71752 -5.08482 720 0.00861829 0.0133005 0.0568804 47.9691 11 60 1001 0 1
0.0862531 -0.0736185 720 -0.044296 -0.00358669 13.9435 34.107 -13 61 0 0 1
-0.137246 0.00257905 720 -0.00414697 0.00841142 9.34679 40.3147 -13 62 0 0 1
0.0333822 0.011512 720 0.0188665 0.000369095 14.0023 46.7505 -13 63 0 0 1
-0.00406614 -0.199061 720 -0.0352047 -0.101803 8.86584 41.6511 -13 64 0 0 1
-0.0602241 -0.216655 720 -0.116789 -0.0158448 5.03624 54.8285 -13 65 0 0 1
0.0823479 0.0940558 720 -0.0189497 0.00707617 7.36857 47.9202 -13 66 0 0 1
0.0490135 -0.050069 720 -0.0163381 -0.0226873 11.5148 34.9446 -13 67 0 0 1
-0.234306 -0.0890326 720 -0.0418314 0.0512065 10.6181 43.7878 -13 68 0 0 1
0.0514725 -0.0497228 720 0.096805 -0.0299002 5.32698 60.6926 -13 69 0 0 1
0.115272 0.12637 720 0.0154311 -0.0240474 11.1498 28.3713 -13 70 0 0 1
0.0780764 0.0787596 720 0.0596141 -0.016766 11.6698 26.0322 -13 71 0 0 1
0.0824848 -0.138338 720 -0.024391 -0.0122402 10.3576 26.4273 -13 72 0 0 1
0.0429809 0.0825068 720 0.0688207 0.143686 6.07052 63.3902 -13 73 0 0 1
-0.0275142 -0.0336271 720 -0.00106115 -0.0221818 10.7131 38.8309 -13 74 0 0 1
0.152092 0.338111 720 0.00213154 0.0026496 7.75851 60.779 -13 75 0 0 1
-0.0414869 -0.0809604 720 0.0264085 -0.022529 12.4787 46.3347 -13 76 0 0 1
0.101377 -0.133694 720 -0.0553104 -0.00212686 8.13951 57.3721 -13 77 0 0 1
0.14166 -0.40541 720 0.0354177 0.0142489 0.037226 57.3819 11 77 1001 0 1
-0.00256514 -0.0631247 720 0.0319267 -0.0506154 13.5449 32.754 -13 78 0 0 1
-0.110479 -0.0238217 720 0.0351317 0.0111283 12.6575 45.4594 -13 79 0 0 1
-0.0143827 0.0120342 720 -0.0114342 0.0315126 10.2794 52.9474 -13 80 0 0 1
0.0498443 0.224306 720 0.0682489 0.0342194 8.65179 52.665 -13 81 0 0 1
-0.066054 -0.184877 720 -0.0332455 0.0153703 13.1989 42.798 -13 82 0 0 1
-0.184767 -0.0366515 720 -0.0352473 0.0533921 9.84435 45.0398 -13 83 0 0 1
0.336339 -0.226703 720 -0.101623 -0.0314408 6.27686 53.8913 -13 84 0 0 1
-0.0980478 0.0431206 720 0.0119631 0.04556 13.6007 22.966 -13 85 0 0 1
0.121583 -0.127066 720 -0.0129839 -0.116567 7.92302 45.2908 -13 86 0 0 1
0.386334 -0.189132 720 -0.0551718 -0.0785951 8.45246 38.6608 -13 88 0 0 1
0.151771 -0.0015423 720 0.00865403 0.0415279 9.95375 36.7739 -13 89 0 0 1
-0.0198434 0.131336 720 -0.0411871 0.0425755 6.65391 47.0094 -13 90 0 0 1
-0.109704 -0.11698 720 -0.0610616 0.0704508 7.12725 63.223 -13 91 0 0 1
-0.0615989 0.301518 720 0.0837857 -0.00885214 6.61891 66.0696 -13 92 0 0 1
0.405825 -0.128738 720 -0.239459 2.85014e-05 7.65923 59.2484 -13 93 0 0 1
0.0155919 -0.287617 720 -0.0104934 0.0281568 5.61648 53.0073 -13 94 0 0 1
-0.0172798 0.00592004 720 0.0486048 -0.0028484 10.7513 35.8117 -13 95 0 0 1
0.0453482 0.0263947 720 0.015358 -0.00832651 12.8535 35.2913 -13 97 0 0 1
0.175308 0.614358 720 0.0338403 -0.441846 9.42922 35.273 -13 98 0 0 1
2.65864 1.51151 720 0.0142518 -0.00768477 0.0850621 26.4933 11 98 1001 0 1
-0.0381322 0.0777459 720 0.0147677 0.0189707 14.0074 23.8256 -13 99 0 0 1
-0.268514 -0.0254454 720 0.0449697 0.115555 12.3077 22.0515 -13 100 0 0 1
-0.445404 -0.0748209 720 -0.0975545 -0.0726632 4.63675 69.5467 -13 101 0 0 1
-0.295449 0.111651 720 0.0676359 0.0472624 9.95059 49.235 -13 103 0 0 1
-0.0817985 -0.0892606 720 -0.012395 0.0164204 9.59543 39.8623 -13 104 0 0 1
0.0873302 0.0508204 720 -0.0168461 -0.00234382 8.78675 35.9762 -13 105 0 0 1
-0.0961971 0.0221558 720 0.0408224 -0.00107203 10.2974 53.1283 -13 106 0 0 1
-0.00699132 -0.0294008 720 -0.0153318 -0.01632 13.7486 36.6849 -13 107 0 0 1
0.397296 0.0380289 720 0.0205962 -0.101143 7.25419 47.7455 -13 108 0 0 1
-0.0496282 0.103594 720 -0.0293955 0.070382 13.5666 19.8802 -13 109 0 0 1
0.243248 0.312775 720 -0.108479 -0.19765 5.42154 49.4264 -13 110 0 0 1
0.130507 0.0542174 720 -0.00491257 -0.0307029 9.82419 30.0406 -13 111 0 0 1
0.0980566 -0.305126 720 -0.0973669 -0.0879603 7.64719 37.4745 -13 112 0 0 1
0.0355101 -0.000238166 720 0.0227779 0.00565893 11.9402 31.9664 -13 113 0 0 1
0.310428 0.213841 720 0.0745933 -0.0969061 8.03013 38.6377 -13 114 0 0 1
0.0377435 0.0171953 720 -0.414032 -0.130706 13.2176 39.2898 -13 115 0 0 1
0.00201836 -0.00390601 720 0.0303066 0.0295069 10.2765 54.3228 -13 116 0 0 1
-0.193179 -0.246704 720 -0.0549066 0.0678074 11.5553 27.5278 -13 117 0 0 1
-0.0753931 -0.44453 720 -0.0662877 0.0804926 5.80085 48.7525 -13 118 0 0 1
0.0925211 0.0358165 720 -0.0144791 -0.0501004 10.9596 43.3129 -13 119 0 0 1
0.382917 -0.313616 720 0.00180308 -0.0313627 7.4807 48.2132 -13 120 0 0 1
0.162006 0.074371 720 -0.0111439 -0.0818023 7.93891 60.2326 -13 121 0 0 1
0.0330909 -0.0901557 720 -0.0267801 0.0275412 8.97245 35.1231 -13 122 0 0 1
-0.225065 -0.269114 720 -0.0357422 -0.0155284 4.93922 73.1211 -13 123 0 0 1
-0.0142381 -0.0899366 720 -0.0610482 -0.0232362 12.9916 35.3075 -13 124 0 0 1
0.0808491 -0.0539292 720 -0.0147949 -0.0636699 11.4515 49.1446 -13 125 0 0 1
0.147712 -0.710336 720 -0.142826 -0.181392 11.719 47.1935 -13 126 0 0 1
-0.0466671 -0.316067 720 -0.0487593 0.0262137 9.5967 32.7295 -13 127 0 0 1
0.138596 0.0410269 720 -0.0252891 -0.0798728 13.4997 28.955 -13 128 0 0 1
0.0593962 0.001899 720 -0.0739131 0.00604465 13.4868 32.0315 -13 129 0 0 1
-0.115349 -0.120561 720 -0.0297445 0.0522945 10.4525 47.016 -13 130 0 0 1
0.0495676 -0.103334 720 0.0424012 -0.0345554 9.11747 36.4112 -13 131 0 0 1
-0.0643578 -0.00657259 720 0.175859 -0.182223 13.2386 42.0933 -13 132 0 0 1
0.150819 0.094492 720 0.05539 -0.0588504 14.5103 36.9442 -13 133 0 0 1
-0.0641114 -0.208098 720 -0.0327583 0.124946 7.23055 54.1601 -13 134 0 0 1
0.0291081 -0.0216248 720 -0.0118654 -0.0134357 13.344 23.8341 -13 135 0 0 1
-0.0146718 -0.098672 720 -0.038441 0.0115686 12.9747 31.9526 -13 136 0 0 1
-0.122525 0.331331 720 0.0434048 -0.0452819 7.19679 39.6699 -13 137 0 0 1
-0.0313165 -0.178932 720 0.00231558 -0.0058155 4.45136 60.8222 -13 138 0 0 1
-0.148506 -0.0294587 720 -0.0268872 0.0104452 11.4753 42.2895 -13 139 0 0 1
0.0359855 -0.121139 720 -0.0398045 -0.0363055 14.1385 43.55 -13 140 0 0 1
-0.0116913 0.0446354 720 -0.0158757 0.00848725 13.8167 20.0184 -13 141 0 0 1
-0.139762 -0.0285082 720 -0.00643947 0.0444685 13.7449 30.669 -13 142 0 0 1
-0.207709 -0.228846 720 -0.0309425 0.0777677 11.0256 29.1267 -13 143 0 0 1
-0.0528744 -0.0113119 720 0.00566979 0.0267241 14.3886 38.7923 -13 144 0 0 1
-0.128927 0.163184 720 -0.0220421 0.0508874 9.85811 51.5284 -13 145 0 0 1
0.19609 0.0730494 720 -0.00243745 0.00506415 9.21336 38.6298 -13 146 0 0 1
-0.0318756 0.018562 720 0.013153 -0.0208182 11.2265 38.3709 -13 147 0 0 1
-0.0302483 0.115475 720 0.0226292 -0.0216689 7.33746 48.0887 -13 148 0 0 1
0.0533702 -0.0910291 720 0.0338968 -0.0160963 6.98088 45.1884 -13 149 0 0 1
-0.0554648 -0.0370581 720 -0.0133634 -0.000532157 13.8429 39.4275 -13 150 0 0 1
-0.193762 -0.102819 720 0.0192718 -0.0319784 8.06035 35.3124 -13 151 0 0 1
-0.0085213 -0.0276569 720 -0.0171056 0.00803158 14.13 42.733 -13 152 0 0 1
0.223994 0.0771392 720 -0.0500589 -0.0374771 13.6883 42.7522 -13 153 0 0 1
-0.124588 -0.190758 720 -0.0121309 0.0262962 9.44171 44.5445 -13 154 0 0 1
-0.105194 0.0396438 720 0.0648916 0.0368417 9.93447 51.2367 -13 155 0 0 1
0.105061 -0.132542 720 -0.0348238 -0.019004 11.976 38.4463 -13 156 0 0 1
-0.0286908 0.0496147 720 0.0200235 -0.0394132 13.2384 28.9261 -13 157 0 0 1
0.215138 -0.29797 720 -0.167052 0.10014 8.38127 40.8411 -13 158 0 0 1
0.326553 -1.65146 720 0.0346614 0.0105183 0.0396015 40.7056 11 158 1001 0 1
0.0281107 -0.0247754 720 0.00559719 0.00852039 14.3333 41.1704 -13 159 0 0 1
-0.125655 0.0369108 720 -0.0290115 -0.0107006 7.46422 43.0031 -13 160 0 0 1
-0.06326 0.228159 720 0.106991 0.0408966 14.1032 25.492 -13 161 0 0 1
0.12252 -0.0166961 720 -0.0289977 -0.0558376 9.71818 41.8414 -13 162 0 0 1
0.227941 -0.130268 720 0.00766298 -0.0445038 9.7261 29.5605 -13 163 0 0 1
-0.0397788 0.152417 720 0.0450332 -0.00227653 14.2185 38.5402 -13 164 0 0 1
-0.0469101 0.0532666 720 0.0423828 -0.0275837 12.3352 45.7648 -13 165 0 0 1
-0.0139772 -0.245049 720 -0.108354 0.0431257 11.0062 52.2218 -13 166 0 0 1
-0.189965 0.0216435 720 -0.098279 -0.0102888 9.82513 31.2038 -13 167 0 0 1
0.103404 0.0566208 720 0.00645563 -0.00891224 11.4174 23.7105 -13 168 0 0 1
0.110656 -0.0702959 720 -0.0342496 -0.0476456 13.0601 46.3595 -13 169 0 0 1
0.0568003 -0.0819767 720 -0.0124721 -0.0979823 8.92104 47.8602 -13 170 0 0 1
0.0463397 0.0710065 720 -0.0174828 -0.00150408 14.5063 40.0608 -13 171 0 0 1
-0.20236 -0.127773 720 0.0694183 0.0690329 11.8493 36.5979 -13 172 0 0 1
-0.0548446 0.101735 720 0.0279466 0.0109006 13.042 21.1701 -13 173 0 0 1
-0.00342413 -0.160521 720 -0.0104202 0.0226687 9.73017 50.1911 -13 174 0 0 1
-0.0445947 -0.0470782 720 0.0128684 -0.0407732 10.6642 26.892 -13 175 0 0 1
0.0914049 -0.492785 720 -0.175696 0.0585796 10.7677 38.3929 -13 176 0 0 1
0.208819 -0.936137 720 0.0441172 0.0420599 3.06548 80.4575 -13 177 0 0 1
-0.5142 0.364516 720 0.0419573 0.123649 5.51487 57.1391 -13 178 0 0 1
-0.102531 0.423827 720 0.178048 0.267006 5.42348 62.3329 -13 179 0 0 1
-0.55078 1.00163 720 0.362018 0.124177 7.09797 59.5067 -13 180 0 0 1
0.0215248 -0.0546965 720 0.042985 -0.0889011 8.76076 55.9033 -13 181 0 0 1
0.0141866 0.0650775 720 0.0215886 0.0377557 9.24692 45.4196 -13 182 0 0 1
0.130568 -0.111154 720 -0.0557693 -0.0396859 14.0237 24.0505 -13 183 0 0 1
0.157721 -0.251977 720 -0.048967 -0.0870726 12.26 25.9541 -13 184 0 0 1
0.108696 -0.529643 720 -0.131812 -0.0420939 11.5005 38.4634 -13 185 0 0 1
-0.0334215 0.0556736 720 0.0589989 -0.013986 11.8692 51.0622 -13 186 0 0 1
0.344485 0.0295368 720 0.0205562 -0.0912651 4.61062 57.228 -13 187 0 0 1
-0.12555 0.108304 720 -0.00189168 0.0589062 8.54944 46.6544 -13 188 0 0 1
0.230886 -1.29282 720 0.0288167 0.0128973 0.0519592 46.5717 11 188 1001 0 1
-0.0207133 0.0197802 720 0.0879007 -0.050581 5.74718 44.9239 -13 189 0 0 1
0.18032 -4.07152 720 0.0114175 0.011233 0.044233 42.8888 11 189 1001 0 1
-0.0488812 -0.0825108 720 -0.0294694 0.0293093 8.39205 36.3476 -13 190 0 0 1
-1.04678 0.292497 720 0.00995619 0.299254 12.2305 27.3018 -13 191 0 0 1
0.115289 0.0675198 720 -0.0399661 -0.057544 12.073 27.2946 -13 192 0 0 1
0.100141 0.179256 720 -0.0122052 0.0160815 10.3232 32.1116 -13 194 0 0 1
0.195869 0.1305 720 0.0502616 -0.0889166 10.849 45.8248 -13 195 0 0 1
-0.165656 0.0983851 720 -0.0151786 0.0834654 11.6822 51.618 -13 196 0 0 1
-0.107479 0.156396 720 0.0596466 0.0136825 12.2982 25.6888 -13 198 0 0 1
-0.0407977 -0.00715548 720 0.00975852 0.0186348 12.9234 34.5039 -13 199 0 0 1
-0.040146 -0.0963171 720 -0.0170071 0.0148976 11.5949 44.151 -13 201 0 0 1
0.322605 0.0158991 720 0.0408914 -0.129679 12.0059 42.5656 -13 202 0 0 1
-0.0696946 -0.0117968 720 -0.00984807 0.0434508 14.454 38.8358 -13 203 0 0 1
-0.0741263 0.501023 720 0.110721 0.0752587 5.37433 55.5515 -13 204 0 0 1
-0.0740707 -0.0174577 720 -0.000912754 -0.00601649 7.13817 47.0074 -13 205 0 0 1
-0.301869 -0.0155059 720 0.00321239 0.111848 9.23311 55.9445 -13 207 0 0 1
-0.0674518 -0.00216267 720 0.00578407 0.0277844 13.7094 31.9597 -13 209 0 0 1
-1.46685 -1.91111 720 0.00148423 0.742199 2.55252 104.212 -13 210 0 0 1
-0.0574264 0.0217252 720 -0.098389 -0.0626501 6.49087 54.1994 -13 211 0 0 1
-0.0416483 0.0758705 720 0.261197 0.00738033 13.9354 20.0996 -13 212 0 0 1
0.168943 -0.18198 720 -0.0586321 -0.0471216 8.94586 57.7426 -13 213 0 0 1
0.0835444 -0.0693511 720 -0.0137861 -0.0203019 9.78363 44.6258 -13 214 0 0 1
0.116884 0.129881 720 -0.00560399 0.0513125 3.88255 75.8227 -13 215 0 0 1
0.10747 -0.0114359 720 0.0313462 -0.0646987 9.88443 38.3748 -13 216 0 0 1
-0.0670218 0.253848 720 0.0979587 -0.115953 9.43446 40.3825 -13 217 0 0 1
0.0411721 -0.0146109 720 0.0633266 0.0274823 5.07491 64.2457 -13 218 0 0 1
0.031403 -0.208124 720 -0.0546355 0.00932545 9.73611 36.8197 -13 219 0 0 1
0.120501 -0.0386657 720 -0.0195043 -0.0476706 13.3197 31.347 -13 220 0 0 1
0.271978 -0.344814 720 0.110527 -0.23043 3.26198 79.5497 -13 221 0 0 1
0.00617543 -0.0990361 720 -0.0301908 -0.0595512 8.91181 35.9254 -13 222 0 0 1
-0.141417 -0.122829 720 0.0253269 0.00255195 8.62892 33.2363 -13 223 0 0 1
0.421656 0.207496 720 0.0812178 -0.0308259 6.02265 70.8045 -13 224 0 0 1
-5.73763 2.1076 720 0.00962355 0.0217578 0.0323166 70.794 11 224 1001 0 1
-0.0019597 0.00967271 720 0.0169161 -0.0396832 12.3371 41.9471 -13 225 0 0 1
-0.0738085 -0.0705612 720 -0.0431427 0.0683677 10.0723 44.6494 -13 226 0 0 1
-0.129361 0.0963878 720 0.011448 0.0842096 12.6095 40.3359 -13 227 0 0 1
-0.0570296 0.221786 720 0.0179541 0.107273 13.4972 32.603 -13 228 0 0 1
0.12239 0.0485279 720 -0.00838793 -0.0405051 13.4322 30.1831 -13 229 0 0 1
-0.343422 0.345114 720 0.122701 0.034244 11.9445 23.1744 -13 230 0 0 1
-0.00960781 -0.0218636 720 -0.0577464 0.0542527 8.99156 54.8456 -13 231 0 0 1
-0.117138 -0.0238532 720 0.052003 -0.0237438 6.24221 59.7384 -13 232 0 0 1
-0.0592145 -0.0709891 720 -0.00726774 -0.122402 10.9543 51.5603 -13 233 0 0 1
0.0862084 0.022084 720 -0.0119821 -0.0297448 12.4821 23.8187 -13 234 0 0 1
0.163639 0.362478 720 0.0606138 0.0403755 6.27464 63.9637 -13 235 0 0 1
-0.071394 -0.227078 720 -0.150057 -0.0201239 4.37125 76.4143 -13 236 0 0 1
5.62852 -0.58582 720 -0.00549148 -0.00131823 0.0147755 74.7516 11 236 1002 0 1
0.0774161 0.063185 720 0.0610828 -0.0412243 8.34281 45.8544 -13 237 0 0 1
-0.0760365 -0.241379 720 -0.076408 0.0551366 9.41042 32.3136 -13 238 0 0 1
0.0551035 0.0525729 720 0.0130992 -0.068539 12.7659 32.065 -13 239 0 0 1
-0.0541249 -0.00628059 720 -0.0243928 0.00954057 12.7462 25.7695 -13 240 0 0 1
-0.0593135 -0.0671087 720 -0.0760628 -0.0136383 12.787 22.5242 -13 241 0 0 1
-0.116959 -0.103107 720 0.0277218 0.172623 10.9154 40.0512 -13 242 0 0 1
0.0301997 -0.110121 720 -0.0479029 -0.0562858 13.7906 46.7419 -13 243 0 0 1
0.0639033 0.26499 720 0.0225481 -0.00680905 8.63913 53.2673 -13 244 0 0 1
0.470976 0.534215 720 0.18148 -0.135122 12.9039 32.5171 -13 245 0 0 1
0.103394 -0.078668 720 -0.0686045 -0.00993349 8.06111 40.7764 -13 246 0 0 1
-0.0774178 0.0435972 720 0.00348123 0.00719621 11.6258 32.7661 -13 247 0 0 1
-0.096215 0.0484052 720 0.0261793 0.0334449 11.8198 49.403 -13 248 0 0 1
0.0530416 -0.00190473 720 -0.00272666 -0.0123696 12.332 31.8186 -13 249 0 0 1
0.209706 0.0744528 720 0.104822 -0.0702596 10.2777 44.4625 -13 250 0 0 1
2.30959 -0.025602 720 -0.0370045 0.0309295 0.0592745 43.8419 11 250 1001 0 1
-0.0489247 -0.310529 720 -0.0720795 0.0122624 8.2819 57.1468 -13 251 0 0 1
0.118195 0.00449279 720 -0.0162941 -0.0280677 12.969 27.6403 -13 252 0 0 1
0.402989 -0.209466 720 0.0182551 -0.128265 11.8996 43.0021 -13 253 0 0 1
0.193064 -0.130908 720 0.0312588 0.0249715 8.30513 35.5365 -13 254 0 0 1
-0.0878466 0.0136908 720 -0.00252604 -0.00271608 12.0505 29.17 -13 255 0 0 1
0.20008 0.125563 720 -0.0194608 -0.145343 12.2328 21.9754 -13 256 0 0 1
0.176043 0.0723328 720 -0.0126017 -0.0288174 11.2782 34.1376 -13 257 0 0 1
0.133094 0.101448 720 -0.0117669 -0.0714704 11.7211 38.8664 -13 258 0 0 1
0.116071 -0.0265256 720 -0.04554 -0.0183186 14.4494 23.4636 -13 259 0 0 1
-0.0796994 0.0314911 720 -0.00703527 -0.0131733 14.2145 42.0822 -13 260 0 0 1
0.132073 -0.0813908 720 -0.059584 -0.0203301 13.8373 33.8749 -13 261 0 0 1
-0.0357401 -0.208947 720 -0.106378 -0.0403124 12.9475 39.3391 -13 262 0 0 1
0.0389127 -0.125872 720 -0.0352177 -0.0269023 10.5231 32.1606 -13 263 0 0 1
0.321024 0.334246 720 -0.355658 0.00649787 3.0837 95.2708 -13 264 0 0 1
-0.0503021 -0.0402702 720 -0.00658463 -0.00103911 12.8028 44.0075 -13 265 0 0 1
0.222342 0.23208 720 0.020992 -0.0466984 11.3142 47.4114 -13 266 0 0 1
0.0370698 0.0577115 720 0.024122 0.00146356 14.0531 41.0415 -13 267 0 0 1
-0.160963 -0.0402079 720 0.0623879 0.0171913 12.2496 26.7933 -13 268 0 0 1
0.0411329 0.354878 720 0.0679938 -0.00664758 11.8971 33.6697 -13 269 0 0 1
0.0889641 -0.443031 720 0.0500732 0.137502 2.89684 104.694 -13 270 0 0 1
-0.0968022 0.0241303 720 0.0915803 0.0194051 7.23125 62.6839 -13 271 0 0 1
0.0513688 -0.00295345 720 0.00177239 -0.0204929 14.4535 27.978 -13 272 0 0 1
0.096653 0.0143884 720 0.0489046 -0.00488629 8.02648 42.2258 -13 273 0 0 1
-2.12857 -4.37701 720 0.034426 -0.0334465 0.0329435 39.1597 11 273 1001 0 1
0.127502 -0.197197 720 -0.127451 -0.0199761 12.6038 47.6363 -13 274 0 0 1
0.126843 0.108481 720 0.0167077 -0.0661748 8.69743 49.0584 -13 275 0 0 1
1.03547 -1.06061 720 0.0126848 -0.0441935 0.0338377 48.7225 11 275 1001 0 1
0.071911 -0.0237316 720 0.0496023 0.00961852 11.5216 28.2404 -13 276 0 0 1
-0.101324 -0.0456152 720 -0.0508991 0.0475911 9.56276 51.9239 -13 277 0 0 1
0.760313 -0.171806 720 0.0326254 -0.0271653 0.046814 51.9572 11 277 1001 0 1
-0.021 0.0223834 720 0.0295651 0.00790896 13.7514 31.6925 -13 278 0 0 1
0.0372799 -0.131533 720 -0.0632074 -0.00635587 13.3292 40.1372 -13 279 0 0 1
-0.127765 -0.171527 720 -0.158506 0.162898 6.26842 47.0098 -13 280 0 0 1
-0.0474345 -0.0326626 720 0.0635728 0.0218396 8.1233 51.5858 -13 281 0 0 1
0.0270946 -0.0783424 720 -0.00952417 0.0246492 9.49904 50.4518 -13 282 0 0 1
-0.0293556 -0.00537347 720 -0.00761304 0.0221779 10.6887 31.4441 -13 283 0 0 1
-0.0286809 -0.15398 720 -0.0793052 0.0216519 7.16392 49.2135 -13 284 0 0 1
-0.35471 -0.509264 720 -0.170119 0.0241474 2.64756 109.166 -13 285 0 0 1
0.0816582 0.178778 720 0.0621891 0.0602549 6.71971 63.8921 -13 286 0 0 1
-0.0202662 0.108225 720 -0.0716392 -0.00213771 10.8569 52.0066 -13 287 0 0 1
0.0256545 -0.112466 720 -0.0512036 -0.0313528 11.948 47.2005 -13 288 0 0 1
0.0713822 -0.198501 720 -0.0940692 0.0145817 9.37561 44.8952 -13 289 0 0 1
1.5089 -1.33857 720 0.0270859 0.0140268 0.0726124 44.3038 11 289 1001 0 1
-0.159372 -0.0535844 720 0.0120605 0.0582577 9.03362 37.1358 -13 290 0 0 1
0.284346 -0.180605 720 -0.00778742 0.0039575 6.8463 55.8834 -13 291 0 0 1
0.0448911 0.0967701 720 0.0470417 0.00665871 13.2649 22.8997 -13 292 0 0 1
0.00174655 0.0596092 720 0.0561822 0.0167474 7.3613 63.8267 -13 293 0 0 1
0.0163937 -0.048857 720 -0.0396564 0.000982346 13.8185 48.4159 -13 294 0 0 1
-0.377374 -0.0537223 720 0.00332195 0.16241 7.18221 58.492 -13 295 0 0 1
0.405806 0.0945715 720 0.0478151 -0.019398 5.97654 57.6412 -13 296 0 0 1
-0.217321 0.171255 720 0.11948 0.0109328 11.9717 26.4791 -13 297 0 0 1
-0.0410406 0.0773546 720 0.0016517 0.0286577 12.164 34.1006 -13 299 0 0 1
0.368446 -0.460655 720 -0.191981 -0.0340206 2.82722 104.451 -13 300 0 0 1
0.102916 -0.287435 720 -0.0376512 -0.0167441 8.18821 57.8178 -13 301 0 0 1
0.0393433 0.339823 720 0.172426 -0.0924967 7.49163 50.097 -13 302 0 0 1
0.163253 0.0626511 720 0.0342773 -0.0831539 11.6525 35.3104 -13 303 0 0 1
0.267123 -0.031415 720 0.0714719 -0.0674305 7.62429 50.6338 -13 304 0 0 1
5.63783 -2.86908 720 0.0261615 0.00991063 0.0395122 49.2073 11 304 1001 0 1
-0.0421298 -0.0161899 720 0.00127802 0.0170045 11.0781 33.5738 -13 305 0 0 1
0.0873353 -0.0255983 720 -0.0238875 -0.056556 9.68629 42.0818 -13 306 0 0 1
0.00208518 0.140629 720 0.294493 0.142577 4.20825 68.8796 -13 307 0 0 1
0.0718181 0.0917715 720 0.0230691 0.00856278 12.3802 27.5736 -13 308 0 0 1
-0.477993 0.168912 720 0.0577217 0.135133 9.53163 47.2244 -13 309 0 0 1
-0.0602853 0.0690376 720 0.077873 0.0946391 5.60883 54.449 -13 310 0 0 1
-0.116812 -0.0993552 720 -0.0350328 0.0404751 13.9724 35.8578 -13 311 0 0 1
0.0188762 0.00822981 720 -0.00641826 0.00632698 12.1506 28.434 -13 312 0 0 1
-0.0964209 0.0577492 720 -0.0296131 0.0478143 13.0416 21.8749 -13 313 0 0 1
0.024085 -0.10117 720 -0.0431241 -0.0316642 13.7731 20.569 -13 314 0 0 1
-0.136954 -0.1431 720 0.0195742 0.0359993 0.0179177 20.7493 11 314 1001 0 1
1.39824 3.44042 720 -0.0146339 -0.0343295 0.0280503 22.2802 11 314 1002 0 1
-0.0717019 0.0343699 720 0.0465668 0.0142034 11.615 26.2331 -13 315 0 0 1
-0.110121 0.0133704 720 -0.06338 -0.0166137 9.06882 34.9887 -13 316 0 0 1
-0.465483 0.512201 720 0.0523798 -0.0144912 1.35312 110.854 -13 317 0 0 1
-0.196826 -0.382449 720 -0.135568 -0.0224649 6.05754 47.6606 -13 318 0 0 1
-0.109195 -0.117957 720 -0.0076507 0.0398917 13.8073 24.728 -13 320 0 0 1
0.140054 -0.116483 720 -0.0332988 -0.0432153 9.98098 31.5477 -13 321 0 0 1
0.119928 0.0799617 720 0.00120778 -0.0272132 12.7403 26.2344 -13 322 0 0 1
-0.113679 -0.299963 720 -0.0415622 0.0550156 6.0286 49.4045 -13 323 0 0 1
0.0851755 -0.311373 720 -0.0520453 0.00868325 11.4331 49.5485 -13 325 0 0 1
0.0196972 -0.0113397 720 0.00350803 -0.0185646 10.6995 44.6293 -13 326 0 0 1
-0.0932724 -0.0801346 720 -0.0194459 0.0251691 12.4454 34.0326 -13 327 0 0 1
0.191675 -0.0252846 720 0.156499 -0.133349 3.98548 81.0602 -13 328 0 0 1
-0.0852701 -0.268718 720 -0.0683025 0.010024 11.9733 43.983 -13 329 0 0 1
-0.57146 0.112267 720 -0.00331467 0.20127 8.91085 37.0795 -13 330 0 0 1
-0.0794326 -0.0540308 720 -0.0131456 0.0892548 5.46162 46.8448 -13 331 0 0 1
0.433312 0.781689 720 -0.05848 -0.0185762 4.74956 58.0514 -13 332 0 0 1
-0.110837 0.130142 720 0.0477763 0.0200735 9.80108 37.5849 -13 333 0 0 1
0.0828776 -0.0828904 720 -0.0135732 -0.0341386 0.036246 38.7875 11 333 1001 0 1
-0.0301021 0.123097 720 0.0894671 0.0137022 12.8512 22.9482 -13 334 0 0 1
0.234729 0.0967821 720 -0.0158429 -0.0577379 14.2467 39.5409 -13 335 0 0 1
0.0652292 -0.2607 720 0.0222921 -0.0500053 5.63699 58.6414 -13 336 0 0 1
-0.0480183 0.0309165 720 0.00943358 0.0378301 13.7319 37.4506 -13 337 0 0 1
-0.0690717 0.100512 720 -0.0668991 0.0965373 9.63811 51.3945 -13 338 0 0 1
0.0421205 -0.231944 720 -0.173036 -0.0151051 9.31085 56.4707 -13 339 0 0 1
0.00218698 -0.0152494 720 0.0352426 0.0064041 12.4535 48.5193 -13 341 0 0 1
0.0762042 -0.121197 720 -0.0557288 0.00262178 13.2393 26.1245 -13 344 0 0 1
-0.36821 -0.625954 720 -0.100029 0.174369 9.63395 27.5232 -13 345 0 0 1
-3.86682 -3.52666 720 -0.00241076 0.0357012 0.0385291 31.1825 11 345 1002 0 1
0.0103456 0.00600511 720 0.0413552 0.0234273 13.4515 34.5856 -13 346 0 0 1
-0.040992 -0.00114247 720 0.0172181 -0.035759 12.0987 36.178 -13 347 0 0 1
0.0764093 0.0165311 720 0.0138761 -0.0684233 13.7803 45.3711 -13 348 0 0 1
-0.259896 0.103102 720 0.117888 0.151023 7.06792 50.4063 -13 349 0 0 1
-0.0946022 0.0379121 720 0.0680252 -0.0333142 7.71325 56.4468 -13 350 0 0 1
2.57681 1.88274 720 1.02044 0.0926183 4.1553 65.8746 -13 351 0 0 1
-0.497026 -0.430413 720 -0.0249211 0.182419 3.97995 71.7938 -13 352 0 0 1
0.0105286 -0.203593 720 -0.108526 0.0276459 10.8407 51.2306 -13 354 0 0 1
-1.12748 0.0784068 720 0.170448 -0.0312711 2.67103 97.3675 -13 355 0 0 1
-0.122416 -0.10569 720 0.0603167 0.0880344 9.75494 54.3655 -13 356 0 0 1
-0.106892 0.211675 720 -0.0254774 0.0245541 10.6218 51.714 -13 357 0 0 1
5.21406 2.39289 720 -0.0205344 0.0421309 0.0398161 55.2054 11 357 1002 0 1
0.00575973 -0.117407 720 -0.0929065 0.0416629 10.8753 41.325 -13 358 0 0 1
0.0679019 -0.0326818 720 0.00503608 -0.0162326 11.7882 28.3166 -13 359 0 0 1
0.0338831 0.0446962 720 0.0245959 -0.0202413 13.5025 40.9397 -13 360 0 0 1
-0.00263022 -0.204762 720 0.0208368 -0.0114182 3.52269 71.9544 -13 361 0 0 1
-0.00632576 0.111738 720 0.0633431 0.00374473 8.73965 30.4715 -13 362 0 0 1
0.150358 -0.174635 720 -0.0128398 -0.081852 12.1608 49.8435 -13 363 0 0 1
-0.0314359 -0.0226576 720 0.00333571 0.0257965 14.4472 22.937 -13 364 0 0 1
0.115527 0.0030419 720 -0.000194113 -0.0156461 11.8428 26.777 -13 365 0 0 1
-0.0770822 -0.145066 720 -0.0697658 0.0234996 7.86801 33.6377 -13 366 0 0 1
-0.0969086 0.219076 720 0.0823564 -0.0145216 11.7097 46.8509 -13 367 0 0 1
-0.159967 -0.100473 720 0.0652439 0.094502 5.94539 61.81 -13 368 0 0 1
-0.0977147 -0.0191621 720 -0.0260409 0.0452807 6.43355 43.5451 -13 370 0 0 1
-0.215083 -0.18631 720 -0.189956 0.0663177 14.5176 35.8022 -13 371 0 0 1
-0.253813 -0.11777 720 0.0283805 0.104581 14.197 27.6118 -13 373 0 0 1
-0.276877 -0.149364 720 -0.201759 0.0285069 4.90041 57.0457 -13 374 0 0 1
0.0239527 0.0304225 720 0.00439459 0.00225885 13.3661 41.5294 -13 375 0 0 1
1.27261 0.724696 720 0.291573 -0.199078 6.58171 51.6281 -13 376 0 0 1
-0.0856764 -0.0412568 720 0.0193407 0.00908606 10.5066 34.7996 -13 377 0 0 1
-0.229853 -0.303556 720 -0.0549627 -0.0236811 7.38609 37.7994 -13 379 0 0 1
-0.0633789 0.335812 720 0.125391 -0.0147498 10.7063 29.5611 -13 380 0 0 1
-0.0304212 0.151967 720 0.0270386 -0.00996785 7.77999 45.6213 -13 381 0 0 1
0.066202 -0.129551 720 -0.060412 -0.0102714 13.3963 32.1014 -13 382 0 0 1
-0.187759 -0.0101336 720 0.0310139 0.134866 14.0994 33.0968 -13 384 0 0 1
-0.0229309 0.0332641 720 0.0221771 -0.0209956 14.4585 27.3635 -13 386 0 0 1
-0.0777423 -0.140222 720 -0.0358165 0.0192037 14.4272 36.0428 -13 387 0 0 1
0.26616 0.0956543 720 -0.00669508 -0.0770628 9.33846 51.366 -13 388 0 0 1
-0.00939475 0.250717 720 0.0799178 0.0473208 13.4373 38.0846 -13 389 0 0 1
-4.3787 0.997579 720 -0.0151346 0.0262943 0.0596656 40.8146 11 389 1001 0 1
-0.175286 0.307752 720 0.134414 -0.00404436 10.3105 34.4441 -13 390 0 0 1
-0.101139 -0.124185 720 -0.0364733 0.0650985 8.66536 58.0002 -13 391 0 0 1
-0.25892 -0.108111 720 0.157681 0.0287954 8.11396 59.0365 -13 392 0 0 1
-0.218802 0.147038 720 0.0398592 -0.157125 3.77391 66.9525 -13 393 0 0 1
0.327242 0.870347 720 -0.634336 -0.281745 3.58744 74.5366 -13 394 0 0 1
0.236499 -0.51969 720 -0.119775 -0.0699869 14.1007 27.5672 -13 395 0 0 1
0.476439 0.00159095 720 0.0041943 0.0272297 -0.0310349 33.5759 11 395 1001 0 1
0.0405666 -0.0510525 720 -0.0182444 -0.00377734 7.05272 52.4881 -13 396 0 0 1
0.0451346 -0.0238039 720 0.0355054 -0.00842518 14.4961 25.5708 -13 397 0 0 1
0.0142435 0.00674512 720 -0.0201766 -0.00481837 13.3017 27.0769 -13 398 0 0 1
-0.0195869 0.0457165 720 0.0375635 0.0386388 12.614 24.1776 -13 399 0 0 1
-0.19281 0.0182009 720 0.0047148 0.0701886 11.6424 33.8501 -13 400 0 0 1
-0.0665783 0.162889 720 0.0259943 -0.00246753 11.172 36.5959 -13 401 0 0 1
0.342756 0.24863 720 -0.019977 -0.0979801 7.2935 36.8289 -13 402 0 0 1
0.1645 0.150884 720 -0.010343 -0.0926081 5.67792 64.6838 -13 403 0 0 1
0.0107203 0.112166 720 0.0309897 0.0370001 14.3906 26.7195 -13 404 0 0 1
0.304193 -0.0164127 720 0.134568 -0.161765 12.7752 37.632 -13 405 0 0 1
3.86832 -1.09212 720 -0.0472499 0.0384154 0.0706242 36.6092 11 405 1001 0 1
0.0911217 -0.325625 720 -0.0935111 -0.0520398 7.08813 51.3289 -13 406 0 0 1
0.423021 0.406387 720 0.06655 -0.0834881 4.66551 77.3278 -13 407 0 0 1
-0.234872 0.10596 720 -0.0135277 0.0455765 10.855 45.4581 -13 408 0 0 1
1.87106 -2.54721 720 0.00902796 0.0453704 0.0381027 47.8428 11 408 1001 0 1
1.72165 -4.91421 720 -0.00276367 -0.0395728 -0.00458936 56.6298 11 408 1001 0 1
1.95495 -5.50551 720 -0.0183175 -0.0349685 -0.00346003 56.9145 11 408 1001 0 1
1.26649 -6.37272 720 -0.0371027 0.0122492 0.00136466 57.7444 11 408 1001 0 1
0.0433855 -0.0118131 720 0.103031 0.0237118 12.1979 24.9784 -13 409 0 0 1
-0.0930184 -0.299992 720 0.00118787 0.0785332 7.17263 45.9894 -13 410 0 0 1
0.277249 -0.0937387 720 0.0798622 -0.107143 6.81327 42.7584 -13 411 0 0 1
0.0468374 0.0347957 720 -0.051926 -0.0487308 7.22683 40.134 -13 412 0 0 1
-0.0709337 -0.054911 720 -0.109944 0.212138 5.55187 46.0426 -13 413 0 0 1
-0.0706121 -0.11398 720 -0.0234119 -0.0337948 9.81288 33.0435 -13 414 0 0 1
0.00398083 -0.139608 720 -0.0915806 -0.0056033 8.23656 38.382 -13 415 0 0 1
-0.210562 -0.000888992 720 -0.00859959 -0.0105906 12.6172 34.5893 -13 416 0 0 1
0.3066 0.183253 720 -0.04728 -0.225141 6.42161 45.4729 -13 417 0 0 1
-0.210475 0.0114135 720 0.0578121 0.0980466 9.94775 52.4236 -13 418 0 0 1
-0.502879 0.46763 720 -0.0270306 0.033876 0.051136 49.5113 11 418 1001 0 1
0.139139 0.272186 720 0.0907365 0.0842853 7.66437 47.4679 -13 419 0 0 1
0.1771 -0.199007 720 -0.0716687 -0.105722 12.473 30.929 -13 420 0 0 1
-0.0370817 0.00788762 720 -0.0303035 -0.0148011 13.2001 24.6734 -13 421 0 0 1
0.260677 0.379865 720 0.150028 -0.163785 7.01664 40.4262 -13 422 0 0 1
-4.68995 1.67313 720 -0.0238606 -0.030996 0.0148043 40.4702 11 422 1001 0 1
0.039013 -0.146875 720 0.100945 0.0568557 9.31815 37.7609 -13 424 0 0 1
-0.0621115 0.228322 720 0.118215 -0.10595 5.00705 78.8786 -13 425 0 0 1
-0.0759226 -0.000883339 720 -0.0422859 0.0213846 4.92437 74.8146 -13 426 0 0 1
0.128767 -0.0539368 720 -0.0476415 -0.0318738 10.8034 49.8408 -13 427 0 0 1
-0.247346 -0.0740261 720 0.00255344 0.0656604 6.98756 44.9196 -13 428 0 0 1
-0.0441725 0.183092 720 -0.089281 -0.121824 7.74137 46.173 -13 429 0 0 1
0.0478629 -0.135744 720 0.0267185 0.0202296 0.0326104 46.2109 11 429 1001 0 1
-0.0114596 -0.0539429 720 -0.0117004 -0.0138255 9.92249 36.4746 -13 430 0 0 1
-0.0439422 0.234561 720 0.101387 -0.0104162 10.8312 33.9732 -13 431 0 0 1
0.0673977 0.0125142 720 0.0427429 -0.00755992 9.94227 44.2317 -13 432 0 0 1
-0.0457141 -0.117821 720 -0.0368504 0.0133264 11.0256 48.8042 -13 433 0 0 1
-0.0479706 0.041238 720 0.0142786 0.0240299 13.6987 30.4667 -13 434 0 0 1
-0.171656 0.125835 720 0.0927705 -0.00394052 11.3755 37.8382 -13 435 0 0 1
-0.0961479 -0.0608899 720 0.0677405 -0.0344897 11.2112 29.9602 -13 436 0 0 1
0.00503953 -0.00617754 720 -0.00243063 0.0137992 10.697 35.617 -13 437 0 0 1
0.017746 -0.149341 720 -0.0467021 -0.0295029 11.1161 39.8088 -13 438 0 0 1
-0.242518 -0.00366201 720 0.035812 0.0783948 11.9424 50.3825 -13 439 0 0 1
-0.0229565 -0.1269 720 -0.0336336 0.0570708 8.84556 50.2166 -13 440 0 0 1
-0.269908 0.0879026 720 -0.0255682 0.067258 11.3873 37.0107 -13 441 0 0 1
-0.229628 -0.125229 720 0.123957 0.0718261 3.72453 65.4786 -13 442 0 0 1
-0.0430017 -0.217141 720 -0.0248573 -0.0978396 7.54876 59.6347 -13 443 0 0 1
0.192615 0.147164 720 0.0718835 -0.0124608 11.3788 33.6843 -13 444 0 0 1
0.33142 -0.219115 720 -0.0374888 -0.131 7.95248 58.0856 -13 445 0 0 1
-0.224764 -2.76456 720 -0.0379291 -0.0157003 0.0258907 58.1365 11 445 1001 0 1
0.0286373 -0.0313644 720 -0.0222835 -0.0350921 13.3922 46.2867 -13 446 0 0 1
0.146247 -0.0911893 720 -0.00321214 -0.0258219 11.5753 34.6065 -13 447 0 0 1
-0.0366423 -0.157849 720 -0.0280282 0.108827 9.79769 30.0743 -13 448 0 0 1
0.194454 -0.112212 720 -0.0659617 -0.061088 8.1463 36.3267 -13 449 0 0 1
0.120931 -0.138916 720 -0.000448288 -0.00819158 12.3389 50.4065 -13 450 0 0 1
-0.00626008 0.229859 720 0.00173725 -0.0106187 7.83257 53.4186 -13 451 0 0 1
0.19632 -0.109063 720 -0.0866149 -0.0739084 11.8551 48.4917 -13 452 0 0 1
-0.00694455 -0.107532 720 -0.0360435 0.0114692 12.9713 48.0148 -13 453 0 0 1
0.0468046 -0.122765 720 -0.0328569 -0.0206692 9.51483 36.4498 -13 454 0 0 1
-1.42577 0.818878 720 -0.0317596 -0.0212915 0.0297629 37.2511 11 454 1001 0 1
0.0688973 0.0721718 720 0.0577996 0.0256136 13.9924 22.6154 -13 456 0 0 1
0.0699917 -0.112977 720 -0.0122091 -0.0913753 9.4369 29.1132 -13 457 0 0 1
-0.0105992 0.160246 720 0.0399794 -0.100172 11.5883 49.2044 -13 458 0 0 1
0.150399 -0.127393 720 -0.0060973 -0.0454657 7.96914 41.1084 -13 459 0 0 1
0.0440946 -0.00228999 720 0.0166683 0.0181307 10.5689 27.723 -13 460 0 0 1
-0.0754607 0.0906435 720 0.0187162 0.0165284 13.4462 45.4664 -13 461 0 0 1
0.185683 -0.0783132 720 -0.0432299 -0.0641134 13.6739 45.348 -13 462 0 0 1
0.0135903 -0.0721276 720 -0.00871964 0.0243163 7.66604 45.8109 -13 463 0 0 1
0.408776 -0.379108 720 -0.295657 -0.131684 3.56311 92.9037 -13 464 0 0 1
-0.0189202 0.163596 720 0.097019 0.0650312 9.87754 31.8951 -13 465 0 0 1
-0.131345 0.221105 720 0.0157428 0.02945 7.36784 36.646 -13 466 0 0 1
-0.074667 -0.257229 720 -0.08059 0.00059614 14.0396 21.9604 -13 467 0 0 1
-5.28109 -3.74542 720 -0.0171679 -0.0465594 0.0380433 29.737 11 467 1001 0 1
0.0438585 -0.0518784 720 -0.0514366 -0.00780444 8.7987 39.9062 -13 468 0 0 1
-0.0821383 -0.322701 720 -0.0675287 0.095085 4.7325 69.6799 -13 469 0 0 1
0.338188 -0.160232 720 -0.0467481 -0.185355 6.34131 42.7339 -13 470 0 0 1
0.0890819 0.0233124 720 -0.00875937 -0.00640517 9.94837 46.3692 -13 472 0 0 1
0.912778 -1.20059 720 0.0160686 0.00289123 0.0861245 41.3611 11 472 1001 0 1
-0.107065 -0.216863 720 0.11381 0.127163 5.311 49.2923 -13 473 0 0 1
-0.380414 0.213282 720 0.147301 0.074593 8.2292 46.6956 -13 474 0 0 1
-0.0747097 -0.0129061 720 -0.0119338 0.0447579 11.7882 32.518 -13 475 0 0 1
0.172075 0.0162106 720 0.00464983 -0.101993 7.82746 34.0596 -13 476 0 0 1
0.0985838 0.0607421 720 0.01765 0.00342639 9.48103 43.546 -13 477 0 0 1
-0.199773 -0.0838861 720 0.0404439 0.114949 9.74309 29.6537 -13 478 0 0 1
-0.518686 -0.114128 720 -0.03909 0.0765845 5.31182 50.3775 -13 479 0 0 1
0.084984 -0.200197 720 0.0136795 -0.0199448 10.6987 41.526 -13 480 0 0 1
-0.310269 0.159992 720 0.125456 0.169564 8.9629 43.3576 -13 481 0 0 1
0.190754 0.0591583 720 0.0752144 -0.0306091 6.48395 68.455 -13 482 0 0 1
0.00401086 -0.00129764 720 -0.00236537 -0.00208962 14.0415 47.8752 -13 483 0 0 1
0.0830965 0.141116 720 0.106866 -0.017081 7.43772 48.68 -13 484 0 0 1
-0.111087 -0.0924551 720 -0.0167987 0.0639463 11.3331 26.6552 -13 485 0 0 1
-0.344669 0.149065 720 0.150792 0.00965295 7.30171 43.0462 -13 486 0 0 1
0.0350994 -0.0510327 720 -0.0454661 -0.0241785 13.0078 38.3315 -13 487 0 0 1
-0.0726663 -0.514972 720 -0.241653 0.185462 5.23402 68.3975 -13 488 0 0 1
6.14049 -2.74104 720 0.0306799 -0.00927225 0.0170727 68.1696 11 488 1003 0 1
-0.0756443 0.023489 720 -0.0400854 0.0198927 13.8868 23.7633 -13 489 0 0 1
-0.850697 -0.115792 720 -0.0483013 0.00901682 3.5762 69.8924 -13 490 0 0 1
0.15263 0.0449032 720 0.0440427 -0.111232 7.49935 59.0088 -13 491 0 0 1
1.83694 -3.8773 720 -0.00806934 -0.0231452 0.0560606 56.09 11 491 1001 0 1
-0.146282 -0.0184986 720 -0.0285571 0.0307091 13.932 23.1049 -13 492 0 0 1
-0.143087 0.00604393 720 0.00673295 0.00894799 12.4259 45.9223 -13 493 0 0 1
-0.176735 -0.0492393 720 -0.016667 0.0546811 12.9577 43.8038 -13 494 0 0 1
-0.0361048 0.155215 720 0.050275 0.0254699 14.4464 19.6416 -13 495 0 0 1
0.169476 -0.222638 720 -0.0452868 -0.12598 10.713 31.4071 -13 496 0 0 1
-0.166604 0.070046 720 0.0146006 0.0347267 14.0516 19.8114 -13 497 0 0 1
0.107108 0.0337298 720 -0.0159323 -0.0263433 13.5443 35.7892 -13 498 0 0 1
-1.3758 -0.336266 720 -0.00219352 0.0161619 0.130772 27.5741 11 498 1002 0 1
-0.132571 0.0960386 720 0.132102 0.042564 11.9416 37.6492 -13 499 0 0 1
0.230258 0.106649 720 -0.0245521 -0.0791245 12.6532 34.044 -13 500 0 0 1
0.0262113 -0.0323861 720 -0.0477319 -0.0132041 10.8745 34.2245 -13 501 0 0 1
-0.0824111 -0.0788182 720 -0.0141921 -0.0107662 14.4316 23.4913 -13 502 0 0 1
0.0475094 -0.125821 720 0.0201668 -0.00103042 10.2265 31.2875 -13 503 0 0 1
-0.0559357 -0.014805 720 -0.0335425 -0.00204547 11.1703 40.317 -13 504 0 0 1
-1.40498 -1.01344 720 -0.423133 -0.232051 3.12797 88.1201 -13 505 0 0 1
-0.130687 -0.290322 720 -0.0602482 0.012013 8.65645 37.888 -13 506 0 0 1
-0.0297034 -0.165908 720 -0.0644483 0.0429303 12.4559 32.8899 -13 507 0 0 1
0.0372899 -0.0516288 720 -0.0209339 -0.0278719 11.4237 48.4194 -13 508 0 0 1
-0.787822 4.45683 720 -0.00713668 0.00424683 -0.0448565 61.7652 11 508 1001 0 1
0.200242 0.157198 720 0.0618477 -0.0204085 8.16236 52.1426 -13 509 0 0 1
0.140374 -0.521823 720 -0.176912 -0.160316 10.5291 34.7 -13 510 0 0 1
-0.058789 0.0725496 720 0.0259886 0.019134 10.4208 28.1073 -13 511 0 0 1
-0.169823 0.0391969 720 -0.000921277 0.0438866 12.885 38.3113 -13 512 0 0 1
0.0336186 0.0513115 720 -0.0355371 -0.000226233 13.3276 20.4619 -13 513 0 0 1
0.0191617 -0.466103 720 -0.147873 -0.0321401 7.92771 38.1938 -13 514 0 0 1
0.05475 0.0816239 720 -4.54885e-05 -0.0349847 10.2084 49.2339 -13 515 0 0 1
0.0518476 0.0727532 720 -0.0299093 -0.0558397 3.70458 73.6136 -13 516 0 0 1
-0.192158 0.225898 720 -0.00976353 0.00907177 0.0302908 72.8808 11 516 1001 0 1
-0.0717215 0.144601 720 -0.0209875 0.122779 8.16845 34.6237 -13 517 0 0 1
0.632899 -0.203215 720 0.262552 -0.250819 12.3595 26.3134 -13 518 0 0 1
0.031543 -0.364492 720 -0.0876254 0.0375442 11.6453 41.2025 -13 519 0 0 1
-0.0890258 0.0627992 720 0.0281185 0.0404825 11.6212 39.663 -13 520 0 0 1
0.0106939 -0.0836961 720 0.00919537 -0.0206102 12.9441 31.7704 -13 522 0 0 1
-0.021713 0.000855536 720 0.0123414 -0.00916745 13.5747 35.392 -13 523 0 0 1
0.799894 0.309823 720 0.127268 -0.252302 3.55107 91.5416 -13 524 0 0 1
0.156427 -0.132738 720 -0.0797816 0.0102937 9.69913 33.9703 -13 525 0 0 1
-0.0315838 -0.238028 720 -0.0459012 -0.0159016 11.6928 42.0853 -13 526 0 0 1
0.00220838 -1.44909 720 -0.41985 -0.084285 2.5776 108.845 -13 527 0 0 1
-0.183745 -0.0674005 720 -0.0103855 0.0771798 12.4296 37.0774 -13 528 0 0 1
-0.0488146 -0.652188 720 -0.0364641 -0.00863018 0.072261 36.9955 11 528 1001 0 1
-0.0541499 0.102434 720 0.00813407 0.043503 11.2672 46.0516 -13 529 0 0 1
-0.140406 -0.11359 720 -0.0253449 0.0284059 8.28439 53.7922 -13 530 0 0 1
-0.0303571 0.187179 720 0.0768246 0.0475364 12.9476 33.975 -13 531 0 0 1
-0.448195 0.604603 720 0.0758899 0.317249 13.7265 48.18 -13 532 0 0 1
0.348511 -1.35081 720 -0.00414621 0.0530162 0.106386 44.2841 11 532 1001 0 1
-0.410433 0.480784 720 0.209066 0.090167 9.04536 51.6572 -13 533 0 0 1
-0.17112 -0.107051 720 -0.0815585 0.0438199 9.1433 51.6957 -13 534 0 0 1
-0.173773 -0.0346479 720 -0.020725 0.0294127 9.83347 29.1284 -13 535 0 0 1
0.108037 0.0661476 720 0.00483329 -0.0443436 13.034 29.2962 -13 536 0 0 1
0.820964 1.25366 720 0.474738 -0.00205644 4.23747 71.8831 -13 537 0 0 1
0.0865067 0.0384002 720 -0.00184333 -0.0359501 14.4688 36.4259 -13 538 0 0 1
0.097634 0.0724166 720 0.0160975 -0.0886644 11.2744 28.8829 -13 539 0 0 1
-1.6301 -6.14954 720 -0.00503839 0.00829927 0.0581048 29.2933 11 539 1002 0 1
-0.0127473 0.0741583 720 0.0296198 -0.0140132 11.2329 48.7695 -13 540 0 0 1
0.103327 0.111747 720 0.00926147 -0.0203462 7.28302 56.8588 -13 541 0 0 1
-0.258412 -0.154579 720 -0.119023 -0.0279983 12.7855 24.2444 -13 542 0 0 1
-0.106094 -0.103379 720 -0.117927 0.0832231 8.49009 43.0664 -13 543 0 0 1
0.0414504 -0.287322 720 -0.0583532 0.0282582 13.7282 47.0347 -13 544 0 0 1
-0.146676 0.125014 720 0.241623 0.16042 4.77111 78.0065 -13 545 0 0 1
0.127083 -0.184406 720 -0.088716 -0.010812 6.60154 58.2979 -13 546 0 0 1
-0.0162885 0.0689656 720 -0.00126669 0.00291517 10.6545 43.9684 -13 547 0 0 1
-0.122928 0.0654965 720 0.0287387 -0.00238431 9.84438 45.4577 -13 548 0 0 1
0.0639094 -0.0195047 720 -0.0259306 0.0208476 9.60801 52.6107 -13 549 0 0 1
0.108746 -0.0502044 720 -0.0854562 -0.101436 8.57291 46.6589 -13 550 0 0 1
-0.144709 0.0854981 720 -0.0227636 0.061751 10.5715 30.3513 -13 551 0 0 1
-0.167069 -0.0365668 720 -0.0603828 0.0722746 11.3076 33.1251 -13 552 0 0 1
-0.336117 0.0836328 720 0.0798997 0.168743 7.88504 44.3912 -13 553 0 0 1
-0.261337 -0.572274 720 -0.179151 -0.0660972 4.72715 53.1647 -13 554 0 0 1
0.0739098 -0.325 720 -0.107384 0.0553259 7.93191 59.818 -13 555 0 0 1
0.107787 0.05183 720 0.161517 0.0380521 5.94784 62.8666 -13 556 0 0 1
-0.0663164 0.113156 720 0.0413457 0.0276238 13.5576 25.7931 -13 557 0 0 1
-0.157073 0.116478 720 0.0016258 0.0509833 10.9276 52.0311 -13 559 0 0 1
-0.0415892 -0.0225673 720 -0.0342527 0.00372795 13.5958 20.0353 -13 560 0 0 1
0.379437 -0.328909 720 -0.166331 -0.143873 5.08301 75.6851 -13 561 0 0 1
-0.122062 -0.17304 720 -0.0568058 0.0355982 11.0396 27.2077 -13 562 0 0 1
-0.0652297 -0.0831515 720 0.0303757 0.0264256 12.1029 36.8939 -13 563 0 0 1
-0.068492 -0.104864 720 0.0241691 0.0966972 10.5533 52.7855 -13 564 0 0 1
-0.0121245 0.00738213 720 -0.033562 0.00549782 14.2198 23.8436 -13 565 0 0 1
0.118941 0.0943772 720 0.0684603 0.00338836 9.40526 39.3247 -13 566 0 0 1
-0.00270178 -0.0719286 720 -0.0463926 0.0292291 10.5486 36.1668 -13 567 0 0 1
-0.824256 0.595588 720 0.413187 0.0644383 11.8452 48.0128 -13 568 0 0 1
-0.0973636 -0.22023 720 -0.0724692 0.0799714 13.537 30.527 -13 569 0 0 1
0.0116633 0.063312 720 0.0183478 -0.073025 11.0853 49.1906 -13 570 0 0 1
-0.00534358 -0.0366787 720 -0.0396926 0.0192843 12.6278 34.1164 -13 571 0 0 1
0.109695 -0.0294073 720 -0.0618587 -0.0309939 9.82684 38.5902 -13 572 0 0 1
-0.123586 0.0780591 720 0.04561 0.029345 6.53012 51.8211 -13 573 0 0 1
-0.161025 0.0365169 720 0.0265286 0.0185284 13.7358 27.7878 -13 574 0 0 1
0.0235739 0.137954 720 -0.0534233 0.0231769 7.00568 55.0197 -13 575 0 0 1
0.0927851 -0.0783979 720 -0.0678403 -0.0504962 10.5948 43.5446 -13 576 0 0 1
-0.00351675 0.0259181 720 0.00447078 0.0323213 13.3878 22.1878 -13 577 0 0 1
0.24745 -0.655571 720 -0.173418 0.111706 8.34531 42.0294 -13 578 0 0 1
0.145964 0.000254682 720 -0.0373742 -0.0479117 13.948 34.8322 -13 579 0 0 1
0.0332993 0.0178725 720 0.0158999 0.0188482 12.751 28.3025 -13 580 0 0 1
0.103046 0.0397938 720 0.0116964 -0.0829747 11.0667 51.4361 -13 581 0 0 1
0.0348853 0.0983995 720 0.0281906 0.0432309 8.87963 41.4299 -13 582 0 0 1
-0.166288 0.180841 720 0.0959022 0.0545338 7.67618 40.4391 -13 583 0 0 1
-0.214821 -0.111794 720 0.0153369 0.10111 13.9718 45.1876 -13 584 0 0 1
0.0629165 -0.18126 720 -0.0674705 -0.0727681 11.2119 31.212 -13 585 0 0 1
-0.159668 0.0690014 720 0.0703051 -0.0220985 9.35199 52.4952 -13 586 0 0 1
-0.0395079 -0.024413 720 0.0129939 -0.00538725 13.7533 38.3899 -13 587 0 0 1
0.135616 0.119164 720 0.0348615 -0.0216558 9.57457 36.6512 -13 588 0 0 1
-0.104933 -0.000643136 720 -0.00954709 0.0593299 13.2488 32.0188 -13 589 0 0 1
-0.139602 0.687672 720 0.194652 -0.00342487 9.06034 40.1475 -13 591 0 0 1
-1.95723 0.288259 720 -0.0226853 -0.00693392 0.0547261 40.0967 11 591 1001 0 1
-0.216917 0.303503 720 0.119604 0.0675214 8.22543 43.823 -13 592 0 0 1
2.70696 1.11088 720 0.0131231 -0.000417907 0.0499043 42.4921 11 592 1001 0 1
0.110332 -0.335354 720 -0.0460545 -0.0560849 5.73937 71.0353 -13 593 0 0 1
-0.00241315 0.09558 720 0.0294643 -0.012713 10.7309 53.3944 -13 594 0 0 1
0.0364577 -0.158987 720 -0.156625 -0.0900341 9.98318 40.5071 -13 595 0 0 1
0.128645 -1.11534 720 -0.0329899 -0.0331681 0.0333829 43.7752 11 595 1001 0 1
0.0264306 0.270454 720 0.0296997 0.0226276 8.10289 48.532 -13 596 0 0 1
0.111471 -0.350016 720 -0.0858143 -0.0215455 10.4083 36.6787 -13 597 0 0 1
-0.234312 0.42508 720 0.0887261 0.111858 5.79154 50.7629 -13 599 0 0 1
0.115734 0.0642438 720 0.0888519 -0.0426879 12.5447 38.7499 -13 601 0 0 1
-0.0918199 -0.108692 720 -0.0336699 0.0415692 6.8431 59.1164 -13 602 0 0 1
0.0871458 0.174005 720 0.0239604 -0.0930269 9.20554 50.3244 -13 603 0 0 1
-8.15817 4.00171 720 0.02398 -0.0028854 0.0693518 42.124 11 603 1002 0 1
0.0849829 0.151969 720 0.0575065 0.0912512 7.46883 47.0629 -13 604 0 0 1
-0.0790118 0.197762 720 0.0951119 0.20338 4.563 61.2854 -13 605 0 0 1
-0.0758138 0.0783017 720 -0.0630533 0.039526 12.343 37.4555 -13 606 0 0 1
-1.38008 -1.39147 720 0.0129612 0.000769064 0.107207 33.0834 11 606 1001 0 1
0.0267202 -0.0818473 720 0.0206085 -0.0486685 11.873 27.5759 -13 607 0 0 1
-0.0510084 0.0878725 720 0.10633 -0.0370456 12.9149 34.9665 -13 608 0 0 1
0.0128441 0.107002 720 0.0493811 0.0077641 11.8609 26.767 -13 609 0 0 1
0.0433712 0.187887 720 0.0643626 0.0211618 8.79296 36.5287 -13 610 0 0 1
-0.0249162 0.116051 720 0.0151363 0.0196191 10.3131 29.9885 -13 611 0 0 1
-0.066055 0.129838 720 0.0653312 0.00703416 7.82151 44.6434 -13 612 0 0 1
0.00127698 -0.0478389 720 -0.0354931 -0.0123596 12.4631 35.3226 -13 613 0 0 1
-0.114769 -0.184965 720 -0.112615 0.0176426 12.1074 23.7247 -13 614 0 0 1
0.198715 0.490575 720 -0.0238706 -0.0118222 3.57918 84.1005 -13 615 0 0 1
0.410667 0.0361712 720 -0.167843 -0.061887 3.6651 89.5604 -13 616 0 0 1
-0.0206039 0.0832341 720 0.131875 -0.0587322 10.7632 40.9483 -13 617 0 0 1
0.0869348 0.0374745 720 -0.0257519 -0.0747442 8.0744 51.5169 -13 618 0 0 1
0.332768 -0.33717 720 -0.0362354 0.191376 4.66698 74.2897 -13 619 0 0 1
-0.11765 -0.0389771 720 -0.0212447 0.0109615 12.3528 40.6378 -13 620 0 0 1
-0.064806 -0.148062 720 -0.0822998 -0.139596 5.04901 51.647 -13 621 0 0 1
-0.0291409 0.0560159 720 0.000455245 -0.000575259 0.000589751 51.9597 11 621 1001 0 1
0.0223493 -0.121436 720 -0.0661409 0.00355512 11.1428 51.2629 -13 622 0 0 1
0.0999776 0.0325511 720 -0.0222545 -0.00813122 9.69776 40.7826 -13 623 0 0 1
0.12619 -0.0393237 720 -0.00818569 -0.0277181 14.1709 19.6617 -13 624 0 0 1
0.0514326 -0.0273889 720 0.00293565 0.0613778 9.11449 44.1518 -13 625 0 0 1
0.253825 0.251595 720 0.108347 -0.047733 5.97509 50.4122 -13 626 0 0 1
-0.0836302 0.0241055 720 0.0105671 0.00865678 9.32495 45.1988 -13 627 0 0 1
3.85493 -4.05613 720 0.0404402 0.0334636 0.0208198 43.3481 11 627 1001 0 1
3.49401 -4.10762 720 0.0216998 0.0160443 0.022292 43.2946 11 627 1002 1001 1
-0.471101 -0.952617 720 -0.247011 -0.011669 1.71636 111.066 -13 628 0 0 1
0.0745106 0.0833106 720 -0.0158437 -0.0401736 10.4361 30.9848 -13 629 0 0 1
-0.016436 0.0225131 720 0.0206597 -0.0304673 11.7639 49.5352 -13 630 0 0 1
-0.0834916 -0.171218 720 -0.0884999 0.0551217 8.82987 56.738 -13 631 0 0 1
-0.0187192 0.0129589 720 -0.0114359 0.0232245 14.0629 30.7967 -13 632 0 0 1
0.12734 -0.040074 720 -0.0343872 -0.0335369 8.30408 39.2096 -13 633 0 0 1
-0.482088 -0.453201 720 -0.214363 0.135558 4.6963 55.679 -13 634 0 0 1
0.190499 -0.0115349 720 0.0201931 -0.0454721 8.02468 49.2724 -13 635 0 0 1
-0.00522487 0.20732 720 0.063616 -0.0104647 14.0913 25.8089 -13 636 0 0 1
5.45889 -6.00218 720 0.0184959 -0.0146854 0.0267176 40.1627 11 636 1001 0 1
-0.470245 0.0607696 720 0.00248514 0.0414269 7.92014 54.1455 -13 637 0 0 1
-0.201462 0.0471623 720 -0.0615306 -0.0234775 12.6898 36.3594 -13 638 0 0 1
0.0356081 -0.0401563 720 -0.170325 0.12381 13.9843 24.1209 -13 639 0 0 1
-0.0592152 0.0183238 720 0.0299996 0.00780604 10.8629 24.9553 -13 640 0 0 1
0.185012 0.634059 720 0.25262 -0.0596813 4.26509 67.0119 -13 641 0 0 1
0.131463 0.12462 720 0.13927 0.0909525 7.13666 58.8047 -13 642 0 0 1
-0.0142991 0.0117994 720 -0.0312756 0.026513 11.0557 24.0944 -13 643 0 0 1
0.00425324 -0.00100743 720 0.0548061 0.0118194 13.7322 37.4675 -13 644 0 0 1
0.0757906 -0.0974939 720 -0.000950211 -0.0203628 9.65844 28.9442 -13 645 0 0 1
-0.100396 -0.0496832 720 -0.00718112 0.045489 13.7507 35.9263 -13 646 0 0 1
-0.167744 0.0841166 720 0.0950301 0.376724 5.85947 69.9729 -13 647 0 0 1
2.05541 -5.70053 720 -0.027162 0.00389716 0.0262811 69.9298 11 647 1005 0 1
-0.18695 0.332343 720 0.00219341 0.124244 3.83238 75.341 -13 648 0 0 1
0.402379 -0.389855 720 -0.137678 -0.119736 6.19091 51.0274 -13 649 0 0 1
1.61501 -2.65215 720 0.00379785 -0.0236947 0.0416564 50.2407 11 649 1001 0 1
-0.132148 -0.0321755 720 0.0562476 0.0294628 13.5288 23.389 -13 650 0 0 1
0.26212 0.435168 720 -0.0682675 -0.176687 10.0735 38.6519 -13 651 0 0 1
0.319433 -0.165648 720 -0.0574726 -0.0963745 10.4327 50.8133 -13 652 0 0 1
-0.0869609 -0.0313213 720 0.0247222 0.0762822 11.8767 39.343 -13 653 0 0 1
0.487554 0.851895 720 0.0170141 0.0356144 0.0701208 39.1591 11 653 1001 0 1
-0.0237765 0.136816 720 0.0536308 -0.00538382 12.2786 33.4949 -13 654 0 0 1
0.0355665 0.00270214 720 0.03738 0.0040314 14.3546 40.4103 -13 655 0 0 1
-0.0230034 0.0359127 720 -0.0299243 0.0014213 9.57472 43.1069 -13 656 0 0 1
-0.363662 -0.126789 720 0.00644234 0.0932146 7.95277 54.1368 -13 657 0 0 1
0.408107 -0.0814313 720 -0.0213361 -0.0681829 4.76252 67.6226 -13 658 0 0 1
-0.00434 -0.0678704 720 -0.0178075 -0.0495017 14.4504 31.9263 -13 659 0 0 1
0.442915 -0.167702 720 -0.22893 0.00123958 11.6685 44.6303 -13 660 0 0 1
0.242035 0.202507 720 0.0517604 -0.0784653 10.6118 40.3675 -13 661 0 0 1
-0.0537432 -0.0917616 720 0.00557074 0.00222391 12.1247 32.823 -13 662 0 0 1
0.224368 0.173102 720 0.0479372 -0.142092 9.52476 56.2674 -13 663 0 0 1
-0.607747 0.426631 720 0.172894 0.121331 8.14308 60.5732 -13 664 0 0 1
-0.00868927 -0.0446621 720 -0.0151068 -0.00609099 11.3242 24.8581 -13 665 0 0 1
0.0664201 0.0341699 720 -0.00680207 0.0206488 11.775 36.6635 -13 666 0 0 1
-0.0566454 0.0597751 720 -0.00181129 0.00578189 13.0813 32.7202 -13 667 0 0 1
3.33431 -1.3704 720 -0.274421 -0.928529 6.52402 49.1266 -13 668 0 0 1
-0.165579 -0.135061 720 -0.0574445 0.0333906 9.5597 44.7656 -13 669 0 0 1
-0.0482723 0.124163 720 -0.0431279 0.0114908 13.5679 36.4196 -13 670 0 0 1
0.0954159 0.00351968 720 0.00820446 -0.0514291 13.1368 39.5238 -13 671 0 0 1
-0.322461 0.140905 720 0.0212369 0.100042 3.63094 79.7712 -13 673 0 0 1
-0.10834 -0.0480445 720 -0.0540564 -0.0336974 12.5271 50.0228 -13 674 0 0 1
-1.43648 -1.44481 720 -0.487722 0.403524 7.03629 43.9176 -13 675 0 0 1
-0.0702268 -1.84288 720 -0.00874232 -0.011591 0.0426708 43.9924 11 675 1001 0 1
-0.105005 0.0758958 720 -0.0125751 0.0961212 12.8888 46.2344 -13 676 0 0 1
-0.123578 -0.114208 720 -0.0306245 0.0158567 11.8175 28.7332 -13 677 0 0 1
-0.129142 0.0151671 720 0.0389551 -0.00145548 9.34962 43.2481 -13 678 0 0 1
0.428995 -0.115611 720 -0.0089893 -0.107383 8.07063 44.4981 -13 679 0 0 1
-0.218618 0.15633 720 0.0288046 0.0548349 9.22159 46.497 -13 680 0 0 1
-0.00450641 -0.0864824 720 -0.0394967 -0.0339569 14.064 21.3057 -13 681 0 0 1
0.000558465 0.108756 720 0.0217142 -0.00778553 13.2385 20.7678 -13 682 0 0 1
0.0115152 -0.0343162 720 -0.0349244 0.0428001 12.9944 44.9585 -13 683 0 0 1
0.164127 -0.0277296 720 -0.169087 0.281941 8.60328 46.3659 -13 684 0 0 1
-0.120841 0.0197394 720 -0.045289 0.0822187 7.99005 39.4353 -13 685 0 0 1
0.00846304 0.122913 720 -0.00242743 -0.0308501 11.5604 49.5113 -13 686 0 0 1
-0.0259648 -0.162002 720 -0.183029 0.0446236 8.99553 35.1391 -13 687 0 0 1
0.00611968 -0.0205786 720 -0.0570441 0.0384731 12.8386 43.2018 -13 688 0 0 1
0.0642352 0.8811 720 0.230793 0.131737 9.77995 48.8268 -13 689 0 0 1
5.21116 0.859056 720 -0.00353509 0.021493 0.0629501 45.2618 11 689 1002 0 1
0.048279 0.34632 720 0.349435 -0.00930405 5.10341 68.3906 -13 690 0 0 1
-0.0866182 0.158546 720 0.0616213 0.070889 12.2826 38.1681 -13 691 0 0 1
-0.0857519 0.0601615 720 0.0150895 0.0397343 7.39829 36.2916 -13 692 0 0 1
-0.0446803 0.102889 720 0.0583036 0.00501296 12.7638 41.2026 -13 693 0 0 1
-0.192005 -0.123106 720 -0.00225152 0.110865 3.6118 75.9682 -13 694 0 0 1
-0.450302 -0.11264 720 -0.0747102 0.0907135 7.30171 45.9358 -13 695 0 0 1
-0.0310056 0.430684 720 0.107644 -0.0389062 6.55788 52.3027 -13 696 0 0 1
-0.0202553 -0.0541772 720 0.0325072 0.0381914 9.98956 44.2904 -13 697 0 0 1
0.246595 -0.0687153 720 -0.0270394 -0.0865278 8.70055 37.3737 -13 698 0 0 1
-0.0301495 0.0357501 720 0.00657815 0.0304057 13.3392 43.2468 -13 699 0 0 1
0.827539 -0.321536 720 0.248489 -0.508668 8.76334 39.8411 -13 700 0 0 1
-0.0736819 -0.0534664 720 0.0279595 0.0175179 9.04864 30.6425 -13 701 0 0 1
0.0786351 0.16832 720 -0.0956654 -0.0362577 12.2865 46.471 -13 702 0 0 1
-0.067664 -0.0437297 720 -0.0127133 0.0384667 12.0544 43.7525 -13 703 0 0 1
0.0609719 -0.0166872 720 -0.0303105 0.0343105 9.38549 36.1724 -13 704 0 0 1
-0.112296 0.0370791 720 0.0243337 0.0377996 10.0752 32.2406 -13 705 0 0 1
-0.0753824 0.011023 720 -0.0579774 -0.0585643 9.56118 42.4585 -13 706 0 0 1
-0.160877 0.0321989 720 -0.022924 0.0351302 13.8557 20.2197 -13 707 0 0 1
0.0609073 0.145781 720 0.0148254 -0.0438559 10.532 42.6237 -13 708 0 0 1
-0.208513 0.0372318 720 -0.00870889 0.0753471 3.13147 83.9313 -13 709 0 0 1
-0.846106 0.389124 720 0.0502372 0.173265 7.8983 52.2259 -13 710 0 0 1
-0.185046 0.0246361 720 -0.0308144 0.0245442 14.1522 20.0989 -13 711 0 0 1
0.0773768 -0.0481497 720 -0.0267624 0.000422079 11.5998 42.0729 -13 712 0 0 1
-0.0409929 -0.137741 720 0.0494071 0.0861755 6.36503 61.9769 -13 713 0 0 1
0.0443717 -0.0513761 720 0.0339181 -0.00407505 14.0338 39.7273 -13 714 0 0 1
0.0765454 0.0139841 720 0.0218655 -0.0190534 12.351 50.3562 -13 715 0 0 1
-0.03649 0.0908536 720 -0.0340419 0.0568099 13.1147 40.4609 -13 716 0 0 1
-0.0123289 -0.0036544 720 0.00771779 0.0169175 10.5865 39.7392 -13 717 0 0 1
-0.0549099 0.00908193 720 0.0986667 -0.0675532 8.64854 37.6772 -13 718 0 0 1
-0.280752 -0.143847 720 -0.0746749 0.0538424 10.5983 32.9782 -13 719 0 0 1
-0.0381771 0.206025 720 0.078433 -0.00528391 11.2677 51.5872 -13 720 0 0 1
0.0923778 -0.00371544 720 -0.113503 -0.183262 9.65613 52.4352 -13 721 0 0 1
-0.0976647 0.154677 720 -0.153406 -0.00105918 5.16252 59.3656 -13 722 0 0 1
0.00960563 -0.130163 720 -0.0245708 0.0458628 8.53302 33.5543 -13 723 0 0 1
-0.184507 -0.73481 720 -0.25227 -0.0601542 4.74438 73.9771 -13 724 0 0 1
-4.17601 -0.507302 720 -0.0191831 0.0195239 0.0209947 73.5301 11 724 1002 0 1
-0.0488999 -0.0608716 720 -0.0115944 0.0373451 9.58554 38.6768 -13 725 0 0 1
0.135639 0.0544328 720 0.0386973 -0.046418 13.6049 34.59 -13 726 0 0 1
0.0189864 -0.0206251 720 -0.0225683 0.0781841 14.1208 23.3986 -13 727 0 0 1
0.403645 0.56566 720 -0.0376759 0.265022 1.90025 112.599 -13 728 0 0 1
-0.0666744 0.0237254 720 0.0218831 0.0804145 5.33404 57.7325 -13 729 0 0 1
-0.192637 0.158139 720 0.0629132 0.0444877 11.1932 30.3821 -13 730 0 0 1
0.0609041 0.104144 720 0.00750168 0.0205612 10.9087 26.671 -13 731 0 0 1
-0.0523739 0.283467 720 0.0134653 -0.00352587 0.0341638 30.1299 11 731 1001 0 1
0.295296 -0.278333 720 -0.0839647 0.0883523 4.64072 65.5644 -13 733 0 0 1
-0.0220861 0.169372 720 0.0546003 0.137022 7.80085 36.6985 -13 734 0 0 1
0.0900476 0.0423339 720 0.00845981 -0.0773656 10.9628 40.3385 -13 735 0 0 1
0.253775 0.0373318 720 0.0268312 -0.0981068 10.9807 33.2675 -13 736 0 0 1
-0.0411293 0.0785906 720 0.0572922 -0.0871403 8.1843 51.6017 -13 737 0 0 1
0.12015 0.102596 720 -0.039149 0.0535246 8.34163 53.7258 -13 738 0 0 1
0.0216346 -0.244507 720 -0.0949145 0.0107945 11.877 42.4922 -13 739 0 0 1
-0.159385 0.0559072 720 0.0387866 0.027403 13.0278 43.6491 -13 740 0 0 1
0.0138733 -0.095589 720 -0.0580312 0.0173722 8.68172 49.1144 -13 741 0 0 1
1.12965 -1.18121 720 -0.239035 -0.378936 4.14138 82.6505 -13 742 0 0 1
-0.0715478 0.04757 720 -0.0257483 0.100885 8.29318 32.7357 -13 743 0 0 1
0.716211 0.0366587 720 0.101826 -0.0321355 2.09415 95.1232 -13 744 0 0 1
0.0344189 0.0297216 720 0.0138575 0.00153196 11.4936 37.3403 -13 745 0 0 1
0.0664299 -0.103295 720 -0.0848878 -0.000275268 8.47068 56.0562 -13 746 0 0 1
2.28449 -0.0129808 720 -0.0229795 -0.0133197 0.0716795 53.924 11 746 1001 0 1
-0.0659843 0.0993139 720 0.0159761 -0.00943127 11.8391 44.755 -13 747 0 0 1
0.131178 -0.11343 720 0.0129755 0.00751095 10.54 41.5964 -13 748 0 0 1
-0.0219463 -0.0662914 720 0.0353063 0.00327782 12.1126 22.9621 -13 749 0 0 1
-0.0718927 -0.132835 720 -0.0436984 -0.0292928 10.3614 46.642 -13 750 0 0 1
-0.0568542 0.28305 720 0.136042 0.0405819 11.056 47.5714 -13 751 0 0 1
-0.450102 -0.135361 720 -0.034396 -0.00753042 0.0583048 47.9197 11 751 1002 0 1
-0.0620069 -0.00790326 720 -0.0802091 0.0112683 6.47292 43.5053 -13 752 0 0 1
0.0880683 -0.112657 720 -0.0529522 0.000430178 10.7786 26.8463 -13 753 0 0 1
-0.0525459 0.0339476 720 -0.00187352 0.0113055 8.65253 55.2304 -13 754 0 0 1
-0.402541 0.116618 720 0.0474553 0.161118 7.88134 39.8732 -13 755 0 0 1
-0.812421 -1.48614 720 -0.41207 0.0614875 5.21777 59.5344 -13 756 0 0 1
-0.165365 0.0325699 720 -0.00175012 0.0411389 7.20616 48.0788 -13 757 0 0 1
-0.0371955 -0.209459 720 -0.00939279 0.0123984 7.86142 35.2611 -13 758 0 0 1
0.0501555 0.0130273 720 0.0328263 -0.00482386 14.1736 34.0135 -13 759 0 0 1
-0.028214 -0.0740125 720 -0.000844712 0.0702709 8.0541 52.277 -13 760 0 0 1
0.00318115 -0.0531247 720 -0.0284693 -0.125053 6.34685 46.894 -13 761 0 0 1
-0.177042 -0.0396267 720 -0.0400327 0.0459146 13.8611 47.2547 -13 762 0 0 1
-0.0154419 0.180803 720 0.0377698 0.0448311 11.1378 49.5139 -13 763 0 0 1
-0.110197 0.124876 720 0.0070094 -0.0188683 9.83667 37.2685 -13 764 0 0 1
-0.176608 0.058072 720 0.0839178 0.0543438 5.74668 51.1984 -13 765 0 0 1
-0.0848604 0.0139651 720 0.0833574 0.0953313 8.5349 35.3511 -13 766 0 0 1
-0.0648024 -0.038989 720 -0.00406326 0.0468664 12.5197 49.9551 -13 767 0 0 1
-2.20302 -1.07844 720 0.0164887 -0.00996624 0.067244 50.532 11 767 1002 0 1
-3.49663 -0.285388 720 -0.0465515 0.0100612 0.0466169 53.6551 11 767 1003 0 1
0.055267 0.0327598 720 0.00708376 0.012183 12.8543 41.2155 -13 768 0 0 1
0.215845 -0.131184 720 -0.0502368 -0.126212 6.95198 41.3961 -13 769 0 0 1
-0.118957 0.0202016 720 -0.036367 0.000368717 13.6354 26.0375 -13 770 0 0 1
0.0379872 -0.205613 720 0.0412634 -0.0464173 10.86 30.0618 -13 771 0 0 1
1.84568 4.47179 720 0.0191527 -0.00796086 0.035964 31.5272 11 771 1002 0 1
4.23909 0.771244 720 -0.00276946 0.00666339 -0.038811 33.073 11 771 1002 0 1
0.14754 -0.143222 720 0.0509856 -0.0358444 14.3272 20.6506 -13 772 0 0 1
0.137859 0.0610827 720 0.0399375 -0.0767206 11.4103 27.6838 -13 773 0 0 1
0.131781 0.134094 720 0.0864254 -0.0293075 13.4019 23.2114 -13 774 0 0 1
0.209603 -0.436982 720 -0.080192 0.0232773 3.45107 70.9747 -13 775 0 0 1
0.118791 0.0724238 720 -0.0155844 -0.067316 11.7986 33.7138 -13 776 0 0 1
-0.0551805 0.111574 720 0.0337464 0.0477619 10.6575 36.8707 -13 777 0 0 1
-0.160074 0.232637 720 0.0744107 0.16932 8.59918 48.6877 -13 778 0 0 1
-0.4183 0.324105 720 0.147678 0.111891 12.9352 20.8076 -13 779 0 0 1
0.106785 -0.0526634 720 0.152402 -0.0986121 9.57085 31.6249 -13 780 0 0 1
-0.413962 -0.485736 720 -0.258688 -0.0149381 11.5441 26.9386 -13 781 0 0 1
-0.507935 1.70834 720 0.0559485 -0.0519179 0.0217579 33.3384 11 781 1001 0 1
0.0517273 -0.0880547 720 0.00817325 -0.00708702 10.055 29.2675 -13 782 0 0 1
-0.0810837 -0.32196 720 -0.087523 0.00393118 6.93019 53.5956 -13 783 0 0 1
0.45336 -0.470061 720 -0.0932367 -0.115897 6.82538 40.1424 -13 784 0 0 1
-0.366697 -0.347517 720 -0.147751 0.0519484 4.75937 65.8011 -13 785 0 0 1
-0.0139257 -0.0367815 720 0.00650247 0.0150855 9.55786 46.0067 -13 786 0 0 1
-0.0885178 -0.0518285 720 -0.0590977 -0.0152995 8.8847 45.8291 -13 787 0 0 1
-0.254058 -0.0838702 720 -0.0429289 0.0366571 12.3308 39.4266 -13 788 0 0 1
-0.0554624 0.0582436 720 -0.00422997 0.000866859 14.1615 33.7211 -13 789 0 0 1
0.0329452 0.0684044 720 0.0275063 -0.0631649 9.93092 53.0834 -13 790 0 0 1
-0.402071 -0.172516 720 -0.115813 0.135957 4.80335 76.4329 -13 791 0 0 1
-0.0931892 -0.174602 720 -0.10888 0.110025 11.7701 50.3923 -13 792 0 0 1
0.110556 -0.0308716 720 -0.044852 -0.0363767 11.4071 39.8228 -13 793 0 0 1
0.101629 0.0928133 720 0.0755328 -0.00074812 7.43497 47.032 -13 794 0 0 1
-0.181784 -0.159633 720 0.0635315 0.118447 11.4944 31.1951 -13 795 0 0 1
0.0187185 0.0571842 720 0.060138 -0.0146092 8.87671 51.9713 -13 796 0 0 1
0.15109 -0.000999785 720 -0.0227164 -0.0232809 14.0107 43.5414 -13 797 0 0 1
-0.0247337 -0.0982059 720 -0.0652151 0.0210398 13.7062 44.2407 -13 798 0 0 1
-0.0194167 0.0601877 720 0.0332583 3.27536e-05 9.32491 57.0194 -13 799 0 0 1
0.0013028 0.017649 720 0.00861335 -0.000580034 13.5512 21.7802 -13 800 0 0 1
-0.000931839 -0.164216 720 -0.071113 0.0359746 5.70363 49.3325 -13 801 0 0 1
-0.0972776 0.33986 720 0.0638755 0.0020753 6.95915 56.4913 -13 803 0 0 1
0.0612891 0.199268 720 0.0518987 -0.0264888 13.0011 27.7358 -13 804 0 0 1
-0.0497709 -0.0109925 720 0.0330686 0.00735653 12.5677 47.7638 -13 805 0 0 1
-0.416122 -0.15848 720 -0.0417757 0.156083 2.33849 92.8423 -13 806 0 0 1
-0.0194609 0.0748125 720 0.0154479 0.0351757 13.6434 29.8063 -13 807 0 0 1
-0.782475 -0.624748 720 -0.289333 0.0713383 7.01188 46.1446 -13 808 0 0 1
-0.0394984 0.0611096 720 0.0102192 -0.00241878 14.2998 32.0937 -13 809 0 0 1
0.12683 0.0486088 720 -0.0278504 -0.0492997 10.7873 40.1605 -13 810 0 0 1
-0.28157 -0.174751 720 -0.0952363 0.10875 5.61162 48.1006 -13 811 0 0 1
-0.112786 0.117932 720 0.046008 0.0842206 6.49333 41.4059 -13 812 0 0 1
-0.0840539 0.0307923 720 0.061494 0.133897 13.1879 30.7071 -13 813 0 0 1
0.117689 -0.184247 720 -0.149684 -0.0813786 9.58614 37.8182 -13 814 0 0 1
-0.0928416 0.0623127 720 0.0243273 0.00410452 11.6381 49.8239 -13 815 0 0 1
-0.16297 -0.268576 720 -0.0539171 0.104561 5.95011 47.4541 -13 816 0 0 1
-0.721673 -0.0702469 720 -0.016453 0.299645 5.15194 72.9233 -13 817 0 0 1
0.352277 0.120946 720 0.0176923 -0.0782835 11.4596 51.6101 -13 818 0 0 1
-0.211027 -0.0950042 720 -0.058432 0.108411 6.08337 68.3539 -13 819 0 0 1
-0.110139 0.013191 720 0.0173789 -0.00549093 0.0361467 68.3602 11 819 1001 0 1
0.0562585 -0.0638832 720 -0.0493367 -0.0213471 13.3904 26.3824 -13 820 0 0 1
-0.0164898 0.0285712 720 -0.0742782 -0.0343657 8.3576 34.5506 -13 821 0 0 1
-1.62239 -8.48934 720 -0.000274905 -0.00346549 0.0549554 29.3611 11 821 1002 0 1
0.220544 0.136566 720 0.0301918 -0.0603244 11.68 50.9352 -13 822 0 0 1
0.00733672 -0.0324862 720 0.0146619 -0.0247026 12.6123 43.9481 -13 823 0 0 1
0.00470955 0.0566922 720 0.0100986 -0.00786837 14.5567 38.9973 -13 824 0 0 1
0.0150852 0.129148 720 0.0526446 -0.036212 14.4459 44.2225 -13 825 0 0 1
-0.0234422 -0.0136507 720 -0.0355269 -0.0114864 7.55528 47.316 -13 826 0 0 1
0.834261 1.25902 720 0.180192 -0.273462 3.29122 96.6886 -13 827 0 0 1
0.184334 0.00787991 720 -0.00783522 -0.0432171 8.61755 56.7057 -13 828 0 0 1
0.165143 -0.0262344 720 0.0123883 -0.0320193 10.034 52.2908 -13 829 0 0 1
-0.0173301 0.0409617 720 0.0052511 -0.0337546 14.0728 47.7326 -13 830 0 0 1
-1.6447 -1.01543 720 0.771549 0.671384 8.31085 37.8358 -13 831 0 0 1
-0.00535458 -0.0487447 720 -0.0109888 -0.00177301 13.7874 32.665 -13 832 0 0 1
0.11961 0.257141 720 0.0575584 -0.0826741 9.02135 58.0446 -13 833 0 0 1
-0.197506 -0.255845 720 -0.152597 0.0471474 5.19748 72.2955 -13 834 0 0 1
0.0735807 0.0143095 720 -0.0831471 0.0176102 7.7744 60.8928 -13 835 0 0 1
0.211804 -0.00176164 720 0.00867233 -0.0876541 11.8559 43.7451 -13 836 0 0 1
-0.181974 -0.271953 720 -0.110725 -0.0438058 10.809 33.2679 -13 837 0 0 1
0.00927888 0.0594315 720 -0.0288771 0.00766565 12.8275 37.2878 -13 838 0 0 1
0.0254413 0.00350862 720 -0.0130185 0.0195386 11.1313 45.0239 -13 839 0 0 1
0.121885 0.0207972 720 0.0189614 0.0335825 9.8417 47.9851 -13 840 0 0 1
0.214158 -0.9627 720 -0.193974 -0.090455 6.02268 68.5561 -13 842 0 0 1
-1.51023 1.25194 720 -0.00841426 0.00542606 0.0443214 67.3927 11 842 1002 0 1
-0.0491077 0.0674773 720 0.0285175 -0.0576641 8.23569 38.3413 -13 843 0 0 1
-0.0420152 -0.346007 720 -0.159194 0.0335174 4.09268 82.6547 -13 844 0 0 1
-0.0403853 0.210064 720 0.0850628 0.126507 13.4624 28.5074 -13 845 0 0 1
0.311265 0.203865 720 -0.0584661 -0.101662 12.2705 37.9809 -13 846 0 0 1
0.196951 0.223273 720 0.0137382 -0.104909 4.36483 64.8029 -13 847 0 0 1
0.477311 -0.0742231 720 0.0712973 -0.0842061 4.57315 81.6349 -13 848 0 0 1
-0.36418 0.105221 720 0.0384265 0.107304 9.60003 29.391 -13 849 0 0 1
-0.0930441 -0.137637 720 -0.0354138 0.0304384 12.3451 43.2895 -13 850 0 0 1
-0.158677 0.117935 720 0.0237971 -0.0260895 8.87909 37.1085 -13 851 0 0 1
0.182733 -0.217009 720 0.101814 -0.136383 4.59499 56.8767 -13 853 0 0 1
0.0717306 0.145449 720 0.051127 -0.0233944 11.4397 26.2387 -13 854 0 0 1
-0.0682282 0.072196 720 -0.0183754 0.0425015 11.5416 46.1893 -13 855 0 0 1
-0.0444604 0.153488 720 0.043447 0.0804398 14.3129 26.5569 -13 857 0 0 1
-0.00171625 0.512147 720 0.145401 -0.078896 10.2088 51.7226 -13 858 0 0 1
-0.0303247 0.163709 720 0.0156188 -0.0507685 12.9277 31.913 -13 859 0 0 1
-0.105068 -0.00636335 720 -0.0412801 0.0250744 13.036 44.9364 -13 860 0 0 1
0.0625617 -0.0842838 720 -0.0633139 0.0153489 11.1684 26.3962 -13 861 0 0 1
0.0760598 0.542369 720 0.165019 0.00440699 5.74141 64.933 -13 862 0 0 1
-1.32605 -2.4827 720 0.0040011 -0.00125338 0.0351994 63.7417 11 862 1001 0 1
-1.34798 -0.0618691 720 -0.143469 0.325688 3.73272 71.1116 -13 863 0 0 1
-0.141836 0.48385 720 0.120374 0.0419864 6.82868 50.917 -13 865 0 0 1
0.0843355 -0.628209 720 -0.163537 -0.105197 5.39571 74.8891 -13 866 0 0 1
0.216636 0.0345143 720 0.00724669 -0.0414446 8.30729 41.228 -13 868 0 0 1
-0.0117512 0.335278 720 0.0248152 0.0468716 9.08435 49.0725 -13 869 0 0 1
-0.909187 -1.61074 720 0.0382552 0.00310525 0.0655315 47.4658 11 869 1001 0 1
-0.0627706 -0.281285 720 -0.125532 -0.0524378 12.3534 36.3549 -13 870 0 0 1
0.00180427 0.149448 720 -0.00179461 0.0236781 13.6988 41.3773 -13 871 0 0 1
0.105808 -0.27239 720 0.0621762 0.203146 5.06731 69.4205 -13 872 0 0 1
-0.0283381 -2.34676 720 -0.00594583 0.0312905 0.00863548 68.9768 11 872 1003 0 1
0.198603 -0.391903 720 -0.0612455 -0.118915 4.23677 62.5099 -13 873 0 0 1
0.52217 0.246774 720 -0.00403712 -0.244699 4.74509 66.0036 -13 874 0 0 1
-0.423325 0.0291432 720 0.0636911 0.0766059 2.993 76.4021 -13 875 0 0 1
0.256958 -0.0402863 720 -0.0595098 -0.117362 11.7685 33.8728 -13 876 0 0 1
0.00765494 0.0566375 720 0.0250229 0.00835242 9.18806 51.11 -13 877 0 0 1
0.0547656 -0.070851 720 -0.00287552 -0.0200897 14.2364 44.4844 -13 879 0 0 1
-0.114526 -0.0173761 720 -0.0167069 -0.00822212 12.9297 25.6978 -13 880 0 0 1
-0.0301043 0.0576654 720 0.0039454 0.00762235 14.5263 30.678 -13 881 0 0 1
0.173261 0.391283 720 0.136273 0.0281989 6.48401 60.6865 -13 882 0 0 1
-0.122984 0.104537 720 -0.00571679 0.0557386 7.02552 60.3826 -13 883 0 0 1
-0.284972 -0.00989233 720 -0.0606289 0.0337443 5.63196 62.0053 -13 884 0 0 1
-0.121215 -0.1274 720 -0.0368858 0.0462272 12.5636 22.4585 -13 885 0 0 1
0.0270024 -0.132929 720 -0.0133095 -0.014893 8.45384 37.199 -13 886 0 0 1
-0.152284 0.0815481 720 0.0151414 0.0884184 8.49501 31.0259 -13 887 0 0 1
-0.122862 -0.0235299 720 0.0181565 0.0990976 8.4908 49.6982 -13 888 0 0 1
0.0882046 0.00543031 720 -0.00708585 -0.0260057 11.3004 47.7409 -13 889 0 0 1
0.0133343 0.102083 720 0.0168147 -0.0328041 10.8118 35.8323 -13 890 0 0 1
0.135746 -0.212422 720 0.0190844 0.0577891 7.46438 42.5483 -13 891 0 0 1
-0.1706 -0.0773255 720 -0.0283319 0.0441497 14.0542 27.4755 -13 892 0 0 1
-0.211667 0.0578902 720 0.0299041 0.0579102 9.33473 31.3271 -13 893 0 0 1
0.0616956 0.0582773 720 -0.0311938 -0.0904306 12.6002 39.1738 -13 894 0 0 1
-0.0951227 -0.026683 720 -0.038504 0.0471933 11.6011 39.3211 -13 895 0 0 1
-0.222136 -0.0848373 720 0.0152696 0.0134742 6.75513 59.5667 -13 896 0 0 1
0.119202 -0.0180937 720 -0.0596289 -0.0322992 10.34 32.3767 -13 897 0 0 1
-0.574267 -0.128688 720 0.0039336 0.134946 8.35464 47.4319 -13 898 0 0 1
-0.162405 -0.768423 720 -0.16967 -0.0516462 6.66009 48.0565 -13 899 0 0 1
0.0435635 0.0185528 720 0.0577879 0.00676878 11.4363 24.5928 -13 900 0 0 1
0.176641 -0.417678 720 -0.118129 0.0119604 5.33958 75.7644 -13 901 0 0 1
-0.497753 0.0502257 720 -0.0890068 0.127271 8.53686 32.5967 -13 902 0 0 1
-0.0654167 -0.348853 720 -0.199315 -0.0125496 6.58062 46.4792 -13 903 0 0 1
-0.0673674 0.125031 720 0.0295503 -0.0205753 12.5449 28.4312 -13 904 0 0 1
-0.302554 0.184652 720 0.0622796 0.0838963 5.07039 67.7127 -13 905 0 0 1
-0.139204 0.0539081 720 -0.0332987 0.0635799 10.4316 44.7566 -13 906 0 0 1
-0.289062 0.023971 720 0.0101526 0.0937291 11.6149 48.8564 -13 907 0 0 1
0.0186995 -0.0143196 720 -0.00849609 0.00241218 12.9466 23.6517 -13 908 0 0 1
0.158613 -0.0667087 720 -0.0122596 -0.049045 7.22978 50.5004 -13 909 0 0 1
0.0659586 0.0161354 720 -0.0209239 -0.0083068 9.27615 29.6493 -13 910 0 0 1
0.343153 -0.666944 720 -0.270457 -0.0532803 11.8056 24.0749 -13 912 0 0 1
-0.0843495 0.144731 720 0.0270974 0.00944939 10.2731 27.29 -13 914 0 0 1
-0.0788037 0.212925 720 0.0191727 0.0242295 9.09687 34.8152 -13 915 0 0 1
-0.134155 -0.0463117 720 0.0257 0.023361 13.7943 37.8251 -13 916 0 0 1
0.022178 -0.0112382 720 0.0116663 0.0322596 12.4855 40.5031 -13 917 0 0 1
-0.0152375 0.0122181 720 0.0111311 0.0127273 12.8437 44.4964 -13 918 0 0 1
0.133655 -0.605773 720 -0.0547728 0.0125581 3.48166 72.573 -13 919 0 0 1
0.229473 0.191927 720 0.100845 0.0128312 8.62329 33.2002 -13 920 0 0 1
-0.0763483 0.160844 720 0.0620609 0.0243488 14.0769 24.9095 -13 921 0 0 1
0.0210934 -0.000977818 720 -0.0213093 -0.00542255 12.8439 41.4171 -13 922 0 0 1
-0.296462 -0.132341 720 -0.181902 0.160416 3.70711 92.0086 -13 923 0 0 1
0.0904949 0.18409 720 0.0960091 -0.0264651 13.5269 33.1878 -13 924 0 0 1
1.27144 -2.8483 720 -0.0362792 -0.00672959 0.0750075 33.7608 11 924 1001 0 1
-0.106685 0.0559429 720 0.0300833 3.49189e-05 13.9307 47.2657 -13 925 0 0 1
0.0274847 -0.140513 720 -0.0468159 0.0465211 12.8052 21.277 -13 926 0 0 1
-0.0896778 0.0188853 720 -0.00709123 0.010245 4.62591 68.0344 -13 927 0 0 1
0.10222 0.39032 720 0.0939762 -0.01013 11.7668 45.818 -13 928 0 0 1
0.113142 -0.0221218 720 -0.00603596 -0.0577346 13.5431 25.9743 -13 929 0 0 1
-0.13865 -0.056864 720 0.00515957 0.0718155 12.7117 38.7902 -13 930 0 0 1
0.0827446 0.0370916 720 0.015034 -0.0158158 13.3088 40.9607 -13 931 0 0 1
0.0651118 0.0864556 720 0.0313327 0.00103905 11.4438 51.8234 -13 932 0 0 1
0.208526 0.214487 720 0.0378678 -0.0878175 13.6043 32.6484 -13 933 0 0 1
0.172085 0.11942 720 -0.0767825 0.0274334 8.57228 42.4251 -13 934 0 0 1
-0.168269 0.04227 720 0.0841089 0.032812 10.3203 46.4369 -13 935 0 0 1
-2.47555 0.0119137 720 -0.0178582 -0.0416237 0.0699785 42.3667 11 935 1001 0 1
-0.0354812 0.0240961 720 -0.0248083 -0.0129384 12.417 34.5774 -13 936 0 0 1
0.168157 0.120764 720 0.0695207 0.0255782 12.5296 48.1854 -13 937 0 0 1
0.0271495 -0.267962 720 -0.138024 -0.0681425 4.43835 59.436 -13 938 0 0 1
-0.00988162 -0.0350431 720 -0.00616326 -0.0383415 13.8439 28.943 -13 939 0 0 1
-0.531156 1.32786 720 0.340763 -0.361277 5.72131 47.5932 -13 940 0 0 1
-0.169007 -0.157135 720 -0.092622 -0.0235828 12.2433 37.224 -13 941 0 0 1
-2.56771 -5.14215 720 -0.00078814 -0.00700913 0.045917 46.1741 11 941 1001 0 1
1.44526 -0.176153 720 -0.0676057 -0.00277282 0.779683 136.49 -13 942 0 0 1
-0.0838475 0.0758378 720 0.0511455 0.0602095 10.4922 49.6697 -13 943 0 0 1
-0.576327 0.725226 720 -0.0272961 0.0218473 0.0277138 50.0373 11 943 1001 0 1
0.127645 0.208656 720 0.00132356 0.205456 5.63802 67.8201 -13 944 0 0 1
0.350542 -0.615529 720 -0.0893083 -0.00198727 3.78085 90.327 -13 945 0 0 1
-0.156817 0.0229684 720 0.0233314 0.0469437 14.2993 31.2247 -13 946 0 0 1
0.0570339 -0.237893 720 -0.100109 -0.0256944 10.4265 30.0386 -13 947 0 0 1
-0.2158 -0.224677 720 -0.166465 0.0484899 7.71173 38.4321 -13 948 0 0 1
-0.126145 -0.019738 720 -0.00568965 -0.0112156 12.4784 41.9407 -13 949 0 0 1
0.284691 -0.775615 720 -0.408862 -0.0532209 2.90491 79.0708 -13 950 0 0 1
0.0464951 -0.062562 720 0.00137816 0.00895779 5.164 55.5173 -13 951 0 0 1
0.564929 0.189094 720 0.170678 -0.0289577 3.94151 86.3777 -13 952 0 0 1
-0.243174 0.0547447 720 -0.0186716 0.0707365 9.78612 33.2656 -13 953 0 0 1
-0.0524485 -0.104916 720 -0.0203513 0.0259443 6.68185 58.1107 -13 954 0 0 1
-0.0336202 0.0225662 720 -0.0461287 -0.0113125 7.30321 52.0641 -13 955 0 0 1
-8.32152 7.64103 720 0.0142801 -0.017552 0.0406611 48.2085 11 955 1001 0 1
0.0378282 -0.348384 720 -0.115752 0.0266595 6.91745 44.4057 -13 956 0 0 1
-2.06847 1.07813 720 -0.843853 1.01947 13.9867 37.5417 -13 957 0 0 1
0.0966115 0.113632 720 0.0745242 -0.0445882 11.881 36.22 -13 958 0 0 1
-0.335876 0.00830981 720 -0.00416997 0.0803764 10.3952 45.5389 -13 959 0 0 1
-0.00303809 0.0935871 720 0.0446826 0.000662981 14.4222 27.6591 -13 960 0 0 1
-0.10068 0.00306391 720 -0.102014 0.0111403 11.7843 41.1213 -13 962 0 0 1
0.154551 0.0755822 720 0.0134083 -0.0526711 11.8678 44.8664 -13 963 0 0 1
-0.0122891 -0.143971 720 -0.036569 0.0142715 10.4728 51.4668 -13 964 0 0 1
-0.036427 -0.108181 720 0.00106135 0.0400436 11.3266 38.6281 -13 965 0 0 1
0.0229365 0.283415 720 0.100235 -0.0126046 9.38509 35.6422 -13 966 0 0 1
0.193337 0.699984 720 0.0615642 -0.151562 1.62616 104.47 -13 968 0 0 1
0.158845 -0.111812 720 -0.0302242 -0.0327928 8.86228 41.8696 -13 969 0 0 1
-0.117331 -0.0363103 720 -0.038409 0.00426238 13.2483 33.7248 -13 971 0 0 1
-0.167503 0.153005 720 0.0392759 0.00331639 14.4599 33.3728 -13 972 0 0 1
-0.05575 0.0314166 720 -0.0253139 0.0214666 13.7621 47.6144 -13 973 0 0 1
0.0677746 -0.0333034 720 0.0226949 -0.0263419 14.4782 37.9266 -13 974 0 0 1
-4.93186 0.0146204 720 0.0528186 -0.0199342 0.0815874 36.7809 11 974 1001 0 1
-0.208354 0.0460983 720 -0.0655759 0.097449 10.2749 45.2504 -13 975 0 0 1
-0.0941471 -0.308609 720 -0.104415 0.0176465 6.66045 44.7329 -13 976 0 0 1
0.0765035 -0.0483249 720 -0.0478825 -0.0327179 9.04299 45.902 -13 978 0 0 1
-0.0864168 -0.101277 720 -0.043662 0.0177852 13.7138 37.8165 -13 979 0 0 1
0.0786856 0.149825 720 0.00711031 0.0208078 12.0429 25.4418 -13 980 0 0 1
0.472265 2.47446 720 -0.000229241 0.0345992 0.026259 26.6037 11 980 1002 0 1
0.0644942 -0.0531275 720 -0.00122349 -0.034471 9.66869 27.6297 -13 981 0 0 1
-0.00736537 0.0443195 720 -0.00392817 0.0163591 13.609 32.0578 -13 982 0 0 1
-0.221775 -0.101811 720 -0.181456 0.0185698 5.58889 68.7854 -13 983 0 0 1
1.51283 1.35772 720 0.0029111 0.0211941 0.0336181 68.5631 11 983 1001 0 1
-0.216476 -0.208646 720 -0.272459 0.000496237 9.9852 28.481 -13 984 0 0 1
1.40812 -0.562908 720 -0.0149347 0.00333641 0.0855739 22.9387 11 984 1001 0 1
-0.224141 0.190479 720 0.0872014 0.0390632 11.2457 38.5137 -13 985 0 0 1
-0.149537 -0.0152554 720 0.0393287 0.0708966 8.31285 49.7335 -13 986 0 0 1
-0.0311171 0.0760482 720 0.0124528 0.028441 14.2353 43.0675 -13 987 0 0 1
0.127839 -0.022296 720 -0.0996966 -0.0219049 6.63967 60.3571 -13 988 0 0 1
-0.651506 0.937602 720 0.00857867 0.0585378 1.06882 126.597 -13 989 0 0 1
-0.0933465 -0.115916 720 -0.0589789 0.0417845 14.464 26.371 -13 990 0 0 1
0.0432168 0.0479037 720 -0.00765182 -0.04952 10.8683 44.0305 -13 991 0 0 1
-0.0623791 0.216978 720 -0.0105697 0.0191924 13.0322 45.4715 -13 992 0 0 1
0.0905281 0.0775162 720 -0.0292883 0.0412288 0.0513188 45.5747 11 992 1002 0 1
-0.190355 0.00503993 720 0.00218419 0.0685421 11.2412 52.1539 -13 993 0 0 1
0.0500633 0.0818658 720 -0.014132 -0.0868011 12.7627 45.1011 -13 994 0 0 1
-3.21149 0.106894 720 -0.0538431 -0.0312138 0.0471595 46.1187 11 994 1001 0 1
-0.07506 -0.0480727 720 -0.0404327 0.0512558 13.8887 30.8191 -13 995 0 0 1
0.0490892 -0.0969896 720 -0.0205332 -0.0423336 13.0254 45.3404 -13 996 0 0 1
0.105389 0.0658803 720 0.0375753 -0.0607272 14.5097 26.8917 -13 997 0 0 1
-0.0578234 0.0535168 720 -0.0962994 0.0138345 10.1959 50.5685 -13 998 0 0 1
0.18966 -0.173763 720 -0.000450408 -0.0567289 7.3251 39.9858 -13 999 0 0 1
0.0416813 0.0460114 720 0.0516567 0.00818332 8.41016 52.4108 -13 1000 0 0 1
