#BLTrackFile NTuple/Z760
#x y z Px Py Pz t PDGid EventID TrackID ParentID Weight
#mm mm mm MeV/c MeV/c MeV/c ns - - - - -
-0.0319617 0.0116083 760 -0.0191185 -0.00778558 11.4899 42.5574 -13 1 0 0 1
-0.0967704 0.103956 760 0.0854091 -0.0839777 12.5573 44.0505 -13 2 0 0 1
-0.349005 0.194751 760 -0.00467025 0.149577 9.82855 29.8976 -13 3 0 0 1
-1.50675 9.22754 760 -0.00721442 -0.0484625 0.0664357 21.7404 11 3 1001 0 1
-0.00869867 0.0108925 760 0.00720941 -0.0206469 11.131 28.4574 -13 4 0 0 1
0.0442865 0.224293 760 0.0726848 -0.0587909 6.83326 46.4055 -13 5 0 0 1
-0.00551567 0.0808629 760 -0.0550814 -0.00166679 7.62299 57.2979 -13 6 0 0 1
-0.00285575 0.074288 760 0.0462327 -0.0232988 12.0246 35.9707 -13 7 0 0 1
-0.177157 -0.220909 760 -0.045426 -0.000434852 5.04345 66.9821 -13 8 0 0 1
0.127992 0.0300248 760 0.0425527 -0.036938 13.6179 43.3354 -13 9 0 0 1
-0.112081 0.111543 760 0.0237383 0.0589213 13.2372 25.4329 -13 10 0 0 1
-0.0634394 0.179149 760 0.046112 0.0260843 10.5975 28.2102 -13 11 0 0 1
0.0354553 0.0925793 760 0.0150149 -0.154747 11.7994 26.955 -13 12 0 0 1
0.137809 -0.865689 760 -0.145312 0.164168 3.25386 78.5307 -13 13 0 0 1
0.0213915 0.00451424 760 0.0232574 -0.0161679 10.305 29.1963 -13 14 0 0 1
2.03619 2.99174 760 -0.0221261 -0.00103617 0.0920602 18.6371 11 14 1002 0 1
0.162161 -0.325963 760 -0.0833906 -0.0592086 5.09104 70.6829 -13 15 0 0 1
0.0451218 -0.302336 760 -0.190402 -0.0344501 8.32386 34.9917 -13 16 0 0 1
0.0327602 -0.0498448 760 0.0210881 -0.0125828 14.5066 25.8376 -13 17 0 0 1
0.0100648 -0.121787 760 -0.0335893 -0.0325635 13.0758 49.724 -13 18 0 0 1
0.192991 0.051482 760 -0.128598 0.0183571 8.25296 50.3404 -13 19 0 0 1
0.0352165 0.0559254 760 0.00248053 -0.0110618 14.4198 41.6701 -13 21 0 0 1
-0.0880683 0.086087 760 -0.0180994 -0.0189974 10.4473 27.6559 -13 22 0 0 1
-0.0668412 -0.0612809 760 -0.0147643 -0.0101626 11.7634 52.53 -13 23 0 0 1
0.0977878 0.0120321 760 0.00861792 -0.0227613 8.28381 59.7106 -13 24 0 0 1
0.14133 0.0843108 760 0.0154059 -0.0300832 14.3649 33.1237 -13 25 0 0 1
0.154049 0.343648 760 0.0791923 0.0780991 8.92323 45.8817 -13 26 0 0 1
-0.209374 -0.0175779 760 0.014127 0.0283525 8.41859 42.3393 -13 27 0 0 1
-0.00717688 -0.050786 760 -0.0401201 0.00122353 11.5593 51.2588 -13 28 0 0 1
0.0905169 -0.0597381 760 -0.0279865 -0.0186555 6.90691 60.0514 -13 29 0 0 1
-1.96708 -0.0493857 760 -0.0124913 0.00411428 0.0496404 59.5634 11 29 1001 0 1
0.176644 0.167309 760 -0.00509421 -0.177569 13.6115 22.3642 -13 30 0 0 1
0.0401977 0.0752195 760 0.00521592 0.0104041 10.3337 30.4992 -13 31 0 0 1
0.0281728 0.138819 760 0.145642 0.0194852 8.46839 37.4659 -13 32 0 0 1
0.429287 0.177275 760 0.0355896 0.0631847 2.86153 104.711 -13 33 0 0 1
-0.0618895 -0.159163 760 -0.0213647 0.0887245 13.6384 41.5679 -13 34 0 0 1
-0.0462246 0.495045 760 -0.0248461 -0.0719196 4.96934 79.0493 -13 35 0 0 1
-0.0994887 -0.0450304 760 -0.0633601 0.0981791 8.54747 55.8206 -13 36 0 0 1
-0.128522 0.00588765 760 -0.118669 -0.0313212 10.3891 54.283 -13 37 0 0 1
0.0317577 0.0391149 760 0.0012223 0.00102638 11.842 46.4876 -13 38 0 0 1
0.0161759 0.0549852 760 0.0133776 0.0080281 9.48851 38.8556 -13 39 0 0 1
1.14078 -0.993322 760 -0.787282 0.509955 10.8224 45.6219 -13 40 0 0 1
-0.33015 0.437671 760 0.128714 0.00778749 8.87388 33.7 -13 41 0 0 1
-0.0403715 -0.143384 760 -0.147977 -0.014355 9.90572 49.1106 -13 42 0 0 1
0.203942 0.00794703 760 -0.00545165 -0.0575364 14.4143 30.8888 -13 43 0 0 1
-0.2477 -0.0958749 760 -0.0041919 0.051208 11.2526 43.052 -13 44 0 0 1
0.0740146 -0.349311 760 -0.121038 0.0205522 10.8501 49.7432 -13 45 0 0 1
-0.126477 0.33708 760 0.0969553 0.000108873 4.92344 57.9264 -13 46 0 0 1
0.179821 -0.0477907 760 0.0163991 -0.0780943 11.4036 32.0551 -13 47 0 0 1
0.0775082 0.444698 760 -0.0432439 0.204402 6.62962 50.5797 -13 48 0 0 1
-0.0510872 0.0993101 760 0.0307669 0.0341486 13.2673 27.0582 -13 49 0 0 1
0.263311 -0.32042 760 -0.0877041 0.0328868 4.07591 89.3125 -13 50 0 0 1
-0.13272 -0.418812 760 -0.13079 -0.00135676 8.36945 44.4287 -13 51 0 0 1
0.0743553 0.146623 760 0.0337092 -0.111348 8.17549 34.557 -13 53 0 0 1
0.35725 -0.214106 760 0.056298 -0.0382116 2.18197 95.3133 -13 54 0 0 1
0.064489 -0.0426219 760 -0.0439387 -0.0234095 10.3817 45.7219 -13 55 0 0 1
0.167386 -0.103157 760 -0.00354796 -0.0795585 14.0588 28.4233 -13 56 0 0 1
0.932243 2.07042 760 -0.0644632 -0.018361 0.0375286 31.9175 11 56 1001 0 1
0.0282145 -0.0604229 760 -0.0256193 0.00709572 9.78136 55.1635 -13 57 0 0 1
0.326151 -0.0102654 760 -0.0141212 -0.123845 8.21134 39.968 -13 58 0 0 1
3.89784 1.94394 760 0.0149072 -0.00275501 0.0580512 33.5672 11 58 1001 0 1
3.8787 2.53145 760 0.0152588 0.024035 0.0158645 34.4462 11 58 1002 1001 1
0.547887 -0.233284 760 -0.1413 -0.0938909 6.95978 55.7138 -13 59 0 0 1
0.0695457 0.05428 760 0.00266187 -0.0776765 8.21477 54.4751 -13 60 0 0 1
-3.8514 -3.25027 760 0.0127855 -0.0269071 0.0476368 49.8048 11 60 1001 0 1
0.00632214 0.00532722 760 0.00303915 0.0443383 13.9433 35.1268 -13 61 0 0 1
-0.0994507 0.0397105 760 0.0146492 -0.00556482 9.34372 41.8291 -13 62 0 0 1
0.0652352 -0.023798 760 -0.00230524 -0.018729 14.0018 47.7661 -13 63 0 0 1
-0.434926 -0.116291 760 -0.0284836 0.14334 8.85244 43.2471 -13 64 0 0 1
0.0757289 0.0276524 760 0.00132393 -0.101997 5.00634 57.6393 -13 65 0 0 1
0.109422 0.155788 760 0.0180512 -0.00915209 7.36478 49.8383 -13 66 0 0 1
-0.00791391 0.0342661 760 0.01511 0.0417104 11.5133 36.1762 -13 67 0 0 1
-0.139595 0.0953466 760 0.132702 0.0248719 10.6166 45.1223 -13 68 0 0 1
-0.14865 -0.190741 760 0.0211199 0.0793121 5.30532 63.3444 -13 69 0 0 1
0.0747076 0.0529739 760 -0.0285759 0.00027433 11.1498 29.6426 -13 70 0 0 1
0.125082 -0.0917091 760 -0.0426008 -0.0449379 11.6673 27.2477 -13 71 0 0 1
0.0246263 -0.0841456 760 0.011144 0.0248337 10.3445 27.7957 -13 72 0 0 1
0.385827 -0.398373 760 -0.157085 -0.0936085 6.0522 65.7198 -13 73 0 0 1
-0.0914273 -0.064815 760 -0.0186056 0.0140071 10.7118 40.1536 -13 74 0 0 1
0.14201 0.353729 760 0.00433075 0.00546251 7.75667 62.6011 -13 75 0 0 1
-0.0394106 -0.161971 760 -0.0193214 -0.00394743 12.4784 47.4723 -13 76 0 0 1
0.0903038 0.062931 760 0.0568157 0.015711 8.12746 59.1104 -13 77 0 0 1
-0.0275207 -0.180151 760 -0.0306429 -0.00788891 13.5438 33.8033 -13 78 0 0 1
-0.0362542 -0.117483 760 -0.0123881 -0.0489846 12.6573 46.5811 -13 79 0 0 1
0.0718099 0.131259 760 0.0461755 -0.00145726 10.2792 54.3253 -13 80 0 0 1
0.213657 -0.0502872 760 -0.0695247 -0.0735155 8.64484 54.3005 -13 81 0 0 1
-0.0879479 -0.091049 760 0.0230109 0.0284958 13.1981 43.8743 -13 82 0 0 1
-0.0526676 0.168143 760 0.0732712 0.0212337 9.83857 46.4784 -13 83 0 0 1
0.416946 0.176456 760 0.105649 -0.0220226 6.26573 56.1428 -13 84 0 0 1
0.0120661 0.0939326 760 0.042415 -0.0204569 13.596 24.0111 -13 85 0 0 1
-0.30204 -0.0596296 760 0.00548077 0.136973 7.91915 47.0755 -13 86 0 0 1
0.135718 -0.087223 760 0.0249976 0.0768673 8.45018 40.3341 -13 88 0 0 1
0.283069 0.0569988 760 0.0325318 -0.0326475 9.93818 38.1975 -13 89 0 0 1
0.160871 0.188343 760 0.00762609 -0.0738033 6.65062 49.1328 -13 90 0 0 1
0.144928 0.0583711 760 0.0439798 -0.0822399 7.11712 65.2065 -13 91 0 0 1
-0.183839 0.0642108 760 -0.0820778 0.0589687 6.61234 68.2039 -13 92 0 0 1
0.40893 0.700694 760 0.248864 0.0273496 7.65637 61.0943 -13 93 0 0 1
0.0342185 -0.241011 760 -0.0228447 -0.00303834 5.59223 55.525 -13 94 0 0 1
0.0391186 -0.128598 760 -0.0320503 -0.036664 10.7513 37.1297 -13 95 0 0 1
0.0519304 -0.0199566 760 -0.0124329 -0.0122709 12.8515 36.3963 -13 97 0 0 1
-1.17008 0.0925946 760 -0.282911 0.347803 9.42468 36.7743 -13 98 0 0 1
2.68264 1.71051 760 -0.00887266 -0.0140048 0.0848234 27.3388 11 98 1001 0 1
0.0223512 0.0809706 760 0.0167007 -0.0172936 14.0069 24.8408 -13 99 0 0 1
0.0853012 0.0426703 760 0.0978084 -0.0942494 12.3073 23.2047 -13 100 0 0 1
-0.340038 0.0822033 760 0.0153964 -0.121451 4.60575 72.6007 -13 101 0 0 1
-0.0472538 -0.092064 760 -0.0162989 -0.103224 9.94809 50.6582 -13 103 0 0 1
-0.0282487 -0.0476379 760 0.0217177 -0.0145039 9.5937 41.3376 -13 104 0 0 1
0.0743901 0.100859 760 0.0162968 0.0062671 8.78304 37.5864 -13 105 0 0 1
-0.0442797 -0.115355 760 -0.0329033 -0.039535 10.2971 54.5039 -13 106 0 0 1
-0.0640982 -0.0262226 760 -0.0134212 0.0179181 13.745 37.719 -13 107 0 0 1
0.136406 -0.0199002 760 0.0122586 0.0747286 7.25189 49.6934 -13 108 0 0 1
0.0219736 0.287537 760 0.070284 0.0235235 13.5624 20.928 -13 109 0 0 1
0.0962435 0.83518 760 0.216456 -0.073319 5.42005 52.0306 -13 110 0 0 1
0.0320659 0.0232118 760 -0.0202193 0.0232654 9.82254 31.4819 -13 111 0 0 1
-0.252863 0.0217424 760 0.0885182 0.104107 7.64407 39.3232 -13 112 0 0 1
0.0696431 -0.0508665 760 -0.0160077 -0.0272654 11.9388 33.1546 -13 113 0 0 1
-0.0236359 -0.118888 760 -0.109802 0.0824837 8.02441 40.3987 -13 114 0 0 1
-0.875452 0.694913 760 -0.00921365 0.43755 13.2167 40.3647 -13 115 0 0 1
0.125172 -0.0639629 760 -0.00210194 -0.0450052 10.2734 55.7013 -13 116 0 0 1
-0.10557 -0.0118445 760 0.0858254 0.0152592 11.5434 28.7551 -13 117 0 0 1
-0.178808 -0.304982 760 -0.212768 -0.0878526 5.78585 51.1878 -13 118 0 0 1
-0.0591129 0.00580939 760 -0.0324618 0.0408111 10.9569 44.6061 -13 119 0 0 1
0.312352 -0.449875 760 0.0243747 -0.035628 7.47384 50.1033 -13 120 0 0 1
-0.113876 0.102796 760 0.00349256 0.0834277 7.93465 62.0139 -13 121 0 0 1
0.0925889 0.00647778 760 0.0292575 -0.0227725 8.97153 36.7001 -13 122 0 0 1
-0.173673 -0.155655 760 0.00220539 -0.031786 4.93679 75.979 -13 123 0 0 1
-0.161515 0.0022569 760 -0.00576767 0.0650644 12.9905 36.4008 -13 124 0 0 1
-0.0998046 -0.108901 760 -0.0477543 0.0446468 11.4514 50.3828 -13 125 0 0 1
-0.524021 -0.633343 760 -0.122673 0.19894 11.7179 48.4039 -13 126 0 0 1
-0.0170246 -0.144196 760 0.0544591 0.00753449 9.59523 34.2045 -13 127 0 0 1
-0.0631257 -0.0385859 760 -0.0730193 0.0410769 13.499 30.0078 -13 128 0 0 1
-0.0622356 0.189416 760 0.0225993 0.0845919 13.4861 33.0852 -13 129 0 0 1
-0.00755835 0.0272666 760 0.0588862 -0.0123421 10.4508 48.3714 -13 130 0 0 1
-0.0236993 -0.263928 760 -0.0538606 0.00948562 9.11605 37.9632 -13 131 0 0 1
-0.142378 -0.681331 760 -0.2167 -0.139734 13.238 43.1665 -13 132 0 0 1
0.136696 -0.103283 760 -0.0631917 -0.0503792 14.5097 37.9249 -13 133 0 0 1
0.303009 -0.070705 760 0.0181491 -0.105582 7.22844 56.1147 -13 134 0 0 1
-0.016288 0.000432951 760 -0.0145378 0.0263709 13.3406 24.8991 -13 135 0 0 1
-0.0568624 0.00166216 760 0.0201415 0.035098 12.9735 33.0473 -13 136 0 0 1
-0.278287 0.204279 760 -0.0278919 0.0495337 7.19293 41.6337 -13 137 0 0 1
0.0838653 -0.073609 760 0.0239499 0.0274033 4.40133 64.0067 -13 138 0 0 1
-0.161375 0.0527681 760 0.0224436 0.0181921 11.4744 43.5252 -13 139 0 0 1
-0.136272 -0.0836118 760 -0.0428799 0.0656745 14.1374 44.556 -13 140 0 0 1
-0.02133 0.0894262 760 0.01098 0.0142656 13.816 21.0474 -13 141 0 0 1
-0.0873892 0.0686928 760 0.0385553 0.00940988 13.7449 31.7033 -13 142 0 0 1
-0.0612987 -0.0360475 760 0.0707291 0.00569243 11.0257 30.4123 -13 143 0 0 1
0.00538269 0.0226922 760 0.0260581 -0.00820622 14.3885 39.7811 -13 144 0 0 1
-0.0123848 0.281031 760 0.0481267 -0.021941 9.8463 52.9654 -13 145 0 0 1
0.211865 0.0911942 760 0.00685995 0.00315916 9.21238 40.1657 -13 146 0 0 1
-0.0691779 -0.0518046 760 -0.0302819 0.00498062 11.2253 39.6338 -13 147 0 0 1
-0.0624995 0.00838118 760 -0.0383371 0.0138058 7.33338 50.0148 -13 148 0 0 1
-0.0418745 -0.178928 760 -0.0299789 0.0432361 6.97413 47.213 -13 149 0 0 1
-0.0722351 0.00598877 760 0.0083665 0.0181901 13.8424 40.4546 -13 150 0 0 1
-0.31134 -0.203029 760 -0.0315759 0.0284928 8.05465 37.0668 -13 151 0 0 1
-0.0145546 0.0167122 760 0.0136018 0.0136261 14.1286 43.7396 -13 152 0 0 1
0.230562 -0.0681937 760 -0.00208289 -0.0849424 13.6707 43.7917 -13 153 0 0 1
2.97329 -3.83334 760 0.0348391 0.000137915 0.0166369 46.8589 11 153 1001 0 1
-0.0560205 -0.12901 760 0.0248895 -0.0148188 9.44037 46.0437 -13 154 0 0 1
0.115171 -0.128225 760 0.0020884 -0.0898035 9.92989 52.6622 -13 155 0 0 1
0.00819202 -0.0862837 760 -0.000733326 0.022608 11.976 39.631 -13 156 0 0 1
-0.0836503 -0.0480763 760 -0.0479006 -0.00100197 13.2384 29.9993 -13 157 0 0 1
0.47033 0.291736 760 0.188657 -0.0521172 8.3795 42.5285 -13 158 0 0 1
-2.09057 -3.60036 760 0.0156563 -0.0292431 0.0406434 42.4878 11 158 1001 0 1
0.0472423 -0.022879 760 0.00454908 -0.00575485 14.3318 42.163 -13 159 0 0 1
-0.183036 0.118867 760 0.0119583 0.0136223 7.45961 44.8969 -13 160 0 0 1
0.185156 0.0869867 760 0.0224069 -0.112984 14.1028 26.5005 -13 161 0 0 1
-0.0724904 -0.0142143 760 -0.0190232 0.0539454 9.71451 43.2984 -13 162 0 0 1
0.11188 -0.198517 760 -0.0284584 0.0305657 9.72526 31.0161 -13 163 0 0 1
0.0305888 0.0648476 760 -0.00747362 -0.0444671 14.218 39.5407 -13 164 0 0 1
-0.0270932 -0.0683745 760 -0.0316798 -0.0280975 12.3333 46.9155 -13 165 0 0 1
-0.0750229 0.0872643 760 0.080935 0.0578026 11.0049 53.5096 -13 166 0 0 1
-0.321705 0.304857 760 0.0730276 0.0737513 9.82316 32.645 -13 167 0 0 1
0.179266 0.0337781 760 0.0241473 -0.0238809 11.4151 24.9526 -13 168 0 0 1
-0.0415592 -0.0761764 760 -0.0444203 0.0387632 13.0599 47.4471 -13 169 0 0 1
-0.244409 -0.0970495 760 -0.0252544 0.0893862 8.91031 49.447 -13 170 0 0 1
0.014565 0.100066 760 -5.79197e-05 0.0175363 14.5054 41.0417 -13 171 0 0 1
0.0672642 -0.190743 760 0.0316188 -0.0926102 11.843 37.7953 -13 172 0 0 1
0.00622213 0.0491321 760 -0.00545169 -0.0362431 13.0413 22.2593 -13 173 0 0 1
0.0643577 -0.10556 760 0.0252342 -0.0140715 9.72746 51.6462 -13 174 0 0 1
-0.142469 -0.156642 760 -0.0486213 0.00556597 10.6626 28.2207 -13 175 0 0 1
0.0209929 0.0682812 760 0.158237 0.105887 10.7661 39.709 -13 176 0 0 1
0.213765 -0.912283 760 0.0239101 -0.0459218 3.03086 85.0761 -13 177 0 0 1
-0.273253 0.0825566 760 -0.130596 -0.0480128 5.51337 59.699 -13 178 0 0 1
0.306371 -0.382308 760 -0.290539 0.0659107 5.37448 64.9453 -13 179 0 0 1
1.56427 3.16326 760 -0.00198267 0.0259198 0.0332232 64.6167 11 179 1001 0 1
-0.3847 -0.253841 760 -0.410198 -0.0100227 7.08669 61.4979 -13 180 0 0 1
-0.222371 -0.24745 760 -0.0648877 0.0605697 8.75575 57.5184 -13 181 0 0 1
0.160135 0.0294402 760 0.00779861 -0.0445669 9.24582 46.9501 -13 182 0 0 1
-0.0395099 -0.087063 760 -0.0364228 0.0556747 14.0234 25.0646 -13 183 0 0 1
-0.134296 -0.270324 760 -0.0652846 0.0850969 12.2594 27.1117 -13 184 0 0 1
-0.221795 -0.261034 760 0.0165279 0.145557 11.5004 39.6964 -13 185 0 0 1
0.0217327 -0.10652 760 -0.03825 -0.0470557 11.8692 52.2575 -13 186 0 0 1
0.237282 0.0962631 760 0.0872876 -0.0227893 4.59839 60.2918 -13 187 0 0 1
0.123647 0.174336 760 0.0415468 -0.0619572 8.54618 48.3088 -13 188 0 0 1
1.89121 -1.08554 760 -0.0166321 0.00702785 0.0565917 48.0928 11 188 1001 0 1
-0.299316 -0.0977414 760 0.0105898 0.104524 5.73862 47.3819 -13 189 0 0 1
-4.14194 -3.25682 760 -0.00145416 0.00214355 0.0447322 44.4611 11 189 1001 0 1
0.0331606 0.027557 760 0.0365248 -0.0198851 8.39056 38.0329 -13 190 0 0 1
-0.343257 0.7305 760 0.269171 -0.126075 12.2238 28.4625 -13 191 0 0 1
-0.0776292 0.0576942 760 -0.0360687 0.0458765 12.0716 28.4699 -13 192 0 0 1
0.125542 0.2262 760 0.0168327 -0.00665825 10.3178 33.484 -13 194 0 0 1
0.020815 -0.128334 760 -0.108648 0.00481198 10.8478 47.1311 -13 195 0 0 1
0.014212 0.247604 760 0.0767289 -0.0318985 11.6804 52.8322 -13 196 0 0 1
-0.00163068 0.0342348 760 -0.0158775 -0.0568626 12.298 26.8429 -13 198 0 0 1
0.01464 0.00182028 760 0.0151386 -0.0146037 12.922 35.6029 -13 199 0 0 1
-0.0283672 -0.0325758 760 0.0212102 0.00783482 11.5943 45.3742 -13 201 0 0 1
0.0738216 -0.294724 760 -0.141536 0.0115309 12.0039 43.7474 -13 202 0 0 1
-0.124365 -0.0353328 760 -0.0420391 -0.0150461 14.4539 39.8202 -13 203 0 0 1
-0.0642122 0.17146 760 -0.0935217 0.0813806 5.3554 58.1824 -13 204 0 0 1
-0.0890056 -0.00235558 760 0.005424 0.0064112 7.13286 48.9871 -13 205 0 0 1
-0.0699051 0.0152723 760 0.00363373 -0.0835782 9.19096 57.4809 -13 207 0 0 1
-1.30489 0.309198 760 -0.029512 -0.0296228 0.0397585 57.6463 11 207 1002 0 1
-0.00338626 0.0320814 760 0.026316 -0.0106282 13.7093 32.9967 -13 209 0 0 1
1.08564 -2.03669 760 -0.0487031 -0.695665 2.47835 109.826 -13 210 0 0 1
-0.0552473 0.370638 760 0.125716 -0.0439222 6.45385 56.3817 -13 211 0 0 1
-3.25557 -1.2942 760 0.0361214 -0.00929355 0.0213446 57.1669 11 211 1001 0 1
0.395226 -0.424114 760 -0.0377258 -0.26604 13.9351 21.12 -13 212 0 0 1
-0.0196093 -0.0149615 760 0.0390021 0.0755415 8.94418 59.3242 -13 213 0 0 1
0.00892456 -0.0501971 760 -0.00229993 0.024438 9.78271 46.073 -13 214 0 0 1
0.196902 -0.0136128 760 -0.0155974 0.0393376 3.85407 79.4625 -13 215 0 0 1
-0.0476053 -0.17398 760 -0.0661002 0.0282885 9.88226 39.8073 -13 216 0 0 1
-0.327849 -0.153643 760 -0.146354 0.0404396 9.43347 41.8827 -13 217 0 0 1
-0.0197097 -0.0588695 760 0.000445257 0.0699416 5.04045 67.0365 -13 218 0 0 1
0.031299 -0.137196 760 0.0195992 -0.0224652 9.73311 38.274 -13 219 0 0 1
-0.00879125 -0.0761494 760 -0.041977 0.0298351 13.3192 32.4138 -13 220 0 0 1
0.257351 -0.773984 760 -0.125393 -0.192432 3.23942 83.8835 -13 221 0 0 1
-0.252157 -0.0483642 760 -0.018728 0.0783214 8.90952 37.5131 -13 222 0 0 1
-0.118235 -0.203059 760 -0.0227884 -0.0113429 8.62334 34.8763 -13 223 0 0 1
0.259321 0.0764577 760 -0.0183375 0.0770433 6.00011 73.1502 -13 224 0 0 1
-0.0293306 -0.0902187 760 -0.0311821 -0.0105658 12.3367 43.0976 -13 225 0 0 1
0.0728978 0.141515 760 0.0823458 -0.0185812 10.0698 46.0553 -13 226 0 0 1
0.0748124 0.203906 760 0.075908 -0.0382131 12.6084 41.4619 -13 227 0 0 1
0.173598 0.371601 760 0.0973873 -0.0214567 13.4966 33.656 -13 228 0 0 1
0.0267721 -0.000507271 760 -0.0377852 0.0168275 13.4309 31.2412 -13 229 0 0 1
-0.0830083 0.111098 760 -0.0317247 -0.116221 11.944 24.3621 -13 230 0 0 1
0.117391 0.201431 760 0.0761162 -0.0219323 8.9845 56.4197 -13 231 0 0 1
-0.272957 -0.0892796 760 -0.00875768 0.065649 6.24078 62.0011 -13 232 0 0 1
-0.373424 -0.186507 760 -0.0843097 0.0781302 10.9529 52.8542 -13 233 0 0 1
0.000790696 0.00233992 760 -0.0238185 0.021471 12.4811 24.956 -13 234 0 0 1
0.221855 0.199123 760 -0.0452466 0.00345667 6.2731 66.2147 -13 235 0 0 1
0.10166 -0.136473 760 -0.0579201 -0.158348 4.31646 79.6482 -13 236 0 0 1
0.0230839 -0.0936696 760 -0.0100821 0.0697292 8.33891 47.5496 -13 237 0 0 1
0.0209361 0.0431522 760 0.0941573 -0.00303324 9.40476 33.8178 -13 238 0 0 1
-0.0730477 -0.0828211 760 -0.0692839 0.0119784 12.7605 33.1776 -13 239 0 0 1
-0.0720832 0.0619947 760 0.0165441 0.0203076 12.7459 26.8835 -13 240 0 0 1
-0.209908 0.0761211 760 0.00979449 0.0766508 12.7868 23.6348 -13 241 0 0 1
0.554676 0.0596371 760 0.224741 -0.172775 10.9118 41.3498 -13 242 0 0 1
-0.158168 -0.109396 760 -0.0474667 0.0566557 13.7902 47.7728 -13 243 0 0 1
0.0507467 0.188492 760 -0.0241924 -0.00052034 8.63504 54.9047 -13 244 0 0 1
0.471734 -0.0704433 760 -0.181533 -0.135566 12.9032 33.6177 -13 245 0 0 1
0.0450665 0.148978 760 0.06426 0.0243274 8.05873 42.5305 -13 246 0 0 1
-0.0546274 0.0456254 760 0.00469696 -0.00646908 11.6249 33.9861 -13 247 0 0 1
0.0751619 0.021833 760 0.0531837 -0.0570379 11.8197 50.6032 -13 248 0 0 1
0.0206406 -0.014901 760 -0.0105171 0.00705748 12.3299 32.9696 -13 249 0 0 1
0.137987 -0.305904 760 -0.123184 -0.0272377 10.2726 45.8407 -13 250 0 0 1
1.33337 0.494616 760 0.032381 -0.0303735 0.0619138 44.9511 11 250 1001 0 1
-4.87095 7.02729 760 0.00314981 0.00673807 -0.0109933 86.1454 11 250 1001 0 1
-0.0379388 -0.0686854 760 0.0729166 0.00565229 8.27747 58.8546 -13 251 0 0 1
0.0323842 -0.00587291 760 -0.022508 0.0233818 12.9683 28.7355 -13 252 0 0 1
0.118783 -0.483776 760 -0.137638 0.0266448 11.8966 44.1944 -13 253 0 0 1
0.322694 -0.241576 760 -0.0278765 -0.0433977 8.30127 37.2394 -13 254 0 0 1
-0.091338 0.0218202 760 0.00196625 0.00366236 12.0478 30.3476 -13 255 0 0 1
-0.0692206 -0.073281 760 -0.0877013 0.0355992 12.1955 23.1375 -13 256 0 0 1
1.22085 -1.53223 760 -0.0541252 0.000677928 0.0356818 23.6259 11 256 1001 0 1
0.0910841 0.0653646 760 -0.0138156 0.0250325 11.2766 35.3948 -13 257 0 0 1
-0.0581094 0.0240591 760 -0.0581616 0.0431733 11.72 40.0765 -13 258 0 0 1
0.00715102 0.0257467 760 -0.0141902 0.0469856 14.448 24.4484 -13 259 0 0 1
-0.115877 0.0227657 760 -0.0122654 0.00851808 14.213 43.0829 -13 260 0 0 1
-0.00538921 0.000593708 760 -0.0104271 0.062089 13.837 34.9024 -13 261 0 0 1
-0.293178 -0.0442707 760 -0.012501 0.121268 12.9456 40.4361 -13 262 0 0 1
-0.0797602 -0.0630042 760 0.00248398 0.0442431 10.5197 33.5071 -13 263 0 0 1
-0.251919 0.977003 760 -0.00676863 0.371873 3.03324 99.8546 -13 264 0 0 1
-0.0594596 -0.0122901 760 0.00574098 0.010382 12.8028 45.1166 -13 265 0 0 1
0.128147 0.114157 760 -0.0545097 0.00610841 11.3139 48.6645 -13 266 0 0 1
0.0797032 0.0144517 760 -0.00181646 -0.0240982 14.0527 42.0535 -13 267 0 0 1
-0.0216423 -0.155797 760 0.00737014 -0.0582697 12.2492 27.9519 -13 268 0 0 1
0.132858 0.185421 760 -0.0333 -0.0594683 11.897 34.8621 -13 269 0 0 1
0.457337 -0.325076 760 0.0933164 -0.0962032 2.79863 109.643 -13 270 0 0 1
-0.0916152 -0.301815 760 -0.118566 0.00575981 7.22568 64.6384 -13 271 0 0 1
-0.0158322 -0.0423026 760 -0.0390095 0.00844684 14.4531 28.9625 -13 272 0 0 1
0.0949072 -0.148797 760 -0.045407 -0.00216426 8.01444 43.9877 -13 273 0 0 1
-0.0758441 0.00773065 760 0.028761 0.100687 12.6037 48.7627 -13 274 0 0 1
-0.0743637 0.00584318 760 -0.0394728 0.0492963 8.69199 50.6851 -13 275 0 0 1
0.675621 -4.29124 760 0.0421413 -0.0160121 0.0162133 51.788 11 275 1001 0 1
1.59828 -7.53313 760 0.0027687 -0.0308006 -0.00870327 57.4779 11 275 1001 0 1
0.178355 -0.134989 760 -0.0124516 -0.0517225 11.52 29.4713 -13 276 0 0 1
-0.00765014 0.156659 760 0.0704036 -0.00451454 9.56193 53.4041 -13 277 0 0 1
-0.921411 -1.13035 760 -0.0333154 -0.0104399 0.0504931 53.3943 11 277 1001 0 1
0.0459649 -0.0191698 760 0.00747042 -0.0251616 13.75 32.7264 -13 278 0 0 1
-0.0784065 -0.0125607 760 0.00812648 0.0630079 13.3292 41.2032 -13 279 0 0 1
0.506932 0.118756 760 0.00349396 -0.243335 6.2236 49.2653 -13 280 0 0 1
0.565934 0.625522 760 0.00910413 0.0278034 0.0367973 49.2206 11 280 1001 0 1
0.0456552 -0.23681 760 -0.0522564 -0.0393221 8.12092 53.3264 -13 281 0 0 1
0.0925509 -0.0257049 760 0.0220324 -0.0145999 9.49732 51.942 -13 282 0 0 1
0.0207593 0.0441686 760 0.0220886 -0.00787168 10.687 32.7698 -13 283 0 0 1
0.0971348 0.0373951 760 0.0784592 -0.0416926 7.1572 51.1867 -13 284 0 0 1
-0.218255 0.215732 760 0.146652 -0.0132662 2.51494 114.606 -13 285 0 0 1
0.271702 -0.0161729 760 -0.0642848 -0.0167275 6.70752 65.9963 -13 286 0 0 1
-0.12189 0.296016 760 0.0409805 0.05874 10.8476 53.3124 -13 287 0 0 1
-0.12614 -0.0383536 760 -0.00676404 0.0596603 11.9472 48.3879 -13 288 0 0 1
0.0324318 0.0882092 760 0.0765395 0.0364139 9.37183 46.4049 -13 289 0 0 1
2.68845 -2.72774 760 -0.0362201 -0.0152665 0.0672577 45.316 11 289 1001 0 1
0.123688 -0.012258 760 0.0554372 -0.0738994 9.03187 38.7023 -13 290 0 0 1
0.30774 -0.00589785 760 0.0426399 0.00728568 6.84082 57.9475 -13 291 0 0 1
0.13487 0.0106705 760 -0.00458397 -0.0472891 13.2642 23.9708 -13 292 0 0 1
0.0710731 -0.139938 760 -0.0601014 -0.0201594 7.35857 65.7468 -13 293 0 0 1
-0.0444629 0.0494832 760 0.0140618 0.043691 13.8162 49.4448 -13 294 0 0 1
0.158088 -0.117859 760 -0.0351803 -0.158659 7.17956 60.4598 -13 295 0 0 1
0.283392 -0.0572468 760 -0.0181776 0.0356383 5.95522 60.0058 -13 296 0 0 1
0.00143391 -0.0997939 760 -0.0282923 -0.120538 11.9707 27.6643 -13 297 0 0 1
0.0279417 0.11753 760 0.0257316 -0.0127065 12.1597 35.2674 -13 299 0 0 1
0.121539 0.0634156 760 0.0620871 0.189141 2.76327 109.465 -13 300 0 0 1
0.0204493 -0.178402 760 0.0319712 0.0199043 8.18345 59.5449 -13 301 0 0 1
-0.270239 -0.215001 760 -0.158282 0.0936959 7.48563 51.9843 -13 302 0 0 1
0.0101337 -0.143845 760 -0.0895309 0.0086557 11.6519 36.5276 -13 303 0 0 1
0.063957 -0.294838 760 -0.0651103 0.051946 7.62382 52.4877 -13 304 0 0 1
6.7095 -1.8047 760 0.00886012 -0.0292751 0.0289873 51.1548 11 304 1001 0 1
0.00387293 0.00398988 760 0.0133758 -0.0105785 11.0769 34.8534 -13 305 0 0 1
-0.117227 -0.00628061 760 -0.0283534 0.0646958 9.68468 43.5434 -13 306 0 0 1
-0.0171086 -0.202766 760 0.144006 0.245208 4.17353 72.2429 -13 307 0 0 1
0.157394 0.00911846 760 0.0082861 -0.0635545 12.3642 28.7207 -13 308 0 0 1
0.0206987 0.125917 760 0.0472559 -0.148674 9.52908 48.7095 -13 309 0 0 1
0.062902 -0.223721 760 -0.11026 0.0424249 5.5942 56.9685 -13 310 0 0 1
-0.0973193 0.0343475 760 0.0451322 0.0287858 13.9718 36.8756 -13 311 0 0 1
0.0237213 0.0328389 760 0.00833681 0.0034197 12.1473 29.6021 -13 312 0 0 1
-0.056864 0.189431 760 0.0379529 0.00777998 13.0409 22.9641 -13 313 0 0 1
-0.10641 -0.0624477 760 -0.0238752 0.0460839 13.7702 21.6013 -13 314 0 0 1
2.23978 5.87609 760 0.00570701 -0.0198011 0.040264 25.0689 11 314 1002 0 1
0.0158857 -0.00902846 760 -0.00517647 -0.0319817 11.601 27.455 -13 315 0 0 1
-0.212628 0.198798 760 0.0477831 0.0448716 9.0668 36.5491 -13 316 0 0 1
-0.431999 0.680478 760 0.112494 -0.0646867 1.00373 122.217 -13 317 0 0 1
-0.140629 0.111515 760 0.111634 -0.0373046 6.05569 49.9919 -13 318 0 0 1
-0.0421476 -0.0358204 760 0.0466045 0.00567162 13.805 25.7577 -13 320 0 0 1
-0.0222367 -0.0535549 760 -0.00383336 0.0507569 9.98068 32.9664 -13 321 0 0 1
0.0788485 0.0237175 760 -0.0253686 -0.000249634 12.7403 27.3489 -13 322 0 0 1
0.0856832 -0.233224 760 -0.00919286 -0.062498 6.0244 51.7472 -13 323 0 0 1
0.0247454 -0.19076 760 0.0283309 0.0189872 11.4322 50.7887 -13 325 0 0 1
-0.0259268 -0.0450894 760 -0.0167275 0.00879068 10.6993 45.9536 -13 326 0 0 1
-0.0652831 -0.000233104 760 0.0298459 0.00815334 12.4451 35.1732 -13 327 0 0 1
0.268797 0.155881 760 0.230128 -0.0633085 3.93926 84.61 -13 328 0 0 1
-0.164737 -0.095012 760 0.0380279 0.0540485 11.9724 45.1679 -13 329 0 0 1
-0.0285688 0.381497 760 0.105702 -0.117529 8.89872 38.6684 -13 330 0 0 1
0.185155 -0.220111 760 -0.0780009 -0.0535354 5.46116 49.4296 -13 331 0 0 1
0.505707 0.875646 760 0.000340892 -0.0620868 4.71235 61.0235 -13 332 0 0 1
-0.000607271 0.0106725 760 -0.0238572 -0.0460061 9.79825 39.0296 -13 333 0 0 1
-1.16813 1.18634 760 -0.0324015 0.0134916 0.0348407 41.2375 11 333 1001 0 1
0.119337 -0.0406333 760 -0.0182448 -0.0819002 12.8507 24.0533 -13 334 0 0 1
0.0757408 0.0667949 760 -0.0601932 0.0487892 14.245 40.5395 -13 335 0 0 1
-0.0922576 -0.241992 760 0.0309567 0.0394535 5.62594 61.1484 -13 336 0 0 1
0.016185 0.0448097 760 0.0154606 -0.0197234 13.7311 38.4859 -13 337 0 0 1
0.151242 0.395772 760 0.11069 -0.0369925 9.63565 52.8633 -13 338 0 0 1
-0.118561 0.333222 760 0.169212 0.110294 9.30895 57.9909 -13 339 0 0 1
0.0257984 -0.0577413 760 -0.0136003 -0.0159235 12.4515 49.6592 -13 341 0 0 1
-0.0152473 0.00215094 760 0.0141206 0.0570285 13.238 27.1977 -13 344 0 0 1
0.0547499 -0.171617 760 0.178812 -0.0872669 9.63212 28.9926 -13 345 0 0 1
-6.56226 -3.82278 760 -0.0300218 0.00985056 0.039752 33.2694 11 345 1002 0 1
0.125076 -0.0392921 760 0.0141951 -0.0453627 13.4513 35.6421 -13 346 0 0 1
-0.0981666 -0.0960094 760 -0.0396601 -0.00147499 12.0972 37.3509 -13 347 0 0 1
-0.0378568 -0.145884 760 -0.0790118 -0.00918571 13.7788 46.4029 -13 348 0 0 1
0.330394 -0.359555 760 -0.120186 -0.166654 7.06546 52.4055 -13 349 0 0 1
-0.219739 -0.18531 760 -0.075342 0.0283966 7.71071 58.2796 -13 350 0 0 1
1.86624 1.66914 760 0.8415 0.563215 4.14031 69.2726 -13 351 0 0 1
-0.371379 -0.289457 760 -0.130201 0.0210813 3.9227 75.3603 -13 352 0 0 1
-0.0977985 0.26327 760 0.120754 0.10108 10.8356 52.5379 -13 354 0 0 1
-1.38495 -0.714029 760 -0.0395394 0.00390672 2.60086 102.673 -13 355 0 0 1
0.201839 -0.191608 760 0.00879485 -0.106364 9.75275 55.8168 -13 356 0 0 1
-0.0706035 0.312626 760 0.0512363 0.00469017 10.6186 53.048 -13 357 0 0 1
4.14274 1.31855 760 -0.0348895 0.0073053 0.0486973 56.9778 11 357 1002 0 1
-0.0116761 0.185372 760 0.0750372 0.0565451 10.8751 42.6281 -13 358 0 0 1
0.0297129 -0.0732242 760 -0.0254116 -0.00277732 11.7801 29.5203 -13 359 0 0 1
0.0333983 -0.0377425 760 -0.0248331 -0.0199479 13.5013 41.9923 -13 360 0 0 1
0.0814401 -0.119304 760 0.028735 -0.0974888 3.48831 75.968 -13 361 0 0 1
0.0466095 -0.0889255 760 -0.0569714 -0.0279888 8.7373 32.0902 -13 362 0 0 1
-0.0556415 -0.275287 760 -0.067533 0.0400658 12.159 51.0105 -13 363 0 0 1
0.0209646 0.0141363 760 0.0253956 -0.005623 14.4464 23.9219 -13 364 0 0 1
0.0737976 0.021117 760 -0.0263263 0.0327759 11.8412 27.9749 -13 365 0 0 1
-0.00691942 0.0575169 760 0.0539036 -0.0374217 7.86551 35.4347 -13 366 0 0 1
-0.0102444 -0.00289989 760 -0.0507381 -0.0664736 11.7079 48.0623 -13 367 0 0 1
0.0311093 -0.355419 760 -0.104278 -0.0113851 5.92878 64.1897 -13 368 0 0 1
-0.0889652 -0.0619821 760 -0.0235333 -0.00730978 6.37601 45.75 -13 370 0 0 1
-0.213302 -0.905929 760 0.0170614 0.01807 0.0456657 45.5117 11 370 1002 0 1
-0.413664 0.267674 760 0.0734106 0.188116 14.517 36.7824 -13 371 0 0 1
-0.00659628 0.0292877 760 0.0866583 -0.0189313 14.1962 28.6138 -13 373 0 0 1
0.0178925 0.0350772 760 -0.0999077 -0.205822 4.88016 59.9298 -13 374 0 0 1
0.0357026 0.0251422 760 0.00122846 -0.00478597 13.3652 42.5925 -13 375 0 0 1
0.417854 -0.0441303 760 -0.163312 0.312952 6.57833 53.7746 -13 376 0 0 1
-0.0544241 -0.0486573 760 -0.00228568 -0.00989831 10.5043 36.1481 -13 377 0 0 1
-0.0995467 -0.0794942 760 0.106763 -0.0359626 7.37867 39.7134 -13 379 0 0 1
0.0607952 -0.0223693 760 -0.0893753 -0.0891814 10.7044 30.8847 -13 380 0 0 1
-0.0688121 0.0449345 760 -0.0326265 0.0101374 7.7785 47.4384 -13 381 0 0 1
-0.049491 -0.0217572 760 0.0112307 0.065389 13.3949 33.1622 -13 382 0 0 1
0.102707 0.143495 760 0.12206 -0.0483972 14.0987 34.1055 -13 384 0 0 1
-0.0182686 -0.0453031 760 -0.0195902 -0.0244692 14.4571 28.3476 -13 386 0 0 1
-0.0971473 -0.0453998 760 0.0248533 0.0310492 14.4268 37.0291 -13 387 0 0 1
0.0221539 0.0550019 760 -0.0322269 0.0675799 9.33568 52.8817 -13 388 0 0 1
0.216546 0.166244 760 0.029269 -0.0881497 13.4373 39.1422 -13 389 0 0 1
-3.26078 2.0502 760 0.0119615 0.0355853 0.053983 42.1776 11 389 1001 0 1
-0.0233805 -0.0750275 760 -0.0950864 -0.0951092 10.309 35.818 -13 390 0 0 1
0.0927736 -0.0184627 760 0.0463859 -0.0666713 8.66213 59.633 -13 391 0 0 1
-0.127346 -0.638518 760 -0.173935 -0.0582415 8.11115 60.7793 -13 392 0 0 1
-0.127668 -0.00707058 760 -0.000314035 -0.155596 3.68611 70.7297 -13 393 0 0 1
-0.619285 -0.0706857 760 0.00701514 -0.0111134 0.0218588 69.8918 11 393 1001 0 1
-0.234837 0.714725 760 -0.686866 0.0217235 3.53098 78.502 -13 394 0 0 1
-0.0374408 -0.40575 760 -0.0112345 0.113899 14.0839 28.5764 -13 395 0 0 1
1.65619 -2.20711 760 -0.0416452 -0.00885233 0.0118536 30.4552 11 395 1001 0 1
0.795591 -3.12795 760 -0.00889355 -0.0243983 -0.035591 31.4928 11 395 1001 0 1
0.0414982 -0.00673338 760 0.0151984 -0.00355981 7.04283 54.4923 -13 396 0 0 1
0.0925417 -0.103824 760 -0.00623705 -0.0372994 14.4952 26.5524 -13 397 0 0 1
-0.0891335 0.0937924 760 -0.0219928 0.0708225 13.3008 28.1452 -13 398 0 0 1
0.125031 0.0236941 760 0.0243558 -0.0480709 12.6131 25.3032 -13 399 0 0 1
-0.0138011 0.109965 760 0.0597045 -0.037152 11.6365 35.0686 -13 400 0 0 1
-0.0365674 0.0924707 760 -0.016226 -0.02046 11.1711 37.8648 -13 401 0 0 1
0.116458 0.320111 760 0.0438976 0.0669961 7.29221 38.7666 -13 402 0 0 1
-0.0376181 0.334221 760 0.106626 0.0706118 5.67496 67.1705 -13 403 0 0 1
0.129017 0.110737 760 0.032749 -0.0434613 14.3902 27.7082 -13 404 0 0 1
0.0833963 -0.540982 760 -0.217789 -0.054221 12.7732 38.7435 -13 405 0 0 1
3.51991 -1.48983 760 0.0195815 -0.0516149 0.074644 37.6028 11 405 1001 0 1
-0.0384352 -0.00132444 760 0.10306 0.02611 7.08073 53.323 -13 406 0 0 1
0.320493 0.43222 760 0.0938615 0.00433139 4.65125 80.3556 -13 407 0 0 1
-0.125757 0.201353 760 0.04593 -0.0183374 10.854 46.7637 -13 408 0 0 1
0.256761 -0.213334 760 -0.0177979 -0.104217 12.197 26.1418 -13 409 0 0 1
0.154914 -0.33035 760 -0.00632895 -0.0792041 7.16144 47.9597 -13 410 0 0 1
0.00621839 -0.340046 760 -0.0115989 0.0767111 6.80244 44.8328 -13 411 0 0 1
-0.119806 0.278909 760 0.0540887 0.0456387 7.20568 42.0899 -13 412 0 0 1
0.577358 -0.121975 760 -0.152796 -0.1799 5.54358 48.5866 -13 413 0 0 1
-0.195276 -0.0812276 760 -0.00377419 0.0409519 9.81288 34.4863 -13 414 0 0 1
-0.0493783 0.159794 760 0.0879221 0.0263614 8.2336 40.0989 -13 415 0 0 1
-0.250882 0.00328477 760 -0.00783731 0.0130187 12.6161 35.7147 -13 416 0 0 1
-0.219616 0.411909 760 0.142557 0.118595 6.42124 47.6721 -13 417 0 0 1
0.117138 -0.0596575 760 0.0141238 -0.108547 9.94759 53.8471 -13 418 0 0 1
1.15423 -0.72233 760 -0.0187038 0.022917 0.0600377 50.9557 11 418 1001 0 1
0.393791 -0.0349439 760 -0.0846527 -0.0864563 7.65875 49.3127 -13 419 0 0 1
-0.1333 -0.231678 760 -0.0694192 0.0854989 12.4717 32.0671 -13 420 0 0 1
-0.168686 0.014403 760 -0.0349989 0.0363313 13.1999 25.7497 -13 421 0 0 1
-0.343646 -0.0366469 760 -0.0996782 0.198522 7.01379 42.4399 -13 422 0 0 1
0.306247 -0.404678 760 -0.0530235 -0.102086 9.3133 39.2798 -13 424 0 0 1
-0.440705 0.158544 760 0.0931232 0.121332 4.98818 81.7045 -13 425 0 0 1
-0.0924481 0.00282855 760 -0.0659849 -0.0430655 4.90829 77.6831 -13 426 0 0 1
-0.0238081 0.0347431 760 0.0201522 0.0489319 10.8023 51.1526 -13 427 0 0 1
-0.090599 -0.25302 760 -0.136801 -0.138525 6.93914 46.947 -13 428 0 0 1
-2.56567 -1.37517 760 -0.0194789 -0.00410945 0.0335372 46.9787 11 428 1001 0 1
-0.473003 0.462365 760 0.0750886 0.129878 7.7414 47.9989 -13 429 0 0 1
1.53876 2.9112 760 -0.0123378 0.0366258 0.0218515 48.6947 11 429 1001 0 1
-0.0647272 -0.0351055 760 -0.000405792 0.018113 9.92248 37.9016 -13 430 0 0 1
0.0635399 -0.0498851 760 -0.0691718 -0.0748404 10.8282 35.2818 -13 431 0 0 1
0.0927216 -0.120401 760 -0.0422061 -0.0246359 9.94081 45.656 -13 432 0 0 1
-0.0614362 -0.00314224 760 0.0319076 0.0227482 11.0238 50.0899 -13 433 0 0 1
0.0227114 0.0525927 760 0.0210844 -0.0183489 13.6973 31.5045 -13 434 0 0 1
-0.0334719 -0.118546 760 -0.0471707 -0.0868763 11.3743 39.0848 -13 435 0 0 1
-0.0890278 -0.282131 760 -0.0644518 -0.0355202 11.2112 31.2247 -13 436 0 0 1
0.0427869 0.0183244 760 0.0150176 -0.00675291 10.6929 36.9417 -13 437 0 0 1
-0.013766 -0.0655375 760 0.0246142 0.0230667 11.1126 41.084 -13 438 0 0 1
-0.00227007 0.0297583 760 0.0558456 -0.0656502 11.9414 51.5705 -13 439 0 0 1
0.195618 0.636976 760 0.226524 0.0749523 8.84047 51.8163 -13 440 0 0 1
-0.120374 0.240377 760 0.0747264 -0.0201501 11.3868 38.2559 -13 441 0 0 1
-0.174967 -0.0755509 760 0.15604 0.0829736 3.65773 69.2916 -13 442 0 0 1
-0.347096 -0.0706376 760 0.0526211 0.105928 7.54631 61.507 -13 443 0 0 1
0.264189 -0.051904 760 -0.0474915 -0.0553635 11.3751 34.9307 -13 444 0 0 1
-0.137565 -0.0770248 760 0.0158198 0.144478 7.94646 59.8638 -13 445 0 0 1
4.80079 -4.91787 760 -0.0115203 0.0160137 0.0346494 61.3752 11 445 1001 0 1
-0.101087 -0.0509319 760 -0.0371717 0.0340683 13.3908 47.3479 -13 446 0 0 1
0.0777913 -0.121035 760 -0.0211068 0.0152232 11.5751 35.8316 -13 447 0 0 1
0.246053 0.0247194 760 0.0851532 -0.0653737 9.7937 31.5195 -13 448 0 0 1
0.0443192 0.130684 760 0.0688139 0.0529539 8.14226 38.0625 -13 449 0 0 1
0.102553 -0.152469 760 -0.00779103 0.00267422 12.3381 51.5568 -13 450 0 0 1
-0.0648833 0.182208 760 -0.0219535 0.00338875 7.82562 55.2236 -13 451 0 0 1
-0.110761 -0.0123686 760 -0.0286329 0.11021 11.8545 49.6883 -13 452 0 0 1
-0.0403717 -0.0125208 760 0.0209218 0.0314823 12.971 49.1098 -13 453 0 0 1
-0.0476128 -0.0434591 760 0.0146958 0.0359414 9.51419 37.9375 -13 454 0 0 1
-1.26292 -3.44328 760 0.03408 0.00344431 0.0267051 40.0913 11 454 1001 0 1
0.21313 0.00429712 760 0.017103 -0.0608661 13.9924 23.6317 -13 456 0 0 1
-0.219697 -0.161939 760 -0.0415453 0.0823085 9.43431 30.6131 -13 457 0 0 1
-0.194052 -0.0750663 760 -0.103072 0.0145034 11.5867 50.4283 -13 458 0 0 1
0.0556112 -0.0786566 760 0.0218999 0.0404719 7.96107 42.883 -13 459 0 0 1
0.115074 -0.0248025 760 0.00316827 -0.0244262 10.5677 29.0636 -13 460 0 0 1
-0.011561 0.0797767 760 0.0121982 -0.0217858 13.4448 46.5233 -13 461 0 0 1
-0.0116029 -0.0981993 760 -0.0550983 0.0541787 13.6638 46.3879 -13 462 0 0 1
0.130221 -0.0748479 760 -0.000557338 -0.0361583 7.66204 47.655 -13 463 0 0 1
0.0454248 -0.381055 760 -0.345832 0.020166 3.5467 96.8648 -13 464 0 0 1
0.273992 -0.0721888 760 -0.0331756 -0.128054 9.87686 33.3286 -13 465 0 0 1
-0.0576944 0.156618 760 -0.0333622 -0.0322138 7.35835 38.5647 -13 466 0 0 1
-0.205757 -0.103039 760 0.0116345 0.0801774 14.0393 22.9734 -13 467 0 0 1
-4.91049 -4.91492 760 0.0471955 -0.000161257 0.039984 31.5331 11 467 1001 0 1
-0.02366 0.123572 760 0.0450528 0.0355704 8.79381 41.5144 -13 468 0 0 1
0.26313 -0.610823 760 -0.0659192 -0.0811131 4.71551 72.6658 -13 469 0 0 1
-0.158399 0.260656 760 0.170358 0.121039 6.32523 44.9637 -13 470 0 0 1
0.0785756 0.0426661 760 0.0146413 0.011305 9.94756 47.7925 -13 472 0 0 1
1.64204 -0.240693 760 0.00560637 -0.0142693 0.0850604 42.1708 11 472 1001 0 1
-0.0398321 -0.651469 760 -0.146075 0.086535 5.2827 51.9511 -13 473 0 0 1
-0.11251 -0.215454 760 -0.119736 -0.0949848 8.22558 48.4143 -13 474 0 0 1
0.0351001 0.0790515 760 0.0527355 -0.016592 11.7854 33.7214 -13 475 0 0 1
-0.165485 -0.0236031 760 -0.015832 0.100459 7.82609 35.8657 -13 476 0 0 1
0.125898 0.010493 760 -0.0124783 -0.012946 9.47795 45.0391 -13 477 0 0 1
0.184122 -0.0822738 760 0.0446493 -0.109613 9.74211 31.1068 -13 478 0 0 1
-0.316361 -0.155291 760 -0.0736412 -0.0505608 5.30071 53.0358 -13 479 0 0 1
0.0489131 -0.263256 760 -0.0241272 0.00168503 10.6969 42.8505 -13 480 0 0 1
0.317194 -0.106261 760 -0.0390556 -0.207364 8.95329 44.9368 -13 481 0 0 1
0.0443577 -0.173338 760 -0.0495144 0.0591369 6.47464 70.6341 -13 482 0 0 1
-0.00478878 -0.00742456 760 -0.00291649 -0.00635653 14.041 48.8881 -13 483 0 0 1
0.0116435 -0.212652 760 -0.105174 0.0257682 7.43031 50.5803 -13 484 0 0 1
0.0210448 0.0454159 760 0.0582108 -0.0151807 11.332 27.9063 -13 485 0 0 1
-0.307851 -0.451806 760 -0.166262 -0.00589518 7.28701 44.9832 -13 486 0 0 1
-0.0488828 0.0706208 760 0.0227896 0.0584967 13.0057 39.4236 -13 487 0 0 1
0.69458 -0.508882 760 -0.194737 -0.25093 5.20933 71.098 -13 488 0 0 1
-0.103348 0.133523 760 0.0258847 0.0364966 13.8843 24.7872 -13 489 0 0 1
-0.8582 -0.0731501 760 -0.0288531 0.050748 3.51625 73.8564 -13 490 0 0 1
-0.222368 -0.0917424 760 -0.0378444 0.113558 7.49545 60.8936 -13 491 0 0 1
0.659871 -2.00955 760 -0.0245558 0.00126133 0.0541801 57.4265 11 491 1001 0 1
-0.143009 0.0831516 760 0.0302933 0.02436 13.9315 24.1256 -13 492 0 0 1
-0.110002 0.00535073 760 0.0136681 -0.00781647 12.4259 47.0647 -13 493 0 0 1
-0.120294 0.106599 760 0.0300112 0.027628 12.9577 44.8999 -13 494 0 0 1
0.0936828 0.106194 760 0.0208823 -0.0523489 14.4463 20.6265 -13 495 0 0 1
-0.236714 -0.270873 760 -0.0735334 0.114706 10.7118 32.7299 -13 496 0 0 1
-0.0767067 0.0997775 760 0.0324241 -0.0191749 14.0504 20.8236 -13 497 0 0 1
0.028717 0.0224468 760 -0.0167766 0.0195486 13.5438 36.8386 -13 498 0 0 1
-1.41776 -0.341371 760 -0.0204709 0.00467778 0.130094 28.114 11 498 1002 0 1
0.160315 -0.153958 760 -0.0155524 -0.136309 11.9413 38.8372 -13 499 0 0 1
0.0101117 0.0291926 760 -0.0770802 0.0411752 12.6524 35.1661 -13 500 0 0 1
-0.0729654 0.0766878 760 0.0176794 0.0462338 10.8669 35.528 -13 501 0 0 1
-0.136617 -0.0807754 760 -0.0183896 0.0128711 14.4289 24.4773 -13 502 0 0 1
0.0856778 -0.18395 760 -0.00588439 -0.0131972 10.2254 32.6725 -13 503 0 0 1
-0.101248 0.123241 760 0.0358859 0.0518692 11.1695 41.5861 -13 504 0 0 1
-2.34742 -0.855871 760 -0.317854 0.381948 3.07602 92.6436 -13 505 0 0 1
-0.0887364 -0.1108 760 0.0632471 -0.0023746 8.637 39.5237 -13 506 0 0 1
-0.0340363 0.0460506 760 0.062639 0.0455103 12.453 34.0296 -13 507 0 0 1
-0.0627937 -0.0392526 760 -0.013512 0.0321363 11.4233 49.6606 -13 508 0 0 1
-1.06626 1.94491 760 -0.0094434 -0.00433462 -0.0444602 60.2116 11 508 1001 0 1
0.164169 -0.0646088 760 -0.0658789 0.0037196 8.16185 53.875 -13 509 0 0 1
-0.545694 -0.244871 760 -0.0397338 0.227624 10.4995 36.0465 -13 510 0 0 1
0.0104252 -1.7166 760 0.008392 0.00417234 0.0498801 36.4241 11 510 1001 0 1
-0.00456804 0.0101147 760 -0.0245758 -0.0364224 10.4196 29.4668 -13 511 0 0 1
-0.0855006 0.0951827 760 0.0281697 -0.0374195 12.8843 39.4135 -13 512 0 0 1
-0.0165737 0.121472 760 0.0112829 0.0312158 13.3274 21.528 -13 513 0 0 1
-0.138225 0.0362391 760 0.143649 0.0583886 7.92378 39.9774 -13 514 0 0 1
-0.0255302 0.0553146 760 -0.0198926 0.0236777 10.1981 50.622 -13 515 0 0 1
0.0196281 0.0128609 760 -0.0352102 -0.0473629 3.65117 77.4261 -13 516 0 0 1
0.329095 0.266604 760 0.0487396 -0.103397 8.16307 36.3551 -13 517 0 0 1
0.471829 -1.19046 760 -0.328391 -0.160672 12.3586 27.4618 -13 518 0 0 1
-0.00639829 -0.0999858 760 0.0722214 0.0574258 11.6436 42.4204 -13 519 0 0 1
0.0529172 0.0468505 760 0.0238562 -0.0521725 11.6209 40.8834 -13 520 0 0 1
-0.0185159 -0.136318 760 -0.0223523 -0.0030949 12.9415 32.8676 -13 522 0 0 1
-0.0197903 -0.0387327 760 -0.0113942 -0.0103184 13.5725 36.4391 -13 523 0 0 1
1.05015 0.220698 760 -0.0335895 -0.296003 3.51798 95.5276 -13 524 0 0 1
0.130662 0.0734176 760 0.0666206 0.0191855 9.69515 35.4301 -13 525 0 0 1
-0.138259 -0.149623 760 0.00710757 0.0480537 11.6911 43.2984 -13 526 0 0 1
-0.320094 -0.10342 760 0.394298 0.0711847 2.53591 114.365 -13 527 0 0 1
-0.0178846 0.0133284 760 0.0662423 -0.0458258 12.4295 38.2194 -13 528 0 0 1
-1.21458 -0.837819 760 0.0374491 -0.0493439 0.0491582 38.3595 11 528 1001 0 1
0.083948 0.132325 760 0.0483273 -0.0395698 11.264 47.31 -13 529 0 0 1
-0.0684189 -0.0668751 760 0.0127196 -0.0288862 8.28217 55.4993 -13 530 0 0 1
0.194097 0.0997738 760 0.025101 -0.08463 12.9474 35.072 -13 531 0 0 1
0.298821 0.987218 760 0.301927 -0.126357 13.7259 49.2156 -13 532 0 0 1
0.0603353 -0.380223 760 -0.00166795 0.0513256 0.106898 44.9616 11 532 1001 0 1
0.0233132 -0.0554388 760 -0.132151 -0.158366 9.04442 53.2214 -13 533 0 0 1
-0.111819 0.191834 760 0.0922599 0.00750701 9.14167 53.2434 -13 534 0 0 1
-0.101653 0.0766431 760 0.0414944 -0.00888992 9.83286 30.5683 -13 535 0 0 1
0.0162204 -0.0188227 760 -0.0499004 0.00371613 13.0301 30.3861 -13 536 0 0 1
0.510978 1.19607 760 0.331799 0.212382 4.20342 75.2168 -13 537 0 0 1
0.0182885 -0.0179938 760 -0.0356563 0.00495248 14.4688 37.4094 -13 538 0 0 1
-0.105544 -0.0942012 760 -0.0837964 0.0331588 11.2733 30.1404 -13 539 0 0 1
0.868132 -4.83795 760 0.0148653 0.012161 0.0541677 30.5388 11 539 1002 0 1
-0.0226264 -0.0590465 760 -0.0454995 -0.028991 11.2303 50.0317 -13 540 0 0 1
0.0427701 0.0621853 760 -0.00461721 0.02018 7.27177 58.7997 -13 541 0 0 1
-0.508493 0.0590003 760 0.00903441 0.121931 12.7839 25.3551 -13 542 0 0 1
0.103253 0.323638 760 0.138061 -0.0422853 8.48728 44.7322 -13 543 0 0 1
0.00102202 -0.126537 760 0.0380503 0.0524958 13.7276 48.0703 -13 544 0 0 1
-0.369136 -0.432699 760 -0.0850339 0.294783 4.7586 80.9661 -13 545 0 0 1
0.138144 -0.049199 760 0.0441698 -0.0374977 6.59239 60.4381 -13 546 0 0 1
0.0376395 0.0962968 760 0.0288649 -0.0105391 10.6499 45.2985 -13 547 0 0 1
-0.0988446 -0.0215103 760 -0.0234108 -0.0168065 9.83491 46.8961 -13 548 0 0 1
0.10155 0.100755 760 0.0339588 0.0125045 9.60181 54.0841 -13 549 0 0 1
-0.273796 0.176118 760 0.0499898 0.131603 8.56917 48.3091 -13 550 0 0 1
-0.00463216 0.226801 760 0.0619498 -0.0222067 10.57 31.6915 -13 551 0 0 1
-0.0693633 0.219568 760 0.0931872 0.0136901 11.3069 34.3789 -13 552 0 0 1
0.238981 -0.153948 760 -0.0625879 -0.176044 7.88251 46.1842 -13 553 0 0 1
-0.4026 -0.07982 760 0.0255045 -0.0857532 4.71965 56.1515 -13 554 0 0 1
0.236664 0.0429622 760 0.113186 -0.0422785 7.92555 61.6007 -13 555 0 0 1
0.0308925 -0.482039 760 -0.138823 0.096348 5.93521 65.2413 -13 556 0 0 1
0.0564357 0.075793 760 0.0189402 -0.045975 13.5566 26.8415 -13 557 0 0 1
-0.0093113 0.177415 760 0.0505152 -0.03463 10.924 53.3282 -13 559 0 0 1
-0.0937902 0.0470746 760 0.0066235 0.0309698 13.5942 21.0808 -13 560 0 0 1
0.337463 0.151078 760 0.094878 -0.169578 5.05814 78.4665 -13 561 0 0 1
-0.107199 0.0242781 760 0.0615002 0.026673 11.0373 28.4917 -13 562 0 0 1
0.0468669 -0.127922 760 0.00975737 -0.0462809 12.1019 38.0663 -13 563 0 0 1
0.220586 -0.0468525 760 0.0455532 -0.0788177 10.5504 54.1281 -13 564 0 0 1
-0.0574983 0.0789339 760 0.00933924 0.0327029 14.2196 24.8439 -13 565 0 0 1
0.177741 -0.120426 760 -0.0582409 -0.0368716 9.39462 40.8301 -13 566 0 0 1
0.018508 0.0926589 760 0.0522902 0.0164872 10.5465 37.51 -13 567 0 0 1
-0.0189114 -0.308 760 -0.110257 -0.411054 11.8424 49.2105 -13 568 0 0 1
-0.0558145 0.0554552 760 0.0928222 0.0550562 13.5363 31.5769 -13 569 0 0 1
-0.130343 -0.0993523 760 -0.0675304 0.0128787 11.0841 50.4694 -13 570 0 0 1
-0.0254692 0.0813198 760 0.0310585 0.0313458 12.6262 35.2408 -13 571 0 0 1
0.164859 0.123082 760 0.0750926 0.0113287 9.82452 40.0311 -13 572 0 0 1
-0.0578124 -0.0810614 760 -0.0614303 0.00522241 6.5215 53.9844 -13 573 0 0 1
-0.0508808 0.0526286 760 0.0348808 -0.0234692 13.7352 28.8228 -13 574 0 0 1
0.1378 0.357717 760 0.0626141 -0.0322332 7.00105 57.037 -13 575 0 0 1
-0.154609 0.0573728 760 -0.0149271 0.0980274 10.5944 44.8819 -13 576 0 0 1
0.0694625 0.0694311 760 0.0305576 -0.0114364 13.3864 23.2493 -13 577 0 0 1
0.536789 -0.0379251 760 0.196891 -0.061855 8.3418 43.7242 -13 578 0 0 1
-0.00742848 -0.00720828 760 -0.0418475 0.0440601 13.9477 35.8517 -13 579 0 0 1
0.0867873 0.0144307 760 -0.0257981 -0.0177036 12.75 29.4162 -13 580 0 0 1
-0.0917724 -0.100362 760 -0.0669065 0.0449584 11.0655 52.717 -13 581 0 0 1
0.169536 0.0356892 760 -0.0173619 -0.0461011 8.878 43.0232 -13 582 0 0 1
0.0185829 -0.137504 760 -0.0949836 -0.0562762 7.67251 42.2808 -13 583 0 0 1
-0.00672731 0.0252243 760 0.0886452 -0.0303346 13.9714 46.2054 -13 584 0 0 1
-0.21862 -0.110472 760 -0.0250159 0.0960335 11.2106 32.4765 -13 585 0 0 1
-0.163706 -0.174131 760 -0.0729105 -0.021273 9.35174 54.0085 -13 586 0 0 1
-0.0243527 -0.0584581 760 -3.58869e-05 -0.0115131 13.7519 39.4236 -13 587 0 0 1
0.104391 3.82352e-05 760 -0.0387261 0.0116923 9.56714 38.13 -13 588 0 0 1
0.0171759 0.161775 760 0.0804739 0.0129976 13.247 33.0913 -13 589 0 0 1
-0.00142352 0.154456 760 -0.174705 -0.0249546 9.05855 41.7094 -13 591 0 0 1
-0.134523 0.509889 760 -0.00870839 -0.0100094 0.0574804 41.4524 11 591 1001 0 1
0.0512056 -0.0662766 760 -0.101077 -0.0954217 8.22149 45.5424 -13 592 0 0 1
3.54608 4.76611 760 0.0175267 0.00444703 0.0455354 43.9671 11 592 1001 0 1
0.0206642 -0.117714 760 0.0806356 0.00937974 5.73313 73.4962 -13 593 0 0 1
0.00544401 0.0740483 760 -0.00300278 0.000331116 10.7268 54.7151 -13 594 0 0 1
-0.400732 0.194084 760 0.0550916 0.172076 9.98139 41.9257 -13 595 0 0 1
-0.316485 -3.30529 760 0.0355926 -0.0295887 0.02569 46.6644 11 595 1001 0 1
0.0906815 0.197443 760 -0.0458756 -0.0163705 8.09821 50.2773 -13 596 0 0 1
-0.0412819 -0.141876 760 0.0462356 0.0750233 10.4021 38.0401 -13 597 0 0 1
-0.206222 0.0529757 760 -0.214628 0.031598 5.78355 53.202 -13 599 0 0 1
0.0630941 -0.160769 760 -0.103264 -0.0154541 12.5442 39.8816 -13 601 0 0 1
0.0691192 -0.108632 760 0.0284153 -0.0845756 6.83284 61.182 -13 602 0 0 1
-0.015149 0.129247 760 0.0157728 0.0520595 9.12853 51.8681 -13 603 0 0 1
-0.168624 -0.768695 760 -0.0362883 -0.00727449 0.068743 51.5975 11 603 1001 0 1
-9.19818 4.33746 760 -0.0147012 -0.0269777 0.0666301 43.1299 11 603 1002 0 1
0.382587 -0.0501122 760 -0.0636931 -0.0871407 7.46377 48.9556 -13 604 0 0 1
-0.0559796 -0.0366715 760 -0.117083 0.158605 4.50108 64.394 -13 605 0 0 1
-0.0838805 0.283126 760 0.0597554 0.044361 12.3426 38.6054 -13 606 0 0 1
-1.05416 -1.37022 760 0.0190809 -0.00979887 0.105569 33.8172 11 606 1001 0 1
-0.0836346 -0.229257 760 -0.0675779 0.00433178 11.872 28.7708 -13 607 0 0 1
0.0857228 -0.213648 760 -0.0578839 -0.109206 12.9141 36.0662 -13 608 0 0 1
0.105564 0.000381776 760 -0.0145461 -0.0478202 11.8586 27.9631 -13 609 0 0 1
0.125113 0.106796 760 -0.0278482 0.00327523 8.78979 38.1378 -13 610 0 0 1
0.0618081 0.129054 760 0.0150673 -0.0200028 10.3106 31.3621 -13 611 0 0 1
0.0411642 -0.0435053 760 -0.0376245 -0.0316416 7.81596 46.451 -13 612 0 0 1
-0.0782165 0.00819792 760 0.00499174 0.0326871 12.4614 36.4616 -13 613 0 0 1
-0.23271 0.109328 760 0.0711709 0.0983572 12.1056 24.8967 -13 614 0 0 1
0.233795 0.481743 760 0.00211767 0.0097726 3.55854 88.0491 -13 615 0 0 1
0.252901 0.0036061 760 -0.177833 0.0175196 3.63141 93.4233 -13 616 0 0 1
-0.00227668 -0.329854 760 -0.126782 -0.0675525 10.7602 42.2649 -13 617 0 0 1
-0.203772 0.108335 760 0.00981603 0.0787913 8.07414 53.2679 -13 618 0 0 1
0.592357 -0.584111 760 -0.213449 0.0415319 4.63374 77.3174 -13 619 0 0 1
-0.125772 0.026333 760 0.0179126 0.0158286 12.3508 41.7868 -13 620 0 0 1
-0.181595 0.302922 760 0.148192 -0.0783853 5.03697 54.4471 -13 621 0 0 1
-0.0674477 0.0465427 760 0.0348801 0.0525587 11.1425 52.535 -13 622 0 0 1
0.0653194 0.101099 760 0.0173854 0.017908 9.6961 42.2425 -13 623 0 0 1
0.0608 -0.0699042 760 -0.0265211 0.0114886 14.1708 20.6654 -13 624 0 0 1
0.245446 0.0152905 760 0.0279594 -0.0547977 9.11125 45.7044 -13 625 0 0 1
-0.0268482 0.0243275 760 -0.0314143 0.116478 5.97024 52.7762 -13 626 0 0 1
-0.0939382 0.397891 760 0.0917441 0.100419 9.32188 46.7167 -13 627 0 0 1
4.10557 -3.71665 760 -0.0121372 -0.0447037 0.00755847 52.6051 11 627 1001 0 1
-1.26233 -0.572466 760 0.00326013 0.201078 1.55173 119.527 -13 628 0 0 1
-0.0567851 0.077243 760 -0.0194789 0.0385493 10.4352 32.3423 -13 629 0 0 1
-0.0594114 -0.0728429 760 -0.0365118 -0.00469929 11.7631 50.7409 -13 630 0 0 1
0.0245943 0.116512 760 0.0806821 -0.0256746 8.82769 58.3403 -13 631 0 0 1
0.0154596 0.103936 760 0.0360461 0.0178882 14.0619 31.808 -13 632 0 0 1
0.00281087 0.0587535 760 0.0248749 0.0411168 8.3013 40.9127 -13 633 0 0 1
0.0388497 -0.412314 760 -0.195706 -0.156735 4.6819 58.6876 -13 634 0 0 1
0.07403 -0.113791 760 -0.021698 0.0226953 8.01654 51.0348 -13 635 0 0 1
0.0802294 0.0700371 760 -0.0186986 -0.061699 14.0906 26.8182 -13 636 0 0 1
-0.354519 0.0494681 760 -0.0231598 -0.0537627 7.91691 55.9308 -13 637 0 0 1
-0.339389 0.143407 760 0.00433445 0.0619605 12.6891 37.4784 -13 638 0 0 1
-0.0093554 0.489098 760 0.147008 0.150764 13.9839 25.1378 -13 639 0 0 1
0.00888475 0.104011 760 0.0320687 0.0156468 10.8104 26.2646 -13 640 0 0 1
-0.596888 -0.00403798 760 0.0114486 -0.0553422 0.0462541 26.3787 11 640 1001 0 1
-0.0125134 0.673693 760 0.262716 0.0621784 4.18019 70.3413 -13 641 0 0 1
-0.953762 -1.07108 760 -0.00101083 -0.00518718 0.0395627 69.9627 11 641 1001 0 1
0.357931 -0.308395 760 -0.148224 -0.037225 7.1286 60.7855 -13 642 0 0 1
-0.0111891 0.122637 760 0.0232216 0.00575137 11.0546 25.3765 -13 643 0 0 1
0.117414 -0.0889816 760 0.00205546 -0.0560264 13.7311 38.5028 -13 644 0 0 1
0.111029 -0.0699251 760 0.0262152 0.00484484 9.65572 30.41 -13 645 0 0 1
-0.0353485 0.0351257 760 0.0403942 0.000804723 13.7429 36.9604 -13 646 0 0 1
0.8404 -0.98061 760 -0.42789 -0.158354 5.80332 72.389 -13 647 0 0 1
1.61721 -0.516103 760 -0.00661122 -0.0270032 0.0381534 72.2864 11 647 1004 0 1
-0.217539 0.327583 760 0.0019776 0.130832 3.78131 79.0327 -13 648 0 0 1
0.243883 0.161446 760 0.190984 -0.00832567 6.18133 53.31 -13 649 0 0 1
1.68963 -2.01245 760 0.0330577 0.0288348 0.0162238 52.5559 11 649 1001 0 1
0.0100685 -0.0968467 760 0.0138008 -0.0587094 13.5279 24.4395 -13 650 0 0 1
-0.317997 0.420065 760 -0.074757 0.17394 10.0715 40.0577 -13 651 0 0 1
-0.000404718 -0.119708 760 -0.0270232 0.103677 10.4312 52.1712 -13 652 0 0 1
0.132593 0.0242164 760 0.0579969 -0.0553422 11.872 40.5375 -13 653 0 0 1
0.654252 1.17921 760 0.000675951 -0.0419274 0.0682201 40.2634 11 653 1001 0 1
0.0357927 -0.0181378 760 -0.0346005 -0.0497676 12.2781 34.6508 -13 654 0 0 1
0.0942249 -0.0633874 760 -0.00447695 -0.0356939 14.3544 41.4014 -13 655 0 0 1
-0.075166 0.162898 760 0.0277758 0.0314728 9.57173 44.5855 -13 656 0 0 1
-0.0525447 -0.128563 760 0.00532159 -0.0933188 7.94762 55.915 -13 657 0 0 1
0.316256 0.123371 760 0.0442214 -0.0149684 4.74227 70.5878 -13 658 0 0 1
-0.11242 -0.112543 760 -0.0373103 0.0269047 14.4493 32.911 -13 659 0 0 1
0.108047 0.39381 760 0.107756 0.202026 11.6679 45.8459 -13 660 0 0 1
0.0950754 -0.0400257 760 -0.0933932 0.00972586 10.61 41.7028 -13 661 0 0 1
-0.0400331 -0.101327 760 -0.000164506 -0.00599582 12.1232 33.9934 -13 662 0 0 1
-0.120931 -0.0857205 760 -0.0992428 0.0785469 9.52321 57.7536 -13 663 0 0 1
-0.139943 -0.0956646 760 -0.138672 -0.147201 8.14044 62.3099 -13 664 0 0 1
-0.0456533 -0.0150366 760 0.00265711 0.0160714 11.3233 26.1102 -13 665 0 0 1
0.106196 0.0813827 760 0.0215061 -0.00320032 11.775 37.8681 -13 666 0 0 1
-0.0474165 0.0728932 760 0.00605397 0.000248158 13.0807 33.8061 -13 667 0 0 1
0.664144 0.211528 760 0.684594 0.655714 6.48222 51.2919 -13 668 0 0 1
-0.141795 0.0431429 760 0.0512288 0.0140125 9.55743 46.2464 -13 669 0 0 1
-0.102164 0.226985 760 0.0170727 0.0409155 13.5673 37.4672 -13 670 0 0 1
-0.00417472 -0.0728192 760 -0.0341362 0.0199564 13.1364 40.6052 -13 671 0 0 1
-0.379923 0.384105 760 0.111714 0.088561 3.60362 83.667 -13 673 0 0 1
-0.268233 0.0246421 760 -0.0120672 0.0641991 12.5271 51.1561 -13 674 0 0 1
0.0723252 0.0112103 760 0.369079 -0.508668 7.02789 45.9265 -13 675 0 0 1
2.59165 -1.09578 760 -0.00952141 -0.00947883 0.036896 46.0762 11 675 1001 0 1
0.0810475 0.256497 760 0.0957107 -0.0154332 12.8888 47.3363 -13 676 0 0 1
-0.131225 -0.0168013 760 0.0277766 0.0204399 11.8164 29.9336 -13 677 0 0 1
-0.0988371 -0.112458 760 -0.0366718 -0.0228954 9.348 44.762 -13 678 0 0 1
0.0572213 -0.117723 760 -0.019094 0.102082 8.0652 46.2504 -13 679 0 0 1
-0.0220043 0.111577 760 0.0104509 -0.0546438 9.21924 48.0317 -13 680 0 0 1
-0.134015 -0.0679007 760 -0.028354 0.0436942 14.0636 22.317 -13 681 0 0 1
0.0196486 0.051292 760 -0.0127403 -0.0192308 13.2379 21.8411 -13 682 0 0 1
0.0462091 0.108447 760 0.0506731 0.0219941 12.9934 46.0516 -13 683 0 0 1
0.977695 0.682243 760 0.256547 -0.205828 8.60136 48.01 -13 684 0 0 1
-0.0374464 0.253148 760 0.059728 -0.00750189 7.9831 41.205 -13 685 0 0 1
-0.0697777 0.0845324 760 -0.0246179 0.0169726 11.5567 50.7383 -13 686 0 0 1
-0.0251733 0.448784 760 0.183192 0.0441107 8.99264 36.7122 -13 687 0 0 1
-0.00407331 0.168468 760 0.0565803 0.0521886 12.8374 44.308 -13 688 0 0 1
0.69805 0.33878 760 -0.0945245 -0.248273 9.77354 50.2751 -13 689 0 0 1
7.22047 0.309717 760 -0.0194515 0.0248916 0.0577991 46.4445 11 689 1002 0 1
-0.550792 -0.238218 760 0.00274079 0.348956 5.09469 71.1583 -13 690 0 0 1
0.172902 0.126663 760 0.0473969 -0.0849324 12.2807 39.3236 -13 691 0 0 1
0.0402097 -0.116868 760 -0.051342 -0.0393417 7.36633 38.2094 -13 692 0 0 1
-2.90506 3.32734 760 -0.00900342 -0.0159013 0.041599 38.4022 11 692 1001 0 1
0.0477937 -0.0255111 760 -0.0205054 -0.0581566 12.7638 42.3151 -13 693 0 0 1
-0.19908 -0.120697 760 0.023244 0.106442 3.55284 79.8875 -13 694 0 0 1
-0.160638 0.140875 760 0.0612069 -0.0843744 7.30074 47.8712 -13 695 0 0 1
-0.306984 0.137859 760 -0.101871 0.0915465 6.55169 54.4572 -13 696 0 0 1
0.12694 -0.105539 760 -0.00311934 -0.055991 9.98837 45.7079 -13 697 0 0 1
-0.021551 -0.0203972 760 0.00972273 0.0925552 8.69738 38.9997 -13 698 0 0 1
0.0427619 0.0635508 760 0.025783 -0.019095 13.3385 44.3121 -13 699 0 0 1
-0.6541 -1.44621 760 -0.441572 0.364525 8.75086 41.4564 -13 700 0 0 1
-0.00545586 -0.123633 760 -0.0173209 -0.0254646 9.03974 32.2068 -13 701 0 0 1
-0.158713 0.350435 760 -0.00735358 0.131 12.2857 47.6262 -13 702 0 0 1
0.00671626 0.0395755 760 0.0431564 -0.00821595 12.0517 44.9298 -13 703 0 0 1
0.1009 0.0336661 760 0.0162821 -0.0676544 9.38271 37.6806 -13 704 0 0 1
0.0917656 0.0651746 760 0.0477943 -0.0383324 10.0726 33.6462 -13 705 0 0 1
-0.309066 0.127846 760 0.0120708 0.0815473 9.56077 43.939 -13 706 0 0 1
-0.122855 0.121676 760 0.0392592 0.0070558 13.8555 21.2459 -13 707 0 0 1
-0.0345254 0.0817053 760 -0.0361822 0.0286089 10.5286 43.9691 -13 708 0 0 1
0.331889 -0.135226 760 -0.0216026 -0.0370702 3.08933 88.4608 -13 709 0 0 1
-0.260877 0.251754 760 -0.0319989 -0.177905 7.89383 54.0161 -13 710 0 0 1
-0.187682 0.128957 760 0.0305554 0.0295451 14.152 21.1039 -13 711 0 0 1
0.0391715 0.0183761 760 0.0131253 0.023326 11.5981 43.2956 -13 712 0 0 1
0.200338 -0.440223 760 -0.106063 -0.0557759 6.34395 64.1992 -13 713 0 0 1
0.0926715 -0.122468 760 -0.0087078 -0.0330336 14.0332 40.7407 -13 714 0 0 1
0.0672366 -0.0653232 760 -0.0256856 -0.0134708 12.3505 51.5054 -13 715 0 0 1
0.0275271 0.253732 760 0.063617 0.018425 13.1144 41.5441 -13 716 0 0 1
0.0368507 0.00205407 760 0.00839478 -0.0137835 10.5858 41.0775 -13 717 0 0 1
-0.206776 -0.343715 760 -0.112574 0.0309666 8.64755 39.3128 -13 718 0 0 1
-0.0173244 0.0379601 760 0.121263 -0.0589958 10.5975 34.3151 -13 719 0 0 1
0.0593575 -0.00149642 760 -0.0459949 -0.0637619 11.2674 52.8454 -13 720 0 0 1
-0.582468 0.164552 760 -0.0208084 0.221484 9.6526 53.9015 -13 721 0 0 1
0.185588 0.406245 760 0.0165996 -0.166841 5.15681 62.1016 -13 722 0 0 1
0.145121 -0.0255003 760 0.0381789 -0.0353936 8.53216 35.2119 -13 723 0 0 1
0.117366 -0.376312 760 -0.0629368 -0.256555 4.73552 76.9517 -13 724 0 0 1
0.0471617 0.00539037 760 0.0261341 -0.0319627 9.58258 40.1537 -13 725 0 0 1
0.116986 -0.0970935 760 -0.052409 -0.0260307 13.6034 35.6348 -13 726 0 0 1
0.128646 0.151147 760 0.0804219 0.0124325 14.1204 24.4058 -13 727 0 0 1
0.125225 1.09836 760 -0.00465814 0.325737 1.75379 120.277 -13 728 0 0 1
-0.166204 -0.107833 760 -0.091978 0.0726497 5.31226 60.3799 -13 729 0 0 1
0.00996402 0.0588272 760 0.00336042 -0.0769749 11.1907 31.6487 -13 730 0 0 1
0.161249 0.102895 760 0.0210725 -0.0307757 10.9081 27.9703 -13 731 0 0 1
0.376672 -0.277121 760 -0.113289 -0.0107937 4.58363 68.6198 -13 733 0 0 1
0.446012 0.00485015 760 -0.0369867 -0.137531 7.79967 38.5107 -13 734 0 0 1
-0.112244 -0.0813747 760 -0.0962541 0.0485646 10.9618 41.6314 -13 735 0 0 1
0.0325685 -0.167 760 -0.0956737 0.0345333 10.9794 34.5583 -13 736 0 0 1
-0.362518 -0.133866 760 -0.0825018 0.0888644 8.18365 53.3294 -13 737 0 0 1
0.287561 0.254146 760 0.0606286 -0.0407219 8.34096 55.4211 -13 738 0 0 1
-0.0928922 -0.0052765 760 0.0558523 0.0724169 11.8755 43.6866 -13 739 0 0 1
-0.0392323 0.0176269 760 0.0142556 -0.0519787 13.0267 44.7394 -13 740 0 0 1
0.133265 0.170012 760 0.0953726 -0.00737103 8.68085 50.7438 -13 741 0 0 1
1.20424 -0.842109 760 -0.0256655 -0.462584 4.12166 86.06 -13 742 0 0 1
0.206656 0.15324 760 0.037851 -0.0841116 8.28928 34.4412 -13 743 0 0 1
1.51913 -0.804451 760 0.165589 -0.0967604 1.77951 102.163 -13 744 0 0 1
0.0570578 -0.00277447 760 -0.00710603 -0.0130666 11.4918 38.5741 -13 745 0 0 1
0.0270903 0.179588 760 0.0801894 0.0266576 8.46593 57.7265 -13 746 0 0 1
0.694386 0.806307 760 -0.0234817 -0.0169599 0.0703768 54.8862 11 746 1001 0 1
-0.0646886 0.0468284 760 -0.0154933 -0.0102074 11.8386 45.9532 -13 747 0 0 1
0.14151 -0.137255 760 -0.00855134 -0.00480578 10.5393 42.9405 -13 748 0 0 1
0.037696 -0.143101 760 -0.0139138 -0.0330013 12.1116 24.1337 -13 749 0 0 1
-0.252752 -0.100959 760 -0.0127993 0.0558133 10.3598 48.0092 -13 750 0 0 1
0.220479 -0.00758952 760 -0.0464997 -0.128221 11.0533 48.8536 -13 751 0 0 1
-0.57142 -1.44129 760 0.0133429 -0.0323877 0.057383 49.1502 11 751 1002 0 1
0.0196781 0.223331 760 0.0589519 -0.0432785 6.45696 45.6911 -13 752 0 0 1
0.0303381 0.022095 760 0.0341373 0.0359702 10.7777 28.161 -13 753 0 0 1
0.00311163 0.0560266 760 0.0141419 -0.0130862 8.64861 56.8653 -13 754 0 0 1
0.138287 -0.0152315 760 -0.0242323 -0.165543 7.87316 41.6673 -13 755 0 0 1
-0.259472 -0.595922 760 -0.033311 -0.363748 5.20492 62.2419 -13 756 0 0 1
-0.0106126 0.0284194 760 0.0434873 -0.0334021 7.20279 50.0402 -13 757 0 0 1
-0.0798051 -0.178658 760 0.00697929 0.0154622 7.85632 37.0598 -13 758 0 0 1
0.0954848 -0.0563326 760 -0.00876071 -0.0320021 14.1733 35.017 -13 759 0 0 1
0.209422 0.00716462 760 0.0289688 -0.0598588 8.04961 54.0325 -13 760 0 0 1
-0.307455 0.197935 760 0.109506 0.0743604 6.32116 49.1207 -13 761 0 0 1
-0.153286 0.126372 760 0.0565338 0.0455911 13.861 48.2805 -13 762 0 0 1
0.155354 0.129111 760 0.0131716 -0.0610503 11.1362 50.7867 -13 763 0 0 1
-0.182423 0.0852436 760 -0.0233209 0.0166377 9.8344 38.708 -13 764 0 0 1
-0.179789 -0.323139 760 -0.120191 0.0335556 5.74505 53.6554 -13 765 0 0 1
0.267009 -0.199218 760 -0.0470685 -0.11454 8.52494 37.0086 -13 766 0 0 1
0.0334071 0.0436461 760 0.0454793 -0.0120202 12.5184 51.089 -13 767 0 0 1
-3.46269 -2.57246 760 0.0300249 0.0363186 0.05102 52.0017 11 767 1002 0 1
-2.60162 -2.25106 760 0.0365636 0.0322756 0.0448263 55.268 11 767 1003 0 1
0.0927972 0.0369523 760 0.00959442 -0.0103191 12.8512 42.3204 -13 768 0 0 1
-0.194423 0.124647 760 0.0908438 0.117911 6.94466 43.4295 -13 769 0 0 1
-0.189437 0.0747051 760 -0.0013574 0.0322432 13.635 27.08 -13 770 0 0 1
-0.0302066 -0.377623 760 -0.0618806 -0.0055314 10.8586 31.3667 -13 771 0 0 1
0.166422 -0.296139 760 -0.0392464 -0.0446291 14.3249 21.6436 -13 772 0 0 1
-0.00218626 -0.152661 760 -0.0919991 0.000786522 11.4082 28.9265 -13 773 0 0 1
0.212998 -0.0890452 760 -0.0473703 -0.0780016 13.401 24.2718 -13 774 0 0 1
0.0736374 -0.406289 760 -0.0608627 0.127037 3.41449 75.0802 -13 775 0 0 1
-0.0436911 0.000532986 760 -0.0488342 0.0350143 11.7979 34.9161 -13 776 0 0 1
0.122121 0.0722447 760 0.0144812 -0.0598894 10.6568 38.2002 -13 777 0 0 1
0.40211 0.112769 760 -0.0166309 -0.166332 8.59684 50.3327 -13 778 0 0 1
0.0537584 0.186969 760 0.0705221 -0.158252 12.9328 21.9057 -13 779 0 0 1
-0.0390163 -0.609116 760 -0.181232 -0.0111815 9.57009 33.104 -13 780 0 0 1
-0.827876 0.134468 760 0.114082 0.238482 11.5429 28.1671 -13 781 0 0 1
-0.497422 3.6294 760 -0.0541814 -0.0498913 0.0273801 36.6639 11 781 1001 0 1
0.0381186 -0.121238 760 -0.0141578 -0.00245182 10.0521 30.676 -13 782 0 0 1
-0.0614039 0.0168981 760 0.100035 -0.0117147 6.92051 55.6348 -13 783 0 0 1
0.136747 -0.0993879 760 0.129083 0.0739247 6.82048 42.2131 -13 784 0 0 1
0.0228903 -0.213807 760 -0.0477526 -0.137959 4.75628 68.7678 -13 785 0 0 1
-0.00941806 -0.0145393 760 -0.00345442 0.00651997 9.55464 47.4879 -13 786 0 0 1
-0.139754 0.137215 760 0.0594184 0.0258598 8.8824 47.4216 -13 787 0 0 1
-0.261147 -0.132016 760 -0.016729 -0.0151593 12.3301 40.5777 -13 788 0 0 1
-0.0855407 0.0537999 760 -0.00976781 0.00753658 14.1613 34.7255 -13 789 0 0 1
-0.15942 -0.0882673 760 -0.0821937 0.0372271 9.92792 54.5093 -13 790 0 0 1
-0.140535 -0.265487 760 -0.16426 -0.0510697 4.75693 79.3795 -13 791 0 0 1
-0.0020282 0.246755 760 0.138542 0.0481667 11.7677 51.5975 -13 792 0 0 1
-0.0453591 0.0295606 760 -0.00861535 0.0571063 11.4061 41.0659 -13 793 0 0 1
-0.0504639 -0.0443743 760 -0.0499092 0.0632436 7.42545 48.9339 -13 794 0 0 1
0.25218 -0.147921 760 0.0743332 -0.126266 11.493 32.4288 -13 795 0 0 1
-0.0388675 -0.135683 760 -0.0741229 0.00552042 8.87171 53.5653 -13 796 0 0 1
0.0692934 0.00376319 760 -0.0198582 0.0257433 14.0095 44.5565 -13 797 0 0 1
-0.0904265 0.0644593 760 0.0323171 0.0604224 13.7049 45.2779 -13 798 0 0 1
-0.0093487 -0.0320743 760 -0.0400642 -0.0101263 9.32417 58.5371 -13 799 0 0 1
0.0142268 -0.000505137 760 -0.00227149 -0.00832877 13.5507 22.8291 -13 800 0 0 1
0.188265 -0.123272 760 -0.0140984 -0.097276 5.66418 51.8172 -13 801 0 0 1
-0.170277 0.0719158 760 -0.0882742 0.0382186 6.95341 58.522 -13 803 0 0 1
0.0884973 0.0467618 760 -0.0395415 -0.0428025 13.0011 28.8283 -13 804 0 0 1
0.0186059 -0.0728309 760 -0.00400907 -0.0336399 12.5671 48.8935 -13 805 0 0 1
0.0255331 -0.147271 760 -0.0963509 -0.0605003 2.19511 98.964 -13 806 0 0 1
0.0835418 0.10777 760 0.0441476 -0.0127013 13.6419 30.8483 -13 807 0 0 1
-0.416308 0.288853 760 0.258392 -0.148282 7.00674 48.1601 -13 808 0 0 1
-0.0197018 0.0338183 760 -0.00170583 -0.0134468 14.2987 33.0885 -13 809 0 0 1
-0.0422311 0.057916 760 -0.0222617 0.0520652 10.7857 41.4742 -13 810 0 0 1
0.0985636 -0.156614 760 -0.0658749 -0.131758 5.58802 50.6181 -13 811 0 0 1
0.0818052 -0.101603 760 -0.0866879 -0.0414288 6.48351 43.5813 -13 812 0 0 1
0.293466 0.119587 760 0.114731 -0.0924556 13.1875 31.7843 -13 813 0 0 1
-0.262168 0.18388 760 0.0785813 0.15013 9.5848 39.2949 -13 814 0 0 1
-0.0469686 0.00868681 760 -0.00782546 -0.0233987 11.6374 51.0426 -13 815 0 0 1
0.181179 -0.25597 760 -0.0556275 -0.103026 5.94929 49.8272 -13 816 0 0 1
-0.0672695 -0.329962 760 -0.206827 0.0407231 5.13648 75.6666 -13 817 0 0 1
0.178622 0.00874441 760 -0.0665286 0.0333688 11.454 52.8478 -13 818 0 0 1
0.15017 -0.0897669 760 -0.0458334 -0.111007 6.0745 70.6766 -13 819 0 0 1
5.93544 0.361266 760 -0.0133415 -0.00633412 0.0320273 70.7559 11 819 1001 0 1
-0.065487 -0.00148228 760 -0.00921405 0.0485674 13.3892 27.4437 -13 820 0 0 1
-0.244288 0.259061 760 0.00175613 0.0959383 8.35328 36.2427 -13 821 0 0 1
-0.413968 -10.8244 760 -0.0057877 -0.00652381 0.0539662 30.6102 11 821 1002 0 1
0.117856 -0.0262868 760 -0.0674476 0.00125084 11.6788 52.1495 -13 822 0 0 1
-0.0385546 -0.108009 760 -0.0364567 -0.00364432 12.6122 45.0738 -13 823 0 0 1
0.044071 0.034897 760 0.00556327 -0.0175274 14.5561 39.9749 -13 824 0 0 1
0.0367504 -0.0266489 760 -0.040765 -0.0491945 14.4438 45.2075 -13 825 0 0 1
-0.0598798 0.105476 760 0.0359036 0.01034 7.5505 49.1872 -13 826 0 0 1
0.803243 0.725405 760 -0.178425 -0.292968 3.24963 100.992 -13 827 0 0 1
0.0380093 0.00616838 760 -0.0119907 0.0399769 8.61646 58.3471 -13 828 0 0 1
0.0908193 -0.0952151 760 -0.0277595 0.0175007 10.0314 53.7023 -13 829 0 0 1
-0.0712864 -0.0308257 760 -0.0353526 -0.0145219 14.0719 48.7432 -13 830 0 0 1
0.942196 -3.20697 760 -0.494725 -0.822406 8.31456 39.5372 -13 831 0 0 1
-0.0268752 -0.0302549 760 9.84797e-05 0.0111296 13.7856 33.6962 -13 832 0 0 1
-0.129019 -0.00795072 760 -0.0984933 0.0545137 9.01819 59.6132 -13 833 0 0 1
0.145194 -0.0475544 760 -0.0309822 -0.153546 5.19011 75.0125 -13 834 0 0 1
-0.130963 0.349894 760 0.0512878 0.072398 7.76807 62.7114 -13 835 0 0 1
-0.00694717 -0.162227 760 -0.0939178 0.032601 11.8517 44.9416 -13 836 0 0 1
-0.446404 -0.0340716 760 0.0319053 0.114731 10.8078 34.579 -13 837 0 0 1
-0.0325434 0.165376 760 0.0210544 0.0382659 12.8265 38.3949 -13 838 0 0 1
-0.0233157 0.0548588 760 0.0094145 0.0178172 11.1195 46.2987 -13 839 0 0 1
0.250769 0.0149429 760 0.00770995 -0.0260713 9.83932 49.4238 -13 840 0 0 1
0.198517 -0.353691 760 0.156769 -0.0794033 5.97777 70.9026 -13 842 0 0 1
0.19953 -0.341734 760 0.0147297 0.00857197 0.0399288 70.8987 11 842 1001 0 1
-0.880529 -3.21018 760 0.00283089 0.0199392 0.0391541 69.1559 11 842 1002 0 1
-0.246772 -0.0482691 760 -0.0414719 0.0488741 8.23307 40.0586 -13 843 0 0 1
0.00112132 -0.308186 760 -0.129675 -0.0135183 4.04491 86.1241 -13 844 0 0 1
0.360035 0.245933 760 0.11084 -0.110831 13.4623 29.563 -13 845 0 0 1
-0.00835454 0.190279 760 -0.0688278 0.0942461 12.2697 39.1375 -13 846 0 0 1
0.0336366 0.312916 760 0.0846864 -0.0495334 4.33213 68.038 -13 847 0 0 1
0.25985 -0.0162572 760 0.106397 0.0262553 4.55408 84.7236 -13 848 0 0 1
-0.00354509 0.0972611 760 0.0336426 -0.108926 9.59872 30.8656 -13 849 0 0 1
-0.0688445 0.0408451 760 0.0588552 0.0312961 12.3425 44.4394 -13 850 0 0 1
-0.224613 0.023751 760 -0.0326712 0.0134438 8.87833 38.7018 -13 851 0 0 1
-0.0457032 -0.137203 760 0.171566 -0.0183106 4.58105 59.9518 -13 853 0 0 1
0.101954 0.0181036 760 -0.0301805 -0.0231377 11.4389 27.4782 -13 854 0 0 1
0.0540883 0.256546 760 0.0767695 0.0161088 11.5388 47.4181 -13 855 0 0 1
0.150388 0.233475 760 0.0731106 -0.0365992 14.3129 27.5508 -13 857 0 0 1
-0.0347739 0.0155339 760 -0.151082 -0.0498885 10.208 53.1099 -13 858 0 0 1
-0.111739 0.0454238 760 -0.0525894 -0.0182028 12.9267 33.0116 -13 859 0 0 1
-0.117005 0.11005 760 0.0327426 0.0260051 13.0358 46.0261 -13 860 0 0 1
-0.0517522 0.114599 760 0.031336 0.0662512 11.1663 27.6656 -13 861 0 0 1
-0.139765 -0.184358 760 -0.174095 0.0859138 5.74005 67.3923 -13 862 0 0 1
-1.51348 0.0211292 760 -0.0685176 0.36244 3.69262 74.9034 -13 863 0 0 1
-0.0717948 0.0674107 760 -0.118297 0.000575812 6.82588 52.9863 -13 865 0 0 1
0.133532 -0.130978 760 0.127233 -0.177426 5.38795 77.5064 -13 866 0 0 1
0.0836384 -0.00673906 760 -0.0174785 0.038289 8.30391 42.9303 -13 868 0 0 1
0.154894 0.295208 760 0.000780259 -0.0530403 9.08169 50.6303 -13 869 0 0 1
1.05426 -0.890769 760 0.0455384 -0.0136282 0.0593261 48.5701 11 869 1001 0 1
-0.380903 -0.0755638 760 -0.00593445 0.137254 12.3527 37.5039 -13 870 0 0 1
0.045419 0.191831 760 0.0236178 -0.00247292 13.6986 42.415 -13 871 0 0 1
0.239545 -0.79132 760 -0.214689 0.0930087 5.0327 72.219 -13 872 0 0 1
0.24975 -0.24283 760 0.0385287 -0.162834 4.21215 65.8494 -13 873 0 0 1
0.218803 0.587882 760 0.207273 -0.0728942 4.72758 68.9798 -13 874 0 0 1
-0.0517494 -0.0115727 760 0.0691268 -0.118358 2.91541 81.1586 -13 875 0 0 1
-0.138029 -0.0770775 760 -0.0847602 0.112156 11.7676 35.0781 -13 876 0 0 1
0.0993932 -0.043767 760 0.00209672 -0.0314134 9.18583 52.6503 -13 877 0 0 1
0.0106509 -0.0927552 760 -0.0222366 0.00300235 14.2359 45.4837 -13 879 0 0 1
-0.165934 -0.00402553 760 -0.010281 0.01471 12.9292 26.7963 -13 880 0 0 1
-0.017518 0.0807451 760 0.00615081 0.0107383 14.5225 31.6577 -13 881 0 0 1
0.123086 -0.0369449 760 -0.12846 0.0559691 6.47857 62.8654 -13 882 0 0 1
0.0459769 0.0379068 760 -0.0276059 -0.0506823 7.02281 62.394 -13 883 0 0 1
-0.180698 0.0822194 760 -0.0211261 -0.0527458 5.60225 64.5143 -13 884 0 0 1
-0.0765795 0.0272658 760 0.0558396 0.0194597 12.5612 23.5885 -13 885 0 0 1
-0.0494364 -0.130831 760 -0.00457211 -0.00189828 8.45128 38.8722 -13 886 0 0 1
0.143212 0.0785641 760 0.0133301 -0.0887378 8.49162 32.6909 -13 887 0 0 1
0.208994 -0.0309595 760 0.0136985 -0.0998721 8.48981 51.3639 -13 888 0 0 1
0.0125441 -0.0231234 760 -0.0209784 0.0141261 11.2987 48.9956 -13 889 0 0 1
-0.0553248 0.0163749 760 -0.0426563 0.0119205 10.8102 37.143 -13 890 0 0 1
0.300691 -0.339337 760 -0.0391646 -0.0571562 7.45845 44.4421 -13 891 0 0 1
-0.133823 0.049276 760 0.0475744 0.0220946 14.0526 28.4875 -13 892 0 0 1
-0.00683827 0.0184369 760 0.0062471 -0.0649015 9.33447 32.8432 -13 893 0 0 1
-0.187548 -0.0152654 760 -0.0752833 0.0590168 12.599 40.3006 -13 894 0 0 1
-0.0155736 0.149402 760 0.0747155 0.0204209 11.5989 40.5436 -13 895 0 0 1
-0.12037 -0.170831 760 -0.00387353 -0.0298519 6.72552 61.6614 -13 896 0 0 1
-2.37268 0.151958 760 0.00550395 -0.000378643 0.0395202 61.7375 11 896 1001 0 1
-0.0446264 0.105433 760 0.0157519 0.0540654 10.3379 33.7468 -13 897 0 0 1
-0.113978 -0.0919414 760 0.0329134 -0.133757 8.35409 49.1246 -13 898 0 0 1
-0.0408997 -0.400897 760 0.143058 -0.100126 6.65473 50.1777 -13 899 0 0 1
0.183453 -0.102021 760 -0.0114141 -0.0625882 11.4358 25.8327 -13 900 0 0 1
0.537441 -0.262512 760 0.0130897 -0.152901 5.30573 78.4134 -13 901 0 0 1
-0.0973893 0.414174 760 0.127473 -0.110489 8.53479 34.2536 -13 902 0 0 1
-0.00212935 0.250141 760 0.164103 -0.0727031 6.55805 48.6264 -13 903 0 0 1
-0.0843044 0.050778 760 -0.0262884 -0.0100948 12.545 29.5629 -13 904 0 0 1
-0.324287 -0.0874262 760 -0.118757 0.0478732 5.02161 70.507 -13 905 0 0 1
0.010531 0.107312 760 0.0221558 0.00795602 0.0232459 70.4442 11 905 1001 0 1
-0.00403991 0.225571 760 0.0696235 -0.0174679 10.4306 46.1147 -13 906 0 0 1
-0.0436973 0.136658 760 0.0777168 -0.0533886 11.6148 50.0774 -13 907 0 0 1
0.0102282 0.0076538 760 0.00467885 0.0074914 12.9466 24.7488 -13 908 0 0 1
0.022422 -0.00810371 760 0.0323564 0.0481527 7.22385 52.4555 -13 909 0 0 1
0.0278022 0.0803433 760 0.0175721 0.0188173 9.27609 31.1749 -13 910 0 0 1
-0.189317 -0.0949272 760 0.0724835 0.265949 11.8037 25.2765 -13 912 0 0 1
-0.0231346 0.081373 760 -0.00582847 -0.0206237 10.2583 28.6688 -13 914 0 0 1
-0.0208406 0.192373 760 -0.00684452 -0.0101656 9.08791 36.3714 -13 915 0 0 1
-0.0464219 -0.0579188 760 0.0187398 -0.0292423 13.794 38.8558 -13 916 0 0 1
0.112713 0.0131754 760 0.0263042 -0.0220241 12.4855 41.64 -13 917 0 0 1
0.0258295 0.0193713 760 0.00796664 -0.0150656 12.8429 45.6021 -13 918 0 0 1
0.0819747 -0.568302 760 -0.0425419 0.0506842 3.43988 76.6333 -13 919 0 0 1
0.330342 -0.126161 760 -0.0898609 -0.0476405 8.62187 34.8404 -13 920 0 0 1
0.0722413 0.0838718 760 0.0159092 -0.0647426 14.0767 25.9198 -13 921 0 0 1
-0.0245846 0.0362957 760 0.00103974 0.0219648 12.8436 42.5228 -13 922 0 0 1
-0.548011 0.0203063 760 -0.117233 0.215377 3.68181 95.8212 -13 923 0 0 1
0.200286 -0.0409907 760 -0.0391977 -0.0781508 13.5264 34.2385 -13 924 0 0 1
1.88952 -2.3062 760 0.06067 -0.00144997 0.0565606 35.0141 11 924 1001 0 1
-0.0570145 -0.00171211 760 -0.00448868 -0.0297408 13.9274 48.2865 -13 925 0 0 1
0.0536127 0.0348786 760 0.0583397 0.0308472 12.803 22.386 -13 926 0 0 1
-0.00979216 0.0533735 760 0.000834008 -0.0147085 4.61073 71.092 -13 927 0 0 1
0.217655 0.147876 760 -0.0513818 -0.0793313 11.765 47.0235 -13 928 0 0 1
-0.0121527 -0.104429 760 -0.0553837 0.0173897 13.5425 27.0238 -13 929 0 0 1
-0.00327097 0.0358231 760 0.0595288 -0.0224406 12.7103 39.9073 -13 930 0 0 1
0.0747281 -0.0194056 760 -0.018839 -0.0110059 13.3064 42.0284 -13 931 0 0 1
0.0869382 -0.0256006 760 -0.0304195 -0.0307054 11.4424 53.0626 -13 932 0 0 1
0.096091 -0.0044985 760 -0.0934266 -0.0203919 13.6025 33.6933 -13 933 0 0 1
0.197691 0.374053 760 0.07246 -0.00694139 8.56842 44.0752 -13 934 0 0 1
0.0262644 -0.154013 760 -0.0335791 -0.0838207 10.3193 47.8095 -13 935 0 0 1
-2.95915 -0.528518 760 -0.0416932 -0.0229778 0.0656449 43.4336 11 935 1001 0 1
-0.10339 0.0598838 760 -0.00334832 0.0277771 12.4153 35.7206 -13 936 0 0 1
0.333986 0.00618649 760 1.0893e-05 -0.0736769 12.5292 49.3184 -13 937 0 0 1
0.0509371 -0.0245906 760 -0.0451905 -0.144475 4.40288 62.6236 -13 938 0 0 1
-0.0942633 -0.0862259 760 -0.0368502 0.0122527 13.8433 29.9701 -13 939 0 0 1
-1.93028 1.03581 760 0.137806 0.474582 5.71398 50.0623 -13 940 0 0 1
-0.366227 0.0193892 760 0.0132198 0.0946671 12.2432 38.3832 -13 941 0 0 1
2.0116 -8.65615 760 0.00274176 -0.00283054 0.0320591 47.9379 11 941 1001 0 1
0.126237 -0.00259318 760 0.00336375 -0.0761753 10.4891 51.02 -13 943 0 0 1
-0.960411 2.65267 760 -0.026251 0.010107 0.0270523 53.3101 11 943 1001 0 1
0.632778 -0.104943 760 -0.17922 -0.094615 5.63696 70.3243 -13 944 0 0 1
0.403403 -0.61701 760 -0.0706751 -0.018337 3.75831 94.065 -13 945 0 0 1
-0.0217753 0.0590882 760 0.0531603 -0.0269813 14.2986 32.2196 -13 946 0 0 1
-0.124126 -0.0621622 760 0.0354317 0.0680791 10.423 31.3972 -13 947 0 0 1
-0.0699086 0.332011 760 0.175111 -0.0429085 7.71132 40.265 -13 948 0 0 1
-0.160197 -0.0245499 760 -0.00857468 0.00920103 12.4782 43.0783 -13 949 0 0 1
-0.454355 0.125173 760 0.16284 0.37092 2.85612 83.9653 -13 950 0 0 1
0.127973 -0.133087 760 0.0342201 -0.0797469 5.15176 58.2546 -13 951 0 0 1
0.510664 0.248296 760 0.252592 0.0171189 3.9216 89.9658 -13 952 0 0 1
-0.0821488 0.210977 760 0.0586171 -0.031105 9.78464 34.7123 -13 953 0 0 1
0.0380926 -0.0590591 760 -0.018135 -0.0458634 6.67758 60.2253 -13 954 0 0 1
-0.0603826 0.178428 760 0.0473001 0.00472538 7.29803 53.9992 -13 955 0 0 1
-11.4331 5.62885 760 -0.0116289 -0.0232137 0.0337296 49.9848 11 955 1001 0 1
0.300483 0.147661 760 0.13883 -0.0990807 6.91371 46.4486 -13 956 0 0 1
-1.51718 4.37015 760 1.12999 0.688869 13.986 38.5585 -13 957 0 0 1
0.114798 -0.139145 760 -0.0720529 -0.0532175 11.8794 37.4141 -13 958 0 0 1
-0.142638 0.11638 760 0.0493174 -0.0448452 10.3928 46.9017 -13 959 0 0 1
0.0723783 0.0133084 760 -0.00345169 -0.0445549 14.4219 28.6457 -13 960 0 0 1
-0.225912 0.266019 760 0.0556525 0.0862079 11.7818 42.3251 -13 962 0 0 1
0.0489752 -0.104145 760 -0.0527887 -0.0867019 11.8643 46.0619 -13 963 0 0 1
-0.0280411 0.00448665 760 0.0398467 0.0273612 10.4727 52.8195 -13 964 0 0 1
0.0668905 -0.0539999 760 0.0401428 -0.0257257 11.3259 39.8799 -13 965 0 0 1
0.0531954 -0.00284035 760 -0.112938 -0.0109695 9.33898 37.1512 -13 966 0 0 1
-0.0878265 0.148337 760 0.01392 0.0237571 0.0288547 37.3093 11 966 1001 0 1
-0.125358 0.783426 760 -0.0236261 0.171266 1.37878 113.58 -13 968 0 0 1
0.0326728 -0.0315508 760 0.0130926 0.0482969 8.85914 43.4662 -13 969 0 0 1
-0.170771 0.0498504 760 0.0132517 0.0363041 13.2483 34.7972 -13 971 0 0 1
-0.0962296 0.0872699 760 -0.000131631 -0.0393938 14.4593 34.3568 -13 972 0 0 1
-0.0447195 0.0932053 760 0.0273899 0.00197249 13.7618 48.6475 -13 973 0 0 1
0.0577923 -0.118168 760 -0.02818 -0.0203495 14.4732 38.9094 -13 974 0 0 1
-4.62069 1.2183 760 -0.0456122 0.0331663 0.0806724 37.6657 11 974 1001 0 1
-0.0165452 0.347564 760 0.0914515 -0.0259404 10.2738 46.629 -13 975 0 0 1
0.038817 0.00883779 760 0.0858757 -0.0620585 6.65654 46.8538 -13 976 0 0 1
-0.0638196 0.0763512 760 0.0268745 0.0514058 9.04055 47.4667 -13 978 0 0 1
-0.123173 0.0136351 760 0.0252373 0.0398227 13.7134 38.8531 -13 979 0 0 1
0.138517 0.166691 760 0.0164217 -0.0102024 12.0428 26.62 -13 980 0 0 1
1.75468 3.15044 760 -0.0290171 -0.0176979 0.0168083 29.7303 11 980 1002 0 1
-0.0396297 -0.0847844 760 -0.0201972 0.0279652 9.66324 29.0941 -13 981 0 0 1
0.0186811 0.0789021 760 0.0168054 0.000739301 13.6063 33.1024 -13 982 0 0 1
-0.0708448 0.159875 760 0.00595463 -0.137497 5.54889 71.3213 -13 983 0 0 1
0.450671 2.96778 760 0.0254637 -0.00757985 0.0218582 71.3428 11 983 1001 0 1
-0.432992 0.566946 760 0.22296 0.158242 9.98361 29.8992 -13 984 0 0 1
2.55812 -1.25835 760 0.00934611 0.00754379 0.0855118 23.8146 11 984 1001 0 1
-0.00118553 0.0227003 760 -0.0134012 -0.0945993 11.2431 39.7744 -13 985 0 0 1
0.100934 -0.097948 760 -0.0143624 -0.0741893 8.30996 51.435 -13 986 0 0 1
0.0423471 0.100046 760 0.0268414 -0.015607 14.2353 44.0668 -13 987 0 0 1
0.130787 0.253536 760 0.0818215 -0.0359784 6.63478 62.485 -13 988 0 0 1
-0.439651 0.928759 760 0.00601871 0.0492544 0.685573 141.139 -13 989 0 0 1
-0.116765 0.0614055 760 0.0445703 0.0516585 14.463 27.3547 -13 990 0 0 1
-0.0911296 -0.00635945 760 -0.0354178 0.0317139 10.8665 45.3345 -13 991 0 0 1
-0.0554725 0.300403 760 0.0256369 0.0183633 13.0317 46.5614 -13 992 0 0 1
0.681253 0.7835 760 -0.0278044 -0.0255252 0.0606623 47.0301 11 992 1002 0 1
-0.00927591 0.095943 760 0.0596866 -0.0386454 11.2402 53.4151 -13 993 0 0 1
-0.161102 -0.0253608 760 -0.0784064 0.039804 12.7599 46.2137 -13 994 0 0 1
-3.17769 0.763306 760 -0.0605031 0.018675 0.0453303 47.6578 11 994 1001 0 1
0.0311834 0.217584 760 0.116225 0.0541783 13.8877 31.8429 -13 995 0 0 1
-0.0733831 -0.121637 760 -0.0353115 0.0310989 13.0254 46.4309 -13 996 0 0 1
0.0582585 -0.102872 760 -0.0636043 -0.0324649 14.5089 27.8724 -13 997 0 0 1
-0.139936 0.332662 760 0.0712944 0.0561877 10.1828 51.9585 -13 998 0 0 1
0.00126461 -0.159869 760 0.00790926 0.0562097 7.31812 41.9156 -13 999 0 0 1
0.0595882 -0.0946905 760 -0.0650723 -0.00975347 8.40618 54.0925 -13 1000 0 0 1
