#BLTrackFile NTuple/Z780
#x y z Px Py Pz t PDGid EventID TrackID ParentID Weight
#mm mm mm MeV/c MeV/c MeV/c ns - - - - -
-0.0715507 0.023654 780 -0.0282293 0.0284336 11.4898 43.1745 -13 1 0 0 1
-0.0396389 -0.0705346 780 -0.0192112 -0.118225 12.5564 44.6158 -13 2 0 0 1
-0.182595 0.435386 780 0.147967 0.0568943 9.82841 30.6179 -13 3 0 0 1
-2.1309 10.0099 780 -0.0495886 -0.0300074 0.0588383 22.3814 11 3 1001 0 1
-0.0162297 -0.0257635 780 -0.014769 -0.0161314 11.131 29.0941 -13 4 0 0 1
0.0366593 -0.0328548 780 -0.0821954 -0.0697944 6.82577 47.4392 -13 5 0 0 1
-0.100223 0.170099 780 -0.00157687 0.0551166 7.62273 58.225 -13 6 0 0 1
0.0406145 0.00874561 780 0.00465267 -0.0391452 12.0245 36.5607 -13 7 0 0 1
-0.202225 -0.0988715 780 0.048657 0.0284697 5.04146 68.3814 -13 8 0 0 1
0.160339 -0.0432622 780 -0.00138904 -0.0563305 13.6174 43.8572 -13 9 0 0 1
-0.0432855 0.173718 780 0.0610165 0.0176719 13.2369 25.9696 -13 10 0 0 1
0.0314131 0.17113 780 0.0435745 -0.0353815 10.5961 28.8787 -13 11 0 0 1
-0.0636415 -0.139483 780 -0.120672 -0.0954764 11.7993 27.5561 -13 12 0 0 1
0.943004 -0.551974 780 0.0774864 -0.195821 3.15263 80.6999 -13 13 0 0 1
0.0407289 -0.0436739 780 -0.00563496 -0.0277596 10.304 29.8835 -13 14 0 0 1
1.89261 2.68662 780 0.0125036 0.0107749 0.0932173 19.0119 11 14 1002 0 1
-0.0979928 -0.159552 780 0.0169395 0.101234 5.08504 72.0691 -13 15 0 0 1
-0.31952 -0.0907838 780 -0.0586679 0.17722 8.32262 35.8411 -13 16 0 0 1
0.0518638 -0.0766307 780 0.00502763 -0.0240367 14.5064 26.328 -13 17 0 0 1
-0.0546952 -0.141759 780 -0.0445386 0.0089393 13.0745 50.2672 -13 18 0 0 1
0.0356775 0.276473 780 0.0188045 0.133932 8.25157 51.1971 -13 19 0 0 1
0.032254 0.0409411 780 -0.00650385 -0.00928553 14.4198 42.1635 -13 21 0 0 1
-0.132428 0.0784846 780 -0.0221118 0.0137089 10.4445 28.334 -13 22 0 0 1
-0.10341 -0.0589694 780 -0.0199701 0.0129037 11.7628 53.1329 -13 23 0 0 1
0.082548 -0.03821 780 -0.0093254 -0.00868451 8.28238 60.5641 -13 24 0 0 1
0.153807 0.0364137 780 -0.0226542 -0.0385706 14.3644 33.6189 -13 25 0 0 1
0.376815 0.352349 780 0.0902972 -0.0674591 8.92285 46.6744 -13 26 0 0 1
-0.099561 -0.00762402 780 0.061178 -0.018261 8.41661 43.1792 -13 27 0 0 1
-0.0577634 -0.0165161 780 -0.015684 0.0331376 11.5592 51.8722 -13 28 0 0 1
0.0101208 -0.0362228 780 -0.0108267 0.0305566 6.90301 61.0742 -13 29 0 0 1
-1.88103 -1.64912 780 0.0175917 -0.0193793 0.0412433 60.4191 11 29 1001 0 1
0.0624107 -0.0580508 780 -0.140216 -0.109077 13.6115 22.8864 -13 30 0 0 1
0.0486139 0.101368 780 0.00208613 0.0141459 10.3337 31.1846 -13 31 0 0 1
0.295721 -0.0344409 780 0.0417372 -0.140885 8.46519 38.3009 -13 32 0 0 1
0.523584 0.027527 780 -0.0688126 0.0153135 2.83383 107.187 -13 33 0 0 1
-0.0357304 -0.0322731 780 0.0546976 0.0730294 13.6374 42.0891 -13 34 0 0 1
-0.313847 0.475191 780 -0.0424404 0.0617771 4.95567 80.4699 -13 35 0 0 1
-0.0673649 0.204438 780 0.0862169 0.0789039 8.54627 56.6481 -13 36 0 0 1
-0.34058 0.0760026 780 -0.076496 0.0958193 10.3774 54.9653 -13 37 0 0 1
0.034292 0.0396082 780 0.00151799 -0.000493164 11.8414 47.0865 -13 38 0 0 1
0.0105013 0.0693556 780 -0.0207112 0.00503021 9.48613 39.6016 -13 39 0 0 1
0.451569 0.490684 780 0.135549 0.91905 10.8222 46.2767 -13 40 0 0 1
-0.102281 0.286288 780 0.0404478 -0.121685 8.87191 34.4972 -13 41 0 0 1
-0.286856 -0.00602102 780 -0.0656056 0.133411 9.90408 49.8253 -13 42 0 0 1
0.165885 -0.0600215 780 -0.0462038 -0.0347163 14.4137 31.3824 -13 43 0 0 1
-0.209748 -0.0175234 780 0.0427864 0.0284525 11.2526 43.682 -13 44 0 0 1
-0.0874937 -0.207458 780 -0.035984 0.117387 10.8498 50.3963 -13 45 0 0 1
-0.0700674 0.0660813 780 -0.0674368 -0.0706867 4.89127 59.3647 -13 46 0 0 1
-0.00986742 0.325292 780 0.00210338 -0.0197558 0.0260015 59.3975 11 46 1001 0 1
0.13796 -0.174655 780 -0.0596666 -0.0529947 11.4036 32.6768 -13 47 0 0 1
0.447195 0.852431 780 0.214939 -0.0223915 6.61977 51.6456 -13 48 0 0 1
0.010953 0.124488 780 0.0458555 -0.00305347 13.2648 27.5937 -13 49 0 0 1
0.272995 -0.0707224 780 0.0612354 -0.000236777 4.07019 91.0441 -13 50 0 0 1
-0.347998 -0.239605 780 -0.0202562 0.126136 8.36835 45.2737 -13 51 0 0 1
-0.0360505 -0.0885133 780 -0.10725 -0.04514 8.17354 35.4217 -13 53 0 0 1
0.106398 -0.22807 780 0.05117 0.0195651 2.1035 98.5493 -13 54 0 0 1
-0.0251686 -0.0322495 780 -0.0373611 0.0373139 10.3798 46.4042 -13 55 0 0 1
0.117519 -0.201079 780 -0.0622557 -0.0496548 14.0577 28.9291 -13 56 0 0 1
-0.0381817 2.84707 780 0.015324 -0.0661966 0.0359856 32.8735 11 56 1001 0 1
-0.00417198 -0.0210075 780 -0.001997 0.026476 9.78028 55.8872 -13 57 0 0 1
0.119024 -0.194666 780 -0.124676 0.000367171 8.20978 40.8291 -13 58 0 0 1
2.85037 1.35301 780 -0.00900788 -0.00458478 0.0586914 34.177 11 58 1001 0 1
0.135441 -0.11495 780 -0.0706928 0.155471 6.95888 56.7288 -13 59 0 0 1
-0.0411834 -0.0784622 780 -0.0769069 -0.0112768 8.21205 55.3358 -13 60 0 0 1
-3.59877 -4.92136 780 -0.0338296 -0.0101978 0.0430736 50.6159 11 60 1001 0 1
0.0358654 0.0596089 780 0.0355835 0.026623 13.9425 35.6367 -13 61 0 0 1
-0.0810067 -0.00513899 780 0.000690599 -0.0363616 9.33876 42.5865 -13 62 0 0 1
0.0515586 -0.0460721 780 -0.0156603 -0.0105286 14.0017 48.2739 -13 63 0 0 1
-0.290581 0.160906 780 0.13601 0.0630524 8.84883 44.0463 -13 64 0 0 1
-0.209112 -0.110997 780 -0.0761664 0.0529532 4.99813 59.0491 -13 65 0 0 1
0.123168 0.116755 780 -0.00783831 -0.0144845 7.36464 50.7977 -13 66 0 0 1
0.0431152 0.0831188 780 0.0385892 0.00926672 11.5118 36.792 -13 67 0 0 1
0.0842995 0.00607871 780 0.0791687 -0.109366 10.6156 45.7896 -13 68 0 0 1
0.0913089 -0.145845 780 0.0307811 -0.064881 5.29906 64.6748 -13 69 0 0 1
0.0426375 0.0835695 780 -0.00407534 0.0302717 11.1495 30.2783 -13 70 0 0 1
0.0418681 -0.100742 780 -0.0474395 0.0328278 11.6655 27.8555 -13 71 0 0 1
0.0665062 -0.0573313 780 0.0272189 -0.000276807 10.3435 28.4803 -13 72 0 0 1
-0.101879 -0.150192 780 -0.036243 0.20911 6.05023 66.8865 -13 73 0 0 1
-0.106667 -0.024289 780 -4.17405e-05 0.0416384 10.7116 40.815 -13 74 0 0 1
0.159138 0.34265 780 0.00711362 -0.0241049 7.75471 63.5124 -13 75 0 0 1
-0.0853176 -0.174993 780 -0.0263132 -0.00875784 12.4784 48.0411 -13 76 0 0 1
0.140082 0.0137477 780 -0.0202317 -0.051523 8.12378 59.9803 -13 77 0 0 1
-0.0719154 -0.171581 780 -0.0255029 0.0187283 13.5429 34.328 -13 78 0 0 1
-0.0880967 -0.177906 780 -0.0496085 -0.0251114 12.6557 47.142 -13 79 0 0 1
0.147108 0.0887606 780 0.0231451 -0.0361942 10.2787 55.0143 -13 80 0 0 1
-0.00132401 -0.0775179 780 -0.0858709 0.0553902 8.64478 55.1186 -13 81 0 0 1
-0.0352207 -0.0690036 780 0.10809 -0.011841 13.1961 44.4126 -13 82 0 0 1
0.0852582 0.121334 780 0.045204 -0.0614629 9.83831 47.198 -13 83 0 0 1
0.539146 -0.0748723 780 -0.0496575 -0.0894025 6.2635 57.2698 -13 84 0 0 1
0.054248 0.0418167 780 0.0111669 -0.0457476 13.5957 24.5338 -13 85 0 0 1
-0.0768 0.159739 780 0.140101 0.00144326 7.91497 47.9681 -13 86 0 0 1
0.292732 -0.0124729 780 0.0908859 -0.039502 8.44747 41.1709 -13 88 0 0 1
0.331086 -0.0547473 780 -0.00974573 -0.0652311 9.93807 38.9099 -13 89 0 0 1
0.0220009 0.0527355 780 -0.0736529 0.0094574 6.64798 50.1948 -13 90 0 0 1
0.0652228 -0.159669 780 -0.0867329 -0.0344415 7.11542 66.1991 -13 91 0 0 1
-0.196162 0.323217 780 0.0758363 0.0603213 6.60831 69.2723 -13 92 0 0 1
0.869453 0.33322 780 0.0285005 -0.248767 7.65541 62.0174 -13 93 0 0 1
-0.00576569 -0.186626 780 0.00975958 0.020916 5.58629 56.7874 -13 94 0 0 1
-0.0431377 -0.15358 780 -0.0470224 0.0126559 10.7485 37.7888 -13 95 0 0 1
0.0269889 -0.0280103 780 -0.0172608 0.00268356 12.8508 36.9488 -13 97 0 0 1
-1.21029 0.980827 780 0.251735 0.373863 9.42063 37.5252 -13 98 0 0 1
2.83811 0.903526 780 0.0128771 0.00662751 0.0851822 27.7654 11 98 1001 0 1
0.0334501 0.0495865 780 -0.00211698 -0.0239481 14.0067 25.3485 -13 99 0 0 1
0.151092 -0.158851 780 -0.0257515 -0.133639 12.3066 23.7813 -13 100 0 0 1
-0.703337 -0.0763701 780 -0.070199 0.0645896 4.59961 74.1329 -13 101 0 0 1
-0.194069 -0.269745 780 -0.115183 -0.0332028 9.94777 51.3699 -13 103 0 0 1
-0.00984368 -0.0954278 780 0.000875862 -0.0257101 9.59327 42.0754 -13 104 0 0 1
0.110936 0.0845346 780 0.013065 -0.0256921 8.77907 38.3917 -13 105 0 0 1
-0.134569 -0.142746 780 -0.049316 0.0145977 10.2949 55.1916 -13 106 0 0 1
-0.0705733 0.00465763 780 0.00509411 0.0218004 13.745 38.2362 -13 107 0 0 1
0.291635 0.0822972 780 0.0734925 -0.0183342 7.24774 50.6677 -13 108 0 0 1
0.126995 0.274971 780 0.0627495 -0.0394459 13.5624 21.452 -13 109 0 0 1
0.177006 0.1453 780 -0.181804 -0.155823 5.39248 53.3346 -13 110 0 0 1
0.0258769 0.0818211 780 0.014922 0.0269747 9.82202 32.2026 -13 111 0 0 1
0.0758839 0.0401906 780 0.110103 -0.0941489 7.63787 40.2478 -13 112 0 0 1
0.0260416 -0.0768699 780 -0.0315958 -0.00112249 11.9376 33.7488 -13 113 0 0 1
-0.0833972 0.201394 780 0.0663848 0.14124 8.02046 41.2797 -13 114 0 0 1
-0.607257 1.27576 780 0.339049 0.276738 13.2164 40.9022 -13 115 0 0 1
0.0763713 -0.130872 780 -0.0422141 -0.0157428 10.272 56.3906 -13 116 0 0 1
0.0303359 -0.0604377 780 0.0566841 -0.0662215 11.5423 29.3694 -13 117 0 0 1
-0.721484 0.0893642 780 0.0167766 0.226727 5.77266 52.408 -13 118 0 0 1
-0.0703842 0.0956056 780 0.0213645 0.0475461 10.9561 45.2529 -13 119 0 0 1
0.318491 -0.539882 780 -0.019705 -0.016102 7.47041 51.0488 -13 120 0 0 1
0.0282698 0.298681 780 0.105322 0.0276334 7.9154 62.9063 -13 121 0 0 1
0.12037 -0.0631885 780 -0.009485 -0.0343464 8.97095 37.4886 -13 122 0 0 1
-0.276008 -0.195711 780 -0.027742 0.0230997 4.93583 77.4084 -13 123 0 0 1
-0.126146 0.0926134 780 0.0484051 0.0438547 12.9895 36.9475 -13 124 0 0 1
-0.131557 -0.00459525 780 0.0147856 0.063685 11.4514 51.002 -13 125 0 0 1
-0.542363 -0.260948 780 0.0999148 0.188094 11.7179 49.0091 -13 126 0 0 1
0.0777731 -0.19442 780 0.024345 -0.0493037 9.59501 34.9421 -13 127 0 0 1
-0.128081 0.0792055 780 -0.00983483 0.102456 13.4985 30.5342 -13 128 0 0 1
0.0192263 0.285035 780 0.0799302 0.0357482 13.4859 33.6122 -13 129 0 0 1
0.0698635 -0.0493552 780 0.0129436 -0.0587625 10.4506 49.0492 -13 130 0 0 1
-0.0349044 -0.12636 780 0.0374711 0.0583919 9.11558 38.7393 -13 131 0 0 1
-0.507394 -0.720875 780 -0.236549 0.085294 13.238 43.7032 -13 132 0 0 1
0.0320767 -0.131094 780 -0.079819 0.0123472 14.5008 38.4153 -13 133 0 0 1
0.13529 -0.300878 780 -0.115175 -0.0137023 7.22676 57.0922 -13 134 0 0 1
-0.0186618 0.0440082 780 0.0115891 0.0277939 13.3405 25.4316 -13 135 0 0 1
-0.00677411 0.0350322 780 0.0401441 0.00506509 12.9717 33.5947 -13 136 0 0 1
-0.234141 0.337542 780 0.0519545 0.0230477 7.18426 42.616 -13 137 0 0 1
0.182352 -0.126116 780 -0.0158257 -0.0316557 4.3879 65.6098 -13 138 0 0 1
-0.0910944 0.0673168 780 0.0361305 -0.0186236 11.4743 44.1432 -13 139 0 0 1
-0.152822 0.0227709 780 0.0209052 0.0755964 14.1371 45.0591 -13 140 0 0 1
-0.00186411 0.0987202 780 0.00988483 -0.0057675 13.816 21.5619 -13 141 0 0 1
-0.0279126 0.0601096 780 0.0416044 -0.0218717 13.7447 32.2204 -13 142 0 0 1
0.0482487 -0.0907876 780 0.0379027 -0.0599826 11.0242 31.0551 -13 143 0 0 1
0.0316926 -0.00104526 780 0.0092698 -0.0237159 14.3884 40.2755 -13 144 0 0 1
0.0327087 0.221988 780 -0.00836284 -0.0332034 9.84564 53.6844 -13 145 0 0 1
0.227403 0.0882671 780 0.0100542 -0.0026162 9.21181 40.9338 -13 146 0 0 1
-0.109136 -0.0183487 780 -0.0102223 0.0289387 11.2253 40.2652 -13 147 0 0 1
-0.101869 0.0993824 780 0.016225 0.0374089 7.33299 50.9783 -13 148 0 0 1
-0.00724522 -0.046925 780 0.0485777 0.026483 6.97099 48.2261 -13 149 0 0 1
-0.0509142 0.0241883 780 0.0192783 0.00540627 13.8422 40.9682 -13 150 0 0 1
-0.320243 -0.107324 780 0.0257986 0.0338195 8.05187 37.9445 -13 151 0 0 1
0.0101754 0.0260755 780 0.0192159 -0.00120163 14.1286 44.2429 -13 152 0 0 1
0.176797 -0.175877 780 -0.0666482 -0.052706 13.6707 44.3116 -13 153 0 0 1
-0.0115186 -0.194209 780 0.00667414 -0.0356606 9.43894 46.7934 -13 154 0 0 1
0.0218484 -0.270488 780 -0.0833337 -0.0338623 9.92875 53.3752 -13 155 0 0 1
0.024535 -0.0539638 780 0.0186445 0.0128085 11.9755 40.2233 -13 156 0 0 1
-0.154696 -0.0241567 780 -0.0394815 0.0305867 13.2381 30.5359 -13 157 0 0 1
0.712691 -0.071778 780 -0.0248158 -0.198683 8.37792 43.3723 -13 158 0 0 1
-3.66823 -4.89496 780 0.00937501 -0.0187127 0.0472182 43.3442 11 158 1001 0 1
0.0497073 -0.0325095 780 -0.0012252 -0.0072327 14.3316 42.6594 -13 159 0 0 1
-0.128282 0.120548 780 0.0285725 -0.0183799 7.45884 45.8442 -13 160 0 0 1
0.149131 -0.0673357 780 -0.0701037 -0.0913752 14.102 27.0047 -13 161 0 0 1
-0.0411442 0.102004 780 0.0455153 0.0441288 9.71389 44.0271 -13 162 0 0 1
0.0970498 -0.12928 780 0.0155926 0.02719 9.72441 31.744 -13 163 0 0 1
-0.00357104 0.0136294 780 -0.0381833 -0.0239854 14.218 40.0409 -13 164 0 0 1
-0.203736 -0.117867 780 -0.142852 -0.0202185 12.3319 47.4909 -13 165 0 0 1
0.096426 0.100221 780 0.0886961 -0.0449961 11.004 54.1536 -13 166 0 0 1
-0.126481 0.340407 780 0.0942243 -0.0432443 9.81153 33.3657 -13 167 0 0 1
0.194182 -0.0210321 780 -0.00873115 -0.032829 11.4151 25.5736 -13 168 0 0 1
-0.0750326 0.0042845 780 0.00382281 0.0588327 13.0598 47.991 -13 169 0 0 1
-0.169687 0.0810111 780 0.0814892 0.0445631 8.90719 50.2409 -13 170 0 0 1
0.0221995 0.116557 780 0.0101191 0.00873706 14.5054 41.5322 -13 171 0 0 1
0.0385193 -0.352336 780 -0.0677078 -0.0828216 11.8413 38.3943 -13 172 0 0 1
-0.0248111 0.00463736 780 -0.0321288 -0.0176353 13.0408 22.8039 -13 173 0 0 1
0.086167 -0.152838 780 -0.0192954 -0.0257801 9.72722 52.3739 -13 174 0 0 1
-0.218308 -0.0889424 780 -0.015994 0.0548965 10.6618 28.8851 -13 175 0 0 1
0.356503 0.0793287 780 0.164857 -0.0952816 10.7659 40.3671 -13 176 0 0 1
0.0447506 -0.975998 780 0.0106955 0.021218 3.00083 87.4031 -13 177 0 0 1
-0.618781 0.383432 780 0.0280925 0.152751 5.50321 60.9797 -13 178 0 0 1
0.0541957 0.504636 780 0.22431 0.209425 5.37185 66.2586 -13 179 0 0 1
5.03556 2.78342 780 0.00775799 -0.0342269 0.0160624 65.787 11 179 1001 0 1
-1.08348 0.504568 780 0.0375947 0.41372 7.08125 62.4948 -13 180 0 0 1
-0.243503 -0.0754522 780 0.0487705 0.0678151 8.75511 58.3262 -13 181 0 0 1
0.105461 -0.090569 780 -0.0499429 -0.0469361 9.24535 47.7154 -13 182 0 0 1
-0.0534246 0.0038989 780 0.0181162 0.0640165 14.0232 25.5717 -13 183 0 0 1
-0.162029 -0.104687 780 0.0333554 0.099799 12.2583 27.6906 -13 184 0 0 1
-0.0775571 -0.0650065 780 0.134063 0.0590723 11.5002 40.313 -13 185 0 0 1
-0.0690594 -0.143117 780 -0.0601878 0.00738129 11.8682 52.8551 -13 186 0 0 1
0.194963 -0.132672 780 -0.0986071 -0.0105109 4.59818 61.8261 -13 187 0 0 1
0.105731 0.0147726 780 -0.0551715 -0.0510282 8.54414 49.1363 -13 188 0 0 1
2.38793 0.298456 780 0.0103161 -0.0114953 0.0565605 48.9258 11 188 1001 0 1
-0.00961931 0.0570538 780 0.0967551 -0.0586826 5.71864 48.613 -13 189 0 0 1
-2.20849 -4.16645 780 0.00816358 -0.00834124 0.0430177 45.2321 11 189 1001 0 1
0.0650165 -0.0575822 780 -0.0145127 -0.0389569 8.38441 38.8757 -13 190 0 0 1
-0.0634771 0.356524 780 0.0449092 -0.293788 12.2225 29.043 -13 191 0 0 1
-0.0766956 0.161165 780 0.0341182 0.0664068 12.0711 29.0576 -13 192 0 0 1
0.162344 0.18599 780 0.0196836 -0.0308791 10.3145 34.1705 -13 194 0 0 1
-0.136709 -0.0212849 780 -0.0444616 0.0992603 10.8476 47.7843 -13 195 0 0 1
0.103425 0.154234 780 0.016577 -0.0714897 11.6793 53.4393 -13 196 0 0 1
-0.065172 -0.032646 780 -0.0559768 -0.0187613 12.2973 27.4199 -13 198 0 0 1
0.0250926 -0.0277857 780 -0.00261975 -0.0208585 12.9202 36.1524 -13 199 0 0 1
0.00842549 -0.038635 780 0.0175764 -0.0142249 11.5938 45.9858 -13 201 0 0 1
-0.115209 -0.170693 780 -0.0584066 0.119551 12.004 44.3384 -13 202 0 0 1
-0.182774 -0.0345879 780 -0.0394058 0.0177377 14.4539 40.3124 -13 203 0 0 1
0.0256282 0.536942 780 0.119709 0.0254921 5.3533 59.5004 -13 204 0 0 1
-0.093345 -0.0169761 780 -0.0477451 0.0210065 7.13179 49.9776 -13 205 0 0 1
-0.166769 -0.1237 780 -0.0796619 -0.0254828 9.18677 58.2508 -13 207 0 0 1
-1.60594 -1.53037 780 -0.0149251 -0.0350471 0.0369734 58.5244 11 207 1002 0 1
0.0239347 0.002733 780 0.00871916 -0.0270094 13.7093 33.5151 -13 209 0 0 1
0.0315078 -0.968805 780 0.640622 -0.159041 2.42191 112.687 -13 210 0 0 1
0.0138793 0.0438994 780 -0.100802 -0.102026 6.45285 57.4759 -13 211 0 0 1
0.0252843 -1.4198 780 -0.0290171 -0.0154646 0.0220711 59.4831 11 211 1001 0 1
0.193134 -0.73864 780 -0.226303 -0.144863 13.9346 21.6302 -13 212 0 0 1
0.131104 0.0539841 780 0.0772952 0.00358472 8.94158 60.1152 -13 213 0 0 1
0.0394806 -0.0143382 780 0.0284227 0.00607926 9.78043 46.7967 -13 214 0 0 1
0.348981 0.0343012 780 0.0305443 -0.0407242 3.82257 81.2932 -13 215 0 0 1
-0.121965 -0.0554091 780 -0.00260315 0.086481 9.88214 40.5237 -13 216 0 0 1
-0.513566 0.0828108 780 -0.00456592 0.151777 9.43203 42.633 -13 217 0 0 1
0.190269 -0.0173163 780 0.0396174 -0.0601581 5.03572 68.4373 -13 218 0 0 1
0.0341327 -0.185843 780 -0.0203758 -0.00971279 9.72971 39.0014 -13 219 0 0 1
-0.0474824 -0.0175722 780 -0.00667509 0.0472772 13.3192 32.9472 -13 220 0 0 1
-0.179364 -0.0658622 780 0.21664 0.125676 3.20649 86.0654 -13 221 0 0 1
-0.178203 0.106061 780 0.074587 0.0380261 8.90858 38.307 -13 222 0 0 1
-0.171158 -0.190493 780 -0.0152418 0.0203727 8.61642 35.6964 -13 223 0 0 1
0.4165 0.233714 780 0.0793151 -0.0167869 5.9894 74.327 -13 224 0 0 1
-0.0799797 -0.0820834 780 -0.0263042 0.0198026 12.3367 43.6728 -13 225 0 0 1
0.180957 0.0263366 780 0.01328 -0.0834023 10.0695 46.7585 -13 226 0 0 1
0.15116 0.0989569 780 0.0129822 -0.0839899 12.6084 42.0249 -13 227 0 0 1
0.286443 0.283827 780 0.0447599 -0.0891166 13.4966 34.1825 -13 228 0 0 1
-0.0229429 0.0369793 780 -0.0233523 0.031737 13.4305 31.7702 -13 229 0 0 1
-0.217393 -0.0279323 780 -0.115073 -0.0356417 11.9428 24.956 -13 230 0 0 1
0.222362 0.0660318 780 0.00851284 -0.0824218 8.98144 57.2071 -13 231 0 0 1
-0.125866 0.0681725 780 0.0775608 -0.0107805 6.23975 63.1326 -13 232 0 0 1
-0.427826 0.00549735 780 0.0308104 0.110739 10.952 53.5012 -13 233 0 0 1
-0.0164767 0.048658 780 0.00395304 0.0318237 12.4809 25.5247 -13 234 0 0 1
0.155902 0.317406 780 0.0455736 0.021368 6.27118 67.3404 -13 235 0 0 1
-0.292662 0.0151724 780 0.0502095 0.155444 4.29648 81.284 -13 236 0 0 1
0.107266 0.0362252 780 0.0677857 0.0192504 8.33703 48.3975 -13 237 0 0 1
0.166414 -0.0708389 780 0.018256 -0.079769 9.4029 34.5703 -13 238 0 0 1
-0.158158 -0.0193164 780 -0.0312074 0.0630095 12.7605 33.734 -13 239 0 0 1
-0.0358716 0.0780267 780 0.026156 -0.00140494 12.7455 27.4406 -13 240 0 0 1
-0.155283 0.17463 780 0.0604288 0.0421878 12.7855 24.19 -13 241 0 0 1
0.730451 -0.401569 780 -0.0590359 -0.279359 10.9102 41.9992 -13 242 0 0 1
-0.185128 -0.00910743 780 0.0126645 0.0728174 13.7896 48.2883 -13 243 0 0 1
0.00383713 0.233066 780 -0.0102559 0.033916 8.62946 55.7239 -13 244 0 0 1
0.138338 -0.130008 780 -0.217241 0.0643361 12.9028 34.1681 -13 245 0 0 1
0.17952 0.0994427 780 0.0241279 -0.0571134 8.05794 43.4077 -13 246 0 0 1
-0.0531535 0.0325561 780 -0.0031392 -0.00735282 11.6249 34.5961 -13 247 0 0 1
0.0997803 -0.109009 780 -0.0251822 -0.0820588 11.8166 51.2032 -13 248 0 0 1
0.0112873 0.00248731 780 -9.07129e-05 0.0126641 12.3282 33.5451 -13 249 0 0 1
-0.0785708 -0.222923 780 -0.0734252 0.102601 10.272 46.5301 -13 250 0 0 1
0.666905 0.720574 780 -0.0433487 0.0153786 0.0608168 45.521 11 250 1001 0 1
-2.98444 5.46983 780 0.0309933 0.0154377 -0.0267469 84.8518 11 250 1001 0 1
0.0892945 -0.171403 780 0.0108328 -0.0826803 8.27667 59.7088 -13 251 0 0 1
0.0179271 0.0402006 780 0.00511682 0.032049 12.9678 29.2831 -13 252 0 0 1
-0.0579593 -0.342855 780 -0.0539522 0.129395 11.8958 44.7906 -13 253 0 0 1
0.213318 -0.272785 780 -0.0465754 0.0221763 8.29887 38.0911 -13 254 0 0 1
-0.0858031 0.0254502 780 0.00414261 0.000343667 12.0473 30.9364 -13 255 0 0 1
-0.164504 0.0413271 780 -0.0189758 0.092721 12.1939 23.7194 -13 256 0 0 1
1.275 -2.74001 780 -0.0519087 -0.0169029 0.033281 24.6025 11 256 1001 0 1
0.0924057 0.113701 780 0.0151652 0.0242368 11.2751 36.0234 -13 257 0 0 1
-0.10642 0.13203 780 0.00657582 0.0721364 11.7195 40.6817 -13 258 0 0 1
0.0178269 0.0905006 780 0.0267214 0.0408804 14.448 24.9408 -13 259 0 0 1
-0.126397 0.0402387 780 -0.00178888 0.0148259 14.213 43.5833 -13 260 0 0 1
0.0203828 0.0878897 780 0.0591763 0.0647094 13.8368 35.4161 -13 261 0 0 1
-0.223891 0.130162 780 0.0941194 0.0868214 12.9456 40.9847 -13 262 0 0 1
-0.0337326 -0.00180111 780 0.0407185 0.0136885 10.5186 34.1804 -13 263 0 0 1
0.784127 0.442883 780 -0.262537 -0.283246 3.00208 102.182 -13 264 0 0 1
-0.0446967 -0.00223777 780 0.0117451 0.00154177 12.8019 45.6712 -13 265 0 0 1
0.0544045 0.170153 780 -0.020092 0.0527793 11.3127 49.2911 -13 266 0 0 1
0.0636546 -0.0147945 780 -0.0193511 -0.014475 14.052 42.5595 -13 267 0 0 1
-0.0543985 -0.24189 780 -0.0380768 -0.0392015 12.2492 28.5312 -13 268 0 0 1
0.0396303 0.127436 780 -0.0681007 -0.00354869 11.897 35.4583 -13 269 0 0 1
0.168257 -0.474898 780 0.061746 0.0937036 2.76564 112.165 -13 270 0 0 1
-0.277765 -0.0733129 780 0.0167605 0.12192 7.22321 65.6162 -13 271 0 0 1
-0.0592528 -0.0107726 780 -0.0201045 0.0344812 14.4531 29.4547 -13 272 0 0 1
0.0131651 -0.0635122 780 -0.00712597 0.0555872 8.01354 44.8697 -13 273 0 0 1
0.0376626 0.122992 780 0.109762 0.0312767 12.603 49.326 -13 274 0 0 1
-0.0724416 0.139886 780 0.0408949 0.0481345 8.69045 51.4989 -13 275 0 0 1
0.119598 -0.19861 780 -0.0481437 -0.0145638 11.52 30.0868 -13 276 0 0 1
0.0949422 0.070086 780 0.0128132 -0.0665272 9.56195 54.1443 -13 277 0 0 1
0.519874 -1.04717 780 -0.0187518 0.0216473 0.0537719 54.1058 11 277 1001 0 1
0.0405331 -0.0557478 780 -0.0144595 -0.0219021 13.7484 33.2434 -13 278 0 0 1
-0.0280603 0.0646104 780 0.0543931 0.0328187 13.3282 41.7362 -13 279 0 0 1
-0.0367552 -0.271312 780 -0.231206 0.0788512 6.20537 50.3998 -13 280 0 0 1
-0.408516 -2.14574 780 0.0249158 -0.0246552 0.0306972 50.2968 11 280 1001 0 1
-0.100531 -0.223202 780 -0.0440857 0.0483268 8.11922 54.1971 -13 281 0 0 1
0.11061 -0.0745049 780 -0.00722884 -0.0254254 9.49632 52.6872 -13 282 0 0 1
0.0464274 0.0125829 780 0.00152509 -0.0121673 10.6777 33.4328 -13 283 0 0 1
0.160677 -0.187324 780 -0.0459642 -0.078733 7.14911 52.174 -13 284 0 0 1
-0.623612 0.0545583 780 -0.00398472 0.172321 2.47262 117.412 -13 285 0 0 1
0.174027 0.084062 780 0.0163853 0.0651301 6.70352 67.0496 -13 286 0 0 1
0.0129119 0.349498 780 0.084819 -0.00772843 10.8475 53.9656 -13 287 0 0 1
-0.0896082 0.0507981 780 0.0466875 0.0377543 11.9466 48.9817 -13 288 0 0 1
0.198016 0.0554217 780 0.0569124 -0.0628583 9.37103 47.1599 -13 289 0 0 1
2.75307 -2.33926 780 0.042731 -0.00703029 0.0645646 45.8448 11 289 1001 0 1
0.119892 -0.202089 780 -0.0583836 -0.0716194 9.03145 39.4856 -13 290 0 0 1
0.39211 -0.0778502 780 -0.000501587 -0.0432951 6.83985 58.9801 -13 291 0 0 1
0.0978869 -0.049096 780 -0.0431689 -0.0228852 13.2629 24.5064 -13 292 0 0 1
-0.0646396 -0.0674725 780 -0.0166452 0.0612028 7.35698 66.707 -13 293 0 0 1
-0.000808178 0.10076 780 0.0424196 0.0242224 13.8158 49.9594 -13 294 0 0 1
-0.19113 -0.316768 780 -0.154378 0.0507259 7.17617 61.444 -13 295 0 0 1
0.341728 0.0429264 780 0.0407774 0.0033565 5.95444 61.1913 -13 296 0 0 1
-0.131019 -0.247397 780 -0.116793 -0.0411211 11.9707 28.2569 -13 297 0 0 1
0.0542356 0.0806275 780 0.00360516 -0.0284708 12.1592 35.8509 -13 299 0 0 1
0.550482 -0.560948 780 -0.234092 -0.0464307 2.71938 112.022 -13 300 0 0 1
0.101137 -0.188669 780 0.0202486 -0.0234023 8.1831 60.4089 -13 301 0 0 1
-0.370344 0.212031 780 0.101202 0.153939 7.48129 52.9285 -13 302 0 0 1
-0.110826 -0.0591427 780 -0.0387416 0.0811802 11.6515 37.1362 -13 303 0 0 1
0.0420613 -0.0993953 780 0.0520671 0.0650651 7.62275 53.4147 -13 304 0 0 1
5.75755 -3.84607 780 -0.00906078 -0.0241608 0.0334106 52.18 11 304 1001 0 1
0.01421 -0.0234357 780 -0.00306813 -0.0167761 11.0766 35.4932 -13 305 0 0 1
-0.0892763 0.127562 780 0.0518889 0.04793 9.68326 44.2743 -13 306 0 0 1
0.827308 -0.630661 780 -0.0850407 -0.308946 4.16366 73.9342 -13 307 0 0 1
0.122732 -0.0843173 780 -0.0477366 -0.0427717 12.3642 29.2947 -13 308 0 0 1
-0.0734518 -0.168237 780 -0.122288 -0.0972235 9.52747 49.4522 -13 309 0 0 1
0.0173845 0.119321 780 0.0953428 0.0696527 5.58978 58.2303 -13 310 0 0 1
-0.0237358 0.0446155 780 0.0512854 -0.0153328 13.9709 37.3845 -13 311 0 0 1
0.0376593 0.0315853 780 0.0014745 0.000961905 12.1471 30.1862 -13 312 0 0 1
-0.0014104 0.174825 780 0.0291942 -0.0254681 13.0404 23.5087 -13 313 0 0 1
-0.10952 0.0105083 780 0.0198686 0.0479476 13.7699 22.1175 -13 314 0 0 1
3.52526 3.08255 780 -0.00623546 0.03248 0.0299734 26.2617 11 314 1002 0 1
-0.0195251 -0.0620661 780 -0.0351725 -0.0135417 11.601 28.0662 -13 315 0 0 1
-0.123758 0.242535 780 0.0360037 -0.0208265 9.06624 37.3294 -13 316 0 0 1
-0.366088 0.683939 780 0.062599 -0.0936945 0.922535 129.582 -13 317 0 0 1
-0.0508612 -0.197949 780 -0.0749092 -0.0874277 6.0557 51.1578 -13 318 0 0 1
0.0205445 -0.0561241 780 0.0344287 -0.0319175 13.8044 26.2727 -13 320 0 0 1
0.02589 0.0294776 780 0.0459497 0.021889 9.97834 33.6759 -13 321 0 0 1
0.0444776 0.0407781 780 -0.0151387 0.0203582 12.7399 27.9062 -13 322 0 0 1
-0.0465225 -0.322818 780 -0.0501681 0.0208633 6.02311 52.9194 -13 323 0 0 1
0.081588 -0.187 780 0.0305828 -0.0150935 11.4313 51.4089 -13 325 0 0 1
-0.0427665 -0.0161261 780 0.000638694 0.0188768 10.6931 46.6158 -13 326 0 0 1
-0.0156386 -0.0106361 780 0.0303787 -0.0203077 12.4432 35.7435 -13 327 0 0 1
0.109925 -0.614599 780 -0.233047 0.0451927 3.91034 86.4037 -13 328 0 0 1
-0.0659643 -0.0333874 780 0.0730748 0.00608039 11.9724 45.7605 -13 329 0 0 1
-0.0091792 0.0530851 780 -0.0911734 -0.129104 8.89529 39.4633 -13 330 0 0 1
-0.0339389 -0.0498044 780 0.0123755 0.108291 5.45834 50.7225 -13 331 0 0 1
0.316816 0.816346 780 -0.0351924 0.0511425 4.70932 62.5208 -13 332 0 0 1
-0.0886583 -0.0352399 780 -0.0513789 0.00678805 9.79692 39.752 -13 333 0 0 1
0.559277 0.46699 780 0.0104456 0.0225083 0.0423694 42.1794 11 333 1001 0 1
0.0396118 -0.138076 780 -0.0766702 -0.0340984 12.8507 24.6059 -13 334 0 0 1
0.0280305 0.161005 780 -0.00370558 0.0773928 14.2444 41.0388 -13 335 0 0 1
0.0635998 -0.236001 780 0.0199553 -0.0333078 5.62603 62.403 -13 336 0 0 1
0.0249445 0.0109758 780 -0.000342395 -0.020686 13.7311 39.0035 -13 337 0 0 1
0.284225 0.211918 780 0.000453445 -0.11671 9.63423 53.5978 -13 338 0 0 1
0.285117 0.306451 780 0.153133 -0.131731 9.30775 58.751 -13 339 0 0 1
-0.00223819 -0.0703585 780 -0.0132656 0.00101006 12.451 50.2292 -13 341 0 0 1
0.0397104 0.0679831 780 0.0535925 0.0240767 13.238 27.7344 -13 344 0 0 1
0.238473 -0.508797 780 -0.0252864 -0.191727 9.63082 29.7275 -13 345 0 0 1
-5.57413 -3.77956 780 -0.0199433 -0.00033765 0.0449536 34.2991 11 345 1002 0 1
0.115138 -0.107903 780 -0.0271779 -0.0427926 13.4513 36.1703 -13 346 0 0 1
-0.144827 -0.0529299 780 -0.0152366 0.0413246 12.0968 37.9374 -13 347 0 0 1
-0.14405 -0.110766 780 -0.0579554 0.0544859 13.7788 46.9188 -13 348 0 0 1
-0.185572 -0.411344 780 -0.157252 0.142013 7.06228 53.4053 -13 349 0 0 1
-0.298851 -0.0143078 780 0.0271879 0.0758074 7.70804 59.1963 -13 350 0 0 1
3.94909 -0.92079 780 -0.710812 -0.761877 4.12438 70.9822 -13 351 0 0 1
-0.352226 0.157083 780 0.121546 -0.00645333 3.91158 77.1586 -13 352 0 0 1
0.175413 0.302804 780 0.144455 -0.0627319 10.8354 53.1918 -13 354 0 0 1
-1.24623 -0.805006 780 -0.0416966 -0.0372015 2.58941 105.389 -13 355 0 0 1
0.119323 -0.35754 780 -0.0890282 -0.0390631 9.75179 56.5426 -13 356 0 0 1
0.00580019 0.263376 780 0.0227987 -0.0504336 10.6173 53.7152 -13 357 0 0 1
3.05859 0.188821 780 0.0227201 -0.0261047 0.0486742 57.7455 11 357 1002 0 1
0.151761 0.200869 780 0.0843279 -0.0414501 10.8749 43.2797 -13 358 0 0 1
-0.0085566 -0.0570418 780 -0.0157087 0.0201682 11.78 30.1224 -13 359 0 0 1
-0.0110206 -0.0482685 780 -0.0311443 0.00668497 13.5013 42.5187 -13 360 0 0 1
-0.256814 -0.168202 780 0.00538894 0.110858 3.46 77.9956 -13 361 0 0 1
-0.0840379 -0.0584353 780 -0.0386862 0.0503405 8.73645 32.8997 -13 362 0 0 1
-0.117594 -0.162499 780 -0.00230106 0.0834491 12.1588 51.594 -13 363 0 0 1
0.049173 -0.00655734 780 0.0129873 -0.0225355 14.4458 24.4144 -13 364 0 0 1
0.0622638 0.088142 780 0.01386 0.039689 11.8405 28.5739 -13 365 0 0 1
0.0234359 -0.0905603 780 -0.0348861 -0.0556246 7.86551 36.3334 -13 366 0 0 1
-0.135778 -0.056982 780 -0.0831565 0.00879629 11.7066 48.668 -13 367 0 0 1
-0.150601 -0.123165 780 0.0418153 0.0973672 5.92865 65.3805 -13 368 0 0 1
-0.130732 -0.0167508 780 0.00524831 0.0139992 6.37419 46.8576 -13 370 0 0 1
0.866966 -0.886505 780 -0.00543171 0.0259682 0.0447368 46.2988 11 370 1002 0 1
-0.222555 0.458911 780 0.188073 0.0735298 14.517 37.2725 -13 371 0 0 1
0.090872 -0.0428899 780 0.0433817 -0.0773718 14.1962 29.1148 -13 373 0 0 1
-0.695447 0.115301 780 -0.051228 0.222262 4.86419 61.3793 -13 374 0 0 1
0.0343012 0.0181325 780 -0.00297447 -0.00394569 13.3652 43.1241 -13 375 0 0 1
0.80121 0.789415 780 0.339983 0.0752655 6.57691 54.8482 -13 376 0 0 1
-0.0664646 -0.0614381 780 -0.00581552 -0.0020174 10.5029 36.8224 -13 377 0 0 1
0.00588252 -0.324454 780 -0.0586696 -0.0999845 7.37621 40.6711 -13 379 0 0 1
-0.157357 -0.0721369 780 -0.119205 0.0416158 10.7034 31.5466 -13 380 0 0 1
-0.107811 0.114612 780 0.0058523 0.0328207 7.77525 48.347 -13 381 0 0 1
0.0059834 0.0563308 780 0.0580511 0.0321274 13.3949 33.6926 -13 382 0 0 1
0.228248 0.013524 780 0.04413 -0.123665 14.0982 34.6099 -13 384 0 0 1
-0.055619 -0.0647946 780 -0.031277 -0.00207448 14.4571 28.8397 -13 386 0 0 1
-0.0496436 -0.0206568 780 0.0396884 0.00256664 14.4267 37.5222 -13 387 0 0 1
0.0514467 0.201696 780 0.055728 0.0499889 9.33325 53.6397 -13 388 0 0 1
0.199798 0.0335939 780 -0.0502621 -0.0781019 13.4362 39.671 -13 389 0 0 1
-4.33574 2.46353 780 0.00366978 0.0362254 0.0544932 42.8549 11 389 1001 0 1
-0.26472 -0.124965 780 -0.125008 0.0495862 10.3073 36.5049 -13 390 0 0 1
0.0782666 -0.190761 780 -0.0569143 -0.0579658 8.66104 60.4494 -13 391 0 0 1
-0.504446 -0.472078 780 -0.0741341 0.167873 8.11094 61.6509 -13 392 0 0 1
-0.637828 -0.013886 780 0.0196221 0.133998 3.65518 72.6457 -13 393 0 0 1
0.113299 2.27468 780 0.458987 -0.170464 3.50587 80.4859 -13 394 0 0 1
0.0132576 -0.256461 780 0.0782773 0.0835012 14.0839 29.0813 -13 395 0 0 1
0.0564401 -0.0460181 780 -0.00346534 -0.0158119 7.02921 55.4954 -13 396 0 0 1
0.106882 -0.123813 780 0.00745041 0.000185094 14.4953 27.0432 -13 397 0 0 1
-0.0730648 0.200359 780 0.0418982 0.0611809 13.2993 28.6793 -13 398 0 0 1
0.124509 -0.0585711 780 -0.0249692 -0.0477575 12.6131 25.866 -13 399 0 0 1
0.0417808 0.00613633 780 -0.000582327 -0.075173 11.6353 35.678 -13 400 0 0 1
-0.0781932 0.0766283 780 -0.0257229 0.0044979 11.1703 38.4993 -13 401 0 0 1
0.309403 0.353099 780 0.0636519 -0.0486719 7.28937 39.7355 -13 402 0 0 1
0.310143 0.166186 780 0.0320057 -0.126649 5.6692 68.4143 -13 403 0 0 1
0.145702 0.0391934 780 -0.0101476 -0.0534651 14.3902 28.2026 -13 404 0 0 1
-0.249452 -0.466714 780 -0.174966 0.142383 12.7725 39.2994 -13 405 0 0 1
3.06491 -1.38052 780 0.0164901 0.052198 0.0749699 38.0644 11 405 1001 0 1
0.181153 -0.150844 780 0.0133872 -0.10549 7.07564 54.3208 -13 406 0 0 1
0.487514 0.188444 780 -0.0456734 -0.0418362 4.62731 81.8725 -13 407 0 0 1
-0.0741565 0.13185 780 0.00425696 -0.0492763 10.854 47.4165 -13 408 0 0 1
0.15461 -0.344772 780 -0.0966045 -0.0429683 12.1968 26.7236 -13 409 0 0 1
-0.00429305 -0.442428 780 -0.081913 0.0173008 7.15804 48.9462 -13 410 0 0 1
0.139415 -0.191271 780 0.0775267 -0.00314845 6.79564 45.8712 -13 411 0 0 1
0.0532392 0.256212 780 0.0404448 -0.0580979 7.20371 43.0704 -13 412 0 0 1
-0.0951344 0.0399353 780 -0.0699276 0.250646 5.54138 49.8599 -13 413 0 0 1
-0.156244 -0.0128892 780 0.0372003 0.0175479 9.81271 35.2077 -13 414 0 0 1
0.129026 0.0692208 780 0.0328071 -0.0840958 8.23321 40.9576 -13 415 0 0 1
-0.243521 0.0227407 780 0.0200837 0.00812713 12.6161 36.2774 -13 416 0 0 1
0.261898 0.283069 780 0.0800446 -0.178093 6.41939 48.772 -13 417 0 0 1
0.0304911 -0.224346 780 -0.0864637 -0.0440022 9.94576 54.5588 -13 418 0 0 1
0.911818 -1.74209 780 -0.0288963 0.0245839 0.0488829 51.6556 11 418 1001 0 1
0.112946 -0.0373119 780 -0.0863027 0.0853848 7.65658 50.2356 -13 419 0 0 1
-0.167262 -0.0652217 780 0.0303854 0.105862 12.4717 32.6362 -13 420 0 0 1
-0.191386 0.0846602 780 0.00712634 0.0499397 13.1992 26.2879 -13 421 0 0 1
-0.142489 0.488409 780 0.209568 0.0767134 7.01347 43.4471 -13 422 0 0 1
0.103417 -0.499469 780 -0.109833 0.0255719 9.31333 40.0396 -13 424 0 0 1
-0.0319712 0.000267809 780 -0.0347994 -0.177797 4.95029 83.12 -13 425 0 0 1
-0.07907 0.085275 780 0.0167597 0.0140514 0.0299714 83.0969 11 425 1002 0 1
-0.230717 0.122403 780 0.079438 0.0660346 4.89682 79.1212 -13 426 0 0 1
0.051621 0.0891844 780 0.0527894 0.00370544 10.8013 51.8085 -13 427 0 0 1
-0.591562 -0.226301 780 -0.133584 0.137513 6.9379 47.965 -13 428 0 0 1
-4.16321 2.04102 780 -0.0238214 0.00762252 0.0293594 48.1915 11 428 1001 0 1
-0.136451 0.555693 780 0.129053 -0.0768589 7.73896 48.9119 -13 429 0 0 1
2.2143 1.25968 780 0.0186386 -0.0185657 0.0309804 50.5146 11 429 1001 0 1
-0.0460036 -0.00477704 780 0.0206731 0.0059663 9.92155 38.6151 -13 430 0 0 1
-0.10933 -0.0980361 780 -0.100235 0.0274045 10.828 35.9361 -13 431 0 0 1
0.000511207 -0.113505 780 -0.0380693 0.03065 9.94017 46.3682 -13 432 0 0 1
-0.00421101 0.0220129 780 0.0226436 0.00650511 11.0232 50.7327 -13 433 0 0 1
0.0379792 0.0159867 780 -0.00356901 -0.0298591 13.6959 32.0234 -13 434 0 0 1
-0.175212 -0.20473 780 -0.0988432 -0.0018912 11.374 39.7081 -13 435 0 0 1
-0.210267 -0.276157 780 -0.0548552 0.0434278 11.208 31.857 -13 436 0 0 1
0.0589796 -0.00598577 780 0.000441624 -0.0164618 10.6929 37.6043 -13 437 0 0 1
0.0427303 -0.0532902 780 0.0319612 -0.0108148 11.1122 41.7219 -13 438 0 0 1
0.0243016 -0.105142 780 -0.027022 -0.0815802 11.9407 52.1645 -13 439 0 0 1
0.663232 0.461811 780 0.12148 -0.205422 8.83996 52.6164 -13 440 0 0 1
-0.0290427 0.148225 780 0.0194692 -0.0748951 11.3843 38.8785 -13 441 0 0 1
0.000837293 -0.675891 780 -0.177914 -0.0543026 3.64539 71.2204 -13 442 0 0 1
-0.0755967 0.0587475 780 0.109959 -0.0158665 7.54422 62.4434 -13 443 0 0 1
0.148591 -0.0921128 780 -0.0715917 0.0139491 11.3736 35.554 -13 444 0 0 1
0.114751 0.13885 780 0.145062 -0.00679872 7.93591 60.7533 -13 445 0 0 1
1.65895 -5.62087 780 0.0308907 -0.00293552 0.0231901 63.1943 11 445 1001 0 1
-0.128178 0.0166584 780 0.00335432 0.0503109 13.3905 47.8785 -13 446 0 0 1
0.0599506 -0.0819314 780 0.00233902 0.0259194 11.5747 36.4442 -13 447 0 0 1
0.307656 -0.171632 780 -0.0325711 -0.102293 9.79211 32.2423 -13 448 0 0 1
0.227592 0.118109 780 0.0470954 -0.0597769 8.13465 38.9308 -13 449 0 0 1
0.0937659 -0.143116 780 -0.00218296 0.00794249 12.3373 52.132 -13 450 0 0 1
-0.0884223 0.22008 780 0.00709269 0.0203008 7.8237 56.1268 -13 451 0 0 1
-0.0649584 0.165864 780 0.0782181 0.0827319 11.8523 50.2867 -13 452 0 0 1
0.001324 0.00220737 780 0.0286426 -0.00489033 12.9709 49.6573 -13 453 0 0 1
0.0293642 -0.0152415 780 0.0518935 -0.0160247 9.51306 38.6814 -13 454 0 0 1
-5.38282 -4.17079 780 -0.0264645 -0.0131045 0.0202708 42.0347 11 454 1001 0 1
0.199641 -0.0822861 780 -0.034811 -0.0527785 13.9924 24.1399 -13 456 0 0 1
-0.189195 0.018058 780 0.0663564 0.0640382 9.43404 31.3632 -13 457 0 0 1
-0.326819 0.0148134 780 -0.0358192 0.0697087 11.5774 51.0404 -13 458 0 0 1
0.198672 -0.0474885 780 0.0694231 -0.021033 7.96087 43.7709 -13 459 0 0 1
0.0939484 -0.0598448 780 -0.0255824 -0.00328977 10.5664 29.734 -13 460 0 0 1
-0.010259 0.0469346 780 -0.0113215 -0.017158 13.4447 47.0518 -13 461 0 0 1
-0.0496707 0.00448228 780 0.00646899 0.0770009 13.6633 46.9081 -13 462 0 0 1
0.0693807 -0.134254 780 -0.0361279 0.00034463 7.66034 48.5775 -13 463 0 0 1
0.230562 0.764115 780 0.327007 -0.0976532 3.54598 98.8533 -13 464 0 0 1
0.0948233 -0.28529 780 -0.127854 -0.0792738 9.87633 34.0454 -13 465 0 0 1
-0.191488 0.146044 780 -0.0409814 0.0272679 7.35609 39.525 -13 466 0 0 1
-0.145243 -0.00886718 780 0.0680976 0.0438937 14.0391 23.4798 -13 467 0 0 1
-5.26797 -4.15164 780 0.0108044 -0.0549332 0.02084 32.9504 11 467 1001 0 1
0.109972 0.157839 780 0.061022 -0.0235637 8.79265 42.3188 -13 468 0 0 1
0.000587201 -0.456743 780 0.0438838 0.126198 4.7071 74.163 -13 469 0 0 1
0.383167 0.0851347 780 0.063759 -0.187478 6.32547 46.0801 -13 470 0 0 1
0.113502 0.0445866 780 0.0157908 -0.00963515 9.94629 48.5043 -13 472 0 0 1
0.992471 -0.569467 780 -0.0106843 0.0127345 0.0846437 42.5807 11 472 1001 0 1
0.0187141 -0.163008 780 0.154678 0.0487148 5.26384 53.287 -13 473 0 0 1
-0.451497 -0.195799 780 -0.107917 0.108256 8.22331 49.2739 -13 474 0 0 1
0.0966619 0.0142038 780 0.0134168 -0.0530475 11.7802 34.3233 -13 475 0 0 1
-0.0145375 0.180641 780 0.109584 0.0193141 7.82399 36.7689 -13 476 0 0 1
0.0875353 0.000743129 780 -0.0184232 0.00549754 9.47775 45.7858 -13 477 0 0 1
0.132501 -0.304281 780 -0.088462 -0.0786611 9.74203 31.8334 -13 478 0 0 1
-0.572062 -0.0607044 780 -0.0132407 0.0439601 5.2941 54.3685 -13 479 0 0 1
0.0246105 -0.244934 780 9.59824e-05 0.0163646 10.6968 43.5128 -13 480 0 0 1
-0.0126442 -0.39278 780 -0.210829 -0.00959766 8.95245 45.7269 -13 481 0 0 1
0.0909902 0.0268886 780 0.0703062 0.0309934 6.44493 71.7256 -13 482 0 0 1
-0.0199353 -0.0294611 780 -0.0161558 -0.0208877 14.041 49.3945 -13 483 0 0 1
-0.145513 0.0279556 780 0.0161876 0.119766 7.42714 51.5313 -13 484 0 0 1
0.0932337 -0.0282113 780 0.0162677 -0.0623441 11.332 28.5318 -13 485 0 0 1
-0.595012 -0.163665 780 0.00648021 0.16615 7.28196 45.9529 -13 486 0 0 1
0.0200163 0.13332 780 0.0603832 0.0171858 13.0057 39.9696 -13 487 0 0 1
-0.243286 -0.314704 780 -0.0562203 0.300166 5.20696 72.4526 -13 488 0 0 1
-0.0492015 0.164675 780 0.0445621 0.00403074 13.884 25.2993 -13 489 0 0 1
-0.681864 0.00231856 780 0.010437 -0.0502337 3.48925 75.8675 -13 490 0 0 1
-0.109037 0.136031 780 0.104567 0.0332657 7.49209 61.8364 -13 491 0 0 1
2.12365 -2.43741 780 0.0136103 0.00266624 0.0574724 58.0812 11 491 1001 0 1
-0.0905541 0.0963775 780 0.0382085 -0.00707636 13.9315 24.6359 -13 492 0 0 1
-0.0968752 -0.0151822 780 0.00135677 -0.0156867 12.4253 47.6359 -13 493 0 0 1
-0.0619442 0.123466 780 0.0401214 -0.0073572 12.9568 45.4479 -13 494 0 0 1
0.0909955 0.0304363 780 -0.0245417 -0.0507334 14.4461 21.119 -13 495 0 0 1
-0.23948 -0.0289728 780 0.070413 0.117974 10.7116 33.3913 -13 496 0 0 1
-0.0469117 0.0571501 780 0.00686519 -0.0370386 14.05 21.3296 -13 497 0 0 1
0.0190205 0.0579566 780 0.00451429 0.025361 13.5429 37.3633 -13 498 0 0 1
-1.61125 -0.199685 780 0.0158104 0.0139954 0.129759 28.3847 11 498 1002 0 1
0.0331258 -0.333766 780 -0.123362 -0.0600477 11.9413 39.4313 -13 499 0 0 1
-0.0656917 0.138506 780 -0.011534 0.0866208 12.6514 35.7272 -13 500 0 0 1
-0.0042712 0.129334 780 0.0492423 0.00504468 10.8661 36.1801 -13 501 0 0 1
-0.152276 -0.0549226 780 -0.00288856 0.0222597 14.4285 24.9704 -13 502 0 0 1
0.0593409 -0.184605 780 -0.0186361 0.0153148 10.2222 33.3651 -13 503 0 0 1
-0.0033984 0.16798 780 0.0627098 -0.0067996 11.1693 42.2207 -13 504 0 0 1
-0.838081 -0.364684 780 -0.0209932 -0.479569 3.06025 94.9383 -13 505 0 0 1
0.0117814 -0.201015 780 0.00914316 -0.0625961 8.62992 40.3426 -13 506 0 0 1
0.0842761 0.0635563 780 0.073132 -0.0254272 12.4525 34.5996 -13 507 0 0 1
-0.0554273 0.0185525 780 0.0214638 0.0278627 11.4219 50.2813 -13 508 0 0 1
-3.4566 0.577133 780 0.0211817 -0.00260803 -0.0422335 59.4514 11 508 1001 0 1
0.0603894 0.0402501 780 -0.00300684 0.065944 8.16182 54.7412 -13 509 0 0 1
-0.390874 0.14963 780 0.185636 0.138424 10.4992 36.7212 -13 510 0 0 1
-0.839751 -3.18648 780 -0.0066298 0.0450498 0.0185704 37.9895 11 510 1001 0 1
-0.0683204 -0.0177033 780 -0.0372902 0.00649113 10.4178 30.1466 -13 511 0 0 1
-0.0729505 0.0262064 780 -0.0131869 -0.0449426 12.8838 39.9647 -13 512 0 0 1
0.0178538 0.155131 780 0.0314621 0.0105729 13.3265 22.0611 -13 513 0 0 1
0.199357 -0.114574 780 0.070965 -0.155139 7.92116 40.8697 -13 514 0 0 1
-0.0318636 0.112177 780 0.0142019 0.0274734 10.1975 51.3164 -13 515 0 0 1
-0.124719 0.129402 780 0.0432741 0.0371563 3.63838 79.3581 -13 516 0 0 1
0.255143 0.0219909 780 -0.0979276 -0.0590531 8.16279 37.2212 -13 517 0 0 1
-0.0976765 -1.18089 780 -0.320321 0.164739 12.3585 28.0361 -13 518 0 0 1
0.143318 -0.0763028 780 0.0864068 -0.0323373 11.6416 43.0295 -13 519 0 0 1
0.0485648 -0.0441814 780 -0.0288939 -0.0423104 11.6198 41.4937 -13 520 0 0 1
-0.0503865 -0.125556 780 -0.0158983 0.0160134 12.9408 33.4164 -13 522 0 0 1
-0.0407707 -0.0450887 780 -0.015205 0.00226111 13.5723 36.9627 -13 523 0 0 1
0.12545 0.424895 780 0.111189 0.273205 3.47313 97.5327 -13 524 0 0 1
0.257155 0.0289772 780 0.0399748 -0.0566574 9.69515 36.1602 -13 525 0 0 1
-0.0985335 -0.0699972 780 0.0383977 0.0263843 11.6886 43.905 -13 526 0 0 1
-0.630678 -0.944119 780 -0.0161424 0.378344 2.46736 117.162 -13 527 0 0 1
0.0400315 -0.0970379 780 6.73755e-05 -0.0805491 12.4291 38.7904 -13 528 0 0 1
-2.26703 -0.401272 780 0.0505646 -0.0350125 0.0496242 39.1457 11 528 1001 0 1
0.114986 0.0375553 780 -0.0176251 -0.0561753 11.2632 47.9393 -13 529 0 0 1
-0.085455 -0.128023 780 -0.0246487 -0.0130506 8.28051 56.353 -13 530 0 0 1
0.171233 -0.0297593 780 -0.0525651 -0.0709206 12.9474 35.6205 -13 531 0 0 1
0.606856 0.642873 780 0.0939561 -0.315526 13.7256 49.7335 -13 532 0 0 1
-0.0936846 -0.843452 780 0.0310518 -0.0428389 0.106157 45.3048 11 532 1001 0 1
-0.377471 -0.146797 780 -0.176578 0.0827533 9.04325 54.0036 -13 533 0 0 1
0.046259 0.0895176 780 0.0309127 -0.087274 9.14167 54.0174 -13 534 0 0 1
-0.059763 0.0318345 780 0.00314242 -0.0324066 9.8329 31.2882 -13 535 0 0 1
-0.047566 0.0189328 780 -0.0272624 0.0419609 13.0299 30.9312 -13 536 0 0 1
1.29011 0.177424 780 -0.276197 -0.293605 4.19131 76.8951 -13 537 0 0 1
-0.0228682 0.00737463 780 -0.0204356 0.0296216 14.4688 37.9011 -13 538 0 0 1
-0.199279 0.0260229 780 -0.0117106 0.0893517 11.2722 30.7692 -13 539 0 0 1
-0.530807 -5.4437 780 -0.000344418 -0.0173994 0.0543304 31.2303 11 539 1002 0 1
-0.114156 -0.0621132 780 -0.0473383 0.0258885 11.2303 50.6629 -13 540 0 0 1
0.0713487 0.104061 780 0.0204861 0.00304127 7.26922 59.7714 -13 541 0 0 1
-0.413252 0.216836 780 0.10367 0.0648263 12.7839 25.9105 -13 542 0 0 1
0.270693 0.0591696 780 -0.022678 -0.146612 8.48536 45.5654 -13 543 0 0 1
0.0810052 -0.0821273 780 0.0646713 0.00453863 13.7262 48.5881 -13 544 0 0 1
0.440255 0.11065 780 0.240675 -0.192098 4.73215 82.4493 -13 545 0 0 1
0.13185 -0.201588 780 -0.0471839 -0.033706 6.58924 61.5095 -13 546 0 0 1
0.0710873 0.0530071 780 0.00290882 -0.0305923 10.6494 45.9637 -13 547 0 0 1
-0.153881 -0.0222344 780 -0.0238433 0.0161916 9.83419 47.6159 -13 548 0 0 1
0.169461 0.0814449 780 0.0221126 -0.0307377 9.60041 54.8213 -13 549 0 0 1
0.00661226 0.344524 780 0.139279 -0.0112727 8.562 49.1343 -13 550 0 0 1
0.0785187 0.154351 780 0.0174458 -0.0584526 10.5681 32.3618 -13 551 0 0 1
0.077947 0.15999 780 0.057457 -0.0746247 11.3054 35.0059 -13 552 0 0 1
-0.147272 -0.348093 780 -0.180858 0.0537925 7.88246 47.081 -13 553 0 0 1
-0.628587 -0.285154 780 -0.0646951 0.0327131 4.71374 57.6467 -13 554 0 0 1
0.358778 -0.205248 780 -0.0356578 -0.11548 7.9238 62.4928 -13 555 0 0 1
0.044243 -0.0180059 780 0.141347 0.082872 5.91658 66.4308 -13 556 0 0 1
0.0527837 0.0048986 780 -0.023567 -0.0437854 13.5566 27.3657 -13 557 0 0 1
0.0342543 0.0801425 780 -0.00780807 -0.0607369 10.9238 53.9769 -13 559 0 0 1
-0.0664361 0.0829289 780 0.0281191 0.0145675 13.5932 21.6036 -13 560 0 0 1
-0.0215495 -0.302693 780 -0.176283 0.0640753 5.04694 79.8628 -13 561 0 0 1
0.00338854 0.00169207 780 0.0457135 -0.0520563 11.0369 29.1338 -13 562 0 0 1
0.0255906 -0.199849 780 -0.0333451 -0.0334978 12.0925 38.6525 -13 563 0 0 1
0.213375 -0.210124 780 -0.0523288 -0.0744742 10.5475 54.7995 -13 564 0 0 1
-0.0275937 0.114452 780 0.030635 0.0147724 14.2195 25.3441 -13 565 0 0 1
0.0411232 -0.110262 780 -0.052394 0.0477775 9.39395 41.5833 -13 566 0 0 1
0.10886 0.0585364 780 0.0318477 -0.0437411 10.5465 38.1817 -13 567 0 0 1
-0.49731 -0.803046 780 -0.40708 -0.124213 11.8424 49.8094 -13 568 0 0 1
0.0978192 0.0696984 780 0.101362 -0.0370602 13.5363 32.1019 -13 569 0 0 1
-0.210771 -0.0028763 780 -0.00987421 0.0874296 11.0813 51.1089 -13 570 0 0 1
0.0385156 0.102182 780 0.0435647 -0.00701823 12.6255 35.803 -13 571 0 0 1
0.29492 0.0585807 780 0.0364151 -0.066648 9.8236 40.7517 -13 572 0 0 1
-0.162234 0.070552 780 0.0182076 0.0641907 6.51936 55.0676 -13 573 0 0 1
-0.0202939 0.00183624 780 0.00442621 -0.0418066 13.7345 29.3403 -13 574 0 0 1
0.179978 0.185332 780 -0.0407337 -0.0575059 6.99905 58.046 -13 575 0 0 1
-0.0831488 0.219693 780 0.0823962 0.0551798 10.5942 45.5506 -13 576 0 0 1
0.106947 0.0389385 780 0.0207527 -0.0233368 13.3864 23.7801 -13 577 0 0 1
0.777127 -0.439007 780 -0.0376642 -0.209879 8.33893 44.5718 -13 578 0 0 1
-0.0347857 0.0727143 780 0.00607257 0.0604595 13.9469 36.3614 -13 579 0 0 1
0.0399025 0.00824193 780 -0.0290552 0.0104401 12.7487 29.973 -13 580 0 0 1
-0.117757 0.0165891 780 0.0234979 0.0659064 11.0629 53.3575 -13 581 0 0 1
0.0811903 -0.0167349 780 -0.0487915 0.00686923 8.87743 43.8199 -13 582 0 0 1
-0.232985 -0.0743442 780 -0.0571141 0.0945601 7.67251 43.2019 -13 583 0 0 1
0.0876349 -0.0642529 780 0.0349957 -0.0869121 13.9713 46.7143 -13 584 0 0 1
-0.171998 0.0516814 780 0.0722107 0.0680641 11.208 33.1088 -13 585 0 0 1
-0.305675 -0.121167 780 -0.041142 0.0638404 9.34959 54.7653 -13 586 0 0 1
-0.0312476 -0.0731382 780 -0.00883784 -0.00737889 13.7516 39.9405 -13 587 0 0 1
0.0542833 0.0672592 780 -0.000263013 0.0361209 9.56543 38.8698 -13 588 0 0 1
0.131039 0.127493 780 0.0599184 -0.0552731 13.247 33.6275 -13 589 0 0 1
-0.315443 0.334155 780 -0.0669396 0.163292 9.05637 42.4904 -13 591 0 0 1
-1.21129 2.06269 780 -0.00983654 -0.00238296 0.0578934 42.1101 11 591 1001 0 1
-0.257628 -0.0748578 780 -0.106196 0.0897264 8.22003 46.4023 -13 592 0 0 1
4.19124 7.56986 780 0.0154521 -0.0173204 0.0427822 44.776 11 592 1001 0 1
0.160825 -0.305517 780 -0.03197 -0.0746315 5.73169 74.7276 -13 593 0 0 1
0.0012511 0.0773613 780 -0.00101614 0.00284486 10.7254 55.3756 -13 594 0 0 1
-0.131707 0.403054 780 0.180336 0.0108203 9.97853 42.635 -13 595 0 0 1
-2.99715 -2.02312 780 0.0368298 0.0242862 0.0290721 48.0659 11 595 1001 0 1
-0.00490555 0.24439 780 -0.0137273 0.0497907 8.09553 51.1503 -13 596 0 0 1
0.103517 -0.0733153 780 0.0873407 -0.0117959 10.4018 38.721 -13 597 0 0 1
-0.463276 0.675066 780 0.146679 0.195205 5.76864 54.4237 -13 599 0 0 1
-0.088501 -0.10895 780 -0.0721934 0.0754392 12.5441 40.4475 -13 601 0 0 1
-0.0288306 -0.308236 780 -0.0743264 -0.0165549 6.83174 62.2159 -13 602 0 0 1
0.0750203 0.193623 780 0.0543334 -0.00200478 9.12196 52.6432 -13 603 0 0 1
0.7053 -0.105251 780 0.0099363 -0.0360212 0.0685059 52.1086 11 603 1001 0 1
-10.4934 4.58647 780 0.0176672 -0.0184618 0.0687085 43.6503 11 603 1002 0 1
0.125597 -0.0854672 780 -0.0857049 0.0667503 7.45871 49.9025 -13 604 0 0 1
0.279332 0.455835 780 0.165192 -0.0715644 4.48856 65.9612 -13 605 0 0 1
0.030674 0.300776 780 0.0703381 -0.0243241 12.3426 39.1804 -13 606 0 0 1
-1.09405 -0.773177 780 0.00871753 0.0154405 0.106269 34.1836 11 606 1001 0 1
-0.175703 -0.170368 780 -0.0322415 0.0595327 11.8652 29.3682 -13 607 0 0 1
-0.0646193 -0.320787 780 -0.122122 -0.0190618 12.9139 36.6161 -13 608 0 0 1
0.0475876 -0.0558311 780 -0.0482505 -0.0130587 11.8586 28.5612 -13 609 0 0 1
0.0839838 0.149052 780 -0.00251252 0.0279357 8.78979 38.9425 -13 610 0 0 1
0.0647456 0.0832669 780 -0.0124198 -0.0217475 10.3094 32.0489 -13 611 0 0 1
-0.0723904 -0.0358434 780 -0.0330174 0.0364351 7.81308 47.3554 -13 612 0 0 1
-0.0473183 0.0498585 780 0.0305083 0.0151656 12.4612 37.0312 -13 613 0 0 1
-0.059324 0.192903 780 0.121276 -0.0056067 12.1049 25.4828 -13 614 0 0 1
0.071626 0.424935 780 -0.0717117 -0.00633034 3.50445 90.0415 -13 615 0 0 1
0.292285 0.544571 780 0.157137 -0.0280707 3.61936 95.3671 -13 616 0 0 1
-0.255041 -0.314555 780 -0.116338 0.0792927 10.7586 42.9234 -13 617 0 0 1
-0.0781602 0.238112 780 0.0726509 0.00949708 8.07419 54.1435 -13 618 0 0 1
0.587422 0.0770418 780 0.221687 0.0649755 4.62948 78.8408 -13 619 0 0 1
-0.0896174 0.0351172 780 0.0231809 -0.00584052 12.3506 42.3614 -13 620 0 0 1
-0.235549 -0.208665 780 -0.160486 -0.0417185 5.03265 55.8484 -13 621 0 0 1
0.0298006 0.0931444 780 0.062815 -0.00574991 11.1413 53.1712 -13 622 0 0 1
0.103684 0.109913 780 0.0115217 -0.0182956 9.67895 42.9726 -13 623 0 0 1
0.0341394 -0.0406431 780 -0.00897661 0.0274738 14.1708 21.1673 -13 624 0 0 1
0.222233 -0.108041 780 -0.0459957 -0.0408683 9.1107 46.4809 -13 625 0 0 1
0.202243 0.274951 780 0.118801 -0.0209035 5.96926 53.9588 -13 626 0 0 1
0.175124 0.445421 780 0.124008 -0.0630472 9.31914 47.4758 -13 627 0 0 1
-3.25889 -7.00829 780 -0.0206006 -0.0202483 0.0162511 61.102 11 627 1001 0 1
-1.07242 -0.189955 780 0.0738068 0.0261264 1.4821 124.115 -13 628 0 0 1
-0.048456 0.155098 780 0.027202 0.0335553 10.4352 33.021 -13 629 0 0 1
-0.108108 -0.0513728 780 -0.0152241 0.0276657 11.7613 51.3439 -13 630 0 0 1
0.117419 -0.030207 780 -0.011771 -0.0714659 8.82644 59.1416 -13 631 0 0 1
0.070942 0.105839 780 0.0371871 -0.0153783 14.0619 32.3137 -13 632 0 0 1
0.098966 0.110065 780 0.0404561 -0.00567975 8.29951 41.7644 -13 633 0 0 1
-0.688133 0.0160505 780 0.0287228 0.217359 4.67107 60.1974 -13 634 0 0 1
0.0729313 -0.0425691 780 0.0210002 0.0233415 8.01249 51.9168 -13 635 0 0 1
0.0217111 0.00328399 780 -0.0587228 -0.0266123 14.0906 27.3229 -13 636 0 0 1
-0.476282 -0.0115014 780 -0.0542815 0.0160003 7.91692 56.8236 -13 637 0 0 1
-0.299277 0.227708 780 0.0482712 0.0375835 12.6889 38.0379 -13 638 0 0 1
0.262981 0.594499 780 0.21019 -0.0125239 13.9829 25.6463 -13 639 0 0 1
0.0712496 0.0977158 780 0.0282943 -0.0217462 10.8104 26.92 -13 640 0 0 1
-0.794891 -0.248331 780 0.0234058 0.0480555 0.049316 27.1102 11 640 1001 0 1
0.334897 -0.135744 780 -0.213808 -0.109077 4.12586 72.0393 -13 641 0 0 1
1.86135 -2.10341 780 -0.000568781 0.00204817 0.0386358 70.8069 11 641 1001 0 1
0.0778949 -0.0962246 780 -0.00919243 0.140902 7.12554 61.7766 -13 642 0 0 1
0.0281681 0.110484 780 0.0159344 -0.0178461 11.0543 26.0176 -13 643 0 0 1
0.0866177 -0.161829 780 -0.0416206 -0.0375595 13.7303 39.0204 -13 644 0 0 1
0.149797 -0.0903729 780 0.0219978 -0.0154981 9.65548 31.1431 -13 645 0 0 1
0.01099 0.00451512 780 0.0199783 -0.033927 13.7425 37.4777 -13 646 0 0 1
-0.17063 -0.154958 780 0.0684643 0.454882 5.79972 73.6055 -13 647 0 0 1
-0.455247 -0.128002 780 0.0124143 -0.00991219 0.0423827 73.2917 11 647 1004 0 1
0.189688 0.285549 780 0.00755011 -0.139746 3.76056 80.9003 -13 648 0 0 1
0.521029 -0.294764 780 -0.0779821 -0.187783 6.17736 54.4528 -13 649 0 0 1
1.75643 -1.1027 780 -0.00482939 -0.0321972 0.0267607 54.8452 11 649 1001 0 1
-0.0133499 -0.17757 780 -0.0411924 -0.0434984 13.5277 24.9648 -13 650 0 0 1
-0.267516 0.770397 780 0.0772367 0.157646 10.0713 40.7607 -13 651 0 0 1
0.0606594 0.0647428 780 0.0835551 0.0670492 10.4291 52.8503 -13 652 0 0 1
0.171302 -0.0992378 780 -0.016024 -0.0785493 11.8716 41.1349 -13 653 0 0 1
0.901723 0.679391 780 -0.0172423 -0.0397102 0.0673726 40.827 11 653 1001 0 1
-0.0485629 -0.0615186 780 -0.060611 0.000810733 12.2781 35.2288 -13 654 0 0 1
0.0409894 -0.083446 780 -0.0425372 0.00234644 14.3537 41.897 -13 655 0 0 1
0.00476364 0.185315 780 0.0384706 -0.0130313 9.57174 45.325 -13 656 0 0 1
-0.193433 -0.289586 780 -0.100677 -0.0115731 7.94728 56.8044 -13 657 0 0 1
0.293896 -0.00731412 780 -0.0516761 0.00153453 4.73439 72.0757 -13 658 0 0 1
-0.143751 -0.0592063 780 -0.00533023 0.0456895 14.4491 33.4034 -13 659 0 0 1
0.426589 0.60205 780 0.229447 0.0157028 11.6668 46.4537 -13 660 0 0 1
-0.0365222 0.0639675 780 -0.0310355 0.0886156 10.6083 42.3705 -13 661 0 0 1
-0.0447679 -0.109559 780 -0.00509959 -0.0031564 12.1212 34.5786 -13 662 0 0 1
-0.187686 0.153735 780 0.0443189 0.118534 9.52011 58.4968 -13 663 0 0 1
-0.591654 -0.131468 780 -0.160128 0.123645 8.13991 63.1784 -13 664 0 0 1
-0.0281134 0.00607362 780 0.0153145 0.00555484 11.3233 26.7363 -13 665 0 0 1
0.134194 0.0597936 780 0.00856068 -0.0199861 11.774 38.4705 -13 666 0 0 1
-0.039241 0.0692681 780 0.00388013 -0.00465336 13.0798 34.3491 -13 667 0 0 1
3.10989 -0.217327 780 0.422149 -0.831635 6.48412 52.3811 -13 668 0 0 1
-0.0463045 0.0125598 780 0.0257885 -0.0327737 9.55558 46.9869 -13 669 0 0 1
-0.0551843 0.269333 780 0.0424586 0.0127459 13.5657 37.991 -13 670 0 0 1
-0.0362941 -0.0243651 780 -0.00508389 0.0392147 13.1364 41.1459 -13 671 0 0 1
-0.0970162 -0.00214042 780 -0.123558 -0.0595232 3.5882 85.6243 -13 673 0 0 1
-0.239267 0.120725 780 0.0455396 0.0468259 12.5257 51.7227 -13 674 0 0 1
-0.280756 -1.52807 780 -0.55363 -0.29677 7.02404 46.9318 -13 675 0 0 1
5.50581 0.162617 780 0.00408115 0.0151211 0.0345536 47.0972 11 675 1001 0 1
0.19869 0.171615 780 0.0448166 -0.08597 12.8888 47.8872 -13 676 0 0 1
-0.0757778 -0.00971939 780 0.0320219 -0.0128061 11.816 30.5338 -13 677 0 0 1
-0.184831 -0.105297 780 -0.0324232 0.0286687 9.34635 45.519 -13 678 0 0 1
0.175979 0.0673531 780 0.0955685 0.0160064 8.06199 47.1269 -13 679 0 0 1
-0.0972422 -0.00589899 780 -0.0673678 -0.0363237 9.21836 48.7992 -13 680 0 0 1
-0.144703 0.00315073 780 0.0142474 0.0501025 14.0636 22.8226 -13 681 0 0 1
-0.00935662 0.0341893 780 -0.0229933 -0.00183813 13.2366 22.3777 -13 682 0 0 1
0.128141 0.10419 780 0.0481208 -0.0271311 12.9934 46.5982 -13 683 0 0 1
1.09666 0.0202051 780 -0.168837 -0.272108 8.5972 48.8322 -13 684 0 0 1
0.0503255 0.147927 780 -0.00336652 -0.0601134 7.98053 42.0905 -13 685 0 0 1
-0.09122 0.129099 780 0.00210431 0.0298222 11.5539 51.3519 -13 686 0 0 1
0.32811 0.286675 780 0.0859783 -0.167692 8.99127 37.4989 -13 687 0 0 1
0.107096 0.200193 780 0.0755895 -0.0144712 12.835 44.8612 -13 688 0 0 1
0.275192 0.0533723 780 -0.265646 0.00526593 9.77336 50.9994 -13 689 0 0 1
5.92193 -1.02931 780 0.016195 0.0340779 0.0527857 47.0846 11 689 1002 0 1
0.445695 0.163876 780 0.246643 -0.252975 5.09227 72.5436 -13 690 0 0 1
0.151295 -0.0424907 780 -0.0658515 -0.0943647 12.2804 39.9015 -13 691 0 0 1
-0.114101 -0.0918313 780 -0.0315897 0.0547327 7.3596 39.1686 -13 692 0 0 1
-1.3356 3.70223 780 0.0150628 0.0215673 0.0337108 39.4898 11 692 1001 0 1
-0.0535413 -0.0767939 780 -0.118936 0.00522005 12.7509 42.8718 -13 693 0 0 1
0.0373228 -0.135219 780 -0.0685922 -0.076022 3.52756 81.8735 -13 694 0 0 1
-0.236651 -0.0987809 780 -0.0985966 -0.0500464 7.30064 48.839 -13 695 0 0 1
-0.269859 0.50683 780 0.112096 0.0701114 6.54804 55.5351 -13 696 0 0 1
0.0651278 -0.191337 780 -0.0525026 -0.0192671 9.98715 46.4168 -13 697 0 0 1
0.0897933 0.14534 780 0.0866331 0.021142 8.69713 39.8129 -13 698 0 0 1
0.0643952 0.0223858 780 0.00110102 -0.032066 13.3385 44.8447 -13 699 0 0 1
-0.889047 -0.26061 780 0.269277 0.505407 8.75086 42.2647 -13 700 0 0 1
-0.0720251 -0.150646 780 -0.0352963 0.00288475 9.03507 32.9894 -13 701 0 0 1
-0.0728011 0.536796 780 0.104379 0.0794628 12.2831 48.2039 -13 702 0 0 1
0.0608495 -0.00470143 780 0.0166087 -0.0406734 12.0517 45.5184 -13 703 0 0 1
0.0466541 -0.0936998 780 -0.0600829 -0.0351284 9.38245 38.4348 -13 704 0 0 1
0.125598 -0.0443096 780 -0.0178508 -0.0586179 10.0726 34.3492 -13 705 0 0 1
-0.196284 0.243247 780 0.0812524 0.013918 9.55898 44.6793 -13 706 0 0 1
-0.0688609 0.107607 780 0.0308234 -0.0253181 13.8552 21.759 -13 707 0 0 1
-0.0839158 0.166778 780 -0.0101896 0.0511185 10.5285 44.6419 -13 708 0 0 1
0.221231 -0.0760885 780 0.0403956 -0.0203735 3.01999 90.7467 -13 709 0 0 1
-0.595464 0.00592691 780 -0.185991 0.031637 7.89155 54.9115 -13 710 0 0 1
-0.132829 0.148666 780 0.0423703 -0.00334366 14.1512 21.6065 -13 711 0 0 1
0.0769875 0.0411146 780 0.0267579 0.000652115 11.5977 43.907 -13 712 0 0 1
-0.0912163 -0.296533 780 -0.0237276 0.117164 6.34365 65.3123 -13 713 0 0 1
0.062798 -0.159037 780 -0.0306337 -0.0151218 14.0332 41.2474 -13 714 0 0 1
0.0303828 -0.0635611 780 -0.018698 0.0149744 12.3504 52.08 -13 715 0 0 1
0.1208 0.24085 780 0.0510223 -0.03559 13.1138 42.0857 -13 716 0 0 1
0.0362941 -0.0268273 780 -0.00892174 -0.0134479 10.5843 41.7468 -13 717 0 0 1
-0.349232 -0.139602 780 0.00980759 0.116372 8.64692 40.1306 -13 718 0 0 1
0.107513 -0.169225 780 -0.00575727 -0.139304 10.5968 34.9836 -13 719 0 0 1
-0.0696213 -0.0449326 780 -0.0831493 0.0164862 11.2617 53.4746 -13 720 0 0 1
-0.370421 0.531154 780 0.193345 0.079373 9.64696 54.6351 -13 721 0 0 1
-0.261272 0.15751 780 -0.125974 0.104481 5.15401 63.4704 -13 722 0 0 1
0.151427 -0.122053 780 -0.0339863 -0.0324479 8.53104 36.0407 -13 723 0 0 1
-0.742003 -0.45298 780 -0.102496 0.239886 4.73019 78.4417 -13 724 0 0 1
0.0519902 -0.0751217 780 -0.0221324 -0.0348463 9.5794 40.8923 -13 725 0 0 1
0.0334725 -0.0984854 780 -0.0587861 0.0300878 13.6027 36.1572 -13 726 0 0 1
0.239398 0.117919 780 0.0656664 -0.0556527 14.1201 24.9094 -13 727 0 0 1
0.114764 1.41735 780 0.159773 0.242552 1.63375 124.377 -13 728 0 0 1
-0.0856251 0.234101 780 0.112856 0.0284966 5.30959 61.7084 -13 729 0 0 1
-0.052027 -0.0568089 780 -0.0659722 -0.0397994 11.1898 32.2821 -13 730 0 0 1
0.164528 0.0378439 780 -0.0200413 -0.0471348 10.9073 28.6199 -13 731 0 0 1
0.334295 -0.0231624 780 0.132977 0.0224184 4.58076 70.1594 -13 733 0 0 1
0.162725 -0.164923 780 -0.138769 0.0323246 7.79895 39.4169 -13 734 0 0 1
-0.225712 0.052559 780 -0.0117396 0.089651 10.9606 42.2779 -13 735 0 0 1
-0.0780121 -0.0298063 780 -0.0134134 0.100826 10.9784 35.2038 -13 736 0 0 1
-0.366865 0.136628 780 0.0796675 0.0914533 8.18211 54.1933 -13 737 0 0 1
0.322766 0.0917844 780 -0.0411225 -0.0803688 8.33881 56.2688 -13 738 0 0 1
0.0424964 0.053406 780 0.0910225 -0.00875946 11.8735 44.2839 -13 739 0 0 1
-0.0545149 -0.0607566 780 -0.0327413 -0.0428146 13.0264 45.2846 -13 740 0 0 1
0.27927 0.023603 780 0.00997493 -0.109551 8.67972 51.5585 -13 741 0 0 1
-0.291067 -0.921459 780 -0.078107 0.443335 4.09917 87.7714 -13 742 0 0 1
0.150442 -0.046784 780 -0.0734734 -0.0543397 8.28929 35.2941 -13 743 0 0 1
1.61954 -0.979877 780 0.0971152 -0.17335 1.67065 106.143 -13 744 0 0 1
0.0359905 -0.0157208 780 -0.0148674 -0.00043485 11.491 39.1911 -13 745 0 0 1
0.158685 0.0785136 780 0.00618581 -0.0812357 8.46481 58.5617 -13 746 0 0 1
1.41897 1.24085 780 -0.0227017 -0.0129591 0.0709699 55.3672 11 746 1001 0 1
-0.0946228 0.0445443 780 -0.0168605 0.00773968 11.837 46.5523 -13 747 0 0 1
0.123912 -0.136254 780 -0.00794989 0.00574528 10.5374 43.6127 -13 748 0 0 1
-0.0065486 -0.178647 780 -0.0352221 -0.00647206 12.1101 24.7195 -13 749 0 0 1
-0.198569 -0.0055021 780 0.0619963 0.0318479 10.3586 48.6929 -13 750 0 0 1
0.0332588 -0.156885 780 -0.138235 -0.0196799 11.053 49.4948 -13 751 0 0 1
-0.00896258 -0.507633 780 -0.0315063 0.0105621 0.0575917 49.7642 11 751 1002 0 1
-0.00252309 0.0327464 780 -0.107625 0.00696536 6.45495 46.7848 -13 752 0 0 1
0.114857 0.0441561 780 0.0473648 -0.0147058 10.7777 28.8184 -13 753 0 0 1
0.0073488 0.0158469 780 -0.0139882 -0.0177928 8.64435 57.6831 -13 754 0 0 1
-0.158833 -0.261269 780 -0.163258 0.0115377 7.87126 42.5652 -13 755 0 0 1
-1.31344 -0.954014 780 -0.247675 0.26788 5.19762 63.598 -13 756 0 0 1
0.000750498 -0.106366 780 -0.0373335 -0.0402007 7.20046 51.0213 -13 757 0 0 1
0.0895363 -0.291665 780 0.0338961 -0.100327 7.85335 37.9596 -13 758 0 0 1
0.0704513 -0.0900586 780 -0.004713 -0.00820216 14.1732 35.5188 -13 759 0 0 1
0.165885 -0.136753 780 -0.0573063 -0.0337302 8.04532 54.9109 -13 760 0 0 1
-0.0328297 0.0368067 780 0.00690207 -0.116802 6.28071 50.2431 -13 761 0 0 1
2.09131 -2.45275 780 0.0175991 0.0196566 0.0329785 50.2208 11 761 1001 0 1
-0.0552644 0.152205 780 0.070953 -0.0125043 13.861 48.7934 -13 762 0 0 1
0.121159 0.0279077 780 -0.0475055 -0.0405419 11.135 51.4232 -13 763 0 0 1
-0.200753 0.136799 780 0.00759022 0.0276265 9.83376 39.4278 -13 764 0 0 1
-0.2871 0.047892 780 0.09173 0.0993965 5.74462 54.8841 -13 765 0 0 1
0.0297901 -0.322089 780 -0.120721 0.0276914 8.5235 37.8381 -13 766 0 0 1
0.0869401 -0.00497044 780 0.0163279 -0.0441133 12.5171 51.6561 -13 767 0 0 1
-3.95679 -3.8672 780 -0.00914973 -0.0028561 0.068877 52.6984 11 767 1002 0 1
-1.64033 -1.67054 780 0.0458507 0.0218699 0.0424629 56.1191 11 767 1003 0 1
0.0986905 0.016649 780 -0.00257938 -0.013852 12.8506 42.8729 -13 768 0 0 1
0.248568 0.139473 780 0.130868 -0.130397 6.93958 44.4469 -13 769 0 0 1
-0.171691 0.116955 780 0.0239739 0.0216021 13.6343 27.6013 -13 770 0 0 1
-0.136155 -0.322124 780 -0.0358911 0.0607105 10.8575 32.0193 -13 771 0 0 1
0.0932149 -0.329801 780 -0.0594277 -0.000755085 14.3245 22.1401 -13 772 0 0 1
-0.130714 -0.0654722 780 -0.041908 0.0870641 11.4078 29.548 -13 773 0 0 1
0.103905 -0.160875 780 -0.0889117 -0.0117427 13.4004 24.802 -13 774 0 0 1
0.513249 -0.248195 780 -0.0384716 -0.0867799 3.39347 77.1468 -13 775 0 0 1
-0.0852871 0.0887541 780 0.00406445 0.0599518 11.7972 35.5173 -13 776 0 0 1
0.087087 -0.0316365 780 -0.0478044 -0.0388823 10.6567 38.865 -13 777 0 0 1
0.145318 -0.139246 780 -0.168683 -0.0174682 8.59624 51.1553 -13 778 0 0 1
0.0255575 -0.0615407 780 -0.105103 -0.13934 12.9328 22.4548 -13 779 0 0 1
-0.339006 -0.419067 780 -0.0672813 0.168688 9.57009 33.8435 -13 780 0 0 1
-0.475219 0.380433 780 0.259331 0.0261445 11.543 28.7814 -13 781 0 0 1
0.647221 3.61822 780 0.0587269 0.0407622 0.0331685 38.0258 11 781 1001 0 1
0.0135894 -0.11014 780 -0.00750275 0.0122541 10.0507 31.3804 -13 782 0 0 1
0.0778345 -0.184292 780 -0.0331582 -0.0826567 6.91878 56.6556 -13 783 0 0 1
0.49459 -0.233536 780 0.048614 -0.14053 6.81551 43.2488 -13 784 0 0 1
-0.449796 -0.268874 780 -0.0475548 0.122238 4.74197 70.2512 -13 785 0 0 1
-0.00945378 0.00434844 780 0.0036361 0.00863416 9.55464 48.2286 -13 786 0 0 1
-0.00936347 0.101935 780 0.038265 -0.05232 8.88237 48.218 -13 787 0 0 1
-0.287804 -0.13999 780 -0.0152542 0.0059412 12.3293 41.1532 -13 788 0 0 1
-0.093502 0.0687165 780 -0.000824069 0.0123098 14.161 35.2277 -13 789 0 0 1
-0.253615 0.0621887 780 0.00387522 0.0937808 9.92775 55.2224 -13 790 0 0 1
-0.454773 0.172838 780 0.102775 0.1243 4.75056 80.8642 -13 791 0 0 1
0.233025 0.203974 780 0.113743 -0.0949637 11.7675 52.2002 -13 792 0 0 1
-0.00987637 0.119479 780 0.0452954 0.0358291 11.4054 41.6875 -13 793 0 0 1
-0.0218073 0.150625 780 0.0695167 0.0532797 7.42318 49.8856 -13 794 0 0 1
0.241488 -0.386205 780 -0.0859455 -0.122112 11.4928 33.0458 -13 795 0 0 1
-0.157547 -0.0199263 780 -0.0129805 0.0784809 8.86986 54.3626 -13 796 0 0 1
0.0551483 0.0385653 780 0.00100879 0.0266425 14.008 45.064 -13 797 0 0 1
-0.012881 0.12246 780 0.0670924 0.0139271 13.7047 45.7965 -13 798 0 0 1
-0.0934037 0.00371049 780 -0.0318141 0.0411341 9.3238 59.296 -13 799 0 0 1
0.00619977 -0.009867 780 -0.00789523 -0.00352363 13.5506 23.3535 -13 800 0 0 1
-0.0860462 -0.259568 780 -0.0834475 0.0520421 5.65534 53.0634 -13 801 0 0 1
-0.279178 0.320145 780 0.0457418 0.0979591 6.9495 59.5381 -13 803 0 0 1
0.00766273 0.0159804 780 -0.0579976 0.00566471 13.0011 29.3745 -13 804 0 0 1
-0.0105096 -0.115786 780 -0.0297645 -0.0161827 12.5671 49.4583 -13 805 0 0 1
0.162254 -0.0470304 780 -0.0174174 -0.113426 2.14388 102.188 -13 806 0 0 1
0.132576 0.0647959 780 0.0183787 -0.0421005 13.6412 31.3693 -13 807 0 0 1
-0.245082 -0.451952 780 -0.175693 -0.244125 7.00012 49.1689 -13 808 0 0 1
-0.011165 0.0872398 780 0.0219597 0.0363273 14.2986 33.586 -13 809 0 0 1
-0.0271635 0.156445 780 0.0368115 0.0430272 10.7848 42.1311 -13 810 0 0 1
-0.360158 -0.154543 780 -0.0915511 0.137126 5.5791 51.8813 -13 811 0 0 1
-0.169497 -0.0154374 780 -0.0320798 0.0930546 6.48329 44.6705 -13 812 0 0 1
0.384988 -0.0758939 780 -0.00247695 -0.147328 13.1872 32.323 -13 813 0 0 1
0.0339232 0.33177 780 0.167254 -0.0274016 9.5848 40.0334 -13 814 0 0 1
-0.077107 -0.0184247 780 -0.0240897 -0.0052639 11.6374 51.6519 -13 815 0 0 1
-0.148386 -0.278481 780 -0.0692097 0.0945207 5.94927 51.0139 -13 816 0 0 1
-0.190445 0.304312 780 0.176183 0.121692 5.13382 77.0407 -13 817 0 0 1
0.100311 0.114436 780 -0.0258142 0.0783117 11.4532 53.4668 -13 818 0 0 1
-0.177946 -0.153711 780 -0.0841659 0.0857188 6.07396 71.8389 -13 819 0 0 1
8.65757 -2.54807 780 -0.0040567 0.00470413 0.0344213 71.8201 11 819 1001 0 1
-0.0471123 0.0675104 780 0.0321529 0.0375502 13.3892 27.9743 -13 820 0 0 1
-0.103026 0.415132 780 0.0952569 0.0112342 8.34932 37.0891 -13 821 0 0 1
0.300946 -9.3693 780 0.00954172 0.000607854 0.0532114 31.2478 11 821 1002 0 1
0.0301414 0.0303665 780 -0.0255638 0.0590202 11.6782 52.7568 -13 822 0 0 1
-0.0905886 -0.0874838 780 -0.0241493 0.0275536 12.6118 45.6367 -13 823 0 0 1
0.0415082 0.0104729 780 -0.00908102 -0.0159908 14.5561 40.4638 -13 824 0 0 1
-0.0401198 -0.0650927 780 -0.0638153 -0.00310432 14.4438 45.7001 -13 825 0 0 1
-0.00051707 0.0374057 780 -0.00643472 -0.058928 7.5502 50.1231 -13 826 0 0 1
0.0737344 1.56365 780 0.313983 0.163797 3.22735 103.165 -13 827 0 0 1
0.0731009 0.0882242 780 0.0371983 0.0189313 8.61406 59.1679 -13 828 0 0 1
0.068724 -0.0427679 780 0.0209897 0.0114066 10.0307 54.4081 -13 829 0 0 1
-0.123942 -0.0289135 780 -0.0342042 0.0170489 14.0712 49.2486 -13 830 0 0 1
-1.07193 -3.84806 780 -0.878889 0.385152 8.31237 40.3876 -13 831 0 0 1
-0.0127138 -0.0190257 780 0.0200398 0.00263225 13.7852 34.2119 -13 832 0 0 1
-0.219377 0.205365 780 0.0293875 0.108597 9.01029 60.3977 -13 833 0 0 1
-0.321709 -0.150292 780 -0.0925019 0.126292 5.18561 76.3722 -13 834 0 0 1
0.0717495 0.386948 780 0.0712629 -0.0547418 7.76422 63.6213 -13 835 0 0 1
-0.114215 -0.0425673 780 -0.0221716 0.0969157 11.8515 45.5401 -13 836 0 0 1
-0.283752 0.110553 780 0.123367 0.0245235 10.8052 35.2346 -13 837 0 0 1
0.0216253 0.202464 780 0.0432893 0.00578677 12.8256 38.9485 -13 838 0 0 1
-0.0018991 0.0631573 780 0.0140438 -0.00712351 11.1182 46.9361 -13 839 0 0 1
0.244408 -0.0425415 780 -0.0156465 -0.0212957 9.83903 50.1433 -13 840 0 0 1
0.246162 -0.778336 780 -0.139538 -0.0711408 5.97273 72.0836 -13 842 0 0 1
-2.03692 -1.37969 780 0.000851026 -0.0170223 0.0366909 71.8695 11 842 1001 0 1
-3.54976 -4.08847 780 -0.0206295 0.00760157 0.0366863 70.1103 11 842 1002 0 1
-0.224071 0.101856 780 0.062003 0.0542032 8.22978 40.9174 -13 843 0 0 1
-0.0670281 0.126686 780 0.1287 0.0378453 4.01313 87.8728 -13 844 0 0 1
0.43517 0.0335924 780 -0.0164766 -0.155881 13.4623 30.0908 -13 845 0 0 1
-0.0359411 0.358789 780 0.0357905 0.0819093 12.2686 39.7159 -13 846 0 0 1
-0.0950547 -0.0548458 780 -0.126346 0.0138397 4.30528 69.6732 -13 847 0 0 1
0.406552 -0.2483 780 -0.0595858 -0.0596764 4.55265 86.273 -13 848 0 0 1
-0.0745545 -0.113479 780 -0.0926824 -0.0662948 9.59262 31.6031 -13 849 0 0 1
0.0349707 0.0411546 780 0.0590379 -0.0309499 12.342 45.0144 -13 850 0 0 1
-0.259408 0.0752876 780 0.0073035 0.0158106 8.87764 39.4985 -13 851 0 0 1
0.0406326 -0.732463 780 -0.161036 -0.0762444 4.57003 61.4936 -13 853 0 0 1
0.0288963 0.0247575 780 -0.0428741 0.0260514 11.4379 28.0981 -13 854 0 0 1
0.177712 0.216575 780 0.0528032 -0.0580133 11.5387 48.0326 -13 855 0 0 1
0.232192 0.14376 780 0.0587037 -0.0918351 14.3125 28.0478 -13 857 0 0 1
-0.333066 0.0794651 780 -0.143021 0.0905121 10.1598 53.8044 -13 858 0 0 1
-0.378393 -0.0312492 780 0.0292366 0.0263025 0.0528613 53.8176 11 858 1001 0 1
-0.194079 0.0562363 780 -0.0461036 0.0311653 12.9259 33.561 -13 859 0 0 1
-0.0560199 0.126226 780 0.0410221 -0.0067916 13.0358 46.5709 -13 860 0 0 1
0.0520086 0.184392 780 0.0731822 0.00403777 11.1662 28.3003 -13 861 0 0 1
-0.177706 0.374316 780 0.160064 0.108068 5.70913 68.6223 -13 862 0 0 1
-0.301409 0.111799 780 0.0223054 -0.397075 3.67298 76.8154 -13 863 0 0 1
-0.264646 0.302067 780 0.0223889 0.116064 6.81691 54.0212 -13 865 0 0 1
-0.163158 -0.687888 780 -0.209525 0.00726879 5.37862 78.8164 -13 866 0 0 1
0.110474 0.0820863 780 0.0357646 0.022189 8.30038 43.7818 -13 868 0 0 1
0.0896333 0.208509 780 -0.0511897 -0.0139074 9.07932 51.4093 -13 869 0 0 1
0.0177927 -0.514398 780 0.0276686 -0.0353217 0.0604102 49.1308 11 869 1001 0 1
-0.289427 0.117679 780 0.109924 0.0824008 12.3519 38.0784 -13 870 0 0 1
0.0747483 0.172281 780 0.0139696 -0.0226221 13.6975 42.9339 -13 871 0 0 1
0.26855 -0.0737254 780 0.226961 0.0732951 5.0245 73.6212 -13 872 0 0 1
-0.299351 -0.468197 780 -0.101439 0.13382 4.20621 67.5243 -13 873 0 0 1
0.192554 -0.102054 780 -0.211051 -0.0538629 4.69827 70.474 -13 874 0 0 1
-0.277521 0.0881565 780 0.0961199 0.155028 2.87528 83.5992 -13 875 0 0 1
-0.169426 0.149484 780 0.0510824 0.130982 11.7676 35.6808 -13 876 0 0 1
0.071253 -0.0833394 780 -0.022632 -0.00639418 9.17578 53.4211 -13 877 0 0 1
-0.0153501 -0.0766216 780 -0.0125631 0.0185922 14.2359 45.9833 -13 879 0 0 1
-0.169837 0.0224655 780 0.00560263 0.0170487 12.928 27.3456 -13 880 0 0 1
-0.00421108 0.0906065 780 0.0120629 0.002759 14.5213 32.1476 -13 881 0 0 1
0.037866 0.300423 780 0.0918338 0.0861055 6.47337 63.9562 -13 882 0 0 1
-0.0956512 0.00635317 780 -0.0465138 0.0342329 7.02108 63.3999 -13 883 0 0 1
-0.368134 0.0486983 780 -0.0442678 0.0393217 5.58992 65.7743 -13 884 0 0 1
0.0131264 0.0144458 780 0.048153 -0.0343266 12.5612 24.1536 -13 885 0 0 1
-0.0588648 -0.125101 780 -0.00149633 0.00506623 8.4503 39.7089 -13 886 0 0 1
0.0389639 -0.0864736 780 -0.089055 -0.027503 8.48692 33.5237 -13 887 0 0 1
0.0952184 -0.223334 780 -0.0907082 -0.0463783 8.41058 52.1985 -13 888 0 0 1
0.0616367 -0.29023 780 -0.0139383 -0.0116735 0.077658 52.1116 11 888 1001 0 1
0.00105872 0.011441 780 0.0111888 0.0200942 11.2969 49.623 -13 889 0 0 1
-0.108003 0.0736342 780 -0.00832097 0.0434872 10.8056 37.7985 -13 890 0 0 1
0.136588 -0.366966 780 -0.0557085 0.0412328 7.45548 45.3897 -13 891 0 0 1
-0.061415 0.0498654 780 0.0479245 -0.0213184 14.0516 28.9935 -13 892 0 0 1
-0.075593 -0.0871647 780 -0.0621854 -0.0154193 9.33448 33.6013 -13 893 0 0 1
-0.248499 0.117605 780 0.00438346 0.0955519 12.5977 40.864 -13 894 0 0 1
0.108143 0.117804 780 0.05577 -0.0537577 11.5989 41.155 -13 895 0 0 1
-0.186908 -0.211761 780 -0.0283269 0.0100122 6.70481 62.7116 -13 896 0 0 1
-0.315871 -2.80108 780 -0.00944691 0.00661945 0.0375669 62.9271 11 896 1001 0 1
0.0428922 0.172519 780 0.0644633 0.0124074 10.3359 34.432 -13 897 0 0 1
-0.252461 -0.360516 780 -0.128116 -0.0507156 8.35339 49.971 -13 898 0 0 1
-0.0339191 -0.867127 780 -0.141419 -0.114525 6.65015 51.2392 -13 899 0 0 1
0.114639 -0.182959 780 -0.0599337 -0.0213251 11.434 26.4527 -13 900 0 0 1
0.161998 -0.478098 780 -0.116395 0.085431 5.30538 79.7435 -13 901 0 0 1
-0.0491932 0.05998 780 -0.100429 -0.135908 8.53478 35.0822 -13 902 0 0 1
0.11252 -0.20881 780 -0.109652 -0.141554 6.55687 49.7033 -13 903 0 0 1
-0.115998 0.0688387 780 -0.0127931 0.0282567 12.545 30.1287 -13 904 0 0 1
-0.339098 0.337457 780 0.106096 0.0568905 5.00937 71.9147 -13 905 0 0 1
0.0832995 0.131036 780 0.00379114 -0.0664058 10.4286 46.7938 -13 906 0 0 1
0.0242082 -0.00294637 780 -0.00598621 -0.0940789 11.6117 50.688 -13 907 0 0 1
0.021453 0.0145269 780 0.00879959 0.000760943 12.9461 25.2973 -13 908 0 0 1
0.163617 0.0132327 780 0.0451486 -0.036505 7.22372 53.4335 -13 909 0 0 1
0.0879816 0.0725332 780 0.0249408 -0.0311119 9.27455 31.9377 -13 910 0 0 1
0.113365 0.235727 780 0.261979 0.0872235 11.8034 25.8774 -13 912 0 0 1
-0.0530217 0.0556311 780 -0.0212616 -0.00270365 10.2577 29.3592 -13 914 0 0 1
-0.0446343 0.184522 780 -0.0115517 0.00410081 9.0878 37.1499 -13 915 0 0 1
-0.0398429 -0.10626 780 -0.0102452 -0.0331861 13.7936 39.3711 -13 916 0 0 1
0.132992 -0.0356595 780 -0.00294116 -0.0342227 12.485 42.2085 -13 917 0 0 1
0.0515793 -0.0255039 780 0.0188804 -0.0354423 12.8422 46.155 -13 918 0 0 1
0.242652 -0.418616 780 0.0466861 -0.0557742 3.41755 78.6837 -13 919 0 0 1
0.117642 -0.0813586 780 -0.0629805 0.0798693 8.61948 35.6607 -13 920 0 0 1
0.0563843 7.85362e-05 780 -0.0371522 -0.04779 14.0768 26.425 -13 921 0 0 1
-0.00835127 0.0650401 780 0.0182735 0.0122309 12.8429 43.0756 -13 922 0 0 1
0.166981 0.376777 780 0.0905874 -0.218743 3.67191 97.7386 -13 923 0 0 1
0.101677 -0.117943 780 -0.0853353 -0.0190259 13.5261 34.7638 -13 924 0 0 1
2.20116 -1.99802 780 -0.0487535 -0.0101871 0.0662644 35.7229 11 924 1001 0 1
-0.07997 -0.0367287 780 -0.0254826 -0.0159762 13.9266 48.797 -13 925 0 0 1
0.152959 0.0366782 780 0.0594188 -0.0287192 12.803 22.9406 -13 926 0 0 1
-0.0111963 0.0814437 780 0.0118542 0.0465622 4.6081 72.6226 -13 927 0 0 1
0.0816899 0.0759668 780 -0.0944891 0.00219129 11.7639 47.6263 -13 928 0 0 1
-0.0730231 -0.0480688 780 -0.0215901 0.0538848 13.542 27.5485 -13 929 0 0 1
0.061654 -0.0354797 780 0.0167755 -0.061364 12.7093 40.4659 -13 930 0 0 1
0.0431297 -0.0218805 780 -0.0203222 0.00793979 13.3059 42.5623 -13 931 0 0 1
0.0173415 -0.0445743 780 -0.0417832 0.011024 11.4414 53.6822 -13 932 0 0 1
-0.0365441 0.0259794 780 -0.0751476 0.0591317 13.6017 34.2158 -13 933 0 0 1
0.305506 0.26314 780 -0.0249936 -0.0599821 8.56849 44.9006 -13 934 0 0 1
-0.109348 -0.248568 780 -0.0902106 -0.00250752 10.3122 48.4958 -13 935 0 0 1
-2.54134 0.031336 780 0.0449036 -0.0227782 0.0625427 44.0639 11 935 1001 0 1
-0.0880059 0.100399 780 0.0209336 0.0185486 12.415 36.2923 -13 936 0 0 1
0.283208 -0.0834181 780 -0.0589753 -0.0321734 12.5282 49.8849 -13 937 0 0 1
-0.424276 0.0374042 780 0.00322099 0.151504 4.40069 64.226 -13 938 0 0 1
-0.133891 -0.0490048 780 -0.014533 0.0360129 13.8433 30.4836 -13 939 0 0 1
-0.566039 1.35478 780 0.337226 -0.365354 5.71264 51.2977 -13 940 0 0 1
-0.265085 0.141547 780 0.0964715 0.0424701 12.2426 38.9627 -13 941 0 0 1
0.056987 -0.121495 780 -0.0679168 -0.034646 10.4871 51.6954 -13 943 0 0 1
1.27544 3.46984 780 -0.0247874 -0.00915621 0.0235393 55.1419 11 943 1001 0 1
0.137709 0.217914 780 0.014196 0.201722 5.62009 71.5766 -13 944 0 0 1
0.357204 -0.386039 780 0.0704314 0.0115286 3.75473 95.9431 -13 945 0 0 1
0.0358479 0.0232252 780 0.0261136 -0.0140734 14.2975 32.7171 -13 946 0 0 1
-0.00296932 0.00653084 780 0.0766163 -0.00456752 10.4225 32.0768 -13 947 0 0 1
0.15898 -0.0261567 780 -0.0302802 -0.174624 7.70176 41.1821 -13 948 0 0 1
-0.165364 -0.00585928 780 0.00263193 0.0122992 12.4782 43.6472 -13 949 0 0 1
0.249486 -0.797647 780 -0.399857 -0.0450836 2.81917 86.441 -13 950 0 0 1
-0.0778783 -0.360387 780 -0.0839394 -0.0151388 5.14841 59.6252 -13 951 0 0 1
0.563447 -0.605805 780 -0.270962 -0.0357223 3.91575 91.7651 -13 952 0 0 1
-0.0199356 0.0990562 780 -0.000464743 -0.0625974 9.78415 35.4358 -13 953 0 0 1
-0.0753022 -0.0950528 780 -0.0415374 0.0219982 6.66606 61.2831 -13 954 0 0 1
0.0270958 0.101487 780 0.00518485 -0.0511843 7.29635 54.9675 -13 955 0 0 1
-13.2057 4.07299 780 0.0204665 0.00933214 0.0362049 50.8967 11 955 1001 0 1
0.338427 -0.27441 780 -0.116979 -0.118579 6.91097 47.4703 -13 956 0 0 1
0.308057 4.58794 780 1.27821 -0.401752 13.9835 39.067 -13 957 0 0 1
-0.00744816 -0.148468 780 -0.0686257 0.0305047 11.8759 38.0112 -13 958 0 0 1
-0.111916 -0.000941144 780 -0.02101 -0.0632518 10.3923 47.5832 -13 959 0 0 1
0.043884 -0.0397243 780 -0.035248 -0.0274691 14.4214 29.139 -13 960 0 0 1
-0.0786702 0.344312 780 0.102578 -0.00207718 11.7797 42.927 -13 962 0 0 1
-0.101233 -0.183891 780 -0.108564 2.03553e-05 11.8633 46.6598 -13 963 0 0 1
0.055591 0.00572372 780 0.0388962 -0.0258821 10.4727 53.4959 -13 964 0 0 1
0.103376 -0.12555 780 -0.00278761 -0.0476181 11.3246 40.5058 -13 965 0 0 1
-0.140617 0.114654 780 -0.0424366 0.105111 9.32757 37.909 -13 966 0 0 1
-0.333453 -0.0152131 780 0.0136278 -0.00772666 0.0325365 39.3494 11 966 1001 0 1
0.377528 1.0381 780 0.0813031 -0.149415 1.2467 118.781 -13 968 0 0 1
0.117169 0.0300013 780 0.0499957 -0.00236584 8.85868 44.2646 -13 969 0 0 1
-0.12762 0.0888779 780 0.0436396 0.0115912 13.2483 35.3335 -13 971 0 0 1
-0.109962 0.0484352 780 -0.0209204 -0.0220463 14.459 34.8488 -13 972 0 0 1
-0.0608673 0.121496 780 -0.0105614 0.0299537 13.6622 49.167 -13 973 0 0 1
0.325622 0.136853 780 -0.0258685 -0.0239214 0.109222 49.027 11 973 1001 0 1
0.0121586 -0.12795 780 -0.0340318 0.00700897 14.4674 39.401 -13 974 0 0 1
-4.25848 1.13276 780 0.000178783 -0.0596649 0.0781568 38.1143 11 974 1001 0 1
0.0974704 0.215167 780 0.0120666 -0.0942908 10.2726 47.3183 -13 975 0 0 1
0.0512196 -0.267906 780 -0.0800113 -0.0694563 6.65285 47.9148 -13 976 0 0 1
0.0446585 0.125591 780 0.0564577 -0.0136099 9.03921 48.2493 -13 978 0 0 1
-0.067064 0.0494915 780 0.0467255 0.00615007 13.7084 39.3715 -13 979 0 0 1
0.152337 0.138786 780 -0.00232214 -0.0215029 12.0428 27.2091 -13 980 0 0 1
-0.0427827 -0.0114312 780 0.0203059 0.0325609 9.66237 29.8266 -13 981 0 0 1
0.0407564 0.0696553 780 0.0112587 -0.0124941 13.6034 33.6247 -13 982 0 0 1
-0.407728 -0.0237316 780 -0.108367 0.0719355 5.5215 72.5934 -13 983 0 0 1
0.476205 3.0074 780 0.00598012 0.01094 0.0299977 73.0077 11 983 1001 0 1
0.0766923 0.567519 780 0.236743 -0.147829 9.98166 30.6084 -13 984 0 0 1
2.72692 -0.503722 780 -0.00914892 -0.00709279 0.0855548 24.2581 11 984 1001 0 1
-0.097325 -0.103541 780 -0.0819504 -0.0334473 11.2409 40.4049 -13 985 0 0 1
-0.030753 -0.199825 780 -0.0754342 0.00476739 8.30863 52.2859 -13 986 0 0 1
0.0670521 0.0656556 780 0.0062212 -0.0304193 14.235 44.5664 -13 987 0 0 1
0.237292 0.0273331 780 -0.0417181 -0.0848584 6.63258 63.5496 -13 988 0 0 1
-0.0323486 0.0983966 780 0.0704309 -0.00124302 14.4625 27.8467 -13 990 0 0 1
-0.114558 0.0762756 780 0.0149775 0.0531062 10.8665 45.9866 -13 991 0 0 1
-0.00937285 0.307913 780 0.0301377 -0.00929352 13.0314 47.1064 -13 992 0 0 1
0.438098 1.49345 780 0.0231506 0.0267375 0.0619757 47.7261 11 992 1002 0 1
0.0445748 -0.0119715 780 -0.00501707 -0.070931 11.2398 54.0457 -13 993 0 0 1
-0.239473 0.0818586 780 -0.014119 0.0867919 12.7597 46.7701 -13 994 0 0 1
-2.45057 1.2648 780 0.0487221 -0.039263 0.0435123 48.4072 11 994 1001 0 1
0.2027 0.212712 780 0.106436 -0.0609408 13.8878 32.3548 -13 995 0 0 1
-0.0997926 -0.0571079 780 0.00337908 0.0469305 13.0245 46.9762 -13 996 0 0 1
-0.0454718 -0.128211 780 -0.0749815 0.00562026 14.5086 28.3628 -13 997 0 0 1
0.0257083 0.356265 780 0.0769524 -0.0325973 10.1822 52.6539 -13 998 0 0 1
0.114464 -0.0803366 780 0.0555751 -0.0116699 7.31471 42.8811 -13 999 0 0 1
-0.06177 -0.0179094 780 -0.0190281 0.0629973 8.40422 54.9336 -13 1000 0 0 1
