#BLTrackFile NTuple/Z80
#x y z Px Py Pz t PDGid EventID TrackID ParentID Weight
#mm mm mm MeV/c MeV/c MeV/c ns - - - - -
0.0244595 0.00934967 80 0.00975603 -0.00326219 11.5296 21.6234 -13 1 0 0 1
-0.0185412 -0.0222234 80 -0.00785613 0.00276678 12.5877 24.8565 -13 2 0 0 1
0.0623302 0.0427467 80 -0.0182835 -0.0248427 9.88406 5.48379 -13 3 0 0 1
-1.00477 1.49123 80 -0.0311295 0.00310643 0.0861234 4.38505 11 3 1001 0 1
-0.0114533 0.00637715 80 0.000953387 0.00720854 11.1791 6.8452 -13 4 0 0 1
-0.0301269 0.00503368 80 -0.0213459 0.0225664 6.94515 11.5234 -13 5 0 0 1
0.0289151 0.0303212 80 -0.00781661 -0.00698511 7.6908 25.9272 -13 6 0 0 1
-0.000654188 -0.0131105 80 -0.00201828 0.00068487 12.0571 15.9331 -13 7 0 0 1
0.028381 0.0274992 80 0.000607799 -0.00713578 5.24627 20.3884 -13 8 0 0 1
0.0413672 -0.0309839 80 -0.00913257 -0.0102145 13.6589 25.6143 -13 9 0 0 1
-0.000523879 -0.0361053 80 -0.0102375 -0.00500757 13.2447 7.19141 -13 10 0 0 1
-0.061592 -0.0281884 80 -0.0072285 0.0189412 10.6614 5.5471 -13 11 0 0 1
-0.0868323 0.0371618 80 -0.00398189 0.0283855 11.8302 6.54861 -13 12 0 0 1
0.0929443 -0.0754181 80 0.000703722 -0.0110585 4.08601 13.4156 -13 13 0 0 1
-0.00832241 -0.0587295 80 -0.0176703 -0.0025132 10.446 5.88058 -13 14 0 0 1
0.15243 -0.011318 80 0.0416107 0.00514693 5.35759 24.9641 -13 15 0 0 1
-0.0327544 0.0127344 80 0.013548 0.0170064 8.48081 6.38276 -13 16 0 0 1
0.0332751 -0.0248119 80 0.00117667 -0.00114581 14.5186 9.17011 -13 17 0 0 1
0.0214648 -0.0661058 80 -0.0156262 -0.0151644 13.0978 31.2741 -13 18 0 0 1
0.00866624 0.0284722 80 -0.00188303 -0.00656651 8.31329 21.2972 -13 19 0 0 1
0.0153241 -0.0131682 80 -0.054243 -0.00124892 2.83164 28.7707 -13 20 0 0 1
0.00303716 0.00484655 80 0.00464165 0.00833267 14.4305 24.9036 -13 21 0 0 1
-0.11595 -0.0231524 80 -0.00361086 0.033221 10.5503 4.64338 -13 22 0 0 1
0.00569232 0.0135627 80 0.00603423 -0.00163532 11.7908 32.0595 -13 23 0 0 1
-0.0293488 -0.0369538 80 -0.0179729 0.00223626 8.35934 30.8095 -13 24 0 0 1
0 0 80 0 0 14.3729 16.2909 -13 25 0 0 1
0.0499542 0.101268 80 0.019839 -0.0165541 8.9668 18.9967 -13 26 0 0 1
-0.0827686 0.00297693 80 0.0124326 0.0128161 8.50363 13.9319 -13 27 0 0 1
0.0126922 0.027664 80 0.0104213 -0.00430009 11.5951 30.4313 -13 28 0 0 1
-0.0436467 0.00529634 80 0.00184294 0.0155498 7.09987 25.837 -13 29 0 0 1
-0.00421784 -0.0772049 80 -0.0214866 -0.0108582 13.6569 4.62383 -13 30 0 0 1
0.0100475 -0.000107283 80 -0.00310488 0.00686322 10.3861 7.2581 -13 31 0 0 1
-0.124547 -0.0896938 80 -0.0388675 0.0190111 8.53404 9.19452 -13 32 0 0 1
0.0688536 0.0395121 80 -0.0259005 -0.0762555 3.78323 33.2856 -13 33 0 0 1
0.10025 0.0490407 80 0.0711087 -0.0294544 13.6531 23.8592 -13 34 0 0 1
-0.327649 -1.37226 80 0.0158347 0.0550387 0.0550501 24.0732 11 34 1001 0 1
0.0518031 0.208869 80 0.0351759 -0.00890337 5.32292 32.5003 -13 35 0 0 1
-0.0366097 -0.0132488 80 -0.0157337 0.0314385 8.63174 27.8309 -13 36 0 0 1
-0.00375501 -0.00753533 80 -0.00272664 -0.000840318 10.4222 31.1413 -13 37 0 0 1
0 0 80 0 0 11.8645 26.1415 -13 38 0 0 1
0.00522852 -0.0042462 80 -0.000558396 -0.00214759 9.5426 13.5723 -13 39 0 0 1
-0.0163338 0.00232229 80 -0.00673271 0.00215682 10.9541 23.521 -13 40 0 0 1
0 0 80 0 0 8.93883 6.68431 -13 41 0 0 1
-0.000276433 0.00738556 80 0.00168748 0.00154049 9.94005 24.8527 -13 42 0 0 1
0 0 80 0 0 14.4381 14.1158 -13 43 0 0 1
-0.18152 -0.0847749 80 -0.0103024 0.0418552 11.3191 21.6946 -13 44 0 0 1
0.0269269 -0.0194648 80 -0.00950193 -0.0212415 10.8912 27.5727 -13 45 0 0 1
0.108018 -0.0252114 80 -0.00612328 -0.0281722 5.18607 10.2836 -13 46 0 0 1
-0.00255897 -0.000128561 80 0.000271729 0.000644774 11.4301 10.9443 -13 47 0 0 1
0.140873 0.0744656 80 -0.0128699 -0.0266275 6.83017 14.7922 -13 48 0 0 1
0.0233212 0.0527419 80 0.0177578 0.00061323 13.2792 8.86118 -13 49 0 0 1
-0.0434201 0.0238013 80 -0.00181889 0.00615202 4.54993 33.9791 -13 50 0 0 1
-0.0474321 0.00796385 80 -0.00609402 0.0162335 8.43154 15.8024 -13 51 0 0 1
0.138489 -0.16726 80 -0.049284 -0.0291674 3.03693 32.4654 -13 52 0 0 1
0.0685339 0.00843248 80 -0.00279407 -0.0180532 8.26267 5.30866 -13 53 0 0 1
0.0321963 -0.36221 80 -0.0623235 0.0395967 3.45797 13.6319 -13 54 0 0 1
0.0364724 0.00928639 80 0.0100378 -0.0109241 10.4184 22.5712 -13 55 0 0 1
0 0 80 0 0 14.1354 11.2696 -13 56 0 0 1
0 0 80 0 0 9.81468 30.5903 -13 57 0 0 1
-0.0156793 0.00475456 80 -0.00191974 0.00516877 8.34324 10.9304 -13 58 0 0 1
0.174024 -0.000860329 80 -0.0483869 -0.0374438 7.13976 21.5665 -13 59 0 0 1
0.0404744 0.0303177 80 -0.0168793 -0.0146506 8.34269 25.3759 -13 60 0 0 1
0.00421364 0.0425984 80 0.0150169 0.0140225 13.9569 17.7993 -13 61 0 0 1
-0.00203886 0.00648059 80 0.00726911 -0.00448632 9.41001 16.1423 -13 62 0 0 1
-0.0169385 -0.0116583 80 -0.007053 0.00245682 14.0301 30.5112 -13 63 0 0 1
0.019416 0.00630433 80 0.00883974 -0.00355407 8.94391 16.2224 -13 64 0 0 1
-0.171304 -0.0871789 80 -0.0100178 0.0515943 5.25024 10.7893 -13 65 0 0 1
0.00874933 0.0135237 80 -0.000528203 -0.00790902 7.43701 17.3856 -13 66 0 0 1
0 0 80 0 0 11.5481 15.2689 -13 67 0 0 1
0.112724 0.114676 80 0.0590603 -0.0455497 10.6767 22.5079 -13 68 0 0 1
-0.0491285 -0.0470942 80 -0.0342536 0.00562512 5.55034 19.2045 -13 69 0 0 1
0.0097326 0.000581083 80 0.0016232 -0.00839308 11.1844 8.05556 -13 70 0 0 1
0.00771408 0.0147657 80 0.00628498 0.0120174 11.699 6.61018 -13 71 0 0 1
0.00768916 -0.0183998 80 -0.00353233 -0.00592354 10.3937 4.58436 -13 72 0 0 1
0.0237555 0.0366232 80 0.00812819 -0.00158858 6.23337 26.5956 -13 73 0 0 1
-0.0689169 0.0366354 80 0.0199914 0.0304481 10.7575 17.7154 -13 74 0 0 1
0.00791395 -0.0475029 80 -0.0470277 -0.0141208 7.84792 31.8215 -13 75 0 0 1
0.0296568 -0.0335104 80 0.0037705 -0.0230141 12.5049 28.152 -13 76 0 0 1
-0.00876018 -0.0274548 80 -0.00656033 -0.00412942 8.27001 29.8601 -13 77 0 0 1
-0.0286065 -0.0251636 80 -0.00813632 0.00738021 13.5585 15.9748 -13 78 0 0 1
-0.0744381 0.0124327 80 -0.00438366 0.0213939 12.6914 27.5442 -13 79 0 0 1
0.0488834 -0.0307404 80 -0.0132132 -0.0156099 10.3262 30.9434 -13 80 0 0 1
0.0143446 0.0143454 80 0.0117834 -0.00605247 8.72576 26.6145 -13 81 0 0 1
0 0 80 0 0 13.2132 25.5858 -13 82 0 0 1
-0.0184183 -0.0224823 80 -0.0240534 -0.0118712 9.88177 22.074 -13 83 0 0 1
-0.0255611 -0.151041 80 -0.0693539 -0.00585475 6.41603 18.3528 -13 84 0 0 1
0 0 80 0 0 13.6161 6.25396 -13 85 0 0 1
0.0620489 0.0107543 80 0.00503693 -0.00953081 7.99766 16.9183 -13 86 0 0 1
0.188732 0.0266667 80 0.0474176 -0.0447405 2.90914 37.6825 -13 87 0 0 1
0.0354658 -0.0640446 80 -0.00522683 -0.00789341 8.55506 12.0878 -13 88 0 0 1
0.0176358 -0.0542903 80 -0.0206585 0.00234947 10.0045 14.0816 -13 89 0 0 1
0.010582 -0.0498916 80 -0.0289483 0.0111406 6.74787 13.2881 -13 90 0 0 1
-0.0759447 0.0346184 80 0.0302526 -0.0354145 7.20825 31.6799 -13 91 0 0 1
0.0706895 0.0641916 80 0.0154026 -0.008017 6.75624 32.3119 -13 92 0 0 1
0.0712242 0.0169458 80 0.0236995 -0.00618032 7.7368 29.8598 -13 93 0 0 1
0.0265615 -0.0848767 80 -0.0308717 -0.00981555 5.95697 14.0368 -13 94 0 0 1
-0.02192 -0.0600827 80 -0.0279403 -0.0185157 10.7952 14.7719 -13 95 0 0 1
0.495966 -0.196318 80 0.222595 0.0982882 2.92999 16.2579 -13 96 0 0 1
0.00947701 0.0212402 80 0.00806211 0.00112992 12.8827 17.631 -13 97 0 0 1
-0.0303186 0.105171 80 0.0230944 0.0155726 9.59865 11.405 -13 98 0 0 1
0.0212452 -0.00148095 80 -0.00931521 -0.00880821 14.0238 7.59311 -13 99 0 0 1
0.0159556 -0.00843352 80 -0.00279803 -0.00441593 12.3366 3.61563 -13 100 0 0 1
-0.0534798 0.128402 80 -0.00341562 -0.0268129 4.91221 22.161 -13 101 0 0 1
-0.365093 0.629341 80 0.0882084 -0.0287515 2.28564 25.0672 -13 102 0 0 1
-0.0240696 0.0131728 80 0.00559606 0.00519424 9.99273 26.5147 -13 103 0 0 1
0.0116412 0.0307943 80 0.0103412 0.00381994 9.63485 16.3008 -13 104 0 0 1
0.0240177 -0.0258346 80 -0.00795246 -0.00343564 8.85864 10.3328 -13 105 0 0 1
-0.0275577 0.00823138 80 -0.00294945 0.0122613 10.3431 31.1673 -13 106 0 0 1
0.0119343 -0.0375576 80 -0.0105628 -0.0173167 13.768 20.1532 -13 107 0 0 1
-0.044299 0.00125327 80 0.0234742 0.0206341 7.40275 16.9297 -13 108 0 0 1
-0.0385408 0.0214822 80 0.00607199 0.0107597 13.5845 3.12704 -13 109 0 0 1
-0.111125 0.116801 80 0.0380703 0.00650803 5.60839 8.52837 -13 110 0 0 1
0.0171451 0.031779 80 0.0115166 0.000123689 9.86908 7.03773 -13 111 0 0 1
-0.0442999 -0.230606 80 -0.0819899 -0.0539673 7.73069 8.06827 -13 112 0 0 1
0.00511488 0.0163011 80 0.00567268 0.00110181 11.9719 12.9828 -13 113 0 0 1
-0.0147618 -0.110262 80 -0.0381501 0.0537466 8.12167 10.6256 -13 114 0 0 1
-0.00694305 0.00498097 80 -0.0389956 0.0431869 13.24 22.1025 -13 115 0 0 1
-0.0334716 -0.077939 80 -0.0365576 0.0248562 10.3287 32.3354 -13 116 0 0 1
-0.0409469 -0.0509647 80 -0.0330313 -0.0197372 11.5922 7.92252 -13 117 0 0 1
0.000293714 -0.230039 80 -0.0217536 -0.025435 5.96387 10.3788 -13 118 0 0 1
0.0314508 -0.00656099 80 0.00442238 4.40274e-05 10.994 22.6572 -13 119 0 0 1
0.00723618 0.00514562 80 0.000546289 -9.67586e-05 7.56165 18.1594 -13 120 0 0 1
-0.0371049 -0.0357005 80 -0.00170376 0.0180205 8.00819 31.8792 -13 121 0 0 1
-0.0850403 -0.0522669 80 -0.0119557 0.0273731 9.07967 10.0132 -13 122 0 0 1
0.00122691 0.199568 80 0.0567294 -0.0554557 5.19223 28.3995 -13 123 0 0 1
-0.0802714 0.0263008 80 0.0111557 0.0188326 13.0048 17.8226 -13 124 0 0 1
0 0 80 0 0 11.4882 29.3577 -13 125 0 0 1
-0.00507987 -0.018133 80 -0.00911381 -0.00316923 11.7417 27.8452 -13 126 0 0 1
-0.00409809 -0.000869776 80 0.000375633 0.00126204 9.68047 9.24123 -13 127 0 0 1
-0.0242151 -0.0133909 80 -0.00491524 0.00664465 13.5131 12.119 -13 128 0 0 1
0.0629802 0.0270766 80 0.0153324 -0.0016011 13.509 15.1851 -13 129 0 0 1
0.00147785 -0.0295034 80 -0.00681918 -0.00615798 10.4747 25.3519 -13 130 0 0 1
-0.245192 -0.198013 80 -0.0616392 0.0728477 9.22404 11.7475 -13 131 0 0 1
0.0386052 -0.724265 80 -0.197675 -0.112495 13.2494 24.9281 -13 132 0 0 1
-0.0712442 0.123781 80 0.0460126 0.0422851 14.5327 21.2645 -13 133 0 0 1
-6.04263 1.23654 80 -0.00797589 -0.00308147 0.0323762 23.1387 11 133 1001 0 1
0.0593691 -0.0824357 80 -0.00711567 -0.00646398 7.32824 23.1053 -13 134 0 0 1
-0.0131958 0.0653719 80 0.0212786 0.020552 13.3726 6.81064 -13 135 0 0 1
0.0113337 0.0261027 80 0.00952138 0.00375432 12.9905 14.4485 -13 136 0 0 1
0.00137214 0.0877631 80 -0.0133824 -0.00947285 7.31421 8.54494 -13 137 0 0 1
-0.0484959 0.0103478 80 -0.00667868 0.00592036 4.76904 11.8285 -13 138 0 0 1
-0.0127378 -0.0319843 80 -0.0160526 -0.0394797 11.5129 22.5535 -13 139 0 0 1
0 0 80 0 0 14.1528 27.4617 -13 140 0 0 1
-0.00654315 -0.0364614 80 -0.0110901 -0.00099614 13.834 3.56248 -13 141 0 0 1
-0.0123794 -0.00990818 80 -0.0101853 -0.00210668 13.762 14.1313 -13 142 0 0 1
-0.0184162 -0.0543907 80 -0.0143398 0.00933736 11.0464 8.57839 -13 143 0 0 1
0 0 80 0 0 14.4025 22.9776 -13 144 0 0 1
-0.031882 -0.0184907 80 -0.00838156 0.00780163 9.8921 28.5799 -13 145 0 0 1
0.203426 -0.0349126 80 -0.0143958 -0.0512781 9.2542 14.1229 -13 146 0 0 1
-0.116778 0.0162308 80 0.0135423 0.0293613 11.2523 18.1902 -13 147 0 0 1
-0.0144905 -0.0102994 80 0.00394768 0.00646464 7.45044 17.5245 -13 148 0 0 1
0.0253343 -0.00705736 80 -0.0129342 0.028464 7.07523 13.0519 -13 149 0 0 1
-0.0149787 0.0214872 80 0.0084289 0.0095691 13.8618 23.003 -13 150 0 0 1
-0.00741388 -0.0137506 80 -0.00929768 -0.00673398 8.1517 7.40211 -13 151 0 0 1
0.0278725 0.00137577 80 -0.0088902 -0.0127125 14.1411 26.6338 -13 152 0 0 1
-0.0158878 0.129205 80 0.0329138 0.0414297 13.704 26.1449 -13 153 0 0 1
-0.0222757 0.0192591 80 0.00220298 -0.00515236 9.49286 20.6229 -13 154 0 0 1
0.0176959 0.00442674 80 0.00713772 -0.00480738 9.98357 28.486 -13 155 0 0 1
0 0 80 0 0 11.9984 19.5073 -13 156 0 0 1
0 0 80 0 0 13.2535 11.7652 -13 157 0 0 1
-0.00190694 -0.138988 80 -0.0332227 0.000780967 8.51675 14.0656 -13 158 0 0 1
0 0 80 0 0 14.3443 25.2953 -13 159 0 0 1
-0.024555 -0.0485026 80 -0.0211317 -0.0226697 7.58155 12.9237 -13 160 0 0 1
0.00107105 -0.00106189 80 0.000193238 -0.000774418 14.1159 9.36513 -13 161 0 0 1
-0.00776519 -0.0077833 80 -0.0038284 0.000162686 9.82486 18.6161 -13 162 0 0 1
0.00266446 0.00237567 80 0.00422707 0.00376581 9.7928 6.35373 -13 163 0 0 1
0.0245075 -0.0293672 80 -0.00254265 -0.0148324 14.2334 22.5387 -13 164 0 0 1
0 0 80 0 0 12.3525 27.3659 -13 165 0 0 1
0.0701814 0.138373 80 0.0524214 -0.0120548 11.0411 31.653 -13 166 0 0 1
-0.0512773 0.0271127 80 0.0139799 0.00855408 9.90087 8.22617 -13 167 0 0 1
-0.00943415 -0.0116828 80 -0.00551016 0.00110546 11.4395 3.86105 -13 168 0 0 1
0.0249459 0.0171663 80 0.00115426 -0.00622198 13.0788 28.9682 -13 169 0 0 1
-0.0230192 -0.0432974 80 -0.0465574 -0.0116167 8.97234 22.5553 -13 170 0 0 1
0.0315931 0.0160376 80 -0.0101025 -0.0208836 14.5214 24.3745 -13 171 0 0 1
-5.90264e-08 5.66786e-07 80 -3.54018e-07 3.39937e-06 11.8747 17.4639 -13 172 0 0 1
-0.0109306 -0.00851239 80 -0.00914263 -0.020229 13.054 3.7511 -13 173 0 0 1
-0.0410392 -0.00164672 80 0.00122607 0.0118879 9.81979 27.0078 -13 174 0 0 1
0.00791317 -0.0171851 80 -0.00428917 -0.00288554 10.6877 5.65897 -13 175 0 0 1
0.0353725 0.00975356 80 -0.0118643 -0.0135829 10.8055 17.3814 -13 176 0 0 1
0.274769 -0.108928 80 -0.0150551 -0.0324287 3.80548 14.5341 -13 177 0 0 1
0.0145299 0.00829211 80 0.0367816 0.0013262 5.74312 16.9179 -13 178 0 0 1
0.0294684 -0.0645502 80 0.0433805 0.034666 5.7612 22.0645 -13 179 0 0 1
-0.458632 -0.110988 80 -0.195876 -0.0470498 7.20965 27.9149 -13 180 0 0 1
0.0433069 -0.0366921 80 0.00772332 -0.0653624 8.82384 30.1607 -13 181 0 0 1
0.000386158 -0.0512526 80 -0.0143903 0.0117467 9.28988 20.9976 -13 182 0 0 1
-0.0221301 0.0149172 80 0.00413075 0.0059102 14.0379 7.83368 -13 183 0 0 1
-0.0274741 -0.0154378 80 -0.00998618 0.00150905 12.3053 7.46468 -13 184 0 0 1
-0.133257 0.00916938 80 0.0213243 0.027867 11.5137 18.7459 -13 185 0 0 1
0.00158677 0.00165974 80 0.00258919 0.00246777 11.894 31.9597 -13 186 0 0 1
-0.00120321 0.0326602 80 0.0211962 0.013321 4.95801 10.148 -13 187 0 0 1
-0.0576457 -0.0636866 80 -0.027522 0.0368062 8.63721 20.3763 -13 188 0 0 1
-0.230421 -0.185893 80 -0.0635122 0.0553258 5.98338 6.5268 -13 189 0 0 1
0.00235989 0.0700637 80 0.0119834 -0.0270734 8.47001 9.50008 -13 190 0 0 1
-4.86782e-07 3.72157e-06 80 -2.23657e-06 1.70992e-05 12.2566 8.75509 -13 191 0 0 1
-0.0107744 0.0347027 80 0.01478 0.0141894 12.1046 8.51165 -13 192 0 0 1
1.42015 -0.599126 80 -0.0111487 -0.00511616 0.640587 42.5273 -13 193 0 0 1
0.0989792 0.151792 80 0.0222031 -0.0442404 10.3756 10.2209 -13 194 0 0 1
0.0382894 -0.0277734 80 -0.0101111 -0.00973452 10.8833 24.9653 -13 195 0 0 1
0.00849908 0.00409461 80 0.00218383 -0.000927558 11.7089 32.2161 -13 196 0 0 1
-0.0112634 0.0570018 80 -0.0342948 0.0485262 2.06771 35.4098 -13 197 0 0 1
-0.0156231 -0.00317894 80 -0.000152085 0.00447025 12.3375 7.24315 -13 198 0 0 1
-0.0286534 -0.00825407 80 -0.00574047 0.0111413 12.9464 16.9334 -13 199 0 0 1
-0.546851 0.458469 80 0.00119198 0.0500263 2.6974 30.5041 -13 200 0 0 1
-0.00719965 -0.0783768 80 -0.0205189 -0.0014602 11.6206 24.599 -13 201 0 0 1
0.13736 0.122211 80 0.0358439 -0.0450717 12.0297 23.6758 -13 202 0 0 1
-6.02313e-05 7.27301e-08 80 -0.00680796 -3.28348e-05 14.47 23.0942 -13 203 0 0 1
-0.138371 0.0693266 80 0.00892517 0.0510355 5.59374 14.5378 -13 204 0 0 1
0.0103775 -0.0892877 80 -0.0135553 -0.0152073 7.2492 15.5337 -13 205 0 0 1
0.351653 -0.387089 80 -0.123808 0.035879 2.39096 40.6643 -13 206 0 0 1
-0.0245557 -0.0058514 80 -0.00016278 -0.0201198 9.26279 31.4641 -13 207 0 0 1
0.180341 0.230526 80 0.00427828 0.0101112 2.59202 30.7595 -13 208 0 0 1
-0.0017089 -0.0182587 80 -0.00191949 -0.0145005 13.7207 15.3758 -13 209 0 0 1
0.172833 0.0766722 80 0.0446873 -0.0616313 3.58677 30.4242 -13 210 0 0 1
0.00761238 0.0625656 80 -0.00785529 -0.0300808 6.69931 19.9262 -13 211 0 0 1
0 0 80 0 0 13.9573 3.78914 -13 212 0 0 1
0.0184844 -0.00249609 80 -0.00538521 -0.00402385 8.99849 32.5162 -13 213 0 0 1
0.0649803 0.0510688 80 0.0155663 -0.0189675 9.82332 21.5152 -13 214 0 0 1
0.197967 -0.122409 80 -0.0668518 0.011014 4.30546 20.7505 -13 215 0 0 1
-0.0348679 -0.00420313 80 0.000422623 0.00748304 9.92724 15.4999 -13 216 0 0 1
0 0 80 0 0 9.47371 16.4375 -13 217 0 0 1
-0.0402138 -0.0638364 80 -0.0107506 -0.0127986 5.35093 20.9007 -13 218 0 0 1
0 0 80 0 0 9.77944 13.6235 -13 219 0 0 1
-0.0417535 0.0426906 80 0.0101396 0.019571 13.3322 14.2868 -13 220 0 0 1
-0.00334247 -0.211087 80 -0.0368983 -0.0218463 3.9447 17.1604 -13 221 0 0 1
-0.0348562 -0.025443 80 -0.0212952 -0.018434 8.94735 10.5816 -13 222 0 0 1
0.00176989 0.0155251 80 -0.00110489 0.000110039 8.70373 7.10951 -13 223 0 0 1
0.00998947 0.0587934 80 0.0330102 0.0221256 6.21828 33.9253 -13 224 0 0 1
1.1091 0.300829 80 0.000237798 -0.021151 0.0512443 33.015 11 224 1004 0 1
0.0197577 0.0170542 80 0.00390484 -0.00187064 12.358 23.5524 -13 225 0 0 1
-0.00350369 -0.00116629 80 -0.00997607 -0.00329604 10.1185 22.2162 -13 226 0 0 1
0.0449472 0.0247711 80 0.0190595 -0.0023327 12.6333 22.3411 -13 227 0 0 1
0.0521534 0.0228086 80 0.0169157 -0.0109268 13.5216 15.7664 -13 228 0 0 1
-0.00130664 0.000464343 80 -0.0120902 0.00429424 13.456 13.2736 -13 229 0 0 1
-0.0165055 0.024426 80 0.00518275 0.00680354 11.9894 4.20875 -13 230 0 0 1
-0.0261098 0.112343 80 0.0275167 0.0555982 9.04822 29.7446 -13 231 0 0 1
-1.05378 -0.644191 80 -0.00232621 0.013842 0.0568113 29.8182 11 231 1001 0 1
0.0183632 0.107951 80 0.00920956 -0.0335146 6.38702 23.8863 -13 232 0 0 1
-0.364877 -0.122061 80 -0.0514351 0.0916909 10.9913 30.8944 -13 233 0 0 1
0.0217334 -0.0780468 80 -0.026961 -0.0361974 12.5062 5.63521 -13 234 0 0 1
0.048788 0.0583918 80 0.00544155 0.01563 6.41044 28.335 -13 235 0 0 1
0.0382431 0.0119633 80 -0.0330809 -0.0228914 4.75097 26.7083 -13 236 0 0 1
-0.17274 0.0120663 80 0.0198271 0.0555739 8.40652 18.8347 -13 237 0 0 1
-0.0273684 1.10308 80 -0.00825353 -0.0226548 0.0454425 19.6568 11 237 1001 0 1
-0.0453141 0.090396 80 0.0547451 0.0232934 9.53936 8.42464 -13 238 0 0 1
0.0137884 0.0114414 80 0.00646285 -0.00153316 12.7944 14.2903 -13 239 0 0 1
-0.00546457 0.00389398 80 -0.00867857 -0.00987903 12.7633 7.95972 -13 240 0 0 1
-0.20038 0.00913322 80 -0.0054207 0.0539337 12.8175 4.778 -13 241 0 0 1
1.72876 -1.96668 80 0.0148021 -0.0346388 0.0274172 7.35221 11 241 1002 0 1
0.0107497 0.0159865 80 -0.00523432 0.000287245 10.9447 19.3064 -13 242 0 0 1
-0.00337177 -0.0137846 80 -0.00258551 -0.0232025 13.8152 30.26 -13 243 0 0 1
-0.0714223 0.0598251 80 0.00612708 0.0352883 8.68692 27.1418 -13 244 0 0 1
2.63368 -1.76781 80 0.0062688 0.046307 0.0182048 27.7347 11 244 1001 0 1
2.37409 -0.0239906 80 0.00147711 -0.00614518 -0.045571 28.7916 11 244 1001 0 1
-1.09885e-06 2.72635e-07 80 -2.41059e-05 5.98086e-06 12.9339 14.932 -13 245 0 0 1
0.0451609 0.0042598 80 -0.000468038 -0.00752632 8.13932 12.8367 -13 246 0 0 1
0.0878004 -0.0647206 80 -0.0153767 -0.0258338 11.6572 13.2744 -13 247 0 0 1
-0.0158665 -0.0149894 80 -0.00787319 0.00154234 11.8525 30.2228 -13 248 0 0 1
-0.00341006 0.0151661 80 0.00281255 0.0083858 12.3677 13.4317 -13 249 0 0 1
0.0428011 0.00186239 80 0.00969087 -0.00916281 10.3726 22.5522 -13 250 0 0 1
0.00419429 0.00317945 80 -0.000543285 -0.00206355 8.37815 29.9954 -13 251 0 0 1
0.0122194 -0.00160336 80 0.00148187 0.000531203 12.9913 10.1291 -13 252 0 0 1
0.301286 0.0924363 80 0.110348 -0.0499847 11.9426 23.9621 -13 253 0 0 1
0.112326 -0.0060951 80 -0.000834581 -0.0202273 8.35932 8.36178 -13 254 0 0 1
0.00844255 0.0531886 80 0.0224458 0.0051963 12.0869 10.3631 -13 255 0 0 1
0.0109475 -0.0776674 80 -0.015561 -0.016927 12.2605 3.43598 -13 256 0 0 1
0.0329817 0.0736596 80 0.03607 0.00977416 11.2966 14.0408 -13 257 0 0 1
0.0744829 0.0628727 80 0.0216205 -0.0126428 11.7446 19.5235 -13 258 0 0 1
-0.00971785 0.00392229 80 -0.00409075 0.00491044 14.4672 7.7191 -13 259 0 0 1
-0.0205068 0.0130825 80 0.000638338 -1.4968e-05 14.2236 26.0763 -13 260 0 0 1
0.100497 0.0762288 80 0.0400975 -0.0152845 13.8535 17.4445 -13 261 0 0 1
-0.0025499 -0.00231262 80 -0.00326251 -0.00295672 12.9697 21.8044 -13 262 0 0 1
0.017618 -0.0590281 80 -0.0187919 -0.000599151 10.5521 10.6503 -13 263 0 0 1
-0.0490465 0.121941 80 0.0196724 0.0472353 3.94116 31.6534 -13 264 0 0 1
0 0 80 0 0 12.8159 26.2701 -13 265 0 0 1
0.00682327 0.0194501 80 -0.00063939 -0.006609 11.3394 27.3854 -13 266 0 0 1
0.00905402 0.0418895 80 0.0164533 0.00372609 14.0726 24.8593 -13 267 0 0 1
0.0816896 -0.0668963 80 -0.0109996 -0.0267639 12.2817 8.2768 -13 268 0 0 1
-0.0171972 -0.00346666 80 0.00735668 0.0177771 11.9217 14.6121 -13 269 0 0 1
0.278848 0.351199 80 0.108139 -0.0831166 3.66149 37.0998 -13 270 0 0 1
0.135998 -0.0180917 80 -0.00490942 -0.00541532 7.36511 31.6791 -13 271 0 0 1
0 0 80 0 0 14.4772 12.2412 -13 272 0 0 1
0.137383 -0.0185895 80 0.0126904 -0.046614 8.15403 14.2462 -13 273 0 0 1
0 0 80 0 0 12.6233 29.627 -13 274 0 0 1
0 0 80 0 0 8.83486 23.2706 -13 275 0 0 1
0.0413188 -0.0356641 80 -0.0182893 -0.00562943 11.5471 8.56867 -13 276 0 0 1
0.0074481 0.0213917 80 0.00748711 0.000852627 9.648 28.3974 -13 277 0 0 1
-0.00353401 0.00332946 80 -0.00355528 0.00335198 13.765 15.1601 -13 278 0 0 1
0.0169146 0.00432521 80 0.00306959 -0.0039966 13.359 23.1065 -13 279 0 0 1
0.0343665 0.0963061 80 0.0386954 0.00848592 6.37693 11.2762 -13 280 0 0 1
-0.604108 2.66148 80 -0.00291573 -0.0173533 0.0362845 11.2121 11 280 1002 0 1
-0.00302619 0.00969338 80 0.00174669 0.0042381 8.19798 23.8743 -13 281 0 0 1
0.0309393 -0.00260993 80 0.0117358 -0.010007 9.55693 26.6835 -13 282 0 0 1
0 0 80 0 0 10.7333 10.2796 -13 283 0 0 1
-0.0264866 0.00593503 80 0.0136317 -0.0146075 7.26374 17.8859 -13 284 0 0 1
-0.0400597 -0.0215378 80 -0.0144197 0.0119019 3.55114 36.3374 -13 285 0 0 1
0.0170829 -0.0245926 80 0.0012766 -0.00425591 6.85578 30.5599 -13 286 0 0 1
0.033733 0.0927574 80 0.032401 0.0134854 10.9037 31.1746 -13 287 0 0 1
0.0216661 -0.00189004 80 0.00605525 -0.00624259 11.9838 28.2339 -13 288 0 0 1
-0.00257475 -0.0573789 80 -0.0192171 -0.0011217 9.50519 20.9627 -13 289 0 0 1
-0.00364012 0.146085 80 0.0383659 0.0598179 9.10421 12.1543 -13 290 0 0 1
-1.01307 0.257708 80 0.0105395 0.0398751 0.0354087 12.3772 11 290 1001 0 1
0.015838 -0.0810106 80 -0.0124362 -0.0183324 7.00876 23.2719 -13 291 0 0 1
-0.0127716 0.0264847 80 0.000998348 0.00503156 13.2816 5.77334 -13 292 0 0 1
-0.0114791 0.00392044 80 0.00873125 0.0122825 7.46733 33.2951 -13 293 0 0 1
0.0130331 0.0529194 80 0.0242483 0.00063212 13.8326 31.9614 -13 294 0 0 1
-0.0664231 0.0619184 80 0.049729 -0.0218375 7.31295 27.3625 -13 295 0 0 1
-0.0528494 0.0131708 80 0.0229843 0.0379622 6.12832 20.2271 -13 296 0 0 1
-0.00302797 0.0346438 80 0.0105891 -0.00115892 12.0007 7.53681 -13 297 0 0 1
-0.291884 -0.0395341 80 0.0300501 0.110724 2.61386 40.1684 -13 298 0 0 1
0 0 80 0 0 12.1997 15.4675 -13 299 0 0 1
-0.104693 -0.123297 80 -0.0427216 -0.0564059 3.65799 35.0998 -13 300 0 0 1
-0.040903 0.00440429 80 -0.0187887 0.00404924 8.27874 30.3541 -13 301 0 0 1
-0.00588954 0.0663481 80 0.0348445 0.00340761 7.63103 20.1132 -13 302 0 0 1
-0.00628132 -0.00346086 80 -0.00331326 0.000462313 11.6768 15.8555 -13 303 0 0 1
-0.0013627 0.00233437 80 -0.00297735 -0.00249483 7.78136 21.3275 -13 304 0 0 1
0 0 80 0 0 11.1024 13.1286 -13 305 0 0 1
0.0301332 -0.0254432 80 -0.0140681 -0.010519 9.74273 18.7803 -13 306 0 0 1
0.138358 -0.0471148 80 0.0103431 -0.0702024 4.6329 18.2146 -13 307 0 0 1
0.059947 -0.0204419 80 -0.0122253 -0.0158898 12.393 9.23989 -13 308 0 0 1
-0.0170065 0.0176336 80 -0.0479507 -0.0691469 9.5969 23.5311 -13 309 0 0 1
-0.532426 0.273033 80 -0.00900263 -0.0328136 0.013457 23.8791 11 309 1002 0 1
0.0301928 -0.017506 80 -0.0260572 0.0296294 5.81096 14.8549 -13 310 0 0 1
0.00768792 -0.00361955 80 0.000358387 -0.00287289 14.0142 19.6031 -13 311 0 0 1
-0.00225993 0.0232698 80 0.00875011 -0.0090311 12.1718 9.7657 -13 312 0 0 1
0.002049 -0.00101502 80 -0.0017803 -0.00315267 13.0586 4.45693 -13 313 0 0 1
-0.00124851 0.0353872 80 0.00905823 0.0155012 13.8307 4.10703 -13 314 0 0 1
0 0 80 0 0 11.6448 6.71966 -13 315 0 0 1
-0.0368551 -0.0298545 80 -0.0299276 -0.00941574 9.12346 10.0906 -13 316 0 0 1
0.000532582 0.213871 80 -0.0315335 -0.0718847 3.24769 18.0601 -13 317 0 0 1
0.0861174 -0.124863 80 -0.0255818 0.01603 6.16525 10.7116 -13 318 0 0 1
2.46812 -0.550156 80 0.00606659 -0.00814755 0.0387695 10.9286 11 318 1002 0 1
1.80209 -5.74664 80 -0.0414611 -0.259476 1.02309 40.1304 -13 319 0 0 1
0.000762944 -0.00287315 80 0.00203039 -0.00765436 13.8175 8.25991 -13 320 0 0 1
-0.0060841 0.0476455 80 0.0153308 0.0148172 10.0195 8.89576 -13 321 0 0 1
0 0 80 0 0 12.765 8.41973 -13 322 0 0 1
0.0705975 -0.00762218 80 0.0142014 -0.013296 6.24468 12.61 -13 323 0 0 1
-0.472122 0.039061 80 -0.126355 0.0253731 2.55511 35.7148 -13 324 0 0 1
0.258479 -0.121507 80 0.00918583 -0.094274 11.4687 29.7358 -13 325 0 0 1
-0.071048 0.0636259 80 0.025592 0.0121902 10.7577 23.4818 -13 326 0 0 1
-0.0157684 0.0154597 80 0.0022099 0.00505568 12.4862 15.8155 -13 327 0 0 1
-0.135521 -0.39528 80 -0.112645 0.0632728 4.48159 27.6492 -13 328 0 0 1
-0.00635919 -0.00492753 80 -0.00297869 0.000155831 12.0021 25.0448 -13 329 0 0 1
0.0122644 -0.00489913 80 -0.00969806 -0.00784375 9.02253 11.8251 -13 330 0 0 1
-0.00299263 -0.0540525 80 -0.0177874 0.00300416 5.68641 6.43863 -13 331 0 0 1
0.0283217 0.100436 80 -0.0026987 -0.0271252 5.09832 12.1984 -13 332 0 0 1
-0.0196668 -0.00384724 80 -0.0159742 0.0161504 9.8988 14.6187 -13 333 0 0 1
0 0 80 0 0 12.8616 5.27346 -13 334 0 0 1
0 0 80 0 0 14.2605 23.5722 -13 335 0 0 1
-0.00504882 -0.0331981 80 -0.0114971 0.000662029 5.84615 19.2498 -13 336 0 0 1
0.00443989 0.00337231 80 0.0043306 0.00121955 13.7448 20.8928 -13 337 0 0 1
0.0215493 0.0684641 80 0.030902 0.0063863 9.67874 27.9505 -13 338 0 0 1
0.0274016 -0.0294834 80 0.00588827 -0.00327623 9.37151 32.2375 -13 339 0 0 1
-0.189941 0.014041 80 -0.054055 0.100195 2.38525 40.025 -13 340 0 0 1
-0.0152097 -0.00459751 80 -0.00585272 0.00275212 12.4696 30.2936 -13 341 0 0 1
-0.13021 -0.0199653 80 0.0362453 0.0995568 1.40181 41.4852 -13 342 0 0 1
0.119679 0.148206 80 -0.0684569 0.0283245 2.86898 39.0314 -13 343 0 0 1
0.00400502 0.00313618 80 0.00492142 0.00385087 13.261 8.96729 -13 344 0 0 1
0.0461164 -0.00295642 80 -0.00863554 -0.012207 9.74358 4.08987 -13 345 0 0 1
-0.00638402 -0.00516869 80 -0.00495916 -0.00224861 13.467 17.689 -13 346 0 0 1
-0.00326203 -0.0436599 80 -0.0220072 -0.0121501 12.1263 17.4376 -13 347 0 0 1
-0.0332235 0.0433031 80 -0.000677332 0.0279499 13.8033 28.8765 -13 348 0 0 1
-0.0313794 0.13348 80 0.0509637 0.0190026 7.20977 18.6476 -13 349 0 0 1
-0.014864 -0.028278 80 -0.00489244 0.0157179 7.83428 27.337 -13 350 0 0 1
-0.155262 -0.0335848 80 0.0263161 0.00346755 4.73488 14.574 -13 351 0 0 1
0.0266355 -0.118906 80 -0.0271193 -0.014188 4.43899 18.7678 -13 352 0 0 1
-1.48134 -2.27873 80 -0.294974 -0.267499 1.72291 22.4454 -13 353 0 0 1
0.0395321 -0.0107938 80 0.039161 0.0381548 10.8781 30.3529 -13 354 0 0 1
-0.24902 -0.133783 80 -0.0488375 0.0815681 3.61224 27.0826 -13 355 0 0 1
-1.9713 -0.882557 80 -0.003445 -0.00882935 0.0306978 26.6983 11 355 1001 0 1
-0.00930852 0.069387 80 0.0194682 0.0106429 9.80451 31.2089 -13 356 0 0 1
-0.00629829 -0.00509389 80 -0.0025987 -0.00240553 10.7005 30.4488 -13 357 0 0 1
0.109661 0.105203 80 0.0586842 -0.0149219 10.9268 20.5412 -13 358 0 0 1
-0.322682 2.16433 80 -0.040533 0.024584 0.0392996 20.8753 11 358 1002 0 1
0.0591181 -0.0128603 80 -0.00253033 -0.0145619 11.8097 9.08041 -13 359 0 0 1
-0.0321292 0.00450218 80 -0.0102073 0.00492872 13.5221 24.1126 -13 360 0 0 1
0.304238 -0.14379 80 -0.0285131 -0.136845 4.11748 13.2838 -13 361 0 0 1
-0.0198066 0.0351818 80 -0.00794506 -0.00393032 8.79153 4.64663 -13 362 0 0 1
0.00190704 0.00270511 80 0.00172359 0.000747852 12.2225 31.234 -13 363 0 0 1
0.0550316 -0.132424 80 -0.0361135 -0.0393244 14.4692 7.18863 -13 364 0 0 1
0.083827 -0.026009 80 0.000494536 -0.0155803 11.8628 7.62638 -13 365 0 0 1
-0.0968224 0.0320854 80 0.000430469 0.0391818 7.95664 5.03127 -13 366 0 0 1
-0.0242269 -0.0224664 80 -0.00839353 0.00470963 11.7275 27.4835 -13 367 0 0 1
0.000178627 0.00127737 80 0.0193405 -0.00906819 6.15519 24.4755 -13 368 0 0 1
-0.0864767 0.0798638 80 0.0419703 -0.0575313 2.59652 32.5354 -13 369 0 0 1
-0.0714003 0.0962663 80 0.0231561 0.0204601 6.55765 8.74635 -13 370 0 0 1
-1.60593 -0.198034 80 0.0334574 -0.00706803 0.0313417 8.76695 11 370 1003 0 1
0.0581694 -0.0383984 80 -0.00332245 -0.0205708 14.5317 20.1271 -13 371 0 0 1
0.559748 -0.513202 80 0.23806 -0.420819 2.92088 38.0788 -13 372 0 0 1
0 0 80 0 0 14.208 11.5856 -13 373 0 0 1
-0.165049 -0.0114897 80 -0.0215877 0.0333882 5.09427 11.9759 -13 374 0 0 1
0.014885 0.0213696 80 -0.00298568 0.00422814 13.379 24.5273 -13 375 0 0 1
0.112973 0.0625985 80 0.00906699 0.0077707 6.71216 17.6377 -13 376 0 0 1
-0.0230209 -0.0273953 80 -0.006016 0.00923542 10.5473 13.272 -13 377 0 0 1
-0.0729009 0.0134642 80 0.0321269 -0.0104122 2.5414 14.5524 -13 378 0 0 1
-0.0138694 -0.0105195 80 -0.0220092 -0.0143192 7.49125 7.40338 -13 379 0 0 1
0.091195 0.0925817 80 0.00785942 -0.0358464 10.7475 8.42137 -13 380 0 0 1
0.0762252 0.17194 80 0.0373522 -0.0297672 7.89182 16.777 -13 381 0 0 1
0.00134977 0.00422338 80 0.0024198 0.00756297 13.424 15.1492 -13 382 0 0 1
-0.493683 -0.133006 80 0.0185129 -0.035012 2.06182 38.7259 -13 383 0 0 1
0 0 80 0 0 14.1265 16.9697 -13 384 0 0 1
-0.000506002 -0.000829655 80 -0.00453028 -0.00742961 14.4674 11.6236 -13 386 0 0 1
-0.0137372 -0.0218109 80 -0.00683894 0.00308434 14.443 20.2723 -13 387 0 0 1
0.00731793 0.013203 80 0.00338844 -0.00320615 9.42733 27.2371 -13 388 0 0 1
-0.00668047 0.0212139 80 0.00243427 0.00693103 13.5109 21.191 -13 389 0 0 1
0.0137338 -0.0256787 80 -0.00846801 0.00127973 10.3424 12.4944 -13 390 0 0 1
-0.123543 -0.0662676 80 -0.00243823 0.0413986 8.74057 32.0166 -13 391 0 0 1
0.0106269 -0.0467194 80 -0.0135786 -0.00146938 8.20594 31.3059 -13 392 0 0 1
-0.0711109 0.0312285 80 0.0262876 0.0191241 4.26422 10.6202 -13 393 0 0 1
-0.0221556 -0.0119546 80 0.00394556 0.00563964 4.18421 17.183 -13 394 0 0 1
0.0509684 -0.0173278 80 0.157316 -0.053526 14.1146 11.4372 -13 395 0 0 1
0.0167867 0.0329194 80 0.0250073 0.00800042 7.16427 20.6664 -13 396 0 0 1
0.0198852 0.0149567 80 0.00460767 -0.00521105 14.53 9.87822 -13 397 0 0 1
-0.00141837 0.00842077 80 -0.00182028 0.0108308 13.3153 9.99659 -13 398 0 0 1
0.0133027 0.0428975 80 0.022037 0.0256024 12.6502 6.19319 -13 399 0 0 1
-0.0239324 0.0269937 80 -0.0187459 0.012976 11.6706 14.3854 -13 400 0 0 1
-0.0358183 0.0615752 80 0.00998888 -0.00972839 11.1944 16.316 -13 401 0 0 1
0.00535885 -0.0648088 80 -0.0238633 0.0197823 7.36631 5.98258 -13 402 0 0 1
3.23742 -3.47837 80 -0.0219541 -0.0108176 0.0389393 6.00044 11 402 1001 0 1
-0.0011452 0.0574497 80 -0.00843442 0.00616496 5.81194 25.4117 -13 403 0 0 1
-0.0290833 -0.000429583 80 -0.0319577 0.01806 14.4011 10.9067 -13 404 0 0 1
-0.026228 -0.282751 80 -0.0746565 -0.0162509 12.865 19.912 -13 405 0 0 1
-0.0215489 0.00346767 80 0.00456009 0.00267248 7.20267 19.7111 -13 406 0 0 1
0.0508633 0.0194841 80 0.0187976 -0.0206741 4.89967 30.4024 -13 407 0 0 1
0.0154953 -0.00586677 80 -0.00169036 -0.00513194 10.946 24.6369 -13 408 0 0 1
-0.00930431 -0.0089042 80 0.011764 0.00950728 12.2228 6.38085 -13 409 0 0 1
0 0 80 0 0 7.25871 14.6547 -13 410 0 0 1
-0.0462566 0.00391615 80 0.0382647 0.00228971 6.91541 9.80259 -13 411 0 0 1
0.0696966 -0.0179285 80 -0.027988 -0.0164895 7.35141 9.16537 -13 412 0 0 1
0.0119866 0.102472 80 0.0163353 0.0353415 5.82337 6.31836 -13 413 0 0 1
0 0 80 0 0 9.86465 10.0103 -13 414 0 0 1
-0.0448795 -0.0067305 80 0.00128412 0.0205802 8.33699 11.1251 -13 415 0 0 1
-0.0146873 0.0140735 80 0.00852029 -0.0019405 12.6624 16.6176 -13 416 0 0 1
0.0692881 0.0016328 80 0.00758658 -0.0190451 6.62428 10.8114 -13 417 0 0 1
-0.0394282 -0.0125698 80 0.00343208 0.00468075 10.0639 29.7252 -13 418 0 0 1
0.17651 0.0232441 80 0.0024593 -0.0103826 7.7414 18.0852 -13 419 0 0 1
-0.0344502 -0.0182209 80 -0.0241175 0.00156684 12.4979 12.7369 -13 420 0 0 1
-0.00153189 -0.005854 80 -0.00215552 -0.00108494 13.2182 7.4685 -13 421 0 0 1
0.0244856 -0.024419 80 -0.00176216 -0.0130222 7.146 8.5532 -13 422 0 0 1
0.216197 0.736676 80 0.0611876 0.0758279 2.36893 31.7163 -13 423 0 0 1
-0.0457507 -0.0137843 80 -0.00433275 0.0108639 9.35978 13.5145 -13 424 0 0 1
0.0441604 -0.103045 80 -0.00378643 -0.0318798 5.24644 35.122 -13 425 0 0 1
0.039808 0.049094 80 0.0223721 0.0134791 5.22633 30.4222 -13 426 0 0 1
-0.0149916 0.000791046 80 -0.000403614 0.00209658 10.8277 28.8789 -13 427 0 0 1
-0.042726 0.0611985 80 0.0120604 -0.00296746 7.09309 12.7909 -13 428 0 0 1
-0.131195 0.0334463 80 0.0100403 -0.00681168 7.86364 17.2265 -13 429 0 0 1
0.121592 0.0313243 80 0.00615478 -0.0450757 9.97178 13.709 -13 430 0 0 1
0.00206773 0.0129735 80 0.00375607 -0.00127652 10.8643 13.0656 -13 431 0 0 1
0.0185215 0.0518514 80 0.0171332 0.00713362 9.98414 21.4853 -13 432 0 0 1
0.0202798 0.0146227 80 0.0508174 -0.0289003 11.0686 28.2764 -13 433 0 0 1
0 0 80 0 0 13.7133 13.8709 -13 434 0 0 1
-0.0151353 -0.0188722 80 -0.00651309 -0.0105588 11.4079 17.9234 -13 435 0 0 1
-0.115649 -0.0272115 80 0.00111013 0.0368528 11.2664 9.78734 -13 436 0 0 1
0.00212571 0.0340361 80 -0.0028593 0.0219334 10.7237 14.4522 -13 437 0 0 1
0 0 80 0 0 11.1431 19.4345 -13 438 0 0 1
-0.0144433 -0.0315141 80 -0.00633785 0.00616765 11.9617 31.3923 -13 439 0 0 1
0.0365659 -0.0160186 80 -0.00154479 0.00532034 8.88599 24.6791 -13 440 0 0 1
0 0 80 0 0 11.441 17.1218 -13 441 0 0 1
0.014841 -0.0051276 80 0.019521 -0.00372283 4.35123 9.65512 -13 442 0 0 1
0.0532785 -0.0703249 80 -0.0211945 -0.0290856 7.63122 29.8419 -13 443 0 0 1
-3.8615 -0.630385 80 0.031766 -0.00681035 0.0364928 30.2142 11 443 1001 0 1
0.0721902 -0.0462479 80 -0.0147864 -0.00476578 11.4096 13.7743 -13 444 0 0 1
0.0204796 -0.0731964 80 -0.0120165 0.00792529 8.04691 29.8367 -13 445 0 0 1
-0.0236829 -0.0343608 80 -0.0132634 0.00153077 13.4171 29.3246 -13 446 0 0 1
0.0510806 -0.040626 80 -0.00744217 -0.017399 11.6005 15.0266 -13 447 0 0 1
-0.0383355 -0.00807254 80 -0.0318118 0.00530032 9.84202 6.99344 -13 448 0 0 1
0.0254115 -0.00956427 80 0.00609929 -0.0106647 8.21897 8.69479 -13 449 0 0 1
0.0783568 0.0146645 80 0.0348449 -0.0269443 12.3689 32.0151 -13 450 0 0 1
0.0845767 -0.169426 80 0.022126 -0.0252911 0.0149988 34.9776 11 450 1001 0 1
-0.0235121 -0.0115273 80 -0.00382843 0.00696566 7.90546 24.6771 -13 451 0 0 1
0.0957145 0.0758604 80 0.0222843 -0.0280959 11.9002 29.3752 -13 452 0 0 1
-0.0241187 0.0137173 80 0.00222577 0.00829804 12.9883 30.5066 -13 453 0 0 1
0 0 80 0 0 9.58837 12.7786 -13 454 0 0 1
-0.382369 0.0638898 80 0.0255344 0.0789874 2.675 15.8473 -13 455 0 0 1
0.0384575 -0.0186658 80 -0.00268951 -0.0129131 14.0198 6.36754 -13 456 0 0 1
-0.0165857 0.0173394 80 -0.00387614 0.00633673 9.47548 5.16286 -13 457 0 0 1
-0.0255487 0.0351438 80 -0.0022629 0.0131184 11.6353 29.6518 -13 458 0 0 1
-0.0295196 -0.0445817 80 -0.00181479 -0.0117314 8.04674 12.8645 -13 459 0 0 1
0.0633041 -0.0186755 80 0.00752607 -0.0223973 10.6024 6.30276 -13 460 0 0 1
-0.0131551 -0.00921096 80 -0.0099549 -0.00214244 13.4715 28.5661 -13 461 0 0 1
-0.0401418 0.0331024 80 0.00356013 0.0155415 13.6974 28.7273 -13 462 0 0 1
-0.00288874 0.0263493 80 0.0144146 0.0110199 7.73559 16.4531 -13 463 0 0 1
0.10095 -0.0513949 80 -0.00318755 -0.0304658 4.18427 35.1384 -13 464 0 0 1
-0.092457 -0.0767284 80 -0.0251572 0.0317147 9.92003 9.00498 -13 465 0 0 1
2.16608 -0.0495629 80 0.0382667 -0.000855619 0.0348591 11.0267 11 465 1001 0 1
-0.00840305 0.00920133 80 0.0123448 -0.0189172 7.45137 6.14013 -13 466 0 0 1
-0.0104037 -0.0349313 80 -0.0113008 0.000295509 14.0891 5.77876 -13 467 0 0 1
-0.0799453 0.0667426 80 0.0157373 0.0199805 8.85857 14.258 -13 468 0 0 1
0.0614365 0.257787 80 0.0298462 0.00592602 5.05809 23.5193 -13 469 0 0 1
-0.0575776 -0.0850092 80 0.0403928 0.0606465 6.54771 7.63313 -13 470 0 0 1
0.451073 0.0263041 80 0.14138 -0.23279 2.42231 17.8875 -13 471 0 0 1
0.0388206 0.00885849 80 -0.000238562 -0.0158676 10.0791 23.7383 -13 472 0 0 1
-0.072795 -0.0236343 80 -0.0352872 0.0253362 5.53567 7.71246 -13 473 0 0 1
-0.0829639 -0.014905 80 -0.026816 0.0270979 8.28968 19.2954 -13 474 0 0 1
0 0 80 0 0 11.8057 13.2763 -13 475 0 0 1
0 0 80 0 0 7.89819 5.30395 -13 476 0 0 1
0.05958 0.00577412 80 -0.00175384 -0.0192756 9.552 19.7646 -13 477 0 0 1
-0.0948684 -0.176994 80 -0.0563908 0.0142482 9.77909 6.4433 -13 478 0 0 1
0.0324582 0.0752773 80 0.0148487 0.0480516 5.51568 8.66715 -13 479 0 0 1
-0.0210002 -0.0238036 80 -0.0117402 -0.00100938 10.7347 20.3707 -13 480 0 0 1
-0.0874029 -0.0371669 80 0.00653567 0.0291405 9.03579 18.1808 -13 481 0 0 1
-0.0260543 0.0922294 80 0.0227227 0.0241669 6.62785 34.0337 -13 482 0 0 1
0.0172596 -0.000276203 80 0.00307303 -0.00501536 14.0562 31.6767 -13 483 0 0 1
0.0293405 -0.040143 80 0.00746957 0.0226663 7.54778 18.5105 -13 484 0 0 1
0.0114443 0.00737116 80 -0.00515409 -0.0021066 11.3888 6.69009 -13 485 0 0 1
-0.117784 -0.0336716 80 -0.00751291 0.0360641 7.37901 12.2567 -13 486 0 0 1
0 0 80 0 0 13.0326 20.8797 -13 487 0 0 1
0.0305822 0.0524125 80 0.000834522 -0.0416858 5.47547 26.4604 -13 488 0 0 1
-0.028773 0.00181426 80 -0.00249614 0.00464647 13.9003 7.3885 -13 489 0 0 1
0.0638634 -0.0405495 80 -0.00286163 -0.0167447 4.13275 11.7537 -13 490 0 0 1
0.0559825 -0.0314624 80 -0.00264515 -0.0426455 7.62884 29.1778 -13 491 0 0 1
-0.0467031 -0.0370128 80 -0.0284423 -0.00188228 13.9448 6.78104 -13 492 0 0 1
-0.0185736 0.00490623 80 0.00122492 0.00706027 12.4444 27.6586 -13 493 0 0 1
-0.0092031 -0.0286137 80 -0.00537598 -0.00876667 12.9718 26.277 -13 494 0 0 1
-0.0121027 0.0341014 80 -0.0110789 0.0318911 14.4581 3.88929 -13 495 0 0 1
0 0 80 0 0 10.7441 10.28 -13 496 0 0 1
-0.0224145 0.00728134 80 -0.0139471 0.0113351 14.0762 3.62773 -13 497 0 0 1
0.0018188 0.0133441 80 0.00341431 -0.00213076 13.7082 19.0136 -13 498 0 0 1
0.00172002 -0.0161114 80 -0.00539028 0.00274292 11.9877 18.6771 -13 499 0 0 1
0.0110079 0.00378267 80 -0.0186728 -0.00192436 12.6763 16.11 -13 500 0 0 1
0.0136675 -0.00290312 80 0.00364908 -0.00758542 10.9116 13.4151 -13 501 0 0 1
-0.0182159 -0.00737001 80 -0.00751648 0.00328156 14.4418 7.72093 -13 502 0 0 1
-0.015759 -0.0303318 80 -0.00936614 0.000365738 10.2709 9.17303 -13 503 0 0 1
0.0124462 0.000217909 80 0.00135791 -0.00359825 11.202 20.0395 -13 504 0 0 1
-0.0159743 0.161574 80 0.196433 -0.116692 3.95799 24.7851 -13 505 0 0 1
0.0152896 -0.0368001 80 -0.00706392 -0.00323636 8.73514 11.8476 -13 506 0 0 1
-0.00521085 -0.0467986 80 -0.012524 -0.0034876 12.4758 14.6678 -13 507 0 0 1
0.0117543 0.0560254 80 0.0216744 -0.00165272 11.4497 28.5799 -13 508 0 0 1
0.102589 0.102216 80 0.0306909 -0.0325128 8.2538 24.5846 -13 509 0 0 1
0.0348138 0.0569169 80 0.0173243 -0.00761092 10.5781 13.2261 -13 510 0 0 1
0 0 80 0 0 10.4648 6.41436 -13 511 0 0 1
0.0104304 0.00209881 80 0.0126224 0.00253496 12.9046 20.6881 -13 512 0 0 1
-0.00082004 -0.00173707 80 -0.00133506 -0.00282556 13.357 3.41886 -13 513 0 0 1
-0.0322672 -0.0860271 80 -0.0253726 -0.00192694 8.01061 9.81543 -13 514 0 0 1
-0.00843929 -0.00681022 80 -0.00774127 -0.0016188 10.2572 27.1028 -13 515 0 0 1
-0.0522343 -0.0361723 80 0.00518407 0.00574734 4.15226 16.33 -13 516 0 0 1
0.00428862 0.000299577 80 -0.00166782 -0.00181804 8.26115 7.10494 -13 517 0 0 1
0.0237211 0.0100256 80 0.0223725 0.00944488 12.3924 7.95605 -13 518 0 0 1
0.0100041 0.00206664 80 0.00992609 0.00204613 11.6842 21.7554 -13 519 0 0 1
-0.00931813 -0.0174091 80 -0.00899213 -0.000522272 11.6582 20.1743 -13 520 0 0 1
-0.492168 0.0525754 80 0.0434622 0.0965609 0.889941 30.7527 -13 521 0 0 1
0 0 80 0 0 12.962 14.2267 -13 522 0 0 1
0.00661883 0.0082917 80 0.00252206 0.0078156 13.5925 18.6524 -13 523 0 0 1
0.141383 0.151357 80 0.0262895 0.00548203 4.12849 33.1843 -13 524 0 0 1
0.081438 0.0620125 80 0.0269818 -0.0206766 9.74136 10.6684 -13 525 0 0 1
0.00980789 -0.0299117 80 -0.0142221 -0.00689184 11.7227 22.7033 -13 526 0 0 1
0.0342091 0.0685601 80 -0.0171041 0.0233205 3.57944 36.9459 -13 527 0 0 1
0 0 80 0 0 12.5074 18.8884 -13 528 0 0 1
0.0276031 0.0383698 80 0.0116155 -0.0140094 11.2949 25.9455 -13 529 0 0 1
-0.012264 -0.00975296 80 0.00206419 0.00360738 8.3489 26.599 -13 530 0 0 1
-0.00440777 -0.00192855 80 -0.00248099 0.000396453 12.9657 16.4374 -13 531 0 0 1
0.0255893 0.0169219 80 0.0101666 -0.00410485 13.8529 31.6627 -13 532 0 0 1
0.0379669 -0.00497732 80 -0.0190541 0.00942709 9.09923 26.7099 -13 533 0 0 1
-0.0519515 0.00316992 80 0.0195102 0.0113331 9.18884 26.9984 -13 534 0 0 1
-0.000284575 0.00017676 80 -0.000455657 0.000283281 9.86057 6.13263 -13 535 0 0 1
0.00918666 0.0693038 80 0.0190415 -0.00403368 13.0586 11.8697 -13 536 0 0 1
0.0671192 0.034681 80 0.0178355 -0.0566752 4.6708 21.1214 -13 537 0 0 1
0.00580203 -0.0110259 80 -0.000506026 -0.00585653 14.484 20.7 -13 538 0 0 1
-0.0360057 -0.00963797 80 -0.0133462 0.106287 11.3507 8.79107 -13 539 0 0 1
0.0265795 -0.000887354 80 0.012753 -0.00178798 11.284 28.6231 -13 540 0 0 1
0.0454626 -0.0213139 80 0.00414136 -0.011239 7.43895 26.177 -13 541 0 0 1
-0.0117501 0.00859766 80 -0.000485961 0.00576216 12.8311 6.49207 -13 542 0 0 1
1.13862e-07 2.61518e-06 80 1.02395e-06 2.3518e-05 8.58687 16.559 -13 543 0 0 1
0.011811 -0.0230748 80 -0.00403886 -0.00404021 13.7435 30.4726 -13 544 0 0 1
-0.0249051 0.00391464 80 -0.0165038 0.00114015 5.08716 32.1323 -13 545 0 0 1
-0.0195237 0.0192192 80 0.0128285 -0.00749707 6.7391 24.4907 -13 546 0 0 1
0.00718025 -0.000915038 80 0.00894065 -0.00114325 10.6982 22.7414 -13 547 0 0 1
0.00862752 -0.0457096 80 -0.0102837 -0.0137599 9.88925 22.498 -13 548 0 0 1
0.0467575 -0.0369034 80 -0.0109649 -0.0160439 9.65673 29.0901 -13 549 0 0 1
-0.00175127 -0.00138007 80 -0.01685 0.0132744 8.63939 20.3642 -13 550 0 0 1
-0.131402 0.0469304 80 -0.0099566 0.0479045 10.6029 8.94247 -13 551 0 0 1
0.109719 0.0120935 80 -0.00176804 -0.0372829 11.3367 13.0966 -13 552 0 0 1
-0.0127204 0.0475774 80 0.026578 -0.000211768 7.95074 15.8223 -13 553 0 0 1
0.0917791 0.0904491 80 0.087041 -0.0998143 5.18577 7.48521 -13 554 0 0 1
0.088535 -0.0316086 80 0.0105926 -0.0022566 8.01265 31.4604 -13 555 0 0 1
-0.0283358 -0.118805 80 -0.0392044 0.0121808 6.27211 25.8834 -13 556 0 0 1
0 0 80 0 0 13.5782 9.03335 -13 557 0 0 1
-0.0772757 -0.342107 80 -0.0273548 0.0103307 1.7033 29.0719 -13 558 0 0 1
-0.0276486 -0.0502242 80 -0.025752 -0.012049 10.9505 31.3006 -13 559 0 0 1
0 0 80 0 0 13.6123 3.31911 -13 560 0 0 1
0.00321523 -0.00700515 80 -0.0142211 0.0137612 5.37991 32.4852 -13 561 0 0 1
0.00168773 0.00309385 80 0.00830623 -0.00503127 11.0652 6.68519 -13 562 0 0 1
0.0308001 -0.00555683 80 -0.00220577 -0.00891817 12.1242 18.151 -13 563 0 0 1
-0.00946428 -0.0309923 80 -0.0094317 -0.00638209 10.5924 31.3508 -13 564 0 0 1
-0.0223046 -0.00675553 80 -0.00563664 0.00512726 14.2344 7.84699 -13 565 0 0 1
0.0340495 0.00120616 80 0.0146627 0.0069012 9.46139 15.3158 -13 566 0 0 1
-0.102826 -0.0157223 80 0.01309 0.0266085 10.6063 14.7386 -13 567 0 0 1
0.0701333 -0.0806076 80 -0.0294011 -0.0187724 11.8737 28.8749 -13 568 0 0 1
0 0 80 0 0 13.5581 13.7434 -13 569 0 0 1
-0.00100402 -0.00136315 80 -0.0061599 -0.0101133 11.1195 28.761 -13 570 0 0 1
-0.0554818 -0.0441226 80 -0.0145043 0.00992159 12.6625 16.1501 -13 571 0 0 1
-0.0181152 -0.0467832 80 -0.0392435 -0.0157517 9.90733 15.6487 -13 572 0 0 1
0.601263 -0.879191 80 -0.0193305 -0.0276889 0.0121812 16.8233 11 572 1003 0 1
-0.00219796 0.0125198 80 0.00466651 0.0138988 6.66926 17.6601 -13 573 0 0 1
0 0 80 0 0 13.7531 11.2365 -13 574 0 0 1
0.0745498 0.0190101 80 -0.00322503 -0.0279626 7.14471 23.0708 -13 575 0 0 1
-0.147342 -0.000440258 80 -0.0113997 0.0464717 10.6285 22.1845 -13 576 0 0 1
-0.0103578 -0.00666252 80 -0.00680837 -0.000935239 13.4105 5.21961 -13 577 0 0 1
0.444237 -0.407645 80 -0.131803 -0.120948 8.43526 15.1025 -13 578 0 0 1
0 0 80 0 0 13.9802 18.5302 -13 579 0 0 1
0.00672989 0.000620066 80 0.00829064 0.00783632 12.7688 10.4966 -13 580 0 0 1
0 0 80 0 0 11.1085 30.9763 -13 581 0 0 1
-0.00161764 0.0678375 80 0.0274256 0.0198419 8.95487 16.0391 -13 582 0 0 1
0.00174358 -0.0182562 80 -0.00530221 -0.00909496 7.7388 11.1091 -13 583 0 0 1
0.0266605 -0.0225251 80 0.00654651 -0.0186605 13.9844 28.9099 -13 584 0 0 1
0 0 80 0 0 11.2673 11.0266 -13 585 0 0 1
0.0151962 -0.00131983 80 -0.00421432 -0.00310681 9.40816 28.3548 -13 586 0 0 1
0.0115755 -0.0470695 80 -0.0127957 -0.0257787 13.7729 21.8656 -13 587 0 0 1
0.0214409 0.0121544 80 -0.00435346 0.00433673 9.63182 13.0752 -13 588 0 0 1
-0.0210885 0.0134662 80 0.000399739 0.00833334 13.2797 14.8751 -13 589 0 0 1
0.24701 0.407273 80 0.0605949 0.00824947 1.92883 21.005 -13 590 0 0 1
0.27078 0.270866 80 -0.0514105 -0.157624 9.19067 15.4091 -13 591 0 0 1
-0.0328875 -0.0450571 80 -0.0143632 0.00950843 8.35573 16.5375 -13 592 0 0 1
-0.0356098 -0.0294727 80 -0.00486204 -0.0192257 5.93027 32.3429 -13 593 0 0 1
0.019479 0.0184832 80 0.00849724 -0.00276311 10.7718 32.3085 -13 594 0 0 1
-0.0500829 -0.0617019 80 -0.0267732 0.0125234 10.059 17.9178 -13 595 0 0 1
-0.0272758 0.0636756 80 0.0252906 0.0013978 8.16651 20.7108 -13 596 0 0 1
0.0108225 -0.00734291 80 -0.00163377 -0.00309173 10.4424 14.9392 -13 597 0 0 1
0.127594 0.0290342 80 0.0102126 -0.030308 1.05312 30.9249 -13 598 0 0 1
0.129113 0.0299236 80 0.0219046 0.00799536 5.91819 12.2442 -13 599 0 0 1
0.216537 0.0876533 80 0.0357123 -0.0306092 2.54129 11.9942 -13 600 0 0 1
0.00861727 0.0004499 80 0.00958711 0.000496781 12.5642 20.6605 -13 601 0 0 1
0.0656143 0.0284538 80 0.0279597 0.0484036 6.95214 26.3458 -13 602 0 0 1
-0.0902903 0.00755033 80 -0.0355103 0.0445777 9.31926 25.8016 -13 603 0 0 1
0.018075 0.0108465 80 -0.00684778 0.0154836 7.61034 17.0928 -13 604 0 0 1
0.150618 -0.0565298 80 -0.00577671 -0.013282 4.94533 13.574 -13 605 0 0 1
0 0 80 0 0 12.4665 19.1272 -13 606 0 0 1
0.009977 -0.00450794 80 0.00463597 -0.0102653 11.897 8.47724 -13 607 0 0 1
0.0170368 -0.176148 80 -0.0410971 -0.0334291 12.9341 17.3855 -13 608 0 0 1
0.017349 0.032833 80 0.00997518 -0.00218496 11.891 7.65762 -13 609 0 0 1
-0.000222887 0.0236974 80 0.00654468 -0.00256399 8.85349 10.8727 -13 610 0 0 1
-4.6183e-05 0.000114341 80 -0.0002168 0.000536838 10.3527 8.05174 -13 611 0 0 1
0.010342 -0.0518623 80 -0.0223923 -0.0329409 7.91163 15.8559 -13 612 0 0 1
0.000207683 -0.0198813 80 -0.00558297 0.00068674 12.4783 17.1107 -13 613 0 0 1
0.00611846 0.0174077 80 0.00177562 0.00182145 12.1393 5.00651 -13 614 0 0 1
-0.104139 0.0379334 80 0.0334494 -0.0122409 4.05931 25.2234 -13 615 0 0 1
0.203762 0.103635 80 0.00819011 -0.0510168 4.19941 32.6346 -13 616 0 0 1
0.00714719 -0.0133571 80 -0.00591147 -0.000583419 10.8329 19.9614 -13 617 0 0 1
-0.0458274 0.034914 80 0.000835295 0.0148262 8.1472 23.6223 -13 618 0 0 1
0.177265 0.18142 80 0.0477776 -0.0277803 4.989 27.7325 -13 619 0 0 1
-0.0697487 -0.017275 80 -0.00508664 0.0237071 12.3701 22.268 -13 620 0 0 1
-0.0603206 -0.147869 80 -0.0433194 0.0099149 5.30034 8.20995 -13 621 0 0 1
0.0104135 -0.00680587 80 0.00369524 -0.00677001 11.1735 30.9366 -13 622 0 0 1
0.0685491 0.0607763 80 0.00238909 -0.0265418 9.75326 17.4784 -13 623 0 0 1
0.0166272 0.0155439 80 0.00655572 -0.00320673 14.1827 3.61091 -13 624 0 0 1
-0.000373188 0.0418846 80 0.00871687 0.0165606 9.1802 19.3874 -13 625 0 0 1
-0.0246341 0.0134542 80 0.0146695 0.00422534 6.17912 13.3511 -13 626 0 0 1
-0.00630065 -0.00526897 80 -0.0212876 -0.0101237 9.44351 21.0447 -13 627 0 0 1
-0.145788 0.237494 80 -0.0660351 0.0900556 3.40696 27.0057 -13 628 0 0 1
0.0491245 8.7381e-05 80 -0.00186576 -0.0116328 10.4704 9.30242 -13 629 0 0 1
0.0303969 -0.00300289 80 0.00160685 -0.00772463 11.7972 30.2747 -13 630 0 0 1
-0.213259 -0.0580641 80 -0.0653402 0.0645484 8.89376 31.2126 -13 631 0 0 1
-0.0181017 0.00509138 80 -0.00143254 0.00583343 14.0823 14.6255 -13 632 0 0 1
-0.0149829 -0.0196163 80 -0.0101105 0.00303386 8.39482 12.1153 -13 633 0 0 1
-0.0733349 0.0652869 80 -0.00267673 0.0371943 4.97067 8.96909 -13 634 0 0 1
0.0650603 -0.0611638 80 -0.0485216 0.0192263 8.09004 21.2115 -13 635 0 0 1
-0.0197626 -0.00610199 80 -0.0139164 0.0032556 14.143 9.67764 -13 636 0 0 1
-0.0106066 -0.0471979 80 -0.0154221 0.00648886 8.05038 25.8251 -13 637 0 0 1
-0.00605393 -0.0143594 80 0.00240934 -0.00817469 12.7211 18.4775 -13 638 0 0 1
0.0609359 -0.0254451 80 0.0102045 -0.0275486 14.0103 7.86555 -13 639 0 0 1
-0.0266909 -0.00697212 80 -0.00698888 0.00438254 10.916 4.11583 -13 640 0 0 1
0.046858 -0.0593558 80 -0.0338123 0.00750519 4.66437 16.7522 -13 641 0 0 1
0.285761 -0.314833 80 -0.1085 -0.0300669 7.23455 27.3791 -13 642 0 0 1
0.0171591 -0.0378563 80 -0.0125181 -0.00767872 11.0815 3.60558 -13 643 0 0 1
-0.0274179 -0.0195502 80 -0.00640653 0.00153683 13.7435 20.9104 -13 644 0 0 1
-0.00570158 0.00610933 80 0.000194913 0.00302614 9.75363 5.59422 -13 645 0 0 1
-0.0225225 0.0151049 80 0.00110923 0.00805232 13.7726 19.3945 -13 646 0 0 1
0.00309291 0.00850142 80 0.039057 -0.0389809 6.02873 32.0752 -13 647 0 0 1
0.126524 0.0474095 80 0.0470863 -0.0213279 4.32671 20.1964 -13 648 0 0 1
0.0610743 -0.0576788 80 -0.0223586 0.0355817 6.38467 15.2273 -13 649 0 0 1
0.0161805 -0.0485842 80 -0.0122303 -0.0209838 13.5413 6.58932 -13 650 0 0 1
-0.00382355 -0.0453211 80 -0.00611269 0.00454455 10.1082 16.1954 -13 651 0 0 1
0.0531826 -0.0966285 80 -0.0165173 -0.028569 10.5051 29.1653 -13 652 0 0 1
-0.0165935 0.0245639 80 0.00765401 0.00403367 11.993 20.344 -13 653 0 0 1
0.028095 -0.0176736 80 0.00489141 -0.0133031 12.3087 15.026 -13 654 0 0 1
-0.020162 -0.0285239 80 -0.0104953 0.00420286 14.3676 24.5601 -13 655 0 0 1
-0.0386285 0.0282365 80 -0.000784598 0.0149424 9.60835 19.4924 -13 656 0 0 1
0.041891 -0.00687397 80 0.0238224 -0.0276964 8.02787 25.8369 -13 657 0 0 1
0.0146379 0.0321232 80 0.00956261 0.00418946 5.2201 22.5495 -13 658 0 0 1
-0.0210975 -0.0328749 80 -0.0133024 -0.00118189 14.4632 16.1782 -13 659 0 0 1
0.794122 0.189443 80 -0.0135341 -0.235377 11.7068 25.216 -13 660 0 0 1
0.150155 0.0347527 80 -0.000360005 -0.0538826 10.6554 19.0574 -13 661 0 0 1
-0.0197646 -0.0598565 80 -0.0161444 -0.00470746 12.1403 14.1097 -13 662 0 0 1
-0.0276471 0.00553881 80 -0.00313596 0.021062 9.56897 32.5443 -13 663 0 0 1
0.031593 0.0570945 80 -0.00801791 -0.019428 8.25849 32.9726 -13 664 0 0 1
0.0107743 -0.0223114 80 -0.00532237 -0.00538179 11.3639 4.8629 -13 665 0 0 1
0.123083 -0.00166385 80 -0.00410253 -0.0402052 11.7997 17.4074 -13 666 0 0 1
-0.0366689 0.023256 80 -0.00213681 0.00146295 13.0957 15.3553 -13 667 0 0 1
0.0350687 -0.0987309 80 -0.026498 -0.0125751 6.73705 15.0618 -13 668 0 0 1
-0.0341047 0.0259484 80 0.00249124 0.0136815 9.6168 21.154 -13 669 0 0 1
0.0302612 -0.110634 80 -0.030707 -0.01145 13.5888 19.6672 -13 670 0 0 1
0 0 80 0 0 13.1543 22.2329 -13 671 0 0 1
0.0663456 0.225286 80 0.0365176 0.102661 2.28087 27.9589 -13 672 0 0 1
-0.0149548 -0.0584011 80 -0.0336041 -0.00903135 4.09021 21.1042 -13 673 0 0 1
-0.00877757 -0.0354648 80 -0.00782238 0.00085291 12.5617 31.9199 -13 674 0 0 1
0.0335417 -0.00888286 80 -0.0233796 -0.0176312 7.24084 12.358 -13 675 0 0 1
-0.00300335 0.00702613 80 0.00714904 0.00200103 12.9163 28.6258 -13 676 0 0 1
0.000867473 -0.00108249 80 0.00215831 -0.00269488 11.8426 9.54645 -13 677 0 0 1
-0.108824 0.0780441 80 0.0243929 0.0192491 9.43389 19.1285 -13 678 0 0 1
-0.0242849 0.0169236 80 -0.000239334 0.0587809 8.14764 16.6205 -13 679 0 0 1
-0.0640929 0.00246313 80 -0.0148502 0.0198103 9.2791 22.0302 -13 680 0 0 1
0 0 80 0 0 14.0754 5.13311 -13 681 0 0 1
-0.0256321 0.035114 80 0.0058751 0.0115282 13.2738 3.61791 -13 682 0 0 1
0.00688712 0.00369701 80 0.0175228 0.00939997 13.0082 27.4795 -13 683 0 0 1
0.0884834 0.00297345 80 -0.0586892 0.0281779 8.65717 20.143 -13 684 0 0 1
-0.0034271 -0.0145168 80 -0.00478605 -0.000712516 8.092 11.3219 -13 685 0 0 1
0.0121255 -0.0021979 80 0.00109449 -0.0113872 11.6535 29.9171 -13 686 0 0 1
0.0119349 -0.0190557 80 -0.00020747 0.0127009 9.05455 10.0606 -13 687 0 0 1
-0.00140752 0.0824445 80 0.0241992 0.0156034 12.8547 25.515 -13 688 0 0 1
-0.0170754 0.0491008 80 0.0181387 0.0103129 9.91513 25.7814 -13 689 0 0 1
-0.0796353 0.0524059 80 -0.0343564 0.00800963 5.32943 25.2207 -13 690 0 0 1
0.0157777 0.0165213 80 0.0153433 -0.00875824 12.3378 19.718 -13 691 0 0 1
-0.00892859 -0.00406227 80 0.00290697 0.00293241 7.51731 5.94141 -13 692 0 0 1
0 0 80 0 0 12.7861 23.4181 -13 693 0 0 1
0.148797 0.100022 80 0.062522 -0.0217438 4.16057 18.131 -13 694 0 0 1
1.97555e-06 2.44327e-06 80 4.87214e-06 6.02564e-06 7.40083 15.1775 -13 695 0 0 1
-0.00440106 -0.0762183 80 3.63703e-05 0.0141243 6.72303 18.281 -13 696 0 0 1
0.0345923 0.0208014 80 0.00400441 -0.00117105 10.0408 21.6744 -13 697 0 0 1
0.0419261 -0.0520175 80 -0.0137947 -0.0228339 8.79556 11.4828 -13 698 0 0 1
-0.0144142 0.0181905 80 0.00469532 0.00524319 13.3607 26.2143 -13 699 0 0 1
-0.0401146 -0.00985452 80 -0.0161557 -0.00897681 8.82988 14.0736 -13 700 0 0 1
0.0218675 -0.0214845 80 -0.0106829 0.00155581 9.09937 5.7012 -13 701 0 0 1
0 0 80 0 0 12.3121 28.0105 -13 702 0 0 1
-0.0221473 0.00384344 80 -0.00696482 0.00739742 12.0875 24.9451 -13 703 0 0 1
0.0974952 0.0836354 80 0.0218915 -0.00859549 9.43699 12.1141 -13 704 0 0 1
-0.00821634 0.0174655 80 0.0101688 0.0100508 10.1201 9.79787 -13 705 0 0 1
0.0222678 0.0214937 80 0.0108684 -0.00551836 9.60938 18.8352 -13 706 0 0 1
0.00355024 -0.0188862 80 -0.00770164 -0.0035698 13.8818 3.81992 -13 707 0 0 1
-0.00269823 -0.000752495 80 -0.00870567 -0.00242583 10.5618 21.1277 -13 708 0 0 1
-0.0685173 -0.0659232 80 -0.00870937 0.0275757 4.00284 21.5275 -13 709 0 0 1
0 0 80 0 0 7.98525 23.7702 -13 710 0 0 1
-0.0375242 -0.0742577 80 -0.0283282 -0.0431675 14.1705 4.02916 -13 711 0 0 1
0.0476929 -0.042829 80 0.00568534 -0.0225557 11.6252 22.5295 -13 712 0 0 1
0.0223521 -0.0649982 80 -0.034354 -0.0265827 6.50676 26.7502 -13 713 0 0 1
0.0052395 0.0359688 80 0.0114237 0.00532979 14.0714 23.5337 -13 714 0 0 1
0 0 80 0 0 12.3902 32.0028 -13 715 0 0 1
0.0245363 0.0273657 80 0.0139486 -0.00292893 13.1332 23.1397 -13 716 0 0 1
-0.00216122 -0.00356314 80 0.0011509 -0.00481641 10.6142 18.3548 -13 717 0 0 1
0 0 80 0 0 8.72472 11.6382 -13 718 0 0 1
-0.00292586 -0.015184 80 0.0050377 -0.00441628 10.6801 11.6793 -13 719 0 0 1
0 0 80 0 0 11.2964 31.4775 -13 720 0 0 1
0.0192057 0.00432669 80 -0.0111737 -0.00882836 9.71743 29.0474 -13 721 0 0 1
0.045135 0.224275 80 0.0224036 -0.0389378 5.36371 16.4707 -13 722 0 0 1
0.0521839 -0.0828154 80 -0.0254334 -0.0113237 8.58507 7.13158 -13 723 0 0 1
-0.0858921 0.0627919 80 0.0129918 0.029254 5.06425 28.1025 -13 724 0 0 1
0 0 80 0 0 9.63113 15.1068 -13 725 0 0 1
-0.0418797 0.00776819 80 -0.0169833 0.0151385 13.6277 17.8877 -13 726 0 0 1
-0.0178521 0.0240385 80 -0.0078238 0.022577 14.158 7.30269 -13 727 0 0 1
-0.114032 -0.023104 80 0.00855772 0.0584049 3.47448 31.4906 -13 728 0 0 1
0.0215938 -0.0418311 80 0.00386266 -0.0144488 5.57149 16.3952 -13 729 0 0 1
0.0187723 -0.0258754 80 -0.00409087 -0.0102574 11.218 10.1436 -13 730 0 0 1
0.0270259 0.0491098 80 0.0126481 -0.00101595 10.9943 5.97252 -13 731 0 0 1
-0.243825 0.0971261 80 0.0953182 0.109789 2.82989 29.3757 -13 732 0 0 1
0.0152304 0.0596499 80 0.0287073 0.00790451 4.90978 18.3167 -13 733 0 0 1
0.0571269 0.0804462 80 -0.00346691 -0.0548471 7.93951 7.97477 -13 734 0 0 1
-0.000485193 0.032845 80 0.00864143 0.0104037 11.0005 19.6902 -13 735 0 0 1
-0.00891182 -0.00813067 80 -0.00522713 -0.000255896 11.0023 12.638 -13 736 0 0 1
-0.0119401 -0.0610094 80 -0.0189395 0.00717106 8.30193 24.1712 -13 737 0 0 1
-0.0142369 0.0163097 80 -0.00818137 0.00938398 8.45588 26.7868 -13 738 0 0 1
0.197836 -0.0336976 80 0.00223775 -0.0723383 11.9118 23.4134 -13 739 0 0 1
-0.0659626 -0.0694259 80 -0.0333755 -0.0304064 13.0473 26.2143 -13 740 0 0 1
0.00394042 -0.0215065 80 -0.00686545 -0.00430214 8.73316 23.1205 -13 741 0 0 1
0.0222793 0.0920396 80 0.0192188 0.000872161 4.47184 30.4251 -13 742 0 0 1
-0.0907158 -0.0245012 80 -0.00201299 0.0281615 8.36442 5.58915 -13 743 0 0 1
0.0781762 0.327791 80 0.078269 -0.0735979 3.43948 16.0055 -13 744 0 0 1
-0.0355787 -0.035908 80 -0.00848439 0.0121788 11.5133 17.6172 -13 745 0 0 1
0.00448789 -0.0038059 80 0.00306331 -0.0055617 8.59553 29.6058 -13 746 0 0 1
-0.0770126 0.0607226 80 0.0181436 0.0162583 11.8627 25.6 -13 747 0 0 1
0 0 80 0 0 10.5997 20.1395 -13 748 0 0 1
0.0205937 0.0293026 80 0.0131817 -0.00796285 12.1343 4.23516 -13 749 0 0 1
-0.00411127 -0.0057519 80 -0.0129333 -0.0116021 10.4703 24.8354 -13 750 0 0 1
-0.0565285 -0.0182853 80 -0.0405463 -0.0130944 11.1495 27.1624 -13 751 0 0 1
0.0502738 0.0110472 80 0.00401727 0.00331212 6.65099 9.03006 -13 752 0 0 1
-0.000676525 0.000338327 80 -0.00274198 0.0439379 10.8029 5.83699 -13 753 0 0 1
-0.245889 0.181042 80 -0.0390181 -0.0096258 0.0306895 5.97351 11 753 1001 0 1
0 0 80 0 0 8.71034 29.1633 -13 754 0 0 1
0.0409408 -0.0312401 80 -0.0159288 -0.0224015 7.96675 11.3406 -13 755 0 0 1
-0.177851 -0.183725 80 -0.00332795 -0.0205056 5.51542 17.5225 -13 756 0 0 1
0.0404421 -0.00569819 80 -0.0132606 -0.0161964 7.3137 16.9662 -13 757 0 0 1
0.176692 0.0283187 80 0.0288745 -0.0434175 7.96874 6.65479 -13 758 0 0 1
-2.70605 0.435149 80 0.035175 0.00701011 0.0287637 7.0671 11 758 1002 0 1
-0.000197366 0.00093173 80 0.000161943 0.000418696 14.1833 17.9621 -13 759 0 0 1
0.0348845 -0.0238093 80 -0.00602381 -0.0145043 8.13443 24.3285 -13 760 0 0 1
0.014812 0.0830383 80 0.0421768 -0.0378688 6.51215 11.8599 -13 761 0 0 1
-0.0243154 0.00279672 80 -0.00309116 0.00749463 13.8721 30.8489 -13 762 0 0 1
0.0442747 0.0223761 80 0.00120328 -0.0141588 11.1728 29.1791 -13 763 0 0 1
-0.0124442 -7.64633e-05 80 -0.00755839 0.00770251 9.8849 14.3151 -13 764 0 0 1
-0.00066018 0.0035431 80 0.00474977 -0.00673169 5.94277 12.4982 -13 765 0 0 1
-0.043392 -0.0597955 80 -0.0375532 -0.00937032 8.62803 8.98222 -13 766 0 0 1
-0.00576915 0.0600168 80 0.0105427 0.0226205 12.6576 31.9028 -13 767 0 0 1
-0.0130212 0.0182296 80 0.00536574 0.00346978 12.8863 23.5678 -13 768 0 0 1
-0.0143435 -0.0045556 80 0.0111305 0.0303171 7.0569 9.122 -13 769 0 0 1
-0.0674577 -0.0730149 80 -0.0312944 0.00846531 13.6546 9.36899 -13 770 0 0 1
-0.175413 0.107528 80 0.033722 0.0431298 10.9141 9.24431 -13 771 0 0 1
0 0 80 0 0 14.3465 4.77336 -13 772 0 0 1
-0.00456332 0.0289527 80 0.00144341 0.0092813 11.4406 7.82902 -13 773 0 0 1
0 0 80 0 0 13.4162 6.25365 -13 774 0 0 1
0.138487 -0.344492 80 -0.0956929 -0.0388607 4.03679 10.7489 -13 775 0 0 1
0 0 80 0 0 11.8592 14.5149 -13 776 0 0 1
0.0149985 0.0159199 80 0.00229153 -0.00603649 10.7005 15.6468 -13 777 0 0 1
-0.00358472 -0.0217334 80 -0.012501 0.00438918 8.65574 22.4744 -13 778 0 0 1
0 0 80 0 0 12.9518 3.24929 -13 779 0 0 1
-0.0795007 0.0165913 80 0.00895248 0.0462557 9.62041 8.01607 -13 780 0 0 1
-0.00130517 -0.0106442 80 -0.00407766 -0.00684292 11.6534 7.35619 -13 781 0 0 1
0.0317178 0.0211848 80 0.0355431 0.0142812 10.0935 6.76941 -13 782 0 0 1
0.0484399 -0.0134002 80 -0.0263168 0.0189836 7.01536 21.1714 -13 783 0 0 1
-0.0758323 -0.0272684 80 -0.022843 0.021666 6.94334 7.29624 -13 784 0 0 1
0.0275696 0.0772954 80 0.0186941 -0.00625344 5.1765 20.4997 -13 785 0 0 1
0.0463738 -0.0102625 80 -0.0102923 -0.0152369 9.61857 22.382 -13 786 0 0 1
0.0140015 0.0549671 80 0.0160727 0.00300575 8.94611 20.4345 -13 787 0 0 1
-0.143957 -0.0782917 80 -0.030413 0.0349019 12.3664 21.0198 -13 788 0 0 1
-9.96273e-05 0.00911684 80 -0.000150524 0.0149335 14.1731 17.6578 -13 789 0 0 1
0.00838261 -0.040219 80 0.000863036 -0.00937595 9.97897 30.3245 -13 790 0 0 1
-0.0480153 -0.024481 80 -0.0377017 0.00791284 5.01475 30.6422 -13 791 0 0 1
-0.00712023 -0.0545351 80 -0.0161326 -0.011529 11.7958 31.1307 -13 792 0 0 1
0.106074 0.0609651 80 0.0227563 -0.0332228 11.4396 19.9651 -13 793 0 0 1
-0.00380952 0.000505267 80 -0.00188859 0.000251797 7.51991 16.777 -13 794 0 0 1
-0.0716446 -0.415334 80 -0.119013 -0.00750897 11.5082 11.4664 -13 795 0 0 1
0.0381883 -0.00857621 80 0.00246863 -0.0149041 8.92399 26.5452 -13 796 0 0 1
-0.00978903 -0.00546157 80 -0.0174062 0.00843237 14.0223 27.3075 -13 797 0 0 1
0.0746939 0.0471048 80 0.0297394 -0.0174683 13.724 27.6568 -13 798 0 0 1
0.0198967 -0.00136141 80 0.000782432 -0.00598352 9.41023 32.87 -13 799 0 0 1
0 0 80 0 0 13.5624 5.00509 -13 800 0 0 1
0.0326527 0.018767 80 0.000172306 -0.01252 5.91461 10.3014 -13 801 0 0 1
-0.452334 -2.434 80 -0.0469585 0.145696 0.863083 52.3711 -13 802 0 0 1
-0.213172 -0.00814294 80 -0.0662907 0.0383258 7.09334 24.3115 -13 803 0 0 1
-0.0100524 0.0209496 80 0.00283075 0.00518367 13.0218 10.2681 -13 804 0 0 1
0.00548848 -0.0256662 80 -0.00635675 -0.00402547 12.5936 29.7106 -13 805 0 0 1
-0.100943 0.445029 80 0.0792857 -0.0117731 3.38654 16.5235 -13 806 0 0 1
-0.000536137 -0.000242208 80 -0.00527081 -0.00238239 13.6595 13.1463 -13 807 0 0 1
-0.197401 0.199641 80 0.018783 0.0841245 7.14298 14.2124 -13 808 0 0 1
0.0160795 -0.0147063 80 -0.00158364 -0.00589596 14.3153 16.186 -13 809 0 0 1
-0.00757569 0.00164779 80 -0.0201812 0.00906949 10.8375 19.1996 -13 810 0 0 1
-0.0574509 0.0494751 80 -0.0138748 0.054236 5.77055 8.46293 -13 811 0 0 1
-0.0567263 -0.0244935 80 -0.0195552 -0.0406423 6.61318 6.96341 -13 812 0 0 1
0 0 80 0 0 13.2259 13.5015 -13 813 0 0 1
0.0138706 -0.00716579 80 0.010633 -0.00550017 9.6476 14.2841 -13 814 0 0 1
0 0 80 0 0 11.6817 30.3621 -13 815 0 0 1
0.0406852 -0.107204 80 -0.00769813 0.00701505 6.15319 10.0187 -13 816 0 0 1
0.31053 0.440809 80 0.103491 -0.310843 5.47775 30.2718 -13 817 0 0 1
-0.0158755 -0.0270253 80 -0.00956006 0.00161514 11.4946 31.8329 -13 818 0 0 1
0.0311631 0.0403036 80 0.0133209 -0.0123077 6.26476 31.8048 -13 819 0 0 1
-0.0296594 0.0103556 80 -0.0131985 0.015291 13.4037 9.41056 -13 820 0 0 1
-0.0211438 0.0772966 80 0.0223718 0.0118449 8.49673 7.69153 -13 821 0 0 1
0.00475242 0.00309007 80 0.00318403 -0.00460344 11.7154 31.5301 -13 822 0 0 1
-0.0221294 -0.0374464 80 -0.00946121 0.0062279 12.6286 25.9494 -13 823 0 0 1
0 0 80 0 0 14.5668 23.3618 -13 824 0 0 1
0 0 80 0 0 14.4623 28.4704 -13 825 0 0 1
-0.106513 0.0473848 80 0.0478025 0.0156978 7.65111 17.5692 -13 826 0 0 1
-0.254069 -0.216502 80 -0.0597574 0.068659 4.06285 36.1233 -13 827 0 0 1
0.0260884 0.00527643 80 0.0118555 -0.00247119 8.6684 30.5207 -13 828 0 0 1
0.128338 0.034544 80 -0.00758451 -0.0410735 10.1154 29.7853 -13 829 0 0 1
0 0 80 0 0 14.0883 31.5716 -13 830 0 0 1
0.0898535 -0.0523164 80 0.0013071 -0.0302425 8.4522 10.8566 -13 831 0 0 1
0 0 80 0 0 13.8025 16.1781 -13 832 0 0 1
0.0429477 0.00383465 80 0.00621029 -0.0110162 9.06536 33.0076 -13 833 0 0 1
0.0756585 -0.0250851 80 -0.00995554 -0.0101861 5.53616 30.0726 -13 834 0 0 1
0.0200055 0.14183 80 0.0392928 0.0108519 7.8829 31.9819 -13 835 0 0 1
-0.0307789 0.0639775 80 0.0110919 0.0183501 11.8752 24.614 -13 836 0 0 1
-0.0346628 0.013068 80 -0.00818336 0.0130502 10.8361 12.3203 -13 837 0 0 1
-0.0473513 0.0682231 80 0.0061316 0.0219038 12.8411 19.5828 -13 838 0 0 1
0.000952513 -0.000761238 80 -0.000236311 -0.000274288 11.1476 24.664 -13 839 0 0 1
-0.0137606 0.0263178 80 0.00332497 0.0113549 9.88661 25.0045 -13 840 0 0 1
-0.0378497 -0.0215863 80 -0.0473653 -0.136318 0.896085 24.0669 -13 841 0 0 1
0.00104439 -0.104538 80 0.0489585 -0.00867195 6.26669 31.9456 -13 842 0 0 1
-0.0438646 0.0245436 80 -0.00848053 0.0276211 8.34221 11.0609 -13 843 0 0 1
-0.0179577 -0.0798147 80 0.00332825 -0.052583 4.55767 30.4868 -13 844 0 0 1
0.0659663 -0.068964 80 -0.015256 -0.0252665 13.4988 11.6368 -13 845 0 0 1
-0.00351217 0.00512605 80 -0.00594635 0.00868528 12.3131 19.5074 -13 846 0 0 1
-0.00345628 0.00222422 80 -0.00866859 0.0239639 4.84303 15.7934 -13 847 0 0 1
0.0438647 0.137182 80 0.051143 -0.0337201 4.88096 33.7263 -13 848 0 0 1
0 0 80 0 0 9.64084 5.8514 -13 849 0 0 1
-0.0120512 0.00523808 80 -0.0248077 0.00385994 12.3916 24.924 -13 850 0 0 1
0.00227252 -0.00983707 80 -0.00261797 0.00258778 8.93103 11.688 -13 851 0 0 1
0.256084 0.117003 80 0.0514957 -0.0276253 2.5343 33.0712 -13 852 0 0 1
0.146192 -0.0556547 80 -0.089125 -0.012941 4.97565 10.0442 -13 853 0 0 1
0 0 80 0 0 11.4971 6.45072 -13 854 0 0 1
0 0 80 0 0 11.5749 26.5622 -13 855 0 0 1
0.542389 0.12783 80 0.0601361 -0.0771857 1.48755 20.4006 -13 856 0 0 1
0 0 80 0 0 14.3415 10.6647 -13 857 0 0 1
0.00897822 0.00920248 80 0.0142387 -0.0116831 10.2419 29.5581 -13 858 0 0 1
0.00364236 -0.00540901 80 -0.00158626 -0.000930317 12.966 14.3664 -13 859 0 0 1
0.00956329 0.0153832 80 0.00537922 -0.00162638 13.0643 27.5157 -13 860 0 0 1
-0.014668 0.0302179 80 0.0156251 0.00492301 11.1972 6.11107 -13 861 0 0 1
-0.0858628 -0.00331964 80 -0.00953184 0.0370029 5.98703 26.4106 -13 862 0 0 1
0.0228985 -0.0806788 80 0.00577372 -0.034752 4.2196 14.329 -13 863 0 0 1
-0.30325 -0.475038 80 -0.0726797 -0.0175189 1.57794 35.4602 -13 864 0 0 1
0.058116 0.0509833 80 0.0123068 0.0189503 6.98221 18.0821 -13 865 0 0 1
0.110314 -0.10676 80 -0.0486085 -0.0429578 5.62206 34.0704 -13 866 0 0 1
-0.270017 0.0284441 80 -0.0348429 0.0736252 0.86403 49.9312 -13 867 0 0 1
0.0183345 0.0735097 80 0.0294859 -0.0202615 8.38886 14.1259 -13 868 0 0 1
0.105995 0.0711926 80 0.00634149 -0.0331989 9.22447 24.3784 -13 869 0 0 1
-0.0822898 -0.130195 80 -0.0748516 -0.00560921 12.3825 17.9941 -13 870 0 0 1
-0.00577262 0.0137268 80 0.00292893 0.00419472 13.7445 24.792 -13 871 0 0 1
-0.00228433 0.0605917 80 -0.0226206 -0.0308095 5.3924 26.263 -13 872 0 0 1
-0.0427697 0.112385 80 0.037063 0.0401922 4.6606 12.1935 -13 873 0 0 1
0.03804 0.106173 80 0.022924 -0.00542413 5.01921 19.5731 -13 874 0 0 1
0.050268 -0.00385313 80 0.0476404 0.00828357 3.74025 10.1056 -13 875 0 0 1
0.00606939 0.0284637 80 0.010577 0.01079 11.7927 14.6068 -13 876 0 0 1
0 0 80 0 0 9.25905 26.5491 -13 877 0 0 1
0.236636 0.156294 80 0.0717078 0.0647563 2.02976 19.8955 -13 878 0 0 1
-0.00604275 0.0150433 80 0.002372 0.00596576 14.2531 28.5063 -13 879 0 0 1
0.0120025 0.0285402 80 0.00894151 -0.00257931 12.9502 8.1323 -13 880 0 0 1
-0.00812352 -0.00443392 80 -0.00685985 -0.000583557 14.542 15.0121 -13 881 0 0 1
-0.00170457 0.0277061 80 0.00969876 0.0188291 6.60838 26.1459 -13 882 0 0 1
0.0451348 0.0391932 80 0.00073536 -0.00371409 7.18609 28.5653 -13 883 0 0 1
0.0576447 -0.0192646 80 -0.00571263 -0.0282209 5.80589 22.5529 -13 884 0 0 1
-0.105198 -0.00510447 80 -0.00333929 0.0316091 12.5817 4.3915 -13 885 0 0 1
-0.00279727 -0.00555857 80 -0.00110626 0.00194077 8.51912 10.5224 -13 886 0 0 1
-0.0646335 -0.028 80 0.000371997 0.023139 8.56916 4.48377 -13 887 0 0 1
0.0267188 0.016451 80 0.0161501 0.00461421 8.59787 23.1848 -13 888 0 0 1
0.0375605 -0.00860263 80 0.00246158 -0.0114219 11.3353 27.7058 -13 889 0 0 1
-0.0098534 0.000520973 80 0.0078248 -0.0117494 10.8665 14.8979 -13 890 0 0 1
0.0507535 -0.126891 80 -0.0515739 -0.0228781 7.60537 12.5027 -13 891 0 0 1
0.0167661 0.00952584 80 0.00780815 -0.00795361 14.0723 11.2959 -13 892 0 0 1
0.0260553 -0.0129577 80 -0.00719788 -0.00636846 9.41544 7.18038 -13 893 0 0 1
-0.0233389 0.0287212 80 0.00693419 0.00905972 12.6244 21.165 -13 894 0 0 1
0 0 80 0 0 11.627 19.7839 -13 895 0 0 1
0.0155523 0.0285058 80 -0.0280701 -0.0516787 6.86446 26.3677 -13 896 0 0 1
-0.0278135 0.00963387 80 -0.0198571 0.0142093 10.3757 10.4964 -13 897 0 0 1
0.00436893 -0.134057 80 -0.0467623 -0.00260933 8.41705 20.4528 -13 898 0 0 1
1.52791 -0.579239 80 0.00289603 0.0331612 0.0194081 20.9235 11 898 1001 0 1
0.0215613 -0.0238021 80 -0.0118796 -0.0204059 6.79722 14.4703 -13 899 0 0 1
0.0172923 -0.0057891 80 0.00342126 -0.00596736 11.4578 4.77515 -13 900 0 0 1
0.0101332 0.0189763 80 0.011482 -0.00194985 5.5036 34.0338 -13 901 0 0 1
-0.136298 0.0425798 80 -0.0400394 0.0222866 8.64243 6.20487 -13 902 0 0 1
1.27528 -2.16269 80 0.0265982 0.00334745 0.019731 7.29991 11 902 1004 0 1
-0.0221803 -0.0548131 80 -0.0197739 -0.00971862 6.71731 12.5672 -13 903 0 0 1
-0.0105587 0.0355266 80 0.0146451 0.00266974 12.5659 10.34 -13 904 0 0 1
-0.100084 0.0942158 80 0.0695074 0.0429313 5.27175 23.9469 -13 905 0 0 1
-0.110157 0.105078 80 0.0390444 0.031185 10.4768 23.0854 -13 906 0 0 1
-0.138687 -0.196679 80 -0.0804152 0.0105382 11.6468 29.3499 -13 907 0 0 1
0 0 80 0 0 12.9611 6.10834 -13 908 0 0 1
5.92906e-05 0.024601 80 0.00543101 0.0022311 7.31392 19.4247 -13 909 0 0 1
-0.0102359 -0.0135992 80 -0.00598743 -0.000471535 9.32956 5.3035 -13 910 0 0 1
-0.0169166 0.0228511 80 -0.0481984 -0.0405681 2.77039 32.7228 -13 911 0 0 1
0.00240195 0.0022314 80 0.0032616 0.00302766 11.8537 4.89866 -13 912 0 0 1
0.000571947 -0.0515262 80 -0.00369098 -0.00397787 10.3183 5.28855 -13 914 0 0 1
0.00329637 0.0034516 80 0.00277524 -0.00340133 9.13721 9.98791 -13 915 0 0 1
-0.0226295 -0.0176639 80 -0.00486305 0.00627189 13.8184 21.3499 -13 916 0 0 1
0 0 80 0 0 12.5078 22.328 -13 917 0 0 1
0.0256219 -0.0181845 80 -0.00248843 -0.0115125 12.8624 26.8188 -13 918 0 0 1
0.244774 -0.160591 80 -0.0365894 -0.00674871 4.06714 13.1651 -13 919 0 0 1
0 0 80 0 0 8.67202 7.02802 -13 920 0 0 1
0.00219152 -0.012713 80 -0.0070845 0.00361786 14.088 8.75142 -13 921 0 0 1
0.00773506 0.00927592 80 0.00954972 0.0108613 12.8836 23.7501 -13 922 0 0 1
0.195225 -0.166637 80 -0.0380373 0.00717639 4.26366 35.8586 -13 923 0 0 1
0 0 80 0 0 13.6285 16.4523 -13 924 0 0 1
-0.0134359 0.00121554 80 -0.0130926 0.00118934 13.9771 30.9511 -13 925 0 0 1
0.0397271 0.0102954 80 0.012861 -0.00826691 12.8231 3.54391 -13 926 0 0 1
0.215249 0.00907678 80 0.0242095 -0.0323216 4.9761 21.214 -13 927 0 0 1
0 0 80 0 0 11.7968 26.5588 -13 928 0 0 1
-0.00533694 -0.0158763 80 -0.00806061 -0.0014631 13.5681 9.19972 -13 929 0 0 1
0.0209022 0.0512528 80 0.0191225 0.00462621 12.7483 20.949 -13 930 0 0 1
-0.0571141 -0.00599145 80 -0.0143999 0.0206849 13.3235 23.8899 -13 931 0 0 1
0.0183364 0.0529829 80 0.00718397 0.00675606 11.4623 32.0162 -13 932 0 0 1
-0.0561417 0.0601941 80 -0.0331399 0.0647737 13.6182 15.9391 -13 933 0 0 1
0.0467326 0.0450223 80 0.0238895 0.00157999 8.66366 16.1798 -13 934 0 0 1
0.0224544 0.0350375 80 0.0120095 -0.00196548 10.4557 24.5951 -13 935 0 0 1
0 0 80 0 0 12.4589 16.3109 -13 936 0 0 1
0 0 80 0 0 12.5462 30.0698 -13 937 0 0 1
0.00368348 0.0417103 80 0.00539272 -0.0245326 4.75195 10.4543 -13 938 0 0 1
-0.018349 -0.0205328 80 -0.0094671 0.00144858 13.8542 12.5165 -13 939 0 0 1
0.0244612 -0.0215734 80 0.00507453 -0.00895274 6.05163 9.44783 -13 940 0 0 1
0 0 80 0 0 12.3016 18.7055 -13 941 0 0 1
0.299527 0.164913 80 0.0107947 -0.00148021 3.11513 33.7531 -13 942 0 0 1
0.0124103 0.00683775 80 0.00457371 -0.00141887 10.5463 28.1451 -13 943 0 0 1
-0.0154345 -0.0194485 80 -0.0245799 0.0219452 5.92913 28.7858 -13 944 0 0 1
-0.162314 0.0347629 80 -0.00724525 0.047885 4.20079 33.8952 -13 945 0 0 1
0 0 80 0 0 14.3111 15.3146 -13 946 0 0 1
-0.0037153 0.0062091 80 0.0113053 -0.021301 10.4894 8.36865 -13 947 0 0 1
-0.0107552 -0.0020145 80 0.0168574 0.00323498 7.7884 9.27874 -13 948 0 0 1
-0.0553065 -0.0221537 80 -0.0124355 0.0117034 12.4984 23.7543 -13 949 0 0 1
0.37236 0.0774018 80 0.178974 -0.0870397 3.72543 11.0962 -13 950 0 0 1
0.0937666 -0.0118208 80 0.0497333 0.00583744 5.4082 12.8056 -13 951 0 0 1
0.0691124 -0.0510506 80 -0.039518 0.0395961 4.38746 32.6925 -13 952 0 0 1
0 0 80 0 0 9.90076 10.2699 -13 953 0 0 1
0.0106581 -0.030682 80 -0.0101174 0.0066586 6.81293 24.556 -13 954 0 0 1
-0.0230989 0.00851081 80 -0.00421978 0.00284474 7.45328 21.4567 -13 955 0 0 1
-0.0210729 0.0048629 80 0.0123323 0.00431598 7.04678 11.9716 -13 956 0 0 1
0.0328647 0.00760488 80 0.00672288 -0.0078245 14.0689 21.3388 -13 957 0 0 1
0.0427433 0.03285 80 0.0191668 -0.00561684 11.9024 17.1339 -13 958 0 0 1
-0.0166764 -0.0275767 80 0.0121161 0.000264534 10.4291 23.7855 -13 959 0 0 1
0.0190604 0.00350193 80 0.0224019 0.00410782 14.448 11.8895 -13 960 0 0 1
0.164403 0.20124 80 -0.0772003 0.124668 2.86453 23.6979 -13 961 0 0 1
-0.019298 0.0169908 80 -0.0322055 -0.00721306 11.8395 21.9007 -13 962 0 0 1
0 0 80 0 0 11.8847 25.7552 -13 963 0 0 1
-0.0375493 0.0596922 80 0.0152982 0.011524 10.5053 29.8561 -13 964 0 0 1
0 0 80 0 0 11.3501 18.6198 -13 965 0 0 1
-0.0167562 -0.00814353 80 -0.00724726 0.00677512 9.43623 11.5746 -13 966 0 0 1
-0.127309 -0.0802251 80 -0.0283151 0.0368022 0.594921 40.9115 -13 967 0 0 1
-0.240539 -0.224993 80 -0.0779849 0.0370416 3.30136 17.8425 -13 968 0 0 1
0.0513999 -0.013109 80 -0.00168638 -0.0161525 8.9744 16.4519 -13 969 0 0 1
-1.43229 1.7343 80 -0.272479 0.345391 1.79697 42.1894 -13 970 0 0 1
-0.0178806 -0.0477814 80 -0.0180333 0.00907788 13.2599 16.5736 -13 971 0 0 1
-0.0103316 -0.0143834 80 -0.00885276 0.00139182 14.4694 17.6339 -13 972 0 0 1
0.000224371 -0.00237102 80 0.000528984 -0.0109976 13.7744 31.0939 -13 973 0 0 1
0.0194262 0.0100443 80 0.0673574 0.0161623 14.488 22.2072 -13 974 0 0 1
-0.0481178 -0.0594435 80 0.0229163 -0.0177887 0.101472 22.1897 11 974 1001 0 1
-0.114741 0.0243131 80 -0.018297 0.0665074 10.3059 23.2276 -13 975 0 0 1
-0.01406 -0.00818762 80 0.0191839 0.00940548 6.76379 11.0525 -13 976 0 0 1
0.636558 0.29263 80 0.151473 -0.101684 1.27851 29.2873 -13 977 0 0 1
-0.0738772 0.201525 80 0.0438459 0.0207896 9.09374 20.9418 -13 978 0 0 1
-0.0132109 -0.00476126 80 -0.00399671 0.00294635 13.7301 21.2405 -13 979 0 0 1
-0.0135308 0.00824967 80 -0.0135297 0.00820918 12.0964 6.65767 -13 980 0 0 1
-0.0182256 0.00453234 80 0.0147041 -0.000731733 9.7064 4.24193 -13 981 0 0 1
-0.00761163 0.0490758 80 0.013848 0.014173 13.6348 15.3671 -13 982 0 0 1
-0.0919324 0.00634992 80 0.00789247 0.0545768 5.8053 29.2074 -13 983 0 0 1
0 0 80 0 0 10.1167 5.9368 -13 984 0 0 1
-0.0869449 -0.0928279 80 -0.0866072 -0.00983782 11.2727 18.3678 -13 985 0 0 1
-0.0116486 -0.0551685 80 -0.0102743 0.0232026 8.42295 22.6458 -13 986 0 0 1
0.00396441 -0.010328 80 -0.00351389 -0.00429316 14.2462 27.0852 -13 987 0 0 1
0.0938799 -0.0265034 80 -0.00290887 -0.0297795 6.74668 26.605 -13 988 0 0 1
0.124638 -0.162175 80 -0.0482867 -0.00880388 3.16877 27.2429 -13 989 0 0 1
0.00451247 0.00496548 80 0.0208187 -0.00269489 14.4762 10.6385 -13 990 0 0 1
0.00372479 0.0176353 80 0.00826377 -0.00369625 10.9035 23.1952 -13 991 0 0 1
0.0361274 0.0382997 80 0.0153217 -0.00961113 13.1039 28.1096 -13 992 0 0 1
-0.00105235 -0.00836746 80 -0.00392598 -0.00389415 11.2901 32.0199 -13 993 0 0 1
-0.00269106 0.00255481 80 0.000130906 0.00139838 12.8385 27.3704 -13 994 0 0 1
0 0 80 0 0 13.9156 14.4519 -13 995 0 0 1
-0.0392399 -0.0152408 80 -0.00511912 0.0117632 13.0581 27.9205 -13 996 0 0 1
0 0 80 0 0 14.5263 11.2099 -13 997 0 0 1
-0.0176021 0.0416413 80 0.0161755 0.00306944 10.279 28.4165 -13 998 0 0 1
0.147817 0.0671362 80 -0.00382963 -0.0336616 7.41779 9.31345 -13 999 0 0 1
0.00253134 0.0982973 80 0.0141425 -0.0095778 8.48571 25.6257 -13 1000 0 0 1
