#BLTrackFile NTuple/Z860
#x y z Px Py Pz t PDGid EventID TrackID ParentID Weight
#mm mm mm MeV/c MeV/c MeV/c ns - - - - -
0.0406008 0.0541079 860 -0.00996599 -0.0388101 11.4887 45.643 -13 1 0 0 1
-0.38598 0.161762 860 0.0750298 0.125782 12.5514 46.8776 -13 2 0 0 1
-0.350503 0.0946094 860 -0.0429801 0.142445 9.82506 33.4995 -13 3 0 0 1
-0.917614 10.4687 860 0.00502084 -0.0793119 0.0171227 31.0435 11 3 1001 0 1
-0.0194384 0.0293248 860 0.0227887 -0.0112654 11.1243 31.6417 -13 4 0 0 1
0.0123906 -0.208952 860 -0.129691 -0.0407366 6.819 51.581 -13 5 0 0 1
-0.110392 0.183279 860 -0.00744493 0.0630605 7.61229 61.9351 -13 6 0 0 1
-0.00932207 0.0669659 860 0.047039 0.0234363 12.019 38.921 -13 7 0 0 1
-0.100153 -0.272562 860 -0.058364 -0.0446798 5.03057 73.9866 -13 8 0 0 1
-0.0400112 0.00312958 860 0.0241881 0.0574051 13.6158 45.945 -13 9 0 0 1
-0.0348228 -0.0337196 860 -0.0621537 0.0105195 13.2334 28.1165 -13 10 0 0 1
-0.0693836 0.12756 860 0.0221197 0.0366001 10.5928 31.5533 -13 11 0 0 1
-0.0537321 0.278159 860 0.125061 -0.0660825 11.7954 29.9609 -13 12 0 0 1
0.604221 -1.3346 860 -0.0716097 0.145484 3.0007 89.8752 -13 13 0 0 1
-0.0461152 0.0283274 860 0.000841357 0.0312261 10.2571 32.6346 -13 14 0 0 1
-0.578014 -0.0304204 860 0.0180703 -0.0449322 0.0409291 32.681 11 14 1001 0 1
1.82799 3.89154 860 -0.00589305 0.0190979 0.0923615 20.5063 11 14 1002 0 1
0.205681 -0.23673 860 -0.00765161 -0.0989477 5.07664 77.6248 -13 15 0 0 1
-0.212347 -0.241411 860 -0.148522 0.124078 8.31563 39.2408 -13 16 0 0 1
-0.0291468 -0.086702 860 -0.00100896 0.0245352 14.5048 28.29 -13 17 0 0 1
-0.0052945 0.00269103 860 0.0376515 -0.02522 13.0731 52.4402 -13 18 0 0 1
0.0683522 0.162939 860 -0.0438477 0.10463 8.24527 54.6256 -13 19 0 0 1
0.000618515 0.0624631 860 0.0028652 0.00270594 14.4191 44.137 -13 21 0 0 1
-0.0307864 0.104392 860 -0.00384178 -0.0401342 10.4416 31.047 -13 22 0 0 1
-0.0918272 -0.0120967 860 0.00105226 -0.0109448 11.7588 55.5452 -13 23 0 0 1
0.0374083 -0.0575676 860 -0.0118199 0.00107235 8.26588 63.9819 -13 24 0 0 1
0.0338295 0.123883 860 0.0298192 0.0333759 14.3634 35.5999 -13 25 0 0 1
0.44977 0.517055 860 0.115734 -0.0930398 8.91619 49.8466 -13 26 0 0 1
-0.112987 0.0257356 860 0.068006 0.00732438 8.41119 46.5403 -13 27 0 0 1
0.0743438 0.012239 860 0.000707791 -0.0239024 11.5563 54.3262 -13 28 0 0 1
0.0485422 -0.0220029 860 0.0143372 0.0492779 6.89324 65.1698 -13 29 0 0 1
1.86552 -0.387038 860 0.0105746 0.0127236 0.0419541 64.1668 11 29 1001 0 1
-0.192533 0.430034 860 0.162197 0.0464611 13.6106 24.9749 -13 30 0 0 1
0.0703971 0.0741045 860 -0.0142606 0.00108679 10.3308 33.9264 -13 31 0 0 1
0.138917 0.109564 860 0.134645 -0.0714019 8.41199 41.6563 -13 32 0 0 1
0.372733 -2.69738 860 0.0353486 -0.00351098 0.0496573 41.4461 11 32 1001 0 1
0.709835 0.375201 860 -0.00632201 -0.0865602 2.70764 117.311 -13 33 0 0 1
0.192912 -0.198945 860 -0.0378731 -0.0134896 13.6302 44.1737 -13 34 0 0 1
-0.0142425 0.599224 860 0.0146291 -0.078322 4.90847 86.1826 -13 35 0 0 1
-0.12897 0.142435 860 0.0282698 0.113509 8.54071 59.9587 -13 36 0 0 1
-0.0382623 0.0569344 860 -0.0769681 -0.0729126 10.3731 57.6956 -13 37 0 0 1
0.0497353 0.0317723 860 0.00501133 -0.0052214 11.8398 49.4826 -13 38 0 0 1
0.0277078 0.0493657 860 -0.0197611 -0.00507148 9.48214 42.5862 -13 39 0 0 1
2.10635 -1.38024 860 -0.965625 -0.129583 10.8148 48.8964 -13 40 0 0 1
-0.234523 0.371935 860 0.106578 -0.0444318 8.86445 37.6877 -13 41 0 0 1
-0.000520261 -0.127722 860 -0.166898 -0.0272567 9.90164 52.685 -13 42 0 0 1
0.0653538 0.103492 860 0.0518333 0.0255591 14.4125 33.3567 -13 43 0 0 1
-0.187681 -0.145908 860 -0.0363472 0.0335033 11.2458 46.2027 -13 44 0 0 1
0.199387 -0.330263 860 -0.108059 -0.0627746 10.8431 53.009 -13 45 0 0 1
-0.0974518 0.190126 860 0.0529501 -0.0187084 4.87622 65.1399 -13 46 0 0 1
0.086423 0.052106 860 0.0763968 -0.024643 11.4028 35.1637 -13 47 0 0 1
0.774463 0.642598 860 0.084397 -0.211363 6.60208 55.9178 -13 48 0 0 1
-0.0269841 0.00392974 860 -0.0310998 0.0276022 13.2637 29.736 -13 49 0 0 1
0.0646391 -0.277921 860 -0.00814083 0.0804046 4.00695 98.0189 -13 50 0 0 1
-0.302384 -0.314724 860 -0.0854871 0.11041 8.35524 48.6558 -13 51 0 0 1
-0.138207 -0.0891996 860 -0.08627 -0.085436 8.16856 38.8821 -13 53 0 0 1
-0.334399 -0.148603 860 -0.0126445 -0.00182654 1.81679 112.781 -13 54 0 0 1
0.165473 -0.158488 860 -0.0736274 -0.0926133 10.3682 49.1345 -13 55 0 0 1
-0.0161607 0.0241798 860 0.0762052 0.0292967 14.057 30.9525 -13 56 0 0 1
-1.33995 2.49748 860 0.0268658 0.05916 0.0388925 36.3868 11 56 1001 0 1
0.0151211 -0.0493265 860 -0.00440144 -0.017451 9.77761 58.7827 -13 57 0 0 1
0.214269 -0.190808 860 -0.115828 -0.0565334 8.20517 44.2747 -13 58 0 0 1
4.05023 0.117918 860 0.00688395 0.0028235 0.0572585 36.6801 11 58 1001 0 1
0.140595 0.0789974 860 0.0201801 0.154119 6.94054 60.7931 -13 59 0 0 1
0.0353075 -0.0353979 860 -0.0702795 -0.0567443 8.20506 58.7805 -13 60 0 0 1
-5.06898 -3.85307 860 -0.0207532 -0.0142797 0.0220198 54.7381 11 60 1001 0 1
0.10524 -0.0695275 860 -0.0418448 -0.0149706 13.9418 37.6765 -13 61 0 0 1
-0.107029 0.0557713 860 0.00723468 0.000167396 9.3361 45.6178 -13 62 0 0 1
0.0244732 0.0100381 860 0.0179847 0.00570985 13.9996 50.3054 -13 63 0 0 1
-0.454198 -0.0154242 860 0.0381727 0.146515 8.83838 47.2448 -13 64 0 0 1
0.0482525 0.0418972 860 0.0182355 -0.0631339 4.98972 64.7005 -13 65 0 0 1
0.111677 0.10171 860 -0.0151146 -0.00708098 7.35073 54.6386 -13 66 0 0 1
-0.0444604 -0.0219505 860 -0.0309677 0.0435945 11.5099 39.2559 -13 67 0 0 1
-0.262593 -0.00612982 860 0.0837066 0.103864 10.6135 48.4591 -13 68 0 0 1
-0.1123 -0.319017 860 -0.107934 0.0281751 5.27223 70.012 -13 69 0 0 1
0.145179 0.0157616 860 -0.0331546 -0.0166728 11.1436 32.822 -13 70 0 0 1
0.197563 -0.0425613 860 -0.007011 -0.0565053 11.6644 30.2872 -13 71 0 0 1
0.00524562 -0.0867017 860 -0.00581028 0.041948 10.3401 31.2197 -13 72 0 0 1
0.174575 0.236632 860 0.211696 0.0556482 6.03214 71.5628 -13 73 0 0 1
-0.0453513 -0.024061 860 -0.0268644 0.0400839 10.6769 43.4621 -13 74 0 0 1
-0.323583 -0.189542 860 0.0257036 -0.0346717 0.0358071 43.58 11 74 1001 0 1
0.254204 0.394592 860 0.0169189 -0.0534588 7.73086 67.1633 -13 75 0 0 1
-0.0646422 -0.0675252 860 0.0328148 -0.00988018 12.4774 50.3164 -13 76 0 0 1
0.118907 0.0948957 860 0.0197741 -0.0570213 8.11368 63.4627 -13 77 0 0 1
0.00466114 -0.102048 860 0.0161871 -0.0271877 13.5418 36.4271 -13 78 0 0 1
-0.113382 -0.00392378 860 0.0547057 -0.00995511 12.6543 49.3858 -13 79 0 0 1
0.0130947 0.0713154 860 0.0453646 0.030037 10.277 57.7706 -13 80 0 0 1
0.0974843 -0.0856866 860 -0.101433 -0.0137197 8.63603 58.3921 -13 81 0 0 1
-0.157733 -0.398719 860 -0.0895915 0.06162 13.1946 46.5659 -13 82 0 0 1
-0.0750683 0.159376 860 0.0680147 0.0346618 9.83738 50.0763 -13 83 0 0 1
0.322091 -0.161935 860 -0.101656 0.0249879 6.23648 61.7838 -13 84 0 0 1
-0.0800327 0.0108004 860 0.0103554 0.0437263 13.5954 26.6247 -13 85 0 0 1
0.0076131 -0.140174 860 0.0610967 0.018605 7.90844 51.5413 -13 86 0 0 1
0.257743 -0.0311582 860 0.0820958 -0.000332102 8.4391 44.5205 -13 88 0 0 1
0.403547 0.129585 860 0.106057 -0.0557471 9.93232 41.7601 -13 89 0 0 1
-0.0210255 0.138769 860 -0.044211 0.0503 6.63912 54.4474 -13 90 0 0 1
-0.0737905 -0.206196 860 -0.0669509 0.0385685 7.10001 70.1731 -13 91 0 0 1
-0.0268428 0.372795 860 0.103024 -0.0442004 6.59547 73.5503 -13 92 0 0 1
0.927638 0.280863 860 0.00366086 -0.231309 7.64776 65.712 -13 93 0 0 1
0.0135966 -0.233042 860 0.016225 -0.00996862 5.53683 61.8675 -13 94 0 0 1
0.132073 0.049359 860 0.0460423 -0.0252512 10.7442 40.426 -13 95 0 0 1
0.0512221 0.0221912 860 0.0128376 -0.0118467 12.8492 39.159 -13 97 0 0 1
-1.23761 0.0862204 860 -0.272543 0.382412 9.41373 40.5311 -13 98 0 0 1
4.68885 -0.148863 860 -0.0163511 0.00414296 0.0833462 29.4476 11 98 1001 0 1
-0.0438583 0.0676598 860 0.00872089 0.0224047 14.0059 27.3791 -13 99 0 0 1
-0.181893 0.0689721 860 0.1098 0.0731153 12.3031 26.0882 -13 100 0 0 1
-0.373136 0.00489287 860 -0.0209771 -0.091196 4.52672 80.3075 -13 101 0 0 1
-0.0229357 0.00245356 860 0.0307352 -0.126652 9.94331 54.2172 -13 103 0 0 1
-0.0123839 -0.049722 860 0.0287406 -0.0148506 9.58987 45.0269 -13 104 0 0 1
0.0882298 0.203579 860 0.0522151 0.0069377 8.77156 41.6153 -13 105 0 0 1
-0.0351363 -0.121244 860 -0.0309331 -0.0683621 10.2914 57.9437 -13 106 0 0 1
0.0725158 -0.0462848 860 -0.0174383 -0.0406225 13.7432 40.3048 -13 107 0 0 1
0.274002 0.085532 860 0.0586894 -0.0309023 7.24157 54.5681 -13 108 0 0 1
-0.039806 0.0990398 860 -0.0427351 0.0605649 13.5621 23.548 -13 109 0 0 1
-0.425257 0.620248 860 0.119235 0.231242 5.34601 58.5903 -13 110 0 0 1
0.0379928 0.00732616 860 -0.0218693 -0.0219156 9.8167 35.0863 -13 111 0 0 1
0.152758 0.0873756 860 0.139459 -0.108815 7.62714 43.9508 -13 112 0 0 1
0.0634749 0.0109761 860 0.0210685 -0.023567 11.9334 36.1259 -13 113 0 0 1
-0.124897 0.14951 860 0.0337449 0.17267 8.01013 44.8076 -13 114 0 0 1
-0.00109761 -0.0631615 860 -0.444166 -0.0917852 13.2094 43.0525 -13 115 0 0 1
0.119361 -0.0312534 860 0.017519 -0.0415162 10.2685 59.1489 -13 116 0 0 1
-0.191952 -0.167428 860 0.0226433 0.0714595 11.5393 31.8269 -13 117 0 0 1
-0.0610163 0.352374 860 0.148212 -0.178439 5.68789 57.3302 -13 118 0 0 1
0.0879728 2.2627 860 0.0167817 0.0212367 0.0370388 57.0214 11 118 1001 0 1
0.0137873 -0.038978 860 -0.0474664 -0.0276225 10.9526 47.8404 -13 119 0 0 1
0.287295 -0.603656 860 -0.0345443 0.00488665 7.45628 54.8373 -13 120 0 0 1
0.027642 0.356963 860 0.117044 -8.29579e-05 7.90943 66.4797 -13 121 0 0 1
0.236772 -0.123032 860 -0.0119549 -0.0572932 8.96288 40.6443 -13 122 0 0 1
-0.135893 0.0793391 860 0.0849244 -0.0884443 4.83709 83.1625 -13 123 0 0 1
-0.489532 0.140473 860 -0.0121512 0.00170505 0.0437394 82.9435 11 123 1001 0 1
-0.0330027 -0.0951763 860 -0.0642009 -0.0119827 12.9864 39.1347 -13 124 0 0 1
-0.02874 -0.146198 860 -0.0778453 -0.0110614 11.4464 53.4791 -13 125 0 0 1
-0.18236 -0.779828 860 -0.211154 -0.0277353 11.7141 51.4301 -13 126 0 0 1
0.0347433 -0.126121 860 0.0581373 -0.00402672 9.58972 37.8935 -13 127 0 0 1
0.179562 -0.0235883 860 -0.0525552 -0.0925711 13.4941 32.6401 -13 128 0 0 1
0.0797322 0.00922311 860 -0.0864728 0.000434754 13.484 35.72 -13 129 0 0 1
-0.05702 0.0420568 860 0.0666304 0.0196837 10.4442 51.7608 -13 130 0 0 1
-0.0209554 -0.311107 860 -0.0539105 0.0645442 9.11013 41.8445 -13 131 0 0 1
-0.0359423 -0.0247561 860 0.17866 -0.184916 13.2378 45.8497 -13 132 0 0 1
0.0950235 0.129875 860 0.0766511 -0.0254137 14.4973 40.3781 -13 133 0 0 1
0.0432122 -0.300592 860 -0.127988 0.0217953 7.22001 61.0042 -13 134 0 0 1
0.0496398 -5.36541e-06 860 -0.0327664 -0.00811992 13.3401 27.5619 -13 135 0 0 1
-0.0342883 -0.0791007 860 -0.036386 0.0234568 12.9699 35.7847 -13 136 0 0 1
-0.307847 0.360864 860 0.0466728 0.0370151 7.17039 46.5535 -13 137 0 0 1
0.373946 -0.251333 860 0.207205 -0.154742 4.34918 72.0602 -13 138 0 0 1
-0.210099 -0.0203456 860 -0.00859529 0.0443974 11.4697 46.6151 -13 139 0 0 1
0.066931 -0.0785307 860 -0.0421904 -0.0628257 14.1277 47.0716 -13 140 0 0 1
-0.0519238 0.055755 860 -0.0130237 0.0156405 13.8129 23.6204 -13 141 0 0 1
-0.134309 -0.000556464 860 -0.0193039 0.0699118 13.7325 34.2896 -13 142 0 0 1
0.227497 5.00961 860 -0.00500743 -0.0274459 0.020531 36.4116 11 142 1001 0 1
-0.146258 -0.0827401 860 0.0427377 0.0566352 11.02 33.6269 -13 143 0 0 1
-0.048997 -0.0293767 860 -0.00590034 0.0240609 14.3846 42.2533 -13 144 0 0 1
-0.10294 0.216072 860 0.00810713 0.0134345 9.84237 56.5607 -13 145 0 0 1
0.194728 0.0848855 860 0.00829296 0.014864 9.20163 44.0077 -13 146 0 0 1
-0.0123768 -0.0444464 860 -0.0194079 -0.0245784 11.2227 42.7914 -13 147 0 0 1
-0.125419 0.0637365 860 -0.0113569 0.0273161 7.32433 54.8344 -13 148 0 0 1
0.085021 -0.0251516 860 0.0499851 -0.0124626 6.95763 52.2821 -13 149 0 0 1
-0.0442259 -0.0414961 860 -0.0276288 -0.00115128 13.8401 43.0226 -13 150 0 0 1
-0.287835 -0.0146439 860 0.0337575 0.0157013 8.02397 41.4581 -13 151 0 0 1
-0.0694358 0.00793828 860 -0.00885716 0.031484 14.128 46.2563 -13 152 0 0 1
0.127504 0.0999389 860 0.10979 0.00703614 13.6692 46.3914 -13 153 0 0 1
-0.0567138 -0.176947 860 0.0371664 -0.0100887 9.43464 49.7928 -13 154 0 0 1
0.229325 -0.0661271 860 0.0292138 -0.146466 9.92527 56.228 -13 155 0 0 1
0.0129769 -0.101148 860 -0.0674994 0.0196016 11.9736 42.5929 -13 156 0 0 1
-0.0399663 0.084527 860 0.0196719 -0.0389642 13.238 32.6824 -13 157 0 0 1
0.890379 0.285667 860 0.192168 -0.0111037 8.36223 46.7504 -13 158 0 0 1
-10.2709 -9.09725 860 0.00551322 -0.024628 0.039921 46.8685 11 158 1001 0 1
-0.0530091 -0.00293761 860 0.00732847 0.0297322 14.3299 44.6448 -13 159 0 0 1
-0.122391 0.1126 860 -0.00268249 -0.0459292 7.45466 49.6346 -13 160 0 0 1
-0.125308 0.169586 860 0.0760816 0.0610581 14.1006 29.022 -13 161 0 0 1
-0.0357149 -0.0306331 860 -0.043322 0.053659 9.7122 46.9421 -13 162 0 0 1
0.062461 -0.218069 860 -0.0431302 0.0185411 9.72057 34.6564 -13 163 0 0 1
-0.0654298 0.148799 860 0.0477443 0.0152028 14.2163 42.042 -13 164 0 0 1
-0.0911696 0.259536 860 0.101202 -0.0867923 12.3294 49.793 -13 165 0 0 1
-0.143424 -0.0285065 860 0.0115199 0.0988112 11.0028 56.7298 -13 166 0 0 1
-0.190188 0.30199 860 0.0474209 0.0411029 9.8079 36.2521 -13 167 0 0 1
0.117234 0.099442 860 0.0447064 0.00339423 11.4136 28.0582 -13 168 0 0 1
0.104437 -0.0573087 860 -0.0331151 -0.0487757 13.0577 50.1665 -13 169 0 0 1
-0.26357 -0.0294953 860 0.0178308 0.112038 8.9026 53.4184 -13 170 0 0 1
0.0561207 0.105529 860 0.000344468 -0.000318076 14.505 43.4943 -13 171 0 0 1
-0.212689 0.0164102 860 0.103486 0.047028 11.8387 40.7904 -13 172 0 0 1
-0.0521004 0.11931 860 0.036628 -0.00127527 13.0389 24.9825 -13 173 0 0 1
0.0136728 -0.212917 860 -0.0335756 -0.0134521 9.65632 55.293 -13 174 0 0 1
-0.672674 0.204789 860 0.0429751 0.0151617 0.0635022 54.9656 11 174 1001 0 1
-0.0892867 -0.102328 860 -0.0414999 -0.0283066 10.6603 31.5433 -13 175 0 0 1
-0.128148 -0.142726 860 0.0514274 0.182182 10.7634 42.9998 -13 176 0 0 1
0.108337 -1.47315 860 -0.109338 -0.0350701 2.88525 97.0205 -13 177 0 0 1
-0.149496 0.437239 860 0.077961 -0.147139 5.48732 66.1191 -13 178 0 0 1
0.91655 -0.0504364 860 -0.106123 -0.304704 5.31979 71.5311 -13 179 0 0 1
-0.993228 0.785562 860 0.217262 0.355207 7.07139 66.4879 -13 180 0 0 1
-0.276247 -0.172623 860 -0.0187561 0.0778792 8.74836 61.5589 -13 181 0 0 1
0.191637 -0.0326666 860 -0.0187046 -0.0694834 9.23793 50.7774 -13 182 0 0 1
0.147646 -0.0847679 860 -0.0350545 -0.0565435 14.0214 27.6001 -13 183 0 0 1
0.0531943 -0.322006 860 -0.10415 -0.0431115 12.2547 30.0064 -13 184 0 0 1
-0.117349 -0.486146 860 -0.111522 0.0908432 11.4979 42.7795 -13 185 0 0 1
0.00667643 0.0119611 860 0.0231622 -0.0589528 11.8634 55.246 -13 186 0 0 1
0.297841 0.132823 860 0.0463087 -0.084354 4.56896 67.9768 -13 187 0 0 1
0.144234 0.0867301 860 -0.0119622 -0.0741819 8.53103 52.4505 -13 188 0 0 1
1.6785 -3.14976 860 -0.0240127 0.00512371 0.0515868 52.242 11 188 1001 0 1
0.00853762 -0.253438 860 -0.0714888 -0.047621 5.6803 53.5594 -13 189 0 0 1
-3.96077 -9.91962 860 0.00793677 -0.0121013 0.0394417 48.569 11 189 1001 0 1
-1.4024 -10.21 860 -0.0159729 -0.0256435 -0.0221135 51.6838 11 189 1001 0 1
0.0472166 -0.115569 860 -0.0389827 -0.0557381 8.37658 42.2501 -13 190 0 0 1
-0.927363 0.712943 860 0.172887 0.232068 12.1654 31.3724 -13 191 0 0 1
-4.36837 1.61139 860 -0.0225547 -0.0223935 0.0180531 33.3829 11 191 1002 0 1
-1.12192 -0.414796 860 -0.0360882 0.043961 0.0311339 32.6385 11 191 1003 0 1
0.0340114 -0.0320053 860 -0.0879866 -0.015974 12.0666 31.4088 -13 192 0 0 1
0.0654015 0.172129 860 0.0201327 0.0170552 10.3115 36.9176 -13 194 0 0 1
0.142012 -0.146499 860 -0.110792 -0.0580949 10.8353 50.3975 -13 195 0 0 1
-0.0966508 0.163714 860 0.0592525 0.0501232 11.6776 55.8682 -13 196 0 0 1
-0.0590349 0.138417 860 0.0447969 -0.0323658 12.2888 29.7285 -13 198 0 0 1
-0.0223241 0.00411213 860 0.0137486 0.0114189 12.9193 38.351 -13 199 0 0 1
-0.0762463 -0.104566 860 -0.00875306 0.0110213 11.589 48.433 -13 201 0 0 1
0.29842 -0.156651 860 -0.0522511 -0.12587 12.0001 46.7026 -13 202 0 0 1
-0.112496 0.0906209 860 0.0356661 -0.0244013 14.4531 42.2813 -13 203 0 0 1
0.16637 0.164296 860 -0.0807503 -0.0855358 5.31777 64.7898 -13 204 0 0 1
-0.131908 0.0291952 860 -0.0390917 0.0322985 7.10993 53.9454 -13 205 0 0 1
-0.072486 -0.0185006 860 -0.0165815 -0.0819927 9.17976 61.3321 -13 207 0 0 1
0.493321 -1.9166 860 -0.000718428 -0.0289688 0.0376271 62.2267 11 207 1002 0 1
-0.0670211 0.000838089 860 0.00596066 0.0308144 13.7064 35.5892 -13 209 0 0 1
0.940625 -2.61073 860 -0.149806 -0.540942 2.25962 124.735 -13 210 0 0 1
-0.310322 -0.0858519 860 -0.164959 0.0554348 6.44732 61.8554 -13 211 0 0 1
-0.231723 0.0707474 860 0.257945 0.0767274 13.9337 23.6712 -13 212 0 0 1
-0.10933 0.00835673 860 0.0254367 0.108358 8.87396 63.2929 -13 213 0 0 1
0.545466 -1.13377 860 -0.0171831 -0.0318665 0.0632611 62.7612 11 213 1001 0 1
0.0124359 -0.010548 860 0.0151194 0.0224568 9.77788 49.6921 -13 214 0 0 1
0.281743 0.162573 860 0.00297164 -0.0292751 3.77386 88.7098 -13 215 0 0 1
0.0957319 -0.126392 860 -0.0530049 -0.0119823 9.86984 43.391 -13 216 0 0 1
-0.361448 -0.126712 860 -0.138579 0.0585445 9.42743 45.6348 -13 217 0 0 1
-0.173667 0.225075 860 0.0450623 0.0917769 5.00397 74.0651 -13 218 0 0 1
0.078592 -0.0179808 860 0.0318261 -0.019157 9.72257 41.9124 -13 219 0 0 1
0.0674157 -0.132279 860 -0.0560485 -0.0522088 13.3188 35.0809 -13 220 0 0 1
0.217395 -0.724688 860 -0.137822 -0.079188 3.05981 95.0643 -13 221 0 0 1
-0.253613 0.00869003 860 0.00739363 0.0773373 8.90269 41.4846 -13 222 0 0 1
-0.177932 -0.1759 860 -0.00846229 0.00821027 8.60878 38.9807 -13 223 0 0 1
0.53544 0.0866538 860 -0.0298898 -0.09857 5.95669 79.0446 -13 224 0 0 1
-0.0140592 -0.0126457 860 0.00313894 -0.0251914 12.3277 45.9745 -13 225 0 0 1
-0.0425648 0.223257 860 0.11281 -0.0123494 10.0663 49.5718 -13 226 0 0 1
-0.112642 0.146444 860 0.0414663 0.0741648 12.6038 44.2772 -13 227 0 0 1
0.00437538 0.197747 860 -0.00461717 0.089768 13.4946 36.2887 -13 228 0 0 1
0.0943425 0.0892758 860 0.00800385 -0.0385856 13.4305 33.8864 -13 229 0 0 1
-0.173552 0.356315 860 0.107 -0.0619524 11.9398 27.3323 -13 230 0 0 1
0.134318 0.143237 860 0.0672796 -0.0401928 8.97674 60.3583 -13 231 0 0 1
-0.0279341 -0.101838 860 -0.00264798 -0.107462 6.2273 67.6631 -13 232 0 0 1
-0.195002 -0.305875 860 -0.125003 -0.0118568 10.9514 56.0895 -13 233 0 0 1
0.525703 -1.26647 860 -0.332585 -0.395761 12.469 27.8006 -13 234 0 0 1
0.244499 0.275429 860 0.0204782 -0.0429483 6.23708 71.8522 -13 235 0 0 1
-0.137112 -0.264458 860 -0.136675 0.0717066 4.2174 87.9 -13 236 0 0 1
0.0766903 -0.0588789 860 0.0331757 0.0334936 8.33183 51.791 -13 237 0 0 1
0.0534286 0.0335974 860 0.0728756 -0.0125169 9.39686 37.5818 -13 238 0 0 1
0.0629821 0.0143492 860 -0.00023744 -0.0687221 12.7572 35.9598 -13 239 0 0 1
-0.0655309 0.000266092 860 -0.0204347 0.0162225 12.7423 29.6689 -13 240 0 0 1
-0.081348 -0.036149 860 -0.0703047 -0.00141601 12.7828 26.4116 -13 241 0 0 1
0.184454 0.225415 860 0.275384 0.0534029 10.9001 44.5993 -13 242 0 0 1
0.128537 -0.0759096 860 -0.0306738 -0.0910012 13.7876 50.3503 -13 243 0 0 1
0.00880704 0.213668 860 -0.0270349 0.0254951 8.61587 59.0048 -13 244 0 0 1
0.501961 0.529566 860 0.15327 -0.167342 12.9 36.3697 -13 245 0 0 1
0.202935 0.0522937 860 0.00130928 -0.0327328 7.99862 46.9388 -13 246 0 0 1
1.123 1.33282 860 -0.00200875 -0.0342631 0.0521321 46.1727 11 246 1001 0 1
-0.110212 0.0781111 860 0.0237085 0.0160542 11.6232 37.0364 -13 247 0 0 1
-0.0722087 0.0407683 860 0.0723608 0.0260471 11.8143 53.6043 -13 248 0 0 1
0.047979 -0.0116372 860 -0.00855961 -0.00933526 12.327 35.8478 -13 249 0 0 1
0.189559 -0.324071 860 -0.129571 -0.069206 10.2684 49.2884 -13 250 0 0 1
3.00822 1.13446 860 -0.0556513 -0.00783433 0.0492077 47.9826 11 250 1001 0 1
-2.31303 0.914722 860 -0.0374489 -0.0310711 -0.0191756 76.946 11 250 1001 0 1
0.0568553 -0.109193 860 0.0840313 -0.0843851 8.25278 63.1277 -13 251 0 0 1
-0.00943489 -0.140036 860 -0.00232394 -0.0290549 0.0201656 63.2101 11 251 1001 0 1
0.11223 -0.00384937 860 -0.0212963 -0.024492 12.9665 31.4737 -13 252 0 0 1
0.322105 -0.252124 860 -0.0436174 -0.0810642 11.8903 47.1763 -13 253 0 0 1
0.165271 -0.235521 860 -0.00769823 1.08903e-05 8.29233 41.4997 -13 254 0 0 1
-0.0899921 0.0135019 860 -0.00302107 0.00285566 12.0457 33.2921 -13 255 0 0 1
0.110016 -0.0240894 860 -0.0561483 -0.0714497 12.1919 26.047 -13 256 0 0 1
1.74555 -2.76222 860 -0.0333524 -0.0254691 0.0438566 28.5363 11 256 1001 0 1
0.112742 0.0437347 860 -0.0333685 0.00819049 11.2717 38.5387 -13 257 0 0 1
0.0751565 -0.0338374 860 -0.0761857 -0.032558 11.7174 43.1023 -13 258 0 0 1
0.243168 0.00869589 860 -0.0120582 -0.0617891 14.4388 26.9112 -13 259 0 0 1
-0.0769326 0.0403999 860 -0.0016944 -0.0148342 14.2092 45.5853 -13 260 0 0 1
0.169083 -0.136144 860 -0.101266 -0.0416913 13.8337 37.4713 -13 261 0 0 1
-0.0914152 -0.280672 860 -0.139557 -0.00510958 12.9364 43.179 -13 262 0 0 1
-0.0996965 -0.146425 860 -0.0366061 0.0389292 10.513 36.8746 -13 263 0 0 1
0.0946165 1.51507 860 0.330186 0.135539 2.93747 111.647 -13 264 0 0 1
-0.0716305 -0.0687977 860 -0.0562823 0.00883708 12.7897 47.8905 -13 265 0 0 1
0.224966 0.136468 860 -0.0323821 -0.0394973 11.3096 51.7981 -13 266 0 0 1
-0.00158805 -0.035488 860 -0.0109768 -0.00502942 14.0413 44.5845 -13 267 0 0 1
-0.165704 -0.0852187 860 0.0422986 0.0206061 12.2467 30.8485 -13 268 0 0 1
0.160048 0.35405 860 0.0608025 -0.0619155 11.8941 37.8436 -13 269 0 0 1
0.117591 -0.596048 860 -0.0679034 0.0494272 2.58643 122.691 -13 270 0 0 1
-0.312342 0.0167593 860 0.05501 0.13113 7.21386 69.5313 -13 271 0 0 1
0.0745246 0.0762169 860 0.0242699 -0.0383554 14.449 31.424 -13 272 0 0 1
0.0590303 -0.0392148 860 0.016082 0.0375574 8.01021 48.3989 -13 273 0 0 1
-0.0681768 -0.320535 860 -0.129164 0.0571102 12.6017 51.5791 -13 274 0 0 1
-0.194139 -0.0155663 860 -0.0245772 0.0921417 8.6802 54.7557 -13 275 0 0 1
0.187727 -0.0413589 860 0.0705781 -0.0330337 11.5035 32.5501 -13 276 0 0 1
0.0280552 0.151682 860 0.0687323 -0.018303 9.5591 57.1053 -13 277 0 0 1
1.60118 -2.62226 860 -0.0256101 0.0195779 0.0431821 56.957 11 277 1001 0 1
-0.00947598 0.0379832 860 0.0324103 0.0146333 13.7458 35.3116 -13 278 0 0 1
0.0481673 -0.128653 860 -0.0575445 -0.00788532 13.3218 43.8689 -13 279 0 0 1
-0.269701 0.276299 860 0.0697529 0.214458 6.19499 54.9524 -13 280 0 0 1
-1.82651 -5.72122 860 -0.0114086 0.00251891 0.0354711 54.8464 11 280 1001 0 1
0.0255173 -0.233777 860 -0.0462494 0.0107205 8.10757 57.6816 -13 281 0 0 1
0.0936974 -0.0264913 860 0.0215643 -0.0152909 9.48975 55.6692 -13 282 0 0 1
0.0192477 0.0292836 860 0.0115444 0.00412977 10.6719 36.0877 -13 283 0 0 1
0.109945 -0.236264 860 -0.0693546 -0.0441677 7.10306 56.1384 -13 284 0 0 1
-0.326015 0.496007 860 0.105885 0.0682648 2.18479 129.331 -13 285 0 0 1
0.143266 0.0674231 860 -0.0105712 0.0284998 6.68666 71.2682 -13 286 0 0 1
-0.0626275 0.167153 860 0.00168374 0.088881 10.8446 56.5788 -13 287 0 0 1
0.0906795 -0.0539693 860 -0.019413 -0.00842973 11.9443 51.357 -13 288 0 0 1
0.0108378 0.0375145 860 0.0652795 0.0476251 9.36897 50.1806 -13 289 0 0 1
4.76306 -3.31681 860 -0.0234403 0.0397629 0.0615185 48.0846 11 289 1001 0 1
0.160936 -0.211865 860 -0.0127206 -0.0571079 9.02665 42.6197 -13 290 0 0 1
0.314493 -0.137322 860 -0.0209695 -0.0146014 6.82656 63.1142 -13 291 0 0 1
-0.0381787 0.124897 860 0.0569161 0.0256634 13.2587 26.6493 -13 292 0 0 1
-0.16403 -0.0713702 860 -0.00973409 0.0919268 7.35199 70.5499 -13 293 0 0 1
0.0945178 -0.0628522 860 -0.041533 -0.0217972 13.8097 52.0178 -13 294 0 0 1
-0.253353 -0.27105 860 -0.130587 0.102014 7.16304 65.3856 -13 295 0 0 1
0.42627 0.00157574 860 0.00724569 -0.0473806 5.94127 65.9384 -13 296 0 0 1
-0.124912 0.279448 860 0.159777 -0.0256212 11.9662 30.6274 -13 297 0 0 1
-0.00480525 0.082899 860 0.0116498 0.0145628 12.1526 38.1852 -13 299 0 0 1
0.773435 -0.532812 860 -0.197207 -0.152313 2.55208 122.668 -13 300 0 0 1
0.0933907 -0.166308 860 0.0241964 -0.00515677 8.17677 63.8658 -13 301 0 0 1
-0.36258 0.298395 860 0.15146 0.136469 7.45666 56.7144 -13 302 0 0 1
0.158655 -0.0731813 860 -0.0446593 -0.0798317 11.6506 39.5709 -13 303 0 0 1
0.0417758 -0.058757 860 0.0503077 0.0875803 7.60271 57.1267 -13 304 0 0 1
-1.56174 -5.74021 860 -0.00347866 -0.00723753 0.0355482 55.9963 11 304 1001 0 1
-0.063419 0.0261282 860 0.0166673 0.0173572 11.0704 38.0531 -13 305 0 0 1
-0.11763 -0.054562 860 -0.0403168 0.0518774 9.67791 47.199 -13 306 0 0 1
0.68711 -0.18072 860 0.209066 -0.204015 4.07999 80.7525 -13 307 0 0 1
0.05219 0.102198 860 0.0640958 -0.000479154 12.3625 31.5907 -13 308 0 0 1
-0.0264473 0.116427 860 0.0556788 -0.14067 9.51681 52.4254 -13 309 0 0 1
0.299494 0.0108491 860 0.00353907 -0.11733 5.56818 63.2889 -13 310 0 0 1
-0.202914 -0.108616 860 -0.0899284 0.0544456 13.9686 39.4203 -13 311 0 0 1
0.0427766 0.0244829 860 0.00269867 -0.00148489 12.1444 32.5228 -13 312 0 0 1
-0.105286 0.106017 860 -0.0120566 0.0368144 13.0375 25.6874 -13 313 0 0 1
-0.00156196 -0.0629987 860 -0.0563053 -0.0458824 13.7682 24.1825 -13 314 0 0 1
-1.56374 9.52588 860 -0.00591971 0.00416993 0.0383647 30.6809 11 314 1002 0 1
-0.0236601 0.0827452 860 0.0334663 -0.0144038 11.5968 30.5117 -13 315 0 0 1
-0.189832 0.244421 860 0.0371425 0.0187854 9.06355 40.4511 -13 316 0 0 1
-0.232056 -0.320863 860 -0.130848 0.06616 6.05166 55.8229 -13 318 0 0 1
-0.124098 -0.151695 860 -0.0141662 0.040577 13.7988 28.333 -13 320 0 0 1
-0.0201208 -0.0925578 860 -0.0225158 0.0436647 9.97642 36.5143 -13 321 0 0 1
0.12074 0.0666999 860 0.000400651 -0.0253664 12.7378 30.1355 -13 322 0 0 1
0.0031449 -0.160403 860 0.0511906 0.0429699 5.98556 57.6097 -13 323 0 0 1
0.0196902 -0.236192 860 -0.00277482 0.0283522 11.4294 53.89 -13 325 0 0 1
-0.0259933 -0.050021 860 -0.0223818 0.014538 10.6835 49.2666 -13 326 0 0 1
-0.108277 -0.0774584 860 -0.00968371 0.0352374 12.4419 38.0251 -13 327 0 0 1
0.252293 -0.619587 860 -0.179753 -0.0517518 3.87258 93.662 -13 328 0 0 1
-0.171178 -0.236601 860 -0.0475002 0.0598029 11.97 48.1307 -13 329 0 0 1
0.0603394 0.275081 860 0.0203258 -0.146896 8.88439 42.6461 -13 330 0 0 1
0.277675 0.0015063 860 0.020741 -0.0834591 5.43602 55.9026 -13 331 0 0 1
0.468036 1.04303 860 0.0170985 -0.0403488 4.64671 68.5379 -13 332 0 0 1
-0.012623 0.0405838 860 -0.0119352 -0.0426332 9.79565 42.6425 -13 333 0 0 1
-0.615362 3.53471 860 0.00468804 0.0180221 0.0416928 46.2744 11 333 1001 0 1
0.026789 0.148945 860 0.0975379 -0.0209746 12.8473 26.8163 -13 334 0 0 1
0.292792 0.143922 860 -0.00826178 -0.0790561 14.2431 43.0361 -13 335 0 0 1
-0.0350434 -0.382751 860 -0.0366714 0.014001 5.61683 67.4255 -13 336 0 0 1
-0.0417435 0.023972 860 0.00745163 0.0193 13.7296 41.0743 -13 337 0 0 1
0.0963887 0.415715 860 0.119358 -0.022144 9.62582 56.5377 -13 338 0 0 1
-0.0564973 0.469424 860 0.220081 0.0987693 9.29902 61.7927 -13 339 0 0 1
0.0151593 -0.032568 860 0.00939177 -0.00942277 12.4488 52.5095 -13 341 0 0 1
0.0660217 -0.120446 860 -0.0626271 0.00521047 13.2362 29.8809 -13 344 0 0 1
0.0756184 -0.172965 860 0.189144 -0.0895008 9.62059 32.6684 -13 345 0 0 1
-5.05271 -0.787733 860 0.0107112 0.0200319 0.0390234 37.9439 11 345 1002 0 1
-0.0305564 -0.00688297 860 0.0299703 0.0296929 13.4504 38.2834 -13 346 0 0 1
-0.0213315 -0.0449823 860 -0.029598 -0.0243441 12.0943 40.2836 -13 347 0 0 1
0.0392262 0.051122 860 0.0275056 -0.0622493 13.7768 48.9825 -13 348 0 0 1
-0.336888 -0.214818 860 -0.0533263 0.200595 7.04805 57.411 -13 349 0 0 1
-0.425094 -0.0198723 860 0.00635856 0.10815 7.69717 62.8653 -13 350 0 0 1
4.30904 0.540594 860 0.0882269 -1.01276 4.06131 77.8723 -13 351 0 0 1
-0.538837 0.153778 860 0.190677 -0.058957 3.86364 84.3995 -13 352 0 0 1
-0.230182 0.0697633 860 0.0168023 0.170278 10.8304 55.8082 -13 354 0 0 1
-1.51637 -0.633258 860 -0.0241262 -0.0319749 2.34093 116.749 -13 355 0 0 1
0.214398 -0.179707 860 0.0160967 -0.0964171 9.74349 59.4474 -13 356 0 0 1
-0.0957248 0.295779 860 0.03764 0.0138088 10.614 56.3845 -13 357 0 0 1
5.44505 2.16292 860 0.0190537 -0.0347391 0.0420798 62.7211 11 357 1002 0 1
-0.115669 0.190741 860 0.0486643 0.0946658 10.8735 45.8862 -13 358 0 0 1
0.0524775 0.00692427 860 0.00143667 -0.00226175 11.7771 32.5307 -13 359 0 0 1
0.0526284 0.0413687 860 0.0192841 -0.0127008 13.4981 44.6242 -13 360 0 0 1
-0.0138456 0.0383927 860 0.169439 0.021308 3.33917 86.2678 -13 361 0 0 1
-0.0259358 -0.141356 860 -0.0745851 0.00864877 8.71807 36.1407 -13 362 0 0 1
0.0875225 -0.282154 860 -0.0668932 -0.0501784 12.1544 53.9284 -13 363 0 0 1
-0.0857129 -0.103211 860 -0.0387474 0.0183528 14.4448 26.3844 -13 364 0 0 1
0.0800438 0.0223827 860 -0.0292518 0.00462933 11.8397 30.9701 -13 365 0 0 1
-0.0723677 -0.2645 860 0.00975036 0.0158741 7.85425 39.9297 -13 366 0 0 1
0.274893 0.0750695 860 0.0121019 -0.152481 11.7018 51.0917 -13 367 0 0 1
0.169062 -0.0596299 860 0.116326 -0.119782 5.91717 70.1474 -13 368 0 0 1
-0.0853072 -0.0566628 860 0.000620915 0.0206829 6.34338 51.2935 -13 370 0 0 1
-0.0206897 -0.00721332 860 0.000947999 0.026448 0.0232914 51.3282 11 370 1001 0 1
-0.828415 -4.41663 860 -0.0326964 -0.000468961 0.034288 50.0951 11 370 1002 0 1
-0.02987 -0.15086 860 -0.187309 -0.0387524 14.516 39.233 -13 371 0 0 1
-0.177341 -0.166916 860 -0.0267275 0.0822825 14.1952 31.1188 -13 373 0 0 1
0.0166164 0.138292 860 -0.0738334 -0.203994 4.83736 67.1879 -13 374 0 0 1
0.0239336 0.0304126 860 0.00438855 0.00226979 13.3624 45.2506 -13 375 0 0 1
1.34733 0.617792 860 0.233563 -0.247823 6.54989 59.1518 -13 376 0 0 1
-0.0277513 -0.043207 860 0.0108371 -0.0183728 10.4961 39.5207 -13 377 0 0 1
-0.00499103 -0.322735 860 -0.0865561 -0.0667614 7.35894 44.5066 -13 379 0 0 1
0.239672 0.182934 860 0.00426434 -0.15412 10.6998 34.1947 -13 380 0 0 1
-0.196486 0.117069 860 0.0316423 0.0547913 7.77224 51.9836 -13 381 0 0 1
0.0668614 -0.150898 860 -0.0662024 -0.00437002 13.3931 35.8145 -13 382 0 0 1
-0.194811 -0.0805412 860 -0.0111932 0.129926 14.0956 36.6277 -13 384 0 0 1
-0.0533383 0.039335 860 0.0311564 -0.0034432 14.4563 30.8082 -13 386 0 0 1
-0.0978194 -0.11615 860 -0.032872 0.0148439 14.4245 39.4948 -13 387 0 0 1
-0.00292419 0.059185 860 -0.0202114 0.0593426 9.32324 56.674 -13 388 0 0 1
-0.00807505 0.240224 860 0.0758649 0.0435711 13.4349 41.7864 -13 389 0 0 1
-4.49847 2.55222 860 0.0277529 -0.0066515 0.0549528 45.3898 11 389 1001 0 1
0.0492009 -0.0488441 860 -0.0581356 -0.135326 10.3044 39.2536 -13 390 0 0 1
0.219024 -0.164975 860 -0.0119593 -0.124667 8.63405 63.7203 -13 391 0 0 1
5.74421 1.3994 860 0.0145005 0.0207774 0.0294707 65.1248 11 391 1001 0 1
-0.435293 -0.616323 860 -0.152011 0.133542 8.08645 65.1426 -13 392 0 0 1
-0.441162 0.20109 860 0.0669483 0.0799339 3.55351 80.437 -13 393 0 0 1
0.561351 1.54264 860 -0.0704986 -0.447238 3.39285 88.6432 -13 394 0 0 1
0.23555 -0.623895 860 -0.118882 -0.0567348 14.0816 31.1012 -13 395 0 0 1
0.0189276 -0.0420833 860 0.0100748 -0.0120022 7.01988 59.5174 -13 396 0 0 1
0.0876201 -0.11444 860 0.00174955 0.00673762 14.4946 29.0066 -13 397 0 0 1
2.02206 0.314803 860 0.429067 -0.551034 13.2786 30.8178 -13 398 0 0 1
-0.041102 0.207368 860 0.0893075 0.0422285 12.6113 28.1173 -13 399 0 0 1
-0.180959 0.113379 860 0.0593099 0.0525805 11.634 38.116 -13 400 0 0 1
-0.00828188 0.210425 860 0.0286284 -0.0265242 11.1581 41.0396 -13 401 0 0 1
0.352287 0.31255 860 0.0376329 -0.0557451 7.27658 43.6163 -13 402 0 0 1
-0.0177575 0.500071 860 0.0160837 0.181739 5.63115 73.4078 -13 403 0 0 1
-0.0277733 0.0897249 860 0.0201566 0.0505449 14.3881 30.1801 -13 404 0 0 1
0.355408 -0.0838384 860 0.0604388 -0.224099 12.7677 41.5231 -13 405 0 0 1
4.46128 -1.18243 860 0.0272925 0.0440439 0.0762 39.8848 11 405 1001 0 1
0.166755 -0.207434 860 -0.0335001 -0.0942262 7.07143 58.3153 -13 406 0 0 1
0.0140136 -0.0813243 860 -0.0195355 0.096535 4.56165 87.9962 -13 407 0 0 1
-0.195243 0.222902 860 0.0481123 0.0222297 10.8514 50.0282 -13 408 0 0 1
0.151618 0.0228625 860 0.107936 -0.0428698 12.1935 29.0508 -13 409 0 0 1
-0.0614026 -0.455942 860 -0.0725146 0.0524266 7.14425 52.8988 -13 410 0 0 1
0.236509 -0.238186 860 0.0511219 -0.0580761 6.78535 50.03 -13 411 0 0 1
0.0697043 0.220416 860 0.00628445 -0.0712406 7.19434 46.9958 -13 412 0 0 1
0.607011 0.491504 860 0.242938 -0.126928 5.47021 54.9903 -13 413 0 0 1
-0.152572 -0.091608 860 -0.00577081 0.0278419 9.81231 38.0934 -13 414 0 0 1
0.0894202 0.130016 860 0.0675504 -0.0596944 8.22615 44.3942 -13 415 0 0 1
-0.268259 -0.0744191 860 -0.0352246 0.017971 12.611 38.5286 -13 416 0 0 1
0.17252 -0.0982216 860 -0.193114 -0.156091 6.40357 53.1767 -13 417 0 0 1
0.11167 -0.0364781 860 0.0293226 -0.087875 9.94372 57.4065 -13 418 0 0 1
0.0364699 -3.8517 860 0.0278419 -0.0332279 0.0429785 54.5727 11 418 1001 0 1
0.0756424 -0.19948 860 -0.163015 0.103613 7.64222 53.9311 -13 419 0 0 1
0.0868347 -0.26718 860 -0.0921471 -0.0594931 12.4695 34.9128 -13 420 0 0 1
-0.0403309 0.0229133 860 -0.0298993 -0.0406315 13.1979 28.4407 -13 421 0 0 1
0.0346492 0.509993 860 0.217122 -0.0358747 7.00749 47.4776 -13 422 0 0 1
0.254174 -0.448839 860 -0.0627391 -0.0723466 9.31136 43.0791 -13 424 0 0 1
-0.666867 0.104187 860 0.0662097 0.141732 4.88383 88.8587 -13 425 0 0 1
-0.094177 -0.171585 860 -0.0953634 -0.0227225 4.86909 84.9027 -13 426 0 0 1
-0.01225 -0.0274154 860 -0.0134343 0.0466419 10.7996 54.4327 -13 427 0 0 1
-0.803999 0.00177381 860 -0.0264765 0.215922 6.91734 52.0429 -13 428 0 0 1
-0.153932 0.592577 860 0.142815 -0.0946077 7.73395 52.5656 -13 429 0 0 1
-0.030179 -0.0825746 860 -0.00511961 0.00187135 9.92013 41.4696 -13 430 0 0 1
0.10971 0.0718828 860 0.00163104 -0.103905 10.8261 38.5538 -13 431 0 0 1
0.118172 -0.0964531 860 -0.0320051 -0.0379107 9.93758 49.2175 -13 432 0 0 1
-0.0883221 -0.0294817 860 -0.024106 0.0440317 11.0214 53.3046 -13 433 0 0 1
0.00556563 0.094965 860 0.0361321 0.017373 13.6937 34.0993 -13 434 0 0 1
-0.0177634 0.0415539 860 0.0515911 -0.0911264 11.3697 42.2018 -13 435 0 0 1
-0.035804 -0.198151 860 -0.0149541 -0.0636688 11.202 34.3872 -13 436 0 0 1
0.0509403 0.0259335 860 0.0480009 0.0169324 10.6793 40.2551 -13 437 0 0 1
-0.0703146 -0.173267 860 -0.0157274 0.0504815 11.1115 44.2732 -13 438 0 0 1
0.0771173 -0.20677 860 -0.0186406 -0.0220831 11.9374 54.5411 -13 439 0 0 1
0.45156 0.722469 860 0.276268 -0.0392631 8.78361 55.8229 -13 440 0 0 1
-0.436531 1.93889 860 0.0288292 0.0240025 0.0517675 55.7036 11 440 1001 0 1
-0.2422 0.209918 860 0.0564703 0.0529036 11.3805 41.3699 -13 441 0 0 1
-0.284479 -0.223087 860 -0.0680966 0.0192256 3.57888 79.0269 -13 442 0 0 1
-0.0710407 0.0926812 860 0.108482 -0.03501 7.52755 66.1936 -13 443 0 0 1
0.287994 0.0635548 860 0.0217331 -0.0696108 11.3677 38.0474 -13 444 0 0 1
-0.0178237 0.23784 860 0.168141 0.0343954 7.92928 64.3172 -13 445 0 0 1
0.0482122 -0.00448814 860 -0.0189006 -0.0475372 13.3894 50.001 -13 446 0 0 1
0.0502394 -0.243297 860 -0.0532218 0.0179804 11.5426 38.9001 -13 447 0 0 1
0.338874 0.662969 860 -0.00697519 0.0229326 0.0459802 40.6126 11 447 1001 0 1
0.228946 0.0256017 860 0.0927912 -0.0495923 9.78605 35.1345 -13 448 0 0 1
0.187405 0.168012 860 0.0682953 -0.0201266 8.12647 42.4085 -13 449 0 0 1
0.0703246 -0.117045 860 -0.000426759 0.00889292 12.3333 54.433 -13 450 0 0 1
-0.185291 0.148122 860 0.012278 0.0580836 7.78437 59.7526 -13 451 0 0 1
-2.88136 -0.307831 860 -0.0223318 0.00249557 0.0370957 60.4072 11 451 1001 0 1
0.0596674 -0.146987 860 -0.108226 0.0190421 11.8512 52.6805 -13 452 0 0 1
-0.0598105 0.0407093 860 -0.00406133 -0.000376487 12.9505 51.8506 -13 453 0 0 1
-0.110697 -0.0540416 860 0.0144077 0.05761 9.51073 41.6575 -13 454 0 0 1
0.0435796 0.0563401 860 0.0483072 0.04079 13.9913 26.1725 -13 456 0 0 1
-0.239849 -0.274311 860 -0.0839024 0.0566924 9.42997 34.3644 -13 457 0 0 1
-0.0975936 0.00881118 860 -0.039434 -0.0677297 11.5745 53.4906 -13 458 0 0 1
0.0713821 -0.0595854 860 0.0490167 0.0276471 7.95109 47.3251 -13 459 0 0 1
0.129549 -0.00443929 860 0.00762519 -0.024634 10.5594 32.4161 -13 460 0 0 1
-0.057125 0.0948407 860 0.0174032 0.0109419 13.4435 49.166 -13 461 0 0 1
-0.115817 0.0993328 860 0.00716153 0.030068 13.5699 49.001 -13 462 0 0 1
-0.0835579 0.344636 860 -0.0046977 0.051731 0.0965982 48.5003 11 462 1001 0 1
0.081658 -0.144838 860 -0.0151356 0.0160676 7.63736 52.2727 -13 463 0 0 1
0.541942 0.243426 860 0.0791248 -0.356192 3.45023 106.914 -13 464 0 0 1
0.279884 0.0544438 860 0.0678946 -0.161945 9.87407 36.913 -13 465 0 0 1
-0.30945 0.0955825 860 -0.0580041 0.0315192 7.34253 43.3696 -13 466 0 0 1
-0.0324372 -0.251627 860 -0.0774597 -0.0237356 14.0373 25.5059 -13 467 0 0 1
-0.548199 -6.14014 860 -0.0369598 -0.00232129 0.036098 38.9162 11 467 1001 0 1
0.0684953 0.139761 860 0.0556452 0.0201649 8.78687 45.5374 -13 468 0 0 1
0.32106 -0.827603 860 -0.119509 -0.00442587 4.66769 80.1746 -13 469 0 0 1
0.234619 -0.305817 860 -0.165595 -0.12065 6.30819 50.5507 -13 470 0 0 1
0.0848476 0.0444079 860 0.0122531 0.0103738 9.94332 51.3517 -13 472 0 0 1
0.41172 0.103975 860 -0.00123496 0.0157336 0.0846739 44.2306 11 472 1001 0 1
0.305677 -0.58128 860 -0.104874 -0.107835 5.19156 58.6609 -13 473 0 0 1
0.772549 -1.17342 860 -0.00516175 0.0128765 0.04187 58.4507 11 473 1001 0 1
-0.383126 -0.222564 860 -0.092413 0.0359506 8.21375 52.7155 -13 474 0 0 1
-0.0626173 0.0493901 860 0.0345247 0.0424505 11.7774 36.7318 -13 475 0 0 1
-0.00571205 0.17768 860 0.111243 0.027767 7.81855 40.3836 -13 476 0 0 1
0.1338 0.0534986 860 -0.00502112 -0.0352698 9.47081 48.7734 -13 477 0 0 1
0.171515 -0.0437065 860 0.0625568 -0.0957012 9.73228 34.7403 -13 478 0 0 1
-0.619015 -0.0201035 860 0.0281034 0.00924684 5.2723 59.7106 -13 479 0 0 1
0.0293687 -0.315636 860 -0.0327685 -0.00303495 10.693 46.1624 -13 480 0 0 1
0.30228 -0.320058 860 -0.152968 -0.139136 8.95041 48.888 -13 481 0 0 1
0.303258 0.0834792 860 0.0643507 -0.0899448 6.43287 76.1113 -13 482 0 0 1
-0.0839618 0.0377316 860 0.0213509 0.0181979 14.039 51.4202 -13 483 0 0 1
-0.164934 0.0344728 860 0.0387952 0.148673 7.41492 55.34 -13 484 0 0 1
-0.0827765 0.0244021 860 0.0478226 0.0431855 11.3295 31.0345 -13 485 0 0 1
-0.606393 -0.0212315 860 0.0279562 0.121917 7.2741 49.8355 -13 486 0 0 1
-0.025037 -0.0516505 860 -0.068035 0.0350088 13.0038 42.1541 -13 487 0 0 1
0.788349 0.0650465 860 0.15553 -0.22339 5.18814 77.8845 -13 488 0 0 1
-0.0589895 0.0175848 860 -0.0436223 0.00990791 13.8794 27.3477 -13 489 0 0 1
-0.808153 -0.147339 860 -0.0760972 -0.026813 3.42567 84.0052 -13 490 0 0 1
-0.0964939 0.146171 860 0.115411 -0.025239 7.48057 65.6114 -13 491 0 0 1
3.87346 -2.40033 860 0.000730638 -0.0212228 0.0532645 60.9709 11 491 1001 0 1
-0.146709 -0.00206208 860 -0.0305337 0.0213887 13.93 26.6774 -13 492 0 0 1
-0.144218 -0.00191785 860 0.00931041 0.0126986 12.4238 49.9208 -13 493 0 0 1
-0.114507 0.0525819 860 -0.016529 0.0416712 12.9541 47.6405 -13 494 0 0 1
-0.0659932 0.125914 860 0.0321662 0.0409547 14.4444 23.089 -13 495 0 0 1
-0.153686 -0.350917 860 -0.133991 0.0561402 10.7108 36.0371 -13 496 0 0 1
-0.179451 0.0423144 860 -0.00173737 0.0373313 14.0484 23.3542 -13 497 0 0 1
0.106934 0.0066497 860 -0.0197741 -0.0245491 13.5409 39.4623 -13 498 0 0 1
-1.35029 0.196018 860 0.0110826 -0.0148062 0.130095 29.4666 11 498 1002 0 1
0.0505309 0.0920277 860 0.135975 -0.0567736 11.9389 41.8077 -13 499 0 0 1
0.205429 0.0856465 860 -0.0432386 -0.075908 12.6457 37.972 -13 500 0 0 1
-0.0365726 0.00257034 860 -0.0217613 0.0352731 10.8634 38.7889 -13 501 0 0 1
-0.0906921 -0.0185162 860 0.00979336 -0.0188894 14.4272 26.9428 -13 502 0 0 1
0.117065 -0.175188 860 -0.0135105 -0.0209707 10.2204 36.1363 -13 503 0 0 1
-0.143342 -0.106746 860 -0.0619633 0.0404158 11.1638 44.7595 -13 504 0 0 1
-2.28888 -0.140113 860 0.112859 0.394171 2.90725 104.336 -13 505 0 0 1
-0.0444473 -0.237344 860 0.0137306 -0.0571788 8.62632 43.6214 -13 506 0 0 1
-0.0949515 -0.129054 860 -0.051377 0.0716198 12.45 36.8796 -13 507 0 0 1
-0.0306067 -0.235844 860 -0.0825406 0.0197586 11.3829 52.7717 -13 508 0 0 1
0.683218 -0.843873 860 0.0303327 0.0194494 -0.0354979 56.1949 11 508 1001 0 1
0.684389 -0.844219 860 0.0302566 0.0196032 -0.0354762 56.1956 11 508 1001 0 1
0.0724825 0.0208952 860 -0.0260389 0.0513735 8.13742 58.2105 -13 509 0 0 1
-0.43475 -0.424695 860 -0.163238 0.158763 10.496 39.4203 -13 510 0 0 1
-0.00235464 0.02221 860 -0.0069434 -0.0336744 10.4154 32.8664 -13 511 0 0 1
-0.17334 0.0616935 860 0.0280069 0.011757 12.8812 42.1694 -13 512 0 0 1
-1.70404 -9.40767 860 0.00152242 -0.00420223 -0.0405387 55.8049 11 512 1001 0 1
0.0281175 0.0477925 860 -0.0328717 0.00442361 13.325 24.1937 -13 513 0 0 1
0.211812 -0.0570205 860 0.109504 -0.152915 7.90388 44.4421 -13 514 0 0 1
0.00183798 0.0442751 860 -0.0202717 0.0151461 10.1935 54.0949 -13 515 0 0 1
0.135842 0.0681376 860 0.0463107 0.00778851 3.58141 87.1575 -13 516 0 0 1
0.251774 0.0745444 860 -0.0319914 -0.0767113 8.12226 40.7003 -13 517 0 0 1
-0.706927 -2.23916 860 -0.0137321 -0.0287529 0.0398972 40.8894 11 517 1001 0 1
0.740062 -0.437434 860 0.125369 -0.337602 12.3538 30.3334 -13 518 0 0 1
-0.0603038 -0.256075 860 -0.0213761 0.0897576 11.6397 45.4662 -13 519 0 0 1
-0.0169793 0.0736401 860 0.0482707 -0.00672019 11.6159 43.9349 -13 520 0 0 1
0.0641724 -0.0410345 860 0.0145288 -0.0196703 12.9372 35.6116 -13 522 0 0 1
0.0269654 -0.0434886 860 0.00851128 -0.0300859 13.5716 39.0572 -13 523 0 0 1
0.720958 0.654088 860 0.272424 -0.0592281 3.3993 105.726 -13 524 0 0 1
0.126707 0.104542 860 0.0801935 0.047699 9.68638 39.0824 -13 525 0 0 1
-0.114891 -0.100434 860 -0.0302732 0.0523841 11.6856 46.3322 -13 526 0 0 1
3.12491 -2.6287 860 -0.324804 -0.110893 2.22572 129.083 -13 527 0 0 1
-0.171184 -0.00927079 860 0.0524464 0.0536435 12.4283 41.0747 -13 528 0 0 1
-2.14852 -0.561624 860 -0.0574848 0.011751 0.0460689 42.3148 11 528 1001 0 1
0.0051965 0.180062 860 0.0622498 0.015542 11.2597 50.4572 -13 529 0 0 1
-0.0662191 -0.0864758 860 0.00183224 -0.00495878 8.27139 59.7693 -13 530 0 0 1
-0.000273015 0.195194 860 0.0823164 0.0319079 12.9467 37.8145 -13 531 0 0 1
-0.467321 0.521161 860 0.0210012 0.328543 13.7241 51.8051 -13 532 0 0 1
0.479283 0.0455206 860 -0.0428712 0.031704 0.105758 46.6684 11 532 1001 0 1
-0.0623022 -0.144524 860 -0.173086 -0.0998776 9.03944 57.1333 -13 533 0 0 1
-0.0861593 0.216992 860 0.0984795 -0.0138408 9.13721 57.1137 -13 534 0 0 1
0.0652285 0.0136233 860 0.0376191 -0.0359586 9.82172 34.1685 -13 535 0 0 1
0.0846643 0.150995 860 0.0269111 -0.0376032 13.0284 33.1115 -13 536 0 0 1
1.49719 0.938578 860 0.191645 -0.36989 4.15456 83.6494 -13 537 0 0 1
-0.12369 0.196761 860 0.021415 0.0530186 14.4135 39.8725 -13 538 0 0 1
0.540013 1.10886 860 0.0542812 0.000437416 0.0675476 40.1561 11 538 1001 0 1
-4.52207 -3.87219 860 -0.015192 -0.0222441 -0.0276364 54.8771 11 538 1002 1001 1
0.14336 0.0199671 860 -0.0418367 -0.0788981 11.2329 33.2903 -13 539 0 0 1
-0.646702 1.30253 860 -0.052177 -0.00634248 0.00855772 36.9207 11 539 1001 0 1
5.03968 -7.97648 860 0.010831 0.0123573 0.0503775 33.9513 11 539 1002 0 1
0.0135371 0.0360216 860 0.000751783 -0.0492029 11.227 53.188 -13 540 0 0 1
0.0664332 0.128853 860 0.0291919 -0.00537623 7.25989 63.6613 -13 541 0 0 1
-0.349269 -0.139165 860 -0.127725 0.0214596 12.7826 28.1322 -13 542 0 0 1
0.257147 0.162164 860 0.0557028 -0.130717 8.47685 48.9001 -13 543 0 0 1
0.0531938 -0.314326 860 -0.0709364 0.00859923 13.7253 50.6595 -13 544 0 0 1
-0.539247 -0.520388 860 -0.0878909 0.288754 4.71292 88.4255 -13 545 0 0 1
0.0197146 -0.0952473 860 -0.0342232 0.028756 6.58424 65.7972 -13 546 0 0 1
0.0316644 0.128927 860 0.0368344 0.00519513 10.6447 48.6252 -13 547 0 0 1
-0.0397684 -0.0257083 860 -0.00442165 -0.0229486 9.83002 50.4958 -13 548 0 0 1
0.104618 0.0685896 860 0.0258752 0.0127786 9.59818 57.7706 -13 549 0 0 1
-0.230261 0.36545 860 0.124462 0.114558 8.53363 52.4403 -13 550 0 0 1
-0.115264 0.132008 860 0.0252201 0.0260255 10.5642 35.0431 -13 551 0 0 1
-0.188303 0.131809 860 0.0405605 0.0850156 11.3037 37.5142 -13 552 0 0 1
-0.168054 -0.273472 860 -0.153026 0.0339508 7.88118 50.668 -13 553 0 0 1
-0.367829 -0.141043 860 -0.0114512 0.0176178 4.64829 63.667 -13 554 0 0 1
0.334911 -0.18127 860 -0.00126298 -0.102975 7.91842 66.0619 -13 555 0 0 1
0.446506 -0.412842 860 -0.0186471 -0.117876 5.90124 71.2062 -13 556 0 0 1
-0.0724162 0.108673 860 0.0386553 0.0312791 13.5554 29.4626 -13 557 0 0 1
-0.100924 0.159344 860 0.0519453 0.0195999 10.9187 56.5723 -13 559 0 0 1
-0.0345293 -0.0210515 860 -0.0316104 -0.0053759 13.5916 23.695 -13 560 0 0 1
0.164631 0.383 860 0.129565 -0.0673577 5.02502 85.4725 -13 561 0 0 1
-0.187647 -0.0181666 860 0.0228555 0.0740559 11.0308 31.7026 -13 562 0 0 1
-0.030216 -0.054667 860 0.0485423 0.00258257 12.0889 40.9997 -13 563 0 0 1
0.145882 0.0147885 860 0.0797188 -0.0368291 10.5443 57.4864 -13 564 0 0 1
0.0092797 0.00797407 860 -0.0332095 -0.00733532 14.2181 27.345 -13 565 0 0 1
0.241623 -0.13011 860 -0.0902771 -0.0510241 9.37092 44.6025 -13 566 0 0 1
-0.0287618 0.0838413 860 0.0424764 0.0350955 10.5446 40.8685 -13 567 0 0 1
-0.296265 0.45675 860 0.348231 -0.244772 11.8409 52.2053 -13 568 0 0 1
-0.0613117 -0.200148 860 -0.0686337 0.0687372 13.5343 34.202 -13 569 0 0 1
0.010689 -0.0861881 860 -0.0664714 -0.0387571 11.0668 53.6675 -13 570 0 0 1
-0.0268582 -0.0207898 860 -0.0301573 0.0321945 12.6197 38.0526 -13 571 0 0 1
0.142816 0.117724 860 0.0718897 0.0245501 9.81966 43.6348 -13 572 0 0 1
-0.242537 -0.0942609 860 0.0632441 0.0999251 6.48276 59.4112 -13 573 0 0 1
-0.147443 0.00245895 860 0.0169784 0.0328617 13.7336 31.4104 -13 574 0 0 1
0.145799 0.113911 860 -0.0666176 -0.0448614 6.98498 62.0865 -13 575 0 0 1
-0.0858265 -0.0325572 860 -0.0696981 0.0677507 10.592 48.2255 -13 576 0 0 1
0.0180595 -0.0103078 860 -0.00876378 0.0299637 13.3805 25.9036 -13 577 0 0 1
0.741812 -0.256677 860 0.0723219 -0.182159 8.33494 47.9636 -13 578 0 0 1
0.159707 0.0620798 860 -0.0159651 -0.0404813 13.946 38.4006 -13 579 0 0 1
0.0623433 -0.0883189 860 -0.0315063 0.00106104 12.7096 32.207 -13 580 0 0 1
1.92953 -0.660282 860 -0.0555667 0.0154002 0.0280261 34.6505 11 580 1001 0 1
0.00972748 -0.148054 860 -0.0729817 -0.0148559 11.0612 55.9202 -13 581 0 0 1
0.0894315 0.00813815 860 -0.0371705 -0.0214575 8.86943 47.0081 -13 582 0 0 1
-0.296802 -0.127401 860 -0.0635285 0.119781 7.66247 46.8891 -13 583 0 0 1
-0.212935 -0.136843 860 -0.00851949 0.0932983 13.9691 48.7501 -13 584 0 0 1
-0.146832 -0.284695 860 -0.113945 0.047325 11.2045 35.639 -13 585 0 0 1
-0.150957 -0.190282 860 -0.0817658 -0.0170087 9.34583 57.7931 -13 586 0 0 1
-0.050124 -0.0403542 860 0.0108193 0.00393898 13.7512 42.0081 -13 587 0 0 1
-0.014324 0.119294 860 -0.0288374 -0.00538704 9.5629 41.8298 -13 588 0 0 1
-0.091041 -0.0185461 860 -0.0365113 0.0769163 13.2461 35.7727 -13 589 0 0 1
-0.154384 0.202142 860 -0.161616 0.0465352 9.05269 45.6157 -13 591 0 0 1
0.656877 1.06421 860 0.0163646 -0.00268452 0.053925 44.7676 11 591 1001 0 1
-0.125642 -0.333218 860 -0.149183 0.00944245 8.21202 49.8444 -13 592 0 0 1
9.57621 6.34416 860 -0.0296612 0.0135594 0.0256703 48.4988 11 592 1001 0 1
-0.100609 -0.269757 860 -0.0576663 0.0635031 5.6936 79.6693 -13 593 0 0 1
0.0127993 0.0847245 860 0.000276092 -0.00417007 10.7215 58.0183 -13 594 0 0 1
-0.41343 0.0431589 860 -0.0279016 0.17986 9.97271 45.4742 -13 595 0 0 1
-0.404152 0.944446 860 -0.00873384 0.00610891 0.0310401 52.8987 11 595 1002 1001 1
-0.0607201 0.25733 860 -0.0178004 0.0509152 8.08987 54.6441 -13 596 0 0 1
-0.108055 -0.161656 860 0.028757 0.0981874 10.3999 41.445 -13 597 0 0 1
0.236643 0.637539 860 0.103366 -0.225101 5.76287 59.3196 -13 599 0 0 1
0.266054 0.0189381 860 0.0107855 -0.123115 12.5433 42.711 -13 601 0 0 1
-0.0785623 -0.307472 860 -0.0719171 0.0337436 6.8208 66.3542 -13 602 0 0 1
0.0283111 0.166679 860 0.0376249 0.0327519 9.11507 55.7464 -13 603 0 0 1
2.49988 -0.714854 860 -0.0333971 -0.0316807 0.0625662 54.2397 11 603 1001 0 1
-9.3182 3.99564 860 -0.0189207 -0.00361127 0.0698639 45.705 11 603 1002 0 1
0.0497869 -0.154283 860 -0.161319 0.0700754 7.45224 53.6932 -13 604 0 0 1
-0.127746 0.130267 860 0.00108859 0.139973 4.43454 72.2704 -13 605 0 0 1
-0.0698028 0.122776 860 -0.0317101 0.0524575 12.3406 41.4804 -13 606 0 0 1
-0.475773 -0.334413 860 0.0215585 0.017388 0.104162 35.668 11 606 1001 0 1
-0.0162584 -0.108082 860 -0.0208533 -0.033122 11.8638 31.7595 -13 607 0 0 1
-0.0127463 0.0713162 860 0.112968 -0.0501642 12.9126 38.8157 -13 608 0 0 1
0.075537 0.0915474 860 0.0401133 -0.029824 11.8557 30.954 -13 609 0 0 1
0.101886 0.116075 860 -0.0226682 0.0170006 8.7865 42.1619 -13 610 0 0 1
0.137128 0.0601697 860 -0.0104835 -0.0309717 10.3007 34.798 -13 611 0 0 1
-0.0642171 -0.0313611 860 -0.0289273 0.037095 7.79272 50.9788 -13 612 0 0 1
-0.031777 -0.0509189 860 -0.0214526 0.00159238 12.4595 39.3096 -13 613 0 0 1
-0.209783 -0.153917 860 -0.0793987 0.0843348 12.1042 27.8273 -13 614 0 0 1
0.14481 0.522377 860 -0.0551478 0.122942 3.38742 98.1854 -13 615 0 0 1
1.00274 1.1398 860 0.209611 -0.0182594 3.5263 103.261 -13 616 0 0 1
0.0841517 -0.15304 860 -0.0327384 -0.110537 10.7568 45.5578 -13 617 0 0 1
-0.14573 0.240118 860 0.0676646 0.0483043 8.06975 57.6461 -13 618 0 0 1
0.46833 -0.610103 860 -0.177385 0.128116 4.61554 84.9459 -13 619 0 0 1
-0.122993 -0.0311325 860 -0.0158255 0.0176737 12.3461 44.6602 -13 620 0 0 1
-0.162753 0.377947 860 0.207174 -0.0169361 4.99732 61.4644 -13 621 0 0 1
-0.0798042 -0.0442754 860 -0.0195666 0.0599392 11.1387 55.7162 -13 622 0 0 1
0.050947 0.134348 860 0.0224015 0.0108714 9.67555 45.8982 -13 623 0 0 1
0.128043 -0.0221782 860 0.00209373 -0.0288276 14.1699 23.1748 -13 624 0 0 1
0.263719 -0.0148197 860 0.00604975 -0.0624636 9.10439 49.5877 -13 625 0 0 1
0.289793 0.0454417 860 -0.0768031 -0.108865 5.96299 58.6915 -13 626 0 0 1
-0.0358573 0.440271 860 0.0819308 0.0560028 9.31332 50.5144 -13 627 0 0 1
-0.998784 -0.464071 860 0.039047 -0.0880399 0.724713 147.661 -13 628 0 0 1
-0.0738264 0.0106802 860 -0.0605118 0.0270928 10.4319 35.7365 -13 629 0 0 1
-0.0141754 -0.0481191 860 -0.0132729 -0.0286505 11.7577 53.7561 -13 630 0 0 1
0.0918419 0.0658447 860 0.0458283 -0.0561346 8.82074 62.3482 -13 631 0 0 1
0.00405449 -0.0091334 860 -0.0317454 0.0247273 14.06 34.3365 -13 632 0 0 1
0.085984 0.109913 860 0.0183288 0.00845771 8.28268 45.174 -13 633 0 0 1
-0.128467 -0.220123 860 -0.172329 -0.119488 4.62437 66.2532 -13 634 0 0 1
0.0060194 0.0089237 860 0.031702 0.0434829 8.00437 55.4473 -13 635 0 0 1
-0.0342497 0.212991 860 0.0656512 0.00901124 14.0826 29.3424 -13 636 0 0 1
-0.450871 -0.022352 860 -0.0595521 0.00685704 7.90242 60.3975 -13 637 0 0 1
-0.149261 0.0344462 860 -0.0507673 -0.0279733 12.6882 40.276 -13 638 0 0 1
0.1303 -0.0949857 860 -0.189972 0.0564584 13.9809 27.6804 -13 639 0 0 1
-0.0118574 0.133389 860 0.0242886 0.0313047 10.802 29.5427 -13 640 0 0 1
0.805195 1.65422 860 0.0507825 -0.00798943 0.0382472 30.2205 11 640 1001 0 1
0.439264 0.305708 860 -0.0202045 -0.185999 4.04164 78.9337 -13 641 0 0 1
0.0861233 0.0408243 860 0.0639777 0.132747 7.12086 65.7435 -13 642 0 0 1
-0.0524394 0.0577849 860 -0.00338063 0.0215745 11.0507 28.5824 -13 643 0 0 1
-0.0108861 -0.0056641 860 0.0520406 0.020893 13.7276 41.0913 -13 644 0 0 1
0.0880128 -0.0708961 860 0.0309896 0.0206628 9.65359 34.0757 -13 645 0 0 1
-0.0879596 -0.0818662 860 -0.0147724 0.0237448 13.7409 39.5467 -13 646 0 0 1
1.00313 0.357785 860 0.38043 -0.247247 5.72752 78.4808 -13 647 0 0 1
0.14243 0.159707 860 -0.243131 -0.237071 3.67299 88.4776 -13 648 0 0 1
0.120881 -0.427469 860 -0.182437 0.087485 6.16053 59.0295 -13 649 0 0 1
-0.125574 -0.0171692 860 0.0549844 0.0237859 13.5266 27.0662 -13 650 0 0 1
-0.0813376 0.392418 860 -0.140084 0.10992 10.0629 43.5736 -13 651 0 0 1
0.0572014 -0.20415 860 -0.0761911 0.0723807 10.4207 55.5675 -13 652 0 0 1
-0.0460757 0.104526 860 0.0900392 0.0375512 11.8699 43.5251 -13 653 0 0 1
2.32068 1.46401 860 -0.0290933 0.0336188 0.0658507 43.0754 11 653 1001 0 1
0.0237836 0.111568 860 0.0431664 -0.0425677 12.2775 37.5406 -13 654 0 0 1
0.0628458 0.0562509 860 0.0412234 -0.010759 14.3534 43.8794 -13 655 0 0 1
-0.0865484 0.153307 860 0.0170736 0.0348958 9.56596 48.283 -13 656 0 0 1
-0.154601 -0.280058 860 -0.0949374 -0.0350213 7.91949 60.3684 -13 657 0 0 1
0.505965 0.222729 860 0.0744524 -0.0457914 4.70455 78.053 -13 658 0 0 1
-0.00643118 -0.0608693 860 -0.0136636 -0.0455532 14.4486 35.3729 -13 659 0 0 1
0.229455 -0.0299638 860 -0.15973 0.153845 11.6653 48.8852 -13 660 0 0 1
0.187867 -0.149199 860 -0.120334 -0.0415341 10.6054 45.0419 -13 661 0 0 1
-0.0538823 -0.0832874 860 -0.000791263 0.00670464 12.119 36.9202 -13 662 0 0 1
-0.190617 -0.0312198 860 -0.0834485 0.0960366 9.51306 61.4714 -13 663 0 0 1
-0.454469 -0.194166 860 -0.187991 0.0461123 8.13351 66.6539 -13 664 0 0 1
-0.0554722 -0.0657704 860 -0.0183208 0.0146964 11.3211 29.2408 -13 665 0 0 1
0.0695447 0.0637844 860 0.0109573 0.018778 11.7706 40.8804 -13 666 0 0 1
-0.067433 0.0594048 860 -0.00293933 0.0086851 13.0782 36.5212 -13 667 0 0 1
2.86326 -1.75694 860 -0.572875 -0.714587 6.4573 56.7503 -13 668 0 0 1
-0.139528 0.0272633 860 0.0223832 0.0358032 9.55097 49.9503 -13 669 0 0 1
-0.0655375 0.071762 860 -0.0611715 0.00845641 13.5646 40.0866 -13 670 0 0 1
0.121916 -0.083387 860 -0.0115797 -0.0603177 13.1363 43.3088 -13 671 0 0 1
-0.202909 0.0157601 860 -0.0890562 0.0306288 3.53491 93.5372 -13 673 0 0 1
-0.149482 -0.0640891 860 -0.069001 -0.013338 12.5233 53.9897 -13 674 0 0 1
-0.837746 -1.67066 860 -0.633078 0.0199382 7.01116 50.9571 -13 675 0 0 1
-0.197937 0.0672583 860 -0.0262303 0.112156 12.8761 50.092 -13 676 0 0 1
-0.157057 -0.089944 860 -0.0208729 0.0276024 11.8127 32.9353 -13 677 0 0 1
-0.0494165 -0.102017 860 -0.0277724 -0.0234233 9.34167 48.548 -13 678 0 0 1
0.108494 0.103346 860 0.0378765 0.0782547 8.05589 50.6353 -13 679 0 0 1
-0.00103219 0.0957367 860 0.00441322 -0.0877357 9.20991 51.8711 -13 680 0 0 1
0.0300818 -0.0137126 860 -0.0111803 -0.0470679 14.0623 24.8452 -13 681 0 0 1
0.00264843 0.107934 860 0.0212218 -0.00903608 13.2344 24.5246 -13 682 0 0 1
0.0457761 -0.00419335 860 -0.0148934 0.0381996 12.9921 48.7845 -13 683 0 0 1
1.23349 0.347028 860 0.0248809 -0.332118 8.58819 52.124 -13 684 0 0 1
0.0349485 0.16843 860 0.00948562 -0.0623169 7.96731 45.6362 -13 685 0 0 1
-0.0180078 0.0816019 860 -0.0263761 -0.0140699 11.55 53.807 -13 686 0 0 1
0.0966908 0.435119 860 0.180389 -0.0256858 8.98666 40.6466 -13 687 0 0 1
-0.0225531 -0.0111671 860 -0.059546 0.0594972 12.8313 47.0743 -13 688 0 0 1
0.722335 0.36056 860 -0.0706613 -0.256517 9.76129 53.8982 -13 689 0 0 1
2.79711 -1.11609 860 2.20598e-05 -0.000679279 0.0529434 49.8322 11 689 1002 0 1
-0.537025 -0.664654 860 -0.250324 0.284639 5.03838 78.1117 -13 690 0 0 1
-0.0436731 0.25554 860 0.112836 0.022515 12.2771 42.2131 -13 691 0 0 1
-0.204033 0.0381659 860 -0.0175072 0.0560372 7.35333 43.0105 -13 692 0 0 1
-2.62684 5.9711 860 -0.0237267 0.0107673 0.0230378 44.9231 11 692 1001 0 1
-0.0307799 0.275382 860 0.0809965 -0.0393381 12.7497 45.0991 -13 693 0 0 1
-0.30488 -0.0153755 860 -0.0276554 0.0489323 3.45029 89.9493 -13 694 0 0 1
-0.376255 -0.0426591 860 -0.101064 0.0279219 7.26863 52.7169 -13 695 0 0 1
-1.57249 0.282233 860 0.0225107 -0.00861435 0.0295359 53.1031 11 695 1002 0 1
-0.137829 0.399676 860 0.0920574 0.0139448 6.47384 59.8553 -13 696 0 0 1
-0.340224 0.431798 860 0.00132084 -0.0157938 0.0582372 59.769 11 696 1001 0 1
0.0540879 -0.0464435 860 0.0301677 -0.0290058 9.9847 49.2527 -13 697 0 0 1
0.0100381 0.131215 860 0.0522465 0.0692151 8.69047 43.0666 -13 698 0 0 1
-0.0379461 0.0423806 860 0.013089 0.029295 13.3375 46.9753 -13 699 0 0 1
-0.947207 -0.992049 860 -0.178196 0.536707 8.72703 45.5008 -13 700 0 0 1
-0.0168845 -0.238855 860 -0.0634962 -0.0108787 9.00825 36.128 -13 701 0 0 1
0.100176 0.158051 860 -0.127687 -0.00995456 12.2818 50.5148 -13 702 0 0 1
-0.100379 0.00550335 860 0.0144771 0.0491672 12.048 47.8733 -13 703 0 0 1
0.103201 0.0213998 860 0.0089131 -0.0690384 9.37638 41.4525 -13 704 0 0 1
-0.245846 -0.0849495 860 0.0345271 0.0657264 10.0669 37.162 -13 705 0 0 1
-0.427126 0.163338 860 -0.00216685 0.116514 9.556 47.6412 -13 706 0 0 1
-0.167358 0.0207013 860 -0.0212835 0.033739 13.8549 23.8114 -13 707 0 0 1
0.0397532 0.105522 860 -0.0617193 -0.0217832 10.5241 47.3335 -13 708 0 0 1
0.0906753 -0.219798 860 0.0040753 0.0916749 2.87504 100.227 -13 709 0 0 1
-0.584177 -0.0461151 860 -0.200889 0.0119801 7.88311 58.496 -13 710 0 0 1
-0.16114 0.000918319 860 -0.0430685 0.0134371 14.15 23.6168 -13 711 0 0 1
0.0398861 -0.0285833 860 -0.0203162 0.022749 11.5974 46.3527 -13 712 0 0 1
0.0999971 -0.103075 860 0.0825409 0.0286622 6.33455 69.7661 -13 713 0 0 1
-0.0309333 -0.0203656 860 0.0146997 0.0333275 14.0327 43.2742 -13 714 0 0 1
0.0756038 -0.035999 860 -0.00357752 -0.0201483 12.3487 54.3786 -13 715 0 0 1
0.169605 0.126573 860 0.459561 0.0356793 13.1034 44.2525 -13 716 0 0 1
0.046938 0.0295687 860 0.0230227 -0.0111166 10.5798 44.4243 -13 717 0 0 1
-0.249514 -0.234328 860 -0.0576901 0.0788801 8.63891 43.4032 -13 718 0 0 1
-0.153152 0.0537969 860 0.13358 0.0170984 10.5962 37.6578 -13 719 0 0 1
0.0958337 0.11478 860 0.0226869 -0.0804011 11.2578 55.9927 -13 720 0 0 1
-0.576232 0.151408 860 -0.0311035 0.205398 9.64363 57.5704 -13 721 0 0 1
0.0759214 0.658978 860 0.179927 -0.0944953 5.14019 68.9524 -13 722 0 0 1
0.158535 -0.102339 860 -0.0194351 -0.0411612 8.52583 39.3569 -13 723 0 0 1
0.468556 -0.226051 860 -0.0245815 -0.27143 4.66668 84.4424 -13 724 0 0 1
0.0463449 0.0182763 860 0.020943 -0.0321079 9.57525 43.8479 -13 725 0 0 1
0.166964 0.0715552 860 0.0431706 -0.0499647 13.5999 38.2474 -13 726 0 0 1
0.015477 -0.0778439 860 -0.0604794 0.0717025 14.1141 26.9244 -13 727 0 0 1
1.45641 0.477536 860 0.248835 0.124437 1.15009 145.378 -13 728 0 0 1
-0.00921734 -0.0546964 860 -0.0557982 -0.099967 5.25829 67.0485 -13 729 0 0 1
-0.00824319 0.22804 860 0.0782055 -0.0544968 11.1871 34.8162 -13 730 0 0 1
0.0865348 0.158945 860 0.0485247 -0.00119344 10.906 31.2188 -13 731 0 0 1
0.106231 -0.366667 860 -0.0639433 0.119214 4.54459 76.338 -13 733 0 0 1
0.195041 -0.196743 860 -0.150336 0.023685 7.79081 43.0445 -13 734 0 0 1
0.0187864 -0.0766749 860 -0.0868267 -0.0474077 10.9556 44.8646 -13 735 0 0 1
0.232505 -0.136143 860 -0.0842224 -0.065232 10.9749 37.7862 -13 736 0 0 1
-0.379618 0.0656642 860 0.0506089 0.0990671 8.17142 57.6515 -13 737 0 0 1
0.319361 0.161783 860 -0.00489543 -0.0811826 8.33321 59.6614 -13 738 0 0 1
-0.0740125 -0.18191 860 -0.0536479 0.0601905 11.8719 46.6735 -13 739 0 0 1
-0.130586 0.103325 860 0.0586257 0.0121429 13.025 47.4656 -13 740 0 0 1
0.240841 0.0859385 860 0.0609146 -0.144924 8.67359 54.8186 -13 741 0 0 1
-0.0113751 -1.56524 860 -0.415012 0.259818 4.05531 94.6945 -13 742 0 0 1
0.190234 0.142345 860 -0.0208218 -0.0520182 8.28258 38.707 -13 743 0 0 1
3.76255 -2.09199 860 -0.0270834 -0.0749254 1.0983 125.78 -13 744 0 0 1
0.0160318 -7.55717e-06 860 0.00234627 -0.0287912 11.4885 41.6594 -13 745 0 0 1
0.127925 0.154832 860 0.0519644 -0.0627949 8.45636 61.9048 -13 746 0 0 1
1.32101 3.78338 860 -0.00614571 -0.0224371 0.0706387 57.3181 11 746 1001 0 1
-0.0870118 0.041827 860 -0.00649208 -0.0128953 11.8303 48.9498 -13 747 0 0 1
0.147096 -0.115394 860 -0.0102232 -0.0028418 10.5358 46.3018 -13 748 0 0 1
0.0182121 -0.0719107 860 0.0287681 -0.0213225 12.1066 27.0631 -13 749 0 0 1
-0.244402 -0.163687 860 -0.0348266 0.0586956 10.3549 51.4282 -13 750 0 0 1
0.193887 0.173263 860 0.0649739 -0.117826 11.0474 52.0601 -13 751 0 0 1
0.175718 1.82231 860 0.0427811 -0.00226214 0.0448636 52.8037 11 751 1002 0 1
-0.121865 0.127343 860 -0.0286156 0.103317 6.45202 51.1614 -13 752 0 0 1
-0.0514646 -0.0414019 860 -0.0046831 0.0628002 10.7732 31.4487 -13 753 0 0 1
0.0131722 0.0286478 860 0.00478477 -0.0435383 8.63633 60.9566 -13 754 0 0 1
-0.157434 -0.257007 860 -0.171096 -0.00158303 7.86291 46.1584 -13 755 0 0 1
-0.495439 -0.0349083 860 0.288962 -0.225943 5.16443 69.0346 -13 756 0 0 1
-0.0536548 -0.0758923 860 -0.0272197 -0.0231806 7.18984 54.9484 -13 757 0 0 1
0.0841781 -0.251057 860 0.0590961 -0.0905054 7.84572 41.561 -13 758 0 0 1
0.0543965 -0.075794 860 0.00721815 0.00312873 14.1711 37.526 -13 759 0 0 1
0.218319 -0.134006 860 -0.0631503 -0.0483315 8.03591 58.4272 -13 760 0 0 1
-0.165711 -0.237816 860 -0.0836362 -0.0155499 6.26768 54.7434 -13 761 0 0 1
-0.121869 -0.0620209 860 -0.0566953 0.0350284 13.8598 50.845 -13 762 0 0 1
0.0921312 0.193679 860 0.047688 -0.0339271 11.1314 53.9697 -13 763 0 0 1
-0.152119 0.150995 860 -0.00131529 0.0160258 9.82158 42.3092 -13 764 0 0 1
0.0925083 0.0392568 860 0.0872991 -0.130312 5.72549 59.808 -13 765 0 0 1
0.160905 -0.308323 860 -0.11268 -0.050926 8.49761 41.1608 -13 766 0 0 1
-0.0814702 -0.00432975 860 -0.0325129 0.0615481 12.5154 53.9244 -13 767 0 0 1
0.123625 -5.64418 860 -0.00886074 -0.00470229 0.0688817 55.4511 11 767 1002 0 1
-1.26073 -3.97743 860 -0.0401555 -0.0169859 0.047075 59.4801 11 767 1003 0 1
0.0588074 0.037398 860 0.00986364 0.0100608 12.8481 45.0834 -13 768 0 0 1
0.265266 -0.0235231 860 -0.000367565 -0.154296 6.91316 48.523 -13 769 0 0 1
-0.116873 0.0265475 860 -0.0302369 -0.0112595 13.6306 29.6867 -13 770 0 0 1
0.106909 -0.421946 860 -0.0629567 -0.0857431 10.8343 34.6321 -13 771 0 0 1
3.20235 1.21678 860 0.0310653 0.00245701 0.0313144 36.0343 11 771 1001 0 1
0.06797 -0.139058 860 0.0542949 -0.000169088 14.3231 24.1265 -13 772 0 0 1
0.147099 -0.0794499 860 -0.0740226 -0.0758937 11.4042 32.0342 -13 773 0 0 1
0.129497 0.129993 860 0.0854941 -0.0270898 13.3988 26.923 -13 774 0 0 1
0.29352 -0.318321 860 0.0429095 0.0752377 3.30255 85.5576 -13 775 0 0 1
0.074822 -0.00787202 860 -0.0350954 -0.0497836 11.7927 37.9225 -13 776 0 0 1
0.0866078 0.128236 860 0.0480498 -0.0385973 10.6543 41.5244 -13 777 0 0 1
0.332938 -0.0817191 860 -0.128888 -0.11452 8.59204 54.4467 -13 778 0 0 1
-0.308181 0.38643 860 0.163524 0.0607695 12.9248 24.6521 -13 779 0 0 1
-0.0518826 -0.614792 860 -0.18996 -0.0110826 9.56511 36.8022 -13 780 0 0 1
-0.786608 -0.307664 860 -0.155348 0.208458 11.5343 31.2398 -13 781 0 0 1
0.753529 4.64665 860 0.0233886 -0.0573489 0.0466524 42.1381 11 781 1001 0 1
0.0512873 -0.127204 860 -0.0161232 -0.00778173 10.0445 34.1991 -13 782 0 0 1
0.0412288 -0.276814 860 -0.0739236 -0.0639995 6.90536 60.743 -13 783 0 0 1
0.468186 -0.438117 860 -0.0589951 -0.119313 6.80534 47.3966 -13 784 0 0 1
-0.338397 -0.296628 860 -0.154377 -0.20428 4.7045 76.2167 -13 785 0 0 1
-0.00887409 -0.0635694 860 -0.0391442 0.00673641 9.55135 51.1922 -13 786 0 0 1
-0.0981337 0.135686 860 0.0638409 -0.000633712 8.87739 51.4041 -13 787 0 0 1
-0.242073 -0.11554 860 0.0196039 -0.0290435 12.3257 43.4557 -13 788 0 0 1
-0.0505604 0.0802752 860 0.0016213 -0.0126539 14.1588 37.2367 -13 789 0 0 1
-0.107215 -0.107142 860 -0.0836737 0.00947196 9.92095 58.0757 -13 790 0 0 1
-0.335255 0.0968106 860 -0.0898091 0.00159291 4.7235 86.8213 -13 791 0 0 1
-0.249953 0.0778848 860 0.0256422 0.170059 11.764 54.6113 -13 792 0 0 1
0.0128226 -0.0449796 860 -0.0533073 0.0222242 11.4025 44.1741 -13 793 0 0 1
0.0302334 0.242643 860 0.0931869 0.00819434 7.38003 53.6994 -13 794 0 0 1
0.067675 -0.0223404 860 0.152458 -0.0260261 11.4921 35.5136 -13 795 0 0 1
-0.0635111 -0.111407 860 -0.0657324 0.0347224 8.86187 57.5541 -13 796 0 0 1
0.159161 0.0415367 860 -0.00111797 -0.0267595 14.0042 47.0947 -13 797 0 0 1
-0.0252792 -0.0435146 860 -0.0621078 0.0224387 13.7037 47.8712 -13 798 0 0 1
-0.0195786 -0.100894 860 -0.0790993 -0.0199293 9.3215 62.332 -13 799 0 0 1
-0.0144358 0.0249701 860 0.0106058 0.00302824 13.5486 25.4513 -13 800 0 0 1
-0.0798739 0.0170626 860 0.0819847 0.0296069 5.63155 58.0682 -13 801 0 0 1
-0.185413 0.306436 860 0.126145 0.0417402 6.92078 63.6122 -13 803 0 0 1
0.0755611 0.190368 860 0.0465605 -0.0350461 13 31.5596 -13 804 0 0 1
0.0107978 -0.0394999 860 0.0163067 -0.0162762 12.5655 51.7178 -13 805 0 0 1
0.100284 0.659919 860 0.071848 0.0661887 1.76353 116.398 -13 806 0 0 1
-0.0142074 0.0313154 860 -0.00169394 0.0459089 13.6407 33.4534 -13 807 0 0 1
-0.566264 -0.681627 860 -0.314183 -0.0811348 6.97023 53.2131 -13 808 0 0 1
0.0674943 0.000397202 860 -0.0305114 -0.0209363 14.2979 35.5759 -13 809 0 0 1
0.0189248 0.00667303 860 -0.0539428 0.0209015 10.7807 44.7594 -13 810 0 0 1
0.0420106 0.250644 860 0.130005 -0.0443718 5.57146 56.9442 -13 811 0 0 1
-0.131291 0.135349 860 0.0654121 0.0593265 6.4645 49.0343 -13 812 0 0 1
-0.0787527 0.0495748 860 0.0719893 0.12959 13.1861 34.4777 -13 813 0 0 1
-0.267184 0.122423 860 0.0555997 0.127955 9.57798 42.9879 -13 814 0 0 1
0.0142084 0.0263633 860 -0.000630447 -0.0345136 11.6339 54.0896 -13 815 0 0 1
-0.0708737 0.0623922 860 0.0960116 0.0573346 5.94549 55.7615 -13 816 0 0 1
0.247204 -0.292748 860 -0.160754 -0.112281 5.07964 82.5528 -13 817 0 0 1
0.346765 0.0679709 860 -0.0342011 -0.0584049 11.45 55.9432 -13 818 0 0 1
-0.236697 0.0462841 860 0.0469553 0.0562299 6.04781 76.4954 -13 819 0 0 1
0.0492493 -0.0613275 860 -0.045113 -0.0202039 13.3859 30.0972 -13 820 0 0 1
-0.165043 0.404588 860 0.06587 0.0394421 8.34445 40.4773 -13 821 0 0 1
4.45807 -10.7222 860 0.00376461 -0.0177904 0.0498469 34.056 11 821 1002 0 1
0.243632 0.0654554 860 -0.0175359 -0.051694 11.6748 55.1861 -13 822 0 0 1
-0.0467408 -0.0728984 860 -0.00976569 -0.0188635 12.6084 47.8884 -13 823 0 0 1
-0.00321924 0.0457772 860 0.0205558 0.0160976 14.5534 42.4192 -13 824 0 0 1
-0.00247189 0.103393 860 0.0574535 -0.0256584 14.4386 47.6705 -13 825 0 0 1
0.0780715 0.19091 860 0.0654183 -0.0431185 7.53054 53.8715 -13 826 0 0 1
0.854453 0.850795 860 -0.213202 -0.356663 3.115 112.038 -13 827 0 0 1
0.0982372 0.0422225 860 0.018066 0.0148315 8.60983 62.4528 -13 828 0 0 1
0.00687008 -0.128546 860 -0.0284436 0.0306694 10.0197 57.2332 -13 829 0 0 1
-0.0809474 0.102234 860 0.0318202 -0.0154746 14.0665 51.2704 -13 830 0 0 1
-0.269974 -3.75535 860 -0.933636 -0.111941 8.3043 43.7921 -13 831 0 0 1
-0.0134475 -0.0850156 860 -0.0101143 0.00641073 13.785 36.2745 -13 832 0 0 1
-0.126138 0.004363 860 -0.0712272 0.0901106 8.99464 63.5408 -13 833 0 0 1
0.177358 0.135785 860 0.106872 -0.120883 5.07565 81.8461 -13 834 0 0 1
0.0566568 0.387778 860 0.081086 -0.0472954 7.75387 67.2631 -13 835 0 0 1
0.192521 -0.0407932 860 -0.0425618 -0.0835264 11.8472 47.9345 -13 836 0 0 1
-0.424646 -0.191005 860 -0.0577886 0.108687 10.7994 37.8579 -13 837 0 0 1
-0.0265486 0.165097 860 -0.0136912 0.049543 12.8249 41.163 -13 838 0 0 1
-0.0512146 0.041004 860 -0.00416763 0.0171907 11.1144 49.4865 -13 839 0 0 1
0.256379 0.0233737 860 0.0188198 -0.0204796 9.8371 53.0216 -13 840 0 0 1
-0.12281 -0.624536 860 -0.033665 0.0475402 5.94851 76.8231 -13 842 0 0 1
3.58726 -1.51506 860 0.0249515 -0.0057821 0.0270792 74.249 11 842 1002 0 1
-0.272611 0.0302072 860 0.0256069 0.079399 8.22761 44.354 -13 843 0 0 1
-0.0177038 -0.146902 860 0.113241 0.0487328 3.95035 94.9331 -13 844 0 0 1
-0.293505 0.168664 860 0.0551142 0.22471 13.4147 32.2087 -13 845 0 0 1
0.947686 0.392968 860 -0.029208 -0.0507791 0.0435807 33.4668 11 845 1001 0 1
0.160989 0.173273 860 -0.0731262 -0.0263624 12.2627 42.03 -13 846 0 0 1
0.127014 0.109631 860 0.00504807 -0.0794542 4.25627 76.2725 -13 847 0 0 1
0.407474 0.0166834 860 0.0797705 -0.00769521 4.45102 92.5444 -13 848 0 0 1
0.860712 -3.38105 860 -0.00310859 -0.00764513 0.0418397 91.4153 11 848 1001 0 1
-0.0073839 0.10432 860 0.0339103 -0.105983 9.58931 34.5547 -13 849 0 0 1
-0.123218 -0.0943861 860 -0.0315688 0.06444 12.3414 47.3144 -13 850 0 0 1
-0.181928 -0.186667 860 -0.0634206 0.0253585 8.87123 42.6868 -13 851 0 0 1
0.0394474 -0.244919 860 0.161736 -0.140295 4.54284 67.6775 -13 853 0 0 1
0.152113 0.104471 860 -0.00293711 -0.0441834 11.4344 30.578 -13 854 0 0 1
-0.0462557 0.153642 860 0.0166044 0.0771109 11.5359 50.4909 -13 855 0 0 1
-0.0345485 0.016102 860 -0.0282646 0.0868219 14.312 30.0357 -13 857 0 0 1
0.000373622 0.274989 860 -0.0402369 -0.134528 10.1569 56.5928 -13 858 0 0 1
-1.788 -4.19282 860 0.025626 -0.0421813 0.0419112 57.0448 11 858 1001 0 1
-0.042085 0.205268 860 0.0352505 -0.0542484 12.923 35.7588 -13 859 0 0 1
-0.108354 -0.00157263 860 -0.0319298 0.0230708 13.0352 48.7502 -13 860 0 0 1
-0.0526719 0.0176654 860 -0.0295789 0.0646595 11.1635 30.8396 -13 861 0 0 1
0.378905 0.0984708 860 0.00748657 -0.182123 5.68877 73.5752 -13 862 0 0 1
-0.00733977 -0.577229 860 -0.219167 -0.316357 3.57989 84.5712 -13 863 0 0 1
-0.154585 0.407475 860 0.0975147 0.0819732 6.80567 58.1673 -13 865 0 0 1
-0.246765 0.10336 860 0.223965 0.0769564 5.3131 84.1009 -13 866 0 0 1
0.0661506 0.0896125 860 0.0197758 0.0484219 8.28448 47.1908 -13 868 0 0 1
0.176536 0.275009 860 0.0158867 -0.0476841 9.07409 54.5267 -13 869 0 0 1
1.43527 0.000284747 860 -0.0298927 -0.000620665 0.064571 51.6977 11 869 1001 0 1
-0.174527 -0.293693 860 -0.136727 0.0135151 12.351 40.3766 -13 870 0 0 1
-0.00650575 0.140477 860 -0.00509948 0.0260961 13.6972 45.0095 -13 871 0 0 1
0.409884 -0.847728 860 -0.228519 -0.0310511 4.99516 79.2538 -13 872 0 0 1
-0.241208 -0.594715 860 -0.149867 -0.00530785 4.14092 74.2529 -13 873 0 0 1
0.233769 0.547907 860 0.187105 -0.087028 4.67259 76.4988 -13 874 0 0 1
0.0993892 -0.33141 860 -0.215123 0.0345305 2.70662 93.6222 -13 875 0 0 1
0.0858004 -0.142083 860 -0.126043 -0.0423527 11.7622 38.0923 -13 876 0 0 1
0.117104 -0.0474243 860 0.0021656 -0.0155138 9.17073 56.5059 -13 877 0 0 1
0.0716344 -0.0395872 860 0.0129145 -0.0265258 14.2326 47.982 -13 879 0 0 1
-0.113868 -0.0245057 860 -0.0168494 -0.0153519 12.926 29.5429 -13 880 0 0 1
-0.0696859 0.0843419 860 -0.0243434 0.0310509 14.5206 34.1076 -13 881 0 0 1
0.19243 0.383316 860 0.119788 -0.0408549 6.4469 68.3274 -13 882 0 0 1
-0.103409 -0.0285742 860 -0.0197995 0.0256426 7.00345 67.4287 -13 883 0 0 1
-0.330448 0.240401 860 0.0500816 -0.00441266 5.518 70.8544 -13 884 0 0 1
-0.0745258 0.0120306 860 0.0406108 0.0819029 12.56 26.4141 -13 885 0 0 1
-0.0620957 -0.138993 860 -0.00305147 0.00565766 8.44346 43.0563 -13 886 0 0 1
0.105103 -0.00799283 860 -0.0472958 -0.0854898 8.45841 36.8599 -13 887 0 0 1
0.188584 -0.129339 860 -0.0588664 -0.100687 8.39763 55.5641 -13 888 0 0 1
0.122706 0.147502 860 0.00856165 0.00433058 0.0711 53.9317 11 888 1001 0 1
0.032974 -0.0455483 860 -0.0229805 0.00096231 11.2942 52.1332 -13 889 0 0 1
0.0718127 0.0737182 860 -0.0175907 -0.0361333 10.8045 40.4214 -13 890 0 0 1
0.116058 -0.351617 860 -0.0481583 0.0534622 7.44582 49.1828 -13 891 0 0 1
-0.180609 -0.0572392 860 -0.0328824 0.0467127 14.0514 31.0177 -13 892 0 0 1
-0.0113193 0.0197535 860 -0.0149811 -0.0603622 9.31579 36.6354 -13 893 0 0 1
0.0187225 0.0115031 860 -0.06339 -0.0651428 12.5966 43.1181 -13 894 0 0 1
-0.0884833 0.0283078 860 -0.00425729 0.0892204 11.5977 43.6004 -13 895 0 0 1
-0.286172 -0.202583 860 0.0031457 0.0544149 6.68691 66.9281 -13 896 0 0 1
-0.0347368 0.0486767 860 -0.0247387 0.0550814 10.3316 37.1736 -13 897 0 0 1
-0.136024 -0.341751 860 -0.106321 -0.105841 8.33865 53.3585 -13 898 0 0 1
-0.288387 -0.91291 860 -0.187202 0.0534599 6.64123 55.4892 -13 899 0 0 1
0.155001 -0.0221069 860 0.0584608 -0.046203 11.4321 28.9333 -13 900 0 0 1
0.372434 -0.118918 860 0.0979768 -0.0321455 5.28839 85.069 -13 901 0 0 1
0.0227254 0.295247 860 0.0337936 -0.207431 8.52903 38.3977 -13 902 0 0 1
-0.150796 -0.273353 860 -0.168384 0.0266266 6.53186 54.0216 -13 903 0 0 1
-0.00119639 0.0579187 860 -0.00993023 -0.0392747 12.542 32.3922 -13 904 0 0 1
-0.1222 -0.0937671 860 -0.129786 -0.061395 4.99234 77.5573 -13 905 0 0 1
-0.0247171 0.217804 860 0.0887715 0.00612254 10.4252 49.5109 -13 906 0 0 1
-0.233879 0.14042 860 0.0603993 0.0531958 11.6092 53.131 -13 907 0 0 1
0.0159536 -0.0132313 860 -0.00784406 0.00405917 12.9439 27.4917 -13 908 0 0 1
0.221009 -0.0900243 860 -0.0104489 -0.0196089 7.21166 57.3484 -13 909 0 0 1
0.0226261 0.158934 860 0.0589505 0.019203 9.25985 34.9917 -13 910 0 0 1
0.0331039 -0.574213 860 -0.204915 0.162622 11.8006 28.2813 -13 912 0 0 1
-0.0222543 0.0968735 860 0.00346454 -0.0211554 10.2546 32.1212 -13 914 0 0 1
0.0198282 0.187772 860 -0.0155241 -0.0192404 9.07797 40.2654 -13 915 0 0 1
-0.124715 -0.0458901 860 0.0405002 0.0383009 13.7908 41.4326 -13 916 0 0 1
-0.0196753 -0.0390659 860 0.0150852 0.0351448 12.4824 44.4827 -13 917 0 0 1
-0.0741478 -0.0500369 860 0.00417409 0.0399387 12.84 48.3668 -13 918 0 0 1
0.414317 -0.622639 860 -0.0394256 -0.106503 3.34101 86.9951 -13 919 0 0 1
0.227381 -0.112282 860 -0.0871876 0.0213686 8.61641 38.9434 -13 920 0 0 1
-0.149308 0.153716 860 0.0399687 0.0583848 14.0762 28.4457 -13 921 0 0 1
0.0170082 0.00927381 860 -0.0188388 -0.0015529 12.8409 45.2873 -13 922 0 0 1
0.250469 0.255199 860 -0.0302708 -0.198877 3.55388 105.534 -13 923 0 0 1
0.0916088 0.156475 860 0.0798034 -0.0292984 13.5256 36.8654 -13 924 0 0 1
2.751 -2.05558 860 0.0111866 0.0579892 0.053681 38.576 11 924 1001 0 1
-0.176772 -0.00157156 860 -0.00525008 0.0209376 13.9191 50.8393 -13 925 0 0 1
0.033186 -0.135013 860 0.00266544 0.0139353 12.8007 25.159 -13 926 0 0 1
-0.0180003 -0.242094 860 -0.123699 0.0697719 4.55868 78.8002 -13 927 0 0 1
0.214413 0.324106 860 0.0542939 -0.0773878 11.7636 50.0379 -13 928 0 0 1
0.0162269 -0.0877289 860 -0.0472664 -0.0450749 13.5404 29.6477 -13 929 0 0 1
-0.15728 -0.00818693 860 0.0268627 0.0657092 12.709 42.7003 -13 930 0 0 1
0.0833672 0.0364192 860 0.0146322 -0.0161861 13.3052 44.6981 -13 931 0 0 1
0.101711 0.0512417 860 0.0127847 -0.0344544 11.4358 56.1614 -13 932 0 0 1
0.200528 0.230397 860 0.0473979 -0.0830255 13.5973 36.3061 -13 933 0 0 1
0.22732 0.297438 860 0.0171224 -0.0307859 8.55739 48.2036 -13 934 0 0 1
-0.0889296 -0.0165133 860 0.0267316 -0.0762764 10.3075 51.2435 -13 935 0 0 1
-2.1727 0.0802468 860 0.0606646 -0.00101661 0.0525028 46.7535 11 935 1001 0 1
-0.0399747 0.0324215 860 -0.0234586 -0.00630854 12.4133 38.579 -13 936 0 0 1
0.250435 0.124833 860 0.0639846 -0.0210719 12.5252 52.1515 -13 937 0 0 1
-0.0690272 -0.203057 860 -0.247234 0.0116521 4.29658 70.6974 -13 938 0 0 1
-0.0480702 0.0517319 860 0.0216142 -0.0237483 13.8416 32.5378 -13 939 0 0 1
-1.16505 0.0693257 860 -0.488764 -0.0648159 5.70999 56.2418 -13 940 0 0 1
-0.304247 -0.223057 860 -0.118911 0.0445268 12.2392 41.2816 -13 941 0 0 1
0.104158 0.0748894 860 0.046806 -0.0612813 10.4834 54.3976 -13 943 0 0 1
0.74137 0.526624 860 0.192837 -0.144228 5.59443 76.6028 -13 944 0 0 1
0.429775 -0.413167 860 0.0540018 -0.00992176 3.68973 103.487 -13 945 0 0 1
-0.113442 -0.097889 860 -0.034291 0.0446344 14.2947 34.7073 -13 946 0 0 1
-0.162868 -0.110082 860 -0.0135667 0.0891758 10.4212 34.7954 -13 947 0 0 1
0.375675 0.16097 860 0.0236667 -0.246531 7.68747 44.8556 -13 948 0 0 1
-0.155236 -0.0585967 860 -0.0210913 0.00905775 12.4748 45.9226 -13 949 0 0 1
0.791717 -0.548885 860 -0.0501239 -0.370697 2.64754 96.746 -13 950 0 0 1
-0.126786 -0.0235307 860 0.10606 0.0416341 5.10467 65.1337 -13 951 0 0 1
0.598032 -0.529319 860 -0.229909 -0.106293 3.84376 99.0199 -13 952 0 0 1
-0.0811168 0.209792 860 0.0616114 -0.0197863 9.77727 38.3309 -13 953 0 0 1
-0.214187 -0.145388 860 -0.0140047 0.0537599 6.57955 65.5588 -13 954 0 0 1
-2.51936 3.59305 860 -0.0217703 0.0147514 0.0339292 65.5787 11 954 1001 0 1
-1.85761 3.29516 860 0.0360638 0.00353742 0.0268583 65.2224 11 954 1002 0 1
-0.0988852 0.1455 860 0.00568859 -0.0147761 7.26918 58.8506 -13 955 0 0 1
-11.7283 6.42634 860 -0.0246037 0.00823057 0.0215847 54.959 11 955 1001 0 1
0.125669 -0.288593 860 -0.181144 0.00700936 6.88793 51.5627 -13 956 0 0 1
-1.622 0.595951 860 -1.11245 0.752763 13.9807 41.1012 -13 957 0 0 1
0.138651 -0.000241581 860 0.0311966 -0.051908 11.8646 40.4008 -13 958 0 0 1
-0.206662 0.126093 860 0.0538643 -0.00320684 10.3846 50.3099 -13 959 0 0 1
-0.0361813 0.0852589 860 0.0396876 0.0205329 14.4194 31.1122 -13 960 0 0 1
-0.206931 0.0728489 860 -0.0579833 0.0939865 11.7783 45.3355 -13 962 0 0 1
0.0429217 0.100755 860 0.0594253 -0.0948119 11.8585 49.0517 -13 963 0 0 1
-0.132238 0.0113876 860 0.00425073 0.0779328 10.4696 56.2019 -13 964 0 0 1
0.00548542 0.0115052 860 0.0601572 0.00502849 11.3211 43.01 -13 965 0 0 1
0.0033307 0.0667599 860 -0.0561942 0.0375781 9.31967 40.9444 -13 966 0 0 1
0.0521909 0.00358649 860 0.0341661 0.0366015 8.85184 47.4599 -13 969 0 0 1
-0.161773 -0.0298664 860 -0.0338396 0.0194687 13.2478 37.4783 -13 971 0 0 1
-0.213881 0.161411 860 0.0163597 0.0506795 14.4585 36.817 -13 972 0 0 1
0.0399529 0.140819 860 -0.000993663 -0.0296421 13.6588 51.248 -13 973 0 0 1
0.793945 -1.2782 860 0.0194685 0.0280124 0.109269 50.4121 11 973 1001 0 1
0.0219269 -0.0543278 860 0.0180496 -0.0111401 14.466 41.3681 -13 974 0 0 1
-2.04804 1.62656 860 0.0150034 0.0591444 0.0763973 39.9279 11 974 1001 0 1
-0.0887318 0.372311 860 0.0992488 0.0156814 10.2649 50.0765 -13 975 0 0 1
-0.0617939 -0.284185 860 -0.104141 0.0126478 6.6426 52.1647 -13 976 0 0 1
-0.0319336 0.0829709 860 0.0268361 0.0508942 9.03628 51.3802 -13 978 0 0 1
-0.0975298 -0.10372 860 -0.0448436 0.0174652 13.7072 41.4456 -13 979 0 0 1
0.0966692 0.173104 860 0.0234293 0.0181119 12.0393 29.5659 -13 980 0 0 1
0.00519951 -0.0978082 860 -0.0217828 0.0172697 9.65458 32.7577 -13 981 0 0 1
0.00241668 0.0555089 860 0.00277966 0.0203544 13.6019 35.7145 -13 982 0 0 1
-0.294181 0.37922 860 0.171644 0.0192279 5.49063 77.7249 -13 983 0 0 1
-0.528443 0.471943 860 0.172249 0.232166 9.97482 33.4467 -13 984 0 0 1
2.51156 -2.08102 860 -0.00649657 -0.0104088 0.0852796 26.0272 11 984 1001 0 1
-0.130044 0.149941 860 0.0374815 -0.0365265 11.2357 42.9279 -13 985 0 0 1
0.0414364 -0.133149 860 -0.0519337 -0.00634434 8.29931 55.6919 -13 986 0 0 1
-0.0464044 0.0550749 860 -0.00340157 0.0331303 14.2331 46.5651 -13 987 0 0 1
0.0933477 -0.0740919 860 -0.110276 -0.0163615 6.62136 67.8112 -13 988 0 0 1
-0.0569173 -0.134387 860 -0.0691349 0.0134896 14.4608 29.8144 -13 990 0 0 1
-0.00840468 -0.0277026 860 -0.0488477 -0.00379006 10.8643 48.5951 -13 991 0 0 1
-0.128465 0.12908 860 -0.0507225 0.0293431 13.0304 49.2865 -13 992 0 0 1
0.250749 2.60259 860 -0.0106113 0.0277578 0.0629069 50.7347 11 992 1002 0 1
-0.0283508 0.111085 860 0.0645925 0.000867055 11.2365 56.5687 -13 993 0 0 1
0.0368838 0.040744 860 -0.0387758 -0.0788991 12.7549 48.9961 -13 994 0 0 1
-1.07302 1.93266 860 0.0378206 -0.0479097 0.045411 51.4009 11 994 1001 0 1
-0.0662388 -0.113463 860 -0.0909127 0.0907771 13.8845 34.4026 -13 995 0 0 1
0.0313517 -0.141209 860 -0.0338226 -0.0471967 13.013 49.1585 -13 996 0 0 1
-0.0412801 0.124206 860 0.0597535 -0.00633571 14.5055 30.3244 -13 997 0 0 1
-0.108377 0.300351 860 0.039812 0.0617353 10.1763 55.4366 -13 998 0 0 1
0.0644203 -0.04166 860 0.0882646 -0.0124685 7.3059 46.747 -13 999 0 0 1
0.0581063 -0.0986802 860 -0.0549608 0.0173201 8.3927 58.3012 -13 1000 0 0 1
