#BLTrackFile NTuple/Z920
#x y z Px Py Pz t PDGid EventID TrackID ParentID Weight
#mm mm mm MeV/c MeV/c MeV/c ns - - - - -
-0.0929456 0.0874937 920 0.00794965 0.0413251 11.4862 47.4946 -13 1 0 0 1
0.052759 0.0141656 920 -0.0338286 -0.133421 12.5506 48.5743 -13 2 0 0 1
0.085833 -0.00426805 920 -0.0913999 -0.193212 9.8231 35.6612 -13 3 0 0 1
-0.170539 9.13415 920 -0.00844021 -0.0614455 0.0105991 38.4532 11 3 1001 0 1
-0.0604438 -0.0447998 920 -0.0216563 0.0133218 11.1236 33.5533 -13 4 0 0 1
0.245631 -0.124873 920 -0.0709359 -0.141208 6.81198 54.6899 -13 5 0 0 1
0.0200353 0.0811008 920 -0.0694455 -0.000808137 7.60243 64.721 -13 6 0 0 1
0.080026 -0.083302 920 -0.0430622 -0.0301336 12.0181 40.6918 -13 7 0 0 1
-0.200217 -0.28458 920 -0.0851926 0.0381089 5.00951 78.2018 -13 8 0 0 1
0.159086 -0.0267861 920 0.00624162 -0.0619728 13.6133 47.5111 -13 9 0 0 1
-0.120586 0.267993 920 0.0591633 0.0678362 13.232 29.727 -13 10 0 0 1
-0.0207483 0.0358348 920 -0.0496927 -0.0388056 10.5912 33.5597 -13 11 0 0 1
-0.258849 -0.162019 920 -0.138193 0.0446984 11.7923 31.7649 -13 12 0 0 1
-0.200101 0.349088 920 0.237528 0.284526 2.83159 97.1458 -13 13 0 0 1
0.0540908 0.00698447 920 -0.0119656 -0.0288511 10.2521 34.7063 -13 14 0 0 1
0.603202 -0.284605 920 -0.0167825 0.0328602 0.0504238 34.9294 11 14 1001 0 1
1.55273 4.85589 920 0.0134701 0.00770927 0.0928816 21.6245 11 14 1002 0 1
0.00234505 -0.378562 920 -0.0899424 -0.0550636 5.05085 81.8038 -13 15 0 0 1
0.299212 -0.0933051 920 -0.0627652 -0.186202 8.31281 41.7917 -13 16 0 0 1
0.0430332 -0.0585558 920 0.0158668 -0.0187426 14.5046 29.7615 -13 17 0 0 1
-0.0529567 -0.123484 920 -0.0383066 0.0103928 13.0729 54.0701 -13 18 0 0 1
0.499474 0.0343908 920 -0.108544 -0.112575 8.20735 57.2062 -13 19 0 0 1
0.190515 -0.0560727 920 0.0139411 -0.0269603 0.0380012 57.3865 11 19 1001 0 1
0.00965256 0.0398149 920 -0.00621355 -0.0115185 14.4173 45.6172 -13 21 0 0 1
-0.114589 0.214528 920 0.0408579 0.0271509 10.4386 33.0823 -13 22 0 0 1
-0.167197 0.0686562 920 0.0210675 0.0273466 11.7559 57.3548 -13 23 0 0 1
0.0582462 -0.0326746 920 0.00311907 -0.0114655 8.2462 66.5514 -13 24 0 0 1
0.187358 0.0418861 920 -0.00885424 -0.0547265 14.3629 37.0857 -13 25 0 0 1
0.037441 0.320889 920 -0.00622175 0.150282 8.91381 52.227 -13 26 0 0 1
-0.205614 -0.143476 920 -0.0362125 0.0614412 8.40759 49.0629 -13 27 0 0 1
-0.00776535 0.0323864 920 0.0160725 0.0600284 11.5427 56.1671 -13 28 0 0 1
-0.0314884 -0.607266 920 0.0170375 -0.0291808 0.0154971 56.646 11 28 1002 0 1
0.0996933 -0.0927706 920 -0.0441297 0.0424041 6.8744 68.2453 -13 29 0 0 1
2.36806 -2.39001 920 -0.0117378 -0.00163902 0.0316821 66.8358 11 29 1001 0 1
0.046165 0.0518419 920 -0.110349 -0.0606517 13.5734 26.5432 -13 30 0 0 1
1.51332 0.449393 920 -0.0465922 0.0249158 0.0418339 27.1398 11 30 1001 0 1
0.0850956 0.135929 920 0.025959 0.00176742 10.3261 35.9833 -13 31 0 0 1
-0.173485 -0.101804 920 0.0262039 0.133594 8.40873 44.1787 -13 32 0 0 1
0.502032 -0.537037 920 0.022246 -0.0113158 0.0545151 43.7155 11 32 1001 0 1
0.365953 0.793536 920 -0.112577 -0.0767533 2.55895 125.249 -13 33 0 0 1
0.0945418 -0.131624 920 0.0139503 0.0295817 13.6297 45.738 -13 34 0 0 1
-0.262087 0.182566 920 -0.0515718 0.143337 4.84976 90.5379 -13 35 0 0 1
0.120927 -0.0713603 920 -0.101678 -0.0310695 8.53744 62.4429 -13 36 0 0 1
-0.240329 0.346971 920 0.0948499 0.046324 10.3695 59.7444 -13 37 0 0 1
0.0226706 0.0185442 920 -0.0404518 0.0220686 11.8237 51.28 -13 38 0 0 1
-0.0458613 0.204475 920 -0.00434279 -0.0357057 0.0200885 51.5136 11 38 1001 0 1
0.0348115 0.0941402 920 0.0131291 -0.0102561 9.47844 44.8257 -13 39 0 0 1
1.88628 1.7494 920 0.931432 -0.0371507 10.8165 50.8616 -13 40 0 0 1
-0.495394 0.148485 920 -0.0288829 0.12137 8.86157 40.082 -13 41 0 0 1
0.136959 0.214687 920 0.135063 -0.110533 9.87126 54.8326 -13 42 0 0 1
0.701197 2.28132 920 0.0209386 0.022179 0.0394046 55.3443 11 42 1001 0 1
0.192844 -0.0282682 920 -0.0269785 -0.0518426 14.4122 34.8375 -13 43 0 0 1
0.0175386 -0.0453635 920 0.0328867 -0.062296 11.2454 48.0937 -13 44 0 0 1
0.0303755 0.0238908 920 0.112202 0.0366154 10.8422 54.9695 -13 45 0 0 1
-0.0491052 0.214377 920 0.0261689 -0.0774794 4.80901 69.5054 -13 46 0 0 1
0.00249783 -0.202096 920 -0.076016 0.025714 11.3968 37.0295 -13 47 0 0 1
0.616802 0.653788 920 0.173376 -0.104862 6.59527 59.1288 -13 48 0 0 1
0.0393185 0.122129 920 0.03977 -0.0121516 13.2635 31.3428 -13 49 0 0 1
0.542254 -0.470854 920 -0.0330949 -0.0907012 3.967 103.316 -13 50 0 0 1
0.0837293 -0.271664 920 -0.0633164 -0.123983 8.35054 51.195 -13 51 0 0 1
-0.208735 0.228233 920 0.107618 -0.0501506 8.16318 41.4792 -13 53 0 0 1
-0.382806 0.00759653 920 0.00791978 -0.106644 1.465 125.352 -13 54 0 0 1
-0.100714 0.130597 920 0.097913 0.0654643 10.3652 51.184 -13 55 0 0 1
0.143615 -0.18216 920 -0.0461493 -0.0661672 14.0567 32.4701 -13 56 0 0 1
-2.15887 3.91026 920 -0.0577417 -0.0248929 0.0393334 39.1257 11 56 1001 0 1
-0.0206641 -0.0128427 920 0.0166405 0.00929676 9.77221 60.955 -13 57 0 0 1
0.239464 0.126064 920 0.0870749 -0.0810099 8.20374 46.8598 -13 58 0 0 1
8.19538 2.5796 920 0.0012931 0.0135855 0.0553906 38.5574 11 58 1001 0 1
0.246903 -0.165313 920 -0.1348 0.0894692 6.93031 63.8478 -13 59 0 0 1
0.0668146 0.108674 920 0.0546581 -0.0663989 8.19964 61.3662 -13 60 0 0 1
0.0219901 0.0460593 920 0.0274613 0.0349435 13.941 39.2065 -13 61 0 0 1
-0.0902942 0.00276449 920 -0.0165297 -0.0140671 9.33094 47.8922 -13 62 0 0 1
0.0200102 -0.0436913 920 -0.0316085 -0.00415011 13.9984 51.8291 -13 63 0 0 1
-0.1891 -0.359339 920 -0.176493 -0.0474654 8.83456 49.6462 -13 64 0 0 1
0.0556136 -0.14911 920 -0.0333188 -0.0262868 4.93246 68.9736 -13 65 0 0 1
0.146305 0.202197 920 0.021893 -0.0281875 7.3451 57.5235 -13 66 0 0 1
0.0985962 0.0591803 920 0.0249726 -0.0447608 11.5079 41.1042 -13 67 0 0 1
0.013517 -0.324393 920 -0.12269 -0.070116 10.6116 50.4616 -13 68 0 0 1
-0.197437 -0.260232 920 -0.0969724 0.0865267 5.25939 74.032 -13 69 0 0 1
0.0944624 0.128556 920 0.0344663 0.0137263 11.1374 34.7304 -13 70 0 0 1
0.00856126 -0.0245994 920 0.00376412 0.0568161 11.6627 32.1113 -13 71 0 0 1
0.0308528 -0.10693 920 -0.0279158 -0.0167202 10.3354 33.2746 -13 72 0 0 1
0.0435516 0.0473042 920 0.113189 0.14206 5.99584 75.0884 -13 73 0 0 1
0.0454894 0.0214662 920 -0.0158798 -0.05686 10.6738 45.4529 -13 74 0 0 1
0.277695 -0.97657 920 0.0316294 0.0355557 0.0251416 47.2291 11 74 1001 0 1
-6.87497 -1.09871 920 -0.0201259 -0.0133012 -0.0279012 58.8209 11 74 1001 0 1
0.119921 0.476566 920 0.0617222 0.0346515 7.72361 69.9071 -13 75 0 0 1
-0.0728485 -0.192986 920 -0.034584 -0.00620657 12.4753 52.023 -13 76 0 0 1
-0.0342101 0.144315 920 0.0493928 0.0347651 8.10915 66.0768 -13 77 0 0 1
-0.068212 -0.174073 920 -0.026996 0.0165062 13.5411 38.0014 -13 78 0 0 1
-0.119016 -0.187247 920 -0.0552147 -0.00657445 12.6529 51.069 -13 79 0 0 1
0.100467 -0.142799 920 -0.0655081 -0.0272106 10.2733 59.8382 -13 80 0 0 1
0.227332 0.127161 920 0.0741059 -0.0957924 8.63226 60.849 -13 81 0 0 1
-0.0211802 -0.0711077 920 0.106831 -0.0202609 13.1932 48.181 -13 82 0 0 1
-0.076709 -0.0883491 920 -0.105264 0.016122 9.83505 52.2353 -13 83 0 0 1
0.446769 -0.150148 920 -0.0844662 -0.0225558 6.20709 65.1848 -13 84 0 0 1
0.072447 0.0551999 920 0.0303785 -0.0322986 13.5954 28.193 -13 85 0 0 1
-0.0568907 -0.289216 920 -0.0282488 0.0573013 7.89856 54.2242 -13 86 0 0 1
0.0199337 -0.03471 920 0.0209063 0.125381 8.43286 47.0352 -13 88 0 0 1
0.146355 -0.161235 920 -0.0682883 0.098474 9.92939 43.8987 -13 89 0 0 1
0.0676222 0.120109 920 -0.0650295 0.0141001 6.63227 57.6398 -13 90 0 0 1
0.0505579 -0.215209 920 -0.0591594 -0.0675487 7.0896 73.1595 -13 91 0 0 1
0.000649356 0.442661 920 0.132429 0.0171256 6.5847 76.7643 -13 92 0 0 1
0.584966 0.741139 920 0.247089 -0.00105906 7.63859 68.4852 -13 93 0 0 1
-0.0414868 -0.197448 920 0.0447111 0.00355889 5.45304 65.7188 -13 94 0 0 1
-4.18998 -1.97042 920 -0.0176397 -0.0405931 0.00732065 64.6655 11 94 1001 0 1
-3.69695 -2.92322 920 -0.0332621 -0.0299936 -0.00341226 65.2251 11 94 1001 0 1
-3.59914 -3.36094 920 -0.0338141 -0.0288417 -0.00459751 65.51 11 94 1001 0 1
0.0199408 -0.0742845 920 -0.0622362 0.0286237 10.7379 42.405 -13 95 0 0 1
0.154194 0.0533617 920 0.0442676 -0.0151542 12.7893 40.8216 -13 97 0 0 1
-0.120331 0.947909 920 0.0391676 -0.0492925 0.0572633 40.9512 11 97 1001 0 1
0.182711 0.496124 920 -0.0279783 -0.465898 9.40655 42.7866 -13 98 0 0 1
5.76142 -0.0953849 920 0.00629206 -0.0105621 0.0838315 30.7326 11 98 1001 0 1
0.0687176 0.0615922 920 0.0253138 -0.033565 14.0052 28.9022 -13 99 0 0 1
0.0986473 -0.266653 920 -0.0914412 -0.0950811 12.3014 27.8187 -13 100 0 0 1
-0.561392 -0.137748 920 -0.0804456 0.0307705 4.49519 84.9968 -13 101 0 0 1
-0.505872 0.130388 920 0.0622251 0.156359 9.91125 56.3578 -13 103 0 0 1
-2.5396 -1.28818 920 0.0180701 0.0304931 0.0363414 57.1561 11 103 1002 0 1
-0.0853265 -0.123704 920 -0.0166922 0.0247893 9.58324 47.2417 -13 104 0 0 1
0.0242436 0.0587728 920 -0.0440493 0.0401788 8.76852 44.0346 -13 105 0 0 1
-0.222328 0.00512091 920 0.0615493 0.0330474 10.288 60.0083 -13 106 0 0 1
-0.0790147 -0.0123329 920 -0.0070789 0.0571204 13.7386 41.8567 -13 107 0 0 1
0.300037 0.0366644 920 0.0384254 0.00377402 7.23615 57.4961 -13 108 0 0 1
0.0977219 0.281406 920 0.0565553 -0.0270166 13.5617 25.12 -13 109 0 0 1
-0.317787 0.798654 920 0.205589 0.148172 5.33592 62.5552 -13 110 0 0 1
-0.0048787 0.0785262 920 0.02875 -0.00104003 9.8113 37.2502 -13 111 0 0 1
-0.158554 0.00404832 920 0.113999 0.126562 7.62495 46.731 -13 112 0 0 1
-0.010372 -0.063986 920 -0.0238717 0.0207144 11.9294 37.9095 -13 113 0 0 1
0.205129 -0.205535 920 -0.174318 -0.0137715 7.98895 47.4566 -13 114 0 0 1
-0.832697 1.09047 920 0.254507 0.291557 13.2095 44.6657 -13 115 0 0 1
-0.0249909 -0.0632913 920 -0.00168233 0.0450332 10.2654 61.2181 -13 116 0 0 1
0.0473018 -0.240088 920 -0.0209214 -0.0719885 11.538 33.6703 -13 117 0 0 1
-0.0240843 0.281906 920 0.124952 -0.194528 5.67454 61.0556 -13 118 0 0 1
-0.0656916 -0.423081 920 -0.0138593 0.0028041 0.0330027 59.9357 11 118 1001 0 1
-0.0509292 0.142307 920 0.0814163 0.0416816 10.9434 49.7816 -13 119 0 0 1
0.318398 -0.562686 920 -0.0164293 -0.0360426 7.44397 57.6821 -13 120 0 0 1
-0.339873 0.0929402 920 -0.0476899 0.158413 7.9036 69.1615 -13 121 0 0 1
0.095023 -0.0170799 920 0.0515874 0.0277059 8.9567 43.0126 -13 122 0 0 1
-0.147423 -0.0864831 920 -0.0249356 -0.100273 4.78232 87.5573 -13 123 0 0 1
-1.23765 -1.43964 920 0.00451328 0.0115586 0.0415069 85.4708 11 123 1001 0 1
-0.125382 0.0858264 920 0.046723 0.0349537 12.9853 40.7754 -13 124 0 0 1
-0.0654647 0.113495 920 0.0778764 0.0109478 11.4446 55.3374 -13 125 0 0 1
-0.282035 -0.068168 920 0.215879 0.0397181 11.7118 53.2465 -13 126 0 0 1
-0.0699554 -0.313123 920 -0.0646806 0.0458043 9.58535 40.1079 -13 127 0 0 1
-0.148764 0.0798027 920 0.00239973 0.125075 13.4922 34.2201 -13 128 0 0 1
-0.015133 0.240696 920 0.0568659 0.0326528 13.4826 37.301 -13 129 0 0 1
-0.0217563 -0.22678 920 -0.0720283 -0.0132993 10.4399 53.7956 -13 130 0 0 1
0.207023 -0.253623 920 -0.0146441 -0.0783131 9.10797 44.1746 -13 131 0 0 1
-0.502876 -0.721205 920 -0.238907 0.0950497 13.2363 47.4597 -13 132 0 0 1
0.0975413 -0.12494 920 -0.0761312 -0.026915 14.4955 41.8505 -13 133 0 0 1
0.239887 -0.262751 920 -0.097189 -0.135497 7.20489 63.9423 -13 134 0 0 1
0.00717218 0.0847956 920 0.0233959 0.0170644 13.3398 29.1597 -13 135 0 0 1
0.0160919 0.0509346 920 0.0373796 -0.0107778 12.9685 37.4273 -13 136 0 0 1
-0.231608 0.17078 920 0.0196887 -0.00825345 7.15438 49.5105 -13 137 0 0 1
0.354616 -0.94659 920 -0.24391 -0.129479 4.27055 76.9599 -13 138 0 0 1
-0.059249 0.00723805 920 0.00937276 -0.0456515 11.4657 48.47 -13 139 0 0 1
-0.159804 -0.00161951 920 0.00280711 0.0770273 14.1275 48.5818 -13 140 0 0 1
-0.0242216 0.0892805 920 0.0110659 -0.00831182 13.8102 25.1644 -13 141 0 0 1
0.0905378 0.103389 920 0.0517158 -0.0603959 13.7294 35.8426 -13 142 0 0 1
0.0446318 -0.236175 920 -0.0293983 -0.0778444 11.0184 35.5563 -13 143 0 0 1
0.0174224 0.0123411 920 0.0191114 -0.0157633 14.3837 43.7369 -13 144 0 0 1
-0.0678199 0.179185 920 -0.0140286 -0.00988274 9.82553 58.7204 -13 145 0 0 1
0.292733 0.0241657 920 -0.00791383 -0.0330806 9.19718 46.315 -13 146 0 0 1
-0.075605 0.0326735 920 0.0350643 0.0316353 11.2213 44.6863 -13 147 0 0 1
-0.0304653 0.0453759 920 -0.00483558 -0.00459039 7.31318 57.7293 -13 148 0 0 1
0.00403031 -0.0449393 920 0.0372225 0.0400979 6.93065 55.3293 -13 149 0 0 1
-0.0133151 0.0482783 920 0.0626017 -0.00353109 13.8389 44.5637 -13 150 0 0 1
-0.334341 -0.235459 920 -0.0539169 0.0270736 7.99526 44.1048 -13 151 0 0 1
0.0231855 0.0551534 920 0.0253673 -0.0284907 14.1255 47.7665 -13 152 0 0 1
0.238258 -0.242394 920 -0.0940434 -0.0618424 13.6614 47.9513 -13 153 0 0 1
-0.136009 -0.290416 920 -0.0265196 0.030079 9.43293 52.0432 -13 154 0 0 1
-0.25387 -0.0444952 920 0.042218 0.143248 9.91996 58.3684 -13 155 0 0 1
0.062699 0.127366 920 0.0695121 -0.0102433 11.9674 44.3708 -13 156 0 0 1
-0.145137 0.00487473 920 -0.0291872 0.0297452 13.2327 34.2924 -13 157 0 0 1
0.521178 -0.175942 920 -0.060964 0.194227 8.35582 49.2876 -13 158 0 0 1
-4.9918 -7.53769 920 -0.00600023 0.0123858 0.0363953 49.5389 11 158 1001 0 1
0.0438256 0.00422769 920 0.0116216 -0.028329 14.3282 46.1341 -13 159 0 0 1
-0.196039 0.181044 920 0.0264131 -0.0294326 7.43976 52.48 -13 160 0 0 1
0.175862 -0.0409113 920 -0.031211 -0.111006 14.0991 30.535 -13 161 0 0 1
0.183908 0.0195103 920 0.0102973 -0.0843344 9.70892 49.1288 -13 162 0 0 1
0.156702 -0.105166 920 0.025826 -0.0416572 9.71784 36.8412 -13 163 0 0 1
0.0273912 0.0166479 920 -0.0279872 -0.0442358 14.2156 43.5429 -13 164 0 0 1
-0.339618 -0.105965 920 -0.117937 0.062176 12.3277 51.5198 -13 165 0 0 1
0.190998 -0.0371087 920 -0.00805712 -0.0931728 11.0014 58.6622 -13 166 0 0 1
-0.102161 0.120072 920 -0.0616692 -0.0116805 9.80478 38.4179 -13 167 0 0 1
0.0739334 -0.0511591 920 -0.081809 0.0115024 11.4126 29.9218 -13 168 0 0 1
-0.0527284 0.0194396 920 0.0162994 0.0518718 13.0552 51.7985 -13 169 0 0 1
0.0132381 -0.184635 920 -0.0877722 -0.0539921 8.9008 55.8024 -13 170 0 0 1
0.0555245 0.104175 920 -0.0004672 3.94247e-05 14.5042 44.9658 -13 171 0 0 1
-0.0385591 -0.319821 920 -0.0981278 -0.0573669 11.8362 42.5881 -13 172 0 0 1
-0.0322616 0.00511083 920 -0.0358994 -0.0103023 13.0366 26.6167 -13 173 0 0 1
-0.0200771 -0.0892975 920 0.0114981 0.00369784 9.65467 57.4921 -13 174 0 0 1
-0.645856 0.553203 920 -0.0190985 0.0374781 0.0645962 56.6132 11 174 1001 0 1
-0.149875 -0.00368178 920 0.0340224 0.00689525 10.6538 33.5374 -13 175 0 0 1
0.510545 -0.553427 920 -0.121261 -0.224766 10.7602 44.9749 -13 176 0 0 1
0.021312 -1.27692 920 -0.195108 -0.0185704 2.80016 104.423 -13 177 0 0 1
-0.0730109 0.413105 920 0.0448513 -0.194141 5.47987 69.9809 -13 178 0 0 1
0.911935 -0.107609 920 -0.188452 -0.251667 5.29657 75.5182 -13 179 0 0 1
-0.979975 -0.0853639 920 -0.196485 0.207983 7.06489 69.4889 -13 180 0 0 1
-0.103802 -0.295045 920 -0.0838171 -0.0569794 8.74268 63.9846 -13 181 0 0 1
-0.0363376 0.0536794 920 0.0415047 0.0472961 9.23684 53.0754 -13 182 0 0 1
-0.0314813 -0.00864022 920 0.0166418 0.0645497 14.0205 29.1215 -13 183 0 0 1
-0.124644 0.00703526 920 0.0931386 0.0635178 12.2547 31.7435 -13 184 0 0 1
0.186678 -0.0755008 920 0.123692 -0.0862982 11.4965 44.6296 -13 185 0 0 1
-0.189537 -0.229589 920 -0.0661802 0.00279615 11.8625 57.0398 -13 186 0 0 1
0.236686 -0.107955 920 -0.104019 -0.0400665 4.54227 72.6225 -13 187 0 0 1
-0.00109231 0.294587 920 0.0882694 0.0276675 8.52621 54.9376 -13 188 0 0 1
-0.0327189 -6.42265 920 -0.0302258 0.00774452 0.046194 54.447 11 188 1001 0 1
-0.0261492 -0.214904 920 -0.0645115 -0.00943573 5.67442 57.2893 -13 189 0 0 1
0.0329725 0.0338856 920 0.0686633 -0.0458924 8.36849 44.7836 -13 190 0 0 1
-0.307393 0.289494 920 -0.115624 -0.202436 12.1401 33.1254 -13 191 0 0 1
-5.27359 3.36353 920 0.0290746 0.0184086 0.0255065 34.9945 11 191 1001 0 1
0.117681 0.482287 920 -0.0547796 -0.0097178 0.0321277 35.9276 11 191 1003 0 1
-0.0791246 0.173193 920 0.0599711 0.0333123 12.0643 33.1728 -13 192 0 0 1
0.109039 0.0973149 920 -0.0247447 -0.00911599 10.3017 38.9797 -13 194 0 0 1
-0.0350398 0.27515 920 0.116274 0.0479899 10.8337 52.3594 -13 195 0 0 1
0.0763954 -0.0286706 920 -0.056101 -0.0536293 11.6756 57.6902 -13 196 0 0 1
-0.149889 -0.0207765 920 -0.0506522 0.0221128 12.2877 31.4609 -13 198 0 0 1
-0.0331176 -0.0331675 920 -0.0181599 -0.00587658 12.9184 40.0001 -13 199 0 0 1
-0.0509648 -0.074429 920 0.00812559 -0.00754987 11.5873 50.2687 -13 201 0 0 1
-0.131763 -0.0133152 920 0.0336968 0.13206 11.9989 48.4762 -13 202 0 0 1
-0.14941 -0.040842 920 -0.0431565 -0.00226739 14.4528 43.758 -13 203 0 0 1
0.106664 0.142013 920 -0.110174 -0.0296898 5.28552 68.7784 -13 204 0 0 1
-0.0155649 -0.0165687 920 -0.0521259 -0.0333352 7.10569 56.9273 -13 205 0 0 1
-0.297406 0.157473 920 0.07853 0.0502711 9.17828 63.6444 -13 207 0 0 1
-1.40536 1.42922 920 -0.0115994 -0.0248749 0.0260209 65.3283 11 207 1002 0 1
0.012207 0.0247205 920 0.0101917 -0.0192046 13.7056 37.145 -13 209 0 0 1
0.079424 -1.60252 920 0.49502 0.146908 1.96749 134.628 -13 210 0 0 1
-0.165099 -0.0748845 920 -0.170585 -0.0112033 6.43212 65.144 -13 211 0 0 1
0.233116 -0.656072 920 -0.17785 -0.201953 13.9321 25.202 -13 212 0 0 1
0.156069 -0.225393 920 -0.106269 -0.0506511 8.85212 65.6854 -13 213 0 0 1
0.233752 -0.139548 920 -0.0382238 -0.000850513 0.0609873 64.4273 11 213 1001 0 1
0.0709615 -0.0938431 920 -0.0194287 -0.0435085 9.77488 51.8643 -13 214 0 0 1
0.239915 0.170326 920 -0.00962966 0.0336165 3.74643 94.3302 -13 215 0 0 1
0.14943 0.013457 920 0.0533348 -0.0305724 9.86528 45.5433 -13 216 0 0 1
-0.00773334 0.285975 920 0.0966643 -0.125556 9.4229 47.8873 -13 217 0 0 1
-0.00511792 0.355073 920 0.0905853 0.0700972 4.99154 78.2995 -13 218 0 0 1
-0.00858288 -0.0991347 920 -0.0168167 0.0331157 9.71605 44.0971 -13 219 0 0 1
-0.138291 0.00862459 920 0.0284364 0.0711296 13.3186 36.6812 -13 220 0 0 1
-0.248663 -1.07784 920 -0.154086 -0.0659645 2.96415 102.072 -13 221 0 0 1
-0.0720726 -0.131403 920 -0.0771466 -0.0435677 8.89812 43.8687 -13 222 0 0 1
-0.166094 -0.175163 920 -0.00887696 -0.00774186 8.60223 41.4465 -13 223 0 0 1
0.553085 0.127218 920 0.031376 -0.102256 5.94618 82.6023 -13 224 0 0 1
-0.115293 0.0153123 920 0.00234433 0.0332579 12.3269 47.7015 -13 225 0 0 1
-0.153395 -0.113792 920 -0.0920194 0.0582815 10.0489 51.6824 -13 226 0 0 1
0.149291 0.0460164 920 -0.0187477 -0.0828824 12.6033 45.9669 -13 227 0 0 1
0.283661 0.280861 920 0.0452069 -0.0776841 13.4926 37.8685 -13 228 0 0 1
-0.0442681 -0.000921621 920 -0.0378156 0.0253976 13.4292 35.4736 -13 229 0 0 1
-0.381964 -0.0306649 920 -0.126901 0.0416142 11.937 29.1147 -13 230 0 0 1
0.21469 -0.451301 920 -0.0700782 -0.0935282 8.97269 62.7226 -13 231 0 0 1
-0.20559 -0.25964 920 -0.0232019 -0.081995 6.19791 71.0748 -13 232 0 0 1
-0.184882 0.0890752 920 0.122385 -0.00814527 10.9488 58.0309 -13 233 0 0 1
-0.792883 -0.391761 920 0.220233 0.430417 12.4701 29.5082 -13 234 0 0 1
0.2231 0.233063 920 0.029396 -0.0453165 6.13312 75.2668 -13 235 0 0 1
0.907786 1.63732 920 0.000597588 0.0169411 0.0535555 74.6205 11 235 1001 0 1
-0.120663 0.220096 920 0.147346 0.04941 4.16919 92.9337 -13 236 0 0 1
0.0941737 -0.150025 920 -0.0430708 0.0422032 8.32442 54.3378 -13 237 0 0 1
-0.0594134 -0.320297 920 -0.108549 0.0547898 9.34644 39.8496 -13 238 0 0 1
-2.24878 0.790994 920 -0.00715234 0.0395932 0.0464983 39.8187 11 238 1001 0 1
-0.160501 -0.0211104 920 -0.0214909 0.0652703 12.7549 37.6295 -13 239 0 0 1
-0.220121 0.000823131 920 -0.0109666 0.0351399 12.7408 31.3405 -13 240 0 0 1
-0.123825 0.195096 920 0.0656782 0.032216 12.7822 28.078 -13 241 0 0 1
0.296539 -0.707881 920 -0.280054 -0.0125739 10.8983 46.5498 -13 242 0 0 1
-0.179981 -0.057715 920 -0.0197615 0.0939798 13.7871 51.8971 -13 243 0 0 1
0.071128 0.257802 920 -0.00651393 -0.0256978 8.6054 61.4681 -13 244 0 0 1
0.0538748 -0.0632631 920 -0.201276 0.102686 12.8984 38.0212 -13 245 0 0 1
0.100473 0.140885 920 0.0358684 0.0287284 7.99352 49.5906 -13 246 0 0 1
-0.0919888 1.6166 920 -0.0395473 -0.0317908 0.0318499 48.797 11 246 1001 0 1
-0.0541067 -0.000215011 920 -0.0214857 -0.0181732 11.6215 38.8668 -13 247 0 0 1
0.0217729 -0.194253 920 -0.0795275 -0.0291988 11.8132 55.4054 -13 248 0 0 1
0.0140641 0.0131143 920 0.00628048 0.0109965 12.3236 37.5749 -13 249 0 0 1
0.0200105 0.0962015 920 0.116027 0.04004 10.2636 51.358 -13 250 0 0 1
3.01255 -0.5562 920 0.0425347 0.0357169 0.0466028 50.1749 11 250 1001 0 1
-0.0330288 1.22445 920 0.0454997 -0.0223315 -0.0263768 69.7343 11 250 1001 0 1
-0.241626 -0.136263 920 0.060132 0.101832 8.2426 65.6983 -13 251 0 0 1
0.0205021 0.0501577 920 0.0110866 0.0305051 12.9657 33.1168 -13 252 0 0 1
0.0441754 -0.122773 920 0.0339435 0.0855628 11.8878 48.9661 -13 253 0 0 1
0.212349 -0.273287 920 -0.00934703 -0.0125822 8.28671 44.0582 -13 254 0 0 1
-0.0758593 0.0283834 920 0.0155874 0.00686966 12.043 35.0592 -13 255 0 0 1
-0.165618 0.180732 920 0.0349964 0.107793 12.19 27.7931 -13 256 0 0 1
3.40198 -1.67465 920 -0.00899117 -0.0441124 0.0396933 31.2418 11 256 1001 0 1
0.145528 0.152046 920 0.0340051 -0.0121276 11.2695 40.4256 -13 257 0 0 1
-0.0395442 0.21699 920 0.0757151 0.0492898 11.7138 44.9185 -13 258 0 0 1
0.0553436 -0.0425166 920 -0.0179982 0.0305491 14.438 28.3894 -13 259 0 0 1
-0.125458 0.0357594 920 -0.0107453 0.0216115 14.207 47.087 -13 260 0 0 1
0.00889077 0.138849 920 0.0721938 0.0723345 13.8337 39.013 -13 261 0 0 1
-0.190048 0.166867 920 0.128759 0.0540161 12.9332 44.8259 -13 262 0 0 1
0.0406894 -0.055153 920 0.00929591 -0.0356054 10.5117 38.896 -13 263 0 0 1
0.0331051 1.54076 920 0.366439 0.200775 2.85168 118.943 -13 264 0 0 1
-0.0523226 0.112915 920 0.0626647 0.00194 12.7875 49.556 -13 265 0 0 1
0.0953801 0.247034 920 0.0339133 0.0381923 11.3073 53.6786 -13 266 0 0 1
-0.0320586 -0.00879862 920 0.00525754 0.0209264 14.0391 46.1038 -13 267 0 0 1
-0.117154 -0.232913 920 -0.099162 -0.0114194 12.2126 32.5871 -13 268 0 0 1
-0.116989 -0.192103 920 0.0314064 0.0234352 0.0420171 32.673 11 268 1001 0 1
-0.0617696 0.101225 920 -0.0885419 0.037491 11.8923 39.6328 -13 269 0 0 1
-0.175918 -0.488949 920 -0.0152427 -0.00452129 2.40697 131.065 -13 270 0 0 1
-0.266265 -0.196833 920 -0.0872658 0.0876018 7.20436 72.4708 -13 271 0 0 1
-0.0161917 -0.0323767 920 -0.0435114 0.0219009 14.4488 32.9011 -13 272 0 0 1
0.0824082 -0.151553 920 -0.045688 0.0203167 8.00203 51.0476 -13 273 0 0 1
0.0574985 0.128455 920 0.140034 -0.0182529 12.5995 53.2692 -13 274 0 0 1
0.438052 -0.0504504 920 0.0563459 -0.167808 8.67567 57.2006 -13 275 0 0 1
0.0792128 -0.277556 920 -0.0710401 0.0320357 11.5016 34.3993 -13 276 0 0 1
-0.0929854 -0.043534 920 -0.0443475 0.0507711 9.55709 59.3267 -13 277 0 0 1
0.0241339 -2.16052 920 0.0377681 -0.00237005 0.0372885 59.6102 11 277 1001 0 1
0.0699518 -0.0354931 920 -0.0151374 -0.0281612 13.742 36.8632 -13 278 0 0 1
0.0412385 0.0783366 920 0.0646209 0.0193681 13.317 45.469 -13 279 0 0 1
-0.211009 0.0727679 920 -0.0375429 0.170858 6.18767 58.3725 -13 280 0 0 1
0.162201 -0.144686 920 0.00135504 -0.060213 8.10367 60.2981 -13 281 0 0 1
0.0263508 -0.0789034 920 -0.00751285 0.0191099 9.48579 57.9071 -13 282 0 0 1
0.0308367 0.075537 920 0.0142539 0.00161326 10.669 38.0795 -13 283 0 0 1
0.175338 -0.0854361 920 0.0185572 -0.082468 7.09436 59.1233 -13 284 0 0 1
-0.202857 0.0839459 920 -0.0150505 0.0449756 2.00027 139.303 -13 285 0 0 1
0.147944 -0.0829919 920 -0.086059 -0.00233658 6.67638 74.4397 -13 286 0 0 1
0.201941 0.122709 920 -0.0250074 -0.0786958 10.8382 58.5394 -13 287 0 0 1
0.0502766 0.0136351 920 -0.00759293 0.0263592 11.9429 53.1388 -13 288 0 0 1
0.0773348 -0.204705 920 -0.093917 0.000868823 9.36092 52.447 -13 289 0 0 1
3.54158 -3.37402 920 0.0342113 -0.011879 0.0646462 49.7079 11 289 1001 0 1
0.0417717 -0.0898261 920 0.0484162 0.0272249 9.02103 44.9715 -13 290 0 0 1
0.284205 -0.0656466 920 0.0113246 -0.0262023 6.82055 66.2195 -13 291 0 0 1
0.0827653 -0.0482482 920 -0.0414973 -0.0539461 13.258 28.2568 -13 292 0 0 1
-0.0464835 -0.192987 920 -0.093608 0.0110519 7.34357 73.4343 -13 293 0 0 1
0.00891699 0.0404675 920 0.0242971 0.0340281 13.8083 53.5622 -13 294 0 0 1
0.153613 -0.308548 920 -0.164715 -0.0966098 7.15743 68.3453 -13 295 0 0 1
0.350308 -0.0658433 920 -0.000138599 -0.010077 5.91911 69.5081 -13 296 0 0 1
-0.235242 -0.241997 920 -0.161365 0.0220748 11.9615 32.4059 -13 297 0 0 1
-0.0317137 0.143101 920 -0.0150266 0.0387976 12.1493 39.9369 -13 299 0 0 1
-0.089517 -0.0913906 920 -0.0667532 0.232257 2.43307 131.134 -13 300 0 0 1
0.0455188 -0.207635 920 -0.00164425 0.025741 8.17373 66.4603 -13 301 0 0 1
-0.417886 -0.153078 920 -0.118772 0.167859 7.44979 59.5589 -13 302 0 0 1
-0.111392 0.0685403 920 0.0403349 0.0820699 11.6462 41.3973 -13 303 0 0 1
0.106122 -0.290379 920 -0.082148 0.0491671 7.5994 59.9157 -13 304 0 0 1
0.0770667 -0.0767767 920 -0.00597328 -0.0460215 11.0656 39.9738 -13 305 0 0 1
0.0779966 0.020898 920 0.00522861 -0.0724341 9.67273 49.3939 -13 306 0 0 1
0.296742 -0.993094 920 -0.265524 0.0381306 4.0672 85.9467 -13 307 0 0 1
0.0986625 -0.118738 920 -0.0577057 -0.0211372 12.3582 33.3133 -13 308 0 0 1
-0.50418 0.0975693 920 0.0433837 0.143349 9.51499 54.6565 -13 309 0 0 1
0.323403 -0.139017 920 -0.0582781 -0.134551 5.55383 67.0975 -13 310 0 0 1
-0.116056 0.218503 920 0.104675 0.00954086 13.9674 40.9474 -13 311 0 0 1
0.0735604 -0.0185976 920 -0.00528274 -0.0168823 12.1436 34.2755 -13 312 0 0 1
0.0124118 0.155199 920 0.0324628 -0.0434795 13.0316 27.322 -13 313 0 0 1
-0.254021 0.20689 920 0.0617925 0.100425 13.7667 25.7315 -13 314 0 0 1
2.57511 7.2034 920 0.00740071 0.00981077 0.0353036 33.5887 11 314 1002 0 1
-0.0719535 -0.0348802 920 -0.0362683 0.00844153 11.5963 32.3462 -13 315 0 0 1
-0.183258 0.101202 920 -0.0437978 0.0141192 9.06165 42.7928 -13 316 0 0 1
-0.118764 -0.326992 920 -0.143491 0.0229194 5.99646 59.324 -13 318 0 0 1
-0.0951559 -0.346868 920 -0.00386932 0.00195519 0.0550602 59.2943 11 318 1001 0 1
-0.0102189 -0.073267 920 0.0328558 -0.0277051 13.7974 29.8786 -13 320 0 0 1
0.100625 -0.0548516 920 -0.0137815 -0.0386623 9.96963 38.6438 -13 321 0 0 1
0.0384458 0.0521952 920 -0.00829466 0.0239761 12.7367 31.8077 -13 322 0 0 1
-0.072602 -0.255127 920 0.0372536 0.0971409 5.9588 61.1528 -13 323 0 0 1
0.120711 -0.23692 920 0.000416452 -0.0306912 11.428 55.751 -13 325 0 0 1
-0.0836172 -0.0931507 920 -0.0370656 -0.00912692 10.6803 51.2562 -13 326 0 0 1
0.00343702 -0.0311127 920 0.0181023 -0.0317462 12.4406 39.7366 -13 327 0 0 1
0.139816 -0.126159 920 0.121387 0.00969614 3.81061 99.1465 -13 328 0 0 1
0.0210198 -0.0627092 920 0.0600219 -0.0498927 11.9686 49.9087 -13 329 0 0 1
-0.377748 0.425686 920 0.100441 0.110122 8.87979 45.0354 -13 330 0 0 1
0.244801 -0.0300998 920 -0.0223985 -0.0682309 5.39896 59.8027 -13 331 0 0 1
0.52326 1.02838 920 -0.00222758 -0.0102274 4.62943 73.0981 -13 332 0 0 1
-0.036566 0.237034 920 0.0767544 0.00510199 9.79128 44.8111 -13 333 0 0 1
-4.74086 4.74697 920 -0.00580021 0.0121959 0.0294017 49.4236 11 333 1001 0 1
-0.00243281 -0.137699 920 -0.0923112 -0.00299807 12.8467 28.4744 -13 334 0 0 1
0.045351 0.0927942 920 -0.0389102 0.0693082 14.2417 44.5343 -13 335 0 0 1
-0.0464643 -0.412571 920 -0.0202016 0.0119673 5.59047 71.2062 -13 336 0 0 1
0.0438754 0.0131944 920 0.00455474 -0.0268068 13.7291 42.6275 -13 337 0 0 1
-0.0721054 0.029804 920 -0.0781429 0.0856574 9.58813 58.7471 -13 338 0 0 1
-1.20286 -0.537381 920 -0.0227098 -0.0378702 0.0328633 59.1177 11 338 1001 0 1
0.0319124 -0.267617 920 -0.210328 0.0680462 9.28858 64.0769 -13 339 0 0 1
-0.000244419 -0.061552 920 0.00269759 0.0133291 12.4481 54.22 -13 341 0 0 1
0.0412432 0.0831222 920 0.0675223 0.0228376 13.2281 31.4914 -13 344 0 0 1
-0.335284 -0.739648 920 -0.137398 0.176051 9.61814 34.8757 -13 345 0 0 1
-6.5859 -2.39582 920 0.0166893 0.00762773 0.0312211 40.948 11 345 1002 0 1
0.0856648 -0.0792234 920 -0.0134106 -0.0399942 13.4474 39.8685 -13 346 0 0 1
-0.100702 0.0544905 920 0.0321612 0.0300851 12.0918 42.0436 -13 347 0 0 1
-0.131041 -0.102662 920 -0.0605109 0.0274613 13.7745 50.5305 -13 348 0 0 1
-0.0705549 -0.512187 920 -0.221028 0.0227201 7.0245 60.4188 -13 349 0 0 1
-0.257669 -0.240712 920 -0.124213 0.0105084 7.68964 65.621 -13 350 0 0 1
1.2793 -0.624075 920 -0.616917 0.707573 4.04664 83.0838 -13 351 0 0 1
-0.730353 -0.646752 920 -0.253576 0.0470715 3.74208 89.923 -13 352 0 0 1
0.309364 -0.0962196 920 -0.0683275 -0.157302 10.8244 57.7712 -13 354 0 0 1
-1.55237 -0.627964 920 0.0518821 0.0204396 2.11983 126.157 -13 355 0 0 1
-0.0798447 -0.0891204 920 0.0599338 0.110819 9.72682 61.6283 -13 356 0 0 1
-0.0655946 0.317581 920 0.00634971 0.00130782 10.5985 58.3884 -13 357 0 0 1
4.08035 1.95653 920 0.00905894 0.0419091 0.0203815 67.391 11 357 1002 0 1
0.18446 0.0033054 920 -0.0637258 -0.0852821 10.8725 47.8413 -13 358 0 0 1
0.0582278 8.523e-05 920 0.00380336 -0.0022698 11.7763 34.3374 -13 359 0 0 1
0.0263508 -0.0314796 920 -0.0286974 -0.0109697 13.4976 46.2035 -13 360 0 0 1
0.206031 -1.71113 920 -0.308102 0.434808 3.25108 92.687 -13 361 0 0 1
0.0628957 0.0373793 920 0.0270966 -0.0582453 8.70938 38.5751 -13 362 0 0 1
-0.0986366 -0.0759855 920 0.0567258 0.0614233 12.1509 55.6799 -13 363 0 0 1
-0.0666154 0.0169419 920 0.0403849 -0.00414762 14.4443 27.862 -13 364 0 0 1
0.0904212 0.120498 920 0.0295718 -0.00159497 11.8372 32.7674 -13 365 0 0 1
-0.0955927 -0.30434 920 -0.0185384 0.0202518 7.85068 42.6299 -13 366 0 0 1
-0.348132 0.0220966 920 -0.0442008 0.185732 11.6968 52.91 -13 367 0 0 1
0.151632 -0.04397 920 0.144568 -0.0840365 5.90218 73.7315 -13 368 0 0 1
-0.0848952 -0.0707417 920 -0.00815518 0.0305028 6.33516 54.6353 -13 370 0 0 1
-0.340081 0.357577 920 0.120371 0.145304 14.5152 40.7035 -13 371 0 0 1
0.0471503 -0.00742801 920 0.0688952 -0.0523246 14.194 32.6219 -13 373 0 0 1
-0.291083 -0.153204 920 -0.232962 -0.0124496 4.80717 71.5768 -13 374 0 0 1
0.034309 0.0181448 920 -0.00296708 -0.0039511 13.3623 46.8458 -13 375 0 0 1
0.971301 0.793487 920 0.310498 -0.0233043 6.54576 62.3873 -13 376 0 0 1
-0.0928969 -0.0699849 920 -0.00521768 0.0206866 10.4944 41.5454 -13 377 0 0 1
0.00625273 -0.0591829 920 0.0712069 -0.0935049 7.34289 47.3884 -13 379 0 0 1
-0.266895 0.17347 920 0.0146315 0.141582 10.6984 36.1812 -13 380 0 0 1
-0.1112 -0.0447069 920 -0.0347217 0.0196171 7.76665 54.7127 -13 381 0 0 1
-0.0136253 0.0543943 920 0.0572333 0.0273734 13.3919 37.4062 -13 382 0 0 1
0.191644 0.0740971 920 0.0815127 -0.101785 14.094 38.1412 -13 384 0 0 1
-0.0223308 -0.0568123 920 -0.0230559 -0.0188836 14.4543 32.2847 -13 386 0 0 1
-0.101886 0.00370642 920 0.0258029 0.0193376 14.4244 40.9744 -13 387 0 0 1
0.199679 0.0440473 920 -0.0238165 -0.0637187 9.3192 58.9511 -13 388 0 0 1
0.190617 0.0252347 920 -0.0385828 -0.0691267 13.4337 43.3731 -13 389 0 0 1
-6.0806 5.16197 920 -0.0212423 0.013385 0.0539398 47.3595 11 389 1001 0 1
-0.346371 0.224489 920 0.102727 0.113901 10.3036 41.3155 -13 390 0 0 1
-0.0796393 0.0430952 920 0.112829 0.0544036 8.62708 66.1787 -13 391 0 0 1
0.0996663 -0.451875 920 -0.0764137 -0.191128 8.08104 67.7656 -13 392 0 0 1
-0.265988 -0.00202822 920 -0.0351074 -0.000209788 3.52646 86.4124 -13 393 0 0 1
-0.261761 2.41548 920 0.455752 0.0772232 3.32548 94.9069 -13 394 0 0 1
-0.0475791 -0.312913 920 0.0676192 0.112996 14.076 32.6165 -13 395 0 0 1
-0.113891 -0.0537195 920 0.0154348 0.0271243 7.00703 62.5385 -13 396 0 0 1
0.109525 -0.112777 920 0.00274612 -0.00639647 14.4938 30.4792 -13 397 0 0 1
0.816501 -1.7451 920 -0.41455 0.0623931 13.2895 32.4225 -13 398 0 0 1
0.139506 -0.0590752 920 -0.0733891 -0.0617978 12.608 29.8062 -13 399 0 0 1
-0.0478799 -0.126033 920 -0.0767435 -0.0469507 11.6332 39.9446 -13 400 0 0 1
-0.100549 0.118741 920 -0.0263442 0.0288007 11.1568 42.9454 -13 401 0 0 1
0.183104 0.397693 920 0.07651 0.0363591 7.26924 46.5302 -13 402 0 0 1
-0.0948386 0.522019 920 0.0103697 0.173253 5.60027 77.1796 -13 403 0 0 1
0.144194 0.0795996 920 0.0140841 -0.0525616 14.3873 31.6634 -13 404 0 0 1
-0.340083 -0.378657 920 -0.127877 0.22185 12.7657 43.1915 -13 405 0 0 1
4.67246 -0.343233 920 -0.0135242 0.0454077 0.078918 41.2265 11 405 1001 0 1
-0.0407131 -0.0267648 920 0.0535087 -0.0319705 7.06377 61.314 -13 406 0 0 1
0.184114 0.137218 920 0.118114 0.026765 4.50245 92.6454 -13 407 0 0 1
-0.13551 0.0572106 920 -0.0512251 -0.0135767 10.8472 51.9873 -13 408 0 0 1
0.0441506 -0.347513 920 -0.114134 0.0215658 12.1933 30.7965 -13 409 0 0 1
0.154085 -0.460166 920 -0.0632096 -0.0467587 7.13347 55.866 -13 410 0 0 1
0.0986355 -0.211129 920 0.0644007 -0.000620619 6.76416 53.156 -13 411 0 0 1
-0.043592 0.344503 920 0.0677407 0.00537922 7.18104 49.9444 -13 412 0 0 1
0.757499 0.36181 920 0.125069 -0.172333 5.47119 58.8604 -13 413 0 0 1
-0.109553 -0.102852 920 -0.0106672 -0.0141916 9.81094 40.2579 -13 414 0 0 1
-0.227098 -0.0403922 920 -0.001181 0.0992266 8.22006 46.9735 -13 415 0 0 1
-0.213225 0.0523816 920 0.0417147 -0.0105075 12.6093 40.2174 -13 416 0 0 1
0.34481 0.10207 920 -0.0219261 -0.247974 6.39598 56.4872 -13 417 0 0 1
-0.161461 -0.0383968 920 0.0206032 0.0832894 9.94099 59.5427 -13 418 0 0 1
3.05463 -6.43626 920 0.0174322 0.0209233 0.0528001 57.1852 11 418 1001 0 1
0.521664 -0.0989589 920 -0.102807 -0.163808 7.63762 56.706 -13 419 0 0 1
-0.170117 0.0187795 920 0.0246607 0.094304 12.3882 36.6229 -13 420 0 0 1
-0.277708 -0.359398 920 0.0520201 -0.0217744 0.0796595 36.5329 11 420 1001 0 1
-0.193662 -0.00206077 920 -0.0118036 0.0311157 13.1967 30.0555 -13 421 0 0 1
-0.378412 0.368442 920 0.144385 0.194923 7.0032 50.5028 -13 422 0 0 1
0.112094 -0.185919 920 0.0949035 0.0127933 9.30537 45.3595 -13 424 0 0 1
0.0701943 0.24238 920 -0.0426033 -0.145545 4.86467 93.1964 -13 425 0 0 1
-0.24918 -0.110743 920 -0.0493977 0.075898 4.85718 89.2541 -13 426 0 0 1
0.156022 0.0297869 920 0.0146102 -0.0426692 10.7966 56.4011 -13 427 0 0 1
-0.624193 -0.396565 920 -0.242805 0.111225 6.90759 55.1083 -13 428 0 0 1
-0.624188 0.40604 920 0.0428559 0.0945212 7.72795 55.308 -13 429 0 0 1
-0.0963174 -0.00754109 920 0.0164164 0.0403854 9.9184 43.6107 -13 430 0 0 1
-0.215309 0.0993967 920 0.0174455 0.0967299 10.8241 40.5173 -13 431 0 0 1
0.027587 0.0448744 920 0.0427615 0.0198516 9.93196 51.3553 -13 432 0 0 1
0.070191 0.0705695 920 0.0349825 -0.0405306 11.021 55.2337 -13 433 0 0 1
0.0872 -0.00776389 920 -0.0252781 -0.0344194 13.6838 35.6568 -13 434 0 0 1
-0.346772 -0.130927 920 -0.0557397 0.0969679 11.3687 44.0725 -13 435 0 0 1
-0.246187 -0.140911 920 0.0193688 0.0624683 11.1996 36.2856 -13 436 0 0 1
0.0946201 -0.146332 920 -0.0522195 -0.00838935 10.6774 42.2455 -13 437 0 0 1
0.100211 -0.128998 920 0.0108144 -0.0517649 11.1105 46.1869 -13 438 0 0 1
-0.000209143 -0.149545 920 0.0156735 0.0242776 11.9349 56.324 -13 439 0 0 1
-0.024877 0.0753612 920 -0.11774 0.24627 8.77805 58.2392 -13 440 0 0 1
0.395669 -0.533157 920 0.010683 -0.0377405 0.0483155 57.7816 11 440 1001 0 1
-0.068868 0.0230687 920 -0.06181 -0.041081 11.3796 43.2388 -13 441 0 0 1
-0.249532 0.00333456 920 0.028032 -0.0272311 3.50058 84.9723 -13 442 0 0 1
-0.310576 -0.00875682 920 0.0389668 0.112971 7.52244 69.0109 -13 443 0 0 1
0.0517935 -0.0241268 920 -0.0242207 0.0616709 11.3664 39.9186 -13 444 0 0 1
-0.224119 -0.149124 920 -0.0638661 0.160315 7.92105 66.9928 -13 445 0 0 1
-0.121175 0.0621538 920 -0.00105368 0.0822159 13.3892 51.593 -13 446 0 0 1
0.12297 -0.0988439 920 0.0532169 -0.0353687 11.5355 40.7434 -13 447 0 0 1
1.11851 0.345219 920 -0.0204046 0.0220797 0.0352729 43.4504 11 447 1001 0 1
-3.06674 -5.06601 920 0.0218148 0.0263524 -0.0159918 50.6996 11 447 1001 0 1
-0.00381782 -0.220279 920 -0.054622 0.0899638 9.78451 37.3047 -13 448 0 0 1
0.071699 0.00620378 920 -0.0134227 0.0311052 8.12025 45.0188 -13 449 0 0 1
1.10943 0.186149 920 0.145532 -0.296814 12.3271 56.1599 -13 450 0 0 1
-0.0675867 0.0329901 920 -0.048178 -0.000712138 7.77649 62.4782 -13 451 0 0 1
-7.18691 -3.75421 920 0.0006578 0.000524842 0.000157624 65.437 11 451 1001 0 1
0.104631 0.190009 920 0.102254 -0.0244811 11.8502 54.4761 -13 452 0 0 1
-0.057529 0.0531657 920 0.0151104 0.0162773 12.9496 53.4957 -13 453 0 0 1
0.0606351 -0.0934458 920 0.0113448 0.035256 9.50883 43.8902 -13 454 0 0 1
0.304423 -0.125369 920 -0.0273855 -0.11511 13.966 27.6988 -13 456 0 0 1
-0.131126 -2.49411 920 -0.0315104 0.0328827 0.0305611 29.0139 11 456 1001 0 1
-0.00736313 -0.0936243 920 0.0254375 -0.0946901 9.42166 36.6168 -13 457 0 0 1
-0.325624 0.13654 920 0.0371701 0.0689865 11.5708 55.3288 -13 458 0 0 1
0.364222 -0.635599 920 -0.0920637 -0.177155 7.93924 49.9939 -13 459 0 0 1
0.0454812 -0.0186543 920 -0.00089266 0.0257716 10.556 34.429 -13 460 0 0 1
-0.0095367 0.0480717 920 -0.0106389 -0.0175899 13.4423 50.7517 -13 461 0 0 1
-0.014844 -0.0126429 920 -0.0230752 -0.0812396 13.5682 50.5722 -13 462 0 0 1
0.416359 0.94057 920 -0.0576919 0.0197659 0.0907631 49.6602 11 462 1001 0 1
0.137828 -0.124715 920 -0.00302247 -0.0451613 7.6258 55.0506 -13 463 0 0 1
-0.429879 0.536732 920 0.265621 0.25718 3.40158 113.07 -13 464 0 0 1
-0.281573 -0.0282059 920 0.0183602 0.174696 9.87265 39.0641 -13 465 0 0 1
-0.174984 0.093521 920 -0.0450645 -0.0576326 7.33353 46.2578 -13 466 0 0 1
-0.158534 -0.0290816 920 0.0710541 0.0698427 14.0368 27.0256 -13 467 0 0 1
-1.19999 -3.98514 920 0.00399514 0.00243442 0.0446277 41.7167 11 467 1001 0 1
0.0459517 -0.0342459 920 -0.0486913 0.0336859 8.78229 47.9529 -13 468 0 0 1
0.206958 -0.488154 920 0.0236079 0.0474487 4.63615 84.7192 -13 469 0 0 1
0.393649 -0.131889 920 -0.0730059 -0.198511 6.30505 53.9095 -13 470 0 0 1
0.0786886 -0.00990526 920 -0.0235395 0.00186639 9.93806 53.4883 -13 472 0 0 1
-0.329569 0.00572117 920 0.00746608 -0.0133098 0.0833469 45.4729 11 472 1001 0 1
0.25711 -0.945805 920 -0.221152 -0.0902635 5.17114 62.745 -13 473 0 0 1
3.27783 -5.15643 920 0.00976339 -0.00348818 0.0393995 60.9623 11 473 1001 0 1
-0.183873 0.0680641 920 0.0352542 -0.0887406 8.20805 55.2988 -13 474 0 0 1
0.0855403 -0.0581148 920 -0.0293652 -0.0451487 11.7743 38.5386 -13 475 0 0 1
-0.142231 -0.0757409 920 -0.0494287 0.10456 7.79493 43.0961 -13 476 0 0 1
0.0334893 0.104432 920 0.0255178 0.024871 9.46619 51.0155 -13 477 0 0 1
-0.205634 -0.158997 920 -0.00101226 0.12381 9.72892 36.9225 -13 478 0 0 1
-0.663449 0.157754 920 0.0861019 0.03403 5.22275 63.7424 -13 479 0 0 1
-0.000596086 -0.254039 920 0.00650456 -0.0174224 10.6907 48.1503 -13 480 0 0 1
-0.149038 0.449732 920 0.202961 0.0775982 8.93816 51.2611 -13 481 0 0 1
0.305378 0.0950423 920 0.0838898 -0.0658667 6.41407 79.4096 -13 482 0 0 1
-0.00200345 -0.0169888 920 -0.00824439 -0.0301403 14.039 52.9397 -13 483 0 0 1
-0.0346196 -0.252046 920 -0.137472 0.067977 7.39919 58.201 -13 484 0 0 1
0.0442803 -0.133592 920 -0.0589515 -0.0458113 11.3162 32.9124 -13 485 0 0 1
-0.471376 -0.293311 920 -0.126245 0.043619 7.26421 52.7503 -13 486 0 0 1
-0.01415 0.151167 920 0.0484931 0.000195788 13.0033 43.7926 -13 487 0 0 1
0.92282 -0.228772 920 -0.0218926 -0.270167 5.14141 81.9826 -13 488 0 0 1
-0.0564796 0.159093 920 0.0566728 0.0115377 13.8787 28.8844 -13 489 0 0 1
-0.828466 0.135993 920 0.0861714 -0.048314 3.37299 90.2269 -13 490 0 0 1
-0.395428 0.0365027 920 0.0292003 0.126061 7.4726 68.4464 -13 491 0 0 1
2.25449 1.61291 920 -0.00739837 -0.0275726 0.0479976 63.128 11 491 1001 0 1
-0.108888 0.122946 920 0.0407548 0.000667816 13.9263 28.2087 -13 492 0 0 1
-0.152177 -0.0506772 920 -0.0397139 -0.0116948 12.4228 51.6346 -13 493 0 0 1
0.0367166 0.128237 920 0.0277827 -0.0436933 12.9538 49.2851 -13 494 0 0 1
0.0891537 0.0709787 920 -0.000774203 -0.0520701 14.4435 24.5666 -13 495 0 0 1
0.0795323 0.0706657 920 0.118759 -0.0836922 10.7083 38.0216 -13 496 0 0 1
-0.0667109 0.0818179 920 0.0220433 -0.0301098 14.0472 24.8727 -13 497 0 0 1
0.0255988 0.0478561 920 0.0100485 0.0277522 13.5399 41.0368 -13 498 0 0 1
-1.84355 0.660973 920 0.0197419 0.010287 0.129503 30.2852 11 498 1002 0 1
-0.11927 -0.40443 920 -0.157485 0.0290086 11.9369 43.5903 -13 499 0 0 1
-0.0631354 0.18942 920 0.0198791 0.0841531 12.6443 39.6562 -13 500 0 0 1
0.0758214 0.0677108 920 0.0103409 -0.0335847 10.8623 40.7457 -13 501 0 0 1
-0.137454 -0.0668903 920 -0.0192095 0.00914839 14.4261 28.4221 -13 502 0 0 1
0.0627134 -0.111158 920 0.0226202 0.0134502 10.2137 38.2158 -13 503 0 0 1
-0.000396567 0.0941853 920 0.0585062 -0.0452907 11.1625 46.6643 -13 504 0 0 1
-2.26763 -0.311345 920 0.0514222 0.382658 2.82974 111.673 -13 505 0 0 1
-0.268411 -0.308657 920 0.0113405 0.0554653 8.62292 46.0813 -13 506 0 0 1
0.118809 0.069412 920 0.0676145 -0.0565505 12.4489 38.5899 -13 507 0 0 1
-0.0121172 0.0203058 920 0.0674698 -0.00983437 11.3825 54.6402 -13 508 0 0 1
0.214333 -0.0642214 920 -0.0612627 -0.048569 8.12947 60.8176 -13 509 0 0 1
0.158737 0.0482784 920 0.114711 -0.19468 10.4918 41.4451 -13 510 0 0 1
-0.0544692 0.0778396 920 0.0233213 0.014779 10.4134 34.9068 -13 511 0 0 1
-0.0414435 -0.169298 920 -0.0588294 -0.0694007 12.8455 43.8267 -13 512 0 0 1
-2.02758 -1.47222 920 0.0400234 0.0330211 0.0305892 45.9161 11 512 1001 0 1
-2.38345 -5.74121 920 -0.00607894 0.0160831 -0.045535 53.2051 11 512 1001 0 1
0.0203033 0.103836 920 0.0113003 -0.00753062 13.3249 25.7932 -13 513 0 0 1
-0.313171 -0.0044315 920 0.134977 0.158147 7.89822 47.126 -13 514 0 0 1
0.0632696 0.0998472 920 0.0130425 -0.0216875 10.1904 56.1792 -13 515 0 0 1
0.134506 -0.250332 920 -0.0443436 -0.0494032 3.5232 93.1023 -13 516 0 0 1
0.107497 0.281427 920 0.0744469 0.00114831 8.12006 43.3117 -13 517 0 0 1
3.00977 -0.35662 920 0.0176955 0.0199209 0.0340508 44.5703 11 517 1001 0 1
-0.323724 -0.978252 920 -0.198853 0.300245 12.352 32.0569 -13 518 0 0 1
0.228985 -0.135442 920 0.0341525 -0.0739625 11.6388 47.2941 -13 519 0 0 1
0.0174333 -0.0357201 920 -0.0180575 0.00495918 11.6134 45.7664 -13 520 0 0 1
0.0067408 -0.0991516 920 -0.0223319 0.0143 12.9349 37.2585 -13 522 0 0 1
-0.067982 -0.0978767 920 -0.0264029 0.0226118 13.5709 40.6282 -13 523 0 0 1
0.188172 -0.102809 920 -0.0296709 0.248933 3.32828 112.014 -13 524 0 0 1
0.223798 -0.204228 920 -0.0825536 -0.0205475 9.68344 41.2751 -13 525 0 0 1
0.0573902 0.0111942 920 0.0348801 -0.0421156 11.6753 48.1535 -13 526 0 0 1
3.76353 -1.95754 920 0.240639 -0.261216 1.96255 139.082 -13 527 0 0 1
-0.0245372 -0.198132 920 -0.0524463 -0.0540948 12.4263 42.788 -13 528 0 0 1
-1.3052 -1.93591 920 0.0525736 -0.00197181 0.0323032 46.0006 11 528 1001 0 1
-0.00270273 -0.0688543 920 -0.0841899 -0.00302341 11.2589 52.346 -13 529 0 0 1
-0.0504906 -0.0767855 920 0.0157708 -0.00554682 8.26053 62.3351 -13 530 0 0 1
0.143564 -0.00213963 920 -0.055148 -0.0353475 12.9448 39.4602 -13 531 0 0 1
0.546755 0.741075 920 0.137916 -0.283388 13.7225 53.3589 -13 532 0 0 1
0.231756 -0.0673224 920 -0.0183219 -0.0521243 0.104213 47.7073 11 532 1001 0 1
-0.128954 0.465498 920 0.190019 -0.0591718 9.03693 59.4815 -13 533 0 0 1
-0.213798 -0.00183215 920 -0.0482885 0.0600745 9.13063 59.4374 -13 534 0 0 1
-0.0950293 -0.086492 920 -0.0246808 0.0503116 9.82096 36.3308 -13 535 0 0 1
-0.0196274 0.0411602 920 -0.0389418 0.0249326 13.0267 34.747 -13 536 0 0 1
0.730785 0.207631 920 -0.32086 0.110279 4.12039 88.7723 -13 537 0 0 1
0.0609173 0.182525 920 0.0243487 -0.0465935 14.4135 41.3532 -13 538 0 0 1
0.344997 0.312788 920 -0.0382309 0.00417203 0.0575709 52.5635 11 538 1001 0 1
-0.131758 0.166044 920 0.0411576 0.0801175 11.2305 35.1836 -13 539 0 0 1
0.456852 -10.0354 920 -0.012555 0.0266624 0.0367893 36.4912 11 539 1002 0 1
-0.100038 -0.0449769 920 -0.0234414 0.0336829 11.2254 55.0822 -13 540 0 0 1
-0.0282525 0.127063 920 0.0264215 0.0344494 7.25734 66.5814 -13 541 0 0 1
-0.285932 0.27056 920 0.134711 -0.00514734 12.7822 29.7986 -13 542 0 0 1
-0.158143 0.30599 920 0.115588 0.117466 8.46271 51.4051 -13 543 0 0 1
0.00123682 -0.121403 920 0.0579074 0.0237748 13.7241 52.2132 -13 544 0 0 1
-0.335957 0.0744244 920 0.256817 0.164704 4.67032 92.9238 -13 545 0 0 1
0.0576387 -0.109494 920 -0.0269178 0.00583823 6.57694 69.017 -13 546 0 0 1
0.0652505 0.00233676 920 -0.00492228 -0.00987573 10.6281 50.6224 -13 547 0 0 1
1.60148 0.682145 920 0.0087225 -0.0125247 0.0368145 51.178 11 547 1001 0 1
-0.147878 0.0698157 920 0.0314386 0.0276637 9.82703 52.6566 -13 548 0 0 1
0.0904363 -0.0193323 920 -0.0457773 0.00877984 9.58991 59.9831 -13 549 0 0 1
-0.0331022 -0.129356 920 -0.153177 0.0193675 8.52689 54.9273 -13 550 0 0 1
-0.00726776 0.100669 920 0.0153802 -0.0134375 10.5519 37.055 -13 551 0 0 1
0.139426 -0.0122246 920 -0.0409038 -0.0967631 11.3016 39.3957 -13 552 0 0 1
0.154018 -0.0352595 920 -0.011538 -0.15779 7.86584 53.3623 -13 553 0 0 1
-0.305826 -0.0144443 920 0.0373699 0.0160104 4.60248 68.24 -13 554 0 0 1
0.227586 -0.044412 920 0.0901961 -0.010556 7.91048 68.741 -13 555 0 0 1
0.347996 -0.350027 920 0.0397889 -0.112773 5.86004 74.8017 -13 556 0 0 1
0.0579871 0.0141218 920 -0.0100762 -0.0339157 13.5551 31.0354 -13 557 0 0 1
-0.135508 -0.0603142 920 -0.0699514 0.00806714 10.9176 58.5194 -13 559 0 0 1
-0.0801153 0.0595182 920 0.0186472 0.0118285 13.5885 25.2639 -13 560 0 0 1
0.36225 0.233546 920 0.0212212 -0.138615 4.99514 89.6939 -13 561 0 0 1
0.0504641 -0.0947014 920 -0.0278748 -0.0689604 11.0287 33.6302 -13 562 0 0 1
-0.00555779 -0.207563 920 -0.0446051 -0.00739398 12.086 42.7605 -13 563 0 0 1
0.00774152 -0.245154 920 -0.070432 0.0513972 10.5396 59.5022 -13 564 0 0 1
-0.0241974 0.116293 920 0.0549279 0.0136325 14.2157 28.8457 -13 565 0 0 1
0.116053 0.153453 920 0.087005 0.0160293 9.36893 46.8679 -13 566 0 0 1
0.0865006 -0.0564832 920 -0.031288 -0.0403891 10.5389 42.8841 -13 567 0 0 1
-1.05639 -0.735862 920 -0.369978 0.209868 11.8404 54.0024 -13 568 0 0 1
0.101612 0.0689638 920 0.0927129 -0.0289578 13.5324 35.7773 -13 569 0 0 1
-0.106144 0.141923 920 0.0703009 0.0312752 11.0639 55.5889 -13 570 0 0 1
0.0793508 0.0978937 920 0.130357 -0.0933892 12.6179 39.7402 -13 571 0 0 1
0.159446 -0.126506 920 -0.0745407 0.0146144 9.81422 45.798 -13 572 0 0 1
-0.159045 -0.209004 920 -0.0112889 0.0855384 6.47398 62.6803 -13 573 0 0 1
-0.030412 -0.026883 920 0.00378469 -0.0504102 13.7325 32.9632 -13 574 0 0 1
0.643562 0.121144 920 0.0400193 -0.217422 6.97035 65.1229 -13 575 0 0 1
0.165848 0.167744 920 0.0503943 -0.0831408 10.5908 50.232 -13 576 0 0 1
0.101237 0.0512297 920 0.0235547 -0.0201026 13.377 27.4968 -13 577 0 0 1
0.220314 -0.129164 920 0.145106 0.139751 8.31954 50.5107 -13 578 0 0 1
0.038212 0.0717263 920 -0.00735139 0.0372125 13.9455 39.9301 -13 579 0 0 1
0.0737784 -0.00877596 920 0.0282226 -0.00344142 12.7077 33.8829 -13 580 0 0 1
-0.709428 -3.30252 920 -0.0129358 0.0458285 0.030146 38.3035 11 580 1001 0 1
-0.0346152 0.0887487 920 0.0614053 0.00331147 11.058 57.8425 -13 581 0 0 1
0.0792742 0.132328 920 0.0386952 -0.0157931 8.86574 49.4011 -13 582 0 0 1
0.0422783 -0.235033 920 -0.117602 -0.0763819 7.6434 49.6572 -13 583 0 0 1
0.0551112 -0.0312576 920 0.0514789 -0.0728732 13.9678 50.2771 -13 584 0 0 1
0.0239824 0.0894831 920 0.110406 -0.0551059 11.203 37.5371 -13 585 0 0 1
-0.192652 0.0802052 920 0.0767418 0.000336659 9.3413 60.0652 -13 586 0 0 1
0.0220485 -0.077389 920 -0.000451565 0.0152184 13.7487 43.559 -13 587 0 0 1
0.00968054 0.242858 920 0.0342905 -0.0160309 9.56232 44.0502 -13 588 0 0 1
0.128932 0.150774 920 0.0650049 -0.0549814 13.2444 37.3817 -13 589 0 0 1
0.158118 0.571127 920 0.0651235 -0.147036 9.05117 47.9604 -13 591 0 0 1
1.29845 -0.422895 920 -0.00457216 -0.00990857 0.0527118 46.6667 11 591 1001 0 1
0.130464 -0.0183711 920 0.0394821 -0.144154 8.20052 52.4285 -13 592 0 0 1
9.05432 3.26764 920 0.0184955 -0.011245 0.0267054 53.1081 11 592 1001 0 1
-0.0156763 -0.309471 920 -0.0530801 0.0390549 5.67888 83.3931 -13 593 0 0 1
-0.00389504 0.0815179 920 -0.0104456 -0.010524 10.7159 60.0013 -13 594 0 0 1
0.175582 -0.0034061 920 -0.0558429 -0.173289 9.9712 47.6042 -13 595 0 0 1
0.089441 0.188796 920 -0.042086 -0.0474534 8.07474 57.2681 -13 596 0 0 1
0.179511 -0.301608 920 -0.0595132 -0.0745054 10.3943 43.4884 -13 597 0 0 1
0.196852 0.633878 920 0.103259 -0.201751 5.73607 63.0012 -13 599 0 0 1
-0.153159 -0.0340932 920 -0.0365064 0.128584 12.5347 44.4095 -13 601 0 0 1
0.0128127 -0.367575 920 -0.0852773 -0.0490854 6.81196 69.4621 -13 602 0 0 1
0.148109 0.0359027 920 -0.0368378 -0.0154675 9.10989 58.0758 -13 603 0 0 1
1.71415 -1.13971 920 0.00884373 0.0387207 0.0653224 55.8576 11 603 1001 0 1
-8.7045 3.88685 920 -0.0129145 0.00952037 0.0699935 47.231 11 603 1002 0 1
0.440865 -0.0407298 920 -0.0765791 -0.150856 7.44442 56.5389 -13 604 0 0 1
0.221949 0.105104 920 0.0301134 -0.0595267 4.39388 77.0589 -13 605 0 0 1
0.0916339 0.245907 920 0.0473747 -0.0518306 12.339 43.2058 -13 606 0 0 1
0.319335 -0.124596 920 0.00289158 0.0136196 0.106332 36.7736 11 606 1001 0 1
-0.114239 -0.0738617 920 0.071759 -0.00785684 11.8628 33.5532 -13 607 0 0 1
-0.125022 -0.306384 920 -0.135932 0.0242005 12.9125 40.4655 -13 608 0 0 1
-0.0165077 -0.0471955 920 -0.0430753 0.0253676 11.8548 32.7489 -13 609 0 0 1
0.189419 0.1431 920 -0.000810634 -0.0333686 8.78162 44.5772 -13 610 0 0 1
0.0333108 0.108694 920 0.0135319 0.023143 10.2962 36.8609 -13 611 0 0 1
0.0516577 -0.0400897 920 -0.0341847 -0.0323787 7.78696 53.7008 -13 612 0 0 1
-0.0355524 0.0201601 920 0.0211272 0.00385776 12.4583 41.0186 -13 613 0 0 1
0.0143111 0.0757348 920 0.0666461 -0.0830781 12.103 29.5858 -13 614 0 0 1
0.35031 0.501788 920 -0.0859216 -0.055953 3.32209 104.467 -13 615 0 0 1
0.499936 0.595555 920 -0.0937257 0.219212 3.48884 109.279 -13 616 0 0 1
-0.269778 -0.00780984 920 0.0543569 0.101667 10.7539 47.5341 -13 617 0 0 1
0.0591164 -0.17991 920 -0.0593491 -0.0543612 8.05071 60.2763 -13 618 0 0 1
0.443555 -0.0707177 920 0.127446 0.174144 4.58042 89.5436 -13 619 0 0 1
-0.0707587 0.0276332 920 0.0194091 -0.0136456 12.3456 46.3846 -13 620 0 0 1
0.117873 0.214239 920 0.113459 -0.17799 4.98987 65.7028 -13 621 0 0 1
0.0844948 -0.00262405 920 0.00971113 -0.0500754 11.1306 57.626 -13 622 0 0 1
0.0948976 0.0753463 920 -0.0195727 -0.0108492 9.67167 48.0934 -13 623 0 0 1
-0.081159 -0.102788 920 -0.0621997 0.0512233 14.1692 24.6805 -13 624 0 0 1
0.0671899 0.0143218 920 0.0276963 0.0410686 9.10085 51.9193 -13 625 0 0 1
0.381082 0.0878649 920 -0.0668121 -0.122353 5.93809 62.2509 -13 626 0 0 1
0.0553881 0.122823 920 -0.090849 0.0100288 9.30937 52.7939 -13 627 0 0 1
0.0449303 0.19418 920 0.0495018 -0.0441194 10.4298 37.7736 -13 629 0 0 1
-0.112412 -0.0074922 920 0.00746867 0.0307542 11.7541 55.5659 -13 630 0 0 1
-0.173288 0.0334659 920 0.0175771 0.0870486 8.81493 64.7542 -13 631 0 0 1
0.0505807 0.110719 920 0.0401149 -0.00316984 14.0593 35.8538 -13 632 0 0 1
0.0938635 0.0989479 920 -0.00161198 0.00870608 8.27568 47.7358 -13 633 0 0 1
-0.577421 -0.159419 920 -0.119083 0.140346 4.57687 70.8436 -13 634 0 0 1
-0.0805708 -0.0815002 920 -0.0559095 0.0869637 8.00135 58.0975 -13 635 0 0 1
0.0646524 0.0225004 920 -0.0518682 -0.0482638 14.0826 30.8572 -13 636 0 0 1
-0.293879 0.0828894 920 0.0256682 -0.0690119 7.89575 63.0818 -13 637 0 0 1
-0.173797 0.394044 920 0.111834 0.0535155 12.6865 41.9546 -13 638 0 0 1
0.133311 0.539537 920 0.192647 0.0549859 13.9786 29.2063 -13 639 0 0 1
0.0445545 0.123463 920 -0.0127511 -0.000737044 10.7996 31.5107 -13 640 0 0 1
-0.242325 0.156218 920 -0.0850014 0.272956 4.0218 84.1827 -13 641 0 0 1
0.0965725 -0.140047 920 -0.078468 0.130208 7.0772 68.728 -13 642 0 0 1
0.842612 -1.03381 920 -0.0312684 -0.00918403 0.032276 68.6738 11 642 1001 0 1
0.0199293 0.0649252 920 0.000898085 -0.0218187 11.0476 30.5068 -13 643 0 0 1
0.128606 -0.262006 920 -0.0623179 -0.0692067 13.7266 42.6448 -13 644 0 0 1
0.139554 -0.13478 920 -0.038464 0.00101478 9.65143 36.2755 -13 645 0 0 1
-0.0257776 -0.022578 920 0.0254014 -0.021314 13.7382 41.0988 -13 646 0 0 1
0.809076 0.360795 920 0.321746 -0.254768 5.72032 82.1811 -13 647 0 0 1
-0.399178 1.01698 920 0.276737 0.132062 3.6076 94.2615 -13 648 0 0 1
0.243769 -0.468553 920 -0.2115 -0.00273506 6.14251 62.474 -13 649 0 0 1
-0.0185209 -0.173061 920 -0.0400773 -0.0437864 13.525 28.6424 -13 650 0 0 1
0.366545 0.761151 920 0.080976 -0.158599 10.0594 45.6847 -13 651 0 0 1
0.246427 0.0234937 920 0.0373289 -0.066042 10.4202 57.6066 -13 652 0 0 1
0.0953836 -0.188047 920 -0.0871973 -0.0500526 11.8695 45.3178 -13 653 0 0 1
2.10359 3.01158 920 -0.0518858 0.0106802 0.0588958 44.8945 11 653 1001 0 1
-0.101516 -0.0457199 920 -0.0511289 0.0325642 12.2746 39.2747 -13 654 0 0 1
0.0745809 -0.0789681 920 -0.0312724 -0.0169848 14.3529 45.3662 -13 655 0 0 1
0.0897779 0.0296328 920 -0.0228207 -0.0319361 9.54226 50.5038 -13 656 0 0 1
1.56136 0.277712 920 -0.0112292 0.0374363 0.0155952 51.0411 11 656 1001 0 1
-0.0752761 -0.0457368 920 0.0458797 -0.0839057 7.91451 63.0469 -13 657 0 0 1
0.504081 0.0239138 920 -0.0465222 -0.0488002 4.65766 82.5719 -13 658 0 0 1
1.07588 2.63095 920 -7.12729e-05 0.00705071 0.0426194 81.719 11 658 1001 0 1
-0.156633 -0.0660489 920 -0.0167675 0.0445052 14.4481 36.8501 -13 659 0 0 1
0.725249 0.511518 920 0.163398 -0.161826 11.6618 50.709 -13 660 0 0 1
0.112019 0.24787 920 0.125906 0.00315535 10.6017 47.0459 -13 661 0 0 1
-0.0604056 -0.0493321 920 0.00953765 0.00331889 12.1174 38.6766 -13 662 0 0 1
0.165782 0.129385 920 0.0119294 -0.121443 9.50944 63.7036 -13 663 0 0 1
-0.0954727 0.129906 920 0.0132082 -0.188919 8.12848 69.262 -13 664 0 0 1
-0.00536045 -0.00555845 920 0.0177816 -0.0153507 11.3206 31.1195 -13 665 0 0 1
0.126149 0.0378236 920 -0.0242708 -0.000923091 11.7687 42.6882 -13 666 0 0 1
-0.0319358 0.117842 920 0.0219758 0.00137753 13.0751 38.1506 -13 667 0 0 1
3.57756 -0.78267 920 0.0493653 -1.00828 6.43176 60.0364 -13 668 0 0 1
-0.0559672 -0.0772811 920 -0.0407768 -0.0158916 9.54934 52.1736 -13 669 0 0 1
-0.0943052 0.260688 920 0.0483405 0.0238193 13.5597 41.6586 -13 670 0 0 1
-0.143745 -0.0666175 920 -0.0281112 0.0861679 13.1349 44.931 -13 671 0 0 1
0.143104 0.309148 920 0.0860484 -0.0238873 3.47076 99.5756 -13 673 0 0 1
-0.214533 0.137312 920 0.0636442 0.0157953 12.5224 55.6901 -13 674 0 0 1
0.140775 -1.06382 920 -0.272514 -0.575514 7.00522 53.9811 -13 675 0 0 1
0.151533 0.210579 920 0.0621095 -0.0999755 12.8742 51.7465 -13 676 0 0 1
-0.0370279 -0.0118087 920 0.0267027 -0.0334103 11.8112 34.7366 -13 677 0 0 1
-0.118227 -0.0912111 920 0.00982914 0.00844826 9.34037 50.8205 -13 678 0 0 1
0.210714 -0.12867 920 -0.0930773 0.0162079 8.04684 53.2691 -13 679 0 0 1
-0.258124 0.184375 920 0.0575625 0.0664064 9.20728 54.1761 -13 680 0 0 1
-0.12421 -0.0227404 920 -0.0165909 0.0454442 14.0615 26.3623 -13 681 0 0 1
-0.0116223 0.034076 920 -0.0230625 -0.000479592 13.2344 26.1349 -13 682 0 0 1
0.170399 0.079486 920 0.0346125 -0.0285478 12.9901 50.4245 -13 683 0 0 1
0.338517 0.824245 920 0.31139 0.187772 8.58354 54.595 -13 684 0 0 1
-0.283251 0.302763 920 0.0342447 0.0834169 7.96643 48.2979 -13 685 0 0 1
-0.0660936 0.168934 920 0.0259906 0.0147558 11.5451 55.6492 -13 686 0 0 1
-0.202403 -0.0290411 920 -0.0979245 0.153729 8.98251 43.0089 -13 687 0 0 1
0.0757621 0.206131 920 0.0456583 -0.0196669 12.8294 48.7345 -13 688 0 0 1
-0.0148257 0.77369 920 0.185975 0.183574 9.75335 56.0747 -13 689 0 0 1
4.2728 -4.15721 920 0.000130668 0.00616562 0.0511217 51.7841 11 689 1002 0 1
-0.756561 -0.13842 920 0.023297 0.380176 5.02177 82.3209 -13 690 0 0 1
0.0700543 -0.108775 920 -0.105611 -0.0456617 12.2753 43.9472 -13 691 0 0 1
-0.149956 -0.0179177 920 -0.0499062 0.00516517 7.34311 45.8947 -13 692 0 0 1
-0.121341 -0.00953505 920 -0.0943619 0.0109343 12.7489 46.7697 -13 693 0 0 1
-0.191413 0.117886 920 -0.000711703 -0.0223077 3.42555 96.103 -13 694 0 0 1
-0.206368 0.0398123 920 -0.0298181 -0.0669343 7.24147 55.6349 -13 695 0 0 1
-0.260835 0.292854 920 0.0261869 0.00879931 0.0201274 55.7694 11 695 1001 0 1
-0.483955 -3.84402 920 -0.0140733 0.0215703 0.0224443 56.8939 11 695 1002 0 1
-0.226206 0.307512 920 0.0507173 0.0727533 6.44839 63.1365 -13 696 0 0 1
2.00472 0.025536 920 -0.000525314 0.0113484 0.0462983 61.614 11 696 1001 0 1
-0.0787901 -0.116735 920 -0.0265406 0.0417809 9.98358 51.3801 -13 697 0 0 1
0.107785 -0.102732 920 -0.0863029 0.0109988 8.68788 45.5082 -13 698 0 0 1
0.0644136 0.0218423 920 0.000773172 -0.0320758 13.336 48.5734 -13 699 0 0 1
0.647328 -1.27635 920 -0.347208 -0.435025 8.71217 47.9345 -13 700 0 0 1
0.120816 -0.214308 920 0.0136116 -0.0709797 8.97501 38.4889 -13 701 0 0 1
-0.103244 0.505904 920 0.0783952 0.0628752 12.2807 52.2482 -13 702 0 0 1
-0.359339 0.266495 920 -0.0146611 0.140121 12.0468 49.6399 -13 703 0 0 1
-0.154561 0.0984924 920 0.0463277 0.0712112 9.37422 43.7168 -13 704 0 0 1
-0.0552152 -0.251067 920 -0.0615418 -0.0474737 10.0638 39.2724 -13 705 0 0 1
-0.0608744 0.0339763 920 -0.0734199 -0.100264 9.55513 49.8633 -13 706 0 0 1
-0.0813717 0.115725 920 0.0356917 -0.0178187 13.8544 25.3508 -13 707 0 0 1
-0.00341893 0.317431 920 0.0653366 0.00409572 10.5229 49.3529 -13 708 0 0 1
0.755001 -0.143643 920 0.0945458 -0.0184926 2.65552 107.773 -13 709 0 0 1
-0.197237 0.319572 920 0.0217723 -0.211242 7.87508 61.1868 -13 710 0 0 1
-0.160736 0.144707 920 0.0431416 0.0131904 14.1482 25.1246 -13 711 0 0 1
0.151451 -0.00999876 920 0.0200079 -0.0489597 11.594 48.1873 -13 712 0 0 1
0.0520279 -0.174674 920 0.0421601 0.0704685 6.32538 73.1139 -13 713 0 0 1
0.0846008 -0.0350542 920 0.00589135 -0.0359442 14.0313 44.7945 -13 714 0 0 1
0.0104332 -0.0300986 920 0.00399429 0.0239177 12.3483 56.1027 -13 715 0 0 1
0.563324 -1.33457 920 -0.417276 -0.207781 13.1024 45.8787 -13 716 0 0 1
0.0286488 -0.0517474 920 -0.0113338 0.00321862 10.5778 46.4332 -13 717 0 0 1
-0.0202353 -0.221764 920 -0.0372003 -0.0795751 8.63622 45.8595 -13 718 0 0 1
-0.14251 -0.385782 920 -0.131023 0.01448 10.5901 39.6639 -13 719 0 0 1
-0.188118 0.0477075 920 -0.0369838 0.0890843 11.2534 57.882 -13 720 0 0 1
0.094136 0.0624126 920 -0.0874517 -0.186444 9.64034 59.7726 -13 721 0 0 1
0.255581 0.527321 920 0.0830837 -0.197872 5.12333 73.076 -13 722 0 0 1
0.164774 0.13736 920 0.0809589 0.00776154 8.52178 41.8458 -13 723 0 0 1
-0.0166049 -0.608741 920 -0.260091 -0.014614 4.58627 89.001 -13 724 0 0 1
0.548848 -0.0359005 920 0.00674177 0.0144954 0.0386157 88.2157 11 724 1001 0 1
-1.1247 0.282751 920 -0.185807 0.395915 9.55971 46.0668 -13 725 0 0 1
0.0505543 -0.103252 920 -0.0591573 0.021844 13.5957 39.8152 -13 726 0 0 1
0.148298 0.184374 920 0.081588 -0.0139444 14.1134 28.4359 -13 727 0 0 1
-0.0541312 -0.104994 920 -0.111806 -0.0692052 5.2345 71.0848 -13 729 0 0 1
-0.205177 -0.0250965 920 -0.077265 0.0622654 11.1856 36.717 -13 730 0 0 1
0.0236415 -0.0159887 920 -0.0660655 0.0174139 10.9032 33.1683 -13 731 0 0 1
0.225514 -0.0156917 920 0.134985 0.0599077 4.43076 81.0272 -13 733 0 0 1
-1.60081 3.02404 920 0.00622004 -0.00361261 0.039516 80.2564 11 733 1001 0 1
0.508446 0.0595991 920 -0.00290808 -0.158003 7.78334 45.7671 -13 734 0 0 1
-0.0808908 0.204162 920 0.0988857 0.0192005 10.9525 46.8053 -13 735 0 0 1
0.0344698 0.158646 920 0.0764024 0.0639401 10.9733 39.7235 -13 736 0 0 1
-0.19225 -0.155317 920 -0.0922505 0.0064524 8.16506 60.2479 -13 737 0 0 1
0.143761 0.29703 920 0.0738408 0.0225651 8.31976 62.2087 -13 738 0 0 1
0.116205 0.00764269 920 0.0599958 -0.0538638 11.8697 48.4661 -13 739 0 0 1
-0.0789152 -0.091921 920 -0.0717705 -0.0352969 13.0241 49.1014 -13 740 0 0 1
-0.0997408 0.152394 920 0.0908962 0.0871343 8.67275 57.2649 -13 741 0 0 1
0.358341 -0.0164084 920 0.49364 0.0292088 4.04468 99.9197 -13 742 0 0 1
0.0072072 0.26371 920 0.0698202 0.0401649 8.25343 41.2741 -13 743 0 0 1
3.38945 -2.16789 920 0.0689876 -0.0494 0.462906 150.45 -13 744 0 0 1
-0.0799559 -0.00831581 920 -0.00262632 0.0287624 11.4843 43.5113 -13 745 0 0 1
-0.100753 0.123852 920 0.0334839 0.0743584 8.44668 64.4148 -13 746 0 0 1
2.62551 3.94925 920 -0.012336 -0.0171849 0.0709183 58.7966 11 746 1001 0 1
-0.137852 0.0660453 920 0.00564555 0.0142543 11.8282 50.7486 -13 747 0 0 1
0.0785032 -0.13829 920 -0.00906003 0.0151241 10.5328 48.3189 -13 748 0 0 1
-0.0442814 -0.173193 920 -0.0319591 0.0161525 12.1049 28.8214 -13 749 0 0 1
-0.0724931 -0.0460555 920 0.0112969 -0.0427225 10.3512 53.4805 -13 750 0 0 1
-0.201225 0.0277951 920 -0.037362 0.125702 11.0442 53.9848 -13 751 0 0 1
-3.2712 1.63328 920 0.00837662 0.0191448 0.0530415 55.2856 11 751 1002 0 1
-0.0470802 0.0532358 920 -0.0877265 0.0450301 6.44905 54.4455 -13 752 0 0 1
0.181938 -0.0443134 920 0.00245258 -0.0592863 10.7618 33.4224 -13 753 0 0 1
-0.137578 0.0555519 920 0.0263278 0.0365577 8.63347 63.4135 -13 754 0 0 1
0.121384 0.0718876 920 0.0225073 -0.16568 7.85663 48.8559 -13 755 0 0 1
-0.259251 -0.390578 920 0.0841814 -0.360425 5.1444 73.1359 -13 756 0 0 1
-0.0601457 -0.0113957 920 0.0188687 -0.0215097 7.18594 57.8967 -13 757 0 0 1
-0.19283 -0.180787 920 0.0937556 0.0977133 7.83809 44.2644 -13 758 0 0 1
0.0616483 -0.102395 920 -0.00501966 -0.00407484 14.1705 39.0316 -13 759 0 0 1
0.201629 0.0786728 920 0.0480109 -0.0471357 8.02937 61.0671 -13 760 0 0 1
-0.110902 -0.20851 920 -0.0698911 -0.0528764 6.24682 58.1264 -13 761 0 0 1
-0.0632002 0.138494 920 0.0657001 -0.00865699 13.8574 52.3839 -13 762 0 0 1
0.0214317 0.00258684 920 -0.0577882 0.00889192 11.1122 55.8816 -13 763 0 0 1
-0.0850611 0.00947732 920 -0.0435056 -0.0110804 9.81886 44.4717 -13 764 0 0 1
0.10825 0.0151795 920 0.0904952 -0.1324 5.71532 63.5096 -13 765 0 0 1
0.177747 0.0469593 920 0.0829005 -0.0737091 8.49295 43.658 -13 766 0 0 1
0.0697127 0.133963 920 0.043728 -0.0237849 12.5139 55.6259 -13 767 0 0 1
0.406053 -4.05615 920 0.0341218 0.0269805 0.0520547 57.7654 11 767 1002 0 1
-3.59455 -3.43028 920 -0.0205605 -0.0442433 0.0396265 61.6862 11 767 1003 0 1
0.0880605 0.0101642 920 -0.00994837 -0.0106879 12.8466 46.7414 -13 768 0 0 1
0.326099 0.43316 920 0.192744 -0.145641 6.89957 51.5905 -13 769 0 0 1
-0.176092 0.11282 920 0.022428 0.0274676 13.6292 31.2509 -13 770 0 0 1
-0.13393 -0.203971 920 0.0848773 0.0534214 10.8234 36.5948 -13 771 0 0 1
0.120806 -0.302955 920 -0.0439719 -0.031844 14.3213 25.6164 -13 772 0 0 1
-0.145528 0.167784 920 0.0803488 0.0804222 11.4022 33.8994 -13 773 0 0 1
0.113833 -0.156529 920 -0.0704211 -0.00330784 13.3975 28.514 -13 774 0 0 1
0.315346 -0.253407 920 -0.0809727 0.118528 3.23289 91.9956 -13 775 0 0 1
-0.0477197 0.0626211 920 0.0223042 0.0391877 11.7913 39.7269 -13 776 0 0 1
-0.086637 -0.0329261 920 -0.0488757 0.0495402 10.6531 43.5193 -13 777 0 0 1
0.250381 0.435768 920 0.17442 -0.0521742 8.58149 56.9173 -13 778 0 0 1
-0.0095474 -0.11204 920 -0.121783 -0.123566 12.9242 26.3004 -13 779 0 0 1
0.083736 -0.0415361 920 0.157941 -0.10168 9.56233 39.0222 -13 780 0 0 1
-0.0469217 0.26266 920 0.179187 -0.214732 11.5315 33.0843 -13 781 0 0 1
0.969788 2.94854 920 -0.00428562 0.0649066 0.0400337 44.5458 11 781 1001 0 1
-0.0184877 -0.0955546 920 -0.0148591 0.000661545 10.0405 36.3141 -13 782 0 0 1
0.0945667 -0.0992649 920 0.0111956 -0.0914457 6.89358 63.8148 -13 783 0 0 1
0.456004 -0.243735 920 0.0669696 -0.119049 6.79599 50.5115 -13 784 0 0 1
-0.82184 -0.369862 920 -0.306685 0.0984246 4.62426 80.7278 -13 785 0 0 1
-0.592972 -0.462743 920 0.00579202 0.00575873 0.044025 80.6472 11 785 1001 0 1
0.0202606 0.0337839 920 0.0161671 -0.0146291 9.54783 53.4157 -13 786 0 0 1
-0.170729 -0.0362308 920 -0.02359 0.0497107 8.86822 53.795 -13 787 0 0 1
-0.330531 -0.190826 920 -0.0255451 0.0240042 12.3225 45.1831 -13 788 0 0 1
-0.127563 0.0868502 920 -0.0405366 0.0451028 14.1577 38.7436 -13 789 0 0 1
-0.0407919 0.0956143 920 0.050864 -0.0442958 9.91637 60.2168 -13 790 0 0 1
-0.486229 0.208112 920 -0.0541521 0.112382 4.71246 91.3084 -13 791 0 0 1
0.339223 0.0233908 920 -0.00728193 -0.176315 11.7598 56.4203 -13 792 0 0 1
0.0579321 0.150798 920 0.0495494 -0.00955146 11.4004 46.0394 -13 793 0 0 1
-0.0663979 0.0967937 920 0.0119563 0.0808929 7.37581 56.5723 -13 794 0 0 1
-0.0273647 -0.540233 920 -0.15783 0.0334897 11.4906 37.3647 -13 795 0 0 1
0.121369 0.0082913 920 0.0098785 -0.0762748 8.85928 59.9491 -13 796 0 0 1
0.174368 0.070359 920 0.0266977 0.00863748 14.0033 48.6179 -13 797 0 0 1
-0.184148 0.0509666 920 -0.0139545 0.0139548 13.679 49.429 -13 798 0 0 1
0.310299 -0.768669 920 0.0353054 -0.0158663 0.033122 51.8737 11 798 1001 0 1
0.00894957 0.152198 920 0.0726565 -0.0370763 9.31528 64.6102 -13 799 0 0 1
-0.0535262 -0.0438953 920 -0.0238755 0.0062623 13.5462 27.025 -13 800 0 0 1
-0.164492 -0.0168256 920 0.0916831 0.026901 5.62834 61.8298 -13 801 0 0 1
-0.404491 0.19053 920 0.0475744 0.134726 6.90991 66.6763 -13 803 0 0 1
-0.0014446 0.0179129 920 -0.0422099 0.0121351 12.9938 33.1987 -13 804 0 0 1
-0.0349707 -0.100302 920 -0.0201477 0.0111692 12.5623 53.4127 -13 805 0 0 1
-0.157771 -0.386802 920 0.0346378 0.320377 1.30182 130.508 -13 806 0 0 1
0.128036 0.073614 920 0.0236675 -0.0393779 13.6406 35.0165 -13 807 0 0 1
-0.14834 -0.23127 920 -0.071982 -0.340944 6.93007 56.2686 -13 808 0 0 1
0.583318 2.74223 920 -0.0185229 0.00388939 0.0371992 56.0153 11 808 1001 0 1
-0.0255152 0.0720979 920 0.0124842 0.0348275 14.2946 37.0685 -13 809 0 0 1
0.11346 0.175265 920 0.055549 -0.0333356 10.7795 46.7311 -13 810 0 0 1
0.0363936 0.310559 920 0.11718 -0.0419385 5.56267 60.7477 -13 811 0 0 1
-0.140813 0.0709096 920 0.0472001 0.082692 6.42899 52.3236 -13 812 0 0 1
0.325377 -0.0763992 920 -0.00616077 -0.127922 13.1847 36.0939 -13 813 0 0 1
0.0734674 -0.162008 920 -0.114327 -0.0643017 9.57252 45.2053 -13 814 0 0 1
-0.103292 0.0491018 920 0.00444714 0.0492005 11.631 55.9185 -13 815 0 0 1
-0.157407 0.0430174 920 0.0852725 0.075612 5.93847 59.3255 -13 816 0 0 1
0.0189254 -0.315452 920 -0.190877 -0.0469988 5.05162 86.731 -13 817 0 0 1
0.198756 0.101734 920 0.018475 0.0290093 11.4471 57.8011 -13 818 0 0 1
-0.277174 0.0340401 920 0.0334335 0.0704181 6.04588 79.9979 -13 819 0 0 1
-0.0350534 0.0833701 920 0.0377119 0.0355405 13.3848 31.6896 -13 820 0 0 1
-0.189329 0.216404 920 -0.0826451 0.0595079 8.33891 43.02 -13 821 0 0 1
3.88371 -11.1705 920 0.00681835 0.0146549 0.0493074 36.188 11 821 1002 0 1
0.0714976 0.148993 920 0.0234597 0.052636 11.6747 57.0084 -13 822 0 0 1
-0.0828814 -0.062034 920 0.00175951 0.0113638 12.6051 49.5776 -13 823 0 0 1
0.0764127 0.0125738 920 0.00491456 -0.0234113 14.5524 43.8859 -13 824 0 0 1
-0.0141762 -0.0764973 920 -0.0540522 -0.0119299 14.4386 49.1487 -13 825 0 0 1
-0.147703 0.177087 920 0.0510778 0.0777456 7.52527 56.6874 -13 826 0 0 1
0.850892 1.40102 920 0.114074 -0.377651 3.01226 118.921 -13 827 0 0 1
0.219353 -0.0229449 920 -0.00691151 -0.0260596 8.5904 64.921 -13 828 0 0 1
0.186569 -0.0161859 920 0.0498175 -0.0699133 10.018 59.3534 -13 829 0 0 1
-0.0964435 0.00342791 920 -0.031003 -0.0031634 14.0659 52.787 -13 830 0 0 1
0.82814 -1.32749 920 0.479808 -0.792657 8.30062 46.3467 -13 831 0 0 1
-0.0125046 -0.0661407 920 0.000155024 0.00271261 13.7846 37.8216 -13 832 0 0 1
0.233275 0.0992741 920 -0.0138858 -0.115772 8.9928 65.9005 -13 833 0 0 1
0.246166 -0.0689016 920 -0.0126347 -0.161794 5.03853 86.0256 -13 834 0 0 1
-0.109633 0.327013 920 0.0504504 0.0744708 7.75008 69.9984 -13 835 0 0 1
-0.0915046 0.0717205 920 0.0272389 0.0760879 11.8415 49.7309 -13 836 0 0 1
-0.00211178 -0.00614252 920 0.0568924 -0.104598 10.7952 39.8267 -13 837 0 0 1
0.130826 0.245492 920 0.03303 -0.0403009 12.8226 42.8241 -13 838 0 0 1
0.00130948 0.0352106 920 0.00158778 -0.0665604 11.0618 51.3997 -13 839 0 0 1
-0.0524587 -0.0225575 920 0.0257418 0.0319501 0.0563794 51.4027 11 839 1001 0 1
0.191123 0.0244561 920 0.0112935 0.0381156 9.83473 55.1806 -13 840 0 0 1
-0.141456 -0.642289 920 -0.0390725 0.0543309 5.94545 80.3845 -13 842 0 0 1
-0.103921 -0.232914 920 -0.109364 0.00123181 8.15767 46.9432 -13 843 0 0 1
0.120181 1.05818 920 -0.0105988 -0.0145204 0.0694288 46.3774 11 843 1001 0 1
-0.00819024 -0.677752 920 -0.136551 -0.124426 3.88402 100.322 -13 844 0 0 1
0.45789 0.160665 920 0.0502789 -0.225806 13.4116 33.7978 -13 845 0 0 1
0.36508 0.472498 920 -0.0132569 0.0583567 0.0364556 36.2196 11 845 1001 0 1
0.0355407 0.420983 920 0.0448595 0.0381877 12.2593 43.7663 -13 846 0 0 1
-0.0615037 0.0808033 920 -0.0694349 0.0318216 4.25082 81.2469 -13 847 0 0 1
0.581957 -0.117367 920 -0.00730896 -0.0494936 4.40357 97.3214 -13 848 0 0 1
-0.483615 -1.46742 920 0.0100291 -0.00545345 0.0317098 94.1028 11 848 1001 0 1
-0.324697 0.0728476 920 0.0342708 0.0872116 9.57518 36.7706 -13 849 0 0 1
0.065357 0.0590336 920 0.0510015 -0.0517475 12.3329 49.0396 -13 850 0 0 1
0.111726 0.0079684 920 0.0745616 -0.0937135 8.86571 45.0794 -13 851 0 0 1
0.0969861 -0.68576 920 -0.116221 -0.160752 4.50316 72.3443 -13 853 0 0 1
0.00475002 0.114605 920 0.00314659 0.0441648 11.4309 32.4383 -13 854 0 0 1
0.193639 0.184534 920 0.00204867 -0.049877 11.5346 52.335 -13 855 0 0 1
0.19974 0.186463 920 0.0738776 -0.0536561 14.3112 31.5268 -13 857 0 0 1
-0.465253 0.480194 920 0.0892731 0.126841 10.1529 58.6847 -13 858 0 0 1
-0.0795465 -4.89828 920 0.038321 -0.00164629 0.0494908 59.3202 11 858 1001 0 1
-0.196716 0.0597723 920 -0.0519709 0.0384902 12.917 37.4077 -13 859 0 0 1
-0.0610199 0.12929 920 0.0393178 -0.00292256 13.0331 50.3848 -13 860 0 0 1
0.16425 0.142294 920 0.0293048 -0.0437301 11.1619 32.7445 -13 861 0 0 1
0.116409 -0.131377 920 0.0364249 -0.0823135 5.67783 77.3022 -13 862 0 0 1
-0.409111 0.00403026 920 0.420429 0.0183494 3.49688 90.5343 -13 863 0 0 1
-0.282344 0.283385 920 0.0014552 0.155936 6.79693 61.2815 -13 865 0 0 1
-0.0223106 0.344522 920 0.269211 -0.0115829 5.29919 88.0888 -13 866 0 0 1
0.152807 -0.00829391 920 -0.0466398 -0.0071808 8.27992 49.7515 -13 868 0 0 1
0.0254281 0.292729 920 0.0257337 0.0445047 9.06822 56.8663 -13 869 0 0 1
1.73037 -0.28888 920 -0.00250468 0.019905 0.0674672 53.6856 11 869 1001 0 1
-0.181773 0.161563 920 0.136248 0.0178404 12.3502 42.1005 -13 870 0 0 1
0.0540752 0.183436 920 0.014137 -0.0144729 13.697 46.5663 -13 871 0 0 1
0.116097 -0.820084 920 -0.15325 0.161596 4.9594 83.5015 -13 872 0 0 1
-0.418825 0.0459909 920 0.0912748 0.199526 4.09419 79.3935 -13 873 0 0 1
0.405131 0.181423 920 -0.0578156 -0.22632 4.64719 81.0383 -13 874 0 0 1
0.00363795 0.761521 920 -0.0626212 0.358036 2.59225 101.588 -13 875 0 0 1
-0.109853 0.221049 920 0.0955135 0.0463225 11.7566 39.9014 -13 876 0 0 1
0.0695502 -0.042654 920 0.00717419 0.0121452 9.16934 58.8206 -13 877 0 0 1
-0.0157323 -0.135727 920 -0.0390447 0.0134284 14.2312 49.4812 -13 879 0 0 1
-0.225879 0.0672139 920 0.00355793 0.0506353 12.9246 31.1911 -13 880 0 0 1
-0.000726193 0.188375 920 0.0408853 -0.0109681 14.5192 35.5776 -13 881 0 0 1
0.0531169 0.401581 920 0.111004 0.0115454 6.43938 71.6158 -13 882 0 0 1
-0.0285245 -0.0676084 920 -0.0385512 -0.00815865 6.99295 70.457 -13 883 0 0 1
-0.200053 0.118628 920 0.0156139 -0.0309642 5.49362 74.6963 -13 884 0 0 1
0.218464 -0.0554969 920 -0.0163093 -0.0810971 12.5589 28.1096 -13 885 0 0 1
-0.050363 -0.206568 920 -0.024251 0.00802233 8.43646 45.5699 -13 886 0 0 1
-0.0458036 0.184655 920 0.0845793 -0.0111641 8.45281 39.3687 -13 887 0 0 1
0.0525167 0.158425 920 0.122706 -0.0148303 8.38692 58.0913 -13 888 0 0 1
0.338872 1.25073 920 -0.0138469 -0.00742555 0.06875 55.4552 11 888 1001 0 1
0.0921426 0.0431853 920 0.0302988 -0.0164124 11.2888 54.0164 -13 889 0 0 1
-0.0421662 0.143149 920 0.0240439 0.0322059 10.8024 42.3891 -13 890 0 0 1
0.182922 -0.374022 920 -0.0603913 -0.0144241 7.43862 52.0311 -13 891 0 0 1
-0.113521 0.0661726 920 0.0401403 -0.0120156 14.0505 32.5359 -13 892 0 0 1
-0.156712 0.152186 920 0.0590567 0.0333137 9.31258 38.9146 -13 893 0 0 1
-0.223963 0.188051 920 0.0424684 0.0803595 12.5946 44.8088 -13 894 0 0 1
0.229218 0.0362852 920 0.0218827 -0.0993398 11.596 45.4347 -13 895 0 0 1
-0.297935 -0.257977 920 -0.0747607 0.0751472 6.67595 70.0981 -13 896 0 0 1
0.157521 0.0981711 920 0.00492593 -0.0601843 10.3284 39.2302 -13 897 0 0 1
-0.237328 0.0465356 920 0.126108 -0.0579512 8.33448 55.9025 -13 898 0 0 1
0.0511359 -0.886092 920 -0.140193 -0.0917034 6.63003 58.682 -13 899 0 0 1
-0.00834625 -0.222175 920 -0.0776971 0.0452646 11.43 30.7939 -13 900 0 0 1
0.355781 -0.0907454 920 0.00473296 0.04481 5.27946 89.0754 -13 901 0 0 1
-0.531031 0.464018 920 0.149004 0.115717 8.52666 40.8855 -13 902 0 0 1
0.162048 -0.139743 920 -0.110754 -0.117629 6.52679 57.2662 -13 903 0 0 1
-0.133127 0.0701156 920 -0.0208754 0.0427599 12.5408 34.0902 -13 904 0 0 1
-0.459012 -0.0280845 920 -0.12159 0.112993 4.98908 81.7986 -13 905 0 0 1
-0.0220243 -0.073607 920 -0.107186 0.0226034 10.4189 51.5497 -13 906 0 0 1
-0.05168 -0.0833296 920 -0.0658995 -0.0568276 11.6082 54.9635 -13 907 0 0 1
0.0816621 0.00220731 920 0.0185481 -0.0209097 12.9425 29.1376 -13 908 0 0 1
0.206299 -0.0222238 920 0.0234389 -0.0118626 7.2071 60.2882 -13 909 0 0 1
-0.0557505 0.0186086 920 -0.073293 0.0661525 9.25704 37.2844 -13 910 0 0 1
0.548635 0.163998 920 0.228683 -0.143363 11.7997 30.0844 -13 912 0 0 1
-0.0940955 0.128627 920 0.0144641 0.027177 10.2505 34.1933 -13 914 0 0 1
-0.0599256 0.234041 920 0.0130903 0.0107384 9.07268 42.6039 -13 915 0 0 1
0.0545677 -0.111861 920 3.25604e-05 -0.0506227 13.7896 42.979 -13 916 0 0 1
0.0730245 -0.0431978 920 -0.0125673 -0.0176648 12.4783 46.1888 -13 917 0 0 1
0.0853909 -0.00661093 920 0.0208785 -0.0397245 12.8392 50.0259 -13 918 0 0 1
0.238749 -0.414206 920 0.087439 -0.0446675 3.28167 93.3431 -13 919 0 0 1
0.48909 0.108364 920 0.0525449 -0.108996 8.61129 41.4063 -13 920 0 0 1
0.0807987 0.0023848 920 -0.024654 -0.107205 14.0631 29.9619 -13 921 0 0 1
0.00149705 0.0694493 920 0.0172456 0.00773106 12.8399 46.9463 -13 922 0 0 1
0.00920874 0.684632 920 0.173591 0.00996416 3.51333 111.519 -13 923 0 0 1
0.0611112 -0.117199 920 -0.0842789 -0.0109914 13.5215 38.4418 -13 924 0 0 1
2.75669 -2.09943 920 0.00464325 -0.0618997 0.0502997 40.6613 11 924 1001 0 1
-0.0803587 -0.0243985 920 0.0216536 -0.0557643 13.9171 52.3717 -13 925 0 0 1
0.0798473 -0.136107 920 0.00200168 -0.0140383 12.7924 26.8234 -13 926 0 0 1
-0.0584537 0.0302419 920 0.073394 0.0935891 4.46974 83.4993 -13 927 0 0 1
3.73185 -0.0984196 920 0.00069614 0.000438579 0.0165997 81.8425 11 927 1001 0 1
-0.0453111 0.140426 920 -0.0599768 0.0740058 11.7606 51.8469 -13 928 0 0 1
-0.162198 0.0258264 920 0.0208239 0.0619 13.5383 31.2223 -13 929 0 0 1
0.0702533 -0.0428412 920 0.00772951 -0.0763522 12.7076 44.3763 -13 930 0 0 1
0.0332025 -0.00880451 920 -0.0221126 0.0188144 13.3023 46.3 -13 931 0 0 1
-0.013275 0.00893889 920 -0.0125705 0.0345067 11.4257 58.0224 -13 932 0 0 1
-0.0221287 0.0159193 920 -0.0811969 0.0504747 13.5969 37.8741 -13 933 0 0 1
-0.101412 0.349729 920 0.0358031 0.102393 8.55337 50.6833 -13 934 0 0 1
-0.384406 -0.081133 920 -0.0145093 0.0836397 10.301 53.3049 -13 935 0 0 1
-3.53008 -1.56505 920 -0.0391105 0.0443773 0.0505575 48.8972 11 935 1001 0 1
-0.0701448 0.106983 920 0.0212477 0.011781 12.4133 40.2942 -13 936 0 0 1
0.199694 -0.120896 920 -0.075974 -0.0196736 12.5238 53.8517 -13 937 0 0 1
-0.416312 0.430734 920 0.119281 0.167543 4.27224 75.6358 -13 938 0 0 1
-0.105011 -0.0360968 920 -0.0367161 0.00783644 13.839 34.0787 -13 939 0 0 1
-1.23552 0.0398308 920 -0.486005 -0.0336572 5.69194 59.9546 -13 940 0 0 1
-0.174264 0.155968 920 0.127541 -0.0394014 12.2383 43.0209 -13 941 0 0 1
-0.165207 -0.0182873 920 -0.0368311 0.0935391 10.4789 56.4248 -13 943 0 0 1
0.741603 0.528698 920 0.206514 -0.173898 5.57901 80.3905 -13 944 0 0 1
0.215251 -0.608068 920 -0.019313 0.0192235 3.64834 109.25 -13 945 0 0 1
-0.038346 0.0575893 920 0.0457546 -0.00616023 14.2924 36.2001 -13 946 0 0 1
0.00366534 0.178089 920 0.0601846 -0.0409957 10.4174 36.8346 -13 947 0 0 1
-0.0610551 0.473019 920 0.224637 0.0393023 7.68358 47.6145 -13 948 0 0 1
-0.134489 0.0144465 920 0.0227034 -0.00338356 12.4733 47.6296 -13 949 0 0 1
0.157884 -0.923709 920 -0.32034 -0.084399 2.5209 104.887 -13 950 0 0 1
-0.0557375 -0.00745963 920 0.0776961 -0.0333477 5.09878 69.2825 -13 951 0 0 1
0.198729 0.174889 920 0.224226 0.147528 3.79755 104.548 -13 952 0 0 1
-0.155151 -0.0417621 920 -0.0755504 0.0374589 9.77505 40.5032 -13 953 0 0 1
-0.161428 -0.184381 920 -0.0315745 0.0110019 6.56708 68.7807 -13 954 0 0 1
-6.20413 11.8242 920 0.0050367 0.0298895 0.01743 71.92 11 954 1001 0 1
-0.118521 0.189191 920 0.0186679 0.00143312 7.26365 61.7671 -13 955 0 0 1
0.357822 -0.110278 920 -0.0725729 -0.161563 6.87079 54.6398 -13 956 0 0 1
-0.306433 4.69258 920 1.3437 -0.0329827 13.9789 42.6271 -13 957 0 0 1
-0.0282972 -0.113455 920 -0.0366797 0.0481944 11.8633 42.1944 -13 958 0 0 1
-0.269721 -0.0627972 920 -0.0537118 0.0257705 10.3766 52.357 -13 959 0 0 1
0.065282 -0.0131262 920 -0.0193025 -0.0403027 14.4192 32.5923 -13 960 0 0 1
0.050167 0.268604 920 0.0619276 -0.0830807 11.7756 47.1422 -13 962 0 0 1
-0.252588 -0.117071 920 -0.0642938 0.0831069 11.8568 50.8462 -13 963 0 0 1
0.0429585 0.00748064 920 -0.0240615 -0.0465799 10.4673 58.2318 -13 964 0 0 1
0.0935289 -0.0576457 920 -0.0117608 0.000635031 11.3201 44.8887 -13 965 0 0 1
0.174927 0.18984 920 0.0175961 -0.0653016 9.31775 43.2223 -13 966 0 0 1
0.0860593 -0.103807 920 -0.0411943 0.0126384 8.84453 49.8578 -13 969 0 0 1
-0.104311 0.102633 920 0.0479529 -0.0048519 13.2461 39.0872 -13 971 0 0 1
-0.045657 0.163846 920 0.0178168 -0.0501861 14.4578 38.2933 -13 972 0 0 1
-0.0534934 0.119883 920 -0.0135462 0.0263869 13.6588 52.8091 -13 973 0 0 1
0.804274 -1.20056 920 0.0296737 0.00063515 0.109524 51.4523 11 973 1001 0 1
0.00694151 -0.119625 920 -0.0211015 -0.00215461 14.4656 42.8435 -13 974 0 0 1
-1.63718 1.04029 920 0.0602572 -0.0138652 0.075729 41.3305 11 974 1001 0 1
-0.114531 0.0324773 920 -0.100939 0.0240382 10.2595 52.1466 -13 975 0 0 1
-0.0652506 -0.477836 920 -0.163814 -0.0565909 6.60713 55.3635 -13 976 0 0 1
0.0762639 -0.0548559 920 -0.0558259 -0.01397 9.03113 53.7297 -13 978 0 0 1
-0.0800501 0.0504857 920 0.0476165 0.0069828 13.7065 43.0013 -13 979 0 0 1
0.102963 0.159638 920 -0.0093259 0.00483008 12.0358 31.3337 -13 980 0 0 1
0.0780715 -0.0470978 920 0.00861819 -0.0264318 9.65038 34.9577 -13 981 0 0 1
0.0684178 0.0629746 920 0.00725395 -0.0192192 13.6004 37.2821 -13 982 0 0 1
-0.263912 0.391593 920 0.179761 -0.0227561 5.47423 81.5855 -13 983 0 0 1
-0.0120348 -0.258967 920 -0.353669 -0.14435 9.96719 35.5767 -13 984 0 0 1
2.31354 -1.00515 920 0.00142138 -0.00750883 0.0850253 27.3375 11 984 1001 0 1
-0.224514 0.0356476 920 -0.0269809 0.0332934 11.2348 44.8207 -13 985 0 0 1
0.106423 -0.0496508 920 0.0113294 -0.0592841 8.28781 58.2486 -13 986 0 0 1
0.050745 0.0972205 920 0.0218671 -0.0251203 14.2323 48.0643 -13 987 0 0 1
0.243581 -0.0117691 920 -0.068704 -0.0854013 6.60492 71.0153 -13 988 0 0 1
-0.086677 0.0861202 920 0.0630829 0.0313261 14.4588 31.2905 -13 990 0 0 1
-0.00832038 0.122851 920 0.0452265 -0.00779412 10.8615 50.552 -13 991 0 0 1
-0.021634 0.31271 920 0.0909799 -0.031096 13.017 50.9221 -13 992 0 0 1
-0.326457 0.535643 920 -0.0266557 0.0168206 0.0149267 51.9579 11 992 1001 0 1
-1.12667 2.29016 920 -0.0378275 0.0297787 0.0445891 53.1177 11 992 1002 0 1
0.0167583 -0.0832315 920 -0.0502218 -0.00494942 11.2337 58.4613 -13 993 0 0 1
-0.239997 0.125245 920 0.0118896 0.0871128 12.7546 50.6661 -13 994 0 0 1
-1.60741 0.158558 920 -0.000484373 -0.0587045 0.0460621 53.6623 11 994 1001 0 1
0.157695 0.248085 920 0.139294 -0.0357212 13.8832 35.9388 -13 995 0 0 1
-0.149332 -0.0592348 920 0.0107632 0.0596976 13.0129 50.7958 -13 996 0 0 1
-0.0396102 -0.043825 920 -0.061161 -0.0162802 14.5042 31.7959 -13 997 0 0 1
0.0853285 0.139773 920 -0.052298 -0.0455828 10.1726 57.5245 -13 998 0 0 1
-0.169064 -0.208955 920 -0.00734064 0.0865012 7.3 49.6498 -13 999 0 0 1
0.172885 0.0146567 920 -0.00207113 -0.0441761 8.38701 60.8291 -13 1000 0 0 1
