#BLTrackFile NTuple/Z960
#x y z Px Py Pz t PDGid EventID TrackID ParentID Weight
#mm mm mm MeV/c MeV/c MeV/c ns - - - - -
0.0170842 0.202645 960 0.0489326 -0.00658047 11.4856 48.7292 -13 1 0 0 1
-0.31267 -0.140059 960 -0.123688 0.0766992 12.5497 49.7055 -13 2 0 0 1
-0.575135 0.0715671 960 -0.0501317 0.207968 9.81956 37.1026 -13 3 0 0 1
0.729987 12.7996 960 -0.0554508 -0.0193082 0.0104867 46.6829 11 3 1001 0 1
-4.74377 11.8784 960 0.00256118 -0.0408502 -0.0155707 58.6539 11 3 1001 0 1
-0.0557593 0.0294219 960 0.0240218 0.00952071 11.122 34.8276 -13 4 0 0 1
-0.0819165 0.0577299 960 0.102942 0.0457111 6.80676 56.7637 -13 5 0 0 1
0.0190173 0.322256 960 0.0720411 0.00647601 7.5956 66.5806 -13 6 0 0 1
-0.0563894 -0.0276783 960 -0.00971049 0.0516561 12.0174 41.8724 -13 7 0 0 1
0.00873938 -0.216388 960 -0.0473482 -0.0844099 4.98699 81.0248 -13 8 0 0 1
0.0463309 -0.140658 960 -0.0620309 0.00563332 13.6126 48.5552 -13 9 0 0 1
0.115446 0.255555 960 0.051704 -0.0736837 13.2316 30.8007 -13 10 0 0 1
-0.192186 0.119665 960 0.000368055 0.060811 10.5899 34.8975 -13 11 0 0 1
-0.349212 0.250246 960 0.1191 0.120825 11.7884 32.9679 -13 12 0 0 1
0.745004 -0.120368 960 0.131375 -0.330614 2.74159 102.166 -13 13 0 0 1
-0.041828 0.00621124 960 -0.0124263 0.0286591 10.2505 36.088 -13 14 0 0 1
0.310447 1.69876 960 0.032617 0.0101929 0.050818 36.3589 11 14 1001 0 1
2.11006 4.25938 960 0.00776007 0.0127982 0.0929198 22.3712 11 14 1002 0 1
0.0326731 -0.211076 960 0.0232963 -0.0769326 5.0415 84.6005 -13 15 0 0 1
-0.335699 0.0685954 960 0.0166583 0.196724 8.31028 43.4931 -13 16 0 0 1
0.0355654 -0.118358 960 -0.0199897 -0.0142648 14.5045 30.7426 -13 17 0 0 1
-0.0927853 -0.0262035 960 0.0200209 0.0342674 13.0708 55.1567 -13 18 0 0 1
0.0756458 0.378739 960 0.0861442 0.140872 8.19862 58.9293 -13 19 0 0 1
0.00300579 -2.61795 960 -0.00523932 0.0306595 0.0347423 59.3602 11 19 1001 0 1
-0.0216556 0.0320083 960 -0.0108942 0.00725333 14.4172 46.6041 -13 21 0 0 1
-0.00490037 0.141164 960 -0.0405885 -0.030178 10.4174 34.44 -13 22 0 0 1
0.509716 0.176185 960 -0.0186219 -0.0341072 0.016644 34.7755 11 22 1001 0 1
-0.0624261 0.0782115 960 0.0223261 -0.0267265 11.7552 58.5614 -13 23 0 0 1
-0.00273016 -0.0747708 960 -0.0156186 0.0157997 8.23537 68.2662 -13 24 0 0 1
0.0723668 -0.0327159 960 -0.0535821 0.0142221 14.3622 38.0763 -13 25 0 0 1
0.500792 0.443105 960 0.0635969 -0.138733 8.91123 53.8143 -13 26 0 0 1
-0.0221282 0.00402448 960 0.0522137 -0.0485973 8.40259 50.7455 -13 27 0 0 1
0.164453 0.0801814 960 0.0447237 -0.0432294 11.5414 57.3958 -13 28 0 0 1
0.233811 0.023767 960 0.0207867 -0.0471052 6.87088 70.3009 -13 29 0 0 1
-0.255207 0.172548 960 -0.0379577 0.120044 13.5709 27.5905 -13 30 0 0 1
0.498847 0.417549 960 -0.00308522 0.0501614 0.0451112 29.1603 11 30 1001 0 1
0.121686 0.0652186 960 -0.016441 -0.0201686 10.3242 37.3552 -13 31 0 0 1
0.252626 -0.113493 960 0.0105713 -0.12956 8.40466 45.8606 -13 32 0 0 1
0.484302 -2.68425 960 0.0189895 0.0113409 0.0534734 45.0714 11 32 1001 0 1
0.61334 0.695009 960 0.261775 -0.0444111 2.37391 130.915 -13 33 0 0 1
0.244623 -0.0759425 960 0.0669014 -0.0247486 13.6283 46.781 -13 34 0 0 1
0.0117098 -0.0312406 960 -0.159314 -0.0367 4.83781 93.4486 -13 35 0 0 1
-0.0291093 0.299264 960 0.0993979 0.0734826 8.51406 64.1017 -13 36 0 0 1
-0.0419063 0.137949 960 -0.0451575 -0.0884151 10.3688 61.1104 -13 37 0 0 1
0.0152135 0.148158 960 0.038031 0.0247988 11.8209 52.4798 -13 38 0 0 1
1.92823 -1.41612 960 -0.013253 0.0230885 0.0198629 54.4807 11 38 1001 0 1
0.0197308 0.0434472 960 0.00763417 -0.00645923 9.47532 46.3194 -13 39 0 0 1
3.03409 -0.768205 960 -0.577287 -0.711191 10.8155 52.1717 -13 40 0 0 1
-0.122522 0.32485 960 0.0844748 -0.107837 8.85689 41.6788 -13 41 0 0 1
-0.0405277 -0.311815 960 -0.173878 -0.0111644 9.87094 56.267 -13 42 0 0 1
-0.940953 0.280268 960 0.0378701 0.000847967 0.0312924 57.597 11 42 1001 0 1
0.0535242 -0.0651711 960 -0.0491033 0.0316922 14.4118 35.8247 -13 43 0 0 1
-0.095299 -0.217364 960 -0.0702275 0.00537348 11.2419 49.3545 -13 44 0 0 1
0.277955 -0.226239 960 -0.0377731 -0.111785 10.8374 56.2767 -13 45 0 0 1
-0.184727 0.312757 960 0.0877177 0.0110831 4.77411 72.4411 -13 46 0 0 1
-0.0400727 -0.00969823 960 0.0572628 0.0412878 11.3961 38.2737 -13 47 0 0 1
0.112772 0.235057 960 -0.0994923 0.188251 6.58866 61.2712 -13 48 0 0 1
0.0787548 0.0205003 960 -0.0211656 -0.0357948 13.2624 32.4141 -13 49 0 0 1
0.70563 -0.466233 960 -0.0408912 -0.0955355 3.94479 106.882 -13 50 0 0 1
-0.342214 -0.10588 960 0.0346296 0.137849 8.33769 52.8896 -13 51 0 0 1
-0.214488 -0.174607 960 -0.0902954 -0.00814036 8.1571 43.2117 -13 53 0 0 1
-0.646001 -0.247538 960 -0.0378598 -0.0261294 1.25247 135.693 -13 54 0 0 1
0.20264 -0.0627574 960 -0.0180212 -0.116421 10.365 52.5506 -13 55 0 0 1
-0.0579015 -0.204153 960 -0.0593335 0.0546583 14.0563 33.4819 -13 56 0 0 1
-2.24865 5.52595 960 0.0497374 -0.0429858 0.0340641 41.1661 11 56 1001 0 1
-0.205093 0.0760219 960 -0.397632 0.200838 9.76072 62.404 -13 57 0 0 1
0.1541 -0.349065 960 -0.0906066 -0.024559 8.20097 48.5837 -13 58 0 0 1
8.51942 4.55746 960 0.00366658 0.022925 0.0494976 39.9635 11 58 1001 0 1
0.600059 0.215496 960 0.0950314 -0.133133 6.9178 65.8879 -13 59 0 0 1
-0.132471 -0.0954318 960 -0.0677052 0.0530985 8.19656 63.0909 -13 60 0 0 1
0.132362 0.0553872 960 0.0154872 -0.032907 13.9407 40.2265 -13 61 0 0 1
-0.143307 0.0460167 960 0.00870527 0.0215285 9.32778 49.409 -13 62 0 0 1
-0.0329458 0.0131648 960 0.0105353 0.0348587 13.9977 52.845 -13 63 0 0 1
-0.481477 0.155881 960 0.138431 0.109525 8.83152 51.2476 -13 64 0 0 1
0.0838169 -0.112755 960 -0.00653591 -0.0350262 4.89262 71.8402 -13 65 0 0 1
0.0193858 0.153521 960 -0.0176271 0.0512056 7.33927 59.4478 -13 66 0 0 1
0.00810094 -0.0694724 960 -0.0645776 -0.00175622 11.5029 42.3367 -13 67 0 0 1
-0.338864 -0.11394 960 0.012877 0.127364 10.6049 51.7974 -13 68 0 0 1
0.224461 -0.221291 960 -0.0763219 -0.130555 5.223 76.721 -13 69 0 0 1
0.177962 0.0585643 960 -0.00749972 -0.0363364 11.1366 36.0032 -13 70 0 0 1
0.152014 0.0607358 960 0.0462308 -0.00759719 11.6589 33.3275 -13 71 0 0 1
-0.0409869 -0.069006 960 0.00399193 0.0241462 10.3325 34.6451 -13 72 0 0 1
0.294245 -0.540052 960 -0.198083 -0.024558 5.99458 77.4437 -13 73 0 0 1
-0.13244 -0.014389 960 -0.0407221 0.0379266 10.6732 46.7804 -13 74 0 0 1
0.2345 0.274238 960 -0.0590824 -0.0334972 7.72033 71.7376 -13 75 0 0 1
-0.135002 -0.136955 960 0.00540325 0.0283776 12.4728 53.161 -13 76 0 0 1
0.0981492 -0.00815407 960 -0.0390335 -0.0428227 8.10094 67.8211 -13 77 0 0 1
-0.0793299 -0.0931076 960 0.0215488 0.023171 13.5404 39.051 -13 78 0 0 1
-0.217657 -0.0742353 960 0.0137643 0.054677 12.6525 52.1911 -13 79 0 0 1
-0.0569141 0.0179639 960 0.0275098 0.0705589 10.2694 61.217 -13 80 0 0 1
-0.0378271 -0.168891 960 -0.103395 0.0631987 8.63158 62.4877 -13 81 0 0 1
0.118015 -0.306799 960 -0.0274899 -0.0933051 13.1921 49.2579 -13 82 0 0 1
-0.14287 0.238551 960 0.0907378 0.0557811 9.83385 53.6749 -13 83 0 0 1
0.465846 0.132002 960 0.0820134 -0.0370751 6.20176 67.46 -13 84 0 0 1
0.0465282 -0.0406379 960 -0.0615033 0.0129981 13.5896 29.2385 -13 85 0 0 1
0.127663 -0.171446 960 0.0377875 -0.0479087 7.89635 56.014 -13 86 0 0 1
0.436526 -0.0312473 960 0.0189623 -0.12187 8.42697 48.7125 -13 88 0 0 1
0.359084 0.148772 960 0.121438 -0.0212114 9.92588 45.325 -13 89 0 0 1
0.218683 0.345284 960 0.0630463 -0.0526016 6.62763 59.7703 -13 90 0 0 1
-0.314489 -0.22768 960 -0.000576928 0.0481164 7.07887 75.1535 -13 91 0 0 1
0.0908555 0.0788863 960 -0.0935655 0.0177065 6.57871 78.9099 -13 92 0 0 1
0.674638 -0.122423 960 -0.219671 -0.0314577 7.63403 70.3355 -13 93 0 0 1
-0.0856317 -0.381699 960 -0.0314267 0.0455786 5.43413 68.3118 -13 94 0 0 1
-0.0147769 0.113936 960 0.0480295 0.034492 10.737 43.7247 -13 95 0 0 1
0.171399 -0.0673142 960 -0.0310695 -0.0332457 12.7883 41.9319 -13 97 0 0 1
0.585665 1.08746 960 -0.00170426 -0.0234767 0.0813921 42.1308 11 97 1001 0 1
-1.25466 0.146907 960 -0.228247 0.401613 9.40273 44.2912 -13 98 0 0 1
4.61442 0.445253 960 -0.00999515 0.000321529 0.0837989 31.6005 11 98 1001 0 1
0.0551321 -0.0539107 960 -0.0334684 -0.0292067 14.0052 29.9176 -13 99 0 0 1
-0.253007 -0.190098 960 -0.0483414 0.132827 12.2998 28.9724 -13 100 0 0 1
-0.493745 -0.139534 960 -0.117102 -0.0496485 4.47042 88.1432 -13 101 0 0 1
0.0192578 0.121064 960 0.0566035 -0.15849 9.9087 57.7866 -13 103 0 0 1
-0.652266 -3.15763 960 0.00434263 -0.0344606 0.0136911 60.7261 11 103 1002 0 1
0.00751403 -0.0645671 960 0.0320297 -0.0224437 9.5811 48.719 -13 104 0 0 1
0.123736 0.22628 960 0.0563696 -0.0194736 8.76582 45.6479 -13 105 0 0 1
-0.063574 -0.130895 960 -0.0713375 -0.082831 10.2861 61.3851 -13 106 0 0 1
0.020027 0.0936051 960 0.0564033 -0.00455254 13.7366 42.8915 -13 107 0 0 1
0.259335 -0.0646242 960 -0.0451814 0.0148116 7.23512 59.4491 -13 108 0 0 1
0.136308 0.124375 960 -0.0375976 -0.0501521 13.5617 26.1681 -13 109 0 0 1
-0.376397 0.143842 960 -0.167654 0.170667 5.33075 65.2015 -13 110 0 0 1
0.00944123 -0.0168531 960 -0.0202828 -0.0162423 9.81077 38.6933 -13 111 0 0 1
0.296779 -0.370937 960 -0.111375 -0.136083 7.6193 48.5852 -13 112 0 0 1
-0.0277228 -0.0521295 960 -0.00588284 -0.00778814 11.9292 39.0987 -13 113 0 0 1
0.18886 0.342901 960 0.167975 0.0185768 7.98762 49.2264 -13 114 0 0 1
0.18988 1.02738 960 0.222085 -0.322945 13.2067 45.7413 -13 115 0 0 1
0.100137 -0.00437482 960 0.0336287 -0.0299899 10.2614 62.598 -13 116 0 0 1
-0.161642 -0.293151 960 -0.0527304 0.0532906 11.5368 34.8995 -13 117 0 0 1
-0.696467 0.260223 960 0.114 0.203907 5.67423 63.5436 -13 118 0 0 1
0.178454 0.0217004 960 -0.00392823 -0.083174 10.943 51.0767 -13 119 0 0 1
0.205183 -0.4843 960 0.0412429 0.0311879 7.44174 59.5808 -13 120 0 0 1
0.177606 0.278092 960 0.0635006 -0.154297 7.89841 70.9505 -13 121 0 0 1
0.256345 -0.159554 960 -0.0308124 -0.0583491 8.95285 44.5925 -13 122 0 0 1
-0.249623 0.0701087 960 0.0624469 -0.0595223 4.77969 90.5089 -13 123 0 0 1
-0.973001 1.19621 960 -0.00501497 -0.00572177 0.0371072 87.2004 11 123 1001 0 1
0.0237839 0.0427427 960 0.0208838 -0.0544819 12.9837 41.8692 -13 124 0 0 1
0.0664817 -0.0883818 960 -0.0456232 -0.0874534 11.4434 56.5765 -13 125 0 0 1
0.0964125 -0.567462 960 -0.0844093 -0.210404 11.7078 54.4576 -13 126 0 0 1
-0.0129859 -0.0714355 960 0.0479635 0.00769346 9.58121 41.5849 -13 127 0 0 1
0.106582 0.279147 960 0.121918 -0.0280287 13.4915 35.2734 -13 128 0 0 1
0.143376 0.179554 960 0.0202027 -0.0623771 13.4805 38.3551 -13 129 0 0 1
-0.148491 -0.0434363 960 0.0379041 0.06268 10.4381 55.1527 -13 130 0 0 1
-0.0509276 -0.277504 960 -0.027709 0.0731867 9.10049 45.7283 -13 131 0 0 1
-0.693432 -0.0736587 960 0.149356 0.209278 13.2349 48.5331 -13 132 0 0 1
-0.101074 -0.038752 960 -0.0400413 0.081012 14.4945 42.8322 -13 133 0 0 1
-0.158211 0.10448 960 0.126591 0.111799 7.20049 65.9037 -13 134 0 0 1
0.0800604 0.0647223 960 0.01136 -0.0266377 13.3395 30.2249 -13 135 0 0 1
0.0531174 -0.0458331 960 -0.0206408 -0.0329766 12.9681 38.5226 -13 136 0 0 1
-0.29365 0.029661 960 -0.0389307 0.0112549 7.15076 51.4861 -13 137 0 0 1
0.558741 -0.712708 960 -0.110488 -0.248112 4.26751 80.2651 -13 138 0 0 1
-0.183732 -0.10856 960 -0.0559152 0.0165943 11.465 49.7068 -13 139 0 0 1
-0.0104432 0.120547 960 0.076056 -0.0125279 14.1274 49.5885 -13 140 0 0 1
-0.0224205 0.0540634 960 -0.0131962 -0.0100706 13.8092 26.1939 -13 141 0 0 1
0.0570859 -0.0971433 960 -0.068517 -0.0403279 13.7274 36.8781 -13 142 0 0 1
-0.199445 -0.265963 960 -0.0472483 0.0684983 11.0168 36.8427 -13 143 0 0 1
0.0203232 -0.048776 960 -0.0175332 -0.0175017 14.3831 44.7261 -13 144 0 0 1
-0.114931 0.210063 960 0.001855 0.0167893 9.82125 60.1617 -13 145 0 0 1
0.180985 0.0376377 960 -0.00638505 0.0361081 9.19499 47.8537 -13 146 0 0 1
0.0488657 -0.0121068 960 0.00513083 -0.0445105 11.2208 45.9497 -13 147 0 0 1
-0.0433565 0.0623475 960 0.0109056 0.00330545 7.31101 59.6616 -13 148 0 0 1
0.115714 -0.186852 960 -0.0335151 -0.0233052 6.92392 57.3682 -13 149 0 0 1
0.0923222 -0.0811188 960 -0.0117198 -0.0646521 13.8383 45.5911 -13 150 0 0 1
-0.274923 -0.0933865 960 0.0410613 -0.0812603 7.98981 45.8734 -13 151 0 0 1
0.0116123 -0.0396514 960 -0.0314755 -0.0215492 14.1242 48.7735 -13 152 0 0 1
-0.0380152 -0.158124 960 -0.0435138 0.103807 13.6611 48.9918 -13 153 0 0 1
-0.0693564 -0.18137 960 0.038855 -0.00990056 9.42825 53.5441 -13 154 0 0 1
0.226939 -0.0215509 960 0.0641326 -0.143544 9.91797 59.7959 -13 155 0 0 1
0.147748 -0.0338941 960 -0.0325015 -0.0541219 11.9664 45.5563 -13 156 0 0 1
-0.130925 0.113373 960 0.0358667 0.0212239 13.2327 35.3661 -13 157 0 0 1
1.13269 0.144349 960 0.119155 -0.169167 8.35407 50.9802 -13 158 0 0 1
0.010998 -0.0641474 960 -0.0293751 -0.00864578 14.3281 47.127 -13 159 0 0 1
-0.34145 0.109933 960 -0.0511551 0.0395632 7.4381 54.3798 -13 160 0 0 1
-0.0849384 -0.165669 960 -0.106009 0.0453681 14.0984 31.5438 -13 161 0 0 1
-0.049162 -0.0997107 960 -0.0580766 0.0570937 9.69668 50.5885 -13 162 0 0 1
0.0320418 -0.218537 960 -0.0475956 0.0228357 9.71534 38.2981 -13 163 0 0 1
-0.101312 -0.00453883 960 -0.0406854 0.0329294 14.2139 44.5435 -13 164 0 0 1
-0.347861 0.242794 960 0.105383 0.0699438 12.3258 52.6712 -13 165 0 0 1
-0.0690114 -0.145302 960 -0.0780107 0.0574692 11.001 59.9506 -13 166 0 0 1
-0.202542 0.289407 960 0.0398611 0.0485008 9.80371 39.862 -13 167 0 0 1
-0.0148725 0.170888 960 0.0513272 0.064749 11.4126 31.1643 -13 168 0 0 1
0.132892 0.0565803 960 0.0556152 -0.0476105 13.0532 52.8866 -13 169 0 0 1
-0.221554 0.0615943 960 0.0573785 0.0880359 8.89737 57.392 -13 170 0 0 1
0.0548191 0.105084 960 7.79126e-05 0.000462344 14.5037 45.9469 -13 171 0 0 1
-0.324045 -0.175232 960 -0.0161537 0.10159 11.8336 43.7867 -13 172 0 0 1
-0.111735 0.0643248 960 -0.000395 0.0373468 13.0359 27.7063 -13 173 0 0 1
0.0127026 -0.110326 960 -0.00518424 -0.00930321 9.65054 58.9584 -13 174 0 0 1
0.941715 -0.348035 960 -0.0331511 -0.0135224 0.0683796 57.6796 11 174 1001 0 1
-0.07445 -0.032349 960 0.00264082 -0.000951562 10.6535 34.8673 -13 175 0 0 1
-0.240384 -0.480099 960 -0.0896498 0.240942 10.759 46.292 -13 176 0 0 1
-0.0556432 -0.848248 960 0.152975 0.23654 2.76264 109.479 -13 177 0 0 1
-0.594637 0.620317 960 0.166696 0.117484 5.4752 72.5581 -13 178 0 0 1
0.722283 0.633664 960 0.268199 -0.144484 5.26434 78.1933 -13 179 0 0 1
-0.223795 0.481897 960 0.132549 -0.244771 7.06116 71.4891 -13 180 0 0 1
-0.362204 -0.0779511 960 0.0469222 0.0876809 8.73711 65.603 -13 181 0 0 1
0.153268 -0.041966 960 -0.00479858 -0.0685795 9.23579 54.6075 -13 182 0 0 1
0.126901 0.075869 960 0.0701858 -0.015552 14.0191 30.1358 -13 183 0 0 1
0.101665 -0.129708 960 -0.00779521 -0.0985213 12.2428 32.9023 -13 184 0 0 1
0.143532 -0.512449 960 -0.141459 -0.064846 11.4906 45.8635 -13 185 0 0 1
-0.282196 -0.066908 960 0.0313574 0.0583443 11.8608 58.2356 -13 186 0 0 1
0.590002 0.0259637 960 -0.0190625 -0.160763 4.5337 75.7321 -13 187 0 0 1
-0.137319 0.160184 960 -0.0849199 0.0396581 8.51991 56.5971 -13 188 0 0 1
-1.43607 -6.68218 960 -0.0219988 -0.033467 0.0374015 56.1529 11 188 1001 0 1
0.0547874 -0.0361986 960 0.0426207 -0.0533145 5.64194 59.7788 -13 189 0 0 1
-0.0777406 0.0069304 960 -0.0270073 0.0516912 8.36596 46.4736 -13 190 0 0 1
-0.955233 0.247919 960 -0.140521 0.186006 12.1384 34.2944 -13 191 0 0 1
-5.47877 6.74876 960 -0.0213027 -0.0189163 0.0161254 38.1831 11 191 1001 0 1
0.194925 0.885125 960 -0.0588306 -0.0177955 0.0131945 39.4873 11 191 1003 0 1
0.0820729 0.117549 960 0.00034946 -0.0519263 12.0626 34.349 -13 192 0 0 1
0.0672564 0.157827 960 0.0307145 0.0270853 10.2994 40.3548 -13 194 0 0 1
0.248698 0.029145 960 -0.0304439 -0.121595 10.831 53.6676 -13 195 0 0 1
-0.137469 0.029175 960 -0.0214054 0.0745972 11.6737 58.9051 -13 196 0 0 1
-0.180163 0.132595 960 0.036471 0.0426449 12.2872 32.616 -13 198 0 0 1
-0.0983578 0.0140797 960 -0.00409472 0.0312358 12.917 41.0995 -13 199 0 0 1
-0.0759333 -0.0954226 960 -0.0135778 0.00440014 11.5829 51.4927 -13 201 0 0 1
0.221785 0.105456 960 0.102176 -0.0837098 11.998 49.6587 -13 202 0 0 1
-0.225223 0.0337389 960 0.00156231 0.0431858 14.4516 44.7426 -13 203 0 0 1
0.0990066 0.453593 960 -0.017421 -0.0721203 5.24552 71.4523 -13 204 0 0 1
0.251512 0.548547 960 0.0120577 -1.73351e-05 0.0425459 71.3218 11 204 1001 0 1
-0.115073 0.182941 960 0.0492029 0.0345292 7.09687 58.9159 -13 205 0 0 1
-0.105196 0.0373006 960 -0.0280944 -0.0282871 9.15035 65.1876 -13 207 0 0 1
-1.51986 -0.540132 960 0.0119606 -0.0405398 0.0143217 65.7276 11 207 1001 0 1
0.00519762 -0.0488336 960 -0.0170283 -0.0268133 13.7051 38.1822 -13 209 0 0 1
-0.385759 -1.42851 960 0.327993 0.278502 1.83237 141.941 -13 210 0 0 1
-0.0588387 0.470955 960 0.148862 -0.0810181 6.4261 67.3407 -13 211 0 0 1
-0.461247 -0.616771 960 -0.170994 0.226011 13.9313 26.2227 -13 212 0 0 1
-0.079509 0.0773916 960 0.0752675 0.0905878 8.85114 67.2835 -13 213 0 0 1
-0.677672 -2.2834 960 -0.0235867 -0.0271449 0.0558858 65.7137 11 213 1001 0 1
-0.11616 -0.0377622 960 -0.0198194 0.0815615 9.76782 53.3128 -13 214 0 0 1
0.250746 0.0766296 960 -0.0148589 0.0493048 3.73222 98.1014 -13 215 0 0 1
0.128616 -0.162715 960 -0.0451927 -0.0125479 9.86086 46.9788 -13 216 0 0 1
-0.281851 -0.131624 960 -0.149946 0.0435818 9.4196 49.3895 -13 217 0 0 1
-0.111741 0.0696865 960 -0.0755381 0.114308 4.96848 81.1277 -13 218 0 0 1
0.0752921 -0.00578273 960 0.0380913 -0.0023617 9.70765 45.5545 -13 219 0 0 1
0.0535591 0.0659034 960 0.0627778 -0.0439013 13.3182 37.748 -13 220 0 0 1
-0.679874 -0.732021 960 -0.000842891 0.167939 2.86952 106.901 -13 221 0 0 1
-0.304042 0.158132 960 0.0623594 0.102948 8.89508 45.4587 -13 222 0 0 1
-0.25626 -0.16101 960 -0.0563218 0.00757472 8.60134 43.0908 -13 223 0 0 1
0.203315 0.169829 960 0.0413142 0.0893963 5.92269 84.9793 -13 224 0 0 1
-0.0358797 0.0615924 960 0.0300888 -0.0143569 12.3251 48.853 -13 225 0 0 1
-0.0912566 0.214098 960 0.106179 0.0158111 10.0472 53.0917 -13 226 0 0 1
-0.0520353 -0.0418448 960 -0.0652885 0.0420581 12.5971 47.0937 -13 227 0 0 1
0.2013 0.0631803 960 -0.0852997 -0.0282926 13.4902 38.9219 -13 228 0 0 1
-0.0544873 0.116995 960 0.0329096 0.0314947 13.4292 36.5319 -13 229 0 0 1
-0.457858 0.390042 960 0.0875038 0.123727 11.9335 30.3032 -13 230 0 0 1
-0.133309 -0.30064 960 0.0202865 0.115114 8.96938 64.2998 -13 231 0 0 1
-0.437284 -0.138606 960 0.0423025 0.0261693 6.19365 73.3534 -13 232 0 0 1
-0.0366121 -0.246976 960 -0.0753822 -0.0959884 10.9451 59.3254 -13 233 0 0 1
0.546832 -0.206771 960 0.345996 -0.361048 12.468 30.6466 -13 234 0 0 1
0.241452 0.173347 960 0.0266339 -0.00307227 6.13008 77.5696 -13 235 0 0 1
4.85835 0.672558 960 0.0103373 0.0192565 0.0504203 76.0202 11 235 1001 0 1
-0.242241 0.074816 960 0.0940281 0.117386 4.09667 96.3468 -13 236 0 0 1
-1.62629 -3.97786 960 -0.0170742 -0.00893128 0.0285052 95.6624 11 236 1001 0 1
0.197635 0.0101573 960 0.0487926 -0.0248386 8.31997 56.0368 -13 237 0 0 1
0.0101459 0.0648675 960 0.120857 0.0164449 9.33436 41.3646 -13 238 0 0 1
-3.6951 1.99399 960 0.0280994 0.0330378 0.0415616 41.6383 11 238 1001 0 1
-0.0524994 0.10175 960 0.061283 -0.0100349 12.7479 38.7432 -13 239 0 0 1
-0.160957 0.0805102 960 0.0368126 -0.000334089 12.7408 32.455 -13 240 0 0 1
0.0380323 0.15744 960 0.0237806 -0.0546482 12.7823 29.1889 -13 241 0 0 1
-0.114322 0.0173751 960 0.154804 0.233771 10.8981 47.8502 -13 242 0 0 1
-0.0289064 0.131688 960 0.105915 -0.0674964 13.7867 52.9283 -13 243 0 0 1
-0.0265865 0.248622 960 0.00207047 0.0220585 8.60417 63.1118 -13 244 0 0 1
-0.0479319 0.53215 960 0.155733 0.163706 12.8971 39.1223 -13 245 0 0 1
0.208672 0.0246089 960 -0.0324001 -0.0350706 7.99309 51.3593 -13 246 0 0 1
0.245058 2.45063 960 0.0274379 -0.0318359 0.0397394 50.9645 11 246 1001 0 1
-0.130333 0.0258714 960 -0.0058716 0.0275235 11.6188 40.0872 -13 247 0 0 1
-0.174564 -0.0472342 960 0.00525846 0.0859754 11.8124 56.6062 -13 248 0 0 1
0.048874 0.0158647 960 0.00792947 -0.00987506 12.3234 38.7266 -13 249 0 0 1
0.276462 -0.230712 960 -0.0633678 -0.126307 10.258 52.7381 -13 250 0 0 1
2.0691 0.615808 960 0.0652287 0.0253961 0.0138529 52.1699 11 250 1001 0 1
2.14397 1.37233 960 0.0567566 0.0255174 -0.00259659 61.8417 11 250 1001 0 1
0.143969 -0.289803 960 -0.0294257 -0.119173 8.23963 67.4142 -13 251 0 0 1
0.102364 0.0755973 960 0.0207368 -0.0182832 12.9626 34.2124 -13 252 0 0 1
0.304601 -0.053 960 0.0592437 -0.0611374 11.886 50.1595 -13 253 0 0 1
0.24672 -0.211727 960 0.0268857 0.0103684 8.27467 45.765 -13 254 0 0 1
-0.0359897 0.00222977 960 -9.39605e-05 -0.0170348 12.0425 36.2374 -13 255 0 0 1
0.13746 0.265655 960 0.0859128 -0.073926 12.1897 28.9573 -13 256 0 0 1
4.27215 -1.40711 960 0.0426167 -0.00565826 0.0402953 33.4734 11 256 1001 0 1
0.162743 0.048164 960 -0.0282807 -0.0224483 11.2691 41.6836 -13 257 0 0 1
0.1926 0.105827 960 0.0090639 -0.0899002 11.7138 46.1293 -13 258 0 0 1
0.0809934 0.040953 960 0.0320487 0.0151691 14.4377 29.3749 -13 259 0 0 1
-0.104669 0.0928288 960 0.023247 0.0126056 14.2067 48.0882 -13 260 0 0 1
0.29305 0.0860866 960 0.0713566 -0.107706 13.833 40.0408 -13 261 0 0 1
0.113688 -0.0754505 960 -0.0137437 -0.158259 12.9323 45.9241 -13 262 0 0 1
-0.0456861 -0.125791 960 -0.0330567 0.0161847 10.5114 40.2438 -13 263 0 0 1
1.3454 0.932649 960 -0.00789997 -0.337015 2.79497 123.898 -13 264 0 0 1
0.0805948 0.0214594 960 0.00120388 -0.0528457 12.7865 50.6666 -13 265 0 0 1
0.240589 0.21519 960 0.0147908 -0.0488573 11.2993 54.9328 -13 266 0 0 1
0.0221024 0.0185215 960 0.0297781 -0.00349501 14.039 47.1168 -13 267 0 0 1
-0.295531 -0.0246364 960 0.0292579 0.092747 12.2112 33.7491 -13 268 0 0 1
0.345645 2.04812 960 0.0420351 -0.0251561 0.024928 35.7092 11 268 1001 0 1
-0.092251 0.4064 960 0.0821595 0.0708443 11.892 40.8258 -13 269 0 0 1
-0.208538 -0.305321 960 0.0104348 0.0610098 2.34531 136.983 -13 270 0 0 1
0.127523 0.0111765 960 0.0876665 -0.0909918 7.19573 74.4333 -13 271 0 0 1
-0.0486993 0.0830313 960 0.0256847 0.0413899 14.4481 33.8859 -13 272 0 0 1
0.119239 -0.0371864 960 0.0279638 -0.0241911 7.99964 52.8146 -13 273 0 0 1
0.236715 -0.212923 960 -0.0657028 -0.132902 12.5983 54.396 -13 274 0 0 1
-0.0603221 -0.340466 960 -0.102956 0.12671 8.67457 58.831 -13 275 0 0 1
0.0557723 -0.0542589 960 0.0628421 0.0460765 11.4993 35.6324 -13 276 0 0 1
0.0367749 0.0800444 960 0.0550396 -0.0407289 9.55441 60.8079 -13 277 0 0 1
-0.572255 -4.36304 960 0.000921168 0.000444064 0.050481 61.4047 11 277 1001 0 1
-0.00986644 -0.0522318 960 -0.0273542 0.0176467 13.7402 37.8978 -13 278 0 0 1
0.201842 -0.0118977 960 0.00799633 -0.068475 13.3167 46.536 -13 279 0 0 1
0.31109 0.0287212 960 -0.079181 -0.144789 6.16993 60.6566 -13 280 0 0 1
-0.0333761 -0.173803 960 -0.0145054 0.0523577 8.09833 62.0435 -13 281 0 0 1
0.0695579 -0.0502731 960 0.00321067 -0.029677 9.48124 59.3993 -13 282 0 0 1
0.0537463 0.0389654 960 -0.00767391 -0.0121223 10.6684 39.4076 -13 283 0 0 1
-0.234402 -0.0685671 960 0.000446339 0.114767 7.08739 61.1156 -13 284 0 0 1
-0.200052 -0.0434808 960 -0.0437993 0.0169959 1.85123 146.552 -13 285 0 0 1
0.21621 0.257668 960 0.0851947 -0.0353463 6.66412 76.5569 -13 286 0 0 1
-0.0360792 0.101102 960 -0.0399858 0.0753542 10.835 59.8469 -13 287 0 0 1
0.0743855 0.0536704 960 0.00992827 -0.00431259 11.9426 54.3268 -13 288 0 0 1
0.00532495 0.074528 960 0.0821343 0.0425149 9.35853 53.959 -13 289 0 0 1
3.08749 -2.00727 960 -0.040235 -0.00404038 0.0616707 50.8301 11 289 1001 0 1
0.179071 -0.222857 960 -0.0272461 -0.0365387 9.01703 46.5403 -13 290 0 0 1
0.283398 -0.022597 960 0.00912492 0.0176108 6.81109 68.2919 -13 291 0 0 1
-0.0956936 -0.050147 960 -0.0426335 0.0530546 13.2575 29.3284 -13 292 0 0 1
0.0325409 0.133844 960 0.1059 -0.0219837 7.32348 75.3614 -13 293 0 0 1
0.111731 0.0434605 960 0.0258023 -0.0361344 13.8078 54.5918 -13 294 0 0 1
-0.021334 0.21503 960 0.170438 0.0346297 7.13833 70.3239 -13 295 0 0 1
0.151634 0.0112642 960 0.0151087 0.0345906 5.90153 71.8969 -13 296 0 0 1
-0.427101 0.173759 960 0.0879197 0.137083 11.9592 33.5921 -13 297 0 0 1
0.0353314 0.23752 960 0.0415816 -0.0014028 12.1479 41.1049 -13 299 0 0 1
0.610991 -0.0863096 960 -0.0894399 -0.215438 2.33648 136.987 -13 300 0 0 1
0.129912 -0.193336 960 0.00691983 -0.0248615 8.17077 68.1905 -13 301 0 0 1
0.148933 0.206866 960 0.0982331 -0.179775 7.44713 61.4561 -13 302 0 0 1
0.136689 0.0926749 960 0.0515995 -0.0699793 11.6444 42.6152 -13 303 0 0 1
0.305628 -0.033026 960 0.0861172 -0.0546849 7.59433 61.7758 -13 304 0 0 1
-0.0472103 -0.122264 960 -0.0327773 0.0305556 11.0644 41.2548 -13 305 0 0 1
-0.132737 -0.0690143 960 -0.0486698 0.0539149 9.67073 50.8575 -13 306 0 0 1
0.567791 -0.972638 960 -0.256528 -0.0779986 4.04732 89.4238 -13 307 0 0 1
-0.0536915 -0.0300577 960 -0.0130255 0.0580166 12.3575 34.4618 -13 308 0 0 1
-0.0164537 0.13086 960 0.0597934 -0.13763 9.51282 56.1442 -13 309 0 0 1
0.111695 0.189571 960 0.143263 -0.00528008 5.53288 69.6428 -13 310 0 0 1
0.0686798 0.0342742 960 -0.00798685 -0.1034 13.9656 41.9655 -13 311 0 0 1
0.0327322 -0.0408388 960 -0.014507 0.00752924 12.1425 35.4442 -13 312 0 0 1
-0.0272276 0.0167358 960 -0.050556 -0.0197111 13.0311 28.412 -13 313 0 0 1
0.0435764 0.251305 960 0.0884137 -0.0780082 13.7655 26.7642 -13 314 0 0 1
-0.0808789 0.0888752 960 0.0439199 0.0330912 11.5954 33.5692 -13 315 0 0 1
-0.179999 0.247323 960 0.0181671 -0.000724186 9.05998 44.3544 -13 316 0 0 1
0.172093 0.173955 960 0.0999443 -0.138996 5.97928 61.6797 -13 318 0 0 1
-2.58285 -1.6451 960 -0.0481085 0.0200324 0.0156583 60.6356 11 318 1001 0 1
-0.0100932 -0.18276 960 -0.0327934 -0.0277789 13.7968 30.909 -13 320 0 0 1
-0.0793985 -0.0660985 960 -0.0424146 0.0494502 9.9682 40.0642 -13 321 0 0 1
0.0775508 0.108334 960 0.0253626 0.000527877 12.7346 32.9226 -13 322 0 0 1
0.173639 -0.472823 960 -0.0938036 -0.0382504 5.9575 63.5227 -13 323 0 0 1
0.0454179 -0.281098 960 -0.0162004 0.025801 11.4263 56.9918 -13 325 0 0 1
-0.156633 -0.00460004 960 0.0160283 0.0346489 10.6791 52.5829 -13 326 0 0 1
-0.040232 -0.121182 960 -0.0455433 -0.000558093 12.4394 40.8776 -13 327 0 0 1
0.144144 -0.126922 960 0.120549 0.00696857 3.77562 102.855 -13 328 0 0 1
-0.00670565 -0.280731 960 -0.0786138 -0.0399587 11.9675 51.0941 -13 329 0 0 1
0.024295 0.183225 960 -0.0458791 -0.136749 8.86687 46.6293 -13 330 0 0 1
-0.0393259 0.067935 960 0.0413267 0.0305856 5.38298 62.4207 -13 331 0 0 1
0.554042 1.03334 960 0.0168285 0.00484765 4.59799 76.1534 -13 332 0 0 1
0.060223 0.0158918 960 -0.0558448 -0.0529222 9.78982 46.2572 -13 333 0 0 1
-0.167554 0.0986419 960 0.0282038 0.124145 12.8438 29.5799 -13 334 0 0 1
0.109522 0.279879 960 0.0732463 0.0308245 14.2383 45.5331 -13 335 0 0 1
0.0679621 -0.379356 960 9.58205e-05 -0.0195579 5.5415 73.7395 -13 336 0 0 1
1.07467 1.33208 960 0.00924342 -0.022956 0.0239209 73.7557 11 336 1001 0 1
0.00520521 -0.0401994 960 -0.0218911 -0.000455111 13.7289 43.663 -13 337 0 0 1
0.144144 0.372822 960 0.131186 -0.0256706 9.58381 60.2238 -13 338 0 0 1
-3.16117 3.73908 960 0.0125755 -0.0416811 0.0285544 61.5934 11 338 1001 0 1
0.0514304 0.434966 960 0.2058 0.0410707 9.28449 65.6007 -13 339 0 0 1
0.0233439 -0.0523022 960 0.00539479 -0.00565699 12.4477 55.3603 -13 341 0 0 1
0.197803 -0.0195298 960 0.00597352 -0.0710311 13.2276 32.5655 -13 344 0 0 1
0.0540739 -0.150496 960 0.215796 -0.0574486 9.61428 36.3477 -13 345 0 0 1
-0.0169824 -0.117338 960 -0.0362616 0.0215513 13.4466 40.9254 -13 346 0 0 1
0.013124 0.0544701 960 0.00935649 -0.0139123 12.0901 43.2172 -13 347 0 0 1
-0.16237 0.0699327 960 0.0596517 0.069414 13.7732 51.5627 -13 348 0 0 1
0.0803296 0.260051 960 0.185647 -0.0602422 7.02216 62.4306 -13 349 0 0 1
-0.250384 0.172389 960 0.110344 -0.0102447 7.68084 67.4602 -13 350 0 0 1
1.89527 -1.00151 960 -0.868489 0.396207 4.0299 86.5773 -13 351 0 0 1
-0.80114 -0.630257 960 -0.226513 0.0851208 3.66554 93.711 -13 352 0 0 1
-0.21471 -0.127357 960 -0.0931433 0.150789 10.8229 59.0805 -13 354 0 0 1
-1.68651 -1.20697 960 0.0457247 -0.0631823 1.98676 132.988 -13 355 0 0 1
0.29005 -0.1764 960 0.0133513 -0.128678 9.72356 63.084 -13 356 0 0 1
-0.0559755 0.307676 960 -0.00719063 0.00562603 10.5954 59.7255 -13 357 0 0 1
-0.12774 0.0581091 960 -0.0308641 0.101905 10.872 49.1448 -13 358 0 0 1
0.0476663 -0.00801403 960 -0.00547949 0.00132488 11.7742 35.542 -13 359 0 0 1
-0.0425387 0.00826629 960 -0.00486461 0.0303302 13.4949 47.2565 -13 360 0 0 1
0.153583 -0.639002 960 0.230736 0.473207 3.18845 97.0458 -13 361 0 0 1
-0.0886383 -0.116817 960 -0.0317865 0.0340808 8.7082 40.1992 -13 362 0 0 1
0.131018 -0.113451 960 0.0342533 -0.0762783 12.1504 56.8477 -13 363 0 0 1
-0.0070655 -0.0633295 960 -0.00774524 -0.0398506 14.4434 28.8471 -13 364 0 0 1
0.145359 0.0455766 960 -0.00272151 -0.0270976 11.8364 33.9659 -13 365 0 0 1
-0.0308467 -0.239632 960 0.0202527 -0.0185674 7.84805 44.4307 -13 366 0 0 1
0.0354316 0.402011 960 0.180784 -0.0496279 11.6956 54.1227 -13 367 0 0 1
-0.265181 -0.317307 960 -0.0205147 0.169207 5.89379 76.1255 -13 368 0 0 1
0.0204838 -0.135016 960 -0.00838051 -0.0275101 6.33293 56.8646 -13 370 0 0 1
0.122083 0.382024 960 0.135028 -0.131803 14.5152 41.6839 -13 371 0 0 1
0.0638686 -0.222905 960 -0.0564675 -0.0666702 14.1937 33.624 -13 373 0 0 1
-0.0323608 0.0145319 960 -0.0694143 -0.205544 4.7709 74.5217 -13 374 0 0 1
0.00896379 0.0165348 960 -0.00866893 0.00646181 13.362 47.9092 -13 375 0 0 1
0.668913 -0.104163 960 -0.238854 0.177363 6.53639 64.5458 -13 376 0 0 1
-0.0423615 -0.0295091 960 0.0190504 -0.00961336 10.4941 42.8954 -13 377 0 0 1
-0.300563 -0.29659 960 -0.0649025 0.0958452 7.33888 49.3133 -13 379 0 0 1
0.135163 0.318862 960 0.101763 -0.0994929 10.695 37.5059 -13 380 0 0 1
-0.0344489 0.065736 960 0.0569927 -0.0361532 7.76321 56.5331 -13 381 0 0 1
0.135152 -0.0173436 960 0.0142187 -0.0618283 13.3911 38.4673 -13 382 0 0 1
0.134522 -0.247903 960 -0.111553 -0.0675322 14.0935 39.1503 -13 384 0 0 1
-0.0949098 -0.0463336 960 -0.0167679 0.0246323 14.4518 33.2692 -13 386 0 0 1
-0.0151229 -0.00875975 960 0.0214894 -0.0287428 14.4239 41.9608 -13 387 0 0 1
0.0188228 0.0541595 960 0.00050723 0.0533148 9.31568 60.47 -13 388 0 0 1
-0.0120933 -0.00937377 960 -0.0593319 0.052414 13.4334 44.431 -13 389 0 0 1
-5.74579 5.14697 960 -0.0194382 0.0120249 0.0524529 48.9695 11 389 1001 0 1
0.0986382 0.0736607 960 0.0122805 -0.152902 10.3019 42.6903 -13 390 0 0 1
0.162695 -0.289 960 -0.086281 -0.0908682 8.62452 67.8183 -13 391 0 0 1
-0.574964 -0.216775 960 0.0524385 0.209051 8.07757 69.5155 -13 392 0 0 1
-0.226057 0.0850835 960 0.00342655 0.0242238 3.50488 90.4176 -13 393 0 0 1
0.29762 2.00864 960 0.331105 -0.267203 3.29947 99.1549 -13 394 0 0 1
0.277345 -0.260171 960 0.101281 -0.0843893 14.0754 33.6269 -13 395 0 0 1
-0.0589452 -0.146507 960 -0.0328725 -0.0201883 6.99634 64.556 -13 396 0 0 1
0.102527 -0.128372 960 -0.00660438 -0.00220036 14.4938 31.461 -13 397 0 0 1
0.272107 -0.792246 960 0.1568 0.388736 13.2871 33.4917 -13 398 0 0 1
-0.157591 0.00228808 960 -0.0610286 0.100983 12.6075 30.9323 -13 399 0 0 1
-0.273942 -0.00586043 960 -0.00015164 0.0920018 11.6272 41.1641 -13 400 0 0 1
-0.0630238 0.226933 960 0.0385255 0.00630074 11.1566 44.216 -13 401 0 0 1
0.231792 0.198052 960 -0.077263 0.00726951 7.26674 48.4743 -13 402 0 0 1
0.253726 0.231961 960 -0.171144 -0.0470775 5.59932 79.7007 -13 403 0 0 1
0.0796209 -0.0253701 960 -0.0429183 0.00388456 14.3869 32.6523 -13 404 0 0 1
-0.0606977 0.250166 960 0.250977 0.0517237 12.7642 44.3039 -13 405 0 0 1
5.82754 0.487201 960 -0.0435184 -0.00617714 0.0808762 42.094 11 405 1001 0 1
-0.117716 -0.201814 960 -0.0224534 0.0281915 7.06073 63.3145 -13 406 0 0 1
0.0720014 0.0775968 960 0.0868807 0.124041 4.47625 95.7814 -13 407 0 0 1
-0.240205 0.17552 960 0.0197141 0.0491893 10.845 53.2939 -13 408 0 0 1
-0.0588435 -0.0444442 960 0.0733922 0.093051 12.1931 31.9604 -13 409 0 0 1
0.0465569 -0.267051 960 0.0638585 0.0161546 7.13005 57.8469 -13 410 0 0 1
0.0550101 -0.43239 960 -0.0634635 0.0208928 6.75264 55.2456 -13 411 0 0 1
-0.0788182 0.114158 960 -0.0946976 0.00796366 7.17056 51.9132 -13 412 0 0 1
0.19296 0.329066 960 0.111932 0.167616 5.45736 61.4441 -13 413 0 0 1
-0.0741446 -0.106061 960 -0.00632564 -0.00468664 9.81061 41.701 -13 414 0 0 1
0.112568 0.00525263 960 0.0354188 -0.0920491 8.21791 48.6937 -13 415 0 0 1
-0.170654 -0.0563894 960 -0.0235017 -0.0360274 12.6076 41.3434 -13 416 0 0 1
-0.452745 0.43908 960 0.136482 0.214127 6.37724 58.7002 -13 417 0 0 1
0.110175 0.00268863 960 0.0474593 -0.0572948 9.94074 60.9671 -13 418 0 0 1
5.4262 -6.11927 960 -0.0236133 -0.0353799 0.0399391 59.1303 11 418 1001 0 1
-0.0210057 0.271645 960 0.103848 0.183151 7.63357 58.557 -13 419 0 0 1
0.0817537 0.109887 960 0.079284 -0.0567129 12.3877 37.7687 -13 420 0 0 1
-0.619915 0.0629988 960 0.0316209 0.0465401 0.0793437 37.4114 11 420 1001 0 1
-0.117261 0.0670499 960 0.0429207 -0.00627434 13.1961 31.1321 -13 421 0 0 1
0.197718 -0.173863 960 -0.181734 -0.13932 6.9995 52.5208 -13 422 0 0 1
0.305974 -0.421226 960 -0.0310918 -0.0616194 9.28597 46.8819 -13 424 0 0 1
-0.388399 0.485771 960 0.0897611 -0.00894797 4.85675 96.1007 -13 425 0 0 1
-0.0719047 -0.168192 960 -0.0913561 -0.0255778 4.84665 92.1626 -13 426 0 0 1
0.0627158 -0.100549 960 -0.0540747 -0.00275768 10.7941 57.7138 -13 427 0 0 1
-0.308054 0.496731 960 0.21539 -0.111256 6.90331 57.1538 -13 428 0 0 1
-0.306062 0.269253 960 -0.0391557 -0.0961713 7.72282 57.1373 -13 429 0 0 1
0.03966 -0.0108287 960 0.0144403 -0.0411354 9.9158 45.0383 -13 430 0 0 1
0.0662588 0.181755 960 0.0668121 -0.0720952 10.8223 41.8266 -13 431 0 0 1
0.13476 -0.0461513 960 -0.0178961 -0.0504973 9.92815 52.7812 -13 432 0 0 1
0.0217618 -0.0733134 960 -0.0507819 -0.0101819 11.0196 56.5198 -13 433 0 0 1
-0.0220546 -0.0144404 960 -0.0292798 0.0310864 13.6831 36.6956 -13 434 0 0 1
-0.206872 0.142823 960 0.0949884 0.000214548 11.3683 45.3197 -13 435 0 0 1
-0.0585307 -0.102971 960 0.0421159 -0.0500481 11.1993 37.5515 -13 436 0 0 1
0.0219337 -0.0284076 960 0.0274288 0.0384165 10.6767 43.5725 -13 437 0 0 1
0.102831 -0.19379 960 0.00566051 -0.0099491 11.0591 47.467 -13 438 0 0 1
-1.08128 0.062232 960 -0.0264182 0.0271814 0.061474 47.4896 11 438 1001 0 1
0.0828815 -0.139942 960 0.0187604 -0.021231 11.9349 57.5127 -13 439 0 0 1
0.701693 0.63223 960 0.219205 -0.175457 8.77596 59.8509 -13 440 0 0 1
-1.77086 -1.23242 960 -0.0192024 -0.0250354 0.0511393 59.1474 11 440 1001 0 1
-0.299922 0.137701 960 -0.0199673 0.0952596 11.3771 44.485 -13 441 0 0 1
-0.21015 -0.0685431 960 0.0144996 -0.0304225 3.46055 89.0114 -13 442 0 0 1
0.0534774 -0.1417 960 -0.0523165 -0.108313 7.5176 70.8899 -13 443 0 0 1
0.101185 0.117356 960 0.0418657 0.00531448 11.3652 41.1661 -13 444 0 0 1
0.296884 0.0938538 960 0.0788328 -0.160142 7.91917 68.7778 -13 445 0 0 1
0.0442133 0.198105 960 0.0804561 -0.01695 13.3884 52.6543 -13 446 0 0 1
0.141116 -0.26902 960 -0.0461182 -0.0325986 11.535 41.9728 -13 447 0 0 1
0.204965 0.0392364 960 0.103049 -0.0248385 9.781 38.7518 -13 448 0 0 1
0.177179 0.0485823 960 0.0182196 -0.0347112 8.11656 46.7602 -13 449 0 0 1
0.634262 -0.608218 960 -0.348577 -0.0283506 12.3255 57.3114 -13 450 0 0 1
-0.0597234 0.196147 960 0.0534982 5.72653e-05 7.77339 64.2961 -13 451 0 0 1
0.199285 -0.0919007 960 -0.0667733 -0.0812331 11.85 55.6732 -13 452 0 0 1
0.00136504 0.0470504 960 0.0114403 -0.0190342 12.9474 54.5926 -13 453 0 0 1
0.178305 -0.0936232 960 0.0112254 -0.0352901 9.50416 45.379 -13 454 0 0 1
0.0392349 -0.262961 960 -0.109877 0.0438948 13.9651 28.717 -13 456 0 0 1
-0.0264729 1.9855 960 -0.0423596 0.0111571 0.0296018 31.2438 11 456 1001 0 1
-0.0926668 -0.148317 960 0.00436273 0.0453806 9.42 38.1191 -13 457 0 0 1
-0.111803 0.148394 960 0.0402002 -0.0681179 11.5705 56.5545 -13 458 0 0 1
-0.24245 -0.371705 960 0.0693272 0.186001 7.93782 51.7747 -13 459 0 0 1
0.122376 0.0195087 960 0.0393468 -0.00854543 10.5546 35.7711 -13 460 0 0 1
-0.0447846 0.0357102 960 -0.00475187 0.00553323 13.4422 51.8089 -13 461 0 0 1
-0.214862 -0.103116 960 -0.0762566 0.0304979 13.5683 51.6198 -13 462 0 0 1
0.0239813 0.830624 960 0.0319112 0.0437753 0.0950201 50.4361 11 462 1001 0 1
0.0055298 -0.0969918 960 0.00954865 0.0428513 7.62049 56.9046 -13 463 0 0 1
-0.0125174 0.803058 960 0.412934 -0.0343342 3.33009 117.245 -13 464 0 0 1
0.250242 0.108107 960 0.100026 -0.144288 9.86445 40.4992 -13 465 0 0 1
-0.355364 0.248295 960 0.0546288 0.0404957 7.33259 48.1849 -13 466 0 0 1
0.0913367 -0.0484848 960 0.0594178 -0.0799779 14.0364 28.0388 -13 467 0 0 1
0.10004 0.152894 960 -0.00594502 0.00586612 0.0426076 43.3389 11 467 1001 0 1
0.0646551 0.203433 960 0.0633436 0.0106571 8.7816 49.5637 -13 468 0 0 1
0.175864 -0.589232 960 -0.0240145 0.0653859 4.6313 87.7634 -13 469 0 0 1
-0.101765 0.341226 960 0.19298 0.109313 6.29757 56.1496 -13 470 0 0 1
0.0684382 0.0847843 960 0.0271148 0.013973 9.9365 54.9131 -13 472 0 0 1
-1.64835 -0.995992 960 0.00208433 -0.00970052 0.0840775 46.3041 11 472 1001 0 1
0.401285 -0.425278 960 0.0956721 -0.193937 5.16904 65.4749 -13 473 0 0 1
-1.23757 -8.69205 960 0.00613967 0.00966436 0.0369583 62.8214 11 473 1001 0 1
-0.463518 -0.0771643 960 -0.0517686 0.0789908 8.20421 57.0219 -13 474 0 0 1
-0.0673584 -0.0544037 960 -0.027139 0.0465265 11.774 39.7434 -13 475 0 0 1
0.24022 0.109272 960 0.0724626 -0.119554 7.78359 44.9105 -13 476 0 0 1
0.137616 0.0705254 960 -0.0125358 -0.0380728 9.462 52.5107 -13 477 0 0 1
0.144106 -0.075539 960 0.0674611 -0.10568 9.72579 38.3778 -13 478 0 0 1
-0.755592 0.0027472 960 -0.0270548 0.092629 5.21664 66.4453 -13 479 0 0 1
-0.0477803 -0.307133 960 -0.0233373 0.00446931 10.6899 49.4757 -13 480 0 0 1
0.246394 -0.135075 960 -0.147703 -0.159463 8.93615 52.8442 -13 481 0 0 1
0.0397444 -0.119663 960 -0.0325001 0.0976882 6.41399 81.6116 -13 482 0 0 1
-0.0718356 -0.0467261 960 -0.0278891 0.0171474 14.0383 53.9527 -13 483 0 0 1
0.182259 0.261069 960 0.143017 -0.0593512 7.39623 60.1113 -13 484 0 0 1
-0.155878 -0.0492053 960 -0.00835327 0.0741999 11.316 34.1653 -13 485 0 0 1
-0.299663 0.115175 960 0.111197 -0.0617895 7.26388 54.6956 -13 486 0 0 1
0.130979 0.026636 960 0.01898 -0.0545001 13.0032 44.8849 -13 487 0 0 1
0.516259 0.299152 960 0.268422 0.000168601 5.10128 84.7393 -13 488 0 0 1
0.19334 0.0352136 960 0.0403409 -0.0952983 13.8691 29.9089 -13 489 0 0 1
-0.730391 0.130569 960 0.057482 -0.113109 3.31828 94.422 -13 490 0 0 1
-0.00477556 -0.0542789 960 -0.0339957 -0.113204 7.46475 70.3377 -13 491 0 0 1
3.60311 -0.896681 960 -0.0113145 -0.0271167 0.0467321 64.6019 11 491 1001 0 1
-0.0328604 0.0715062 960 0.010325 -0.0152467 13.9248 29.2298 -13 492 0 0 1
-0.240541 0.0206298 960 0.0030592 0.0413319 12.4201 52.7774 -13 493 0 0 1
-0.0328815 -0.0202874 960 -0.0640737 -0.0168825 12.9473 50.3818 -13 494 0 0 1
-0.00403562 -0.0103756 960 -0.0487551 0.00731628 14.4424 25.5518 -13 495 0 0 1
0.00534369 -0.351309 960 -0.142253 -0.0341219 10.7074 39.3448 -13 496 0 0 1
0.0877121 0.0370085 960 0.0323511 -0.0538114 14.0465 25.8851 -13 497 0 0 1
0.0975272 0.0731177 960 0.025194 -0.015376 13.5392 42.0866 -13 498 0 0 1
-2.19315 1.09642 960 -0.0197881 -0.0124407 0.129307 30.8289 11 498 1002 0 1
-0.288193 0.0135264 960 0.0930218 0.130143 11.9233 44.7789 -13 499 0 0 1
0.153572 0.278617 960 0.0733564 -0.045783 12.6436 40.7792 -13 500 0 0 1
-0.00733457 -0.0174297 960 -0.0383463 0.0102889 10.8619 42.0504 -13 501 0 0 1
-0.152704 -0.0167246 960 0.0108691 0.0182916 14.4259 29.4084 -13 502 0 0 1
0.155344 -0.160934 960 -0.000276523 -0.0327662 10.2104 39.6027 -13 503 0 0 1
-0.0225088 -0.126372 960 -0.0654064 -0.0313175 11.1601 47.9342 -13 504 0 0 1
-1.42434 0.0212441 960 0.238205 -0.27069 2.77064 116.686 -13 505 0 0 1
-0.0885769 -0.366591 960 -0.00494142 -0.0630817 8.62158 47.7217 -13 506 0 0 1
0.0973636 -0.171051 960 -0.0765637 -0.0436922 12.4489 39.7302 -13 507 0 0 1
0.0598456 -0.163813 960 -0.0429252 -0.0529716 11.3805 55.8859 -13 508 0 0 1
0.0419539 0.0794704 960 0.0420658 0.0524297 8.12124 62.5577 -13 509 0 0 1
-0.234376 -0.513689 960 -0.222113 0.0410379 10.4853 42.7955 -13 510 0 0 1
0.0060212 0.0434245 960 -0.00912963 -0.0165619 10.4112 36.2672 -13 511 0 0 1
-0.284832 -0.15325 960 -0.0492051 0.0765306 12.8452 44.9322 -13 512 0 0 1
-0.630995 -2.34584 960 0.0129327 -0.0375418 0.0403905 48.8556 11 512 1001 0 1
-2.86489 -1.7904 960 -0.00668039 -0.00750639 -0.0498494 51.7682 11 512 1001 0 1
0.0297051 0.07391 960 6.36779e-05 -0.000922312 13.324 26.8596 -13 513 0 0 1
0.21767 -0.44439 960 -0.127401 -0.167399 7.8856 48.917 -13 514 0 0 1
0.0268369 0.0469902 960 -0.00880941 0.0236147 10.1869 57.5692 -13 515 0 0 1
-0.0463126 -0.447502 960 -0.167496 -0.00294469 3.45954 97.132 -13 516 0 0 1
1.22319 1.62137 960 0.441757 -0.0588993 8.09278 45.057 -13 517 0 0 1
4.25858 -6.80132 960 -0.000555875 0.0125377 0.0381889 46.8465 11 517 1001 0 1
0.0493684 -0.0596481 960 0.351928 0.0765438 12.352 33.206 -13 518 0 0 1
0.13285 -0.318264 960 -0.069718 -0.00114864 11.6361 48.5127 -13 519 0 0 1
0.00311635 0.0159663 960 0.0129329 0.0135384 11.61 46.9877 -13 520 0 0 1
0.00714376 -0.0552498 960 0.0149277 0.00438507 12.934 38.3566 -13 522 0 0 1
-0.0519958 -0.00947702 960 0.0464323 0.0265337 13.5703 41.6755 -13 523 0 0 1
0.332795 0.398329 960 0.165221 0.174186 3.28286 116.275 -13 524 0 0 1
0.0775657 0.0206717 960 0.0522931 0.067115 9.68119 42.7371 -13 525 0 0 1
0.00531381 -0.133135 960 -0.0531551 -0.0116197 11.6744 49.3684 -13 526 0 0 1
3.96655 -2.23122 960 0.201328 -0.328912 1.73926 146.53 -13 527 0 0 1
-0.228369 -0.164375 960 -0.0321983 0.0681125 12.4243 43.9303 -13 528 0 0 1
1.3356 -1.971 960 -0.0230982 -0.0476832 0.0308341 48.6063 11 528 1001 0 1
-0.129457 0.141796 960 0.0421118 0.0729721 11.2582 53.6052 -13 529 0 0 1
-0.0625131 -0.130844 960 -0.0166373 0.00166771 8.25513 64.0473 -13 530 0 0 1
-0.0201431 0.0587963 960 -0.0186115 0.062808 12.9447 40.5574 -13 531 0 0 1
0.217355 0.00530072 960 -0.303223 -0.0858533 13.7208 54.395 -13 532 0 0 1
0.602177 -0.548442 960 -0.0361421 0.024141 0.109019 48.3854 11 532 1001 0 1
-0.166178 -0.178128 960 -0.195305 -0.0487809 9.03414 61.0473 -13 533 0 0 1
-0.0868982 0.205116 960 0.0713166 -0.0214895 9.12669 60.9875 -13 534 0 0 1
0.00530973 0.0480961 960 0.0406698 -0.0223403 9.81995 37.7725 -13 535 0 0 1
-0.0295279 0.163521 960 0.0344245 0.0308547 13.0227 35.8376 -13 536 0 0 1
0.999833 0.201081 960 -0.326197 -0.0713226 4.089 92.2066 -13 537 0 0 1
0.014512 0.0562097 960 -0.0506059 -0.0212658 14.4133 42.3404 -13 538 0 0 1
1.59915 -1.36573 960 -0.0152875 0.0596256 0.0139084 56.2982 11 538 1001 0 1
0.146236 0.115511 960 0.0321007 -0.117856 11.2283 36.446 -13 539 0 0 1
-1.4586 -9.92897 960 0.0178602 0.00680023 0.0427196 38.2082 11 539 1002 0 1
-0.0201265 0.0635119 960 0.0475449 -0.00423093 11.225 56.3452 -13 540 0 0 1
0.0468826 -0.0306845 960 -0.05448 -0.021988 7.24871 68.5294 -13 541 0 0 1
-0.0828149 -0.0298772 960 -0.045429 -0.12693 12.7818 30.9096 -13 542 0 0 1
0.250013 -0.0239752 960 -0.0901179 -0.155289 8.45773 53.0765 -13 543 0 0 1
0.142939 -0.195925 960 0.0132232 -0.0611858 13.7235 53.2491 -13 544 0 0 1
-0.507827 -0.415748 960 -0.0428385 0.310352 4.6616 95.948 -13 545 0 0 1
0.0221884 -0.0181114 960 -0.00950187 -0.0154961 6.56715 71.1653 -13 546 0 0 1
0.0217655 0.00736566 960 -0.00651176 0.0142269 10.6274 51.9556 -13 547 0 0 1
-2.40635 4.51831 960 0.0111999 -0.016517 0.0314686 53.5076 11 547 1001 0 1
-0.0454886 -0.033191 960 -0.0179517 -0.0460689 9.82309 54.0976 -13 548 0 0 1
0.0707313 0.121569 960 0.0415679 0.0155111 9.58733 61.4593 -13 549 0 0 1
-0.0529374 0.378462 960 0.151303 0.0312539 8.52654 56.586 -13 550 0 0 1
-0.023458 0.035457 960 -0.0212997 -0.00688505 10.5509 38.3977 -13 551 0 0 1
-0.194926 -0.0650635 960 -0.0841101 0.0821301 11.2992 40.6503 -13 552 0 0 1
-0.407949 -0.0654533 960 -0.0354997 0.167275 7.86379 55.1597 -13 553 0 0 1
-0.29268 -0.14028 960 -0.0145944 0.0283913 4.59214 71.3083 -13 554 0 0 1
0.219 -0.335753 960 -0.088577 0.00712816 7.90717 70.5284 -13 555 0 0 1
0.0827426 -0.266705 960 0.092694 0.0702977 5.80762 77.2204 -13 556 0 0 1
2.66678 0.476488 960 -0.0151236 0.0281775 0.0282249 77.1585 11 556 1001 0 1
-0.0262095 -0.0212162 960 -0.031264 0.0165671 13.555 32.0839 -13 557 0 0 1
-0.208741 0.135612 960 0.0475232 0.0519764 10.9176 59.8176 -13 559 0 0 1
-0.0260651 0.0417684 960 0.00800188 -0.0206161 13.5881 26.3099 -13 560 0 0 1
0.140583 0.274453 960 0.104288 0.0106982 4.98741 92.5202 -13 561 0 0 1
-0.205638 -0.266709 960 -0.0911542 0.0280267 11.0268 34.9155 -13 562 0 0 1
-0.0909719 -0.114565 960 0.0111557 0.043808 12.0827 43.9346 -13 563 0 0 1
0.0980016 0.0275252 960 0.0995715 0.0142309 10.5381 60.8465 -13 564 0 0 1
0.0921701 0.0366362 960 0.00716143 -0.056145 14.2153 29.8464 -13 565 0 0 1
0.264483 -0.0593442 960 -0.0455492 -0.0534747 9.36878 48.3786 -13 566 0 0 1
-0.0642556 -0.0217955 960 -0.0104796 0.0499986 10.5355 44.2286 -13 567 0 0 1
-1.10693 0.46666 960 0.351013 0.240034 11.8357 55.2006 -13 568 0 0 1
0.196337 -0.152104 960 -0.0437494 -0.0815595 13.5322 36.8276 -13 569 0 0 1
0.0700346 -0.00208031 960 -0.0158111 -0.0794814 11.0615 56.8702 -13 570 0 0 1
0.081086 -0.336578 960 -0.124596 -0.0910962 12.6167 40.8654 -13 571 0 0 1
0.145956 0.116672 960 0.0716086 0.0306869 9.8098 47.2409 -13 572 0 0 1
0.120189 -0.260684 960 -0.0251664 -0.0967109 6.46307 64.8632 -13 573 0 0 1
-0.122964 -0.117084 960 -0.0502966 0.00508249 13.7321 33.9985 -13 574 0 0 1
-0.0851966 0.0976595 960 0.0259427 0.219548 6.96712 67.1503 -13 575 0 0 1
0.0465438 -0.0194359 960 -0.0622276 0.0268269 10.5911 51.5697 -13 576 0 0 1
0.0986468 -0.029414 960 -0.024797 -0.0185487 13.3763 28.559 -13 577 0 0 1
0.748428 -0.534609 960 -0.0919106 -0.154326 8.31762 52.2107 -13 578 0 0 1
0.0814093 0.125094 960 0.0212002 -0.00742774 13.9451 40.9498 -13 579 0 0 1
0.110986 -0.0759515 960 -0.0120563 -0.025748 12.7063 35.0003 -13 580 0 0 1
-0.604655 -1.64687 960 0.0402716 -0.018569 0.0338751 40.5045 11 580 1001 0 1
0.0720849 -0.0681912 960 -0.0282072 -0.0565498 11.0519 59.1247 -13 581 0 0 1
0.0529173 -0.0134091 960 -0.0454467 -0.0034892 8.86522 50.9968 -13 582 0 0 1
-0.212763 0.133098 960 0.107199 0.0744896 7.63528 51.5069 -13 583 0 0 1
0.0109732 -0.256278 960 -0.0768314 -0.0459407 13.9671 51.2952 -13 584 0 0 1
0.0375873 -0.271357 960 -0.0997648 -0.0562457 11.2011 38.8025 -13 585 0 0 1
-0.127328 -0.175182 960 -0.0716651 -0.0465426 9.33786 61.5804 -13 586 0 0 1
0.0480689 -0.0603001 960 0.0144297 -0.00113052 13.7479 44.593 -13 587 0 0 1
-0.0289647 0.125575 960 -0.0531073 -0.0135206 9.56013 45.5306 -13 588 0 0 1
0.120735 -0.0724807 960 -0.0688466 -0.0500273 13.2381 38.4546 -13 589 0 0 1
-0.235313 0.266875 960 -0.111721 0.124478 9.04775 49.5238 -13 591 0 0 1
-0.00247421 2.58931 960 -0.013981 -0.0295448 0.0406341 48.148 11 591 1001 0 1
-0.330633 -0.200514 960 -0.0696858 0.132307 8.19754 54.153 -13 592 0 0 1
0.174425 -0.274524 960 -0.018186 -0.0694059 5.65706 85.8837 -13 593 0 0 1
-0.0674421 0.080286 960 -0.0128141 0.00988212 10.7149 61.3236 -13 594 0 0 1
-0.390176 -0.0354479 960 -0.0750464 0.165922 9.97044 49.0243 -13 595 0 0 1
-0.127614 0.299178 960 0.0283662 0.0667019 8.06362 59.0197 -13 596 0 0 1
-0.0788443 -0.249864 960 -0.0181503 0.0837208 10.3929 44.8512 -13 597 0 0 1
-0.43191 0.730242 960 0.107119 0.225554 5.71215 65.4689 -13 599 0 0 1
0.0498907 0.228065 960 0.120846 -0.00605465 12.534 45.5421 -13 601 0 0 1
-0.113036 -0.0797543 960 0.0779917 -0.0022253 6.80918 71.5362 -13 602 0 0 1
0.0673485 0.140547 960 0.019005 0.0363074 9.10623 59.6292 -13 603 0 0 1
0.446143 -0.78723 960 0.0119294 0.0392834 0.0638215 56.9367 11 603 1001 0 1
-8.63598 2.56132 960 0.0123579 0.0113577 0.0694954 48.2241 11 603 1002 0 1
-0.0482104 0.237099 960 0.0914911 0.146863 7.44048 58.4378 -13 604 0 0 1
0.196426 0.25606 960 0.0995647 -0.0132076 4.34879 80.2823 -13 605 0 0 1
0.0467456 0.0603875 960 -0.0649661 -0.0237995 12.3382 44.3561 -13 606 0 0 1
-0.0209777 -0.778625 960 -0.00771648 -0.0131036 0.105891 37.5116 11 606 1001 0 1
-0.0201708 -0.259909 960 -0.0370494 -0.0635345 11.8626 34.749 -13 607 0 0 1
-0.290732 0.0231262 960 0.0616379 0.123558 12.9125 41.5654 -13 608 0 0 1
0.00390853 0.103863 960 0.0536326 0.0245935 11.8503 33.9458 -13 609 0 0 1
0.106796 0.156253 960 0.0182597 0.035241 8.78159 46.1881 -13 610 0 0 1
0.118058 0.0976 960 0.0144555 -0.0279687 10.2946 38.2367 -13 611 0 0 1
-0.0634998 0.0589716 960 0.0282711 0.0332213 7.77616 55.5169 -13 612 0 0 1
-0.0159718 0.0095926 960 7.72749e-05 -0.00691009 12.457 42.1581 -13 613 0 0 1
0.00955501 -0.13707 960 -0.0591892 -0.0287401 12.1029 30.7582 -13 614 0 0 1
0.318538 0.604447 960 -0.0407408 0.0699272 3.24444 108.739 -13 615 0 0 1
0.570234 0.873968 960 0.0884203 0.240721 3.44123 113.343 -13 616 0 0 1
1.90379 1.15063 960 1.48989 0.053077 10.6472 48.8572 -13 617 0 0 1
-0.159232 -0.0211114 960 0.0423692 0.0691635 8.04684 62.0328 -13 618 0 0 1
0.447543 -0.464815 960 -0.0947341 0.181022 4.55599 92.6297 -13 619 0 0 1
-0.0827012 -0.0359192 960 -0.0306157 -0.011373 12.3455 47.5343 -13 620 0 0 1
-0.311064 0.321412 960 0.180154 0.0527785 4.98306 68.533 -13 621 0 0 1
-0.0315503 -0.097443 960 -0.0471403 0.019504 11.1304 58.8995 -13 622 0 0 1
0.0417224 0.175181 960 0.0242047 0.0370011 9.67123 49.5571 -13 623 0 0 1
-0.0883183 0.0983586 960 0.058405 0.0555159 14.1692 25.6844 -13 624 0 0 1
0.213949 -0.0405834 960 -0.00715528 -0.0504433 9.09661 53.4744 -13 625 0 0 1
0.139575 0.476207 960 0.1524 0.0293899 5.91142 64.6336 -13 626 0 0 1
0.00499449 0.411285 960 0.0820972 0.0402385 9.3081 54.3141 -13 627 0 0 1
-0.0169005 -0.00192258 960 -0.0673319 -0.0088177 10.4293 39.1318 -13 629 0 0 1
-0.0203007 0.0227073 960 0.0344356 0.00481646 11.7528 56.7727 -13 630 0 0 1
0.11816 0.0411319 960 0.0202681 -0.0880054 8.81359 66.3592 -13 631 0 0 1
0.113651 0.0135731 960 -0.0114385 -0.0454664 14.059 36.8654 -13 632 0 0 1
0.123442 0.107853 960 0.00442385 -0.00850288 8.27222 49.4446 -13 633 0 0 1
-0.27619 -0.240111 960 -0.180455 -0.0157742 4.55823 73.9324 -13 634 0 0 1
0.187715 0.134269 960 0.0687939 -0.073504 8.00023 59.8644 -13 635 0 0 1
-0.110224 0.0371262 960 -0.0370883 0.0508961 14.0812 31.8672 -13 636 0 0 1
-0.524173 -0.0447741 960 -0.0389646 0.0553636 7.89197 64.8727 -13 637 0 0 1
0.2677 0.265132 960 0.0671815 -0.148929 12.6853 43.0739 -13 638 0 0 1
0.556206 0.262587 960 0.0265878 -0.198561 13.9774 30.2236 -13 639 0 0 1
-0.118718 0.0392778 960 -0.05603 0.0122393 10.7991 32.8229 -13 640 0 0 1
-0.222369 0.0762072 960 -0.175171 0.261865 3.99319 87.6994 -13 641 0 0 1
0.556311 0.0646338 960 0.0441497 -0.145462 7.07096 70.7251 -13 642 0 0 1
3.53924 -0.490446 960 -0.0223686 0.0243915 0.0191982 71.6604 11 642 1001 0 1
-0.0357753 0.032548 960 -0.0185103 0.01158 11.0442 31.7899 -13 643 0 0 1
-0.109401 -0.253465 960 -0.0571919 0.0734956 13.7255 43.6804 -13 644 0 0 1
0.111053 -0.0173201 960 0.0338663 0.0228128 9.64839 37.7423 -13 645 0 0 1
-0.0257924 -0.107323 960 -0.0254101 -0.0213036 13.7376 42.1336 -13 646 0 0 1
-0.356958 -0.0147078 960 0.0748741 0.430244 5.69012 84.656 -13 647 0 0 1
-1.69078 -1.89369 960 0.0167091 0.00645175 0.0278978 84.4902 11 647 1003 0 1
0.18208 0.961423 960 0.245876 -0.0750635 3.59493 98.1741 -13 648 0 0 1
0.473289 0.141296 960 0.153295 -0.142828 6.12639 64.7762 -13 649 0 0 1
-0.152387 -0.198012 960 -0.0298049 0.0179095 13.5222 29.6933 -13 650 0 0 1
0.00264449 0.346138 960 -0.16783 0.0595836 10.0576 47.0925 -13 651 0 0 1
0.109117 -0.162343 960 -0.0740969 0.0162976 10.4186 58.9663 -13 652 0 0 1
-0.15536 -0.0545647 960 -0.00715688 0.100288 11.8683 46.5131 -13 653 0 0 1
1.28631 3.32637 960 0.0358565 0.0498772 0.0489923 46.166 11 653 1001 0 1
-0.106004 0.121808 960 0.0493126 0.0352494 12.2729 40.4309 -13 654 0 0 1
-0.0028368 -0.0505825 960 -0.00548203 0.032331 14.3526 46.3574 -13 655 0 0 1
-0.0748068 0.039259 960 -0.0361022 0.0371955 9.53976 51.9872 -13 656 0 0 1
-0.336167 -0.215342 960 -0.0588221 0.0888713 7.91067 64.8333 -13 657 0 0 1
0.556047 0.231558 960 0.043693 -0.0959107 4.61059 85.6065 -13 658 0 0 1
1.73017 0.840099 960 0.00451159 0.00227417 0.0399286 83.4491 11 658 1001 0 1
-0.103652 0.0383402 960 0.0458223 0.0127407 14.4473 37.8349 -13 659 0 0 1
0.586517 -0.137551 960 -0.201951 -0.0788893 11.6609 51.9253 -13 660 0 0 1
0.288745 -0.112513 960 -0.0729865 -0.121176 10.5968 48.3826 -13 661 0 0 1
-0.0128078 -0.0507493 960 0.00962746 -0.0141023 12.1164 39.8477 -13 662 0 0 1
-0.190124 -0.0243955 960 -0.0802555 0.0919559 9.50773 65.1922 -13 663 0 0 1
-0.729067 0.0195967 960 -0.0520596 0.185186 8.1243 71.0015 -13 664 0 0 1
-0.0189743 -0.0725193 960 -0.0223651 -0.00718589 11.319 32.3719 -13 665 0 0 1
0.0824432 0.0941163 960 0.0073208 0.0231795 11.768 43.8935 -13 666 0 0 1
0.0155661 0.0680467 960 -0.00388264 -0.0276132 13.0742 39.2371 -13 667 0 0 1
0.512583 -0.01427 960 0.52776 0.836823 6.42798 62.2334 -13 668 0 0 1
-0.126485 0.0377379 960 0.0191754 0.0523833 9.54418 53.6561 -13 669 0 0 1
-0.0457235 0.262951 960 0.00790349 0.00140074 13.5481 42.7075 -13 670 0 0 1
-0.00889649 0.107547 960 0.087602 -0.0511097 13.1329 46.0126 -13 671 0 0 1
0.283002 0.372793 960 0.0640109 -0.0782723 3.41058 103.668 -13 673 0 0 1
-0.0793722 0.0201225 960 -0.0066207 -0.0652452 12.5224 56.8237 -13 674 0 0 1
-1.60229 0.0902208 960 0.422013 0.473331 7.00039 55.9986 -13 675 0 0 1
0.0303459 -0.0874438 960 -0.124922 -0.0398107 12.8719 52.8497 -13 676 0 0 1
0.0212009 -0.141577 960 -0.0155145 -0.0438442 11.8079 35.9377 -13 677 0 0 1
-0.0913118 -0.0740491 960 0.00725434 -0.0052613 9.33755 52.3359 -13 678 0 0 1
0.22731 0.181721 960 0.0898037 0.00175627 8.03526 55.027 -13 679 0 0 1
-0.0191329 0.0563467 960 -0.0203004 -0.083706 9.20373 55.7134 -13 680 0 0 1
-0.0656518 0.0837561 960 0.0472613 0.0103316 14.0607 27.3737 -13 681 0 0 1
-0.049964 0.0809586 960 0.00504789 0.022509 13.2339 27.2084 -13 682 0 0 1
0.165386 -0.0397615 960 -0.0368863 -0.0255388 12.9887 51.518 -13 683 0 0 1
1.13277 -0.116226 960 -0.223201 -0.30593 8.58191 56.2429 -13 684 0 0 1
-0.00258644 0.212391 960 -0.0246879 -0.0838334 7.96294 50.0729 -13 685 0 0 1
0.00836571 0.126078 960 0.000293379 -0.0298882 11.5446 56.8775 -13 686 0 0 1
0.208167 0.396456 960 0.157191 -0.0924399 8.9822 44.584 -13 687 0 0 1
0.106095 0.0762286 960 -0.0322291 -0.0378491 12.828 49.8414 -13 688 0 0 1
0.743804 0.420398 960 -2.74981e-05 -0.253371 9.7516 57.5263 -13 689 0 0 1
3.81805 -5.63188 960 0.00314042 -0.00275916 0.049442 53.1821 11 689 1002 0 1
-0.282369 -0.763906 960 -0.356961 0.0876212 5.0041 85.1313 -13 690 0 0 1
-0.200817 0.122083 960 0.0120521 0.137029 12.2706 45.1036 -13 691 0 0 1
-0.0671692 0.087073 960 0.055143 -0.0305823 7.33148 47.8197 -13 692 0 0 1
-0.23875 0.212114 960 0.0444342 0.083216 12.7468 47.8836 -13 693 0 0 1
-0.250731 0.175616 960 0.00739839 -0.0232476 3.37795 100.248 -13 694 0 0 1
-0.387208 0.201781 960 0.0616128 0.0685863 7.23209 57.5866 -13 695 0 0 1
0.0170854 0.0365837 960 -0.0898982 -0.0503406 6.4423 65.3278 -13 696 0 0 1
1.39818 -0.483631 960 0.012521 -0.0186496 0.0389699 63.2356 11 696 1001 0 1
0.0222815 0.00562334 960 0.0597811 -0.013546 9.98137 52.7987 -13 697 0 0 1
0.0780103 0.199436 960 0.0850993 0.0356654 8.68329 47.1364 -13 698 0 0 1
-0.00483049 -0.0304431 960 -0.0372182 0.0186763 13.3333 49.639 -13 699 0 0 1
-0.969145 -0.43644 960 0.156332 0.53337 8.69772 49.5584 -13 700 0 0 1
-0.0928888 -0.310869 960 -0.0442497 0.0571247 8.96844 40.0654 -13 701 0 0 1
0.161641 0.422178 960 0.0269227 -0.104284 12.279 53.4039 -13 702 0 0 1
-0.0526712 0.514321 960 0.133926 -0.043757 12.0462 50.8177 -13 703 0 0 1
0.124872 0.00337507 960 0.000434588 -0.0973335 9.37068 45.2267 -13 704 0 0 1
-0.244716 -0.11358 960 0.0205778 0.075983 10.0632 40.6796 -13 705 0 0 1
-0.438924 0.174665 960 -0.00329815 0.141671 9.55174 51.3449 -13 706 0 0 1
-0.0586295 0.0160388 960 -0.0281936 -0.0365301 13.854 26.3771 -13 707 0 0 1
0.101827 0.132348 960 -0.0359356 -0.0617496 10.5206 50.6993 -13 708 0 0 1
0.894861 -0.436523 960 -0.0548874 0.0103257 2.56862 113.127 -13 709 0 0 1
-0.897996 0.198513 960 -0.0572078 0.208268 7.8705 62.9823 -13 710 0 0 1
-0.0411329 0.0826163 960 0.00772025 -0.055314 14.1468 26.1299 -13 711 0 0 1
0.0697124 -0.138662 960 -0.0435768 -0.00134977 11.5937 49.4105 -13 712 0 0 1
0.265153 -0.324615 960 -0.0555651 -0.0409164 6.32124 75.347 -13 713 0 0 1
0.0261087 -0.105611 960 -0.0364085 -0.000870874 14.0288 45.808 -13 714 0 0 1
0.0710096 -0.00200535 960 0.0208352 -0.0124024 12.3464 57.2522 -13 715 0 0 1
-0.550363 -0.760205 960 -0.084746 0.467726 13.1006 46.963 -13 716 0 0 1
0.0229568 -0.0165977 960 0.00974144 0.00663117 10.5775 47.7727 -13 717 0 0 1
-0.279506 -0.133483 960 0.0246655 0.096125 8.62821 47.4981 -13 718 0 0 1
-0.270959 -0.00892431 960 0.094927 0.0914884 10.5892 41.0017 -13 719 0 0 1
-0.00947934 0.272687 960 0.0977452 -0.0123842 11.2528 59.1419 -13 720 0 0 1
-0.553298 0.135247 960 -0.0478297 0.203138 9.6392 61.2411 -13 721 0 0 1
-0.304692 0.644334 960 0.175197 0.107991 5.10225 75.8309 -13 722 0 0 1
0.233477 -0.121404 960 -0.0741874 -0.0334171 8.51963 43.5056 -13 723 0 0 1
0.199742 -0.409117 960 -0.135529 -0.204986 4.5648 92.081 -13 724 0 0 1
-0.101483 1.20574 960 0.393301 -0.234699 9.55512 47.5478 -13 725 0 0 1
-0.00322665 0.0501047 960 0.0301196 0.0537902 13.5869 40.861 -13 726 0 0 1
0.257018 0.00779359 960 -0.0242874 -0.0791307 14.1133 29.4437 -13 727 0 0 1
0.0446807 0.153066 960 0.0866844 -0.132137 5.2311 73.7819 -13 729 0 0 1
-0.153269 0.260923 960 0.0942307 0.0311383 11.185 37.9844 -13 730 0 0 1
-0.0193584 0.182505 960 0.0529451 0.0431909 10.9021 34.4682 -13 731 0 0 1
0.109909 -0.154179 960 0.0482671 0.129728 4.40865 84.2152 -13 733 0 0 1
-0.0385292 0.094676 960 -0.000627211 0.179143 7.78102 47.5835 -13 734 0 0 1
0.105116 -0.0319002 960 -0.0402288 -0.0938946 10.9512 48.0994 -13 735 0 0 1
0.296581 0.0457334 960 0.00541483 -0.0963649 10.9716 41.0152 -13 736 0 0 1
-0.2023 0.151491 960 0.0916675 0.0124673 8.16105 61.9797 -13 737 0 0 1
0.188647 0.0933941 960 -0.0861882 -0.0206342 8.31609 63.9086 -13 738 0 0 1
0.0774359 -0.216831 960 -0.0745944 -0.0306145 11.8691 49.6613 -13 739 0 0 1
-0.268873 0.00305401 960 -0.0148224 0.0785975 13.0236 50.192 -13 740 0 0 1
0.241293 -0.0968865 960 -0.0626878 -0.1329 8.66598 58.8963 -13 741 0 0 1
0.0965283 0.298299 960 0.481417 0.122925 4.00355 103.421 -13 742 0 0 1
0.166629 0.0496886 960 -0.0585158 -0.0553839 8.24877 42.9878 -13 743 0 0 1
-0.0120591 0.039925 960 0.0262965 -0.0119487 11.4835 44.7461 -13 745 0 0 1
0.249384 0.00434852 960 -0.0175504 -0.108902 8.43871 66.0898 -13 746 0 0 1
3.56947 2.2862 960 -0.0226186 0.00589793 0.0692639 59.7783 11 746 1001 0 1
-0.0961908 0.0722824 960 0.00541689 -0.0117443 11.8278 51.9479 -13 747 0 0 1
0.109223 -0.0904454 960 0.0180222 0.000832102 10.5271 49.6641 -13 748 0 0 1
-0.0355147 -0.0891335 960 0.0352067 0.00775718 12.1042 29.9937 -13 749 0 0 1
-0.180292 -0.1114 960 -0.0339453 0.0261132 10.3494 54.849 -13 750 0 0 1
0.0522735 0.373491 960 0.135849 -0.00177242 11.04 55.2684 -13 751 0 0 1
-2.09192 0.931146 960 0.0442301 -0.0212003 0.0206645 57.3901 11 751 1002 0 1
0.179097 0.00423218 960 -0.0243554 -0.106725 6.44002 56.6369 -13 752 0 0 1
0.0117525 -0.104729 960 -0.0454743 0.0401758 10.76 34.7393 -13 753 0 0 1
-0.0210129 -0.00478778 960 -0.0142483 -0.0332884 8.63327 65.0518 -13 754 0 0 1
-0.421161 0.00612435 960 -0.0326757 0.189875 7.85516 50.6553 -13 755 0 0 1
-1.18041 0.00197889 960 0.360208 0.120937 5.11758 75.8863 -13 756 0 0 1
-0.136526 -0.091373 960 -0.0156349 0.00101318 7.17878 59.8644 -13 757 0 0 1
0.122146 -0.404438 960 -0.0609499 -0.0795166 7.82861 46.069 -13 758 0 0 1
0.0502604 -0.111778 960 0.00117484 -0.00673718 14.1701 40.0354 -13 759 0 0 1
0.0429157 -0.106752 960 -0.0651783 0.0376951 8.02649 62.8281 -13 760 0 0 1
-0.174238 0.0934157 960 0.102475 0.0123029 6.23247 60.3874 -13 761 0 0 1
0.0282442 -0.00278502 960 -0.0190096 -0.0634821 13.8566 53.4099 -13 762 0 0 1
-0.0361146 0.168236 960 0.0389799 0.0475648 11.1103 57.1573 -13 763 0 0 1
-0.1644 0.125688 960 0.0261732 0.0364848 9.8173 45.9137 -13 764 0 0 1
-0.388952 -0.0173831 960 0.0661794 0.152893 5.71405 65.9801 -13 765 0 0 1
-0.0187336 -0.261076 960 -0.101715 0.0441633 8.48371 45.3239 -13 766 0 0 1
0.0874985 0.00768437 960 -0.0314941 -0.0113377 12.5131 56.7604 -13 767 0 0 1
-0.844565 -1.36342 960 -0.0221877 0.0295187 0.0569335 59.2716 11 767 1002 0 1
-3.00932 -4.99015 960 -0.00745541 -0.0124996 0.0571241 63.2489 11 767 1003 0 1
0.0491632 0.0145479 960 -0.00731706 0.0126433 12.8466 47.8469 -13 768 0 0 1
-0.258294 -0.108246 960 -0.146407 0.198866 6.8955 53.6388 -13 769 0 0 1
-0.084937 0.113388 960 0.022766 -0.0271868 13.6282 32.2939 -13 770 0 0 1
0.123049 -0.360728 960 -0.00408418 -0.10455 10.8203 37.9042 -13 771 0 0 1
-0.0107541 -0.274841 960 -0.0271117 0.0470339 14.32 26.6098 -13 772 0 0 1
0.218514 0.113489 960 0.04964 -0.112647 11.4005 35.143 -13 773 0 0 1
-0.00752678 -0.0189095 960 0.0120932 0.0694565 13.3972 29.5746 -13 774 0 0 1
0.363455 0.0256871 960 0.113823 0.0869942 3.18723 96.3764 -13 775 0 0 1
0.120571 3.07519e-05 960 0.019428 -0.0654253 11.7904 40.9299 -13 776 0 0 1
-0.0215309 0.169612 960 0.0684231 0.0108374 10.6522 44.8494 -13 777 0 0 1
0.162498 -0.202257 960 -0.193429 -0.0099133 8.57439 58.5659 -13 778 0 0 1
-0.458226 -0.0455244 960 -0.0732548 0.15419 12.9243 27.3993 -13 779 0 0 1
-0.0622107 -0.623283 960 -0.184235 -0.0157841 9.56062 40.5027 -13 780 0 0 1
-0.311124 -0.50766 960 -0.263891 -0.0534842 11.5301 34.3142 -13 781 0 0 1
-0.0311272 2.99891 960 0.0633721 0.0175676 0.0386867 46.2182 11 781 1001 0 1
-0.0288349 -0.0522196 960 0.0257752 0.00878619 10.0324 37.7246 -13 782 0 0 1
-0.203064 -0.057815 960 0.0277932 0.092337 6.87548 65.8649 -13 783 0 0 1
0.0872709 -0.375369 960 -0.00628894 0.10672 6.78971 52.5902 -13 784 0 0 1
-0.121805 -0.19514 960 -0.226364 -0.279386 4.61884 83.783 -13 785 0 0 1
1.99771 -2.94322 960 0.00250469 0.000933114 0.0395164 82.5529 11 785 1001 0 1
-0.00797081 -0.0293537 960 -0.0216888 0.00229919 9.54728 54.8983 -13 786 0 0 1
-0.0376571 0.0454193 960 0.0362419 -0.0561527 8.85856 55.3905 -13 787 0 0 1
-0.317098 -0.0768707 960 0.0368464 0.0195077 12.3217 46.335 -13 788 0 0 1
-0.119864 0.238357 960 0.0341305 0.0361979 14.1568 39.7483 -13 789 0 0 1
-0.102015 -0.0548712 960 -0.0527927 0.00742993 9.91589 61.6447 -13 790 0 0 1
-0.294664 0.0957985 960 -0.131276 -0.00517614 4.69415 94.3068 -13 791 0 0 1
-0.116523 -0.227972 960 -0.180505 0.0830577 11.7576 57.6265 -13 792 0 0 1
0.0761724 0.0145375 960 -0.0493438 -0.0281089 11.3987 47.2833 -13 793 0 0 1
0.105709 0.018833 960 -0.0226017 -0.0735637 7.35191 58.4929 -13 794 0 0 1
-0.172874 -0.0984454 960 0.107057 0.120732 11.4903 38.5988 -13 795 0 0 1
-0.12052 -0.0771925 960 -0.0480447 0.0665379 8.85744 61.5461 -13 796 0 0 1
0.234892 0.0337994 960 0.0047769 -0.0275838 14.0028 49.6334 -13 797 0 0 1
-0.141969 0.118359 960 0.034828 0.00793639 13.6783 50.4682 -13 798 0 0 1
1.01096 -1.48902 960 -0.0227405 0.0319988 0.0249274 54.8358 11 798 1001 0 1
-0.0424218 -0.060885 960 -0.0834271 0.0314022 9.31145 66.1295 -13 799 0 0 1
-0.0800393 0.0140605 960 0.010875 0.0221562 13.5444 28.0743 -13 800 0 0 1
-0.185638 -0.311188 960 -0.0606197 0.0761693 5.6034 64.3416 -13 801 0 0 1
0.0736018 -0.0608783 960 -0.0700886 -0.137245 6.89951 68.7214 -13 803 0 0 1
-0.0434699 0.126904 960 0.0231398 0.0373328 12.9938 34.2919 -13 804 0 0 1
-0.0418579 -0.0379732 960 0.0172235 0.0152961 12.5606 54.5429 -13 805 0 0 1
0.585121 -0.0675208 960 0.0692762 -0.0875298 0.92302 143.03 -13 806 0 0 1
0.0754146 -0.0352947 960 -0.0497527 -0.0106 13.6402 36.0586 -13 807 0 0 1
-1.22534 0.22651 960 0.181884 0.322041 6.9254 58.3076 -13 808 0 0 1
-0.95283 7.71941 960 0.00114172 -0.00945812 0.036427 57.7755 11 808 1001 0 1
0.0594763 0.106809 960 0.0332962 -0.0161322 14.2945 38.0637 -13 809 0 0 1
0.0975767 -0.0178878 960 -0.0602615 -0.0238116 10.7793 48.0457 -13 810 0 0 1
-0.25042 0.172312 960 0.0101878 0.129189 5.55883 63.2866 -13 811 0 0 1
-0.0266657 -0.0823746 960 -0.0644764 -0.0108714 6.42116 54.5216 -13 812 0 0 1
0.0470067 -0.262441 960 -0.125966 0.0479797 13.1822 37.1715 -13 813 0 0 1
-0.197998 0.0543387 960 0.0431451 0.0940494 9.57174 46.6841 -13 814 0 0 1
0.0240152 0.110509 960 0.0412553 -0.0271442 11.6256 57.1383 -13 815 0 0 1
-0.0755834 -0.281984 960 -0.103671 0.0157577 5.92701 61.7046 -13 816 0 0 1
0.261497 0.109351 960 0.0461258 -0.184199 5.02062 89.5299 -13 817 0 0 1
0.368108 0.114899 960 0.0424612 -0.047354 11.4459 59.0399 -13 818 0 0 1
-0.12857 -0.16236 960 -0.0793147 -0.0337894 6.03461 82.3335 -13 819 0 0 1
0.0955173 0.0725306 960 0.0223378 -0.0379232 13.3841 32.7513 -13 820 0 0 1
-0.123469 0.538438 960 0.0774918 -0.000361223 8.28479 44.7224 -13 821 0 0 1
0.484843 -0.997283 960 -0.0292299 0.0197744 0.0554117 44.4817 11 821 1001 0 1
2.17703 -11.5339 960 0.0226331 0.0168383 0.0395243 37.8187 11 821 1002 0 1
0.23474 0.16941 960 0.0356938 -0.0452419 11.6732 58.2234 -13 822 0 0 1
-0.0657243 -0.0410311 960 0.00700861 0.00116263 12.6039 50.704 -13 823 0 0 1
0.0431026 -0.0457673 960 -0.0263856 -0.00840098 14.5524 44.8638 -13 824 0 0 1
-0.12565 0.00196121 960 -0.00700616 0.0549035 14.4369 50.1342 -13 825 0 0 1
0.0991048 0.00123885 960 -0.055725 -0.073136 7.52164 58.5659 -13 826 0 0 1
0.232326 0.542857 960 -0.405428 0.0733223 2.92636 123.646 -13 827 0 0 1
0.131089 -0.0155035 960 -0.00244307 0.0268583 8.5874 66.5677 -13 828 0 0 1
0.0412747 -0.241934 960 -0.0829299 0.00892008 10.016 60.767 -13 829 0 0 1
-0.154609 0.067207 960 -0.000154525 0.0377992 14.0652 53.7981 -13 830 0 0 1
-1.55312 -3.23813 960 -0.660373 0.640139 8.29517 48.0509 -13 831 0 0 1
-0.00696438 -0.0619829 960 0.00264794 -0.000609229 13.7843 38.8529 -13 832 0 0 1
-0.154023 0.0497654 960 -0.0483709 0.106132 8.99165 67.4738 -13 833 0 0 1
0.086428 0.282445 960 0.182583 -0.0304511 5.01053 88.8295 -13 834 0 0 1
0.260424 0.0211013 960 -0.0651379 -0.1367 7.71654 71.8278 -13 835 0 0 1
-2.8171 0.901573 960 -0.0216093 -0.0172421 0.0325941 72.1908 11 835 1001 0 1
0.135561 0.114251 960 0.0566002 -0.0622369 11.8386 50.929 -13 836 0 0 1
-0.186905 -0.399053 960 -0.137066 -0.0412609 10.793 41.1395 -13 837 0 0 1
0.0964104 0.109924 960 -0.0482553 -0.0196627 12.8219 43.9317 -13 838 0 0 1
-0.170139 -0.061004 960 -0.0560984 0.0362389 11.0613 52.6811 -13 839 0 0 1
1.45352 0.734704 960 -0.034943 0.0214785 0.055697 52.9521 11 839 1001 0 1
0.333359 0.0326925 960 0.0241385 -0.0458615 9.82976 56.6205 -13 840 0 0 1
0.0792651 -0.63777 960 -0.0234704 -0.0802928 5.92126 82.7653 -13 842 0 0 1
-0.0983656 0.085311 960 0.100154 0.0155961 8.15403 48.6768 -13 843 0 0 1
0.859054 1.07894 960 0.00193092 0.0147614 0.0700235 47.3871 11 843 1001 0 1
0.0204612 -0.66677 960 -0.1419 -0.125934 3.84927 103.964 -13 844 0 0 1
0.0819021 -0.308998 960 -0.231321 -0.000342949 13.41 34.8575 -13 845 0 0 1
-0.80953 -0.506589 960 0.0425754 0.0468856 0.0304857 38.468 11 845 1001 0 1
0.184282 0.379139 960 0.0113507 -0.0541084 12.2586 44.9239 -13 846 0 0 1
0.132667 -0.0428024 960 -0.120383 -0.0578608 4.23573 84.5703 -13 847 0 0 1
0.527616 -0.149892 960 -0.00789383 -0.0186639 4.38346 100.532 -13 848 0 0 1
0.726759 -0.266071 960 0.00190233 -0.0123752 0.0282652 96.3116 11 848 1001 0 1
-0.0166942 0.0645093 960 0.0194824 -0.0985125 9.57378 38.2491 -13 849 0 0 1
0.0267076 -0.137431 960 -0.0667936 -0.0285593 12.3296 50.1906 -13 850 0 0 1
-0.133622 -0.295252 960 -0.107223 0.053417 8.86333 46.6753 -13 851 0 0 1
0.155331 -0.339772 960 0.0576726 -0.167109 4.45692 75.4942 -13 853 0 0 1
0.120011 0.170373 960 0.0365826 -0.0249472 11.43 33.6788 -13 854 0 0 1
0.0542155 0.235268 960 -0.0231515 0.0585031 11.5331 53.5645 -13 855 0 0 1
0.250695 -0.0485785 960 -0.0537922 -0.0779882 14.3101 32.5209 -13 857 0 0 1
0.000153981 0.367875 960 0.0228836 -0.165655 10.1472 60.0798 -13 858 0 0 1
-1.44984 -5.72674 960 0.00792493 0.0388723 0.0474804 60.6733 11 858 1001 0 1
-0.197582 0.23249 960 0.0515825 0.0390052 12.9157 38.5073 -13 859 0 0 1
-0.0258839 0.0693555 960 -0.0136097 -0.0225026 13.0328 51.4747 -13 860 0 0 1
0.098384 0.0306134 960 -0.0472963 0.0216656 11.1601 34.0147 -13 861 0 0 1
-0.0948662 -0.0743183 960 0.0794858 0.0627712 5.6727 79.7897 -13 862 0 0 1
-0.00985958 -0.1329 960 0.34931 -0.222734 3.45268 94.5904 -13 863 0 0 1
0.372307 0.293008 960 -0.0122421 -0.169785 6.78729 63.3603 -13 865 0 0 1
-0.393233 -0.199638 960 -0.0335914 0.245083 5.2998 90.7523 -13 866 0 0 1
0.143688 0.113119 960 0.0608083 9.742e-05 8.27726 51.4596 -13 868 0 0 1
0.182353 0.247168 960 -0.00449923 -0.0517343 9.06672 58.4267 -13 869 0 0 1
-0.0442448 0.424603 960 -0.00754644 -0.0158263 0.0678821 54.9557 11 869 1001 0 1
0.0663274 -0.137945 960 -0.0390102 -0.136149 12.3472 43.2498 -13 870 0 0 1
0.0475244 0.129834 960 -0.0182317 -0.0136567 13.6805 47.6047 -13 871 0 0 1
0.694939 -0.91928 960 -0.189975 -0.156443 4.94994 86.3497 -13 872 0 0 1
-0.571116 -0.0433298 960 -0.0154503 0.24903 4.06591 82.8475 -13 873 0 0 1
0.224669 0.651841 960 0.203944 -0.137689 4.64038 84.0771 -13 874 0 0 1
1.05235 0.734602 960 0.077217 -0.344839 2.44334 107.135 -13 875 0 0 1
0.144436 0.058638 960 -0.00187336 -0.10614 11.7556 41.108 -13 876 0 0 1
0.113342 -0.054789 960 -0.000102257 -0.0141066 9.16577 60.3639 -13 877 0 0 1
-0.0554737 -0.0409195 960 0.0178007 0.0372551 14.2306 50.4808 -13 879 0 0 1
-0.0945084 0.146243 960 0.053913 -0.0214289 12.924 32.29 -13 880 0 0 1
0.0474684 0.0964336 960 -0.014241 -0.039863 14.5186 36.5576 -13 881 0 0 1
-0.0423881 -0.00247689 960 -0.114151 0.0578779 6.43686 73.8096 -13 882 0 0 1
-0.0369869 0.0621652 960 0.0391682 -0.00320053 6.96058 72.48 -13 883 0 0 1
-0.308271 0.128702 960 0.0246882 0.0272513 5.48458 77.2677 -13 884 0 0 1
0.0125906 -0.14682 960 -0.0710587 0.0423432 12.5574 29.2401 -13 885 0 0 1
-0.0114588 -0.187816 960 0.013952 -0.0157884 8.43131 47.2464 -13 886 0 0 1
-0.0654933 -0.052439 960 -0.0714517 -5.81883e-06 8.45187 41.0419 -13 887 0 0 1
0.0322769 -0.227419 960 -0.121726 -0.00444379 8.3831 59.7776 -13 888 0 0 1
-0.692945 1.46667 960 0.0103009 -0.0113331 0.0681787 56.4821 11 888 1001 0 1
0.092272 -0.0576844 960 -0.0372862 -0.0203867 11.2858 55.2724 -13 889 0 0 1
0.0977704 0.11879 960 0.0236127 -0.0490637 10.8004 43.701 -13 890 0 0 1
0.0936939 -0.0990863 960 0.0729389 0.0341126 7.43716 53.931 -13 891 0 0 1
-0.0699524 -0.0297148 960 -0.0173539 -0.0381354 14.0493 33.5481 -13 892 0 0 1
-0.0181498 -0.0450116 960 -0.046729 -0.0803896 9.31209 40.4343 -13 893 0 0 1
0.0208595 0.220687 960 0.0620239 -0.0664325 12.5929 45.9361 -13 894 0 0 1
0.018467 -0.163132 960 -0.0947817 0.0283533 11.5956 46.6577 -13 895 0 0 1
0.0376864 -0.195716 960 0.0294827 -0.137751 6.66865 72.2151 -13 896 0 0 1
-0.00975871 0.0332223 960 -0.0473163 0.0727338 10.3119 40.6021 -13 897 0 0 1
0.0448386 0.573147 960 0.0186032 -0.0264641 0.0144965 41.2467 11 897 1001 0 1
-0.365395 -0.388817 960 -0.135302 0.0212543 8.32765 57.5998 -13 898 0 0 1
-0.130735 -0.374326 960 0.166529 0.0172703 6.62193 60.8129 -13 899 0 0 1
-0.00316005 0.0431657 960 0.0807969 0.0450514 11.4282 32.0346 -13 900 0 0 1
0.278333 -0.0709656 960 -0.0433753 0.0765459 5.24469 91.7578 -13 901 0 0 1
-0.0848879 0.031742 960 -0.120043 -0.176704 8.52114 42.5445 -13 902 0 0 1
-0.111819 0.281351 960 0.154707 0.030549 6.52383 59.431 -13 903 0 0 1
-0.0721365 0.181549 960 0.0424752 -0.00229542 12.54 35.2223 -13 904 0 0 1
-0.0598627 -0.137738 960 -0.129403 -0.145925 4.95539 84.6353 -13 905 0 0 1
-0.0577337 0.247562 960 0.097453 0.0606151 10.418 52.9093 -13 906 0 0 1
-0.288554 -0.000525538 960 -0.0176702 0.0865093 11.6046 56.1854 -13 907 0 0 1
0.0667881 -0.0708398 960 -0.0252499 -0.0119915 12.9425 30.235 -13 908 0 0 1
0.0742118 -0.15876 960 -0.074209 0.0388232 7.17877 62.253 -13 909 0 0 1
0.115813 0.16384 960 0.0594577 -0.0480159 9.23543 38.8161 -13 910 0 0 1
0.539881 -0.59366 960 -0.230556 -0.135251 11.7989 31.2866 -13 912 0 0 1
9.13006e-05 0.120308 960 0.00947353 -0.0292941 10.2484 35.5752 -13 914 0 0 1
0.0573539 0.298344 960 0.028151 -0.0294508 9.06885 44.1637 -13 915 0 0 1
-0.043962 -0.195161 960 -0.0499113 0.0084552 13.7889 44.01 -13 916 0 0 1
0.0137455 -0.0426923 960 -0.0122626 0.017878 12.4774 47.3265 -13 917 0 0 1
0.033035 -0.114983 960 -0.0440999 -0.00833271 12.8392 51.132 -13 918 0 0 1
0.393545 -0.537985 960 -0.00383985 -0.103254 3.23782 97.6659 -13 919 0 0 1
0.167521 -0.124951 960 -0.0873194 0.0838029 8.6075 43.049 -13 920 0 0 1
-0.162744 -0.128165 960 -0.10292 0.0388198 14.0618 30.9732 -13 921 0 0 1
0.0245168 0.0350863 960 -0.00685648 -0.00796298 12.8398 48.0523 -13 922 0 0 1
0.183468 0.470516 960 0.140793 -0.0676239 3.49897 115.54 -13 923 0 0 1
-0.092432 0.0260536 960 0.0164602 0.0720179 13.5209 39.4929 -13 924 0 0 1
3.31696 -1.58448 960 0.0581938 -0.00970166 0.0517992 42.0088 11 924 1001 0 1
-0.145141 -0.156193 960 -0.0548909 -0.0139851 13.9171 53.3934 -13 925 0 0 1
0.0570405 -0.15953 960 -0.00982678 0.00535382 12.7924 27.9335 -13 926 0 0 1
-0.137706 -0.0377426 960 -0.0971092 0.138258 4.44332 86.664 -13 927 0 0 1
0.0336214 0.395756 960 0.0867167 0.0202763 11.76 53.053 -13 928 0 0 1
-0.00434218 0.0853367 960 0.0565033 -0.03275 13.5375 32.2721 -13 929 0 0 1
-0.0844673 -0.18076 960 -0.0749428 0.0164444 12.7066 45.4938 -13 930 0 0 1
0.0359086 0.0670981 960 0.0233965 0.0171888 13.3008 47.3682 -13 931 0 0 1
0.0524195 0.0678146 960 0.0292536 -0.0130677 11.4248 59.2634 -13 932 0 0 1
-0.0547062 0.259948 960 0.0651191 0.0700077 13.5969 38.9195 -13 933 0 0 1
0.269368 0.240302 960 -0.0149299 -0.13742 8.54738 52.3372 -13 934 0 0 1
-0.16665 0.0610897 960 0.0707502 -0.0469156 10.2989 54.68 -13 935 0 0 1
-2.76569 -1.17268 960 0.0383651 -0.0445766 0.0503469 50.2708 11 935 1001 0 1
-0.0203752 0.0854142 960 0.00134708 -0.0175629 12.4133 41.4377 -13 936 0 0 1
0.0320099 0.0244127 960 0.00741712 0.0811855 12.5225 54.9853 -13 937 0 0 1
-0.436438 0.123436 960 -0.0388071 0.204008 4.24765 78.9402 -13 938 0 0 1
-0.150265 0.047928 960 0.0136639 0.0349701 13.839 35.106 -13 939 0 0 1
-0.588477 1.30018 960 0.261927 -0.401164 5.6803 62.4374 -13 940 0 0 1
-0.0680462 -0.198214 960 -0.0848193 -0.103079 12.2373 44.1806 -13 941 0 0 1
0.0778637 0.22543 960 0.107399 -0.0336732 10.4691 57.7777 -13 943 0 0 1
0.00436863 0.31545 960 0.0673287 0.256753 5.56948 82.9225 -13 944 0 0 1
0.209917 -0.581422 960 -0.0146068 0.0309636 3.59888 113.13 -13 945 0 0 1
0.0261519 -0.0371054 960 -0.0110249 -0.044831 14.2917 37.1955 -13 946 0 0 1
-0.0779468 -0.102908 960 -0.109808 -0.0263475 10.4153 38.1946 -13 947 0 0 1
0.0630668 -0.276385 960 -0.243957 -0.0457402 7.68056 49.4543 -13 948 0 0 1
-0.113055 -0.0645065 960 -0.0161955 -0.0382106 12.4712 48.7678 -13 949 0 0 1
0.149383 0.00617795 960 0.357146 0.0884522 2.43347 110.563 -13 950 0 0 1
-0.0213388 -0.151051 960 0.0182368 0.0143945 5.05443 72.0571 -13 951 0 0 1
0.360726 0.198082 960 0.232972 0.0806491 3.74555 108.28 -13 952 0 0 1
-0.124446 0.221262 960 0.0821443 0.0190269 9.77089 41.9518 -13 953 0 0 1
-0.12081 -0.0871756 960 0.0231815 -0.0350654 6.55964 70.9322 -13 954 0 0 1
-0.118699 0.126897 960 -0.0186836 0.00154241 7.26148 63.7129 -13 955 0 0 1
-0.150461 0.243262 960 0.126339 0.138974 6.85876 56.6978 -13 956 0 0 1
1.84453 2.07173 960 -0.23235 -1.32747 13.9766 43.6445 -13 957 0 0 1
-0.0029655 0.103614 960 0.0608099 0.0480746 11.8617 43.3903 -13 958 0 0 1
-0.257423 0.134155 960 0.0607452 0.0244347 10.3725 53.7222 -13 959 0 0 1
-0.0401996 -0.0448912 960 -0.0383458 0.0229429 14.4183 33.5791 -13 960 0 0 1
-0.0415039 -0.0314913 960 -0.0876251 -0.0407786 11.7734 48.3469 -13 962 0 0 1
-0.149913 0.161683 960 0.102843 0.0215343 11.8554 52.0428 -13 963 0 0 1
-0.0800987 0.0663181 960 0.0118492 0.046614 10.4621 59.5857 -13 964 0 0 1
0.0226747 -0.0270105 960 -0.0331317 0.0102073 11.3197 46.1412 -13 965 0 0 1
-0.00646979 0.0811938 960 -0.0484051 0.0521039 9.31612 44.7413 -13 966 0 0 1
0.129403 -0.0068644 960 0.0371688 -0.00620198 8.84214 51.4573 -13 969 0 0 1
-0.0366328 -0.00419874 960 -0.0161027 -0.045427 13.245 40.1598 -13 971 0 0 1
-0.107118 0.0481385 960 -0.0515585 -0.0133334 14.4573 39.2774 -13 972 0 0 1
-0.0235931 0.189892 960 0.0284301 0.00845849 13.6585 53.8498 -13 973 0 0 1
0.756689 -1.81393 960 -8.96763e-05 0.0272894 0.109764 52.1517 11 973 1001 0 1
-0.0320259 -0.0849486 960 -0.000309754 0.0212095 14.4655 43.8272 -13 974 0 0 1
-2.01708 0.131187 960 0.0592902 0.0179976 0.0756192 42.2575 11 974 1001 0 1
-0.167884 0.346522 960 0.0873529 0.0560101 10.2575 53.5273 -13 975 0 0 1
-0.132514 0.0576834 960 0.160841 -0.0292339 6.59877 57.5015 -13 976 0 0 1
-0.0340906 0.106653 960 0.0378449 0.0435454 9.03054 55.2964 -13 978 0 0 1
0.0118198 -0.0316067 960 -0.00160562 -0.0481003 13.7062 44.0385 -13 979 0 0 1
0.100127 0.18891 960 0.00822502 0.00652676 12.0317 32.5127 -13 980 0 0 1
0.00700297 -0.0998337 960 -0.0231012 0.0159206 9.64826 36.4247 -13 981 0 0 1
0.0401942 0.00884099 960 -0.0198469 -0.0138945 13.5989 38.3272 -13 982 0 0 1
-0.569553 0.0179053 960 -0.0460558 0.168134 5.46901 84.1642 -13 983 0 0 1
-0.844765 0.63994 960 0.165271 0.366029 9.96584 36.9974 -13 984 0 0 1
2.39937 -2.41161 960 0.0148424 0.00759989 0.0807605 28.2042 11 984 1001 0 1
-0.177344 0.151637 960 0.0425598 0.00500822 11.2331 46.0827 -13 985 0 0 1
-0.0756341 -0.11006 960 -0.0212368 0.0552877 8.28251 59.9552 -13 986 0 0 1
0.0403018 0.0149662 960 -0.0274506 -0.0188563 14.2311 49.0638 -13 987 0 0 1
0.0839331 0.428832 960 0.148705 0.0397531 6.53467 73.1697 -13 988 0 0 1
-0.689699 -0.999143 960 0.0100615 -0.00714057 0.0596413 72.3945 11 988 1001 0 1
0.0539975 0.0378971 960 0.00633675 -0.0525094 14.4589 32.2746 -13 990 0 0 1
0.0249043 -0.028412 960 -0.0401178 -0.0529845 10.8612 51.8568 -13 991 0 0 1
0.0587638 0.0702948 960 -0.0543722 -0.0792901 13.0154 52.0134 -13 992 0 0 1
-3.15818 4.00735 960 0.0133919 0.042794 0.044471 54.7874 11 992 1002 0 1
-0.066703 0.0383397 960 0.0226683 0.0450833 11.2312 59.7234 -13 993 0 0 1
-0.0350815 0.234056 960 0.0729821 -0.0487831 12.7544 51.7794 -13 994 0 0 1
-0.923943 0.286925 960 0.0523134 -0.0257455 0.0429571 55.4809 11 994 1001 0 1
0.318303 -0.0793371 960 -0.0570187 -0.132009 13.8822 36.963 -13 995 0 0 1
0.0112302 0.0120662 960 0.0560716 -0.0326638 13.0116 51.8874 -13 996 0 0 1
-0.183828 0.0321274 960 -0.0174637 0.0628378 14.5026 32.777 -13 997 0 0 1
-0.10199 0.230652 960 0.00866335 0.0651776 10.1711 58.9168 -13 998 0 0 1
0.11996 -0.205046 960 -0.00522257 -0.0868145 7.29572 51.5858 -13 999 0 0 1
0.0211316 -0.00742947 960 -0.016329 0.0351404 8.385 62.5154 -13 1000 0 0 1
