#BLTrackFile NTuple/Z320
#x y z Px Py Pz t PDGid EventID TrackID ParentID Weight
#mm mm mm MeV/c MeV/c MeV/c ns - - - - -
0.102341 -0.070971 320 0.0120751 -0.0076019 11.1644 14.4596 -13 4 0 0 1
-0.0302362 0.0819359 320 -0.00351907 0.010197 13.2407 13.6282 -13 10 0 0 1
-0.032642 0.25055 320 0.0272512 -0.00555113 10.4152 14.0374 -13 14 0 0 1
0.073347 0.0453966 320 0.0237933 -0.00962128 8.22829 31.5262 -13 19 0 0 1
1.36479 -0.130446 320 -0.0135294 0.0233153 0.0604209 31.1673 11 19 1005 0 1
0.419009 -2.09147 320 0.0243511 0.0431174 -0.0311881 41.7744 11 19 1005 0 1
-2.7588 0.0828387 320 0.0087105 -0.0473063 0.0271558 44.8608 11 19 1005 0 1
0.158855 0.0227818 320 -0.00999435 -0.0333552 8.49034 23.9176 -13 27 0 0 1
0.13319 0.0868943 320 0.0413893 -0.0346485 7.12956 33.4288 -13 59 0 0 1
-0.0114575 0.037672 320 -0.0174672 -0.00236807 13.9534 23.9129 -13 61 0 0 1
-0.0291046 -0.076274 320 -0.0110051 0.0106563 10.3773 12.767 -13 72 0 0 1
-0.401174 -0.232416 320 -0.00308883 0.0700882 10.7297 25.6281 -13 74 0 0 1
-0.0289506 -0.0915241 320 -0.000544374 -0.0363118 13.5595 22.2627 -13 78 0 0 1
0.116877 -0.0629216 320 -0.000543902 -0.0261287 13.2083 32.0383 -13 82 0 0 1
-0.131023 0.079614 320 0.0167801 0.0031075 9.86487 30.6773 -13 83 0 0 1
-0.103422 -0.0431225 320 -0.0011702 0.0110952 13.6108 12.5191 -13 85 0 0 1
0.0920526 -0.0649613 320 0.0159028 -0.0481975 7.95014 27.5635 -13 86 0 0 1
-0.0559989 0.146499 320 0.0607865 -0.0163612 2.53143 68.501 -13 87 0 0 1
0.0936453 -0.0362011 320 0.00954022 -0.0539472 8.58269 37.7044 -13 36 0 0 1
0.00780055 0.0254812 320 -0.0140176 -0.00789694 11.8535 33.3168 -13 38 0 0 1
0.0440607 -0.241069 320 -0.118778 0.122437 6.79678 27.2276 -13 48 0 0 1
-0.1977 -0.236863 320 -0.0277461 0.0814865 4.34429 52.8927 -13 50 0 0 1
-2.2646 3.89764 320 -0.0117194 -0.014165 0.0269634 50.2667 11 50 1014 0 1
-0.13384 0.264019 320 0.0508236 0.037268 5.07108 27.3684 -13 65 0 0 1
-0.00561659 -0.0463434 320 -0.00692764 0.00375495 11.8222 13.745 -13 12 0 0 1
0.0200072 0.0122 320 0.00552201 0.00540599 14.5111 15.0528 -13 17 0 0 1
0.0199855 0.126628 320 0.0107382 0.00510781 10.5517 12.6928 -13 22 0 0 1
-0.011859 -0.095207 320 -0.023227 0.00922369 11.7811 39.2819 -13 23 0 0 1
-0.0968721 -0.00553072 320 -0.0168729 0.0178185 8.33439 40.9825 -13 24 0 0 1
0.00598601 -0.0289528 320 0.0047798 0.0361175 7.05027 37.8234 -13 29 0 0 1
0.0598292 0.164468 320 0.100286 0.0807332 3.61515 56.2773 -13 33 0 0 1
-0.380416 0.397085 320 0.145452 0.0180726 5.24764 48.5458 -13 35 0 0 1
-0.031537 0.0422496 320 0.0306427 0.0201521 11.2959 29.2184 -13 44 0 0 1
0.0634945 -0.0652453 320 0.00401055 -0.00666046 10.4079 30.7312 -13 55 0 0 1
0.0732465 0.185264 320 0.00134158 -0.02818 14.1313 17.308 -13 56 0 0 1
0.0204804 0.233247 320 0.0301531 0.0569898 8.22764 35.6103 -13 60 0 0 1
0.0131662 0.227759 320 0.0336674 -0.00185878 0.0173657 35.6538 11 60 1004 0 1
-0.98078 2.21924 320 0.0346124 -0.0299623 0.0303653 36.831 11 60 1007 0 1
-0.194714 0.0720517 320 -0.00647511 0.0142397 9.40423 25.1672 -13 62 0 0 1
-0.0231949 0.202865 320 0.0479377 0.00197873 8.72422 36.3311 -13 81 0 0 1
-0.0897367 0.108491 320 0.0447066 0.0302128 2.57574 46.3321 -13 96 0 0 1
0.00579464 -0.106335 320 0.00321983 -0.0307423 9.5784 20.264 -13 98 0 0 1
0.108401 -0.003654 320 -0.0117319 -0.0405686 6.91508 23.7339 -13 5 0 0 1
0.0139185 0.0257161 320 0.00541058 -0.0248602 10.6491 13.5227 -13 11 0 0 1
-0.0219661 0.0763463 320 -0.0145857 0.0102355 13.0918 37.7831 -13 18 0 0 1
-0.000146791 -0.138044 320 -0.0407559 -8.72604e-05 14.4272 30.8197 -13 21 0 0 1
-0.165443 0.158059 320 -0.00542252 0.0282947 10.3693 15.4484 -13 31 0 0 1
0.0573604 0.0145006 320 0.000318231 -0.0236469 8.50461 19.1588 -13 32 0 0 1
-0.025841 0.0904653 320 0.00546891 0.0181124 13.6939 30.0845 -13 34 0 0 1
-0.02355 -0.089512 320 -0.0398189 -0.0319511 10.4013 39.3078 -13 37 0 0 1
-0.0969683 -0.0453951 320 0.0182277 0.0105933 9.52511 22.481 -13 39 0 0 1
0.00835383 0.0982258 320 0.0089698 0.0121774 8.91807 16.1896 -13 41 0 0 1
-0.0160073 0.229158 320 0.0811811 -0.00859744 9.91379 33.4077 -13 42 0 0 1
0.103968 0.0632313 320 0.00323141 0.00595468 10.8685 35.3888 -13 45 0 0 1
0.0278967 -0.0988516 320 -0.0407484 -0.0175367 11.419 18.3916 -13 47 0 0 1
0.00049166 -0.0134278 320 -0.00527399 -0.0118505 13.2726 15.2826 -13 49 0 0 1
0.168041 0.061964 320 -0.0120362 -0.0210518 8.42745 25.851 -13 51 0 0 1
-1.68576 0.544819 320 0.267834 0.0822599 2.53344 63.03 -13 52 0 0 1
-1.79154 0.530823 320 -0.00119124 -0.00486983 0.0070848 63.0048 11 52 1006 0 1
0.204546 -0.0312155 320 0.000441684 -0.035853 8.22896 15.5937 -13 53 0 0 1
0.211517 0.103326 320 0.0331102 -0.0418617 8.29958 21.1196 -13 58 0 0 1
0.101766 -0.1647 320 -0.0176616 -0.0232695 8.92703 25.7159 -13 64 0 0 1
0.187615 -0.0766976 320 -0.0387885 -0.00828309 7.41342 28.804 -13 66 0 0 1
-0.10797 0.019267 320 0.00237346 0.0211168 11.5337 22.6428 -13 67 0 0 1
0.174811 0.110723 320 -0.0215082 -0.0125538 10.634 30.4927 -13 68 0 0 1
0.411965 0.0919024 320 0.0334979 -0.0696211 6.69818 44.9027 -13 92 0 0 1
-0.031546 -0.013746 320 -0.00653778 0.00234519 12.8662 24.2507 -13 97 0 0 1
0.00708603 0.0271747 320 0.0196733 0.00934533 14.0204 13.678 -13 99 0 0 1
-0.0825835 -0.108245 320 -0.0267881 -0.00468906 4.79088 39.4619 -13 101 0 0 1
0.133794 0.158104 320 0.0467518 -0.0238899 5.23284 40.9586 -13 15 0 0 1
0.196922 -0.777821 320 -0.0107247 -0.0191846 0.0244248 40.6058 11 15 1010 0 1
-0.071322 -0.18028 320 -0.0723615 -0.0275115 8.44365 16.4128 -13 16 0 0 1
-0.0176417 -0.143133 320 -0.0378124 0.0227441 5.11837 26.6797 -13 46 0 0 1
-0.259467 0.0353709 320 -0.0134618 -0.00551826 3.2586 38.8089 -13 54 0 0 1
0.0538649 0.0276723 320 -0.00273335 -0.00515788 14.0252 36.5941 -13 63 0 0 1
0.280973 0.267366 320 0.02447 -0.0418565 5.51539 34.508 -13 69 0 0 1
0.0339153 0.195319 320 0.0388496 0.026414 11.1647 15.6663 -13 70 0 0 1
0.373355 0.160524 320 0.0433966 -0.0590446 11.6991 13.8794 -13 71 0 0 1
-0.0125711 0.0668654 320 0.0535495 0.0364183 7.80566 42.6612 -13 75 0 0 1
-0.119957 0.547332 320 0.11411 0.00368522 8.2488 40.1331 -13 77 0 0 1
0.0611281 -0.244708 320 -0.057025 -0.00825537 7.1351 43.5015 -13 91 0 0 1
-0.0764673 -0.0964651 320 0.0143499 0.0111723 7.72355 40.8205 -13 93 0 0 1
-0.0143922 -0.0277676 320 -0.0119234 0.00192828 12.0492 22.9955 -13 7 0 0 1
-0.140947 -0.141277 320 0.0213421 0.0230015 5.21798 36.5506 -13 8 0 0 1
-0.0652138 -0.0225007 320 0.00227579 0.0234652 13.6489 31.8616 -13 9 0 0 1
-0.103455 0.0628972 320 0.0184182 0.00911558 8.95555 28.4681 -13 26 0 0 1
0.0709388 -0.0859939 320 -0.0338477 -0.00370774 11.5777 37.7752 -13 28 0 0 1
-0.156677 0.0882667 320 -0.0446228 0.0271693 13.6449 10.8729 -13 30 0 0 1
0.187593 0.0235486 320 -0.0303179 0.00141044 10.8871 31.3237 -13 40 0 0 1
2.22365 -2.25852 320 0.0640897 0.00734902 0.0336237 33.2085 11 40 1002 0 1
-0.0460545 0.0338087 320 0.014628 0.00833692 14.4323 20.0303 -13 43 0 0 1
-0.222457 0.0691097 320 0.015662 0.037363 12.4963 34.9646 -13 76 0 0 1
0.184993 -0.0637603 320 -0.0339954 -0.0541189 12.6809 34.2593 -13 79 0 0 1
-0.0410815 -0.162512 320 -0.0168933 -0.00384849 10.3169 39.1758 -13 80 0 0 1
0.254131 -0.0459975 320 0.0156915 0.00325038 6.42543 31.5063 -13 84 0 0 1
0.113986 -0.0908745 320 -0.00358567 -0.0179061 9.98374 22.5845 -13 89 0 0 1
-0.337786 -0.0835455 320 -0.0720151 0.0217525 5.87631 28.3936 -13 94 0 0 1
-0.38874 -0.0332386 320 -0.00423852 0.000545282 -0.0070454 31.429 11 94 1015 0 1
0.162319 -0.14157 320 -0.00751492 -0.0505705 11.5214 29.0039 -13 1 0 0 1
-0.296068 0.0662199 320 0.000588126 0.0570018 12.5724 31.6277 -13 2 0 0 1
-0.124989 0.0779592 320 0.020408 -0.0225886 9.93199 13.9997 -13 3 0 0 1
-0.0767974 0.174241 320 0.0203561 -0.00441032 7.66177 36.9676 -13 6 0 0 1
0.0332901 0.677953 320 0.0880595 -0.0185268 2.37663 60.4814 -13 20 0 0 1
118.312 -63.3627 320 5.48322 -2.98807 -20.9087 616.359 12 20 1002 0 1
0.116855 -0.0262639 320 -0.0108893 -0.0392656 14.3754 22.2284 -13 25 0 0 1
0.0545066 0.0682579 320 0.0277571 0.0017541 9.79978 39.2527 -13 57 0 0 1
0.0936509 -0.37494 320 -0.0241689 -0.0601979 8.51554 22.0386 -13 88 0 0 1
