#BLTrackFile NTuple/Z40
#x y z Px Py Pz t PDGid EventID TrackID ParentID Weight
#mm mm mm MeV/c MeV/c MeV/c ns - - - - -
0 0 40 0 0 0.622123 16.2004 -13 -1 1 0 1
0.00910887 -0.00858459 40 0.00188173 -0.00786007 11.1801 5.57725 -13 4 0 0 1
-0.00559765 0.0022956 40 -0.00709758 0.00165918 13.2465 6.11863 -13 10 0 0 1
-0.0276004 0.0281115 40 -0.0232817 0.017183 10.4303 4.52557 -13 14 0 0 1
-1.02098 -3.0404 40 -0.0300644 0.0266809 0.0147355 5.7394 11 14 1002 0 1
0.0114399 0.0118746 40 0.00522097 -4.2051e-05 8.32221 19.5967 -13 19 0 0 1
-0.00809062 0.0648494 40 0.00629195 0.0240214 8.50525 12.2691 -13 27 0 0 1
0.122114 -0.0296899 40 0.0240851 -0.0246714 7.15893 19.5861 -13 59 0 0 1
-0.00765107 -0.00404179 40 -0.0138872 -0.00847786 13.9572 16.7805 -13 61 0 0 1
0.00396313 0.00162235 40 -0.00157342 0.000310554 10.396 3.22145 -13 72 0 0 1
-0.000914263 0.00173242 40 -0.00138254 -0.00536743 10.7596 16.3984 -13 74 0 0 1
0.0048796 -0.00874354 40 -0.000305427 -0.0207704 13.5653 14.9267 -13 78 0 0 1
0.00459909 -0.00285132 40 -0.00141942 0.00214464 13.2146 24.5106 -13 82 0 0 1
-0.013053 0.00190148 40 -0.0164268 -0.00317515 9.88515 20.6416 -13 83 0 0 1
-0.00174502 -0.00122403 40 0.00168519 -0.000106246 13.616 5.21006 -13 85 0 0 1
0.0110852 0.0012082 40 0.00906998 -0.000513819 7.99508 15.1513 -13 86 0 0 1
0.0314267 -0.0806343 40 -0.0113518 -0.00509933 2.96064 32.8497 -13 87 0 0 1
-0.0154025 0.00273218 40 -0.00527897 0.00513989 8.63575 26.1927 -13 36 0 0 1
-0.00415898 -0.000677252 40 -0.00349899 0.0012641 11.8677 24.9462 -13 38 0 0 1
0.0048962 -0.000858992 40 -0.04992 0.0587454 6.83885 12.7255 -13 48 0 0 1
-0.0580076 -0.0508547 40 -0.0212665 0.010347 4.58896 30.889 -13 50 0 0 1
0.0488656 -0.021964 40 -0.01432 -0.0226839 5.22465 8.1065 -13 65 0 0 1
-0.0963178 -0.160296 40 -0.0189626 0.0157664 0.0282748 8.07688 11 65 1017 0 1
3.42869e-05 -0.00620932 40 -0.00191657 -0.000698627 11.8323 5.34959 -13 12 0 0 1
0.112169 0.0970685 40 0.0232905 0.0108183 4.13576 9.96536 -13 13 0 0 1
43.0152 52.8999 40 20.1177 3.16816 -8.02895 13.0869 -11 13 1001 0 1
-0.000741521 -0.00127733 40 0.00842292 0.00129282 14.517 8.19008 -13 17 0 0 1
-0.00127202 0.000616044 40 0.00293777 0.0038228 10.5643 3.29894 -13 22 0 0 1
-0.00526074 -0.0132253 40 -0.00885198 -0.0030063 11.7915 30.8566 -13 23 0 0 1
-0.0172695 0.00585224 40 -0.00346426 0.000103088 8.35928 29.1182 -13 24 0 0 1
0.0239579 -0.0149495 40 -0.00119414 -0.00741092 7.10609 23.8489 -13 29 0 0 1
0.0277853 -0.00938784 40 0.00612866 -0.0102986 3.79189 29.5778 -13 33 0 0 1
-0.0707884 -0.020893 40 -0.0114625 -0.0173986 5.3372 29.848 -13 35 0 0 1
0.00754414 -0.000660681 40 0.00218138 -0.0114841 11.3186 20.442 -13 44 0 0 1
0.0214108 -0.0062974 40 0.00985572 -0.00487533 10.4204 21.2115 -13 55 0 0 1
-0.000719754 0.000992168 40 -0.00166884 0.00112451 14.1368 10.2634 -13 56 0 0 1
-0.017511 0.013626 40 -0.00321782 0.0110759 8.34529 23.6808 -13 60 0 0 1
0.0127742 0.00138958 40 0.0088562 -0.00287049 9.41556 14.6388 -13 62 0 0 1
0.0186899 -0.0629323 40 -0.0046112 -0.0180795 8.74338 24.9963 -13 81 0 0 1
0.0847747 0.0492579 40 0.00683991 0.00934382 3.04083 11.4868 -13 96 0 0 1
0.00177853 -0.00111153 40 -0.00237129 0.000966182 9.60349 9.93084 -13 98 0 0 1
-0.00851846 0.00348154 40 -0.00218166 0.012119 6.97178 9.49338 -13 5 0 0 1
0.00969261 0.000702844 40 0.00864643 -0.001773 10.6638 4.21824 -13 11 0 0 1
0.000729187 -0.00113136 40 -0.00491911 -0.00166775 13.0986 30.1896 -13 18 0 0 1
-0.0056888 -0.00326217 40 -0.00598615 0.0100854 14.4319 23.9176 -13 21 0 0 1
-0.00648342 0.00118813 40 0.00189244 0.00725612 10.3903 5.89439 -13 31 0 0 1
0.000315139 -0.0140215 40 -0.00139352 -0.0074677 8.5337 7.53755 -13 32 0 0 1
-0.019015 0.0169341 40 -0.0100542 0.0125084 13.7004 22.82 -13 34 0 0 1
0.014834 0.00118723 40 0.00141872 -0.00501695 10.4232 29.7822 -13 37 0 0 1
0.00404435 0.0100733 40 0.00103582 0.00185817 9.54525 12.089 -13 39 0 0 1
0.0156369 0.0166211 40 0.00663253 0.0046131 8.94174 5.10212 -13 41 0 0 1
-0.00375037 -0.00201252 40 -0.00392852 0.00124134 9.94359 23.4282 -13 42 0 0 1
-0.0170169 -0.0106523 40 -0.0055234 0.00975955 10.8905 26.2716 -13 45 0 0 1
0.00833577 0.00243032 40 0.00622843 -0.00292088 11.4299 9.70394 -13 47 0 0 1
-0.00293823 -0.0074875 40 -0.00634358 -0.00206389 13.2796 7.79121 -13 49 0 0 1
-0.00556223 -0.00825758 40 -0.000528454 0.00480317 8.45565 14.1269 -13 51 0 0 1
-0.0203435 -0.144967 40 0.0602139 -0.375998 3.01788 27.9963 -13 52 0 0 1
-0.00184649 -0.0073465 40 -0.0084096 -0.00285003 8.26682 3.59781 -13 53 0 0 1
-0.0130036 0.0102076 40 -0.00598718 0.00757762 8.34708 9.236 -13 58 0 0 1
-0.00560701 0.00776094 40 0.0168757 0.0070578 8.95102 14.6405 -13 64 0 0 1
-0.00794334 -0.0102963 40 -0.0393859 0.0429148 7.4457 15.486 -13 66 0 0 1
0.00356476 0.00464135 40 0.00258593 0.00341565 11.5482 14.0409 -13 67 0 0 1
0.00713946 -0.0049603 40 0.00363533 -0.00644964 10.6789 21.1808 -13 68 0 0 1
-0.0040299 -0.01203 40 0.000710202 -0.00894254 6.76181 30.2233 -13 92 0 0 1
-0.00513107 0.00278711 40 0.00863326 0.00441496 12.883 16.5287 -13 97 0 0 1
0.00263805 -0.00235234 40 0.00135189 -0.004685 14.0251 6.57902 -13 99 0 0 1
-0.000570065 0.0488168 40 0.0136549 0.00941711 4.97406 19.2988 -13 101 0 0 1
-0.00150924 0.0481257 40 -0.0105166 0.0185223 5.37534 22.3294 -13 15 0 0 1
-0.0119437 0.0139245 40 0.00211231 0.00769908 8.4861 4.71551 -13 16 0 0 1
0.0558315 -0.0283371 40 0.00738052 -0.0165698 5.21083 7.56324 -13 46 0 0 1
-0.115777 0.0895662 40 -0.00171708 0.0188829 3.50971 9.59123 -13 54 0 0 1
0.0134997 -0.00554909 40 0.00633848 -0.00555866 14.0301 29.4976 -13 63 0 0 1
-0.0135748 0.0159369 40 0.00580044 0.0145268 5.56816 16.6706 -13 69 0 0 1
0.0116228 -0.00469902 40 -0.00516526 -0.0115946 11.1888 6.78831 -13 70 0 0 1
-0.00897173 0.00646525 40 -0.000624745 0.00374368 11.7092 5.39747 -13 71 0 0 1
-0.00970753 -0.00643756 40 -0.0088534 -0.00346586 7.85329 30.0208 -13 75 0 0 1
0.01114 0.0212397 40 -0.0698589 0.00115133 8.27438 28.1507 -13 77 0 0 1
0.0345501 0.0197203 40 0.00957004 0.00142335 7.21462 29.7208 -13 91 0 0 1
0.0330769 -0.0171028 40 0.0114841 -0.0187707 7.75089 28.0346 -13 93 0 0 1
-0.00445473 0.00465031 40 -0.00173686 7.59832e-06 12.0586 14.7563 -13 7 0 0 1
-0.0155253 -0.0345643 40 0.00349634 0.0110288 5.26267 17.7037 -13 8 0 0 1
0.00273965 0.00329016 40 0.000645704 0.000346891 13.6592 24.5736 -13 9 0 0 1
-0.00646773 0.0131614 40 -0.0064498 0.00296086 8.97126 17.4195 -13 26 0 0 1
-0.00835968 -0.00102294 40 -0.00843881 0.00290565 11.5973 29.2082 -13 28 0 0 1
-0.00491321 -0.0130073 40 -0.00205374 -0.019994 13.6548 3.58297 -13 30 0 0 1
-0.00114282 0.00766887 40 -0.00033117 0.00338982 10.9558 22.2273 -13 40 0 0 1
0.00361075 0.00227214 40 0.000599034 0.00040466 14.4392 13.1303 -13 43 0 0 1
0.0010435 0.000368042 40 0.00118705 -0.00573117 12.5079 27.0167 -13 76 0 0 1
0.00107018 0.000526294 40 0.000245885 0.00257918 12.6921 26.4255 -13 79 0 0 1
0.0194882 -0.0190618 40 0.00346073 -0.0139418 10.3285 29.5719 -13 80 0 0 1
0.0747915 0.237395 40 0.0551738 0.0511555 6.45237 16.1572 -13 84 0 0 1
0.00592201 0.00963826 40 0.00251186 0.00821101 10.0049 12.6665 -13 89 0 0 1
0.0122683 -0.00928581 40 0.00400044 -0.0177438 5.97207 11.6675 -13 94 0 0 1
0.0117476 0.00299513 40 0.00655033 0.000170074 11.5337 20.3936 -13 1 0 0 1
0.00179466 -0.00201145 40 6.95979e-05 -0.0049543 12.5888 23.7287 -13 2 0 0 1
-0.0535133 -0.0373251 40 -0.0169795 -0.00332628 9.97077 4.04252 -13 3 0 0 1
0.00960523 0.00412287 40 -0.0275497 -0.0286586 7.69313 24.0906 -13 6 0 0 1
0.00805412 0.113535 40 0.0206951 0.027452 2.94717 23.8969 -13 20 0 0 1
191.741 -103.378 40 5.48322 -2.98807 -20.9087 617.334 12 20 1002 0 1
-0.421107 -0.538775 40 0.00423273 0.0170217 -0.16967 246.667 11 20 1010 0 1
-0.0121376 -0.0203092 40 -0.0118569 -0.0123749 14.3779 15.3012 -13 25 0 0 1
-0.0117836 -0.000355567 40 -0.0039857 0.00486546 9.81514 29.1478 -13 57 0 0 1
0.0134486 -0.00767884 40 0.0147255 -0.00213438 8.55876 10.4348 -13 88 0 0 1
