#BLTrackFile NTuple/Z460
#x y z Px Py Pz t PDGid EventID TrackID ParentID Weight
#mm mm mm MeV/c MeV/c MeV/c ns - - - - -
-0.0870864 -0.15807 460 -0.000288205 0.0488289 11.1549 18.9059 -13 4 0 0 1
0.0844177 0.130871 460 0.0109071 0.0112465 13.2386 17.384 -13 10 0 0 1
-0.0703156 0.206363 460 -0.00159645 0.0220522 10.4108 18.7986 -13 14 0 0 1
-0.0156031 -0.00249121 460 0.00911728 0.0200982 8.20817 37.5473 -13 19 0 0 1
-8.4335 4.30151 460 0.00387624 0.00985072 0.029249 55.7436 11 19 1005 0 1
-0.142972 0.280172 460 0.0435454 0.0357875 8.46445 29.7562 -13 27 0 0 1
0.163428 0.102549 460 0.0545001 -0.0134114 7.11007 40.3752 -13 59 0 0 1
-0.0652075 0.149048 460 0.0147355 0.0140372 13.9508 27.4801 -13 61 0 0 1
-0.0261012 -0.0792984 460 -0.00720008 0.00752357 10.3678 17.5469 -13 72 0 0 1
-0.0861733 -0.288235 460 -0.026958 -0.0312093 10.7238 30.2516 -13 74 0 0 1
-0.324473 -0.0955116 460 -0.00122961 0.0490174 13.5547 25.932 -13 78 0 0 1
-0.135941 0.0206551 460 0.000548997 0.0529969 13.2052 35.8034 -13 82 0 0 1
-0.483962 -0.27679 460 -0.0244904 0.0776191 9.85896 35.7018 -13 83 0 0 1
-0.0328551 -0.00763656 460 0.00118736 -0.00879314 13.6069 16.1746 -13 85 0 0 1
-0.122528 0.0909739 460 0.0539166 -0.00108166 7.93727 33.7903 -13 86 0 0 1
-0.418686 0.388922 460 0.0489611 0.0702851 2.03128 89.9115 -13 87 0 0 1
-0.0344867 0.0954433 460 0.0610509 0.00424525 8.57231 43.4754 -13 36 0 0 1
0.0462158 0.160663 460 0.0233503 -0.0168079 11.8499 37.506 -13 38 0 0 1
0.162832 0.0669271 460 -0.0822045 0.0812603 6.75627 34.5224 -13 48 0 0 1
0.161318 -0.153216 460 -0.0119659 -0.07044 4.15916 64.422 -13 50 0 0 1
0.0396666 0.311312 460 0.0405859 -0.0323205 4.99896 37.1666 -13 65 0 0 1
0.0714767 -0.0572946 460 -0.00649759 0.00287525 11.8145 17.9456 -13 12 0 0 1
0.0690795 -0.0195361 460 -0.0013159 -0.00886301 14.508 18.4853 -13 17 0 0 1
-0.0890358 0.211974 460 -0.0157315 0.0338679 10.5475 17.393 -13 22 0 0 1
0.0090617 0.0311521 460 -0.0117402 -0.0212894 11.7606 43.4972 -13 23 0 0 1
-1.21021 0.275616 460 0.00718641 0.0120334 0.036768 44.0197 11 23 1001 0 1
0.0377512 -0.0359033 460 -0.0231609 -0.0181787 8.32696 46.9232 -13 24 0 0 1
0.0662396 -0.24624 460 -0.0328937 0.0227012 7.03436 44.8446 -13 29 0 0 1
-0.0420864 -0.00378632 460 0.0472349 0.0862136 3.43566 70.1715 -13 33 0 0 1
0.279981 -0.104703 460 -0.0233428 -0.150376 5.20828 57.996 -13 35 0 0 1
-0.0030601 -0.11901 460 -0.0337325 0.0185907 11.2905 33.6123 -13 44 0 0 1
0.0162473 -0.0499407 460 0.0097071 0.00651669 10.4029 35.4963 -13 55 0 0 1
-0.138272 0.249694 460 0.00123163 0.0372841 14.1293 20.831 -13 56 0 0 1
0.164703 0.17906 460 0.0176826 0.0244334 8.21923 41.6277 -13 60 0 0 1
0.0530821 -0.255159 460 -0.0506427 -0.0314685 9.37055 30.4445 -13 62 0 0 1
3.33236 2.17974 460 0.0275579 -0.0109352 0.0278623 33.6304 11 62 1002 0 1
-0.0956391 -0.1138 460 0.0032084 0.0377506 8.71067 42.0114 -13 81 0 0 1
-0.0256588 -0.139976 460 0.023293 0.0175791 2.0693 67.4512 -13 96 0 0 1
-0.102551 0.0520382 460 0.0413212 0.0101259 9.57506 25.4373 -13 98 0 0 1
0.200557 0.124174 460 0.0191 -0.0397784 6.89233 30.8944 -13 5 0 0 1
-0.0948355 0.140861 460 0.027008 0.00496796 10.6425 18.1811 -13 11 0 0 1
0.0892993 0.237306 460 0.0333854 -0.0198515 13.0897 41.581 -13 18 0 0 1
-0.0410376 0.174645 460 0.0477544 0.0187526 14.4245 34.2718 -13 21 0 0 1
-0.0636343 0.138383 460 -0.0204658 -0.00966858 10.3618 20.2309 -13 31 0 0 1
0.0941069 0.159312 460 0.0636397 -0.026196 8.4807 24.9864 -13 32 0 0 1
0.066604 0.053106 460 -0.0124545 -0.00528445 13.6883 33.7182 -13 34 0 0 1
-0.0684931 0.177905 460 0.0502109 -0.015423 10.3929 44.0758 -13 37 0 0 1
-0.042527 -0.144309 460 -0.00992613 -0.0127263 9.51604 27.6843 -13 39 0 0 1
-0.105146 -0.0442897 460 -0.0318038 0.0429697 8.90707 21.7455 -13 41 0 0 1
-0.203622 -0.0399554 460 0.00604761 0.075066 9.90577 38.4089 -13 42 0 0 1
-0.045505 0.00832243 460 -0.0110268 0.0248969 10.8572 39.9553 -13 45 0 0 1
0.0274177 0.163578 460 0.0448894 -0.0141125 11.4097 22.7393 -13 47 0 0 1
-0.0505528 0.0103042 460 0.00898554 0.0111363 13.2688 19.0298 -13 49 0 0 1
0.145887 0.12429 460 0.0108323 -0.0256549 8.40016 31.7273 -13 51 0 0 1
0.861805 -0.085907 460 0.00119607 0.0327121 0.0186299 31.9634 11 51 1001 0 1
-2.25682 -0.0878031 460 0.0098007 0.258835 2.11255 84.0218 -13 52 0 0 1
0.149606 0.0660675 460 0.00117401 -0.0252745 8.22065 21.6114 -13 53 0 0 1
0.0545069 0.275542 460 0.0926228 0.00712041 8.29142 27.0858 -13 58 0 0 1
0.303413 -0.139726 460 0.00430352 -0.0598107 8.91974 31.2644 -13 64 0 0 1
0.331677 -0.113866 460 0.00107804 -0.0408958 7.38441 35.4846 -13 66 0 0 1
-0.158418 -0.0166588 460 -0.0939509 -0.00248763 11.4786 26.9489 -13 67 0 0 1
-0.445215 0.360627 460 0.0350099 -0.000309533 0.0615221 27.0426 11 67 1001 0 1
0.0137467 0.213825 460 0.0340184 0.00783873 10.6256 35.1583 -13 68 0 0 1
0.353952 0.0786404 460 0.0140692 -0.0535854 6.66735 52.2939 -13 92 0 0 1
0.096389 -0.0698479 460 -0.00174202 -0.017865 12.8593 28.1154 -13 97 0 0 1
0.0607811 -0.0956592 460 -0.0262043 -0.00274572 14.0182 17.2284 -13 99 0 0 1
-0.127209 0.209581 460 0.0567499 0.0746707 4.74405 49.8219 -13 101 0 0 1
0.167342 -0.109639 460 -0.00723132 -0.0661636 5.18057 50.4254 -13 15 0 0 1
0.116135 -0.0863537 460 0.00844936 0.0117475 0.0378024 50.4113 11 15 1009 0 1
0.260981 0.132359 460 0.0161108 -0.116533 8.42891 22.2811 -13 16 0 0 1
-0.299686 0.0347902 460 0.0318118 0.076231 5.02652 36.3984 -13 46 0 0 1
-0.189996 0.309271 460 0.00426367 0.013485 3.06247 54.34 -13 54 0 0 1
0.0274048 0.0693275 460 0.00147753 0.00147696 14.0225 40.1433 -13 63 0 0 1
0.186391 0.0244094 460 -0.0451351 0.00572294 5.42269 43.5084 -13 69 0 0 1
0.0198433 0.0250414 460 -0.0313577 0.0300318 11.1591 20.1113 -13 70 0 0 1
0.0186599 -0.0619045 460 -0.0175577 0.0322699 11.6901 18.1238 -13 71 0 0 1
-0.21402 -0.223466 460 0.00114285 0.0888416 7.78807 49.006 -13 75 0 0 1
-0.509922 0.321528 460 0.0346894 0.105946 8.2401 46.1364 -13 77 0 0 1
0.141462 -0.161029 460 -0.0323384 -0.0243374 7.10262 50.449 -13 91 0 0 1
-0.168434 -0.25806 460 -0.00340062 0.0421372 7.70841 47.231 -13 93 0 0 1
0.00717892 0.0893635 460 0.0161848 -0.00937524 12.0455 27.1175 -13 7 0 0 1
0.0241914 0.122778 460 0.0388594 0.00960183 5.10454 46.1163 -13 8 0 0 1
-0.073547 -0.132147 460 -0.00589363 -0.013407 0.0312559 45.7757 11 8 1008 0 1
0.0474424 0.021621 460 0.00092044 -0.00843637 13.647 35.5069 -13 9 0 0 1
-0.17622 -0.0929896 460 -0.00783926 0.0245138 8.94148 34.0012 -13 26 0 0 1
0.0500929 0.114264 460 0.0328927 -0.0119086 11.5741 42.0628 -13 28 0 0 1
-0.0599004 0.430977 460 0.0535922 -0.0136118 13.6409 14.5195 -13 30 0 0 1
0.325577 0.190216 460 0.019433 -0.0266606 10.8767 35.8819 -13 40 0 0 1
0.454079 -4.54285 460 0.05571 0.0257828 0.0127084 43.9739 11 40 1002 0 1
0.0725853 -0.0777043 460 -0.0155241 -0.0210139 14.4307 23.481 -13 43 0 0 1
-0.0515244 0.0382612 460 -0.0314794 0.00482136 12.4863 38.9417 -13 76 0 0 1
-0.116887 0.0776789 460 0.0380449 0.037391 12.6736 38.1795 -13 79 0 0 1
0.00828736 -0.0113652 460 0.0133581 -0.00909894 10.3126 43.982 -13 80 0 0 1
0.52814 -0.0413208 460 0.00348671 -0.0475707 6.38786 39.2148 -13 84 0 0 1
0.199474 0.259301 460 0.0633335 -0.00388603 9.969 27.5531 -13 89 0 0 1
-0.468466 -0.216238 460 -0.108564 0.0623241 5.79082 36.8732 -13 94 0 0 1
2.1538 6.95856 460 0.00329761 0.0194576 0.0356421 36.1972 11 94 1013 0 1
-0.128247 0.141402 460 0.0407122 0.0460305 11.5145 33.3131 -13 1 0 0 1
-0.0764799 0.0856599 460 -0.0130925 -0.0328554 12.5691 35.5804 -13 2 0 0 1
-0.327841 0.0375003 460 0.0114371 0.0388701 9.92285 18.9916 -13 3 0 0 1
-0.515956 0.215021 460 0.0271264 0.0863007 7.64266 43.4321 -13 6 0 0 1
-0.276668 0.395139 460 0.084007 -0.0278568 1.94141 83.1745 -13 20 0 0 1
81.5981 -43.3553 460 5.48322 -2.98807 -20.9087 615.872 12 20 1002 0 1
-0.144118 -0.0679809 460 -0.0213226 0.0356525 14.3728 25.6925 -13 25 0 0 1
-0.00501165 -0.0764144 460 -0.0142997 0.0194179 9.79048 44.3112 -13 57 0 0 1
0.176203 -0.0998157 460 0.0776978 -0.0552126 8.45682 27.8676 -13 88 0 0 1
1.10657 2.26142 460 -0.00946197 0.0432452 0.0334372 28.1676 11 88 1003 0 1
