#BLTrackFile NTuple/Z740
#x y z Px Py Pz t PDGid EventID TrackID ParentID Weight
#mm mm mm MeV/c MeV/c MeV/c ns - - - - -
0.0166025 -0.0852842 740 0.0320088 0.00675211 11.1431 27.8059 -13 4 0 0 1
0.10254 0.140224 740 0.0211479 -0.00498823 13.2308 24.8988 -13 10 0 0 1
-0.114391 0.306784 740 0.00465997 0.0226843 10.3979 28.3283 -13 14 0 0 1
0.152689 -0.111595 740 -0.0368536 -0.0549115 8.17572 49.619 -13 19 0 0 1
0.0595975 -0.0748985 740 -0.0362515 -0.0226905 8.43541 41.4674 -13 27 0 0 1
0.159408 0.178917 740 0.0808831 0.0408322 7.0457 54.345 -13 59 0 0 1
-0.0246598 0.162854 740 -0.010206 0.0193829 13.9434 34.6166 -13 61 0 0 1
-0.00455755 0.163942 740 0.0416245 0.0185771 10.3514 27.1171 -13 72 0 0 1
-0.215332 -0.448402 740 -0.058932 0.0245663 10.7032 39.5096 -13 74 0 0 1
-0.372802 -0.114012 740 -0.0380747 0.0502066 13.5486 33.274 -13 78 0 0 1
-0.03362 0.0366749 740 0.000902308 0.0398673 13.1979 43.3359 -13 82 0 0 1
-0.130793 -0.0660724 740 0.0539194 -0.0236699 9.84177 45.7604 -13 83 0 0 1
-0.0339845 -0.0183238 740 -0.0239555 -0.000730995 13.5993 23.4885 -13 85 0 0 1
-0.340248 0.102036 740 0.0158142 0.0396871 7.8961 46.2913 -13 86 0 0 1
-0.066174 0.0564809 740 0.00620517 -0.0591655 0.963391 590.223 -13 87 0 0 1
-0.268792 -0.258553 740 -0.0607208 0.00872567 8.51997 55.0482 -13 36 0 0 1
-0.281141 2.42046 740 -0.029503 0.0146635 0.0280721 55.6602 11 36 1002 0 1
0.11573 0.162229 740 0.0175616 -0.0292719 11.8353 45.8916 -13 38 0 0 1
0.211706 0.315064 740 -0.047845 0.0583228 6.65333 49.3243 -13 48 0 0 1
0.398479 -0.0967326 740 -0.0545154 -0.0949707 3.87306 88.9669 -13 50 0 0 1
-0.443395 0.272985 740 0.0809895 0.0896891 4.76951 57.2805 -13 65 0 0 1
-0.0468982 -0.21938 740 -0.0598594 0.066633 11.7969 26.3565 -13 12 0 0 1
0.134451 -0.065685 740 0.0012815 -0.0166173 14.5019 25.3521 -13 17 0 0 1
-0.024816 0.399614 740 0.0439617 -0.00772404 10.5236 26.806 -13 22 0 0 1
-0.00671683 0.0319226 740 -0.0180206 -0.0212871 11.7442 51.9472 -13 23 0 0 1
-0.0518766 0.015531 740 -0.00187039 -0.00951927 8.30003 58.8285 -13 24 0 0 1
-0.0284184 -0.325222 740 -0.0364928 0.0361207 6.98126 58.9519 -13 29 0 0 1
-0.115035 -0.31439 740 0.0306087 0.128385 3.10707 100.114 -13 33 0 0 1
-0.915468 0.344461 740 0.145468 0.148275 5.01111 77.349 -13 35 0 0 1
-0.0135206 -0.161318 740 -0.0220025 0.0403215 11.2746 42.4092 -13 44 0 0 1
0.265541 0.0690803 740 0.021883 -0.0293666 10.3902 45.033 -13 55 0 0 1
-0.1099 0.267304 740 0.00973059 0.0350017 14.1226 27.8792 -13 56 0 0 1
0.578044 -0.0506371 740 -0.0282707 -0.065258 8.17147 53.6926 -13 60 0 0 1
-0.312988 -0.0561946 740 0.0228851 0.0364507 9.35262 41.0251 -13 62 0 0 1
0.0342822 -0.182916 740 -0.0153409 -0.0471255 8.69413 53.3887 -13 81 0 0 1
-1.18617 1.84221 740 -9.76064 16.0023 25.3948 594.977 -11 96 1001 0 1
7.35696 26.0365 740 7.05096 24.3469 2.49762 595.056 12 96 1002 0 1
0.0508986 -0.123663 740 -0.0147352 -0.029368 9.55333 35.7956 -13 98 0 0 1
-0.0552203 -0.000662677 740 0.0184845 0.057027 6.84107 45.2997 -13 5 0 0 1
-0.242671 0.176667 740 0.0237982 0.0171311 10.6314 27.5043 -13 11 0 0 1
0.292807 0.336884 740 0.0265861 -0.0612271 13.066 49.1869 -13 18 0 0 1
-0.179311 0.0355679 740 0.0287156 0.05519 14.4209 41.1777 -13 21 0 0 1
-0.206579 0.193092 740 -0.0268832 0.0177308 10.3553 29.8028 -13 31 0 0 1
3.04235 -3.58548 740 -0.500927 -0.509084 8.4102 36.7212 -13 32 0 0 1
0.399304 -0.309129 740 -0.057307 -0.0579509 13.6815 40.9894 -13 34 0 0 1
0.0615155 -0.13839 740 -0.0250773 -0.023992 10.3825 53.6214 -13 37 0 0 1
-0.156015 0.102676 740 0.0307055 0.0069756 9.49079 38.1108 -13 39 0 0 1
0.135562 0.12794 740 0.0467966 -0.032101 8.88583 32.8767 -13 41 0 0 1
0.177486 0.199505 740 0.0342684 -0.074598 9.8867 48.4254 -13 42 0 0 1
-0.0503011 0.154175 740 0.00641978 0.0374665 10.8445 49.098 -13 45 0 0 1
0.18483 -0.0334375 740 0.0200277 -0.0419319 11.3878 31.4476 -13 47 0 0 1
-0.062916 0.103334 740 0.0396056 0.0028244 13.2546 26.5295 -13 49 0 0 1
0.166568 -0.0952707 740 -0.0585245 0.00223721 8.37811 43.5257 -13 51 0 0 1
-1.01973 0.670986 740 -0.000156684 -1.95941e-05 0.0354988 401.715 -13 52 0 0 1
-103.605 -224.413 740 -10.7428 -23.5103 -18.7326 715.499 -14 52 1003 0 1
0.047792 0.0791665 740 -0.0154851 -0.0304611 8.18982 33.6796 -13 53 0 0 1
0.052576 -0.174292 740 -0.0682973 0.0275343 8.27021 39.0365 -13 58 0 0 1
-0.0832471 -0.280505 740 -0.0312725 0.0392848 8.88205 42.3945 -13 64 0 0 1
0.103766 0.0648585 740 0.00934499 -0.0105849 7.34727 48.9083 -13 66 0 0 1
-0.427889 0.124594 740 -0.0381142 0.0726265 11.4712 35.5992 -13 67 0 0 1
-3.11516 -0.340815 740 0.0065267 -0.0427849 0.0484987 38.197 11 67 1001 0 1
0.192777 0.165094 740 -0.0073209 -0.0551611 10.6097 44.4994 -13 68 0 0 1
0.287752 0.113532 740 -0.0438196 -0.069384 6.62184 67.1701 -13 92 0 0 1
0.10977 -0.0411264 740 0.0151297 -0.0478545 12.8404 35.8536 -13 97 0 0 1
0.000199448 0.0228615 740 -0.0138707 0.0154732 14.0071 24.332 -13 99 0 0 1
-0.397528 0.0250369 740 0.0162299 0.0868359 4.65257 70.8664 -13 101 0 0 1
-0.535058 -0.335177 740 -0.0555869 0.0437008 5.05663 69.7938 -13 15 0 0 1
-0.51094 0.458123 740 0.0955126 0.142989 8.38026 34.0606 -13 16 0 0 1
0.148183 0.0376768 740 0.00323585 -0.0367306 4.84463 56.4298 -13 46 0 0 1
0.109635 0.78383 740 0.0708273 -0.00553166 2.59572 89.1883 -13 54 0 0 1
-0.00327511 0.0196714 740 -0.00547288 0.0101791 14.0165 47.2439 -13 63 0 0 1
0.645416 -0.05262 740 -0.0175342 -0.0489449 5.34899 61.8574 -13 69 0 0 1
-0.107256 0.253461 740 0.0563592 0.0803813 11.1524 29.0061 -13 70 0 0 1
0.0699182 0.0639726 740 0.0370085 0.0342678 11.6798 26.6206 -13 71 0 0 1
-0.144589 -0.316403 740 -0.0598942 0.0268269 7.758 61.7377 -13 75 0 0 1
0.0441869 -0.536766 740 -0.162763 -0.0662165 8.20394 58.1765 -13 77 0 0 1
-0.241203 -0.123647 740 0.0408305 0.0316078 7.03846 64.4503 -13 91 0 0 1
-0.113258 -0.567236 740 -0.0675595 0.0223303 7.64158 60.1402 -13 93 0 0 1
0.144598 0.0728192 740 0.00497609 -0.0649678 12.034 35.3668 -13 7 0 0 1
-0.0771935 -0.514396 740 -0.0664126 0.0402821 5.04903 65.5997 -13 8 0 0 1
-0.000977602 -0.0153006 740 -0.00628373 -0.00854569 13.6424 42.7993 -13 9 0 0 1
-0.07444 -0.0214735 740 0.0124076 -0.00918484 8.91858 45.0905 -13 26 0 0 1
0.115211 -0.109649 740 0.0108472 -0.0209613 11.4595 50.6936 -13 28 0 0 1
-0.877604 -0.299083 740 0.0172696 -0.0014569 0.105707 48.034 11 28 1001 0 1
-0.0248102 0.367353 740 0.0442907 -0.0052347 13.6248 21.8187 -13 30 0 0 1
0.320684 0.0778988 740 -0.011579 0.0102222 10.8649 45.0073 -13 40 0 0 1
0.056889 -0.0864121 740 -0.0151018 -0.024054 14.4256 30.3843 -13 43 0 0 1
-0.0355102 -0.00296353 740 -0.0187546 0.043409 12.474 46.9044 -13 76 0 0 1
-0.205091 -0.0860813 740 0.0452291 0.0548988 12.6571 46.0273 -13 79 0 0 1
0.0721253 -0.165618 740 -0.0235046 0.00774659 10.2923 53.6065 -13 80 0 0 1
0.649539 -0.54939 740 -0.0466576 -0.119061 6.35525 54.7389 -13 84 0 0 1
-343.449 -47.5056 740 -30.0013 -3.80331 -38.6235 81.4348 -14 84 1003 0 1
0.354304 -0.0170703 740 -0.0258204 -0.0620585 9.95166 37.5027 -13 89 0 0 1
-0.208601 0.813772 740 0.158744 0.0477408 5.67281 54.1857 -13 94 0 0 1
-0.00712418 0.180926 740 0.0570934 0.0175048 11.4994 41.9392 -13 1 0 0 1
0.0141055 0.0075039 740 -0.040645 -0.0416062 12.559 43.4897 -13 2 0 0 1
-0.0582785 0.0850103 740 0.0226592 -0.0142865 9.90558 28.9888 -13 3 0 0 1
-0.271027 -0.0864109 740 -0.059405 0.0279617 7.60651 56.3993 -13 6 0 0 1
0.421697 -0.0123019 740 -0.0136978 -0.00780381 0.66004 584.441 -13 20 0 0 1
8.16942 -3.3404 740 5.48322 -2.98807 -20.9087 614.897 12 20 1002 0 1
0.208549 -0.756102 740 -0.128031 0.0681075 14.2272 32.6809 -13 25 0 0 1
4.03501 -1.9467 740 0.0560693 -0.0151253 0.0592367 34.5651 11 25 1001 0 1
0.834673 0.580968 740 0.029539 -0.0148599 0.102719 31.8957 11 25 1002 0 1
0.0344651 -0.164695 740 0.00646953 0.0433331 9.73597 54.4607 -13 57 0 0 1
0.314415 -0.18418 740 -0.0296854 -0.0114069 0.0425552 55.2309 11 57 1001 0 1
-0.261594 -0.64548 740 -0.0566896 0.0849533 8.41462 39.604 -13 88 0 0 1
