#BLTrackFile NTuple/Z860
#x y z Px Py Pz t PDGid EventID TrackID ParentID Weight
#mm mm mm MeV/c MeV/c MeV/c ns - - - - -
0.0111414 -0.471337 860 -0.0700453 -0.00350772 11.1373 31.6232 -13 4 0 0 1
0.120707 -0.0333623 860 -0.0169416 -0.012048 13.228 28.1205 -13 10 0 0 1
0.0287201 0.208235 860 -0.0135209 -0.0191996 10.3917 32.4164 -13 14 0 0 1
0.0551332 0.309077 860 0.0851821 -0.0224632 8.17037 54.8085 -13 19 0 0 1
0.0860439 0.128906 860 0.0612679 -0.0335859 8.41508 46.4989 -13 27 0 0 1
0.0155491 0.0493855 860 0.00403207 0.000630888 0.00474817 46.9601 11 27 1003 0 1
0.223381 -0.0984151 860 0.000924532 0.0368884 6.99078 60.3865 -13 59 0 0 1
0.169809 0.965368 860 -0.00562682 -0.0406762 0.0227276 60.712 11 59 1003 0 1
0.0638881 0.25772 860 0.0107953 -0.00723534 13.9403 37.6763 -13 61 0 0 1
0.0205181 -0.248693 860 -0.0657273 -0.00150847 10.3418 31.2243 -13 72 0 0 1
-0.0247865 -0.117004 860 0.0430519 -0.0342375 10.6962 43.4821 -13 74 0 0 1
-0.118051 0.203525 860 0.0521609 -0.0281653 13.5464 36.4213 -13 78 0 0 1
0.209376 0.0535888 860 0.00218873 -0.0495392 13.1933 46.5657 -13 82 0 0 1
-0.505258 -0.403558 860 -0.0362659 0.0621972 9.83621 50.0776 -13 83 0 0 1
-0.0841898 0.184739 860 0.0291768 0.0223742 13.5941 26.6245 -13 85 0 0 1
-0.225568 -0.115787 860 -0.0597767 0.0123323 7.88189 51.6664 -13 86 0 0 1
-0.159292 -0.104571 860 -0.00934573 -0.0492588 8.51505 60.0298 -13 36 0 0 1
-0.0700375 0.0472813 860 -0.0135506 0.0313679 11.8314 49.4881 -13 38 0 0 1
0.323091 0.213882 860 -0.10013 0.010199 6.62222 55.7043 -13 48 0 0 1
-0.0302935 0.0831378 860 0.0461065 0.0406413 3.78611 100.024 -13 50 0 0 1
0.0887828 0.541628 860 0.122983 -0.0722379 4.74078 66.1794 -13 65 0 0 1
0.397799 0.173158 860 0.0562104 -0.0676795 11.794 29.9643 -13 12 0 0 1
0.0513613 -0.122732 860 -0.0117959 0.00637083 14.4977 28.2962 -13 17 0 0 1
-0.0230874 0.322287 860 0.00573711 0.0367105 10.518 30.8459 -13 22 0 0 1
-0.11591 0.136688 860 0.0228178 0.0126724 11.7422 55.5707 -13 23 0 0 1
-0.124974 -0.0084071 860 0.00657208 0.00957442 8.29413 63.9417 -13 24 0 0 1
0.247396 -0.457944 860 -0.0222367 -0.0285491 6.95182 65.031 -13 29 0 0 1
-0.0111808 -0.822994 860 -0.106273 0.0810321 2.97701 114.011 -13 33 0 0 1
-0.159854 0.622163 860 0.22834 -0.0391335 4.94005 85.8572 -13 35 0 0 1
0.354682 0.005182 860 0.0354006 -0.0390666 11.2696 46.1823 -13 44 0 0 1
-0.126817 -0.135709 860 -0.0412983 0.0503974 10.3789 49.1242 -13 55 0 0 1
0.0797377 0.286399 860 0.00547547 -0.0320548 14.121 30.9006 -13 56 0 0 1
0.43967 0.433342 860 0.105408 -0.0297479 8.16227 58.8864 -13 60 0 0 1
-0.123218 -0.180385 860 -0.0271651 -0.0201565 9.34776 45.5665 -13 62 0 0 1
-0.0439623 0.0499948 860 0.0570557 -0.0141201 8.67923 58.2744 -13 81 0 0 1
46.0029 41.7272 860 14.1568 -12.2924 25.3915 595.474 -11 96 1001 0 1
-0.0690029 0.283485 860 0.0444474 0.0122361 9.52442 40.2511 -13 98 0 0 1
0.00438842 -0.166825 860 -0.0438052 0.0362783 6.82596 51.5013 -13 5 0 0 1
-0.110536 0.0570423 860 -0.00806737 -0.008117 10.6229 31.5041 -13 11 0 0 1
-0.0733258 0.142503 860 -0.0400914 0.0496653 13.0633 52.4486 -13 18 0 0 1
0.16425 -0.0759943 860 -0.0038348 -0.0579339 14.4186 44.1379 -13 21 0 0 1
-0.0396122 0.315258 860 0.0187439 -0.0389762 10.3481 33.9072 -13 31 0 0 1
2.09399 0.323841 860 0.639452 -0.207606 8.39249 41.7691 -13 32 0 0 1
-0.0364919 0.0108936 860 0.0371986 0.0817493 13.6748 44.1068 -13 34 0 0 1
0.0159305 -0.0460394 860 0.0158265 -0.00714355 10.3722 57.7162 -13 37 0 0 1
-0.25991 -0.13672 860 -0.0313597 0.0258155 9.48538 42.5863 -13 39 0 0 1
-0.14173 -0.127377 860 -0.0317986 0.0491596 8.86946 37.6574 -13 41 0 0 1
-0.345986 0.164059 860 0.0219875 0.0773933 9.87852 52.7236 -13 42 0 0 1
0.0766595 0.303542 860 0.0017673 -0.0136589 10.8299 53.0216 -13 45 0 0 1
0.0186841 -0.0892134 860 0.00427424 0.0398088 11.3835 35.1836 -13 47 0 0 1
0.0489477 -0.174284 860 -0.0327889 -0.0306851 13.2497 29.7458 -13 49 0 0 1
0.352067 0.136861 860 0.0369563 -0.0449359 8.36582 48.5927 -13 51 0 0 1
-1.34164 0.798486 860 0.00148187 0.000606054 1.03412 676.472 -13 52 0 0 1
-34.7873 -73.8073 860 -10.7428 -23.5103 -18.7326 714.817 -14 52 1003 0 1
-0.0917809 0.212886 860 0.0270176 -0.00120421 8.18558 38.8601 -13 53 0 0 1
0.28817 -0.066413 860 -0.0299853 -0.0732637 8.25189 44.1696 -13 58 0 0 1
0.216889 -0.0996743 860 0.00777005 -0.0461702 8.8725 47.1743 -13 64 0 0 1
0.206354 0.252745 860 0.0457766 0.00823848 7.33462 54.6825 -13 66 0 0 1
0.000461453 0.509688 860 0.053357 -0.0557281 11.4641 39.3087 -13 67 0 0 1
-6.27507 -1.79791 860 -0.0121531 -0.00443236 0.0479781 43.3304 11 67 1001 0 1
-0.210635 0.292551 860 0.0258801 0.062812 10.5999 48.5071 -13 68 0 0 1
0.137622 0.442221 860 0.0382976 -0.0775111 6.59906 73.581 -13 92 0 0 1
-0.224486 -0.220782 860 -0.0414264 0.0414074 12.8383 39.1717 -13 97 0 0 1
0.0634215 0.179652 860 0.024792 0.000494779 14.0057 27.3779 -13 99 0 0 1
-0.0059829 0.172267 860 0.0601892 -0.0122322 4.61692 79.9945 -13 101 0 0 1
-0.527183 0.0572293 860 0.0366563 0.0461989 4.99551 78.2036 -13 15 0 0 1
2.34362 1.18588 860 -0.00554763 0.00368507 0.0438231 77.0287 11 15 1002 0 1
-0.0785943 -0.360625 860 -0.161161 0.02646 8.37271 39.1249 -13 16 0 0 1
0.114024 0.0983997 860 0.0265243 0.0325937 4.81409 65.1978 -13 46 0 0 1
0.424532 0.625514 860 0.0211984 0.00391252 2.18407 106.352 -13 54 0 0 1
0.0488483 0.124639 860 0.0093551 0.0191147 14.0148 50.2878 -13 63 0 0 1
0.55435 -0.0765545 860 -0.0234699 -0.0221829 5.31774 69.7776 -13 69 0 0 1
0.247702 -0.00550308 860 -0.0552194 -0.0406643 11.1451 32.8205 -13 70 0 0 1
0.366257 -0.204722 860 -0.0376071 -0.0458979 11.6766 30.264 -13 71 0 0 1
0.0746559 -0.298095 860 -0.0387715 -0.0435207 7.7443 67.2075 -13 75 0 0 1
0.267534 0.353246 860 0.104432 -0.136916 8.19145 63.3489 -13 77 0 0 1
-0.629269 -0.401413 860 -0.0370054 0.0529356 6.98147 70.5075 -13 91 0 0 1
0.22761 -0.666392 860 -0.0484874 -0.0725043 7.62057 65.6961 -13 93 0 0 1
-0.263384 -0.0376324 860 -0.0172889 0.0477505 12.0324 38.9041 -13 7 0 0 1
-0.0758835 -0.238187 860 0.108065 0.0233014 4.98434 74.0355 -13 8 0 0 1
-0.0620171 -0.0407853 860 -0.00796305 0.00286613 13.6411 45.9253 -13 9 0 0 1
0.0618665 -0.0204371 860 0.0102986 -0.0129075 8.90199 49.8541 -13 26 0 0 1
-0.0397352 -0.168615 860 -0.0105279 0.0253102 11.4541 54.4066 -13 28 0 0 1
-2.60901 -0.372533 860 -0.0187239 -0.00492058 0.104585 50.0591 11 28 1001 0 1
0.0485314 -0.0148688 860 -0.04922 -0.0405188 13.617 24.9492 -13 30 0 0 1
0.47624 0.136519 860 0.0158331 -0.0227692 10.8589 48.9216 -13 40 0 0 1
-0.049045 0.0088373 860 0.0226084 0.0240591 14.4225 33.3437 -13 43 0 0 1
0.239166 0.181101 860 0.0383864 -0.0321517 12.4718 50.3185 -13 76 0 0 1
0.179896 -0.337743 860 -0.0175555 -0.0590596 12.6569 49.3926 -13 79 0 0 1
0.130492 0.121723 860 0.0263283 0.026094 10.2685 57.7382 -13 80 0 0 1
0.618152 -0.0927883 860 0.0475888 -0.138679 6.29125 61.4137 -13 84 0 0 1
-250.237 -35.689 860 -30.0013 -3.80331 -38.6235 80.9264 -14 84 1003 0 1
0.0743195 0.162441 860 0.0604593 0.0191005 9.94632 41.7725 -13 89 0 0 1
-0.0194683 0.971415 860 0.209239 -0.00476564 5.61605 61.6759 -13 94 0 0 1
0.00982236 -0.235229 860 -0.0668452 -0.0144285 11.4955 45.6392 -13 1 0 0 1
-0.317626 0.250713 860 0.0262689 0.0509307 12.5559 46.8813 -13 2 0 0 1
-0.202716 -0.0823338 860 -0.0195249 0.0128078 9.89321 33.2791 -13 3 0 0 1
-0.173424 0.139103 860 -0.0533112 -0.0272099 7.56532 61.9807 -13 6 0 0 1
0.317793 0.380882 860 -0.0211683 -0.012005 0.0361471 62.1295 11 6 1001 0 1
268.191 -114.226 860 34.0684 -17.3384 12.037 615.835 -11 20 1001 0 1
0.392521 0.193957 860 0.160795 0.0185927 14.2234 35.6807 -13 25 0 0 1
3.93875 -2.51557 860 -0.0229817 -0.0212574 0.0756187 38.0968 11 25 1001 0 1
0.825985 0.0369742 860 -0.0237964 -0.0710183 0.0766738 34.7929 11 25 1002 0 1
0.366933 -0.38821 860 -0.013032 -0.0513823 9.72708 58.825 -13 57 0 0 1
2.13922 2.33187 860 -0.012439 -0.0386495 0.0223562 60.4395 11 57 1001 0 1
0.272911 -0.638909 860 -0.0585588 -0.0852813 8.40753 44.6476 -13 88 0 0 1
