#BLTrackFile NTuple/Z180
#x y z Px Py Pz t PDGid EventID TrackID ParentID Weight
#mm mm mm MeV/c MeV/c MeV/c ns - - - - -
-0.0120476 0.15617 180 0.0127505 -0.0128423 11.5289 24.6983 -13 1 0 0 1
0.113303 0.0259393 180 0.0123205 -0.0242207 12.5825 27.6772 -13 2 0 0 1
0.0604448 0.0532542 180 0.00570941 -0.00912399 9.96038 9.01504 -13 3 0 0 1
-0.182809 0.181658 180 0.0271711 0.0302488 11.1641 10.02 -13 4 0 0 1
-0.112295 -0.303789 180 -0.0500718 0.0343843 6.93493 16.6077 -13 5 0 0 1
-0.0427197 -0.00252169 180 0.058011 0.00426446 7.68461 30.5237 -13 6 0 0 1
0.103624 0.0608121 180 0.0164177 -0.01458 12.0538 18.8753 -13 7 0 0 1
0.137186 0.0590842 180 -0.00438316 0.000733475 3.99291 22.1238 -13 13 0 0 1
0.0331536 0.152676 180 0.0534503 -0.0204331 10.5399 7.99725 -13 22 0 0 1
0.0962753 0.0301535 180 0.000395841 -0.00797154 11.5869 33.4903 -13 28 0 0 1
-0.0852243 0.0697005 180 0.0133864 0.0166417 9.80642 34.1986 -13 57 0 0 1
-0.0195128 -0.0248148 180 -0.0165236 0.00283937 14.0273 33.0456 -13 63 0 0 1
0.108057 0.015244 180 0.00840067 -0.0214745 11.5416 18.3404 -13 67 0 0 1
0.195575 0.155992 180 0.055228 -0.0174547 6.20103 32.2612 -13 73 0 0 1
0.0164558 0.0282368 180 0.0220543 -0.010258 10.324 34.3725 -13 80 0 0 1
0.257865 0.0484474 180 0.0111208 -0.010366 8.54318 16.2247 -13 88 0 0 1
0.203816 -0.0429742 180 -0.0452301 -0.0479969 8.84034 14.332 -13 105 0 0 1
-0.017457 -0.107886 180 -0.0447229 -0.0164006 5.94375 16.308 -13 118 0 0 1
-0.177312 0.0199474 180 0.0045818 0.0252142 7.55335 22.8322 -13 120 0 0 1
0.057324 0.0208378 180 -0.00139561 -0.0108444 9.08768 13.9017 -13 122 0 0 1
0.048903 -0.0705363 180 -0.00819873 -0.00793449 11.7408 30.8651 -13 126 0 0 1
0.0778141 -0.135713 180 -0.0311768 -0.0106062 9.21002 15.5878 -13 131 0 0 1
-0.111129 -0.161507 180 -0.0457561 0.000971223 12.9851 17.1826 -13 136 0 0 1
-0.0664716 -0.0569313 180 -0.00420563 0.000688263 13.7619 16.7135 -13 142 0 0 1
0.164902 -0.13964 180 -0.0215872 -0.0175875 7.07315 18.0429 -13 149 0 0 1
-0.0165344 -0.0952802 180 -0.0508889 0.00244361 13.24 14.447 -13 157 0 0 1
-0.026047 -0.0745225 180 -0.00877971 -0.00421714 14.3421 27.7747 -13 159 0 0 1
0.161819 -0.0401115 180 0.0356079 -0.0346936 12.3507 30.2387 -13 165 0 0 1
-0.0332277 0.0338612 180 0.00168586 0.013546 14.5189 26.8244 -13 171 0 0 1
-0.189245 -0.0795277 180 -0.0749192 0.0198472 3.78376 23.7656 -13 177 0 0 1
0.0422377 0.02741 180 -0.0050314 -0.00435891 9.27965 24.8076 -13 182 0 0 1
-0.00158486 -0.214979 180 -0.0357269 -0.014436 10.8829 28.2198 -13 195 0 0 1
0.0397292 0.0356819 180 0.00144421 -0.00426402 12.3369 10.1191 -13 198 0 0 1
-0.0555949 -0.0136359 180 -0.010904 0.00528435 13.5134 18.3955 -13 228 0 0 1
-0.0514841 0.0370139 180 0.00662827 0.00628285 10.9753 34.1201 -13 233 0 0 1
0.00386889 0.0241933 180 0.00152861 -0.00377628 9.52809 12.1381 -13 238 0 0 1
0.0537174 0.00600223 180 0.00996755 0.0177855 13.8085 32.8335 -13 243 0 0 1
0.00753038 0.00396121 180 -0.0129143 -0.00440702 11.8521 33.2147 -13 248 0 0 1
0.0517545 -0.0130471 180 -0.00155287 -0.0386608 12.9889 12.8627 -13 252 0 0 1
-0.0730772 -0.106801 180 -0.0230912 -0.00183662 14.2212 28.5766 -13 260 0 0 1
-0.0361265 0.0137274 180 0.0373683 -0.109645 3.63423 41.1522 -13 264 0 0 1
0.0073073 -0.125111 180 -0.00418836 -0.0226999 3.59233 46.722 -13 270 0 0 1
0.0964373 0.0278322 180 0.00755947 -0.00614739 11.5399 11.6408 -13 276 0 0 1
-0.0202256 0.0944929 180 -0.027693 -0.10601 9.56139 30.381 -13 282 0 0 1
-0.134465 0.0750682 180 0.0188407 0.0212266 9.13169 16.0225 -13 290 0 0 1
0.0508719 0.151538 180 0.0444122 0.00377533 13.8233 34.5323 -13 294 0 0 1
-0.00596642 0.000157196 180 -0.0150296 -0.0113841 12.1963 18.3755 -13 299 0 0 1
-0.212879 0.0201108 180 0.00294077 0.0438573 7.76172 25.8726 -13 304 0 0 1
-0.0189905 0.316779 180 0.0439158 0.0221993 9.5972 27.2155 -13 309 0 0 1
0.0890677 0.180854 180 0.0280566 -0.00213461 13.0584 7.17617 -13 313 0 0 1
-0.373803 -0.16397 180 0.0039443 -0.00305265 0.0589281 94.7193 -13 319 0 0 1
-0.00947633 0.226766 180 -0.00571149 0.0149927 9.98005 12.4333 -13 321 0 0 1
-0.0797056 -0.158938 180 -0.00918495 0.0464855 5.07158 18.8955 -13 374 0 0 1
-0.0191212 0.171632 180 0.0227051 0.0328576 13.3758 27.183 -13 375 0 0 1
0.190359 0.18571 180 0.0462747 -0.0323609 6.63922 22.9219 -13 376 0 0 1
-0.0913583 -0.210651 180 -0.0354154 0.0180697 10.5364 16.6312 -13 377 0 0 1
-0.0101042 -0.446551 180 -0.0896162 0.0529508 1.99744 30.6348 -13 378 0 0 1
-0.0498015 -0.0882462 180 -0.0157927 -0.0233064 7.49237 12.114 -13 379 0 0 1
0.154165 0.0871905 180 0.0365097 -0.0144298 14.454 20.0943 -13 972 0 0 1
-0.00257511 -0.0509862 180 -0.00859014 0.00238432 13.7716 33.6747 -13 973 0 0 1
0.0493041 0.0129697 180 0.00838871 -0.00677935 14.5655 24.6489 -13 974 0 0 1
0.00214055 -0.00613106 180 0.00415918 -0.0195226 10.2985 26.6643 -13 975 0 0 1
0.0776679 -0.0212576 180 -0.000477967 -0.0179935 6.77213 16.2565 -13 976 0 0 1
0.392623 -0.160065 180 -0.0129613 -0.0181025 1.11374 220.645 -13 977 0 0 1
-0.0747776 -0.14424 180 -0.0267626 -0.0197882 9.01175 24.8528 -13 978 0 0 1
-0.037297 0.0103908 180 0.00375492 0.00301049 13.7297 23.829 -13 979 0 0 1
-0.17619 0.122245 180 0.0208738 0.03511 12.0931 9.59086 -13 980 0 0 1
0.109541 -0.156829 180 -0.0236286 -0.00522706 9.70493 7.88831 -13 981 0 0 1
0.0431502 0.0445467 180 0.0141935 -0.00984481 13.6284 17.9744 -13 982 0 0 1
0.0664619 0.25743 180 -0.132439 -0.092374 5.79358 35.2808 -13 983 0 0 1
0.0490096 -0.0227329 180 0.00499897 -0.0155268 10.108 9.43861 -13 984 0 0 1
0.00400009 0.0563807 180 -0.00200242 -0.00201845 11.2706 21.5123 -13 985 0 0 1
0.0244602 0.0290905 180 0.00035491 -0.00122502 8.42425 26.8365 -13 986 0 0 1
-0.0171387 0.0453227 180 0.00699443 0.00222351 14.2444 29.5815 -13 987 0 0 1
-0.0242649 0.19046 180 0.0508157 0.0152993 6.69801 31.8655 -13 988 0 0 1
-0.118237 0.267093 180 0.0259043 0.072235 3.10837 38.1771 -13 989 0 0 1
-0.0665892 0.179349 180 0.0327685 0.0303617 14.4676 13.0973 -13 990 0 0 1
-0.148556 -0.122139 180 -0.0424798 0.0226182 10.8841 26.4483 -13 991 0 0 1
-0.0101775 0.114965 180 0.0129461 0.0115815 13.1024 30.8198 -13 992 0 0 1
0.0522336 -0.10189 180 -0.0142032 -0.0122607 11.2888 35.1594 -13 993 0 0 1
-0.0768266 -0.107414 180 -0.00971764 0.0127937 12.8356 30.1361 -13 994 0 0 1
-0.0551369 0.14049 180 0.0125794 0.0159425 13.9152 17.0065 -13 995 0 0 1
-0.0237144 0.0892632 180 0.016078 -0.0262738 13.0493 30.6411 -13 996 0 0 1
0.0750292 -0.0234042 180 0.00296278 -0.00967355 14.5243 13.6591 -13 997 0 0 1
-0.089363 -0.053951 180 0.000194762 0.0278021 10.2722 31.8635 -13 998 0 0 1
-0.0932762 -0.00143457 180 -0.00783723 -0.00540265 7.41299 14.0774 -13 999 0 0 1
0.0643564 -0.0280503 180 -0.0162176 0.00260111 8.47787 29.7941 -13 1000 0 0 1
-0.0297767 -0.0646776 180 -0.00765576 -0.0150019 14.0204 10.1285 -13 99 0 0 1
-0.0593899 -0.0110678 180 -0.0112714 0.00863864 12.9995 20.5541 -13 124 0 0 1
0.173956 0.102358 180 0.0558388 -0.059876 7.271 27.9523 -13 134 0 0 1
0.14679 0.0119622 180 -0.017452 -0.0291389 9.86777 32.1686 -13 145 0 0 1
-0.0665461 0.0258845 180 -0.000553276 0.0108297 13.7055 28.7375 -13 153 0 0 1
-0.00652534 -0.00265397 180 0.000912849 0.00184797 14.1147 11.8841 -13 161 0 0 1
-0.0713818 -0.172618 180 -0.0357061 -0.00339711 11.3588 6.98234 -13 168 0 0 1
-0.107765 -0.0206545 180 -0.00204663 0.0105443 10.6836 8.97379 -13 175 0 0 1
-0.0215746 -0.0082879 180 -0.00851095 -0.00994114 11.888 34.943 -13 186 0 0 1
-0.0488123 -0.103023 180 -0.0125802 0.00773904 14.468 25.5528 -13 203 0 0 1
-0.0513379 -0.133023 180 -0.0188626 0.000857062 6.2649 39.5393 -13 224 0 0 1
-0.135627 -0.0437251 180 -0.0223289 0.0165668 6.36642 29.4189 -13 232 0 0 1
-0.0683687 0.0264409 180 -0.00679159 -0.015972 8.43 23.0164 -13 237 0 0 1
-0.00181562 0.221812 180 0.0190881 0.00218079 12.0842 13.2985 -13 255 0 0 1
0.100932 -0.14952 180 -0.0340521 -0.0112645 10.8983 34.4239 -13 287 0 0 1
-0.0132274 -0.0854168 180 -0.0321643 -0.00676188 9.7356 22.4138 -13 306 0 0 1
-0.0704852 -0.164962 180 -0.0323904 0.0544434 3.01366 29.3865 -13 317 0 0 1
-0.0919905 0.082105 180 -0.00488799 0.0506546 11.4613 32.828 -13 325 0 0 1
-0.144784 -0.0700374 180 -0.0213818 0.025738 9.86136 13.5991 -13 414 0 0 1
0.344399 -0.0311861 180 0.0511479 -0.0816097 7.71435 22.6599 -13 419 0 0 1
-0.105606 -0.205169 180 0.0313199 -0.0146159 7.12679 13.4877 -13 422 0 0 1
0.192167 0.0517186 180 0.00238961 -0.0171623 7.08111 17.7765 -13 428 0 0 1
0.151919 -0.11328 180 0.0119594 -0.0496108 7.88465 21.6906 -13 429 0 0 1
0.0190763 -0.0214249 180 0.00457496 -0.00447252 11.2754 12.9271 -13 436 0 0 1
0.0704759 -0.145668 180 -0.0242021 0.000185289 10.7159 17.7569 -13 437 0 0 1
0.082083 -0.108879 180 -0.01063 -0.0248047 11.9584 34.3575 -13 439 0 0 1
0.0436658 -0.296955 180 -0.00976339 -0.00565991 4.29183 17.7425 -13 442 0 0 1
-0.0445091 -0.0469016 180 -0.00941899 0.0188305 13.4144 31.9726 -13 446 0 0 1
-0.0670273 0.185794 180 0.00117817 0.0463988 8.2193 12.9898 -13 449 0 0 1
0.125222 0.63359 180 -0.0451165 -0.168559 2.38163 29.9721 -13 455 0 0 1
0.0720614 0.0473751 180 0.00528051 -0.0131928 13.6946 31.3222 -13 462 0 0 1
0.110815 -0.0682842 180 -0.0409807 -0.0190952 2.14546 27.4796 -13 600 0 0 1
-0.0928987 0.0445838 180 -0.00244019 0.0151391 12.5611 23.4856 -13 601 0 0 1
0.00560956 0.012469 180 -0.00936593 0.00148273 11.8265 9.54652 -13 12 0 0 1
0.0510336 0.0296364 180 -0.00961197 -0.0157621 8.47239 10.5525 -13 16 0 0 1
0.0078934 -0.0243448 180 -0.00695993 0.000186106 13.7023 26.4507 -13 34 0 0 1
-0.0368511 0.121007 180 0.0144259 0.005037 10.8849 30.8277 -13 45 0 0 1
0.00455514 0.0806964 180 0.00755669 -0.0031082 13.2761 11.5365 -13 49 0 0 1
0.129678 -0.000516871 180 0.0155192 -0.0261001 14.1289 13.7857 -13 56 0 0 1
-0.0208509 -0.0445284 180 0.00318147 -0.00106868 11.1826 11.2242 -13 70 0 0 1
-0.152649 0.535625 180 0.0454999 -0.0306056 8.24358 34.1436 -13 77 0 0 1
-0.106695 -0.11742 180 0.0022766 0.0359103 9.9827 17.6265 -13 89 0 0 1
0.0693488 0.00887292 180 -0.0297076 0.0125786 2.91458 27.8313 -13 96 0 0 1
0.0702733 -0.174873 180 -0.0244006 -0.0136124 14.1512 29.9744 -13 140 0 0 1
-0.15985 0.053255 180 -0.00962888 0.0259683 11.904 32.3526 -13 452 0 0 1
-0.0229488 -0.00692215 180 -0.0171679 -0.00365666 12.9813 33.2421 -13 453 0 0 1
0.053851 -0.102491 180 -0.0207558 -0.012319 14.0175 8.90376 -13 456 0 0 1
-0.0702508 -0.00922684 180 -0.00481341 0.00748766 9.47027 8.89936 -13 457 0 0 1
0.0726105 -0.05809 180 -0.0169021 0.00469634 8.04657 17.2527 -13 459 0 0 1
0.129758 -0.0747147 180 -0.0078522 -0.0338329 13.47 31.2035 -13 461 0 0 1
-0.552766 -0.189658 180 -0.0617417 0.111399 2.15506 33.1153 -13 471 0 0 1
-0.0986897 0.0165426 180 0.00475827 0.0392186 9.02211 22.0998 -13 481 0 0 1
-0.240259 -0.270678 180 -0.0237487 0.0267687 5.20313 17.0454 -13 46 0 0 1
-0.337704 0.024531 180 -0.00659021 0.0439854 5.55516 25.5446 -13 69 0 0 1
0.0568043 -0.0304361 180 0.0081096 -0.0249993 12.5003 30.9906 -13 76 0 0 1
0.00627273 -0.0424808 180 0.00124427 -0.019448 13.6117 8.86429 -13 85 0 0 1
0.0919656 -0.0428771 180 -0.012536 -0.025157 7.73801 34.4239 -13 93 0 0 1
0.143792 0.326839 180 0.0103329 -0.0308159 4.88725 29.3443 -13 101 0 0 1
0.00348393 0.0773717 180 -0.0171514 -0.00974327 9.62039 19.9764 -13 104 0 0 1
0.278138 -0.150965 180 0.00969069 -0.0355307 5.57785 14.8105 -13 110 0 0 1
0.0296275 -0.0180137 180 -0.00628516 -0.00553466 11.969 15.9458 -13 113 0 0 1
-0.134151 -0.033214 180 -0.0151446 0.0212787 9.2463 17.9496 -13 146 0 0 1
-0.0966578 -0.0641686 180 -0.0058614 0.0364144 12.2961 10.3501 -13 184 0 0 1
-0.0644353 -0.0322959 180 -0.00186353 0.0204287 12.0264 26.625 -13 202 0 0 1
-0.468716 0.76904 180 0.157616 0.0864259 2.41811 44.485 -13 208 0 0 1
-0.0800423 0.053735 180 0.00526346 0.0165658 9.81401 25.1201 -13 214 0 0 1
-0.0488184 0.0668029 180 0.0144791 0.00606601 14.5267 22.5753 -13 371 0 0 1
-0.10996 0.048845 180 0.0277232 0.0235832 2.83069 50.2388 -13 372 0 0 1
0.0389508 -0.0346262 180 0.00468389 -0.00402984 14.2095 14.088 -13 373 0 0 1
-0.120144 0.0390583 180 0.000997159 0.0247262 14.4407 22.7353 -13 387 0 0 1
0.0457553 0.0734616 180 0.00540552 -0.0213011 9.4157 30.9935 -13 388 0 0 1
0.182497 0.0454664 180 0.0565494 -0.0283862 13.5031 23.8213 -13 389 0 0 1
0.134026 -0.063432 180 -0.00358123 -0.0234623 10.3342 15.9197 -13 390 0 0 1
-0.123562 -0.00774253 180 0.00894821 0.0107004 8.73101 36.067 -13 391 0 0 1
-0.101749 -0.0260986 180 -0.00352468 0.0216338 8.19815 35.6133 -13 392 0 0 1
0.0878521 -0.421663 180 -0.147371 0.0892385 4.19876 18.9063 -13 393 0 0 1
-0.188832 0.119493 180 0.000319993 0.0368423 4.09353 25.6815 -13 394 0 0 1
0.00409785 0.14063 180 0.0281634 0.0158807 14.1132 13.9565 -13 395 0 0 1
-0.409514 -0.0405594 180 0.0678207 0.110104 7.12257 25.6244 -13 396 0 0 1
0.00704894 0.0776543 180 0.0120832 0.00766727 14.5339 12.3249 -13 397 0 0 1
0.520185 0.723155 180 0.0838793 -0.113708 13.3107 12.6652 -13 398 0 0 1
-0.039079 -0.180847 180 -0.0415907 -0.00710322 11.6677 17.4241 -13 400 0 0 1
0.0688397 -0.0485864 180 -0.0208193 -0.0108059 7.37807 10.7587 -13 402 0 0 1
0.0202251 0.0141165 180 0.00682719 0.0043174 14.3984 13.3768 -13 404 0 0 1
-0.280207 -0.16396 180 -0.0351515 0.0577309 7.12179 24.666 -13 406 0 0 1
-0.00669371 0.0651561 180 0.00790968 -0.00522017 10.9398 27.8737 -13 408 0 0 1
0.0375705 -0.0822683 180 -0.00273922 -0.0455828 12.2165 9.28491 -13 409 0 0 1
-0.101593 -0.11659 180 0.0281779 -0.0320465 6.90928 14.9075 -13 411 0 0 1
0.142616 -0.230503 180 -0.045417 -0.0171408 7.33767 13.9785 -13 412 0 0 1
-0.149682 -0.170678 180 -0.0509876 0.0161433 8.29553 15.3765 -13 415 0 0 1
-0.197449 0.127791 180 0.0111416 0.0555823 6.64267 16.1155 -13 417 0 0 1
0.0833201 -0.00189084 180 0.00978809 -0.0105645 13.2159 10.156 -13 421 0 0 1
-0.159097 0.117771 180 0.0205425 0.0226807 9.35342 17.296 -13 424 0 0 1
0.120028 0.13066 180 0.0601885 -0.0169175 5.16164 37.2666 -13 426 0 0 1
-0.085468 -0.120261 180 -0.0589711 -0.00669016 10.8269 32.15 -13 427 0 0 1
0.206541 -0.0737678 180 -0.00573512 -0.0376946 9.96711 17.2601 -13 430 0 0 1
-0.0185705 -0.103125 180 -0.00153492 0.00572449 10.8634 16.326 -13 431 0 0 1
-0.300996 -0.0500825 180 -0.046186 0.0328125 9.96344 25.0344 -13 432 0 0 1
0.036526 0.0372329 180 -0.00398433 -0.015907 11.0609 31.4798 -13 433 0 0 1
0.119111 0.0075561 180 0.0350652 -0.0134155 13.7129 16.4621 -13 434 0 0 1
-0.0578378 -0.203997 180 -0.0123409 -0.00775799 11.3992 21.0325 -13 435 0 0 1
0.0624733 -0.012277 180 -0.00790382 -0.0191592 11.1364 22.6151 -13 438 0 0 1
0.0981029 0.100755 180 0.0320982 0.00776912 8.87943 28.6609 -13 440 0 0 1
-0.0882779 0.0797662 180 0.0104566 0.0189834 11.435 20.2212 -13 441 0 0 1
0.133334 0.0132619 180 0.0392108 -0.00959876 7.65829 34.4427 -13 443 0 0 1
-0.0573685 0.169052 180 0.0141946 0.000470898 11.4007 16.8841 -13 444 0 0 1
0.116468 -0.130481 180 -0.00819812 -0.0237022 8.04215 34.2279 -13 445 0 0 1
-0.0289551 0.115575 180 0.0125204 0.0190597 11.5918 18.0852 -13 447 0 0 1
-0.00813975 -0.14326 180 -0.0509806 -0.041159 9.85581 10.5824 -13 448 0 0 1
-0.1101 0.0342859 180 -0.00118213 0.00287171 12.3807 34.8793 -13 450 0 0 1
0.0910022 0.138655 180 -0.000509945 -0.00819036 7.90044 29.1398 -13 451 0 0 1
0.0336044 -0.023038 180 0.0104954 0.0085939 9.57363 16.4739 -13 454 0 0 1
0.0287079 0.0989347 180 -0.0126173 -0.00588824 7.73085 21.0206 -13 463 0 0 1
-0.0303962 0.0828672 180 -0.0138461 0.0224686 7.3642 10.9138 -13 466 0 0 1
0.00463403 -0.101661 180 -0.00776286 0.00537915 8.86049 18.2467 -13 468 0 0 1
0.000562528 0.027886 180 0.04392 0.0149085 10.0742 27.251 -13 472 0 0 1
0.0985244 -0.164894 180 -0.0117217 0.00629927 5.50789 14.0772 -13 473 0 0 1
-0.0796629 -0.0122268 180 -0.00365448 0.0380956 7.88408 9.78423 -13 476 0 0 1
0.0526763 0.167447 180 0.0226604 -0.0129414 9.77295 10.0646 -13 478 0 0 1
-0.24529 -0.225056 180 -0.0411957 0.0124483 5.5048 15.0564 -13 479 0 0 1
-0.45648 -0.487669 180 -0.0808098 0.0831109 6.60705 39.3668 -13 482 0 0 1
-0.0335216 0.0907224 180 0.0249208 -0.00660275 7.5297 23.1986 -13 484 0 0 1
0.0269595 -0.073431 180 -0.00291682 -0.0211914 7.37102 17.0464 -13 486 0 0 1
0.0476266 -0.114874 180 -0.0242095 -0.00944849 13.0301 23.6046 -13 487 0 0 1
0.0882596 -0.00676155 180 0.0180095 0.0181077 11.9105 21.6446 -13 499 0 0 1
-0.0551728 0.0160535 180 -0.00536614 0.0173982 12.6756 18.9101 -13 500 0 0 1
-0.0587597 -0.0244841 180 0.0137299 0.0185245 10.9067 16.6628 -13 501 0 0 1
-0.0451841 0.0341979 180 0.00270797 0.0130555 14.4404 10.1843 -13 502 0 0 1
0.0859369 -0.0885751 180 0.010205 0.00354194 3.85685 33.7474 -13 505 0 0 1
0.144977 0.0334628 180 0.00762539 -0.021718 12.4717 17.5129 -13 507 0 0 1
0.247231 -0.0834554 180 0.00668024 -0.0574266 12.9035 23.439 -13 512 0 0 1
-0.136451 0.140657 180 0.0409526 0.0396936 4.1284 24.8128 -13 516 0 0 1
0.00480013 0.0381039 180 0.0077845 0.00681959 12.3869 10.8205 -13 518 0 0 1
0.00845441 0.0309558 180 0.0331101 0.00906282 12.9597 16.9662 -13 522 0 0 1
-0.0764302 -0.235061 180 -0.0325895 0.00218338 4.01961 41.8715 -13 524 0 0 1
0.0685758 2.48908 180 0.36645 0.216832 3.46607 46.743 -13 527 0 0 1
0.064112 0.0371037 180 0.0167499 -0.00823049 12.5024 21.7269 -13 528 0 0 1
0.0756522 -0.0350305 180 0.00316759 -0.0137531 11.2877 29.0852 -13 529 0 0 1
0.1195 -0.0633606 180 -0.0524758 0.00958112 9.09337 30.5979 -13 533 0 0 1
-0.0519202 0.049001 180 0.00606536 0.0064317 9.1789 30.8524 -13 534 0 0 1
0.0172144 -0.0116965 180 -0.000916577 0.00804457 9.86093 9.72096 -13 535 0 0 1
0.47917 0.123824 180 0.073081 -0.0582511 13.0536 14.5895 -13 536 0 0 1
-0.321063 0.0247556 180 0.00597029 0.0243776 4.61394 28.7113 -13 537 0 0 1
0.0433483 0.0133399 180 0.005381 -0.0021243 14.4819 23.1561 -13 538 0 0 1
-0.00463856 -0.0743824 180 -0.00456691 0.0069963 11.3485 11.914 -13 539 0 0 1
0.0230287 0.0193982 180 -0.013726 -0.00589354 7.42605 30.9313 -13 541 0 0 1
-0.0717423 0.187775 180 0.0226107 0.00416683 13.7428 33.0587 -13 544 0 0 1
0.132717 -0.171383 180 -0.0325271 -0.0293975 4.98149 39.1702 -13 545 0 0 1
-0.149559 0.197315 180 0.0326925 0.0551846 6.66845 29.7516 -13 546 0 0 1
-0.0625942 0.0224466 180 0.00450931 0.0319042 9.88574 26.0755 -13 548 0 0 1
0.123396 0.00225149 180 -0.00504352 -0.0242456 8.63471 24.457 -13 550 0 0 1
-0.145011 -0.184012 180 -0.0498564 0.00348553 7.93297 20.2688 -13 553 0 0 1
-0.0311466 -0.0981288 180 -0.0196475 0.00249237 6.21154 31.5646 -13 556 0 0 1
-0.0348359 0.0903688 180 0.00542522 0.0010874 10.9524 34.5353 -13 559 0 0 1
0.0647679 0.460411 180 0.0940975 0.0102608 11.064 9.88691 -13 562 0 0 1
-0.149803 -0.00870099 180 -0.0234461 0.0211207 12.1217 21.077 -13 563 0 0 1
0.101499 0.058246 180 0.00195625 -0.0308381 10.5843 34.6974 -13 564 0 0 1
0.145733 -0.0369464 180 0.000966343 -0.0241812 14.2344 10.3451 -13 565 0 0 1
0.0644206 -0.00121805 180 0.000619744 -0.025614 10.6041 18.0774 -13 567 0 0 1
-0.0853797 0.041757 180 0.0137658 0.0179458 13.552 16.3655 -13 569 0 0 1
0.21738 -0.0812376 180 0.0398491 -0.0509907 11.1122 31.9499 -13 570 0 0 1
-0.138703 0.0785572 180 0.0136332 0.0106091 9.91866 19.216 -13 572 0 0 1
-0.0449909 -0.0905408 180 -0.0295616 -0.0412324 6.59896 22.9761 -13 573 0 0 1
0.131508 -0.0741373 180 -0.0105137 -0.0138046 13.7455 13.8228 -13 574 0 0 1
0.155789 -0.0421546 180 0.021393 0.0136809 10.618 25.5202 -13 576 0 0 1
0.0650438 0.0603631 180 0.00451828 -0.0199865 13.4087 7.86901 -13 577 0 0 1
0.0115422 0.0596629 180 0.0238087 0.0019953 8.43664 19.291 -13 578 0 0 1
0.0111785 -0.0140486 180 0.000203355 0.00953843 13.9776 21.0735 -13 579 0 0 1
0.044647 -0.0313586 180 -0.023752 -0.0191374 12.7443 13.282 -13 580 0 0 1
-0.00059412 -0.0213971 180 -0.00282791 -0.00166743 11.1066 34.1666 -13 581 0 0 1
0.403215 0.0634078 180 -0.0115262 -0.032337 8.9349 19.9941 -13 582 0 0 1
-0.235391 -0.108489 180 -0.0144242 0.0618463 7.63888 15.7313 -13 583 0 0 1
0.0317072 -0.00945722 180 -0.0138205 -0.0154523 9.39731 32.1168 -13 586 0 0 1
0.045601 0.0857734 180 0.0102858 -0.00224811 13.7698 24.4463 -13 587 0 0 1
0.124951 -0.148357 180 -0.0481429 -0.00223568 9.60827 16.7588 -13 588 0 0 1
-0.0262448 -0.00769099 180 -0.00392944 0.00803493 13.28 17.549 -13 589 0 0 1
0.104942 -0.354047 180 -0.111667 -0.0348234 1.51624 41.188 -13 590 0 0 1
-0.0456002 -0.105539 180 -0.0160656 0.0110214 9.18118 19.2623 -13 591 0 0 1
0.0976195 0.0117713 180 0.023898 -0.0205502 11.9914 28.0018 -13 329 0 0 1
-0.0322649 0.114731 180 0.0255146 0.00304965 4.98737 19.2417 -13 332 0 0 1
-0.00142196 0.0573994 180 -0.00385131 0.00921891 12.4646 33.1405 -13 341 0 0 1
-0.101137 0.0321566 180 -0.000639084 0.0161675 13.4654 20.3273 -13 346 0 0 1
-0.0313053 -0.144236 180 -0.0340946 -0.0255712 13.7992 31.4518 -13 348 0 0 1
-0.029894 -0.00641679 180 0.00532234 0.0223863 7.2013 23.547 -13 349 0 0 1
-0.260449 0.040223 180 0.0177363 0.052172 7.8317 31.848 -13 350 0 0 1
0.0148837 0.113767 180 -0.0103828 0.0139696 4.70273 22.0319 -13 351 0 0 1
0.146339 0.785035 180 0.118281 -0.0206634 4.40363 26.7749 -13 352 0 0 1
-0.0367389 0.167691 180 0.0227769 -0.00579263 3.60809 36.6351 -13 355 0 0 1
0.0509571 -0.195293 180 -0.0280803 -0.00279049 9.80042 34.8191 -13 356 0 0 1
-0.109924 -0.0421127 180 0.00177453 -6.60236e-06 10.6892 33.761 -13 357 0 0 1
0.112531 -0.0835036 180 0.00215592 -0.0153523 10.965 23.7687 -13 358 0 0 1
-0.0688058 -0.053112 180 -0.00556379 0.00745951 11.8041 12.0843 -13 359 0 0 1
-0.0088285 -0.00691915 180 -0.00908034 -0.00750696 13.5185 26.7407 -13 360 0 0 1
0.17184 -0.315725 180 -0.071209 0.0204428 4.10144 21.8347 -13 361 0 0 1
-0.176598 0.261665 180 0.0575748 0.0153836 8.77758 8.67669 -13 362 0 0 1
0.0781222 -0.0495911 180 0.00805406 -0.00838752 12.2241 34.1354 -13 363 0 0 1
0.121032 -0.106385 180 -0.00505891 -0.0247652 14.4587 9.64862 -13 364 0 0 1
-0.0312356 -0.0921378 180 -0.0167713 -0.00100767 11.8591 10.6161 -13 365 0 0 1
-0.0777597 0.0228283 180 -0.00319818 0.00271803 7.94101 9.4785 -13 366 0 0 1
-0.0582916 0.00561066 180 -0.0012595 0.00898004 11.7223 30.5079 -13 367 0 0 1
-0.0995182 0.0856163 180 0.00889741 -0.0269591 6.11777 30.2094 -13 368 0 0 1
0.425845 -0.162335 180 0.0186603 -0.102682 2.26789 47.1488 -13 369 0 0 1
-0.159404 0.137423 180 0.0570556 0.0753454 6.51475 14.1486 -13 370 0 0 1
0.0328303 0.00221588 180 0.00256528 -0.00690668 11.618 32.7027 -13 458 0 0 1
0.438679 0.345201 180 0.0532995 -0.0749609 4.13599 43.5812 -13 464 0 0 1
-0.179449 0.0330433 180 -0.0493585 0.0203531 6.54247 13.0179 -13 470 0 0 1
0.119469 -0.0514252 180 0.0389387 -0.00741708 10.685 23.6735 -13 480 0 0 1
-0.0701087 -0.00399651 180 0.00168545 0.0148925 11.3823 9.80392 -13 485 0 0 1
0.0241664 0.166557 180 0.0492586 0.0120181 4.07259 20.3643 -13 490 0 0 1
0.0477401 -0.0185618 180 -0.00645512 -0.0133076 13.9402 9.33114 -13 492 0 0 1
0.0258002 -0.0110488 180 0.000217979 0.0046481 14.4555 6.35016 -13 495 0 0 1
-0.144733 -0.041099 180 0.00340035 0.023614 11.2058 23.2006 -13 504 0 0 1
0.10296 -0.0499475 180 -0.00235696 -0.0237336 11.4467 31.6763 -13 508 0 0 1
0.0847033 0.0935506 180 0.0379066 -4.93942e-05 8.26887 28.8482 -13 509 0 0 1
0.097177 0.19011 180 0.0378902 -0.0203427 10.2535 30.5554 -13 515 0 0 1
0.0163831 -0.0273144 180 -0.00270368 -0.0327344 11.6797 24.7909 -13 519 0 0 1
-1.19695 -1.92679 180 -nan -nan -nan 207.898 -13 521 0 0 1
0.299144 0.102721 180 0.0820232 -0.0387009 9.7332 14.3032 -13 525 0 0 1
0.00334028 -0.0425153 180 0.0230557 -0.0107583 5.33585 31.509 -13 15 0 0 1
0.0100623 0.0777571 180 0.0011523 -0.0206135 8.32523 15.1788 -13 58 0 0 1
0.0274946 -0.166768 180 -0.0377214 -0.00430731 6.72517 18.5307 -13 90 0 0 1
-0.354506 -0.121185 180 0.112297 0.13836 1.80548 42.3811 -13 102 0 0 1
-0.0025591 -0.0435587 180 -0.0094059 -0.000466926 13.7765 22.7323 -13 107 0 0 1
0.447072 0.162858 180 -0.0637683 -0.0703357 1.09544 47.514 -13 353 0 0 1
0.107735 -0.030744 180 0.00395534 -0.0198217 10.8757 33.6101 -13 354 0 0 1
-1.28246 0.516308 180 0.0888804 -0.0422199 0.61376 217.115 -13 385 0 0 1
0.0975872 -0.0118272 180 0.00407414 -0.0151483 14.4666 14.0824 -13 386 0 0 1
-0.0514037 0.0389713 180 -0.00831871 0.001468 12.6573 8.99671 -13 399 0 0 1
-0.0578482 0.103667 180 0.0088485 0.0165754 11.1891 19.4832 -13 401 0 0 1
0.247858 -0.0712913 180 0.017938 -0.0447261 5.77827 31.5107 -13 403 0 0 1
-0.00963637 -0.0159701 180 0.00732166 -0.0124265 12.8601 22.6722 -13 405 0 0 1
-0.165913 -0.142026 180 -0.0137687 -0.0181431 4.86542 37.6235 -13 407 0 0 1
-0.0579392 -0.0114646 180 -0.0252813 0.0516893 7.20938 19.5655 -13 410 0 0 1
-0.0493871 -0.120591 180 -0.00958094 0.0107101 5.81667 12.3715 -13 413 0 0 1
-0.0607371 -0.0784208 180 -0.0116685 -0.000183491 12.6573 19.4218 -13 416 0 0 1
0.0812359 0.145424 180 0.0287076 -0.0330779 10.0509 33.2454 -13 418 0 0 1
0.0327258 -0.210309 180 -0.0337376 -0.0214973 12.4691 15.5823 -13 420 0 0 1
0.311947 -0.457087 180 -0.0728224 0.0122673 2.03819 47.3074 -13 423 0 0 1
0.00240163 -0.110311 180 -0.0276648 0.0206614 5.21883 41.8597 -13 425 0 0 1
0.0748333 0.164116 180 0.0348484 0.000606325 10.2635 12.6207 -13 503 0 0 1
-0.19384 -0.241825 180 -0.0457221 0.046207 8.72556 15.8971 -13 506 0 0 1
-0.323563 -0.0814148 180 0.0103494 0.0750906 10.475 9.7945 -13 511 0 0 1
-0.0793285 0.0704128 180 0.0134569 0.0367232 13.3522 6.0787 -13 513 0 0 1
0.00489854 0.0141787 180 0.000192135 0.0148793 8.24848 11.3908 -13 517 0 0 1
0.27796 -0.243416 180 0.0592608 -0.0407935 11.6482 23.218 -13 520 0 0 1
-0.0636153 0.0679649 180 -0.000175261 0.0254816 13.5856 21.2678 -13 523 0 0 1
0.0270435 -0.096176 180 -0.0106639 -0.0153893 11.7207 25.7282 -13 526 0 0 1
0.100761 -0.131965 180 -0.0245972 -0.00400105 12.9567 19.1784 -13 531 0 0 1
-0.048255 0.0380421 180 0.0406891 0.00750035 11.2803 31.7646 -13 540 0 0 1
0.284768 0.780459 180 0.114212 -0.0501883 12.8294 9.25939 -13 542 0 0 1
0.0244932 -0.0404571 180 -0.0181831 -0.00263416 10.6957 26.0528 -13 547 0 0 1
-0.0209509 -0.0142642 180 -0.0123129 -0.00761281 9.651 32.756 -13 549 0 0 1
0.126781 0.0766759 180 -0.0157117 -0.0371594 11.3211 16.2301 -13 552 0 0 1
-0.0736779 0.140638 180 0.032513 0.0319555 8.00608 35.8713 -13 555 0 0 1
-0.584504 0.646949 180 0.132423 0.145552 0.76891 56.3119 -13 558 0 0 1
0.0381845 -0.0216601 180 -0.013889 -0.00355184 13.6127 5.92908 -13 560 0 0 1
0.0268339 -0.0518598 180 0.00738632 -0.0120792 10.4475 9.26895 -13 14 0 0 1
0.0873599 0.114224 180 0.0191056 -0.035507 8.30131 25.5517 -13 19 0 0 1
0.0770007 -0.137235 180 -0.024603 -0.0139917 8.96038 22.9424 -13 26 0 0 1
-0.0596959 -0.0287111 180 -0.00711327 -0.0196788 8.52397 13.3416 -13 32 0 0 1
-0.104757 -0.104848 180 -0.000171255 0.0417368 10.4178 34.5397 -13 37 0 0 1
0.0689268 0.0877309 180 0.0374477 0.000143617 8.92395 10.6465 -13 41 0 0 1
0.0635857 -0.0125536 180 -0.0226587 -0.0547292 7.14083 26.5001 -13 59 0 0 1
-0.265507 0.0206592 180 0.0337016 0.0197493 9.3969 19.9071 -13 62 0 0 1
0.101858 -0.0181957 180 -0.0156376 -0.00858752 7.42268 22.1385 -13 66 0 0 1
0.0746339 0.027585 180 0.00904738 -0.0190722 10.3872 7.99201 -13 72 0 0 1
-0.0436099 0.0550598 180 0.00307842 0.012504 12.6903 30.3412 -13 79 0 0 1
-0.0609598 0.0836325 180 0.0163701 0.0132594 9.98511 30.0596 -13 103 0 0 1
-0.0152755 -0.0695016 180 -0.0135391 0.00132191 13.5806 5.74302 -13 109 0 0 1
-0.0775968 0.0157086 180 -0.00985428 0.00808124 10.3253 35.7646 -13 116 0 0 1
-0.00222649 0.197936 180 0.0304953 0.0237911 10.9816 25.8832 -13 119 0 0 1
-0.0657308 0.188209 180 0.00669742 0.0992758 7.94644 36.3368 -13 121 0 0 1
0.0251813 -0.0825248 180 -0.0145958 -0.0196203 11.4837 32.4441 -13 125 0 0 1
-0.0450993 0.0322955 180 0.00211215 0.00101931 13.249 27.6086 -13 132 0 0 1
0.138876 0.00341687 180 0.0393757 -0.0174824 13.3688 9.46769 -13 135 0 0 1
0.0468736 0.0221148 180 0.0161799 -0.00477643 13.8312 6.13218 -13 141 0 0 1
0.24975 0.0922341 180 0.018966 -0.0286291 14.1405 29.1482 -13 152 0 0 1
-0.0739518 -0.029526 180 -0.00403928 0.0192117 9.9748 32.0336 -13 155 0 0 1
-0.00215354 -0.114844 180 -0.00694595 0.0243159 7.5632 17.5933 -13 160 0 0 1
-0.0858446 0.0686102 180 0.0207102 0.00300202 11.0302 34.866 -13 166 0 0 1
0.00518957 0.0104873 180 0.0035756 0.00385742 11.8748 20.45 -13 172 0 0 1
0.0886395 -0.0365075 180 0.0368594 0.041237 5.67873 23.1028 -13 178 0 0 1
-0.114176 0.000553665 180 -0.0148512 0.0109217 14.037 10.3663 -13 183 0 0 1
0.0765845 -0.0228721 180 -0.0113345 -0.0154603 12.2571 11.6496 -13 191 0 0 1
-1.47592e-05 -0.0269485 180 -0.00862491 0.00707391 12.9442 19.6762 -13 199 0 0 1
0.146271 -0.131137 180 0.0208487 -0.0537291 10.0516 25.7241 -13 226 0 0 1
0.0791566 0.0287059 180 -0.00381842 -0.00121625 11.9889 7.16652 -13 230 0 0 1
0.104896 0.315334 180 0.0823153 0.0144934 6.38612 33.857 -13 235 0 0 1
0.148217 0.0151191 180 0.0355323 0.00124264 10.548 14.0073 -13 263 0 0 1
0.101575 -0.063338 180 -0.00126269 -0.0205093 12.8152 29.0403 -13 265 0 0 1
0.00105061 -0.135587 180 -0.0282987 -0.0222156 6.97298 28.3338 -13 291 0 0 1
0.036909 0.168731 180 0.022073 -0.00145977 7.29961 32.1978 -13 295 0 0 1
0.0597878 -0.0532207 180 0.0182352 -0.0149911 6.17478 16.4021 -13 318 0 0 1
-0.00801106 -0.0254517 180 -0.0272891 -0.00612085 13.8137 10.8323 -13 320 0 0 1
-0.0508539 0.0733407 180 0.0205038 -0.00399272 12.7617 11.2017 -13 322 0 0 1
0.0785537 0.181404 180 0.0210733 -0.0614914 6.20332 18.2898 -13 323 0 0 1
-0.0127065 -0.0952141 180 -0.0316652 -0.00904211 10.7513 26.7758 -13 326 0 0 1
0.0346283 0.00805195 180 6.79082e-05 0.0123674 5.6902 12.6262 -13 331 0 0 1
-0.103835 -0.139619 180 -0.0406215 -0.026077 2.79939 51.0826 -13 343 0 0 1
0.110861 0.0510748 180 0.0171835 -0.0107343 9.74061 7.72274 -13 345 0 0 1
0.141257 0.205245 180 0.0168118 0.00944059 10.7351 11.7169 -13 380 0 0 1
0.0200221 -0.00589193 180 0.00271331 -0.00126316 7.8876 21.2553 -13 381 0 0 1
-0.927544 -0.357942 180 -0.0638397 0.137036 13.4181 17.7967 -13 382 0 0 1
0.985533 -0.279416 180 -0.141302 -0.13065 1.64322 56.5834 -13 383 0 0 1
-0.0507337 0.0646865 180 0.00706007 0.0196694 14.1255 19.4867 -13 384 0 0 1
0.011718 0.0604081 180 -0.00717881 -0.0180108 10.584 9.64555 -13 460 0 0 1
0.0497792 -0.149707 180 -0.0249215 -0.0239379 9.94322 12.5572 -13 465 0 0 1
-0.0597445 0.0689504 180 0.00528742 0.0148357 14.0863 8.30277 -13 467 0 0 1
0.257134 -0.204201 180 -0.0152574 -0.06323 4.86914 30.6814 -13 469 0 0 1
0.160203 -0.0880696 180 -0.00891654 -0.0178638 8.27712 23.5639 -13 474 0 0 1
0.0549428 -0.0277311 180 0.00652816 -0.00644099 11.8009 16.2811 -13 475 0 0 1
0.0274006 0.0545392 180 0.00525557 0.00406814 9.54857 23.4693 -13 477 0 0 1
0.00405432 0.0138328 180 0.00244302 -0.000416849 14.0593 34.205 -13 483 0 0 1
-0.201718 -0.0545123 180 -0.00528043 0.0095303 5.46438 32.8839 -13 488 0 0 1
0.0221979 0.0859342 180 0.0223172 0.00010311 13.8974 9.9461 -13 489 0 0 1
0.0353427 0.0398241 180 0.0259996 -0.0124136 7.61945 33.8117 -13 491 0 0 1
-0.0245306 -0.0479718 180 -0.0137613 -0.00371863 12.4428 30.5103 -13 493 0 0 1
-0.084139 0.186367 180 0.0216138 -0.00473919 12.9717 29.014 -13 494 0 0 1
0.304453 -0.188581 180 -0.0191781 -0.0309961 10.7104 13.5853 -13 496 0 0 1
-0.0693393 0.377586 180 0.0671683 0.00145122 14.0638 6.15644 -13 497 0 0 1
-0.0142135 0.0275371 180 0.010369 0.0094056 13.7039 21.6064 -13 498 0 0 1
0.485797 -0.179707 180 -0.0879279 -0.0640642 10.573 16.5754 -13 510 0 0 1
0.248675 -0.175155 180 -0.065037 0.0021197 7.94511 14.267 -13 514 0 0 1
0.00818383 0.110813 180 0.00917993 -0.0221962 8.3418 30.8354 -13 530 0 0 1
-0.0391574 0.00694544 180 -0.00949794 0.00439591 13.8534 34.2283 -13 532 0 0 1
0.210894 0.0563063 180 0.0230788 -0.0453515 8.5764 20.6803 -13 543 0 0 1
0.0663084 0.109127 180 0.0204913 -0.0129367 10.6117 12.2782 -13 551 0 0 1
-0.0251879 -0.301792 180 -0.0855424 -0.0096981 5.12813 14.3102 -13 554 0 0 1
0.0200717 0.117625 180 0.0352882 0.0158949 13.5783 11.65 -13 557 0 0 1
-0.122564 0.10019 180 0.00240547 0.00476826 5.29438 39.1422 -13 561 0 0 1
-0.0239515 0.121299 180 -7.91695e-05 -0.000467856 9.44942 19.0591 -13 566 0 0 1
-0.00159109 -0.0070704 180 -0.00576446 0.00713032 11.8672 31.8633 -13 568 0 0 1
0.00364544 -0.11042 180 -0.0140866 -0.00301392 12.6544 18.9546 -13 571 0 0 1
0.152363 -0.116173 180 0.0196638 -0.0294815 7.10851 28.0358 -13 575 0 0 1
0.00256738 0.0030678 180 0.0137582 0.00710896 13.9852 31.4519 -13 584 0 0 1
-0.337052 0.0112627 180 0.00418353 0.0326706 11.2555 14.1741 -13 585 0 0 1
-0.0249894 0.098483 180 0.0105791 0.00087538 8.35109 20.7653 -13 592 0 0 1
0.102153 0.00325094 180 -0.00700866 -0.00658849 5.90825 38.3006 -13 593 0 0 1
-0.149767 0.16696 180 0.0141897 0.0429214 10.77 35.5951 -13 594 0 0 1
0.156974 -0.0528827 180 -0.0153003 -0.015231 10.0564 21.436 -13 595 0 0 1
0.10387 0.212596 180 0.0293366 -0.0260055 8.15782 25.0427 -13 596 0 0 1
0.0349156 -0.298841 180 -0.0397508 0.0449902 10.4416 18.33 -13 597 0 0 1
0.0400795 -0.15433 180 -0.00978591 -0.00328683 5.88845 18.225 -13 599 0 0 1
0.0314673 0.159833 180 0.023022 -0.0279243 6.91218 31.4439 -13 602 0 0 1
-0.896869 0.908572 180 0.301655 -0.0326441 9.29 29.6042 -13 603 0 0 1
-0.0856192 -0.0699066 180 0.00241724 -0.0138528 7.58456 21.749 -13 604 0 0 1
-0.17153 0.211952 180 0.0342415 0.0543285 4.97561 20.6279 -13 605 0 0 1
-0.0673657 0.0666376 180 0.0109726 0.0112274 12.4652 21.9739 -13 606 0 0 1
0.0523681 -0.106781 180 -0.0289035 0.00264697 11.895 11.4584 -13 607 0 0 1
0.242743 0.11151 180 0.0365709 -0.0542114 12.9553 20.124 -13 608 0 0 1
-0.000487504 -0.0942701 180 -0.0174676 -0.00707719 11.8904 10.6398 -13 609 0 0 1
-0.194565 0.0426254 180 0.00476594 0.0241003 8.84025 14.8724 -13 610 0 0 1
-0.0326641 0.0596957 180 0.00444764 0.00363982 10.3447 11.4731 -13 611 0 0 1
-0.0218034 0.0127865 180 -0.00441934 -0.00593603 7.89456 20.3283 -13 612 0 0 1
-0.0640075 0.130765 180 0.0261558 0.0302441 12.4658 19.9563 -13 613 0 0 1
0.0372847 0.00547771 180 0.0034385 -0.00297617 12.1337 7.93001 -13 614 0 0 1
1.35912 -0.187899 180 0.106262 -0.23567 3.99112 33.9151 -13 615 0 0 1
0.0596433 0.0501042 180 0.0203184 -0.0246509 4.03499 41.3216 -13 616 0 0 1
-0.0638305 -0.0133199 180 -0.00424389 0.00519077 10.8308 23.2312 -13 617 0 0 1
0.12085 -0.0329645 180 -0.00330611 -0.00664416 8.13577 27.9623 -13 618 0 0 1
-0.316046 0.0325112 180 0.00550045 0.0763338 4.90501 34.8526 -13 619 0 0 1
-0.120462 0.0556872 180 0.000149513 0.0194545 12.3697 25.1365 -13 620 0 0 1
-0.102646 -0.0996796 180 -0.0207786 0.00355021 5.2824 14.8806 -13 621 0 0 1
0.651325 0.439491 180 0.0369667 -0.114145 11.1709 34.1093 -13 622 0 0 1
0.0431819 0.0974357 180 0.0113049 -0.0234203 9.74749 21.1087 -13 623 0 0 1
-0.000465327 0.0823509 180 0.00532484 0.00548223 14.1809 6.11833 -13 624 0 0 1
0.0739871 0.000493209 180 0.0157454 0.0353752 9.10237 23.2569 -13 625 0 0 1
-0.187392 0.418512 180 0.0689315 0.0408011 6.13491 19.0748 -13 626 0 0 1
-0.0959909 0.115418 180 0.0284549 0.0211714 9.43972 24.7921 -13 627 0 0 1
0.184275 -0.233966 180 -0.00235486 0.0274745 3.22589 37.545 -13 628 0 0 1
0.0760844 0.0234735 180 0.021405 -0.00863853 10.468 12.6851 -13 629 0 0 1
-0.113196 -0.222166 180 -0.0217243 0.0435871 11.7348 33.3074 -13 630 0 0 1
0.162502 -0.256386 180 -0.0520702 -0.0140807 8.88075 35.1938 -13 631 0 0 1
-0.106649 0.170413 180 0.0283593 0.0149092 14.0839 17.1497 -13 632 0 0 1
0.00986567 -0.0154789 180 0.0171321 -0.00223281 8.38474 16.3308 -13 633 0 0 1
-0.0670175 -0.154654 180 -0.0227123 0.00641178 4.91684 16.1585 -13 634 0 0 1
-0.0193982 0.0208559 180 0.00469437 0.0284866 8.08252 25.5797 -13 635 0 0 1
-0.044538 0.127389 180 0.0183462 0.00570492 14.1421 12.1919 -13 636 0 0 1
0.104154 0.349064 180 0.00609428 -0.0322877 8.02601 30.2266 -13 637 0 0 1
-0.148413 0.519672 180 0.0676541 0.0585339 12.72 21.2675 -13 638 0 0 1
0.0375255 -0.0418283 180 -0.00320664 -0.00512444 14.0098 10.4026 -13 639 0 0 1
-0.159762 -0.109144 180 -0.0190597 -0.0128932 10.9092 7.36355 -13 640 0 0 1
-0.000646621 -0.262665 180 -0.0716573 0.00613571 4.57646 24.3727 -13 641 0 0 1
-0.0611354 0.222473 180 0.0162306 0.0253936 7.19711 32.297 -13 642 0 0 1
0.291374 0.0911557 180 0.0287293 -0.0500371 11.063 6.80992 -13 643 0 0 1
0.00542153 -0.0484177 180 -0.00817459 -0.00546572 13.7403 23.4967 -13 644 0 0 1
-0.0755685 -0.0741684 180 -0.0347895 0.0355883 9.74697 9.22443 -13 645 0 0 1
-0.064066 0.0362061 180 0.00249626 0.00768386 13.771 21.9752 -13 646 0 0 1
-0.0898508 0.0463583 180 0.0262109 0.0029326 6.03789 37.9233 -13 647 0 0 1
0.157735 -0.0446115 180 -0.00260997 -0.0302818 4.30841 28.2436 -13 648 0 0 1
0.0229578 0.0365643 180 0.00267408 0.0285912 6.36457 20.7622 -13 649 0 0 1
-0.00292839 0.00422471 180 -0.0042825 0.0135336 13.5403 9.21281 -13 650 0 0 1
0.055047 -0.0832704 180 -0.00779165 0.0130985 10.1017 19.6992 -13 651 0 0 1
0.0444005 -0.0423076 180 -0.0212026 -0.00291913 10.5091 32.5339 -13 652 0 0 1
0.00246981 -0.0302859 180 0.00543775 0.0052292 11.9882 23.3023 -13 653 0 0 1
-0.14525 -0.234819 180 -0.0121927 0.0347206 12.276 17.9205 -13 654 0 0 1
0.0185623 0.0614753 180 0.00644492 0.00971459 14.3664 27.0358 -13 655 0 0 1
-0.190829 0.0025467 180 -0.00624541 0.023015 9.59876 23.1792 -13 656 0 0 1
0.149118 0.106132 180 -0.00271733 -0.0253217 8.02685 30.2367 -13 657 0 0 1
-0.00757434 0.153247 180 0.0461223 -0.00258386 5.22806 29.2718 -13 658 0 0 1
-0.0643494 -0.0687091 180 -0.0097636 -0.00939406 14.4622 18.6377 -13 659 0 0 1
-0.0379169 -0.0318766 180 -0.0233941 0.011447 11.7062 28.2444 -13 660 0 0 1
0.117159 -0.0242848 180 0.00850112 0.00369982 10.6545 22.3805 -13 661 0 0 1
0.0783484 0.304233 180 0.0453698 -0.0267878 12.1411 17.0312 -13 662 0 0 1
0.0838661 -0.0430196 180 -0.019565 -0.00559361 9.55018 36.2506 -13 663 0 0 1
0.0621143 0.213433 180 0.022366 -0.0100692 8.23548 37.2637 -13 664 0 0 1
-0.11087 -0.0169385 180 0.00181645 0.0191042 11.3614 7.9826 -13 665 0 0 1
-0.125413 0.309349 180 0.0404616 0.00464924 11.7857 20.416 -13 666 0 0 1
-0.136695 0.0680644 180 -0.00693391 0.0255706 13.1068 18.063 -13 667 0 0 1
0.0567508 -0.0319743 180 0.0283687 -0.0147564 6.71668 20.3109 -13 668 0 0 1
-0.0611124 -0.00801379 180 -0.0112577 0.00396844 9.62406 24.8275 -13 669 0 0 1
0.0723868 -0.0468394 180 -0.011629 -0.0154689 13.5883 22.2819 -13 670 0 0 1
-0.0266401 0.141492 180 0.0294912 0.0576427 13.1545 24.9323 -13 671 0 0 1
0.132213 -0.33121 180 -0.0296579 0.00139968 2.04033 43.9302 -13 672 0 0 1
0.129987 0.168216 180 0.0369494 0.022401 4.10564 29.5795 -13 673 0 0 1
0.0259204 -0.0194923 180 -0.00249437 -0.00880179 12.5593 34.7455 -13 674 0 0 1
0.0124475 0.0152994 180 -0.0177182 0.000185512 7.23128 17.2392 -13 675 0 0 1
-0.0530049 -0.00819246 180 0.0131806 0.0180313 12.912 31.3752 -13 676 0 0 1
-0.191871 0.0129167 180 0.01561 0.0243034 11.8452 12.5402 -13 677 0 0 1
-0.152146 0.168691 180 0.0258131 0.0281337 9.41729 22.8848 -13 678 0 0 1
-0.182601 -0.17785 180 -0.000710035 0.0592989 8.15222 20.9538 -13 679 0 0 1
-0.0257682 0.0104696 180 0.0232962 -0.00920713 9.29067 25.835 -13 680 0 0 1
-0.00719967 0.097187 180 0.010771 -0.00273196 14.0747 7.6592 -13 681 0 0 1
0.00535308 -0.0110363 180 -0.0159253 -0.0014074 13.2704 6.29459 -13 682 0 0 1
0.178284 -0.16262 180 -0.0341161 -0.0242717 13.005 30.2096 -13 683 0 0 1
-0.0226354 0.00560492 180 -0.00625301 0.0548403 8.6489 24.2284 -13 684 0 0 1
-0.214281 -0.0900796 180 -0.00015969 0.0326533 8.06866 15.7026 -13 685 0 0 1
0.0686238 -0.0560224 180 -0.00214834 -0.0400428 11.6649 32.9555 -13 686 0 0 1
0.1579 -0.1443 180 -0.033459 -0.016172 9.04416 13.9689 -13 687 0 0 1
0.126355 -0.0615429 180 -0.0203271 -0.0216516 12.8503 28.2767 -13 688 0 0 1
0.0647756 0.0392741 180 -0.0203911 -0.0230236 9.91378 29.3509 -13 689 0 0 1
0.0755661 0.0867723 180 0.0140635 -0.00328589 5.27101 31.8722 -13 690 0 0 1
0.0802369 -0.0944706 180 -0.0254132 -0.0151729 12.3284 22.5959 -13 691 0 0 1
0.118913 -0.0222122 180 0.0199857 -0.062451 7.49493 10.6478 -13 692 0 0 1
-0.05931 -0.0154515 180 -0.0148665 0.0132217 12.7816 26.1955 -13 693 0 0 1
0.153295 -0.0643033 180 0.0229391 -0.0377405 4.05669 26.7743 -13 694 0 0 1
0.0927094 0.0285204 180 0.012019 -0.0352996 7.3775 19.9643 -13 695 0 0 1
0.236752 0.044504 180 -0.166179 0.0239455 6.71212 23.5333 -13 696 0 0 1
0.0337735 0.0414659 180 0.00263471 -0.0114162 10.0366 25.2009 -13 697 0 0 1
0.37309 0.0880048 180 0.0303405 -0.00939678 8.76337 15.5219 -13 698 0 0 1
0.172012 0.0202452 180 0.0355365 -0.0331723 13.3455 28.8745 -13 699 0 0 1
0.0811472 -0.0208246 180 -0.00705223 -0.0109135 8.82965 18.078 -13 700 0 0 1
-0.153936 -0.120836 180 -0.0429745 0.0156906 9.09526 9.58887 -13 701 0 0 1
0.0121661 -0.073862 180 -0.0104468 -0.00301703 12.3096 30.8927 -13 702 0 0 1
0.051815 0.00471508 180 0.000484627 -0.0173342 12.0901 27.8789 -13 703 0 0 1
0.0413698 0.0211825 180 -3.52775e-06 -0.00396722 9.43197 15.8643 -13 704 0 0 1
0.0174703 -0.0400675 180 0.0167681 -0.0196144 10.1166 13.2974 -13 705 0 0 1
0.00490142 0.1014 180 -0.00371946 -0.0318718 9.59445 22.5229 -13 706 0 0 1
-0.243102 0.217122 180 0.0288144 0.044273 13.8508 6.38807 -13 707 0 0 1
0.00302289 -0.0231089 180 -0.0222639 -0.0103586 10.5562 24.4801 -13 708 0 0 1
-0.162966 -0.166213 180 -0.0161987 0.0159564 3.94002 30.4086 -13 709 0 0 1
-0.00536156 -0.000686681 180 0.00894485 0.0111167 7.97361 28.2017 -13 710 0 0 1
0.0369617 -0.0674747 180 -0.0163281 -0.0192671 14.1683 6.53886 -13 711 0 0 1
0.0241612 0.0417601 180 0.0154678 0.00454628 11.6207 25.5803 -13 712 0 0 1
-0.0605839 0.0411232 180 0.00668529 -0.00180409 6.49071 32.1818 -13 713 0 0 1
0.292172 0.0181229 180 -0.00983412 -0.0398827 14.0553 26.0647 -13 714 0 0 1
-0.023421 0.100905 180 0.00971413 0.021688 12.3818 34.8681 -13 715 0 0 1
-0.0800849 -0.232498 180 -0.0455948 0.0263606 13.1256 25.8453 -13 716 0 0 1
0.0536305 0.110659 180 0.0115651 -0.00510471 10.6164 21.6903 -13 717 0 0 1
-0.159238 0.132927 180 0.00558838 0.00140346 8.71237 15.6982 -13 718 0 0 1
-0.192271 -0.150659 180 -0.0383026 0.00704761 10.6778 14.9967 -13 719 0 0 1
0.392684 0.0990265 180 -0.0114436 -0.0752619 11.291 34.6153 -13 720 0 0 1
-0.10867 -0.154906 180 -0.0669771 -0.00750706 9.69563 32.691 -13 721 0 0 1
0.0333934 -0.0266602 180 -0.00870506 0.0242041 5.26466 23.1698 -13 722 0 0 1
-0.0505393 -0.0269117 180 -3.79562e-06 0.0188812 8.57411 11.2531 -13 723 0 0 1
0.0874268 0.284281 180 0.0458341 -0.00964149 5.00545 35.1676 -13 724 0 0 1
0.00560278 0.0436181 180 0.0157917 -0.0221178 9.6229 18.7836 -13 725 0 0 1
0.0711408 0.128733 180 0.0263303 0.00348246 13.6186 20.4964 -13 726 0 0 1
-0.065947 -0.0114756 180 -0.0070538 0.013154 14.1559 9.81453 -13 727 0 0 1
-0.154264 -0.0764546 180 -0.0273793 0.0301043 3.49269 41.3392 -13 728 0 0 1
0.0146895 -0.100149 180 -0.0055204 -0.0242575 5.4687 22.8257 -13 729 0 0 1
-0.185152 0.0860785 180 0.0286429 0.0253091 11.1791 13.3174 -13 730 0 0 1
-0.090911 -0.0654747 180 -0.0188936 0.0079128 10.9854 9.19727 -13 731 0 0 1
-0.0051895 0.14863 180 0.0208847 -0.0511343 2.6523 41.8085 -13 732 0 0 1
0.28738 -0.0804697 180 -0.0185231 -0.0302393 4.85208 25.5199 -13 733 0 0 1
0.0858456 0.0175843 180 0.0300539 0.0315166 13.6314 28.2174 -13 9 0 0 1
0.0415152 0.103075 180 -0.00875639 0.000737637 2.66967 41.6799 -13 20 0 0 1
-0.0754564 0.00093343 180 -0.0126111 0.0202523 14.3757 18.7649 -13 25 0 0 1
0.0298753 0.0679253 180 0.00952484 0.00884689 7.98317 21.344 -13 86 0 0 1
0.134142 0.109545 180 0.0193322 -0.00915582 9.59648 15.0892 -13 98 0 0 1
-0.0152512 0.00583854 180 -0.00270536 0.00649697 13.506 17.8155 -13 129 0 0 1
-0.135342 0.159154 180 0.0162802 0.0164612 7.27725 13.3922 -13 137 0 0 1
-0.282093 -0.00211017 180 -0.045664 0.0427688 11.2467 21.3402 -13 147 0 0 1
-0.100298 0.00253591 180 -0.00386239 0.0187962 9.78828 9.96816 -13 163 0 0 1
-0.0838166 0.173705 180 0.0426305 -0.0133249 8.95859 26.501 -13 170 0 0 1
-0.0427285 0.0160294 180 0.0107033 -0.00187196 10.8037 20.6605 -13 176 0 0 1
-0.00322906 -0.263477 180 -0.0396671 -0.00748872 8.81502 34.1699 -13 181 0 0 1
0.0274543 -0.00913845 180 -0.00569855 -0.000775533 11.5118 21.8246 -13 185 0 0 1
0.0296527 -0.00520685 180 -0.00750794 -0.00611697 10.3711 13.6356 -13 194 0 0 1
0.133814 -0.0738637 180 0.0249073 -0.0356344 5.53268 20.9225 -13 204 0 0 1
-0.0417334 0.0301989 180 0.0132411 0.0741728 3.54305 40.2181 -13 210 0 0 1
0.0677161 -0.0602613 180 -0.000824204 -0.0125135 8.69374 11.1746 -13 223 0 0 1
0.0535919 -0.182562 180 -0.0292029 -0.00207174 9.08125 33.6337 -13 231 0 0 1
-0.114803 0.0591947 180 -0.000438546 0.0308754 12.4985 8.47378 -13 234 0 0 1
-0.0117745 0.00254194 180 0.00349187 -0.000179437 12.8398 7.53911 -13 241 0 0 1
0.0338454 -0.0490795 180 -0.00468377 -0.00427001 12.9305 17.6776 -13 245 0 0 1
-0.107309 0.100317 180 0.0155123 -0.0503678 8.34712 12.5923 -13 254 0 0 1
0.0235651 0.0353033 180 -0.000501717 -0.0101811 14.4714 10.1771 -13 259 0 0 1
0.0511155 -0.0537308 180 0.00050805 -0.0112187 14.0716 27.3856 -13 267 0 0 1
-0.0240333 -0.0198242 180 -0.00800195 0.00219606 14.4723 14.6988 -13 272 0 0 1
0.0221274 0.0555609 180 0.0215515 -0.00950232 9.49688 24.687 -13 289 0 0 1
0.0441466 0.0263956 180 0.00311499 -0.017402 7.4578 38.0293 -13 293 0 0 1
0.116292 -0.0287573 180 0.0209195 0.0040349 2.39901 54.0416 -13 298 0 0 1
-0.0024187 -0.0255115 180 0.0174264 -0.00726089 7.6089 24.7552 -13 302 0 0 1
-0.349041 0.151032 180 0.00375981 0.026339 7.92222 12.4331 -13 734 0 0 1
-0.0569475 0.0396603 180 -0.00753265 0.0210062 13.0477 28.9358 -13 740 0 0 1
0.0257815 -0.0308442 180 -0.00197114 -0.0125729 14.1815 20.4692 -13 759 0 0 1
-0.066794 -0.133711 180 -0.0270412 -0.000191262 11.1654 32.3526 -13 763 0 0 1
-0.0644605 -0.0365771 180 -0.0149644 0.00613941 8.62254 13.082 -13 766 0 0 1
-0.189865 -0.228587 180 -0.0223466 0.020102 7.00832 14.1475 -13 769 0 0 1
-0.031199 0.0193663 180 0.00868449 0.0159797 12.9482 5.99084 -13 779 0 0 1
-0.0155651 -0.0372504 180 0.00739327 0.00737208 10.0776 10.281 -13 782 0 0 1
-0.000583475 0.0608534 180 -0.00347496 -0.0109183 11.5031 14.5476 -13 795 0 0 1
-0.00728218 -0.0234666 180 0.00430541 0.00106972 13.7207 30.2468 -13 798 0 0 1
0.0065808 0.0667279 180 -0.0108801 0.0329752 7.07552 29.3021 -13 803 0 0 1
-0.159046 -0.000237946 180 -0.0213214 0.0253805 13.6538 15.7486 -13 807 0 0 1
-0.39305 -0.0410014 180 0.00939836 0.0678934 10.8349 22.4687 -13 810 0 0 1
0.0910153 0.0251511 180 0.0114344 -0.0157629 13.2298 16.1859 -13 813 0 0 1
0.0458983 -0.0924051 180 -0.0254449 0.102455 11.4868 34.9179 -13 818 0 0 1
0.170483 -0.0239832 180 -0.00863831 -0.0103998 8.49228 11.8537 -13 821 0 0 1
0.00237563 0.0834164 180 -0.0132402 -0.02669 7.87604 36.4644 -13 835 0 0 1
-0.0527128 0.032501 180 -0.00736938 0.0120087 11.139 27.8444 -13 839 0 0 1
0.0641353 0.192672 180 0.0214919 -0.020726 6.27888 37.5564 -13 842 0 0 1
-0.0150474 0.0696776 180 0.0318926 0.00144224 13.4974 14.2689 -13 845 0 0 1
-0.0123619 -0.0941905 180 -0.00131199 -0.00869872 4.77315 23.1565 -13 847 0 0 1
0.744522 0.272471 180 0.0483748 0.0555997 0.503993 65.0398 -13 864 0 0 1
0.264405 0.219906 180 0.0789883 -0.0153362 5.53211 40.4102 -13 866 0 0 1
-0.299287 0.216156 180 0.0303871 0.0594355 5.23271 27.1144 -13 8 0 0 1
-0.145766 0.212698 180 0.0236434 0.0158466 14.5069 11.6228 -13 17 0 0 1
0.0429903 -0.026437 180 -0.0104519 -0.00894766 11.7845 35.0681 -13 23 0 0 1
-0.0804411 0.00333462 180 -0.00785001 0.0153006 7.08198 30.8187 -13 29 0 0 1
-0.00346713 0.206246 180 0.00937166 0.00540559 5.20164 39.2441 -13 35 0 0 1
0.159238 -0.0207109 180 0.0186449 -0.0422533 9.52779 17.2833 -13 39 0 0 1
0.345233 -0.0218554 180 0.00923399 -0.0541303 11.2957 24.8319 -13 44 0 0 1
-0.0993267 0.0584883 180 0.0206172 0.046637 8.25406 9.58985 -13 53 0 0 1
-0.0328193 -0.11524 180 -0.00854435 -0.000942981 13.9561 20.3465 -13 61 0 0 1
-0.0468855 0.00295056 180 0.00016639 -0.000436174 8.93936 20.1748 -13 64 0 0 1
-0.0570247 0.109876 180 0.0142611 0.0247275 11.6979 9.63904 -13 71 0 0 1
-0.0593092 -0.083483 180 -0.031644 -0.00646506 13.5578 18.5948 -13 78 0 0 1
0.117736 0.0986829 180 0.0273721 0.01717 2.85018 49.6978 -13 87 0 0 1
-0.0348414 0.012334 180 -0.00935432 0.00191709 12.8742 20.3885 -13 97 0 0 1
-0.131038 -0.0371474 180 -0.00771717 0.00690095 13.5067 14.7492 -13 128 0 0 1
0.0600424 0.0475665 180 0.00988413 -0.0164995 14.5547 23.7066 -13 133 0 0 1
-0.163547 -0.423911 180 -0.0756907 0.0399022 4.75534 19.2152 -13 138 0 0 1
-0.0209311 0.199374 180 0.0466498 0.0123376 11.0175 11.7955 -13 143 0 0 1
-0.0637979 -0.00287898 180 0.00887871 0.00440391 9.4891 24.3495 -13 154 0 0 1
0.0243978 0.0198965 180 0.0189612 -0.0316543 8.49465 18.2275 -13 158 0 0 1
0.00853985 -0.0565648 180 -0.00826832 -0.0102842 14.2333 25.0373 -13 164 0 0 1
0.0195461 0.12617 180 0.0205517 0.0193406 13.0665 31.6851 -13 169 0 0 1
-0.134129 0.185348 180 0.0289484 0.00971508 9.81487 30.613 -13 174 0 0 1
0.136766 0.207303 180 0.0513998 -0.0237375 7.19536 32.8198 -13 180 0 0 1
0.0922465 0.00697291 180 0.00360185 -0.0202964 12.0992 11.4429 -13 192 0 0 1
0.0461936 -0.00677163 180 0.00554355 -0.0177619 11.7089 35.244 -13 196 0 0 1
-0.00649415 -0.0231082 180 -0.00452623 0.00592134 9.25752 35.2853 -13 207 0 0 1
-0.107705 -0.0960764 180 -0.0116299 0.00682019 6.69977 25.1868 -13 211 0 0 1
0.0467165 0.186933 180 0.00955883 -0.00944413 9.91299 19.0682 -13 216 0 0 1
-0.128888 0.175985 180 -0.0117417 0.0657454 9.75158 17.2457 -13 219 0 0 1
-0.0320173 -0.026517 180 -0.000803092 0.00513439 12.3559 26.4243 -13 225 0 0 1
-0.099513 -0.0957689 180 -0.0228009 0.02036 13.4521 15.9145 -13 229 0 0 1
-0.019804 0.098249 180 0.000237506 -0.00564396 4.76851 34.0445 -13 236 0 0 1
-0.0993121 0.00453127 180 -0.00637817 0.0195502 10.9334 22.5461 -13 242 0 0 1
0.101064 0.16297 180 0.02339 -0.038948 8.13417 17.1807 -13 246 0 0 1
-0.195769 -0.000367539 180 -0.00300854 0.0261458 10.3658 25.967 -13 250 0 0 1
-0.00611382 0.0650908 180 0.013564 -0.0117104 11.2958 17.1782 -13 257 0 0 1
0.045939 -0.025699 180 0.00812404 -0.00619454 12.9676 24.5426 -13 262 0 0 1
0.0468404 -0.0718748 180 -0.0203858 -0.0179482 12.2781 11.1662 -13 268 0 0 1
-0.0178925 -0.152193 180 -0.0149851 -0.00198716 8.15124 18.5806 -13 273 0 0 1
0.0237586 -0.0236816 180 -0.00676611 0.00742349 9.64041 32.0671 -13 277 0 0 1
-0.046252 0.116102 180 0.0266711 0.0312021 6.39629 16.7796 -13 280 0 0 1
-0.0163289 -0.289388 180 -0.0582028 -0.0137647 7.25662 22.7473 -13 284 0 0 1
0.347446 0.20618 180 0.0282484 -0.0314315 11.9806 31.1933 -13 288 0 0 1
0.0271813 0.0943647 180 0.0459705 -0.0124959 6.09387 25.9911 -13 296 0 0 1
0.00579749 -0.00786245 180 -0.00929628 0.00447291 11.9972 10.4929 -13 297 0 0 1
0.0122542 -0.0606199 180 -0.0396945 0.0173357 11.663 18.8969 -13 303 0 0 1
0.100481 0.016466 180 -0.000702311 -0.00994159 12.3911 12.1036 -13 308 0 0 1
0.0120814 0.0133801 180 0.010475 0.000380704 12.1733 12.6797 -13 312 0 0 1
0.0679909 0.107589 180 0.0191648 0.00705643 11.6385 9.76551 -13 315 0 0 1
-0.0919529 -0.291706 180 -0.0238742 -0.026411 4.40881 35.6275 -13 328 0 0 1
0.0374091 0.014936 180 0.00393679 -0.00455381 14.2581 26.0661 -13 335 0 0 1
0.139754 -0.0459852 180 -0.0963688 -0.0248603 5.81713 25.2891 -13 336 0 0 1
-0.0898032 0.167856 180 0.036373 0.023192 13.7354 23.4799 -13 337 0 0 1
0.150598 -0.250948 180 -0.0200206 -0.0299972 9.67094 31.6094 -13 338 0 0 1
0.0380489 -0.0492683 180 -0.0399172 0.00183853 9.3649 36.016 -13 339 0 0 1
0.0507024 0.0162184 180 -0.0901112 -0.0426392 2.18093 54.8328 -13 340 0 0 1
-0.00890931 0.108253 180 0.00936508 0.0125633 13.2584 11.6461 -13 344 0 0 1
0.19651 -0.157449 180 -0.0349562 -0.0346804 11.8565 28.591 -13 747 0 0 1
0.000780032 -0.101599 180 -0.0220784 0.000752404 10.9118 12.4907 -13 771 0 0 1
-0.0439518 -0.0322612 180 0.0251239 -0.0475941 8.61398 26.5848 -13 778 0 0 1
-0.128009 -0.022751 180 -0.0311368 0.0249432 6.93534 12.3759 -13 784 0 0 1
-0.117868 -0.00881391 180 -0.000190155 0.0174009 8.94823 24.385 -13 787 0 0 1
-0.0663738 0.294204 180 0.0219104 -0.000100717 9.97165 33.8717 -13 790 0 0 1
0.0254958 -0.0369019 180 -0.00194329 -0.0275261 7.12338 19.1713 -13 808 0 0 1
0.0187109 -0.136857 180 0.0364395 0.00580424 5.70738 14.6331 -13 811 0 0 1
-0.0409018 -0.0416284 180 -0.00958702 0.00380796 11.6754 33.3985 -13 815 0 0 1
0.0262098 0.0163023 180 0.0142228 0.000250821 6.28083 37.4193 -13 819 0 0 1
-0.0548014 -0.00569167 180 -0.0109743 0.0122278 11.7103 34.5575 -13 822 0 0 1
0.0743903 0.0467523 180 0.0217226 -0.00607084 14.5653 25.8044 -13 824 0 0 1
-0.204578 -0.166099 180 -0.0343103 0.010268 7.63195 22.1913 -13 826 0 0 1
0.276465 -0.0366495 180 -0.000943464 -0.0616 10.1043 33.2882 -13 829 0 0 1
-0.115043 0.164681 180 0.0112103 0.022131 11.8642 27.6027 -13 836 0 0 1
-nan -nan -nan -nan -nan -nan -nan -13 841 0 0 1
0.0144905 -0.0136782 180 0.0113767 0.0217077 4.42777 38.3164 -13 844 0 0 1
-0.00766371 -0.0302771 180 0.00684657 0.00852467 10.3861 10.6669 -13 31 0 0 1
-0.0767569 -0.0138221 180 0.0297936 -0.0101397 3.70199 42.7813 -13 33 0 0 1
-0.0142176 0.00299498 180 0.00427283 -0.00835752 11.8649 29.1306 -13 38 0 0 1
0.156302 -0.0860382 180 -0.00715583 -0.0251226 14.4256 16.5818 -13 43 0 0 1
0.0403288 -0.110483 180 -0.00152049 -0.0324358 6.79909 19.9964 -13 48 0 0 1
-0.0953074 0.0105624 180 0.0154253 0.016679 8.33557 29.6155 -13 60 0 0 1
-0.0855281 0.0589778 180 -0.00684911 0.0158954 10.674 25.8261 -13 68 0 0 1
0.0961277 -0.0161944 180 0.0342879 -0.00791207 10.7445 21.0102 -13 74 0 0 1
0.00156224 0.0245689 180 0.0142484 -0.00128963 13.2102 28.2741 -13 82 0 0 1
-0.157622 0.00948824 180 0.00369131 0.0195372 7.18284 36.5889 -13 91 0 0 1
0.0608987 -0.00460944 180 -0.00203559 -0.0197469 10.7886 18.0548 -13 95 0 0 1
-0.149605 0.0201101 180 -0.00484786 0.0210955 11.5867 10.9824 -13 117 0 0 1
-0.00276056 0.0159399 180 0.00867755 -0.0294299 5.18199 35.1571 -13 123 0 0 1
0.106939 -0.210327 180 -0.0158964 0.000305597 9.67616 12.8968 -13 127 0 0 1
-0.00966006 -0.0059964 180 -0.0100943 -0.00639624 10.4692 28.7344 -13 130 0 0 1
-0.0472525 -0.0440089 180 -0.0273909 0.0188261 11.5091 25.6335 -13 139 0 0 1
-0.0304724 0.0105978 180 0.00356981 0.0102682 13.8623 25.5667 -13 150 0 0 1
-0.0220246 0.0664355 180 0.0168155 0.0115389 11.9921 22.4646 -13 156 0 0 1
-1.0391 0.385512 180 0.10151 0.143385 9.81693 22.2212 -13 162 0 0 1
-0.0698494 -0.0111312 180 -0.0108037 0.0116908 9.89551 11.803 -13 167 0 0 1
-0.0310245 0.024105 180 -0.000161423 0.00270811 13.0747 6.46544 -13 173 0 0 1
-0.328729 -0.0402525 180 -0.00634454 0.0597966 5.67302 28.2432 -13 179 0 0 1
-0.0372619 0.0624851 180 0.0258655 0.00223116 8.44677 13.683 -13 190 0 0 1
-0.0426196 -0.192994 180 -0.00479236 0.0450234 2.48722 44.069 -13 200 0 0 1
-0.0590895 -0.0545239 180 -0.0168694 0.00430156 8.93478 14.5395 -13 222 0 0 1
-0.000559545 0.0136903 180 -0.00903471 0.0380572 8.27322 28.4487 -13 737 0 0 1
0.281125 0.22197 180 0.0437249 -0.0407677 8.35439 9.82017 -13 743 0 0 1
-0.162615 -0.138884 180 -0.026378 0.0327485 12.1274 7.16036 -13 749 0 0 1
0.177336 0.0340351 180 0.0115224 -0.0155026 6.61623 14.3565 -13 752 0 0 1
0.116688 -0.158229 180 -0.0167954 -0.0230576 8.70036 33.2237 -13 754 0 0 1
-0.0474926 0.0244657 180 0.0345251 0.00168394 7.96401 15.7756 -13 755 0 0 1
0.0681428 0.10704 180 0.0250376 0.00682646 7.98238 11.0733 -13 758 0 0 1
0.0335461 -0.205447 180 0.0638726 -0.0539413 8.12775 28.6744 -13 760 0 0 1
0.0314383 -0.103397 180 -0.0170648 0.000975326 9.88169 17.8954 -13 764 0 0 1
0.192324 -0.0338091 180 0.00645851 -0.0609136 11.7945 34.1352 -13 792 0 0 1
-0.0236209 -0.0482681 180 -0.04567 -0.0380983 14.0142 29.8437 -13 797 0 0 1
0.284425 -0.0784502 180 0.0208868 -0.0454882 5.82436 16.3012 -13 801 0 0 1
0.0692817 -0.0291144 180 -0.012074 0.0242645 4.07189 44.699 -13 827 0 0 1
-0.0228488 0.0260569 180 -8.40404e-05 -0.00354554 13.8023 18.7528 -13 832 0 0 1
0.254001 -0.0923883 180 0.0389391 -0.0422905 10.8171 15.5923 -13 837 0 0 1
-0.105763 -0.0765596 180 0.000460355 0.00339967 12.3917 27.7874 -13 850 0 0 1
-0.0488872 0.0325838 180 -0.00601539 0.00781536 11.4932 9.53364 -13 854 0 0 1
0.0204224 -0.0791745 180 -0.0230219 -0.00955985 14.3404 13.1448 -13 857 0 0 1
0.0308038 0.123905 180 0.00809813 0.0093453 13.0518 30.2366 -13 860 0 0 1
0.000509524 0.049136 180 -0.0065643 0.00177579 11.1902 9.27754 -13 861 0 0 1
0.22121 -0.155476 180 -0.0526451 -0.00553547 4.03194 22.8856 -13 863 0 0 1
-0.190996 -0.0893645 180 0.00156646 0.052705 6.95572 23.153 -13 865 0 0 1
-0.101251 -0.16413 180 0.00511005 0.00370021 9.2139 28.2168 -13 869 0 0 1
0.0464559 0.040957 180 0.0136988 -0.0153766 12.379 20.8598 -13 870 0 0 1
-0.129902 0.22792 180 0.0346258 0.0272428 13.7431 27.3779 -13 871 0 0 1
0.337294 -0.750642 180 -0.200935 0.012584 5.3122 32.9086 -13 872 0 0 1
0.29616 0.0846571 180 -0.0190542 -0.007294 4.63748 19.8047 -13 873 0 0 1
0.012687 -0.205246 180 -0.0449253 -0.0102329 4.97921 26.6252 -13 874 0 0 1
-0.150573 -0.0885155 180 0.00756731 0.016061 3.52601 20.1042 -13 875 0 0 1
-0.0051714 -0.106869 180 -0.0311722 -0.0199041 11.7882 17.6151 -13 876 0 0 1
-0.0471081 -0.113359 180 -0.0105696 0.00145289 9.25403 30.3706 -13 877 0 0 1
-0.576234 0.0582892 180 0.0554574 0.0397118 1.38392 41.3402 -13 878 0 0 1
0.00142446 0.150566 180 0.0102466 -0.000684345 14.2457 31.0033 -13 879 0 0 1
-0.0896637 0.130134 180 0.015524 0.01617 11.4286 14.0457 -13 47 0 0 1
-0.314642 0.0659146 180 -0.0286299 0.0490225 6.42825 23.8427 -13 84 0 0 1
0.115968 -0.0834658 180 0.0234499 0.0105192 5.88646 20.0479 -13 94 0 0 1
-0.0377988 -0.0603119 180 0.00216244 -0.0157295 10.33 34.593 -13 106 0 0 1
0.0179772 -0.0402555 180 -0.00931821 -0.00864914 9.86126 10.6261 -13 111 0 0 1
0.154331 -0.0730519 180 0.00506716 -0.0348487 13.2342 24.7857 -13 115 0 0 1
0.058251 0.134176 180 0.0280741 -0.0287972 8.13994 11.7418 -13 151 0 0 1
-0.109812 0.0794652 180 -0.0168858 0.0440821 5.93332 12.4932 -13 189 0 0 1
0.107764 0.105819 180 -0.00508715 0.0156995 7.23769 20.4081 -13 205 0 0 1
0.140382 0.103688 180 0.0203604 -0.0127233 13.9558 6.33622 -13 212 0 0 1
0.073308 -0.0758396 180 -0.0124032 -0.00818606 9.48385 20.1667 -13 217 0 0 1
0.00342307 0.102329 180 0.00717267 0.00904506 13.3312 16.9511 -13 220 0 0 1
-0.302705 -0.00976622 180 0.00955673 0.0889777 3.77363 26.4695 -13 221 0 0 1
-0.165165 -0.0419651 180 -0.00596656 0.027289 12.7538 10.7432 -13 240 0 0 1
-0.156739 0.0228792 180 -0.00716136 0.0200163 11.6537 16.3167 -13 247 0 0 1
0.0398421 0.000278596 180 -0.0111336 0.0078509 8.37496 34.2149 -13 251 0 0 1
-0.0758438 -0.00166324 180 -0.0155151 0.0266714 13.8469 20.011 -13 261 0 0 1
-0.0429493 0.0954907 180 0.0237763 0.00149058 11.3351 30.512 -13 266 0 0 1
0.0737374 0.0467514 180 0.0143844 -0.0111755 7.35495 36.4758 -13 271 0 0 1
0.162026 -0.0649165 180 0.0349649 -0.0477439 8.82985 27.2657 -13 275 0 0 1
-0.00863246 -0.02184 180 -0.00209282 -0.00458199 13.3568 25.7661 -13 279 0 0 1
-0.0199272 0.156384 180 0.0327563 0.032622 10.7322 13.5796 -13 283 0 0 1
0.069527 0.0258952 180 0.000418977 -0.01989 6.84261 35.7175 -13 286 0 0 1
0.223208 -0.453105 180 -0.0774887 -0.0429206 3.59044 44.5974 -13 300 0 0 1
-0.106658 0.147553 180 -0.0114117 0.0392236 11.0703 16.3235 -13 305 0 0 1
0.0432768 0.032455 180 0.00998246 -0.00869836 14.0106 22.1404 -13 311 0 0 1
-0.0348443 0.0364265 180 0.0059343 0.00277919 13.8268 6.67784 -13 314 0 0 1
0.0447314 -0.0500706 180 -0.0134896 -0.0316715 9.01919 15.741 -13 330 0 0 1
0.282604 -0.00956735 180 -0.00967543 -0.0478452 9.87064 18.2058 -13 333 0 0 1
-0.0024698 0.0277199 180 -0.0160591 0.00582011 12.8581 8.03432 -13 334 0 0 1
0.998398 -0.0160534 180 -3.86841e-05 -0.000803383 0.477118 224.636 -13 342 0 0 1
-0.0146827 -0.108001 180 -0.0146771 0.000806709 12.1267 20.3628 -13 347 0 0 1
-0.0296719 -0.0442484 180 0.00308895 0.0115576 11.5073 20.6976 -13 745 0 0 1
0.0359075 0.10239 180 0.0455007 -0.0269239 10.4604 28.2199 -13 750 0 0 1
0.0939934 0.0225814 180 -0.0051411 -0.0179824 10.8199 9.11064 -13 753 0 0 1
-0.17541 -0.110576 180 -0.0443448 0.0121374 10.6977 18.9578 -13 777 0 0 1
0.0487082 -0.039533 180 -0.0231878 0.0160357 5.14778 27.3403 -13 785 0 0 1
-0.0558244 0.105826 180 0.0119219 0.00879587 12.3662 23.889 -13 788 0 0 1
-0.0400368 -0.0411213 180 -0.00015438 0.00747259 11.4395 23.0636 -13 793 0 0 1
-0.12312 0.063055 180 0.0155204 0.0263782 6.58832 12.3143 -13 812 0 0 1
0.28404 -0.112118 180 -0.0105574 -0.0692802 5.46664 36.6945 -13 817 0 0 1
-0.00427363 -0.0152621 180 -0.00025647 -0.00488842 13.4027 12.061 -13 820 0 0 1
-0.0934273 -0.0162555 180 -0.0126248 0.0188493 12.6219 28.761 -13 823 0 0 1
0.0550381 0.0476832 180 0.0188308 -0.000626735 14.4561 30.9309 -13 825 0 0 1
-0.238468 0.0262749 180 -0.0114248 0.0530508 8.65714 34.5996 -13 828 0 0 1
-0.0232072 0.0671833 180 -0.0275698 0.00898241 8.44874 15.0377 -13 831 0 0 1
0.205909 0.117697 180 0.0381155 -0.0550417 5.48289 36.4566 -13 834 0 0 1
0.353207 -1.19689 180 -0.185182 -0.0218681 8.32483 15.3053 -13 843 0 0 1
0.0559768 0.00862803 180 0.0082643 0.00857832 12.3058 22.3902 -13 846 0 0 1
-0.245334 -0.508921 180 -0.107526 -0.0232922 4.80711 41.0177 -13 848 0 0 1
0.0296758 -0.0624469 180 -0.00530632 -0.0132095 9.63269 9.52276 -13 849 0 0 1
0.022318 -0.143703 180 -0.0471418 -0.00247266 8.91134 15.6547 -13 851 0 0 1
0.194147 0.0570756 180 0.040144 -0.0170021 4.93643 17.1257 -13 853 0 0 1
0.442792 -0.731484 180 -0.0415806 -0.124324 1.06266 224.729 -13 856 0 0 1
-0.0262685 -0.0881837 180 -0.0052436 -0.000358153 12.964 17.1052 -13 859 0 0 1
-0.0501395 0.160435 180 0.0345075 0.0215738 14.0895 11.2748 -13 921 0 0 1
0.162777 0.0396916 180 -0.00331249 -0.0336705 4.17213 44.1512 -13 923 0 0 1
-0.0313475 -0.0528015 180 -0.0105217 0.00377975 13.9748 33.4948 -13 925 0 0 1
0.221814 0.123604 180 0.0233558 -0.0271493 4.9502 28.3335 -13 927 0 0 1
-0.0687566 -0.0869191 180 0.0278405 -0.0338292 13.3166 26.5571 -13 931 0 0 1
0.00818843 0.165426 180 0.0238274 0.0115835 13.6188 18.548 -13 933 0 0 1
0.381036 0.530839 180 0.0866124 -0.0485499 10.4423 27.9868 -13 935 0 0 1
0.0395962 -0.0455714 180 -0.0186873 -0.00408751 12.5432 32.8992 -13 937 0 0 1
0.107031 0.0504777 180 0.0169187 -0.0123957 13.852 15.0824 -13 939 0 0 1
0.0237906 0.0396811 180 -0.0122329 -0.00037747 12.3014 21.5895 -13 941 0 0 1
-0.225421 0.0457225 180 0.0144208 0.017522 10.5222 31.5139 -13 943 0 0 1
0.0552361 -0.0513703 180 -0.0112553 0.00363724 4.09883 42.5182 -13 945 0 0 1
0.0395453 -0.0149105 180 -0.00209622 -0.00776547 14.3122 17.7994 -13 946 0 0 1
-0.174258 -0.00157989 180 0.000832861 0.0246721 10.4936 11.7415 -13 947 0 0 1
-0.0292726 -0.304219 180 -0.0372882 0.0286552 7.75543 13.8295 -13 948 0 0 1
-0.0471207 -0.0512458 180 -0.000746148 0.011875 12.497 26.5938 -13 949 0 0 1
0.218822 -0.147851 180 0.0521578 -0.0749186 3.54298 20.8143 -13 950 0 0 1
-0.153358 -0.154752 180 -0.041409 0.0411999 5.40813 19.3186 -13 951 0 0 1
-0.39572 -0.431833 180 -0.0339075 0.0353811 4.2802 40.8696 -13 952 0 0 1
0.00172342 -0.0570237 180 0.00569684 -0.00706391 9.89469 13.8452 -13 953 0 0 1
-0.109383 0.0368497 180 0.00268906 0.00151511 6.79627 29.7537 -13 954 0 0 1
-0.089673 0.13233 180 -0.0430478 0.0236342 7.43351 26.2016 -13 955 0 0 1
0.128509 0.205244 180 0.0523026 -0.000434431 6.96065 17.0064 -13 956 0 0 1
-0.0817065 -0.070498 180 -0.00343391 0.00573116 14.0675 23.8661 -13 957 0 0 1
0.053694 0.225473 180 0.0222416 0.0134003 11.8909 20.1163 -13 958 0 0 1
-0.00751889 0.0170059 180 0.00107779 0.00329788 10.4179 27.1853 -13 959 0 0 1
-0.060517 -0.0274681 180 -0.0129017 0.00546531 14.4457 14.3516 -13 960 0 0 1
-0.280308 -0.0152646 180 0.0166688 0.0685283 2.58351 36.6482 -13 961 0 0 1
-0.150986 -0.0777422 180 -0.00526167 0.0317482 11.8352 24.897 -13 962 0 0 1
-0.0777661 -0.0233651 180 0.0111408 -5.14413e-06 8.96413 20.3956 -13 969 0 0 1
-0.116776 -0.0569114 180 -0.0397189 0.10986 1.27228 62.8546 -13 970 0 0 1
0.0643877 -0.0855308 180 -0.0166127 -0.0135708 13.2585 19.2525 -13 971 0 0 1
-0.127462 -0.00341962 180 -0.000886913 0.0182343 13.243 9.87334 -13 10 0 0 1
-0.0525472 -0.0459217 180 -0.0275118 0.00759987 14.43 27.3686 -13 21 0 0 1
0.103344 0.0658454 180 0.027159 -0.0161853 8.34637 35.0436 -13 24 0 0 1
-0.0522476 0.0419956 180 -0.000515501 0.0103225 13.6541 7.226 -13 30 0 0 1
-0.0226743 -0.191868 180 0.0221202 -0.0297669 8.62 31.9342 -13 36 0 0 1
0.363989 0.0112672 180 -0.000903131 -0.055026 10.9413 26.7596 -13 40 0 0 1
0.0610697 -0.117138 180 -0.0571006 -0.0155816 4.41747 41.9167 -13 50 0 0 1
-0.0291328 0.0516877 180 -0.0111889 -0.0360433 3.34497 24.0499 -13 54 0 0 1
0.0426273 -0.204379 180 -0.00166905 -0.0011507 5.16495 17.6396 -13 65 0 0 1
-0.264401 -0.114826 180 -0.0300424 0.0429002 7.83523 36.3286 -13 75 0 0 1
-0.0788741 -0.106737 180 -0.00217688 -0.0130513 9.87596 25.6573 -13 83 0 0 1
0.0283414 0.117041 180 0.0237303 -0.00299582 7.38323 21.7124 -13 108 0 0 1
0.0773259 0.0800685 180 0.00311799 -0.0152775 7.71202 12.6457 -13 112 0 0 1
0.217001 -0.038447 180 0.00196882 -0.0495223 8.0935 14.99 -13 114 0 0 1
-0.0450704 0.0175467 180 -0.0100143 0.0111918 14.3982 25.4476 -13 144 0 0 1
-0.216813 0.0298534 180 -0.045975 0.05649 8.62459 24.4628 -13 188 0 0 1
0.0029812 -0.0700765 180 0.000630661 -0.0142322 11.6184 27.6502 -13 201 0 0 1
0.0535484 -0.108421 180 0.0108168 -0.0332164 13.7118 17.9672 -13 209 0 0 1
0.0670757 0.0618143 180 0.00560823 0.030875 4.21976 29.0068 -13 215 0 0 1
0.0927846 0.289602 180 -0.017046 0.0243429 5.3145 27.5185 -13 218 0 0 1
0.0624475 -0.0649021 180 0.00500632 -0.0224953 12.6312 25.1508 -13 227 0 0 1
0.163472 -0.059134 180 -0.0112623 -0.0311141 12.788 17.0673 -13 239 0 0 1
0.0170341 0.0676839 180 0.00413255 -0.0119217 8.72771 31.1851 -13 244 0 0 1
-0.00396618 0.0638086 180 0.00125403 0.00435822 12.3669 16.3006 -13 249 0 0 1
-0.0396559 -0.0907006 180 -0.0118869 -0.0021625 11.9378 26.9329 -13 253 0 0 1
-0.0324005 -0.061933 180 -0.0239845 0.00650973 12.2594 6.32974 -13 256 0 0 1
-0.0859126 0.0226987 180 0.00252826 0.018978 11.7406 22.5434 -13 258 0 0 1
0.200582 -0.0116858 180 0.0086989 -0.0476035 11.8077 17.6122 -13 269 0 0 1
-0.0241652 0.0490187 180 -0.00684517 -0.00196287 12.6206 32.4392 -13 274 0 0 1
0.0374957 -0.0180567 180 0.00240391 -0.0284525 13.7581 17.7431 -13 278 0 0 1
-0.00832175 -0.0119152 180 0.0211723 0.0152739 8.18247 28.1912 -13 281 0 0 1
0.341937 -0.260465 180 -0.0724334 -0.099315 3.41871 46.4896 -13 285 0 0 1
-0.157719 0.0545221 180 -0.00955086 0.0359423 13.2628 8.45116 -13 292 0 0 1
-0.0773203 -0.00346435 180 0.0168681 0.00213111 8.27649 34.6244 -13 301 0 0 1
0.476461 -0.184819 180 -0.0236618 -0.0880682 4.60209 25.8375 -13 307 0 0 1
-0.120018 -0.376881 180 -0.0688876 -0.0641452 5.81195 20.8597 -13 310 0 0 1
0.169146 0.118765 180 0.0226161 -0.0210572 9.12091 13.9675 -13 316 0 0 1
-0.0246091 -0.222386 180 0.00292948 0.0467432 2.21492 50.4296 -13 324 0 0 1
-0.106906 -0.0227236 180 -0.00602655 0.00756449 12.4849 18.6579 -13 327 0 0 1
-0.0394272 0.0659737 180 -0.0103226 0.0216323 10.994 22.9114 -13 735 0 0 1
-0.266438 -0.11141 180 -0.231153 0.923466 3.23398 26.461 -13 744 0 0 1
-0.0333247 0.0199444 180 -0.00297988 0.0405457 8.58564 33.7215 -13 746 0 0 1
0.00711497 -0.0624489 180 -0.00723534 -0.016878 12.8848 26.3229 -13 768 0 0 1
0.0094749 -0.0964609 180 -0.014231 -0.0117617 11.4412 10.9269 -13 773 0 0 1
-0.118982 0.0238865 180 0.0066203 0.0181761 13.4097 8.90303 -13 774 0 0 1
0.121198 -0.0611383 180 0.0585445 -0.0556867 11.6532 10.3985 -13 781 0 0 1
0.0846667 0.0938068 180 -0.0130314 0.00763602 9.60202 26.0628 -13 786 0 0 1
0.0357797 0.0228406 180 0.00417984 0.00631988 14.171 20.167 -13 789 0 0 1
-0.0095322 0.072982 180 0.0140685 0.104123 3.34588 26.9232 -13 806 0 0 1
0.0209107 -0.0545316 180 -0.0173175 0.00782674 10.3773 13.9082 -13 897 0 0 1
-0.0518965 0.0646326 180 0.0166863 -0.00340187 11.4519 7.86968 -13 900 0 0 1
0.0347262 -0.0314497 180 -0.00992653 -0.00146259 8.65643 10.2828 -13 902 0 0 1
-0.00741395 -0.0317695 180 -0.000284616 -0.0101213 12.5651 13.1645 -13 904 0 0 1
-0.0644498 0.00265344 180 -0.000346454 0.000533033 10.4993 26.4532 -13 906 0 0 1
0.0805637 0.304124 180 0.0343504 -0.0175232 12.9406 8.85479 -13 908 0 0 1
0.122734 -0.0897755 180 -0.030433 0.0174991 7.2985 24.2585 -13 909 0 0 1
-0.0635301 0.0685782 180 0.0152663 0.0314723 11.8555 7.88966 -13 912 0 0 1
0.115262 -0.0692261 180 -0.00647866 -0.0436765 10.3127 8.71889 -13 914 0 0 1
-0.0696284 0.000926819 180 0.00881606 0.0226461 9.13058 13.8599 -13 915 0 0 1
-0.0552321 0.0573113 180 -0.00863838 0.0158936 13.81 23.9229 -13 916 0 0 1
0.120323 0.0277037 180 0.0147662 -0.0127838 12.5021 25.1665 -13 917 0 0 1
-0.0866152 -0.0449957 180 -0.0168873 -0.00154477 12.8584 29.5799 -13 918 0 0 1
0.17721 -0.110598 180 -0.00367042 -0.0312412 4.03122 21.7705 -13 919 0 0 1
0.0854262 -0.0982493 180 -0.0125002 -1.9973e-05 8.6596 11.1112 -13 920 0 0 1
0.0797415 0.0315453 180 0.0156237 -0.0094966 12.8826 26.5057 -13 922 0 0 1
-0.0519436 -0.0272747 180 -0.0110689 0.00199414 13.6257 19.0599 -13 924 0 0 1
-0.0464352 -0.120738 180 -0.0257814 0.00611218 12.8208 6.31284 -13 926 0 0 1
0.0205754 0.0418408 180 0.00579102 -0.00900709 11.7953 29.5646 -13 928 0 0 1
-0.0522272 -0.0712402 180 -0.0160536 0.00480879 13.565 11.8191 -13 929 0 0 1
0.237995 -0.376993 180 -0.0380634 -0.0653574 12.7393 23.7339 -13 930 0 0 1
0.0408943 0.00334048 180 -0.0144402 -0.018409 11.46 35.1093 -13 932 0 0 1
-0.0218809 -0.0642532 180 -0.0167057 -0.0291377 8.63211 20.2647 -13 934 0 0 1
-0.00414901 -0.00375755 180 0.00408333 0.00167692 12.4528 19.1604 -13 936 0 0 1
-0.115715 -0.287528 180 -0.0213972 0.0238871 4.68926 17.9298 -13 938 0 0 1
-0.259513 0.191003 180 0.00565859 0.0701933 6.04207 15.2909 -13 940 0 0 1
0.164129 -0.485131 180 -0.0432914 -0.0280578 3.05317 45.0263 -13 942 0 0 1
-0.0134384 0.138515 180 0.026937 0.0115418 5.85608 34.7866 -13 944 0 0 1
0.0882135 0.0636789 180 0.00234348 -0.0388858 8.44481 19.9843 -13 51 0 0 1
-0.0952582 0.204911 180 0.0350671 0.00653256 8.73874 30.6587 -13 81 0 0 1
0.123367 0.103175 180 0.0691177 -0.0457333 6.70047 37.5659 -13 92 0 0 1
-0.0555308 -0.0619825 180 -0.00624955 0.0163093 12.3346 6.49183 -13 100 0 0 1
0.169284 0.00846833 180 0.0350699 -0.0380502 7.44256 22.2649 -13 148 0 0 1
-0.511828 -0.196177 180 -0.0672077 0.0346523 4.93063 17.3145 -13 187 0 0 1
-0.263015 0.119036 180 0.0385573 0.024145 1.84107 57.4259 -13 206 0 0 1
0.000879227 -0.0536008 180 -0.0103088 -0.00625306 8.99711 36.4446 -13 213 0 0 1
-0.0559863 -0.115717 180 -0.0168117 0.00279998 11.912 26.3897 -13 739 0 0 1
-0.0403205 -0.069734 180 -0.0460841 0.0148446 4.31674 38.4231 -13 742 0 0 1
-0.228387 -0.201573 180 -0.0327733 0.00877327 7.29471 21.7992 -13 757 0 0 1
-0.0559598 -0.0401418 180 0.00100186 0.0190294 6.4336 17.292 -13 761 0 0 1
-0.0627032 -0.173595 180 -0.0148747 -0.0253436 5.90767 18.4814 -13 765 0 0 1
-0.000386974 0.0190385 180 0.0035753 0.000679845 12.6572 34.7069 -13 767 0 0 1
0.0245157 -0.0056853 180 -0.00293252 -0.0229141 13.6507 11.9717 -13 770 0 0 1
-0.0566681 -0.00768045 180 -0.00115941 0.0220368 11.8561 17.5057 -13 776 0 0 1
0.136517 -0.0767533 180 -0.00526525 -0.0473671 9.60089 11.7009 -13 780 0 0 1
-0.169575 0.229679 180 0.0125872 0.0383966 7.50683 21.4779 -13 794 0 0 1
-0.755789 1.4147 180 0.165932 0.142763 8.90481 30.5167 -13 796 0 0 1
-0.00308618 -0.0293293 180 -0.0146377 0.00738094 13.5559 7.62609 -13 800 0 0 1
-0.038128 0.0918192 180 0.0199797 0.0190858 13.0202 12.9955 -13 804 0 0 1
0.00248005 -0.0126751 180 -0.00502228 0.000541194 14.0873 34.0956 -13 830 0 0 1
-0.270349 0.0599919 180 -0.0180159 0.0591789 9.04071 36.9162 -13 833 0 0 1
-0.0131749 -0.0240381 180 0.0434371 -0.0275699 2.2082 48.0554 -13 852 0 0 1
-0.050204 0.0248335 180 0.0116458 0.00385074 11.572 29.6257 -13 855 0 0 1
-nan -nan -nan -nan -nan -nan -nan -13 193 0 0 1
0.0161428 0.0810504 180 -0.003222 -0.0394092 1.75905 52.9824 -13 197 0 0 1
0.0992194 -0.130241 180 -0.0136638 0.00171916 8.44 30.9699 -13 738 0 0 1
0.00455121 -0.0433771 180 -0.0153352 0.0026035 12.948 10.8746 -13 880 0 0 1
0.00823385 -0.00964554 180 -0.000104266 0.00188111 14.5401 17.4588 -13 881 0 0 1
0.426423 0.0873147 180 0.0472656 -0.0637818 6.54551 31.5398 -13 882 0 0 1
-0.123077 0.0897785 180 0.00906605 0.0525132 7.17313 33.4836 -13 883 0 0 1
0.0596407 0.141983 180 0.00524339 -0.0352346 5.77686 28.6403 -13 884 0 0 1
0.00276981 -0.00164234 180 0.000447684 0.00151706 12.5793 7.21269 -13 885 0 0 1
0.0703813 0.105768 180 0.0208922 -0.0367551 8.51453 14.673 -13 886 0 0 1
-0.0482755 0.0131698 180 -0.000909983 -0.00259447 8.56275 8.60776 -13 887 0 0 1
0.0658409 0.153348 180 0.0299778 -0.0111266 8.58891 27.3003 -13 888 0 0 1
0.0597763 -0.110482 180 -0.0194091 -0.0213656 11.324 30.8343 -13 889 0 0 1
0.034099 0.065653 180 0.0110807 -0.0163902 10.8605 18.1589 -13 890 0 0 1
0.038461 -0.0334763 180 -0.0333064 0.00758419 7.59323 17.143 -13 891 0 0 1
-0.388484 -0.350305 180 -0.058588 0.0485995 14.0694 13.8229 -13 892 0 0 1
-0.0626468 -0.135028 180 -0.0240941 -4.26626e-05 9.41255 10.9378 -13 893 0 0 1
0.121556 0.110346 180 0.00578092 -0.0255241 12.617 23.9775 -13 894 0 0 1
-0.0356958 -0.0211137 180 -0.0281794 0.0200947 11.622 22.832 -13 895 0 0 1
-0.0851481 0.0472017 180 -0.0177005 0.0160187 6.83109 31.5408 -13 896 0 0 1
-0.0776474 0.0108479 180 0.0198678 -0.0055294 8.45589 24.6246 -13 898 0 0 1
0.0413109 0.0721254 180 0.0195025 0.0389536 6.75235 19.7144 -13 899 0 0 1
0.141439 -0.111515 180 -0.0157444 0.00230155 5.40872 40.539 -13 901 0 0 1
0.156043 -0.0184145 180 -0.00486555 -0.0303911 6.65222 17.8725 -13 903 0 0 1
-0.0262481 0.327756 180 0.0571138 0.00493296 5.27583 30.6029 -13 905 0 0 1
-0.147768 0.0608308 180 0.00958204 0.0213056 11.6386 32.396 -13 907 0 0 1
0.0260847 0.0291055 180 0.04805 0.0480741 9.29011 9.10131 -13 910 0 0 1
0.00780972 0.405967 180 0.0652773 -0.0967658 2.4633 46.1435 -13 911 0 0 1
0.671129 -0.00681051 180 0.0444455 -0.107452 10.6531 8.87175 -13 11 0 0 1
0.0756093 -0.196731 180 -0.0208989 -0.00691239 13.0935 33.9856 -13 18 0 0 1
-0.0560808 -0.00281602 180 0.00265698 0.0163315 8.50061 18.0892 -13 27 0 0 1
-0.506647 0.0703742 180 0.0736272 0.0166168 9.93409 28.4152 -13 42 0 0 1
0.184058 0.308148 180 0.104816 -0.0394474 2.87272 44.48 -13 52 0 0 1
-0.060019 -0.161894 180 -0.0348599 0.0105722 10.4045 25.9721 -13 55 0 0 1
0.114336 0.0688517 180 0.0294359 0.000150885 10.9941 15.8595 -13 736 0 0 1
0.029193 -0.142275 180 -0.00749535 0.00948609 8.71964 27.1734 -13 741 0 0 1
0.0665224 -0.139204 180 -0.00791811 -0.0355401 10.5785 23.4848 -13 748 0 0 1
0.166799 -0.0509021 180 0.00485472 -0.0296822 11.1454 30.3414 -13 751 0 0 1
0.110526 0.0711303 180 0.0237045 -0.0254282 5.4897 23.9234 -13 756 0 0 1
0.170385 0.0203102 180 0.0522971 -0.0197216 13.8761 33.4101 -13 762 0 0 1
0.0422088 0.0805967 180 0.0167138 -0.00690777 14.3426 7.25263 -13 772 0 0 1
-0.332751 0.206329 180 0.047913 0.0401502 3.9772 19.4351 -13 775 0 0 1
0.126351 0.0852416 180 -0.00785622 -0.0257472 7.00834 26.2049 -13 783 0 0 1
-0.759689 -0.333593 180 -0.129101 0.0409074 5.0388 37.5539 -13 791 0 0 1
0.172772 -0.131511 180 -0.0022185 -0.0440199 9.4006 36.6332 -13 799 0 0 1
0.246597 0.096309 180 0.0571374 -0.020949 12.5826 32.5312 -13 805 0 0 1
-0.0632044 -0.0282093 180 -0.00556278 0.00343535 14.3123 18.6707 -13 809 0 0 1
-0.136022 -0.0630601 180 -0.0182762 0.0151366 9.64066 17.9537 -13 814 0 0 1
-0.0530166 -0.203919 180 -0.0664976 0.0634163 6.1224 15.7652 -13 816 0 0 1
-0.0735169 0.0246541 180 -0.00240388 0.0141657 12.8406 22.3469 -13 838 0 0 1
-0.00913938 0.0289203 180 0.00447664 0.0260627 9.88131 28.5863 -13 840 0 0 1
0.042695 -0.0924849 180 -0.0113055 -0.0226656 10.2361 33.0161 -13 858 0 0 1
-0.0270431 -0.0415523 180 0.0365678 0.0247313 5.98991 32.2724 -13 862 0 0 1
0.307275 0.541534 180 -0.0102498 0.0507661 0.629333 207.667 -13 867 0 0 1
-0.15115 0.0101226 180 0.00825473 0.0287905 8.37886 18.3422 -13 868 0 0 1
-0.0545049 -0.00491019 180 -0.00809034 0.0172029 11.8827 28.7395 -13 963 0 0 1
-0.0854969 0.0909383 180 0.0174401 0.00470216 10.4998 33.2299 -13 964 0 0 1
-0.0352762 0.108411 180 0.0141593 -0.0131638 11.3466 21.7409 -13 965 0 0 1
-0.207368 -0.0703857 180 0.00302935 0.0413583 9.42551 15.3263 -13 966 0 0 1
0.252861 -0.0318729 180 -0.00283013 -0.0579941 3.13217 28.9327 -13 968 0 0 1
