#BLTrackFile NTuple/Z240
#x y z Px Py Pz t PDGid EventID TrackID ParentID Weight
#mm mm mm MeV/c MeV/c MeV/c ns - - - - -
0.00105852 0.118073 240 0.00322078 0.0121245 11.5235 26.5436 -13 1 0 0 1
0.0670574 -0.0838886 240 -0.0196735 -0.024874 12.5811 29.3698 -13 2 0 0 1
0.0210353 0.0201091 240 -0.0148568 0.0133658 9.95549 11.1479 -13 3 0 0 1
0.0468708 0.0418021 240 0.0188325 -0.0769458 11.1533 11.9256 -13 4 0 0 1
-0.0345375 0.0238474 240 0.030803 -0.0119902 6.9256 19.6657 -13 5 0 0 1
0.0732296 -0.2511 240 -0.0303331 -0.0188074 7.67913 33.2834 -13 6 0 0 1
0.114427 -0.0419687 240 -0.0180856 -0.0174292 12.0515 20.6412 -13 7 0 0 1
0.104783 -0.00608162 240 -0.0137591 -0.0138406 3.97499 27.4301 -13 13 0 0 1
0.142107 -0.136767 240 -0.0292427 -0.0520934 10.5384 10.0136 -13 22 0 0 1
0.0939606 0.00353054 240 0.00290122 -0.00606518 11.5852 35.3263 -13 28 0 0 1
0.0453424 0.0635556 240 0.0157255 -0.00961761 9.80264 36.3643 -13 57 0 0 1
-0.0772195 0.0255473 240 -0.00207971 0.0228959 14.0266 34.5664 -13 63 0 0 1
0.0580199 -0.0949504 240 -0.0326372 -0.0118207 11.5386 20.1837 -13 67 0 0 1
0.118277 -0.252513 240 -0.0676831 -0.00067775 6.14115 35.6988 -13 73 0 0 1
0.0349984 -0.0822912 240 -0.0196646 -0.030657 10.3079 36.4315 -13 80 0 0 1
0.273872 -0.000675693 240 0.000474981 -0.00100729 8.53731 18.7088 -13 88 0 0 1
-0.142391 0.0487714 240 -0.0168125 0.0613587 8.83768 16.7326 -13 105 0 0 1
-0.1107 0.160775 240 0.0662144 0.0126251 5.90895 19.8794 -13 118 0 0 1
-0.00803489 0.0349023 240 0.0115737 -0.0218082 7.54222 25.6403 -13 120 0 0 1
0.0377912 -0.113678 240 -0.0176539 -0.0171466 9.07142 16.2395 -13 122 0 0 1
0.0256635 -0.0788389 240 -0.00237178 -0.0020599 11.7388 32.6774 -13 126 0 0 1
-0.081024 -0.0392787 240 -0.00101165 0.0356873 9.2074 17.8927 -13 131 0 0 1
-0.263958 -0.0391637 240 -0.00789596 0.0460042 12.9841 18.8234 -13 136 0 0 1
-0.0713339 -0.0649253 240 -0.0016381 -0.00749637 13.7611 18.2631 -13 142 0 0 1
0.160277 -0.148153 240 0.0266978 -0.0145485 7.05201 21.0436 -13 149 0 0 1
-0.167967 0.0628328 240 -0.00122466 0.0517831 13.2374 16.0568 -13 157 0 0 1
-0.060512 -0.0593128 240 -0.00614775 0.0146249 14.3408 29.2627 -13 159 0 0 1
0.165274 -0.248912 240 -0.0310816 -0.0377037 12.3481 31.9627 -13 165 0 0 1
-0.0145576 0.0188626 240 -0.00144101 -0.0142948 14.5181 28.2946 -13 171 0 0 1
0.0904969 -0.0136167 240 -0.0308733 -0.0619277 3.74068 29.3859 -13 177 0 0 1
-0.0521356 -0.0129958 240 -0.0256872 -0.0030591 9.27193 27.096 -13 182 0 0 1
-0.146673 -0.150505 240 -0.00487179 0.0318169 10.8816 30.1732 -13 195 0 0 1
0.0268265 0.0363345 240 -0.00821836 0.00139738 12.3344 11.845 -13 198 0 0 1
-0.0783566 0.00969946 240 -0.00014018 -0.00148718 13.5123 19.9731 -13 228 0 0 1
-0.000478632 0.0401728 240 0.0107363 -0.00964389 10.971 36.0575 -13 233 0 0 1
0.0215876 0.0108235 240 0.00112063 -0.00688982 9.52461 14.3668 -13 238 0 0 1
0.160879 0.0363931 240 0.0339005 -0.00702388 13.8068 34.378 -13 243 0 0 1
-0.0492535 0.0246709 240 -0.00499846 0.00855813 11.8479 35.0104 -13 248 0 0 1
-0.0432189 -0.123765 240 -0.036827 -0.00891227 12.9877 14.503 -13 252 0 0 1
-0.156557 -0.0721818 240 -0.0173394 0.020482 14.2199 30.077 -13 260 0 0 1
-0.406834 0.322179 240 0.127185 0.0288966 3.58336 47.0212 -13 264 0 0 1
-0.0636061 -0.125802 240 0.0090042 -0.00794949 3.56007 52.6206 -13 270 0 0 1
0.111838 -0.0490755 240 -0.00458996 -0.0115224 11.5388 13.4841 -13 276 0 0 1
-0.556594 -0.120795 240 -0.0842037 0.0553516 9.55681 32.602 -13 282 0 0 1
0.0581658 0.0419477 240 0.0177695 -0.0378818 9.12949 18.347 -13 290 0 0 1
0.192418 0.0643217 240 0.0124945 -0.0408282 13.8226 36.0751 -13 294 0 0 1
-0.0542668 0.0210571 240 0.00619976 0.0120564 12.1951 20.1209 -13 299 0 0 1
0.0102373 0.10758 240 0.0345564 -0.0253362 7.75318 28.6056 -13 304 0 0 1
0.277634 0.130359 240 0.0102119 -0.0730726 9.5913 29.4288 -13 309 0 0 1
0.128767 0.0925687 240 -0.0162284 -0.0232409 13.0537 8.80822 -13 313 0 0 1
-0.301266 -0.0794982 240 0.00536753 0.000816882 0.760094 250.83 -13 319 0 0 1
0.0378848 0.273284 240 0.0078417 -0.0135426 9.97815 14.5617 -13 321 0 0 1
0.0448251 -0.111054 240 -0.0417457 -0.0467333 5.05533 23.0741 -13 374 0 0 1
0.147602 0.21352 240 0.0411238 -0.0125726 13.3755 28.7766 -13 375 0 0 1
0.0260346 -0.22476 240 -0.0862433 0.022851 6.62288 26.115 -13 376 0 0 1
-0.145441 -0.0405347 240 0.0164572 0.0264519 10.5336 18.6484 -13 377 0 0 1
0.285084 0.175601 240 0.104952 -0.0312445 1.69517 41.7056 -13 378 0 0 1
-0.171062 -0.0672679 240 0.0196365 0.00857661 7.48083 14.9456 -13 379 0 0 1
0.245403 -0.0421973 240 0.00145757 -0.0389747 14.4532 21.5709 -13 972 0 0 1
-0.0196417 -0.0183218 240 0.000420906 0.0117015 13.7704 35.2233 -13 973 0 0 1
0.0801784 -0.032682 240 0.000695886 -0.0176639 14.565 26.1144 -13 974 0 0 1
-0.0901698 -0.0820617 240 -0.0268024 0.00811145 10.2953 28.7277 -13 975 0 0 1
-0.160775 0.0419791 240 -0.0119214 0.058601 6.75819 19.3887 -13 976 0 0 1
0.0918588 0.111125 240 -0.0289842 0.160067 0.502421 247.089 -13 977 0 0 1
-0.271237 -0.0548805 240 -0.0133699 0.0381943 9.00629 27.2084 -13 978 0 0 1
0.00234872 0.00488227 240 0.00845498 -0.00861757 13.7278 25.3822 -13 979 0 0 1
0.0517492 0.164646 240 0.0440932 -0.028067 12.0908 11.351 -13 980 0 0 1
0.0111135 -0.0954346 240 0.000253484 0.0163202 9.70201 10.0767 -13 981 0 0 1
0.0375543 -0.0542562 240 -0.0235872 -0.022097 13.628 19.5389 -13 982 0 0 1
-0.549724 1.15367 240 0.126587 0.092281 5.73594 38.9592 -13 983 0 0 1
0.0308193 -0.0587632 240 -0.0111835 0.00381997 10.1054 11.5403 -13 984 0 0 1
-0.0280981 0.0501811 240 -0.00563897 0.00251029 11.2701 23.3992 -13 985 0 0 1
-0.0325138 0.0356268 240 -0.0194599 0.0145362 8.41412 29.3566 -13 986 0 0 1
0.00461499 0.0459191 240 0.00223819 0.00390792 14.244 31.0795 -13 987 0 0 1
0.172827 -0.0554324 240 -0.0389084 -0.0168645 6.68344 35.0308 -13 988 0 0 1
0.0439301 0.186917 240 -0.00929979 0.0337092 3.00149 45.0999 -13 989 0 0 1
0.106473 0.200546 240 0.0414354 -0.0215145 14.4655 14.5727 -13 990 0 0 1
-0.22474 0.118713 240 0.0198965 0.0480761 10.8821 28.4016 -13 991 0 0 1
-0.0178035 0.181882 240 -0.00145676 0.0229306 13.0905 32.4469 -13 992 0 0 1
-0.0415548 -0.12001 240 -0.0120965 0.00822182 11.2861 37.0433 -13 993 0 0 1
-0.083705 -0.0394883 240 0.00542959 0.015533 12.835 31.7957 -13 994 0 0 1
0.00604809 0.179454 240 0.0105294 0.00701285 13.9145 18.5393 -13 995 0 0 1
-0.0453241 -0.0275183 240 -0.0210522 -0.0115582 13.0478 32.274 -13 996 0 0 1
0.0755471 -0.0570998 240 -0.00279694 -0.00529458 14.5234 15.1287 -13 997 0 0 1
-0.00659902 0.0396215 240 0.0175457 -0.000869052 10.2692 33.9321 -13 998 0 0 1
-0.148869 -0.000196764 240 -0.0023346 0.00630278 7.40694 16.9383 -13 999 0 0 1
0.0149423 0.0523109 240 0.0133386 0.0201961 8.47258 32.297 -13 1000 0 0 1
-0.0893907 -0.0903026 240 -0.0207116 0.00109234 14.0193 11.65 -13 99 0 0 1
-0.0671324 0.0347282 240 0.0120483 0.0095871 12.9986 22.1931 -13 124 0 0 1
-0.0658108 -0.405897 240 -0.0925042 -0.000373057 7.26154 30.8686 -13 134 0 0 1
-0.0529125 -0.0149533 240 -0.0348749 0.02804 9.86672 34.321 -13 145 0 0 1
-0.0484776 0.0612989 240 0.0112855 0.00212019 13.7049 30.2934 -13 153 0 0 1
0.00740171 -0.0121022 240 -0.00415884 -0.00563393 14.113 13.3956 -13 161 0 0 1
-0.221602 -0.0493497 240 -0.00925164 0.0433855 11.3563 8.85484 -13 168 0 0 1
-0.0751619 0.0370183 240 0.012462 0.0110019 10.6821 10.9633 -13 175 0 0 1
-0.0900569 -0.00583962 240 -0.0111133 0.0165645 11.8867 36.7331 -13 186 0 0 1
-0.0440844 -0.0430664 240 0.0161631 0.0163113 14.467 27.0281 -13 203 0 0 1
-0.0566287 0.0138008 240 0.0195659 -0.00105088 6.25183 42.9229 -13 224 0 0 1
-0.00671889 0.0897989 240 0.0374793 -0.0206336 6.36175 32.747 -13 232 0 0 1
-0.0804848 0.145122 240 0.00973229 0.0126724 8.41526 25.536 -13 237 0 0 1
0.161814 0.145826 240 0.0311943 -0.0341191 12.0686 15.0613 -13 255 0 0 1
-0.062825 -0.0290973 240 -0.0063782 0.0491028 10.8941 36.375 -13 287 0 0 1
-0.161519 0.0141988 240 0.0100959 0.0321445 9.73269 24.5954 -13 306 0 0 1
-0.028153 -0.252156 240 -0.0695834 0.0329642 2.86427 36.496 -13 317 0 0 1
0.0638697 0.254878 240 0.0505826 0.0015808 11.4606 34.6838 -13 325 0 0 1
-0.0889526 0.112085 240 0.0242082 0.0105085 9.85688 15.7534 -13 414 0 0 1
0.00604825 -0.63783 240 -0.116309 -0.00334793 7.69767 25.4115 -13 419 0 0 1
-0.103444 -0.367506 240 -0.0220468 0.00337148 7.11607 16.4638 -13 422 0 0 1
-0.053435 -0.0980286 240 -0.0409714 0.027586 7.07738 20.7704 -13 428 0 0 1
-0.04315 -0.299152 240 -0.0389485 0.0112981 7.87783 24.3805 -13 429 0 0 1
0.114426 0.0177454 240 0.0267998 -0.00889565 11.2722 14.8133 -13 436 0 0 1
-0.0342957 -0.0969122 240 -0.0087394 0.0188592 10.7112 19.7405 -13 437 0 0 1
-0.00906254 -0.145645 240 -0.0207619 0.0150535 11.9528 36.1372 -13 439 0 0 1
0.0143511 -0.277348 240 -0.00569401 0.000361725 4.27574 22.6824 -13 442 0 0 1
-0.0389832 0.0356906 240 0.0119566 0.0134545 13.4119 33.5618 -13 446 0 0 1
0.150775 0.297982 240 0.0243293 -0.0280693 8.21546 15.5709 -13 449 0 0 1
-0.425591 0.130479 240 -0.180455 -0.000952764 2.16372 39.2323 -13 455 0 0 1
0.0568847 -0.0139207 240 -0.0216645 0.0240582 13.6919 32.8794 -13 462 0 0 1
-0.152982 0.13089 240 -0.0590766 0.0654123 1.92846 37.8703 -13 600 0 0 1
-0.0541005 0.0680092 240 0.00976849 -0.014761 12.5605 25.181 -13 601 0 0 1
-0.00574141 0.0401893 240 0.00249046 0.00495837 11.8249 11.3458 -13 12 0 0 1
-0.0498978 0.0241916 240 -0.00682595 0.00592041 8.46476 13.0574 -13 16 0 0 1
0.00739678 -0.00858889 240 0.00391768 0.000978974 13.7004 28.007 -13 34 0 0 1
0.0297547 0.109999 240 0.00984071 -0.0111892 10.8824 32.7809 -13 45 0 0 1
0.0251588 0.0537333 240 0.00445572 -0.00957309 13.275 13.1419 -13 49 0 0 1
0.124455 -0.106224 240 -0.0135049 -0.0163341 14.1286 15.2957 -13 56 0 0 1
-0.019105 -0.0660533 240 -0.00126588 -0.00610165 11.1804 13.1259 -13 70 0 0 1
-0.179403 0.207565 240 -0.0464413 -0.0202945 8.24213 36.7168 -13 77 0 0 1
0.0703275 -0.0572347 240 0.0288879 -0.0178918 9.9817 19.7543 -13 89 0 0 1
0.121387 -0.0222385 240 -0.0467608 0.0113238 2.83013 35.1934 -13 96 0 0 1
-0.0568986 -0.15718 240 -0.0274982 0.029072 14.1502 31.4821 -13 140 0 0 1
-0.12986 0.174484 240 0.023733 0.0166881 11.9034 34.1403 -13 452 0 0 1
-0.115767 0.0569891 240 -0.0330753 0.0391674 12.9668 34.8837 -13 453 0 0 1
-0.0295943 -0.0738389 240 -0.0117892 0.0236438 14.0167 10.4256 -13 456 0 0 1
-0.0808418 0.0154659 240 -0.0023235 0.00376153 9.46869 11.1413 -13 457 0 0 1
0.0526452 0.0926185 240 0.0189275 0.0326818 8.01251 19.8917 -13 459 0 0 1
0.0271337 -0.18815 240 -0.0367485 -0.00544154 13.4685 32.7862 -13 461 0 0 1
0.0822972 0.339619 240 0.0970214 -0.0624162 1.8753 43.4611 -13 471 0 0 1
0.115139 0.124981 240 0.0389118 -0.0215361 9.01508 24.453 -13 481 0 0 1
0.0465201 -0.3987 240 -0.0293081 -0.0639117 5.17355 21.1215 -13 46 0 0 1
-0.0263832 0.0553784 240 -0.0124636 -0.0383298 5.53342 29.3652 -13 69 0 0 1
-0.0397254 -0.152807 240 -0.0492032 -0.00582336 12.4913 32.6947 -13 76 0 0 1
-0.223512 -0.0671988 240 -0.0432112 0.0263827 13.5808 10.4339 -13 85 0 0 1
-0.163356 -0.11337 240 -0.0349779 0.0294841 7.72726 37.1658 -13 93 0 0 1
0.0840769 0.385257 240 0.0483708 0.0237409 4.86105 33.6832 -13 101 0 0 1
-0.0934158 0.0577336 240 -0.0227407 0.00340162 9.61622 22.184 -13 104 0 0 1
0.0118828 -0.178476 240 -0.00693453 0.0393168 5.54243 18.6107 -13 110 0 0 1
0.00149417 -0.00535486 240 -0.0043786 0.00958887 11.9685 17.7238 -13 113 0 0 1
-0.0752321 0.0837239 240 0.0876822 -0.0508631 9.24153 20.2457 -13 146 0 0 1
-0.00423075 0.0841444 240 0.0361986 0.00578026 12.2948 12.0815 -13 184 0 0 1
0.0148261 0.0318464 240 0.0282299 0.00193688 12.0253 28.3947 -13 202 0 0 1
0.59215 0.522793 240 0.101779 -0.178238 2.27043 53.4638 -13 208 0 0 1
-0.0154488 0.139842 240 0.0160451 0.0153765 9.81214 27.2843 -13 214 0 0 1
-0.0106125 0.109357 240 0.00028876 0.0192975 14.5226 24.0448 -13 371 0 0 1
0.112028 -0.0199361 240 -0.0150724 0.018952 2.66007 57.9115 -13 372 0 0 1
0.0613637 -0.0511137 240 0.00600342 -0.0031236 14.2085 15.5896 -13 373 0 0 1
-0.065319 0.107862 240 0.0185975 0.00612608 14.4398 24.2133 -13 387 0 0 1
-0.0320885 -0.0137091 240 -0.0205572 0.00322234 9.40852 33.2492 -13 388 0 0 1
0.288711 -0.192253 240 -0.0175332 -0.0647052 13.5008 25.4002 -13 389 0 0 1
0.0519589 -0.121824 240 -0.00551876 0.00584964 10.3271 17.9763 -13 390 0 0 1
-0.0172991 -0.0134868 240 0.0151554 -0.0210994 8.72557 38.4979 -13 391 0 0 1
-0.163386 0.0205014 240 -0.0512999 0.0037906 8.19084 38.2007 -13 392 0 0 1
0.689647 0.0278051 240 -0.0206632 -0.139431 4.15177 23.9715 -13 393 0 0 1
0.175782 0.0606771 240 -0.00639077 -0.0247491 4.0708 30.8654 -13 394 0 0 1
0.129699 0.118876 240 0.0215114 -0.0270362 14.1121 15.4682 -13 395 0 0 1
0.404147 -0.231098 240 0.0162859 -0.131304 7.11284 28.6017 -13 396 0 0 1
0.0789572 0.0730459 240 0.0142104 -0.0153301 14.5332 13.7936 -13 397 0 0 1
0.52438 0.135754 240 -0.0792776 -0.107875 13.3094 14.2665 -13 398 0 0 1
-0.165141 -0.00423521 240 0.0168094 0.0546436 11.6614 19.2479 -13 400 0 0 1
0.0650466 0.185813 240 0.0426959 0.0326749 7.37342 13.6321 -13 402 0 0 1
0.0811349 0.0515491 240 0.0298772 -0.0101881 14.3952 14.8591 -13 404 0 0 1
-0.0193525 0.147546 240 0.0456488 -0.0180276 7.11478 27.6433 -13 406 0 0 1
0.0653582 0.0331743 240 0.00816099 -0.0119445 10.9374 29.8173 -13 408 0 0 1
-0.0860084 -0.232951 240 -0.0381207 -0.000454328 12.215 11.0275 -13 409 0 0 1
-0.261095 -0.375071 240 -0.0647683 0.0290491 6.90201 17.9753 -13 411 0 0 1
-0.0458666 -0.00201036 240 0.0256817 0.0406963 7.33007 16.8686 -13 412 0 0 1
-0.208964 0.166327 240 0.0522201 0.0338081 8.29174 17.9338 -13 415 0 0 1
0.191333 0.156167 240 0.0362187 -0.0609646 6.62317 19.3086 -13 417 0 0 1
0.113249 -0.111057 240 -0.0151545 -0.0286774 13.2136 11.7686 -13 421 0 0 1
-0.0905004 0.12922 240 0.00714957 -0.00544563 9.34032 19.5671 -13 424 0 0 1
-0.0411102 -0.186669 240 -0.0526864 0.0360771 5.12967 41.3766 -13 426 0 0 1
-0.271746 -0.00472613 240 -0.000906849 0.03064 10.8215 34.1141 -13 427 0 0 1
0.0148376 -0.0546529 240 -0.025104 0.0504462 9.95034 19.3929 -13 430 0 0 1
-0.0346185 -0.0958555 240 0.00824098 0.00603024 10.8598 18.283 -13 431 0 0 1
-0.31657 0.267363 240 0.0494552 0.0428821 9.96005 27.1666 -13 432 0 0 1
0.00688781 -0.00666351 240 -0.00476243 -0.00793698 11.059 33.4021 -13 433 0 0 1
0.201945 -0.129662 240 -0.00499868 -0.0435144 13.7103 18.0172 -13 434 0 0 1
-0.12946 -0.199014 240 -0.0112019 0.0127794 11.3979 22.8984 -13 435 0 0 1
-0.0380748 -0.0469295 240 -0.0130445 0.00540612 11.1349 24.5246 -13 438 0 0 1
0.266932 -0.0496765 240 -0.00190469 -0.0460571 8.87757 31.051 -13 440 0 0 1
0.0365035 0.00143504 240 0.0423847 -0.0448709 11.3816 22.0837 -13 441 0 0 1
0.169575 -0.0870659 240 -0.01728 0.00814122 7.65384 37.2119 -13 443 0 0 1
-0.000414828 0.137093 240 0.00771652 -0.00793937 11.3981 18.7499 -13 444 0 0 1
0.000452584 -0.158922 240 -0.0118193 0.0135547 8.03773 36.8657 -13 445 0 0 1
0.0413254 0.161313 240 -0.00110014 0.0114439 11.591 19.9204 -13 447 0 0 1
-0.351114 -0.0786525 240 -0.0307426 0.0532033 9.85038 12.7376 -13 448 0 0 1
-0.0738452 0.107375 240 0.0212399 0.0033493 12.3768 36.5994 -13 450 0 0 1
0.0717892 0.16672 240 -0.00918335 0.00235903 7.89794 31.8242 -13 451 0 0 1
0.0825832 -0.00734745 240 0.000213173 -0.00900867 9.57021 18.6921 -13 454 0 0 1
0.0137046 0.230418 240 0.0222928 0.0216194 7.72557 23.7639 -13 463 0 0 1
0.127712 0.227216 240 0.0599937 -0.00390143 7.34674 13.7943 -13 466 0 0 1
-0.00668256 -0.0654513 240 -0.0105547 0.00441037 8.85717 20.642 -13 468 0 0 1
0.165457 -0.0768295 240 -0.00247399 -0.0343864 10.0733 29.3597 -13 472 0 0 1
0.155899 -0.109967 240 0.0344708 -0.00660613 5.48806 17.9274 -13 473 0 0 1
0.145541 0.00772682 240 0.0211207 -0.0308127 7.86791 12.4764 -13 476 0 0 1
-0.00538739 -0.0430587 240 -0.0601782 -0.030204 9.72672 12.2419 -13 478 0 0 1
-0.131752 0.0323014 240 0.0140115 -0.0241415 5.44869 18.9289 -13 479 0 0 1
-0.0447779 0.120417 240 0.106008 -0.0346657 6.60013 42.575 -13 482 0 0 1
0.0263917 -0.0757742 240 -0.0234771 -0.0203784 7.52204 26.0155 -13 484 0 0 1
-0.151453 -0.116292 240 -0.0211121 0.023842 7.35966 19.9244 -13 486 0 0 1
-0.0564626 -0.0959088 240 -0.0148927 0.0216323 13.0276 25.2399 -13 487 0 0 1
0.152101 -0.0137688 240 0.00647713 -0.0146531 11.9074 23.4315 -13 499 0 0 1
-0.00792141 0.0953417 240 0.0200064 0.00545634 12.6753 20.5903 -13 500 0 0 1
0.0351496 -0.0228855 240 0.00893091 -0.0192312 10.9048 18.612 -13 501 0 0 1
0.0207136 0.0889703 240 0.0236496 0.00572178 14.4393 11.6623 -13 502 0 0 1
-0.0389332 -0.276145 240 -0.0274015 0.00135042 3.81911 39.2511 -13 505 0 0 1
0.140339 -0.0422344 240 -0.00485781 -0.0114513 12.4678 19.2204 -13 507 0 0 1
0.115986 -0.289821 240 -0.0537073 -0.0176626 12.9015 25.0901 -13 512 0 0 1
-0.0992268 -0.210931 240 -0.0437507 0.0226485 4.09774 29.9555 -13 516 0 0 1
0.0347484 0.0401433 240 0.00283757 -0.00623808 12.3858 12.5394 -13 518 0 0 1
0.144642 -0.0367137 240 0.0193301 -0.0334222 12.9588 18.6102 -13 522 0 0 1
-0.139607 -0.229567 240 -0.0193259 -0.0325367 4.01252 47.142 -13 524 0 0 1
-0.784964 0.721965 240 -0.0933634 0.428393 3.3978 52.9043 -13 527 0 0 1
0.0926125 -0.0816067 240 -0.0160945 -0.0285113 12.4967 23.4306 -13 528 0 0 1
0.0642866 -0.092528 240 0.00115185 -0.0192826 11.2827 30.9695 -13 529 0 0 1
0.00267878 0.316269 240 0.047815 0.0544441 9.08482 32.9336 -13 533 0 0 1
-0.0246432 0.00690703 240 -0.007031 -0.00593578 9.17663 33.1651 -13 534 0 0 1
0.0150842 0.0559393 240 -0.0100941 0.019277 9.85057 11.8751 -13 535 0 0 1
0.563934 -0.245192 240 -0.0461348 -0.0797053 13.0495 16.222 -13 536 0 0 1
-0.216117 -0.113727 240 -0.0328533 -0.00259408 4.56302 33.3117 -13 537 0 0 1
0.0607545 0.00568731 240 0.00179762 0.000264548 14.4818 24.63 -13 538 0 0 1
-0.0114365 -0.0291664 240 -0.00011625 0.00863096 11.3447 13.7881 -13 539 0 0 1
-0.028734 0.0644615 240 -0.0205743 -0.0238118 7.40337 33.7873 -13 541 0 0 1
0.0243646 0.149475 240 0.021394 -0.0163386 13.7421 34.6104 -13 544 0 0 1
-0.052179 0.300157 240 0.0747638 0.0516334 4.95959 43.4291 -13 545 0 0 1
0.35556 0.169421 240 0.0179087 -0.0634528 6.64246 32.9348 -13 546 0 0 1
0.0546682 0.0681085 240 0.00754171 -0.00452857 9.87509 28.2249 -13 548 0 0 1
-0.00978935 -0.170357 240 -0.0352016 -0.00250561 8.62234 26.9161 -13 550 0 0 1
-0.219051 0.115012 240 0.0520278 0.0315366 7.92585 22.9433 -13 553 0 0 1
-0.0354756 0.0779484 240 0.0211089 0.00670835 6.20539 34.9765 -13 556 0 0 1
0.0102495 0.0225405 240 0.0136846 -0.0358891 10.9483 36.4766 -13 559 0 0 1
0.434518 0.147642 240 0.0294293 -0.118352 11.0612 11.8088 -13 562 0 0 1
-0.164017 0.135067 240 0.0177987 0.0233494 12.1206 22.833 -13 563 0 0 1
-0.012067 -0.0903035 240 -0.0382884 -0.00187292 10.5831 36.7054 -13 564 0 0 1
0.134438 -0.0693051 240 -0.00118033 0.00377455 14.232 11.8443 -13 565 0 0 1
0.00691261 -0.0742631 240 -0.0092453 0.00578465 10.6023 20.0817 -13 567 0 0 1
0.00992759 0.0637481 240 0.0187571 -0.0166702 13.5507 17.9387 -13 569 0 0 1
0.16641 -0.390474 240 -0.0861407 -0.0392768 11.1069 33.8637 -13 570 0 0 1
-0.0584386 0.0218574 240 -0.00424429 -0.0188072 9.91709 21.3575 -13 572 0 0 1
-0.31558 0.0571343 240 0.0168744 0.00116035 6.59107 26.1881 -13 573 0 0 1
0.0651345 -0.0784511 240 -0.00903334 0.0136439 13.7439 15.3743 -13 574 0 0 1
0.284125 -0.0724382 240 0.00658206 -0.023599 10.6137 27.522 -13 576 0 0 1
0.0265649 -0.0290287 240 -0.0197747 -0.00960981 13.4082 9.45875 -13 577 0 0 1
0.0829115 -0.0731149 240 -0.0237842 -0.0279248 8.4284 21.8066 -13 578 0 0 1
0.0506513 0.0338884 240 0.0177255 0.00961149 13.9773 22.5995 -13 579 0 0 1
-0.0868427 -0.00046059 240 -0.0205671 0.0248949 12.7439 14.9533 -13 580 0 0 1
-0.0214639 -0.0150939 240 -0.0146574 0.00971882 11.1041 36.0811 -13 581 0 0 1
0.18455 0.0261321 240 -0.0595761 0.0215883 8.93084 22.3697 -13 582 0 0 1
0.130244 0.0537743 240 0.0507145 -0.0502572 7.63569 18.5074 -13 583 0 0 1
-0.1062 -0.0216115 240 -0.0214523 0.0155593 9.39447 34.3762 -13 586 0 0 1
0.0539582 0.0796904 240 -0.0112619 0.0136815 13.7689 25.995 -13 587 0 0 1
-0.0263796 0.0714068 240 0.0230545 0.0654179 9.60079 18.9693 -13 588 0 0 1
0.00388609 0.00464657 240 0.00594862 -0.00387663 13.2781 19.1539 -13 589 0 0 1
-0.852098 0.285027 240 -0.0015058 0.0796299 0.985973 57.9986 -13 590 0 0 1
-0.0195098 0.0316621 240 0.0294534 0.00942467 9.17772 21.5745 -13 591 0 0 1
0.0166939 -0.213694 240 -0.0503884 -0.0353356 11.9786 29.778 -13 329 0 0 1
-0.00347572 -0.076137 240 -0.0195696 0.011355 4.96844 23.4936 -13 332 0 0 1
0.0249465 0.089895 240 0.00657172 -0.00233754 12.4636 34.8489 -13 341 0 0 1
-0.0795411 0.0651463 240 0.0032172 -0.000256005 13.4641 21.9105 -13 346 0 0 1
-0.21497 -0.150107 240 -0.0362244 0.0272461 13.7954 32.9975 -13 348 0 0 1
0.0582556 -0.191172 240 -0.0274247 -0.0375037 7.18813 26.4932 -13 349 0 0 1
0.084081 0.123786 240 0.0365666 -0.0338441 7.82751 34.5561 -13 350 0 0 1
0.130516 0.000368829 240 0.00313207 -0.0539303 4.68955 26.5373 -13 351 0 0 1
-0.177713 0.432909 240 -0.0238331 0.0890289 4.39793 31.5835 -13 352 0 0 1
0.040506 0.479127 240 0.0778629 -0.038471 3.57648 42.525 -13 355 0 0 1
-0.0176824 -0.0685045 240 0.0284708 0.0268622 9.79493 36.9864 -13 356 0 0 1
-0.0704652 -0.0851323 240 0.00725931 -0.0167961 10.6881 35.7495 -13 357 0 0 1
0.0577624 -0.146246 240 -0.0173386 -0.00352642 10.9623 25.7077 -13 358 0 0 1
-0.0745529 -0.0132669 240 0.0166735 0.0146785 11.8024 13.887 -13 359 0 0 1
-0.0584288 0.0134674 240 -0.00779671 0.0171931 13.5176 28.3177 -13 360 0 0 1
0.442164 0.176568 240 0.0497168 -0.0616516 4.07561 27.0168 -13 361 0 0 1
0.00981601 0.0151469 240 -0.0335502 -0.0547681 8.77354 11.0943 -13 362 0 0 1
0.0773215 -0.0914409 240 -0.00454332 -0.00707538 12.2225 35.8769 -13 363 0 0 1
0.0489893 -0.157588 240 -0.0243685 -0.0015925 14.4563 11.1248 -13 364 0 0 1
-0.142068 -0.0213055 240 -0.0227396 0.0476038 11.8532 12.4105 -13 365 0 0 1
-0.0465566 0.0281159 240 0.000801759 -0.0102472 7.93437 12.1499 -13 366 0 0 1
-0.0743976 0.0739345 240 0.00897653 0.0233959 11.7177 32.3232 -13 367 0 0 1
-0.29085 0.0850343 240 0.111443 0.0698644 6.113 33.6723 -13 368 0 0 1
0.109639 -0.444257 240 -0.0218419 -0.00489959 2.02779 56.7482 -13 369 0 0 1
0.401837 -0.246706 240 -0.0291197 -0.0996074 6.50207 17.4031 -13 370 0 0 1
0.00112805 -0.0195037 240 -0.0179496 0.00529962 11.6156 34.534 -13 458 0 0 1
-0.080574 0.402454 240 0.0788903 0.0699619 4.09293 48.7163 -13 464 0 0 1
-0.0810472 0.327337 240 0.0513556 -0.0272078 6.53277 16.2589 -13 470 0 0 1
0.241668 -0.222222 240 -0.00414308 -0.0363407 10.6813 25.6628 -13 480 0 0 1
0.00761919 0.0485325 240 0.0139074 0.0132889 11.3781 11.6727 -13 485 0 0 1
-0.0695577 -0.107352 240 -0.0192981 0.0693736 4.05941 25.5664 -13 490 0 0 1
-0.0366595 -0.109035 240 -0.0281957 -0.00476904 13.9396 10.8612 -13 492 0 0 1
0.0463798 0.00919924 240 0.0154176 0.00394926 14.4546 7.82668 -13 495 0 0 1
-0.0510395 0.0478632 240 0.0274111 0.00329839 11.2031 25.0984 -13 504 0 0 1
0.00389539 -0.103563 240 -0.0359124 0.0139464 11.4449 33.5346 -13 508 0 0 1
0.144427 -0.0873504 240 -0.0261313 -0.016335 8.26539 31.4136 -13 509 0 0 1
0.138136 -0.0380213 240 -0.0275104 -0.0319671 10.2512 32.6277 -13 515 0 0 1
-0.0605614 -0.0756304 240 -0.0136027 0.0137063 11.6749 26.6127 -13 519 0 0 1
-nan -nan -nan -nan -nan -nan -nan -13 521 0 0 1
0.40615 -0.394548 240 -0.0598971 -0.0787306 9.72911 16.4853 -13 525 0 0 1
-0.126967 -0.244409 240 -0.0494911 0.00670201 5.32419 35.4825 -13 15 0 0 1
-0.0758196 -0.00298191 240 -0.0100167 -0.019639 8.32296 17.727 -13 58 0 0 1
-0.0979366 0.105793 240 0.0306077 0.0336485 6.71824 21.6831 -13 90 0 0 1
-0.56755 -0.841081 240 -0.072215 0.142694 1.35432 55.6652 -13 102 0 0 1
-0.0355086 -0.0311055 240 -0.00710702 0.00792653 13.7753 24.2803 -13 107 0 0 1
0.147812 0.0709328 240 -0.0675288 0.0270598 0.600413 71.926 -13 353 0 0 1
0.0313486 -0.129586 240 -0.019356 -0.00553859 10.8709 35.565 -13 354 0 0 1
-1.38663 -0.0766483 240 -0.00744886 -0.0321176 1.14015 256.49 -13 385 0 0 1
0.0795198 -0.0671339 240 -0.0133454 -0.0119959 14.4645 15.5579 -13 386 0 0 1
-0.0621325 0.0820744 240 -0.00803913 0.0173379 12.6563 10.6794 -13 399 0 0 1
0.0249448 0.122975 240 0.0177003 -0.0133467 11.1878 21.3838 -13 401 0 0 1
-0.126609 -0.179007 240 -0.0324383 0.0591777 5.77303 35.177 -13 403 0 0 1
-0.00188303 -0.0426051 240 -0.00778353 0.000280288 12.8594 24.3287 -13 405 0 0 1
-0.272549 -0.0554326 240 0.0108215 0.00425396 4.79957 41.9862 -13 407 0 0 1
0.232987 0.272034 240 0.0561746 -0.0248977 7.20342 22.5063 -13 410 0 0 1
-0.0269635 0.136516 240 0.045399 -0.0025744 5.78945 16.0232 -13 413 0 0 1
-0.0971063 -0.0361933 240 -0.00186581 0.0184411 12.6568 21.1045 -13 416 0 0 1
0.0712058 -0.0391225 240 -0.0187455 -0.0202327 10.0452 35.3591 -13 418 0 0 1
-0.136498 -0.201776 240 -0.0315388 0.0211223 12.4676 17.29 -13 420 0 0 1
0.374523 0.00229364 240 -0.00237658 0.0408112 1.85864 57.9931 -13 423 0 0 1
0.200766 0.0905101 240 0.0419633 -0.0296278 5.17046 45.93 -13 425 0 0 1
0.197238 0.0188552 240 -0.00945124 -0.0412185 10.2617 14.6909 -13 503 0 0 1
-0.116761 0.124476 240 0.0553205 0.0214002 8.71958 18.3295 -13 506 0 0 1
0.00162251 0.112878 240 0.0804859 -0.02085 10.4739 11.8232 -13 511 0 0 1
0.0442255 0.133662 240 0.02746 -0.00778482 13.3499 7.67515 -13 513 0 0 1
0.0469274 0.0943296 240 0.0141262 0.00423691 8.24493 13.9624 -13 517 0 0 1
0.357408 -0.54708 240 -0.0287941 -0.0436068 11.6469 25.0445 -13 520 0 0 1
0.00829086 0.14562 240 0.0286288 0.00127575 13.5842 22.8372 -13 523 0 0 1
-0.0746746 -0.11345 240 -0.0189567 0.0143848 11.7193 27.5435 -13 526 0 0 1
-0.0110742 -0.0803638 240 -0.0162148 0.0268093 12.9548 20.8228 -13 531 0 0 1
0.125303 -0.072536 240 0.00369824 -0.04377 11.2785 33.65 -13 540 0 0 1
0.527358 0.299723 240 -0.0323325 -0.128088 12.8264 10.9199 -13 542 0 0 1
-0.0429125 0.0139719 240 0.000557655 0.0212435 10.6924 28.0401 -13 547 0 0 1
-0.155034 0.0972036 240 -0.00664509 0.0393088 9.65023 34.9563 -13 549 0 0 1
-0.0480592 2.19139e-05 240 -0.0292936 0.00735675 11.3208 18.1087 -13 552 0 0 1
0.193297 0.00193944 240 -0.00875334 -0.0563244 7.99887 38.5211 -13 555 0 0 1
0.48156 0.576582 240 0.141086 0.0229865 1.1112 260.554 -13 558 0 0 1
-0.00387521 -0.0125028 240 -0.00539422 0.00513879 13.612 7.49539 -13 560 0 0 1
0.00616205 -0.132729 240 -0.0133602 -0.00804468 10.4431 11.3031 -13 14 0 0 1
-0.0613417 -0.105064 240 -0.0461652 0.00341428 8.29614 28.1073 -13 19 0 0 1
-0.0402914 -0.0492856 240 0.00458765 0.0344922 8.95568 25.3112 -13 26 0 0 1
-0.161585 0.00131054 240 -0.00114965 0.0314994 8.51723 15.8311 -13 32 0 0 1
0.0229278 -0.0106155 240 0.0250874 -0.0141252 10.4094 36.5804 -13 37 0 0 1
0.175843 -0.0798458 240 -0.0205541 -0.02795 8.91514 13.0251 -13 41 0 0 1
-0.250011 0.0167212 240 -0.0107255 0.0395923 7.13318 29.4686 -13 59 0 0 1
-0.114675 -0.176743 240 -0.0300038 -0.0532093 9.39317 22.1667 -13 62 0 0 1
0.0524393 0.0448109 240 0.0628363 0.0240579 7.40006 24.9958 -13 66 0 0 1
0.0505622 -0.0870632 240 -0.0122328 -0.0136174 10.3811 10.0381 -13 72 0 0 1
-0.00796935 0.093752 240 0.0111118 0.00135223 12.6883 32.0195 -13 79 0 0 1
0.0431333 0.0623088 240 0.0141473 -0.0134059 9.97966 32.1874 -13 103 0 0 1
-0.0553314 -0.0192525 240 -0.000784491 0.0171699 13.5796 7.31297 -13 109 0 0 1
-0.112451 0.104193 240 -0.000560893 0.0181975 10.3231 37.8225 -13 116 0 0 1
0.196622 0.139766 240 0.0273329 -0.0595444 10.9797 27.8193 -13 119 0 0 1
0.593696 0.436054 240 0.111429 -0.0881945 7.93676 39.0074 -13 121 0 0 1
-0.0763648 -0.0967835 240 -0.0164604 0.0155894 11.4814 34.2965 -13 125 0 0 1
-0.0364888 0.0163745 240 -0.000247037 -0.00542505 13.2482 29.2172 -13 132 0 0 1
0.198695 -0.145822 240 -0.0241784 -0.0346933 13.367 11.0622 -13 135 0 0 1
0.0832968 -0.0281783 240 0.000201471 -0.0141261 13.8291 7.6742 -13 141 0 0 1
0.239527 -0.0467161 240 -0.0261015 -0.029378 14.1398 30.657 -13 152 0 0 1
-0.0241496 0.00547934 240 0.00972062 -0.00832145 9.97268 34.1631 -13 155 0 0 1
0.163062 -0.00474301 240 0.0378132 -0.0173959 7.56088 20.3966 -13 160 0 0 1
-0.00395819 -0.0217067 240 -0.0422756 -0.0588431 11.0228 36.7938 -13 166 0 0 1
0.0394468 0.023646 240 0.019463 -0.00236258 11.874 22.2421 -13 172 0 0 1
0.40442 -0.387111 240 -0.0492917 -0.0643183 5.67584 26.8329 -13 178 0 0 1
-0.133743 0.0786528 240 0.0147127 0.0229342 14.0326 11.8862 -13 183 0 0 1
0.00369813 -0.0486818 240 -0.0115591 0.00795405 12.2557 13.3864 -13 191 0 0 1
-0.0102773 0.00914102 240 -0.00200611 0.00276829 12.9436 21.3221 -13 199 0 0 1
-0.0202028 -0.388772 240 -0.0466295 -0.0118738 10.0503 27.8375 -13 226 0 0 1
0.055195 0.0460307 240 -0.00559775 0.00845452 11.9885 8.9417 -13 230 0 0 1
0.308116 -0.149394 240 -0.0586291 -0.0397552 6.37094 37.1766 -13 235 0 0 1
0.273837 -0.111432 240 -0.00920902 -0.0361921 10.5457 16.0222 -13 263 0 0 1
0.0307259 -0.126876 240 -0.0238262 -0.00241038 12.8115 30.7027 -13 265 0 0 1
-0.167385 -0.0295669 240 0.0181788 0.0524327 6.9702 31.3736 -13 291 0 0 1
0.137752 0.00678092 240 -0.0106383 -0.0256706 7.29051 35.1029 -13 295 0 0 1
-0.0317628 -0.137359 240 -0.0119554 0.01112 6.17295 19.8329 -13 318 0 0 1
-0.12227 0.0222273 240 -0.017696 0.0253067 13.8128 12.3762 -13 320 0 0 1
-0.0103224 -0.011532 240 -0.0102076 -0.0190053 12.759 12.8708 -13 322 0 0 1
-0.267154 0.0326009 240 -0.0321081 0.0470286 6.195 21.7085 -13 323 0 0 1
-0.164832 -0.00705008 240 -0.0119232 0.035342 10.7493 28.7531 -13 326 0 0 1
0.0599164 0.0342219 240 -0.0333145 0.0164397 5.68825 16.3483 -13 331 0 0 1
-0.220097 -0.116889 240 -0.0146649 -0.0140548 2.68484 58.7848 -13 343 0 0 1
0.150981 -0.0246163 240 -0.000736422 -0.0111278 9.73813 9.90311 -13 345 0 0 1
0.241968 0.168337 240 0.00758598 -0.0227709 10.7332 13.6971 -13 380 0 0 1
-0.00811526 -0.0545579 240 -0.0186975 -0.00360048 7.87666 23.9452 -13 381 0 0 1
-0.760605 0.246491 240 0.132055 0.0866648 13.4154 19.3855 -13 382 0 0 1
1.13336 -0.0834001 240 -0.0737989 -0.165432 1.24102 70.7101 -13 383 0 0 1
0.0434507 0.12177 240 0.0317208 -0.00464589 14.1255 20.9971 -13 384 0 0 1
-0.0775742 0.0430443 240 -0.0169579 0.0123685 10.5789 11.654 -13 460 0 0 1
-0.14966 -0.130138 240 -0.0308026 0.0358936 9.93459 14.6943 -13 465 0 0 1
-0.0142511 0.0988649 240 0.0169998 0.00183681 14.0856 9.81728 -13 467 0 0 1
-0.174742 -0.0531096 240 0.0381689 0.0512641 4.8173 35.0377 -13 469 0 0 1
0.0690544 -0.115108 240 -0.0114982 -0.00177076 8.26963 26.1269 -13 474 0 0 1
0.0506548 -0.0800081 240 -0.0118135 -0.00897226 11.7993 18.0842 -13 475 0 0 1
0.0539462 0.0854708 240 0.00726353 0.00265672 9.54797 25.693 -13 477 0 0 1
0.0124714 -0.0113984 240 -0.00285587 -0.00500493 14.0561 35.7226 -13 483 0 0 1
0.0315805 0.0455538 240 0.0318983 -0.0211521 5.43029 36.7721 -13 488 0 0 1
0.108567 0.017288 240 0.0096627 -0.0325459 13.8967 11.4808 -13 489 0 0 1
0.00851786 -0.165183 240 -0.0339969 -0.00886632 7.6127 36.5951 -13 491 0 0 1
-0.0683236 -0.0169902 240 -0.00182124 0.010236 12.4411 32.2217 -13 493 0 0 1
-0.0370099 0.117498 240 -0.000112408 -0.0175076 12.971 30.6565 -13 494 0 0 1
0.119014 -0.238361 240 -0.0308677 0.0213546 10.7062 15.5701 -13 496 0 0 1
0.162174 0.22066 240 0.0267721 -0.0691866 14.0616 7.67342 -13 497 0 0 1
0.0466995 0.0130389 240 0.00693688 -0.0170709 13.7021 23.1625 -13 498 0 0 1
-0.0291797 -0.0403388 240 -0.043627 0.102963 10.571 18.5855 -13 510 0 0 1
0.119301 0.310568 240 0.0573688 0.0692894 7.93651 16.9368 -13 514 0 0 1
-0.0874918 0.0165201 240 -0.0265366 0.00815733 8.33799 33.3786 -13 530 0 0 1
-0.0532459 0.0336515 240 -0.00334011 0.00705839 13.8524 35.7678 -13 532 0 0 1
0.0602688 -0.16066 240 -0.0452003 0.00617598 8.57003 23.155 -13 543 0 0 1
0.0999575 -0.0143448 240 -0.0140186 -0.0188577 10.6101 14.2811 -13 551 0 0 1
-0.0482622 0.215837 240 0.0795293 -0.00564202 5.12235 18.4414 -13 554 0 0 1
0.180848 0.0811591 240 0.0284971 -0.0293602 13.5773 13.2202 -13 557 0 0 1
-0.0802957 0.0891595 240 -0.0115603 -0.0104905 5.28903 43.1438 -13 561 0 0 1
-0.0402592 0.0766244 240 -0.0149797 -0.00896872 9.44744 21.3061 -13 566 0 0 1
0.0258867 0.0317209 240 0.0168142 0.0105654 11.8641 33.6566 -13 568 0 0 1
-0.0429281 -0.0702392 240 -0.00280453 0.00868544 12.6541 20.6376 -13 571 0 0 1
0.0816878 -0.32386 240 -0.0237202 -0.00833362 7.09822 31.0186 -13 575 0 0 1
0.187593 0.0849646 240 0.0551499 -0.0065539 13.9676 32.9786 -13 584 0 0 1
-0.228292 0.0964384 240 0.0232189 -0.000687508 11.2518 16.0639 -13 585 0 0 1
0.201773 0.0991814 240 0.00541745 -0.0423361 8.33257 23.3084 -13 592 0 0 1
0.120155 -0.0961348 240 -0.0153722 -0.0218571 5.86056 41.8977 -13 593 0 0 1
0.039185 0.264525 240 0.0330659 -0.0104871 10.7689 37.5687 -13 594 0 0 1
-0.00306961 -0.0464038 240 -0.0333513 0.0248333 10.0551 23.5483 -13 595 0 0 1
0.0437217 0.0332576 240 -0.0358862 0.000827813 8.15473 27.643 -13 596 0 0 1
0.0803274 -0.0297021 240 0.0460122 0.0175485 10.4402 20.3652 -13 597 0 0 1
-0.0848828 -0.0814308 240 0.000890796 0.0025491 5.86741 21.827 -13 599 0 0 1
-0.0958632 -0.0427067 240 -0.0271005 0.0176333 6.90353 34.5109 -13 602 0 0 1
-0.138255 -0.565085 240 -0.169368 -0.257296 9.27307 31.8901 -13 603 0 0 1
-0.0936548 -0.128467 240 0.00127704 -0.00711989 7.57996 24.545 -13 604 0 0 1
0.112529 -0.0857801 240 -0.042964 -0.0140302 4.97332 24.8831 -13 605 0 0 1
-0.014928 0.0884244 240 0.00623537 -0.00332864 12.4634 23.6821 -13 606 0 0 1
-0.0109653 -0.0223965 240 0.013891 0.0227827 11.8937 13.2474 -13 607 0 0 1
0.257774 -0.240248 240 -0.0441372 -0.0725728 12.9497 21.7691 -13 608 0 0 1
-0.0592899 -0.148554 240 -0.0159845 -0.00367278 11.8857 12.43 -13 609 0 0 1
-0.182867 0.00598222 240 -0.00865929 -0.00690948 8.83104 17.2747 -13 610 0 0 1
-0.0263515 0.0596766 240 0.000494511 -0.00308359 10.3403 13.5274 -13 611 0 0 1
-0.0235345 0.200929 240 0.0274175 0.022608 7.87903 23.0174 -13 612 0 0 1
0.115353 0.155135 240 0.0325905 -0.0206429 12.4646 21.6644 -13 613 0 0 1
0.00933876 -0.020224 240 -0.0170873 0.00339716 12.1307 9.68436 -13 614 0 0 1
-0.0443143 0.0815011 240 0.201423 0.145684 3.93372 39.2506 -13 615 0 0 1
-0.0681068 -0.0437629 240 -0.0126424 0.0134419 3.97068 46.5994 -13 616 0 0 1
-0.0399626 0.0366577 240 0.0101196 0.0140365 10.8293 25.194 -13 617 0 0 1
0.0650093 -0.0511574 240 -0.00251631 -0.00228826 8.13075 30.5697 -13 618 0 0 1
0.0333268 -0.0537226 240 -0.0391227 -0.0281854 4.88716 39.1719 -13 619 0 0 1
-0.0552809 0.133132 240 0.0203011 0.00479646 12.3693 26.8578 -13 620 0 0 1
-0.0758544 0.0598578 240 0.0305994 -0.00954645 5.23432 18.9038 -13 621 0 0 1
0.369185 -0.0745538 240 -0.116965 -0.0308239 11.1676 36.013 -13 622 0 0 1
-0.0215277 -0.0520327 240 -0.0278086 -0.00987846 9.74462 23.2876 -13 623 0 0 1
0.0146208 0.0820581 240 -0.00302603 -0.00177523 14.1805 7.62289 -13 624 0 0 1
0.2945 0.0615672 240 0.0298944 -0.0256789 9.09948 25.589 -13 625 0 0 1
0.000935115 -0.126236 240 -0.0796679 -0.0579148 6.08315 22.548 -13 626 0 0 1
0.0820536 0.0560683 240 0.0125147 -0.0293643 9.43557 27.0416 -13 627 0 0 1
0.578383 -0.258089 240 0.0242996 0.0175977 3.1408 44.1603 -13 628 0 0 1
0.128051 -0.0859558 240 -0.0101494 -0.0274375 10.4657 14.7152 -13 629 0 0 1
-0.0457871 -0.00624754 240 0.0382347 0.0232844 11.7328 35.1207 -13 630 0 0 1
-0.0623249 -0.0142197 240 0.0156855 0.0557677 8.87799 37.5837 -13 631 0 0 1
0.0278903 0.143808 240 0.0256086 -0.029654 14.0808 18.6646 -13 632 0 0 1
0.0150679 -0.0670965 240 -0.00706235 0.0104626 8.38038 18.8612 -13 633 0 0 1
0.0306906 0.0383322 240 0.0719157 -0.10216 4.88623 20.4728 -13 634 0 0 1
0.161913 0.0606812 240 0.020223 -0.0280413 8.07842 28.2042 -13 635 0 0 1
0.03887 0.102832 240 0.0168449 -0.0409932 14.1409 13.7005 -13 636 0 0 1
0.200004 0.00175298 240 -0.0123993 -0.0636755 8.00748 32.8707 -13 637 0 0 1
0.247753 0.528397 240 0.0788268 -0.0514209 12.7169 22.9421 -13 638 0 0 1
0.00798918 -0.0539075 240 -0.0149372 0.00347869 14.0083 11.9252 -13 639 0 0 1
-0.269745 -0.0572128 240 -0.0105342 0.0254178 10.9051 9.3126 -13 640 0 0 1
0.225675 0.0458025 240 0.0246012 -0.0524128 4.56905 29.0006 -13 641 0 0 1
0.134615 0.152335 240 0.0177498 -0.0435948 7.19058 35.2438 -13 642 0 0 1
0.198846 -0.170289 240 -0.0483637 -0.0215817 11.0604 8.73202 -13 643 0 0 1
-0.0356455 -0.0408876 240 -0.00631802 0.00237769 13.7401 25.0486 -13 644 0 0 1
-0.059945 0.183179 240 0.0352809 0.024853 9.74468 11.4033 -13 645 0 0 1
-0.0251427 0.0353432 240 0.0153042 -0.00848311 13.7694 23.5239 -13 646 0 0 1
-0.0270782 -0.13152 240 -0.02599 8.78667e-05 6.03636 41.4314 -13 647 0 0 1
0.13924 0.208073 240 0.0453667 -0.000271616 4.26805 33.1737 -13 648 0 0 1
0.255349 0.0762705 240 0.0183445 -0.0388537 6.35993 24.0915 -13 649 0 0 1
0.0283444 0.0595366 240 0.0139536 0.00374535 13.5394 10.7873 -13 650 0 0 1
0.031138 0.0121237 240 -0.0119162 0.0339501 10.0978 21.8024 -13 651 0 0 1
0.00480292 0.100783 240 0.0187278 0.0293583 10.5078 34.5562 -13 652 0 0 1
0.025355 -0.0340221 240 0.000848784 -0.00365031 11.9876 25.0776 -13 653 0 0 1
-0.0799544 -0.0554348 240 0.0457482 0.0249024 12.2748 19.6547 -13 654 0 0 1
0.0588937 0.0798053 240 0.0142947 0.00133894 14.3658 28.5213 -13 655 0 0 1
-0.179614 0.0613386 240 -0.0211024 0.00501593 9.59144 25.3917 -13 656 0 0 1
-0.0177122 0.020245 240 -0.0220405 0.0201163 8.02267 32.8794 -13 657 0 0 1
-0.0708722 -0.0308871 240 -0.0309689 0.0130877 5.20607 33.3319 -13 658 0 0 1
-0.105246 -0.0918635 240 -0.00878007 0.000136151 14.462 20.1135 -13 659 0 0 1
-0.0899468 0.0793505 240 0.00566962 0.0254913 11.6998 30.0623 -13 660 0 0 1
0.173581 -0.0529623 240 0.00260958 -0.0165808 10.6487 24.3758 -13 661 0 0 1
0.172378 0.163522 240 0.00038105 -0.0339113 12.137 18.7849 -13 662 0 0 1
-0.0234967 0.0472898 240 -0.00298448 0.0250247 9.54705 38.4742 -13 663 0 0 1
0.140705 0.0641171 240 -0.0103355 -0.0243447 8.22042 39.8417 -13 664 0 0 1
-0.0138226 0.0277763 240 0.0295794 -0.0224787 11.3587 9.85466 -13 665 0 0 1
-0.0287291 0.307593 240 -0.00513629 -0.0123846 11.7715 22.2228 -13 666 0 0 1
-0.0768289 0.145789 240 0.0275363 -0.0125009 13.1059 19.6888 -13 667 0 0 1
-0.0128539 -0.265174 240 -0.0421801 0.00238962 6.69391 23.4701 -13 668 0 0 1
-0.139101 0.225791 240 0.0223963 0.0372294 9.60007 27.0384 -13 669 0 0 1
-0.0127917 -0.0667517 240 -0.0192869 0.00366574 13.587 23.851 -13 670 0 0 1
0.218159 0.251305 240 0.0627622 -0.0200858 13.1537 26.5523 -13 671 0 0 1
0.147194 0.00695626 240 0.0479763 -0.000976821 1.77111 54.7572 -13 672 0 0 1
0.168038 -0.0478797 240 -0.000518446 0.00617747 4.04463 34.769 -13 673 0 0 1
-0.00100126 -0.0703332 240 -0.00979188 -0.0107715 12.5591 36.4411 -13 674 0 0 1
-0.0271436 0.164905 240 0.0222206 0.0273591 7.22029 20.173 -13 675 0 0 1
0.0307798 0.0213585 240 0.0110226 -0.0090338 12.9086 33.0254 -13 676 0 0 1
-0.0387155 0.0339394 240 0.0296773 -0.0253552 11.8433 14.3367 -13 677 0 0 1
0.0566111 0.147575 240 0.0221206 -0.0182214 9.41523 25.1393 -13 678 0 0 1
0.109855 0.0023505 240 0.0489681 -0.0203709 8.14627 23.5561 -13 679 0 0 1
-0.0263662 -0.135529 240 -0.0294924 -0.0135802 9.28286 28.121 -13 680 0 0 1
0.0612767 0.0397534 240 0.0100792 -0.0226453 14.0741 9.17494 -13 681 0 0 1
-0.0424207 0.0216027 240 0.00333766 0.0184651 13.2687 7.90067 -13 682 0 0 1
0.013834 -0.144519 240 -0.027526 0.0287307 13.0043 31.8479 -13 683 0 0 1
0.136008 0.324158 240 0.0634394 0.012333 8.60412 26.6889 -13 684 0 0 1
-0.0352554 0.00526437 240 0.0345397 -0.0215577 8.06165 18.3321 -13 685 0 0 1
-0.051011 -0.15142 240 -0.025403 0.00788624 11.6617 34.7796 -13 686 0 0 1
-0.0163283 -0.0497147 240 0.00139354 0.0332489 9.03597 16.3164 -13 687 0 0 1
0.0280008 -0.0791323 240 -0.0168609 0.0121981 12.8493 29.9345 -13 688 0 0 1
-0.056991 0.0802845 240 0.00300559 0.0212528 9.91146 31.4935 -13 689 0 0 1
0.176217 0.0779426 240 0.0377962 0.0226091 5.22498 35.897 -13 690 0 0 1
-0.0523474 -0.0640881 240 -0.0128791 0.0292739 12.3254 24.323 -13 691 0 0 1
-0.249711 -0.282857 240 -0.0704405 0.0474847 7.48884 13.4773 -13 692 0 0 1
-0.0576264 0.0725605 240 0.0134153 0.0183033 12.7814 27.862 -13 693 0 0 1
-0.159226 -0.0254369 240 0.0192678 0.0631992 3.99959 32.0118 -13 694 0 0 1
0.0210785 -0.21386 240 -0.018456 -0.0135896 7.37386 22.8378 -13 695 0 0 1
0.0762086 1.10827 240 0.12706 0.0602545 6.70068 26.6915 -13 696 0 0 1
0.011815 0.00668734 240 -0.017895 0.000591408 10.0338 27.3174 -13 697 0 0 1
0.404146 -0.0760823 240 -0.0226137 -0.0147589 8.76107 17.9435 -13 698 0 0 1
0.193425 -0.138437 240 -0.020802 -0.0247983 13.3413 30.4718 -13 699 0 0 1
-0.0020377 -0.0255244 240 -0.0174111 0.0102479 8.825 20.4819 -13 700 0 0 1
-0.214951 0.160228 240 0.0356946 0.0424708 9.09071 11.923 -13 701 0 0 1
-0.0039375 -0.00204473 240 0.0238802 0.0349469 12.2972 32.6228 -13 702 0 0 1
0.00370045 -0.0489289 240 -0.0173611 0.000977665 12.0883 29.6394 -13 703 0 0 1
-0.016007 0.0176618 240 -0.0495953 0.0141202 9.41303 18.1162 -13 704 0 0 1
0.000996035 -0.145888 240 -0.0140274 -0.00472718 10.1156 15.3973 -13 705 0 0 1
-0.119851 0.0101412 240 -0.0261187 0.00673751 9.59107 24.736 -13 706 0 0 1
-0.062048 0.300033 240 0.0390538 -0.00779316 13.85 7.92787 -13 707 0 0 1
-0.109487 0.0298687 240 -0.0151863 0.0189404 10.5524 26.4935 -13 708 0 0 1
-0.124988 -0.69019 240 -0.102026 -0.0148099 3.87355 35.8115 -13 709 0 0 1
0.0609766 -0.00785492 240 0.00582749 -0.0182017 7.96606 30.8621 -13 710 0 0 1
-0.0740208 -0.0945942 240 -0.0252163 0.00992065 14.1675 8.04475 -13 711 0 0 1
0.0793131 -0.00748145 240 -0.00160992 -0.0176374 11.6179 27.411 -13 712 0 0 1
-0.075774 0.0380338 240 0.00414795 0.0141947 6.47478 35.4475 -13 713 0 0 1
0.168768 -0.0827037 240 -0.0380537 -0.000242171 14.0543 27.5825 -13 714 0 0 1
0.0306522 0.0845355 240 0.00249198 -0.0174877 12.3808 36.5877 -13 715 0 0 1
-0.149023 -0.00529124 240 0.0234025 0.0532925 13.1224 27.4689 -13 716 0 0 1
0.0331911 0.0618635 240 -0.0182997 -0.00809348 10.6128 23.6925 -13 717 0 0 1
-0.1443 0.112603 240 0.00125026 -0.0113006 8.71026 18.1338 -13 718 0 0 1
-0.274239 0.00544341 240 0.0202065 0.0414106 10.6765 16.9873 -13 719 0 0 1
0.0960002 -0.0938446 240 -0.0898363 0.0328883 11.2879 36.499 -13 720 0 0 1
-0.352252 0.0944998 240 0.00898074 0.0609415 9.6909 34.8818 -13 721 0 0 1
0.305005 -0.0424688 240 0.038507 -0.0371589 5.20907 27.2115 -13 722 0 0 1
0.0135208 0.0469511 240 0.0104455 0.00375929 8.57115 13.7278 -13 723 0 0 1
0.097188 -0.00640833 240 -0.0271659 0.00591741 4.97097 39.4127 -13 724 0 0 1
-0.0387944 -0.0907053 240 -0.0219181 -0.00707015 9.61903 20.9905 -13 725 0 0 1
0.211367 -0.0277437 240 0.0159803 -0.067096 13.6161 22.062 -13 726 0 0 1
-0.00184982 0.0345255 240 0.0233131 -0.00247957 14.1536 11.3217 -13 727 0 0 1
-0.149377 -0.12651 240 -0.0660352 -0.00520142 3.42468 47.4198 -13 728 0 0 1
-0.144062 -0.0160086 240 0.0252932 0.0301666 5.45553 26.6985 -13 729 0 0 1
-0.00667651 0.0901241 240 0.0187498 -0.0216063 11.1772 15.2196 -13 730 0 0 1
-0.108937 0.0620537 240 0.0268628 0.0305275 10.9816 11.1329 -13 731 0 0 1
-0.0244845 0.127855 240 -0.0184907 -0.0539815 2.53951 49.9819 -13 732 0 0 1
-0.120233 0.110332 240 -0.0148396 0.0709776 4.75767 29.9014 -13 733 0 0 1
0.257152 0.0426351 240 0.0306426 -0.0224831 13.6295 29.7816 -13 9 0 0 1
-0.356831 0.0581501 240 0.00373371 0.0497382 2.47343 49.8542 -13 20 0 0 1
-0.0704229 0.0869477 240 0.0160641 0.0233614 14.3757 20.2494 -13 25 0 0 1
0.133415 0.00959443 240 -0.00570509 -0.0348389 7.97561 24.0011 -13 86 0 0 1
0.168949 0.00400235 240 -0.00922226 -0.0180069 9.59442 17.3021 -13 98 0 0 1
-0.00798131 0.0356369 240 0.00692303 0.00845594 13.5038 19.394 -13 129 0 0 1
0.0124045 0.0749486 240 -0.00462661 -0.0183415 7.27096 16.3058 -13 137 0 0 1
-0.263047 0.310641 240 0.0480471 0.0451969 11.2457 23.2311 -13 147 0 0 1
-0.0496185 0.0814317 240 0.0237224 0.00157532 9.78236 12.1385 -13 163 0 0 1
-0.000410698 -0.0836865 240 -0.0307909 -0.0323091 8.95525 28.8705 -13 170 0 0 1
-0.0181668 -0.0287347 240 -0.00945289 -0.00673641 10.7977 22.6283 -13 176 0 0 1
-0.160506 -0.0612555 240 0.0214958 0.0597936 8.80811 36.5775 -13 181 0 0 1
-0.00153044 -0.0106048 240 -0.0029701 0.0104121 11.5104 23.6725 -13 185 0 0 1
-0.0204683 -0.00230093 240 0.00367349 0.00468557 10.3695 15.6845 -13 194 0 0 1
-0.0829417 -0.252803 240 -0.0184578 0.0349726 5.52395 24.7524 -13 204 0 0 1
0.413474 -0.321391 240 -0.0506101 -0.0058398 3.50478 46.2103 -13 210 0 0 1
-0.00277761 -0.075993 240 -0.00657519 0.016484 8.69094 13.6156 -13 223 0 0 1
-0.0263445 -0.0457913 240 0.0142116 0.0221641 9.07566 35.9715 -13 231 0 0 1
-0.0373025 0.162624 240 0.0274976 0.0108219 12.4972 10.1776 -13 234 0 0 1
-0.0106146 -0.00483915 240 -0.00461458 0.0029381 12.8387 9.19821 -13 241 0 0 1
0.0195731 -0.0586376 240 -0.000656284 -5.85551e-05 12.9277 19.3252 -13 245 0 0 1
-0.369259 -0.124161 240 -0.061678 0.0202142 8.33987 15.1346 -13 254 0 0 1
0.00626124 -0.00356848 240 -0.00141607 -0.0015007 14.4708 11.652 -13 259 0 0 1
0.0304839 -0.0882378 240 -0.00694852 -0.00272146 14.0685 28.9018 -13 267 0 0 1
-0.0356703 0.0168149 240 0.00224731 0.00878552 14.4718 16.1736 -13 272 0 0 1
0.0427498 -0.0886906 240 -0.0185427 -0.0173437 9.49563 26.9227 -13 289 0 0 1
-0.0946405 -0.051251 240 -0.0197526 0.0198102 7.45083 40.8728 -13 293 0 0 1
0.144374 0.103217 240 0.0750717 0.149813 2.12163 63.3893 -13 298 0 0 1
0.0207608 -0.167036 240 -0.0181761 -0.0177102 7.60192 27.5428 -13 302 0 0 1
-0.173895 0.212906 240 0.0258194 -0.0218824 7.91855 15.1104 -13 734 0 0 1
-0.0834389 0.134293 240 -0.0103818 0.021757 13.0434 30.5689 -13 740 0 0 1
-0.00548532 -0.0696757 240 -0.0058801 -0.00417839 14.1806 21.9738 -13 759 0 0 1
-0.127577 -0.0287806 240 0.00757564 0.0344311 11.1635 34.2572 -13 763 0 0 1
-0.12363 0.121679 240 0.0226375 0.0303438 8.61581 15.5434 -13 766 0 0 1
-0.0731782 -0.069728 240 0.0434467 -0.0125352 6.99865 17.1731 -13 769 0 0 1
0.0493981 0.0571463 240 0.0155866 -0.0075101 12.9479 7.63621 -13 779 0 0 1
0.0159402 -0.0135455 240 0.00562506 0.0046399 10.0749 12.3892 -13 782 0 0 1
-0.0493355 0.0238888 240 -0.00889581 -0.00622927 11.5012 16.3969 -13 795 0 0 1
-0.0124519 -0.0255232 240 -0.0114757 -0.00260576 13.7197 31.801 -13 798 0 0 1
0.290462 0.173195 240 0.0223801 -0.063778 7.06178 32.3008 -13 803 0 0 1
-0.177898 0.12925 240 0.0210126 0.0228396 13.6533 17.3102 -13 807 0 0 1
-0.091812 0.145333 240 0.0673792 -0.0191385 10.8322 24.4308 -13 810 0 0 1
0.0834782 -0.0537215 240 -0.0129285 -0.0122465 13.2287 17.7969 -13 813 0 0 1
0.312322 0.323391 240 0.107144 0.0192219 11.4847 36.7699 -13 818 0 0 1
0.144109 -0.0199229 240 -0.011389 0.0135554 8.48799 14.3523 -13 821 0 0 1
-0.166174 0.0182278 240 -0.0163309 0.0114263 7.87064 39.1579 -13 835 0 0 1
-0.0365183 0.0898316 240 0.00736394 0.00915373 11.137 29.7534 -13 839 0 0 1
0.00802352 0.0394373 240 -0.0161093 -0.00143652 6.2789 40.9302 -13 842 0 0 1
0.0820137 -0.00546799 240 0.00667171 -0.0244587 13.4963 15.8484 -13 845 0 0 1
-0.0563884 -0.0680133 240 0.00970516 0.0142851 4.76405 27.5915 -13 847 0 0 1
0.950985 0.151165 240 -0.136375 -0.0615133 0.754749 255.738 -13 864 0 0 1
0.126105 -0.320337 240 -0.0819126 0.0288817 5.53063 44.2386 -13 866 0 0 1
0.0579518 0.0410377 240 -0.0377305 -0.0540897 5.22739 31.1626 -13 8 0 0 1
-0.0397401 0.204917 240 0.0235498 -0.0207909 14.5062 13.0941 -13 17 0 0 1
-0.0269411 -0.06601 240 -0.0217936 -0.000706774 11.7829 36.8737 -13 23 0 0 1
-0.000545611 0.0958502 240 0.0194329 -0.00321036 7.07499 33.8121 -13 29 0 0 1
0.0139171 0.134744 240 -0.0133409 0.0277752 5.19912 43.3146 -13 35 0 0 1
0.0500254 -0.256303 240 -0.0359199 -0.00973079 9.52561 19.5119 -13 39 0 0 1
0.191229 -0.227373 240 -0.051952 -0.00725265 11.2911 26.7151 -13 44 0 0 1
0.191023 0.0177835 240 0.0111304 -0.0518414 8.2516 12.1598 -13 53 0 0 1
-0.0720195 -0.0664384 240 -0.0013391 0.0165433 13.955 21.8749 -13 61 0 0 1
-0.0415323 -0.00120152 240 -0.00278468 0.000649875 8.93413 22.5494 -13 64 0 0 1
0.0873059 0.2495 240 0.0556924 0.0227126 11.696 11.4579 -13 71 0 0 1
-0.182642 -0.0341034 240 -0.0171722 0.0260148 13.5572 20.1673 -13 78 0 0 1
0.078487 0.0960092 240 0.0514765 -0.00346563 2.6996 57.3296 -13 87 0 0 1
-0.0563251 0.052875 240 0.00457517 0.0167225 12.8729 22.0432 -13 97 0 0 1
-0.135966 0.0121437 240 0.00120513 0.0120139 13.5048 16.3278 -13 128 0 0 1
0.0490385 -0.027919 240 -0.0121383 -0.0132816 14.5536 25.1733 -13 133 0 0 1
0.188578 -0.0518384 240 0.0290751 -0.0755252 4.72606 23.6849 -13 138 0 0 1
0.197338 0.0499612 240 0.0108123 -0.0594075 11.0152 13.7253 -13 143 0 0 1
-0.00519186 0.0107051 240 0.00852568 0.00863114 9.48072 26.5876 -13 154 0 0 1
0.0318993 -0.0636955 240 0.00596227 0.0012265 8.44711 20.7325 -13 158 0 0 1
-0.0182369 -0.0856888 240 -0.00826581 -0.00873172 14.2306 26.5364 -13 164 0 0 1
0.131441 0.145373 240 0.0160835 -0.0159923 13.0658 33.3158 -13 169 0 0 1
-0.00636957 0.0972974 240 -0.00220924 -0.0222458 9.80964 32.7773 -13 174 0 0 1
0.122538 -0.138717 240 -0.0369584 -0.0156519 7.18658 35.7665 -13 180 0 0 1
0.0518094 -0.0852369 240 -0.0192997 -0.0109234 12.0965 13.2023 -13 192 0 0 1
0.0167263 -0.0901505 240 -0.0111821 -0.005821 11.7083 37.0611 -13 196 0 0 1
0.0412659 -0.00147537 240 0.012287 0.000528786 9.25268 37.5786 -13 207 0 0 1
-0.139232 -0.0718037 240 -0.00363457 -0.00720116 6.68874 28.3515 -13 211 0 0 1
0.111829 0.117466 240 0.00196416 -0.0145722 9.90779 21.2113 -13 216 0 0 1
0.151019 0.466202 240 0.086702 0.00640038 9.74248 19.4241 -13 219 0 0 1
-0.0215035 -0.0178449 240 -0.00259144 0.00253939 12.3537 28.1475 -13 225 0 0 1
-0.112299 0.0240748 240 0.0158942 0.0219254 13.4505 17.4992 -13 229 0 0 1
-0.0312947 0.261474 240 0.0230422 0.00147845 4.75263 38.4914 -13 236 0 0 1
-0.0271818 0.158159 240 0.0461605 -4.58154e-05 10.9299 24.4908 -13 242 0 0 1
-0.0773604 -0.0321144 240 -0.0499145 0.0169888 8.12499 19.789 -13 246 0 0 1
-0.0670536 0.0755933 240 0.0339685 -0.0146054 10.363 28.017 -13 250 0 0 1
0.0710165 -0.0527555 240 0.00311162 -0.0305731 11.2917 19.0614 -13 257 0 0 1
0.0504921 -0.0617469 240 -0.00968779 -0.00848624 12.9666 26.1856 -13 262 0 0 1
-0.0721433 -0.0651442 240 -0.0161668 0.0231695 12.2771 12.9001 -13 268 0 0 1
-0.0200876 -0.155381 240 0.00204963 -0.00496715 8.14397 21.1833 -13 273 0 0 1
0.0361927 0.0454932 240 0.0105486 0.00347652 9.63838 34.2699 -13 277 0 0 1
0.213356 -0.0541504 240 -0.0083525 -0.051515 6.31101 20.0983 -13 280 0 0 1
-0.219589 0.0684606 240 0.0333453 0.0522781 7.23959 25.6715 -13 284 0 0 1
0.358726 -0.0116293 240 -0.0181816 -0.0386986 11.9764 32.9698 -13 288 0 0 1
-0.0844023 -0.36485 240 -0.0741417 0.00813637 6.07355 29.4755 -13 296 0 0 1
-0.0110579 -0.020314 240 -0.00362385 -0.0134094 11.9929 12.2672 -13 297 0 0 1
-0.10327 0.119202 240 0.00174463 0.0423013 11.6567 20.7212 -13 303 0 0 1
0.0419462 -0.0271332 240 -0.0173025 -0.00232312 12.3906 13.8219 -13 308 0 0 1
0.0419774 0.00228797 240 0.00481298 -0.00444352 12.1717 14.4284 -13 312 0 0 1
0.14732 0.0654173 240 0.00394072 -0.0178027 11.637 11.5935 -13 315 0 0 1
-0.18317 -0.184351 240 0.0128462 0.00333741 4.38044 40.4361 -13 328 0 0 1
0.0298836 -0.0193153 240 -0.0126422 -0.00933301 14.2562 27.5627 -13 335 0 0 1
-0.0116989 0.477211 240 0.0783634 0.0139585 5.73911 28.9515 -13 336 0 0 1
0.0817953 0.150666 240 0.0300057 -0.0316328 13.7337 25.0325 -13 337 0 0 1
-0.024625 -0.227617 240 -0.0149361 0.0352098 9.6685 33.8053 -13 338 0 0 1
-0.0399897 0.10179 240 0.029129 0.0154647 9.35803 38.2835 -13 339 0 0 1
-0.249504 0.391146 240 0.041578 0.0610666 1.88847 65.0346 -13 340 0 0 1
0.0568367 0.12361 240 0.0178298 -0.00743495 13.2569 13.2536 -13 344 0 0 1
-0.0288288 -0.140556 240 -0.0329161 0.037397 11.8543 30.3859 -13 747 0 0 1
-0.0818045 -0.0312905 240 0.00110534 0.0182667 10.9116 14.439 -13 771 0 0 1
-0.116407 -0.31295 240 0.000446542 -0.00655786 8.58433 29.0507 -13 778 0 0 1
-0.0644353 0.201718 240 0.0279348 -0.00273264 6.92634 15.4336 -13 784 0 0 1
-0.0873602 0.00980019 240 -0.00397222 -0.00950523 8.94356 26.7573 -13 787 0 0 1
0.0148696 0.211645 240 0.00543851 -0.0215408 9.96606 36.0019 -13 790 0 0 1
-0.33909 -0.107309 240 -0.0561841 0.0451067 7.08792 22.1552 -13 808 0 0 1
0.0443866 -0.404868 240 -0.0461747 -0.00950842 5.66915 18.3519 -13 811 0 0 1
-0.0429971 0.00350811 240 0.0131043 0.00696125 11.6704 35.2211 -13 815 0 0 1
0.11466 -0.149532 240 -0.00899092 -0.0356559 6.26204 40.7958 -13 819 0 0 1
-0.03559 0.0322437 240 0.00040514 0.00064712 11.6993 36.375 -13 822 0 0 1
0.131723 -0.0109061 240 -0.00210124 -0.0191614 14.5644 27.27 -13 824 0 0 1
-0.210035 -0.0569352 240 0.0333574 0.0316921 7.61569 24.9733 -13 826 0 0 1
0.001739 -0.351207 240 -0.0851022 -0.017345 10.0828 35.3927 -13 829 0 0 1
-0.011393 0.187201 240 0.0264893 -0.0100701 11.8622 29.3964 -13 836 0 0 1
-nan -nan -nan -nan -nan -nan -nan -13 841 0 0 1
0.0728858 -0.164936 240 -0.0128637 -0.0165481 4.38569 43.1078 -13 844 0 0 1
0.0140226 -0.0169857 240 0.00573289 0.00266247 10.3842 12.7129 -13 31 0 0 1
-0.299053 -0.172104 240 -0.00192605 0.0473319 3.6658 48.5055 -13 33 0 0 1
0.0263659 -0.0108179 240 0.0234186 -0.00733328 11.8585 30.9244 -13 38 0 0 1
0.0867493 -0.150733 240 -0.0238668 -0.0109672 14.4233 18.0614 -13 43 0 0 1
-0.648259 -0.00628713 240 -0.0374991 0.122753 6.78604 23.1157 -13 48 0 0 1
0.0158853 -0.017643 240 0.00643297 -0.0179815 8.33231 32.1607 -13 60 0 0 1
-0.0671212 0.119142 240 0.015606 0.0029827 10.6705 27.8176 -13 68 0 0 1
0.16675 -0.161609 240 -0.0201942 -0.0219337 10.7427 22.9886 -13 74 0 0 1
0.0507292 -0.0276396 240 -0.00167359 -0.0177064 13.2092 29.8873 -13 82 0 0 1
-0.0576193 0.119091 240 0.0203663 -0.00570621 7.1659 39.5435 -13 91 0 0 1
-0.030899 -0.0652017 240 -0.0223578 0.00753643 10.7868 20.0252 -13 95 0 0 1
-0.101783 0.122947 240 0.0193116 0.0110819 11.5845 12.8185 -13 117 0 0 1
-0.325715 -0.0473909 240 -0.027347 0.0222523 5.14311 39.245 -13 123 0 0 1
0.00148523 -0.0266665 240 0.0114103 0.04727 9.67284 15.0917 -13 127 0 0 1
-0.123604 0.0871976 240 -0.00913416 0.028571 10.4629 30.7649 -13 130 0 0 1
-0.0559367 0.10231 240 0.0154997 0.0278143 11.5081 27.4818 -13 139 0 0 1
0.0106999 0.0412694 240 0.0147085 -0.00153829 13.8619 27.1053 -13 150 0 0 1
0.075037 0.0439028 240 0.0197779 -0.0209531 11.9905 24.2394 -13 156 0 0 1
-0.115753 0.402548 240 0.104616 -0.13439 9.81025 24.3853 -13 162 0 0 1
-0.0440795 -0.00369548 240 0.0104641 -0.00947979 9.89285 13.9493 -13 167 0 0 1
-0.00422364 -0.0556384 240 -0.00451659 -0.0150102 13.0674 8.09576 -13 173 0 0 1
0.0112745 0.0171488 240 0.0126989 -0.0515966 5.6682 31.9767 -13 179 0 0 1
0.00531921 -0.0488332 240 -0.00811883 -0.0210598 8.43916 16.1954 -13 190 0 0 1
0.00990612 -0.0234909 240 0.0852252 0.0253274 2.33478 52.732 -13 200 0 0 1
-0.0808667 0.0172758 240 0.0134359 0.00858118 8.9312 16.9151 -13 222 0 0 1
0.180764 0.135168 240 0.0907404 -0.0164043 8.26457 31.0137 -13 737 0 0 1
0.222107 -0.0820237 240 -0.0340494 -0.00318207 8.34594 12.3598 -13 743 0 0 1
-0.156928 0.0173648 240 0.0136743 0.0120556 12.1202 8.91585 -13 749 0 0 1
0.13801 -0.0527322 240 -0.000153569 0.00627811 6.61009 17.5607 -13 752 0 0 1
-0.0714885 -0.277486 240 -0.0361738 0.0120184 8.69047 35.6638 -13 754 0 0 1
0.0468967 -0.134498 240 -0.0159701 -0.0262498 7.96016 18.4388 -13 755 0 0 1
0.209923 0.013487 240 -0.000639298 -0.0272106 7.97627 13.7307 -13 758 0 0 1
0.0628717 -0.742718 240 -0.0686816 -0.0493323 8.11818 31.2861 -13 760 0 0 1
0.102939 -0.162356 240 0.0413402 -0.0790662 9.8742 20.0454 -13 764 0 0 1
0.00034501 -0.206622 240 -0.0562191 0.00263867 11.7887 35.9398 -13 792 0 0 1
-0.251963 -0.069225 240 -0.0446858 0.0252991 14.0128 31.3659 -13 797 0 0 1
0.0184617 -0.203719 240 -0.0178852 0.0391343 5.80888 19.9388 -13 801 0 0 1
0.210897 0.224414 240 0.0349457 0.00362382 4.00447 49.9412 -13 827 0 0 1
-0.0250174 0.0237216 240 0.00397335 0.0089061 13.8007 20.2979 -13 832 0 0 1
0.249614 -0.34362 240 -0.0369859 -0.0348475 10.8141 17.5576 -13 837 0 0 1
-0.097367 -0.0487652 240 0.00512297 0.00308027 12.3879 29.5057 -13 850 0 0 1
-0.0536678 0.07887 240 0.00310157 -0.00967542 11.4903 11.3847 -13 854 0 0 1
-0.0694088 -0.0515315 240 -0.0130956 0.0275036 14.3383 14.6331 -13 857 0 0 1
0.0914824 0.0673652 240 0.00235313 -0.0283376 13.0471 31.8692 -13 860 0 0 1
0.0184212 0.0524053 240 0.00872419 -0.00026077 11.1862 11.1781 -13 861 0 0 1
0.348227 0.0686839 240 0.00990739 -0.0405096 3.98994 28.1543 -13 863 0 0 1
0.143316 0.00735232 240 0.0390454 -0.0280566 6.94225 26.2015 -13 865 0 0 1
-0.0420966 -0.151981 240 0.0071328 -0.0170037 9.21124 30.5208 -13 869 0 0 1
0.0448267 -0.0903226 240 -0.0179608 -0.0253617 12.3778 22.5797 -13 870 0 0 1
0.0700376 0.203757 240 0.0343982 -0.0362074 13.7421 28.9296 -13 871 0 0 1
0.449685 0.505 240 0.172686 -0.0505548 5.29944 36.8941 -13 872 0 0 1
0.33338 0.210173 240 0.019131 -0.0120797 4.63299 24.3708 -13 873 0 0 1
-0.0477412 0.103958 240 0.0331038 -0.00352061 4.94536 30.8784 -13 874 0 0 1
-0.0104824 -0.147815 240 0.00128057 -0.0261208 3.50029 26.128 -13 875 0 0 1
-0.163801 -0.0246556 240 -0.0112781 0.0455676 11.7843 19.4204 -13 876 0 0 1
-0.104154 -0.0714804 240 -0.00247486 0.00974716 9.24848 32.665 -13 877 0 0 1
-0.461869 -0.404507 240 -0.0385417 0.000229676 0.904251 59.1294 -13 878 0 0 1
0.0230364 0.126552 240 -0.00355381 -0.01311 14.2446 32.5012 -13 879 0 0 1
0.0295778 0.145343 240 0.0190735 -0.0100496 11.4259 15.9069 -13 47 0 0 1
-0.0663186 0.308179 240 0.0440553 -0.016937 6.40605 27.145 -13 84 0 0 1
0.208948 -0.156078 240 0.00099165 0.0146919 5.84987 23.6515 -13 94 0 0 1
-0.0976926 -0.0829324 240 -0.0186785 0.0131566 10.3274 36.6501 -13 106 0 0 1
-0.0337278 -0.0318457 240 0.00229898 0.0090884 9.85829 12.7801 -13 111 0 0 1
0.0475848 -0.194693 240 -0.0436232 -0.00874051 13.2335 26.3961 -13 115 0 0 1
-0.0371354 -0.113633 240 -0.0555336 0.00496207 8.13278 14.3488 -13 151 0 0 1
0.306911 0.286377 240 0.0462567 -0.0616222 5.876 16.0853 -13 189 0 0 1
0.126582 0.172608 240 0.00593118 -0.00439164 7.22123 23.3401 -13 205 0 0 1
0.186508 0.0109235 240 -0.00352201 -0.025872 13.9546 7.86468 -13 212 0 0 1
0.00394669 -0.0467316 240 -0.0106307 0.0096585 9.4814 22.4056 -13 217 0 0 1
0.0503946 0.135248 240 0.0141648 0.00324312 13.3304 18.55 -13 220 0 0 1
-0.0916336 -0.441323 240 -0.113358 0.0378353 3.71104 32.1015 -13 221 0 0 1
-0.0855348 0.0960656 240 0.0362586 0.0169395 12.7504 12.4135 -13 240 0 0 1
-0.115165 0.117938 240 0.0224949 0.00787966 11.653 18.1423 -13 247 0 0 1
0.00889236 0.0418517 240 -0.0101198 0.0020835 8.37036 36.7482 -13 251 0 0 1
-0.0182861 0.15989 240 0.0364085 0.0160378 13.8389 21.5519 -13 261 0 0 1
0.0411436 0.0173504 240 -0.00613549 -0.0221671 11.3339 32.3883 -13 266 0 0 1
0.0533361 -0.0661307 240 -0.0108974 -0.00414638 7.34796 39.3595 -13 271 0 0 1
-0.0105822 -0.395318 240 -0.0714447 -0.0150699 8.82456 29.6695 -13 275 0 0 1
-0.0349731 -0.0360386 240 -0.0133467 0.00279775 13.355 27.3619 -13 279 0 0 1
0.22674 0.122507 240 0.0325982 -0.0345397 10.7249 15.5607 -13 283 0 0 1
0.0104436 -0.033064 240 -0.000845935 -0.000481413 6.83386 38.8162 -13 286 0 0 1
-3.50707 0.90601 240 -0.175053 0.574688 3.45788 50.6278 -13 300 0 0 1
-0.0181239 0.307656 240 0.0344705 0.00349465 11.0678 18.2444 -13 305 0 0 1
0.0618764 -0.0200282 240 0.000715639 -0.0164298 14.0097 23.663 -13 311 0 0 1
0.00553498 0.00370264 240 0.00747422 -0.014325 13.8264 8.22029 -13 314 0 0 1
-0.158131 -0.0900954 240 -0.0281796 0.0475567 9.00808 18.0946 -13 330 0 0 1
0.134945 -0.107906 240 -0.0205195 0.0116193 9.86421 20.3582 -13 333 0 0 1
-0.0342669 0.086922 240 -0.00215424 0.0105647 12.8575 9.69107 -13 334 0 0 1
0.317614 0.151835 240 0.0569911 0.0870586 0.592307 253.524 -13 342 0 0 1
-0.066254 -0.0426565 240 -0.00162007 0.0199595 12.1227 22.1182 -13 347 0 0 1
0.0264247 0.0125447 240 0.0170272 0.00606129 11.5058 22.5461 -13 745 0 0 1
0.0947718 -0.170933 240 -0.0361006 -0.0413481 10.4584 30.2514 -13 750 0 0 1
-0.0659688 -0.28989 240 -0.0751421 -0.0449424 10.8154 11.0757 -13 753 0 0 1
-0.266915 0.113314 240 0.0288956 0.0415689 10.6943 20.9448 -13 777 0 0 1
0.10024 0.0775041 240 0.0132423 -0.0262852 5.14086 31.4577 -13 785 0 0 1
0.0875339 0.099287 240 0.0240825 -0.0287593 12.3603 25.6113 -13 788 0 0 1
-0.0225565 -0.0153897 240 0.0102943 0.00775419 11.4348 24.9232 -13 793 0 0 1
0.0935942 -0.00439291 240 -0.00720536 -0.0302807 6.57988 15.5315 -13 812 0 0 1
-0.125784 -0.0612106 240 0.0155154 0.0522257 5.45728 40.5696 -13 817 0 0 1
-0.0817428 0.0281484 240 -0.0120897 0.0262057 13.4 13.6515 -13 820 0 0 1
-0.0712192 0.0651896 240 0.0194691 0.0063916 12.6204 30.4484 -13 823 0 0 1
0.139462 0.063021 240 0.0228483 0.00131619 14.4546 32.4073 -13 825 0 0 1
0.0324103 0.286546 240 0.0680962 -0.0126369 8.65393 37.0507 -13 828 0 0 1
-0.0328685 0.286421 240 0.0386135 0.0266848 8.44137 17.5502 -13 831 0 0 1
-0.191095 -0.136036 240 -0.0450172 0.0659109 5.46043 40.324 -13 834 0 0 1
-0.229374 -0.323994 240 0.0912686 0.154976 8.3186 17.8538 -13 843 0 0 1
0.121514 -4.3903e-06 240 0.00698042 -0.0172051 12.305 24.1202 -13 846 0 0 1
-0.172014 0.204301 240 0.113897 -0.044701 4.79792 45.428 -13 848 0 0 1
-0.0474705 -0.12963 240 -0.0174963 -0.00156332 9.62512 11.7284 -13 849 0 0 1
-0.160798 0.0427871 240 0.00201924 0.03341 8.9085 18.0364 -13 851 0 0 1
0.0777699 -0.107469 240 -0.0206837 0.0965777 4.89624 21.4353 -13 853 0 0 1
0.389847 -0.356108 240 0.153981 -0.0145211 0.725411 246.426 -13 856 0 0 1
-0.0449336 -0.0645743 240 -0.00640449 0.0112149 12.9632 18.7486 -13 859 0 0 1
0.0951089 0.149571 240 0.0283858 -0.0143182 14.0885 12.7889 -13 921 0 0 1
-0.109736 0.0807774 240 0.00831864 0.0495264 4.13529 49.2289 -13 923 0 0 1
-0.0493954 -0.0168344 240 0.00698681 0.0143493 13.9732 35.0213 -13 925 0 0 1
0.0921697 -0.0527657 240 -0.0117656 0.0209337 4.91458 32.6321 -13 927 0 0 1
-0.0161783 -0.193064 240 -0.010003 -0.0136758 13.3128 28.158 -13 931 0 0 1
0.099099 0.134548 240 0.00126148 -0.0297238 13.617 20.1137 -13 933 0 0 1
0.493507 0.0380428 240 -0.0529262 -0.0829296 10.4398 30.0219 -13 935 0 0 1
-0.00706311 -0.0188718 240 -0.00151689 0.00773607 12.5429 34.5969 -13 937 0 0 1
0.148561 -0.0151746 240 0.0031019 -0.0205954 13.8511 16.6221 -13 939 0 0 1
-0.0195901 0.075944 240 -0.00145424 0.0161686 12.2984 23.3204 -13 941 0 0 1
-0.1114 0.0539363 240 0.016468 -0.0143681 10.5158 33.5339 -13 943 0 0 1
0.10238 0.148103 240 -0.00106603 -0.00347475 4.05854 47.7008 -13 945 0 0 1
0.0338211 -0.0402414 240 -0.00380888 -0.00701061 14.3099 19.2905 -13 946 0 0 1
-0.0702522 0.0938541 240 0.0261526 -0.0086218 10.4929 13.7666 -13 947 0 0 1
0.0220925 -0.0240453 240 0.0479672 0.00506896 7.74743 16.5644 -13 948 0 0 1
-0.00232581 -0.0146968 240 0.00814519 -0.00797524 12.4966 28.2978 -13 949 0 0 1
-0.101056 -0.15757 240 0.0512169 0.0320881 3.48568 26.8361 -13 950 0 0 1
0.158889 0.0458162 240 0.0291557 -0.0571509 5.38428 23.2409 -13 951 0 0 1
-0.0420414 -0.534728 240 -0.0279525 -0.05587 4.2114 45.8521 -13 952 0 0 1
-0.0138121 -0.10997 240 -0.00966552 -0.000395048 9.8919 15.9919 -13 953 0 0 1
-0.389008 0.206648 240 -0.106871 0.110764 6.78085 32.8731 -13 954 0 0 1
-0.0432543 0.444977 240 0.0421558 -0.000644022 7.43199 29.0536 -13 955 0 0 1
0.217476 0.060747 240 -0.0337262 0.00605675 6.92737 20.0595 -13 956 0 0 1
-0.0806705 -0.0335765 240 0.0085768 0.0090841 14.0658 25.3826 -13 957 0 0 1
0.315175 0.213633 240 0.0566002 -0.0389307 11.8699 21.9081 -13 958 0 0 1
-0.00936646 0.0366645 240 0.00345458 0.000471627 10.4149 29.2252 -13 959 0 0 1
-0.0857986 0.00669315 240 0.00478772 0.00709322 14.4444 15.8291 -13 960 0 0 1
-0.210933 0.159505 240 0.0577233 0.0248708 2.4578 45.0134 -13 961 0 0 1
-0.091963 0.081215 240 0.032044 0.0213891 11.8339 26.6949 -13 962 0 0 1
-0.0292069 0.0191087 240 0.016125 0.00803636 8.95861 22.7634 -13 969 0 0 1
0.410607 -0.210573 240 0.0965868 0.019865 0.922569 81.2386 -13 970 0 0 1
-0.0452086 -0.00302546 240 -0.00787462 0.0409101 13.2528 20.8604 -13 971 0 0 1
-0.0878373 0.0381492 240 0.0124279 -0.00820839 13.2425 11.4826 -13 10 0 0 1
-0.118173 0.0384317 240 0.00131678 0.0269262 14.4282 28.8477 -13 21 0 0 1
0.0796857 -0.119092 240 -0.0302743 -0.00476913 8.34383 37.5854 -13 24 0 0 1
0.0257805 0.0425678 240 0.0275785 -0.0218296 13.6483 8.78793 -13 30 0 0 1
-0.10671 -0.390866 240 -0.0314068 -0.012468 8.61625 34.396 -13 36 0 0 1
0.169873 -0.167158 240 -0.0599672 0.00956133 10.9401 28.7028 -13 40 0 0 1
0.0837658 0.232669 240 0.00387995 -0.0582236 4.35368 46.7293 -13 50 0 0 1
-0.0655678 0.211779 240 0.0283061 -0.0358046 3.3286 30.3862 -13 54 0 0 1
-0.127552 0.00182489 240 0.0416957 0.0321309 5.11778 21.7696 -13 65 0 0 1
-0.132782 0.185046 240 0.048146 0.00616696 7.83036 39.0356 -13 75 0 0 1
-0.138896 -0.118332 240 -0.0133173 0.00508475 9.87144 27.8084 -13 83 0 0 1
0.0904774 -0.0319707 240 -0.0149873 -0.0216751 7.37774 24.5842 -13 108 0 0 1
-0.011862 0.112609 240 0.00292669 0.0348558 7.706 15.3958 -13 112 0 0 1
0.0116457 -0.133224 240 -0.0303937 0.0239155 8.0828 17.6128 -13 114 0 0 1
-0.0471872 0.0774117 240 0.00756571 0.0212733 14.3952 26.9299 -13 144 0 0 1
-0.120158 0.374338 240 0.0615774 0.0143408 8.61943 26.9228 -13 188 0 0 1
-0.0520875 -0.0908079 240 -0.0144408 0.00710905 11.6178 29.4813 -13 201 0 0 1
-0.00156377 -0.262024 240 -0.0374527 -0.0239573 13.7104 19.5224 -13 209 0 0 1
0.31518 -0.0671381 240 -0.0352104 -0.0245897 4.17795 34.0506 -13 215 0 0 1
0.50111 0.740186 240 0.0746358 -0.0396284 5.29335 31.5093 -13 218 0 0 1
0.000974969 -0.170746 240 -0.0295677 -0.00913001 12.63 26.837 -13 227 0 0 1
0.0590875 -0.138282 240 -0.0254337 0.00331485 12.7864 18.733 -13 239 0 0 1
-0.222118 -0.505573 240 -0.126871 -0.0643276 8.71867 33.6177 -13 244 0 0 1
-0.00797961 0.0894318 240 0.0043105 0.00594016 12.3644 18.0222 -13 249 0 0 1
-0.062386 -0.0765611 240 0.0013934 0.00455006 11.9355 28.7157 -13 253 0 0 1
-0.116485 0.0434913 240 -0.000789969 0.0337939 12.2569 8.06635 -13 256 0 0 1
-0.00827638 0.0925408 240 0.0418904 0.0108676 11.7386 24.3557 -13 258 0 0 1
0.0623728 -0.189203 240 -0.0525514 0.000106278 11.8069 19.4142 -13 269 0 0 1
-0.042555 0.0781948 240 0.00898813 0.0158096 12.619 34.1267 -13 274 0 0 1
-0.0133354 -0.128833 240 -0.0244236 -0.0168341 13.7568 19.2931 -13 278 0 0 1
0.0175414 -0.112709 240 -0.00776906 -0.0270582 8.17149 30.784 -13 281 0 0 1
0.641827 0.166146 240 0.0684668 -0.163782 3.36118 52.7205 -13 285 0 0 1
-0.101169 0.199684 240 0.0308159 0.0191602 13.2617 10.0581 -13 292 0 0 1
-0.0561391 -0.103838 240 -0.0218399 -0.015199 8.26623 37.1881 -13 301 0 0 1
0.0528472 0.167525 240 0.0722816 0.0437563 4.56712 30.4589 -13 307 0 0 1
-0.586181 0.075188 240 0.0667171 0.0777323 5.80572 24.5046 -13 310 0 0 1
0.0816648 -0.0690491 240 -0.0397203 -0.00117298 9.11733 16.2949 -13 316 0 0 1
0.450257 -0.134842 240 0.0253158 -0.105027 1.9532 60.4668 -13 324 0 0 1
-0.0885626 0.00811181 240 0.0122765 0.000664453 12.4836 20.3635 -13 327 0 0 1
0.00607184 0.175805 240 0.0235225 0.00250448 10.9915 24.8454 -13 735 0 0 1
0.936432 -1.72633 240 -0.693129 0.559178 3.15525 33.0883 -13 744 0 0 1
0.169984 0.153055 240 0.0350405 -0.0205403 8.574 36.1943 -13 746 0 0 1
-0.0658827 -0.0946647 240 -0.0146097 0.00966156 12.8811 27.9765 -13 768 0 0 1
-0.0722682 -0.0979036 240 -0.0122668 0.00596485 11.439 12.7861 -13 773 0 0 1
-0.0424345 0.0893728 240 0.0233061 0.00759127 13.4088 10.4927 -13 774 0 0 1
0.122781 -0.423774 240 -0.0578977 -0.0535861 11.6523 12.2242 -13 781 0 0 1
0.0657484 0.138392 240 -0.00157417 0.00205353 9.59268 28.2754 -13 786 0 0 1
0.0582246 0.0458545 240 0.00586078 0.00234012 14.1698 21.6726 -13 789 0 0 1
0.238924 -0.350699 240 -0.122709 0.0576686 3.28049 33.3035 -13 806 0 0 1
-0.002944 0.025652 240 0.00425098 0.0129538 10.3757 15.9559 -13 897 0 0 1
-0.0160898 0.000255584 240 -0.00627812 -0.0129862 11.4506 9.72708 -13 900 0 0 1
-0.00712898 -0.0194728 240 -0.00693093 0.00965537 8.6517 12.7345 -13 902 0 0 1
-0.0292706 -0.0694565 240 -0.004597 -0.00638111 12.5635 14.8594 -13 904 0 0 1
-0.0152934 -0.044383 240 0.0126347 -0.0299456 10.4881 28.478 -13 906 0 0 1
0.152389 0.162886 240 -0.00211592 -0.0413409 12.94 10.5011 -13 908 0 0 1
0.111555 0.104481 240 0.0327421 -0.00443278 7.29187 27.1637 -13 909 0 0 1
0.0809078 0.128201 240 0.0347804 -0.0112346 11.8548 9.68454 -13 912 0 0 1
-0.0791007 -0.186069 240 -0.045177 0.0161225 10.3111 10.7793 -13 914 0 0 1
0.129812 0.113283 240 0.0415906 -0.00793272 9.12709 16.1848 -13 915 0 0 1
-0.0558144 0.124248 240 0.0104466 0.01171 13.8091 25.4672 -13 916 0 0 1
0.132948 -0.0537469 240 -0.0100204 -0.0214998 12.4984 26.8701 -13 917 0 0 1
-0.150501 0.00766133 240 -0.00348084 0.0198854 12.8562 31.2367 -13 918 0 0 1
0.0762478 0.126227 240 0.0504727 -0.00271106 4.00054 27.0371 -13 919 0 0 1
0.203519 -0.0410982 240 0.0417642 -0.0172031 8.65694 13.5617 -13 920 0 0 1
0.0816791 -0.0682608 240 -0.0304292 0.00884708 12.8817 28.1594 -13 922 0 0 1
-0.0720558 -0.0127771 240 -0.00225974 0.00501812 13.625 20.6248 -13 924 0 0 1
-0.0928318 -0.0507659 240 0.012747 0.00664052 12.819 7.97445 -13 926 0 0 1
0.0186525 -0.00567521 240 -0.00295067 -0.00271113 11.7934 31.3686 -13 928 0 0 1
-0.0940369 -0.0129796 240 1.53153e-05 0.0209351 13.564 13.3908 -13 929 0 0 1
-0.0380656 -0.486636 240 -0.0534759 0.0208102 12.7371 25.406 -13 930 0 0 1
-0.0178851 -0.0134055 240 -0.00820836 0.0106035 11.4593 36.9654 -13 932 0 0 1
-0.23933 0.034459 240 -0.00884284 0.0499391 8.61932 22.7244 -13 934 0 0 1
0.0260836 0.0079296 240 0.00550631 -0.00246747 12.4509 20.8704 -13 936 0 0 1
0.139273 -0.273871 240 -0.0318473 -0.0423531 4.6726 22.445 -13 938 0 0 1
0.207712 0.137154 240 -0.0177486 -0.0741619 6.04011 18.7971 -13 940 0 0 1
0.0421194 -0.437177 240 0.00841283 -0.0430831 2.91992 52.0832 -13 942 0 0 1
0.0477893 -0.0704672 240 -0.0265927 -0.0206001 5.85324 38.4037 -13 944 0 0 1
-0.0217779 -0.153696 240 -0.0283172 -0.00849651 8.43098 22.4986 -13 51 0 0 1
0.0287459 0.0474221 240 -0.0287948 -0.0118378 8.73608 33.087 -13 81 0 0 1
-0.0573533 -0.430189 240 -0.0888819 0.00508778 6.69186 40.7294 -13 92 0 0 1
0.012805 0.0379426 240 0.0205421 0.00692409 12.3298 8.21812 -13 100 0 0 1
0.0644634 -0.357697 240 -0.0619866 -0.00523488 7.43245 25.1155 -13 148 0 0 1
-0.164781 0.0609159 240 0.016206 -0.0835932 4.91951 21.6146 -13 187 0 0 1
-0.286201 -0.211142 240 -0.0525888 -0.000642439 1.49249 69.8479 -13 206 0 0 1
-0.153683 -0.0177933 240 -0.0211168 0.0276778 8.99541 38.8037 -13 213 0 0 1
-0.0863872 -0.0756399 240 0.00663176 0.00861332 11.9072 28.1764 -13 739 0 0 1
0.136269 0.039418 240 0.000762335 -0.052576 4.28653 43.3309 -13 742 0 0 1
-0.291506 -0.0329106 240 0.0282504 0.0397093 7.22534 24.7253 -13 757 0 0 1
-0.0121824 -0.060954 240 -0.0225162 -0.00969151 6.42298 20.5865 -13 761 0 0 1
-0.290058 -0.0587141 240 0.0197863 0.0381357 5.89493 22.07 -13 765 0 0 1
0.00548341 0.0146627 240 0.00680135 -0.00478054 12.657 36.3896 -13 767 0 0 1
-0.0468279 -0.064102 240 -0.0283989 0.00110357 13.6492 13.5337 -13 770 0 0 1
-0.0307804 0.0919412 240 0.0124108 0.0159033 11.8547 19.3006 -13 776 0 0 1
0.0636058 -0.169156 240 -0.0345377 0.0187279 9.57663 13.914 -13 780 0 0 1
0.0561284 0.26217 240 0.0151887 -0.0391158 7.492 24.3034 -13 794 0 0 1
0.405021 1.0541 240 0.0572366 -0.18609 8.89181 32.9008 -13 796 0 0 1
-0.0268221 0.117481 240 0.0187947 0.0467332 13.555 9.19887 -13 800 0 0 1
0.0840358 0.102356 240 0.0393725 -0.0265461 13.017 14.632 -13 804 0 0 1
-0.0193284 0.00848552 240 0.00139406 0.0109584 14.0866 35.61 -13 830 0 0 1
-0.0204169 0.319479 240 0.0719967 -0.00319229 9.03538 39.264 -13 833 0 0 1
0.0269543 -0.299485 240 -0.0325467 -0.0217806 1.98379 58.0349 -13 852 0 0 1
0.0139916 -0.00730573 240 0.000223747 -0.0175287 11.5677 31.4642 -13 855 0 0 1
-nan -nan -nan -nan -nan -nan -nan -13 193 0 0 1
0.168068 0.0467225 240 -0.0319771 -0.0422332 1.45485 65.7018 -13 197 0 0 1
0.0919494 -0.0434214 240 0.00991135 0.0234948 8.43639 33.484 -13 738 0 0 1
-0.0459443 -0.00813297 240 -0.00263448 0.0105373 12.9462 12.52 -13 880 0 0 1
0.0211133 -0.00810521 240 0.00629134 -0.010548 14.5395 18.9268 -13 881 0 0 1
-0.017392 -0.243736 240 -0.0875678 0.0531148 6.51638 34.7832 -13 882 0 0 1
0.236139 0.143135 240 0.0368202 -0.0598779 7.16248 36.4408 -13 883 0 0 1
-0.0788597 0.205227 240 0.0372887 0.0468518 5.77612 32.3065 -13 884 0 0 1
-0.000720387 0.00149674 240 0.00157791 0.00370479 12.5785 8.90567 -13 885 0 0 1
-0.0506527 -0.0863841 240 -0.0394774 0.00127032 8.50605 17.1659 -13 886 0 0 1
-0.0722235 0.00882819 240 -0.00521212 0.00220546 8.55779 11.086 -13 887 0 0 1
0.117888 -0.0200691 240 -0.0296542 -0.038613 8.58466 29.7708 -13 888 0 0 1
-0.0773713 -0.110022 240 -0.027216 0.0161798 11.3218 32.7125 -13 889 0 0 1
0.0728895 0.0391494 240 0.00954687 -0.00310403 10.8594 20.1163 -13 890 0 0 1
0.0333634 0.182299 240 0.0418477 0.000381854 7.58411 19.9359 -13 891 0 0 1
-0.52252 -0.0122875 240 -0.00316786 0.111134 14.0681 15.3392 -13 892 0 0 1
-0.143162 0.00164896 240 0.00984098 0.0347625 9.40812 13.1937 -13 893 0 0 1
0.0622626 -0.00332972 240 -0.0229526 -0.0121627 12.6165 25.6655 -13 894 0 0 1
-0.0931131 0.154035 240 0.0120646 0.0399006 11.6205 24.6626 -13 895 0 0 1
-0.0772824 0.197563 240 0.00983516 -0.00357459 6.82183 34.6451 -13 896 0 0 1
-0.104418 -0.0511971 240 -0.0276463 0.0027012 8.4484 27.1346 -13 898 0 0 1
0.254937 -0.0412066 240 -0.0140282 -0.0465955 6.73525 22.8559 -13 899 0 0 1
0.214575 -0.0594506 240 0.0173449 -0.046703 5.3357 44.4901 -13 901 0 0 1
-0.0176134 -0.0630245 240 -0.0183898 0.0229098 6.64953 21.0584 -13 903 0 0 1
-0.058797 -0.0857486 240 -0.0666449 0.0121286 5.23888 34.6325 -13 905 0 0 1
-0.0184835 0.0681177 240 0.016613 -0.0207975 11.6368 34.224 -13 907 0 0 1
0.512212 -0.0219032 240 0.0582466 -0.0745143 9.28033 11.3875 -13 910 0 0 1
-0.155521 0.228387 240 -0.0460045 -0.0571744 2.28892 54.9617 -13 911 0 0 1
0.414881 -0.524037 240 -0.104818 -0.0323331 10.6485 10.8671 -13 11 0 0 1
-0.00930102 -0.156871 240 -0.00923975 0.0225039 13.0929 35.613 -13 18 0 0 1
0.0136694 0.05698 240 0.0144381 -0.00376327 8.49661 20.5854 -13 27 0 0 1
-0.125741 -0.256958 240 3.34405e-05 -0.102897 9.92777 30.5541 -13 42 0 0 1
0.149648 0.081273 240 0.124896 -0.0621961 2.74004 51.9848 -13 52 0 0 1
-0.123263 -0.00929388 240 0.0196659 0.0305264 10.3996 28.0148 -13 55 0 0 1
0.205165 -0.0264828 240 -0.0233489 -0.0681476 10.9883 17.7936 -13 736 0 0 1
0.0885288 -0.0777707 240 -8.36055e-05 -0.0156006 8.70337 29.6076 -13 741 0 0 1
-0.100299 -0.227022 240 -0.0331976 0.0122396 10.5771 25.4938 -13 748 0 0 1
0.0602954 -0.163758 240 -0.032036 0.000766523 11.1411 32.2495 -13 751 0 0 1
-0.104749 -0.0498476 240 -0.0206519 0.0260768 5.481 27.7835 -13 756 0 0 1
0.294533 -0.181965 240 -0.00545734 -0.0631213 13.8741 34.9473 -13 762 0 0 1
0.0696528 0.0134286 240 -0.00405479 -0.020031 14.342 8.74054 -13 772 0 0 1
-0.35037 -0.252724 240 -0.0279329 0.0274849 3.97357 24.7569 -13 775 0 0 1
-0.0473265 0.118747 240 -0.000263654 0.0334818 6.99872 29.2305 -13 783 0 0 1
-0.542531 0.503977 240 0.0856513 -0.0497524 5.02276 41.7593 -13 791 0 0 1
-0.0902713 -0.241465 240 -0.0419056 0.0278083 9.39538 38.8919 -13 799 0 0 1
0.351356 -0.0696135 240 0.0032722 0.00121796 12.55 34.2246 -13 805 0 0 1
-0.0797606 -0.00225226 240 0.000997077 0.00881233 14.3106 20.1617 -13 809 0 0 1
-0.122147 0.0609536 240 0.076862 -0.107365 9.63748 20.1564 -13 814 0 0 1
0.38269 0.224352 240 0.0741823 -0.0476865 6.10837 19.2305 -13 816 0 0 1
-0.0560982 0.0973628 240 0.0103749 0.0172059 12.8391 24.006 -13 838 0 0 1
0.0850991 0.117988 240 0.0161334 0.00698383 9.87915 30.7359 -13 840 0 0 1
-0.0937057 -0.11719 240 -0.0248285 0.01946 10.2334 35.0919 -13 858 0 0 1
0.212409 -0.277167 240 -0.0258666 -0.0274798 5.96528 35.8122 -13 862 0 0 1
0.187304 0.571906 240 0.0202251 -0.0538271 0.763966 261.066 -13 867 0 0 1
0.0362169 0.0535867 240 0.0248831 -0.028417 8.37341 20.8746 -13 868 0 0 1
-0.0175681 0.0839862 240 0.025853 0.00673408 11.8811 30.5304 -13 963 0 0 1
0.0108557 0.0937009 240 0.0237534 -0.00394384 10.496 35.2542 -13 964 0 0 1
-0.0588193 0.0358909 240 -0.014943 -0.00680392 11.3449 23.6153 -13 965 0 0 1
0.00463387 0.072668 240 0.0475055 -0.00510441 9.42199 17.579 -13 966 0 0 1
0.0764977 0.0760891 240 0.0419174 -0.0528302 2.97237 35.8346 -13 968 0 0 1
