#BLTrackFile NTuple/Z340
#x y z Px Py Pz t PDGid EventID TrackID ParentID Weight
#mm mm mm MeV/c MeV/c MeV/c ns - - - - -
0.043092 0.0897876 340 -0.00446716 -0.0123685 11.5179 29.6211 -13 1 0 0 1
-0.105154 -0.0400237 340 0.00622465 0.0188557 12.5775 32.1913 -13 2 0 0 1
0.0673165 0.120234 340 0.0123347 -0.0115499 9.94992 14.7045 -13 3 0 0 1
-0.47079 -0.183202 340 -0.0576489 0.0735434 11.1502 15.1035 -13 4 0 0 1
-0.220116 -0.138018 340 -0.0123392 0.0269385 6.91282 24.7698 -13 5 0 0 1
-0.00821342 0.108263 340 0.0534494 0.0191999 7.65066 37.8915 -13 6 0 0 1
-0.049642 0.023045 340 -0.00120132 0.0310367 12.0479 23.585 -13 7 0 0 1
-0.0219748 -0.238966 340 -0.0854104 -0.033092 3.93872 36.3465 -13 13 0 0 1
-0.258038 0.0384456 340 0.0145604 0.0652236 10.5344 13.3753 -13 22 0 0 1
0.080286 0.00422456 340 0.00311554 0.0114576 11.5826 38.387 -13 28 0 0 1
-0.0770595 -0.0913994 340 -0.021918 0.0118788 9.7863 39.9789 -13 57 0 0 1
0.0171766 0.107066 340 0.0161739 0.00231353 14.0234 37.1014 -13 63 0 0 1
-0.0719591 0.0848579 340 0.0194622 0.028469 11.5349 23.2566 -13 67 0 0 1
0.397604 0.0105493 340 -0.00169953 -0.0643116 6.13023 41.4532 -13 73 0 0 1
-0.207849 0.0102786 340 0.00371774 0.0459927 10.3029 39.8675 -13 80 0 0 1
0.412033 -0.0557111 340 0.00395994 -0.0230917 8.52914 22.8527 -13 88 0 0 1
0.278692 0.180512 340 0.0100266 -0.0543132 8.83066 20.7358 -13 105 0 0 1
-0.311382 0.185672 340 0.0488043 0.0640453 5.88858 25.8628 -13 118 0 0 1
-0.0362428 -0.0480136 340 0.012657 -0.00993465 7.52873 30.3292 -13 120 0 0 1
-0.140584 0.0133123 340 0.0167749 0.0271661 9.06538 20.1401 -13 122 0 0 1
0.048796 -0.0116393 340 0.00132577 0.0077952 11.7336 35.6987 -13 126 0 0 1
0.0976977 -0.0343237 340 -0.00805863 -0.0306971 9.19454 21.7377 -13 131 0 0 1
-0.0477081 0.15777 340 0.0444117 -0.0126299 12.9818 21.5583 -13 136 0 0 1
-0.16719 -0.139059 340 -0.0328397 0.000905174 13.7552 20.8463 -13 142 0 0 1
-0.0306905 -0.222203 340 0.00240905 0.029446 7.03941 26.0561 -13 149 0 0 1
0.152571 0.244336 340 0.0451943 -0.0414186 13.2348 18.7402 -13 157 0 0 1
-0.035682 0.00745086 340 0.00737751 0.00740995 14.3393 31.743 -13 159 0 0 1
-0.0987836 -0.24416 340 -0.00692434 0.0303135 12.3432 34.8369 -13 165 0 0 1
-0.146769 -0.0318451 340 -0.0233983 0.0127523 14.5134 30.7453 -13 171 0 0 1
-0.156096 -0.115762 340 -0.0351145 0.0238719 3.58084 39.0227 -13 177 0 0 1
-0.124552 0.104449 340 -0.00597875 -0.00356488 9.25978 30.9133 -13 182 0 0 1
0.0539123 -0.146859 340 0.0175571 -0.0515967 10.8757 33.4297 -13 195 0 0 1
0.0114005 0.0938888 340 0.0106773 0.0118072 12.3297 14.722 -13 198 0 0 1
-0.103909 0.0141182 340 0.00806869 0.00878846 13.5103 22.6028 -13 228 0 0 1
0.0501874 -0.0511947 340 0.00133122 -0.0163059 10.9654 39.2879 -13 233 0 0 1
0.0320294 0.040386 340 0.0135052 0.00315235 9.51642 18.0838 -13 238 0 0 1
0.220769 -0.183237 340 -0.02644 -0.0321269 13.8058 36.9524 -13 243 0 0 1
0.0298222 -0.136704 340 -0.00769296 -0.0605017 11.8223 38.0068 -13 248 0 0 1
-0.166869 0.0657421 340 0.0204136 0.0441116 12.9856 17.2373 -13 252 0 0 1
-0.0538663 0.139241 340 0.0452216 0.00704748 14.2172 32.578 -13 260 0 0 1
0.142551 -0.267762 340 -0.00487126 -0.123905 3.54135 56.914 -13 264 0 0 1
-0.125693 -0.0265952 340 0.0304867 0.0268082 3.38669 62.8817 -13 270 0 0 1
-0.0176068 0.00450888 340 0.0050603 0.0253746 11.5345 16.5573 -13 276 0 0 1
-0.209587 0.481754 340 0.0664357 -0.0339171 9.54741 36.3057 -13 282 0 0 1
-0.234242 -0.00717136 340 -0.0102313 0.0474967 9.12401 22.2228 -13 290 0 0 1
-0.0307807 -0.116737 340 -0.0728606 0.00274383 13.7827 38.6493 -13 294 0 0 1
0.0570394 0.043569 340 0.0139826 -0.014579 12.1936 23.0302 -13 299 0 0 1
-0.153743 0.0027981 340 -0.00570724 0.0497143 7.73803 33.1677 -13 304 0 0 1
-0.203675 0.0571444 340 -0.0131265 0.0688094 9.58512 33.1195 -13 309 0 0 1
-0.0362684 0.12259 340 -0.00600211 0.0350534 13.0516 11.5288 -13 313 0 0 1
-4.73344 0.566815 340 -0.0952794 0.525059 0.83432 329.012 -13 319 0 0 1
0.155201 0.164369 340 0.0271239 -0.015447 9.86689 18.1217 -13 321 0 0 1
0.0476882 0.0153758 340 -0.0388827 -0.0507255 5.00069 30.0685 -13 374 0 0 1
0.034373 -0.160077 340 -0.0611045 -0.0369093 13.3675 31.4337 -13 375 0 0 1
0.489609 0.315031 340 0.0158118 -0.0911521 6.59795 31.4575 -13 376 0 0 1
-0.0740028 -0.166819 340 -0.024506 -0.0141631 10.5257 22.0122 -13 377 0 0 1
0.150928 -0.59171 340 -0.0437541 0.0553743 0.768363 67.4199 -13 378 0 0 1
-0.182235 -0.38942 340 -0.0575049 0.00879045 7.43239 19.6906 -13 379 0 0 1
0.111025 -0.0985702 340 -0.0239286 0.0125047 14.4527 24.0322 -13 972 0 0 1
0.0924228 0.0377962 340 0.0220487 -0.0113444 13.7689 37.8044 -13 973 0 0 1
0.0429242 -0.156281 340 -0.011624 -0.00512629 14.5611 28.5575 -13 974 0 0 1
-0.0670048 0.0943705 340 0.032226 -0.00657529 10.2903 32.1679 -13 975 0 0 1
0.177703 0.0775246 340 -0.0181021 0.00452945 6.73952 24.6196 -13 976 0 0 1
-0.133526 0.122642 340 -0.00036287 0.00161626 8.98967 31.1389 -13 978 0 0 1
-0.0334231 -0.084533 340 -0.0131132 -0.00846709 13.7268 27.9713 -13 979 0 0 1
0.0593746 -0.135923 340 -0.0329564 -0.0110497 12.0869 14.2854 -13 980 0 0 1
0.121658 -0.15666 340 -0.0120466 -0.0300066 9.69741 13.7254 -13 981 0 0 1
-0.15066 0.00894463 340 -0.0137792 0.026376 13.626 22.1467 -13 982 0 0 1
-0.806003 0.654572 340 -0.0360362 0.152133 5.70519 45.1324 -13 983 0 0 1
-0.288019 -0.0231472 340 -0.0337379 0.0373091 10.0861 15.0472 -13 984 0 0 1
-0.0216609 0.150878 340 0.0205897 0.0106988 11.2637 26.5452 -13 985 0 0 1
0.0950467 0.147009 340 0.0105387 -0.0202771 8.41091 33.5593 -13 986 0 0 1
0.0619969 0.00981281 340 0.0173724 -0.0293439 14.2428 33.5763 -13 987 0 0 1
0.192634 0.198686 340 0.0289706 -0.0430549 6.66873 40.3184 -13 988 0 0 1
0.371765 0.430019 340 0.0249935 -0.0170906 2.91877 56.9733 -13 989 0 0 1
0.118352 -0.0851396 340 -0.040137 -0.0245767 14.4645 17.0319 -13 990 0 0 1
0.0696331 0.0674362 340 0.0128377 -0.0258622 10.8702 31.658 -13 991 0 0 1
0.0960512 0.233025 340 0.00828498 -0.0115368 13.0879 35.1601 -13 992 0 0 1
0.035354 0.0224157 340 0.0297306 0.000371424 11.2805 40.1844 -13 993 0 0 1
0.00328404 0.00365651 340 0.00191771 -0.0208659 12.8313 34.5622 -13 994 0 0 1
-0.00376026 0.326678 340 0.0148557 0.0337332 13.9126 21.0942 -13 995 0 0 1
-0.135428 0.0413061 340 0.00757093 0.0259795 13.0437 34.9963 -13 996 0 0 1
0.00864231 -0.0674135 340 -0.00991025 0.0169149 14.521 17.5783 -13 997 0 0 1
0.00170538 -0.0454753 340 0.00186117 0.00393485 10.265 37.3807 -13 998 0 0 1
-0.236487 0.0110473 340 -0.0126744 0.00366542 7.40136 21.7093 -13 999 0 0 1
-0.359526 0.917784 340 0.107113 0.0857236 8.4639 36.4722 -13 1000 0 0 1
-0.168947 0.0370651 340 0.0171199 0.0207298 14.0152 14.1863 -13 99 0 0 1
-0.0373039 -0.0780327 340 -0.0387705 -0.0316526 12.9956 24.9253 -13 124 0 0 1
0.256937 0.10341 340 0.0575126 -0.081488 7.25276 35.7359 -13 134 0 0 1
0.256992 -0.171562 340 -0.00686531 -0.0962425 9.8575 37.9093 -13 145 0 0 1
-0.0395288 0.00457662 340 -0.0113662 -0.00635654 13.6998 32.8869 -13 153 0 0 1
-0.00687673 0.0205586 340 0.0108036 0.0100387 14.1122 15.9151 -13 161 0 0 1
0.0404998 0.0664508 340 0.0272406 -0.0343908 11.3536 11.9764 -13 168 0 0 1
-0.00709234 -0.069717 340 -0.0120296 -0.0150649 10.6788 14.2799 -13 175 0 0 1
-0.00447552 0.139094 340 0.0281166 0.0107642 11.8837 39.7172 -13 186 0 0 1
0.0806075 -0.0645661 340 0.00543154 -0.0176765 14.4656 29.487 -13 203 0 0 1
-0.0415089 0.154835 340 0.045117 0.0266347 6.25037 48.5706 -13 224 0 0 1
-0.381117 -0.10627 340 0.0297097 0.0498741 6.31952 38.3188 -13 232 0 0 1
-0.0772208 0.0160862 340 -0.0282274 0.00465944 8.40435 29.7394 -13 237 0 0 1
0.0193657 -0.126299 340 -0.0403903 0.0102707 12.0663 18.0008 -13 255 0 0 1
0.218737 0.0545839 340 0.0138744 -0.0375785 10.8868 39.6279 -13 287 0 0 1
0.0963778 0.006471 340 0.00715505 -0.0336 9.72429 28.233 -13 306 0 0 1
0.486602 -0.121626 340 -0.0250907 -0.120745 2.63156 49.1863 -13 317 0 0 1
0.150976 0.00196917 340 -0.0363276 -0.0209934 11.4527 37.7784 -13 325 0 0 1
0.0290244 -0.0657058 340 -0.0218333 -0.0164737 9.85393 19.3448 -13 414 0 0 1
0.314241 0.035676 340 0.0893252 -0.104107 7.68308 30.0049 -13 419 0 0 1
-0.120326 -0.314656 340 -0.00481698 -0.0177099 7.10933 21.4295 -13 422 0 0 1
0.0819237 0.0247826 340 -0.0298922 -0.0431915 7.06177 25.7673 -13 428 0 0 1
0.0562625 -0.0888722 340 0.0186117 -0.0238657 7.87218 28.8681 -13 429 0 0 1
0.0438557 -0.16635 340 -0.0624324 0.00219607 11.2578 17.9588 -13 436 0 0 1
0.034647 0.0369941 340 0.012699 0.00377725 10.7084 23.0481 -13 437 0 0 1
0.0632954 -0.0589446 340 0.0172608 -0.00161555 11.9486 39.1053 -13 439 0 0 1
0.02975 -0.432917 340 0.002059 0.0242413 4.18473 31.0019 -13 442 0 0 1
0.0412688 0.028627 340 -0.000210391 -0.00830742 13.4096 36.2108 -13 446 0 0 1
-0.167897 0.142568 340 -0.0238825 0.0440886 8.2053 19.876 -13 449 0 0 1
-0.700006 1.04522 340 0.104837 0.0940248 1.71814 56.9665 -13 455 0 0 1
0.118559 0.165098 340 0.0372274 0.0122173 13.6886 35.4754 -13 462 0 0 1
-0.00237534 0.70654 340 -0.171612 0.0457989 1.27138 59.0039 -13 600 0 0 1
-0.155739 -0.075151 340 -0.0591096 -0.0298819 12.5575 28.007 -13 601 0 0 1
0.0149701 0.0486727 340 -0.00252484 -0.00805268 11.8209 14.3453 -13 12 0 0 1
-0.0517223 0.170691 340 0.0181176 0.00859729 8.45088 17.2376 -13 16 0 0 1
0.0177042 -0.0172936 340 -0.00573129 0.00928639 13.6938 30.6016 -13 34 0 0 1
0.174083 -0.0938705 340 -0.0160907 -0.0677466 10.8666 36.0402 -13 45 0 0 1
-0.0316535 0.0096021 340 -0.0104257 0.00440137 13.2718 15.818 -13 49 0 0 1
0.0301116 -0.0714928 340 0.0115238 0.0211103 14.1279 17.8124 -13 56 0 0 1
-0.142423 -0.02402 340 -0.00105961 0.0242088 11.1761 16.2964 -13 70 0 0 1
-0.394038 0.722106 340 0.0682591 0.0490296 8.21253 41.0133 -13 77 0 0 1
-0.0304071 -0.292347 340 -0.0276159 -0.0422776 9.93059 23.3028 -13 89 0 0 1
0.0537792 0.134551 340 -0.0299564 0.00571327 2.5832 48.132 -13 96 0 0 1
-0.00636999 0.0615862 340 0.0322467 0.0135369 14.1494 33.9951 -13 140 0 0 1
0.0580672 0.0377691 340 -0.00854015 -0.0454768 11.9005 37.1202 -13 452 0 0 1
0.0177314 0.414095 340 0.0563856 0.0231579 12.9651 37.6223 -13 453 0 0 1
0.0856241 0.0679779 340 0.0395824 -0.016918 14.0146 12.9622 -13 456 0 0 1
-0.0901545 0.0983167 340 -0.00863974 0.0187994 9.45759 14.8807 -13 457 0 0 1
0.250203 0.205554 340 0.0078521 0.00573812 8.00486 24.3044 -13 459 0 0 1
-0.128644 -0.071835 340 0.00216536 0.0180237 13.4645 35.4246 -13 461 0 0 1
-0.728833 -0.584022 340 -0.0551837 0.203075 1.35645 64.9976 -13 471 0 0 1
-0.0896558 -0.12047 340 -0.027646 0.0397096 9.00831 28.378 -13 481 0 0 1
0.191194 -0.4071 340 -0.0190137 -0.0754838 5.13076 27.9779 -13 46 0 0 1
-0.184647 0.27719 340 0.042258 0.00662545 5.49132 35.7694 -13 69 0 0 1
-0.395384 -0.176729 340 -0.0397901 0.0338727 12.4107 35.5511 -13 76 0 0 1
-0.241878 0.239877 340 0.0429679 0.0280752 13.5792 13.0505 -13 85 0 0 1
0.0483554 -0.00851164 340 -0.0219848 0.0120498 7.71864 41.7415 -13 93 0 0 1
0.135438 0.443679 340 0.0488171 0.0137248 4.82452 40.9649 -13 101 0 0 1
-0.064 0.208315 340 0.0359252 -0.00251044 9.60788 25.8658 -13 104 0 0 1
0.306524 -0.36174 340 -0.048126 -0.00973518 5.48794 25.0053 -13 110 0 0 1
0.0159495 0.172119 340 0.0250939 0.0175409 11.9641 20.6879 -13 113 0 0 1
-0.480688 -0.426729 340 -0.0726446 0.0689242 9.23554 24.0751 -13 146 0 0 1
0.128825 -0.115913 340 -0.0261272 -0.0292835 12.2904 14.968 -13 184 0 0 1
0.107796 -0.220217 340 -0.0322516 -0.0278722 12.0199 31.3451 -13 202 0 0 1
0.197288 -0.280392 340 -0.127044 -0.019827 1.77925 70.546 -13 208 0 0 1
-0.0499828 0.180151 340 -0.0185441 0.0442186 9.80717 30.8922 -13 214 0 0 1
0.0361528 0.173277 340 0.00914587 -0.00137976 14.5197 26.4947 -13 371 0 0 1
0.158363 -0.00620278 340 -0.063407 0.0265845 2.44568 71.6204 -13 372 0 0 1
0.110068 -0.10211 340 0.00363597 -0.0172974 14.2062 18.0925 -13 373 0 0 1
0.0171391 0.0290574 340 -0.00243094 -0.0171528 14.4386 26.6769 -13 387 0 0 1
-0.133861 0.167666 340 -0.0512153 0.00135947 9.36886 37.0135 -13 388 0 0 1
-0.120983 -0.246141 340 -0.0441631 0.0580956 13.4976 28.0324 -13 389 0 0 1
-0.148851 -0.105667 340 -0.025139 0.0166752 10.3146 21.4071 -13 390 0 0 1
-0.0679052 -0.0779538 340 0.0116277 0.00612377 8.71888 42.5526 -13 391 0 0 1
-0.0527046 0.352708 340 0.0480528 -0.0360302 8.17795 42.52 -13 392 0 0 1
0.402682 -0.733462 340 -0.192506 -0.00855994 4.09103 32.5213 -13 393 0 0 1
-0.0823313 0.108986 340 0.030563 -0.0128372 3.93196 39.697 -13 394 0 0 1
0.0459248 -0.17534 340 -0.0572012 -0.0288579 14.1061 17.9884 -13 395 0 0 1
-0.392555 -0.086769 340 0.0802556 0.0902738 7.09649 33.5733 -13 396 0 0 1
0.058331 -0.0380152 340 -0.00481653 0.0036601 14.5313 16.2417 -13 397 0 0 1
-0.252155 0.282582 340 -0.0368026 0.130969 13.3079 16.9355 -13 398 0 0 1
0.183539 0.0730969 340 0.0229656 -0.0381096 11.6554 22.2896 -13 400 0 0 1
0.231553 -0.22405 340 -0.043647 -0.00891807 7.356 18.4276 -13 402 0 0 1
0.106754 -0.111352 340 -0.0274771 -0.0184057 14.3933 17.3302 -13 404 0 0 1
-0.163663 -0.232102 340 -0.0454992 0.0411836 7.08801 32.6136 -13 406 0 0 1
-0.0800769 -0.0144909 340 -0.0431917 0.0326155 10.9322 33.0572 -13 408 0 0 1
-0.181876 -0.0361924 340 0.0156979 0.0182338 12.2079 13.9329 -13 409 0 0 1
0.018004 -0.238288 340 -0.0159026 -0.064645 6.89575 23.0948 -13 411 0 0 1
0.144462 -0.344196 340 -0.0468219 -0.0277183 7.30751 21.695 -13 412 0 0 1
-0.134828 -0.186827 340 -0.0564254 -0.0082519 8.28154 22.1998 -13 415 0 0 1
-0.22298 0.267698 340 0.0409144 0.0473774 6.60107 24.6487 -13 417 0 0 1
-0.0677554 -0.0761364 340 -0.00389991 0.0294322 13.2099 14.4569 -13 421 0 0 1
-0.0769307 0.114522 340 0.00920729 0.00570988 9.33181 23.3568 -13 424 0 0 1
0.116997 -0.0902117 340 -0.040138 -0.0172553 5.01746 48.3581 -13 426 0 0 1
-0.00732738 0.00586795 340 0.0152749 -0.0446841 10.8165 37.3885 -13 427 0 0 1
0.343981 0.140103 340 0.0304472 -0.0381183 9.94297 22.952 -13 430 0 0 1
0.0163872 -0.0987743 340 0.00219166 -0.0134423 10.8532 21.5463 -13 431 0 0 1
0.00265357 -0.0545204 340 -0.0412365 -0.0600133 9.95384 30.7217 -13 432 0 0 1
-0.0383338 -0.0238365 340 0.000439783 0.00190256 11.055 36.607 -13 433 0 0 1
-0.0203834 -0.172544 340 -0.022922 0.0310707 13.7082 20.6095 -13 434 0 0 1
-0.0932059 -0.0994199 340 0.0176486 0.00234908 11.3945 26.0087 -13 435 0 0 1
-0.04721 0.044283 340 0.011253 0.021815 11.1313 27.7074 -13 438 0 0 1
-0.142299 0.12672 340 0.0101449 0.0932047 8.85581 35.0366 -13 440 0 0 1
-0.196423 -0.300925 340 -0.0520369 0.0269675 11.3795 25.1984 -13 441 0 0 1
0.115476 0.0245699 340 0.000860769 -0.0265585 7.64304 41.8314 -13 443 0 0 1
-0.0205984 0.0721142 340 -0.0129393 0.0133546 11.3928 21.8606 -13 444 0 0 1
0.287733 -0.0396757 340 0.0273312 -0.0406522 8.02851 41.2653 -13 445 0 0 1
0.0889552 0.259049 340 0.0185944 0.0138882 11.5843 22.9796 -13 447 0 0 1
0.0572307 0.0372091 340 0.0241658 -0.0666885 9.83826 16.3332 -13 448 0 0 1
-0.0163597 0.00696946 340 -0.00954633 -0.0139146 12.3757 39.4665 -13 450 0 0 1
0.31787 0.0452892 340 -0.0207249 -0.0426381 7.84708 36.3191 -13 451 0 0 1
-0.0540399 -0.0320201 340 0.00994707 0.0367946 9.53664 22.3943 -13 454 0 0 1
0.0933451 0.161399 340 -0.0152352 -0.0155926 7.71001 28.3426 -13 463 0 0 1
0.0406965 -0.0598872 340 -0.035156 0.051086 7.32948 18.6115 -13 466 0 0 1
0.114057 -0.00507715 340 0.0100352 -0.0134518 8.85108 24.6364 -13 468 0 0 1
-0.182486 -0.111773 340 -0.0231363 0.0459582 10.0629 32.8763 -13 472 0 0 1
0.0543646 -0.214042 340 -0.00327541 0.0195313 5.4421 24.3835 -13 473 0 0 1
0.197565 -0.00192314 340 0.0332789 -0.00325482 7.86223 16.9697 -13 476 0 0 1
-0.179173 0.430181 340 0.0684679 0.036385 9.71781 15.8822 -13 478 0 0 1
-0.0681411 0.213147 340 0.052353 -0.0383123 5.40459 25.4427 -13 479 0 0 1
-0.417722 -0.333846 340 0.011195 0.0797938 6.56912 47.9402 -13 482 0 0 1
-0.00858298 0.151495 340 0.0349091 0.0139146 7.5103 30.7173 -13 484 0 0 1
0.103286 -0.0285638 340 -0.0145058 -0.0285865 7.33064 24.734 -13 486 0 0 1
0.0316577 0.0713464 340 0.0221149 -0.00677054 13.0258 27.9659 -13 487 0 0 1
0.0841443 -0.149435 340 -0.012537 -0.00746828 11.8963 26.4113 -13 499 0 0 1
0.0698079 0.0114613 340 -0.00286423 -0.00811837 12.67 23.3911 -13 500 0 0 1
-0.0585493 -0.077921 340 -0.00951868 0.0189743 10.8985 21.862 -13 501 0 0 1
0.130445 -0.0141057 340 -0.00084127 -0.0155161 14.4374 14.1259 -13 502 0 0 1
-0.268999 -0.197747 340 0.00947057 0.0306073 3.63678 48.6846 -13 505 0 0 1
0.0734999 -0.0315823 340 0.00424728 0.0130383 12.466 22.067 -13 507 0 0 1
-0.0472633 -0.075146 340 0.0369687 0.0301976 12.8901 27.8433 -13 512 0 0 1
-0.0958427 0.109793 340 0.00584321 0.0215701 4.01 38.6647 -13 516 0 0 1
0.205333 -0.0672081 340 0.0116477 -0.0362 12.3746 15.4058 -13 518 0 0 1
0.293712 -0.291476 340 0.00326587 -0.0470646 12.9333 21.3531 -13 522 0 0 1
-0.374096 -0.131595 340 0.0020277 0.042886 3.94882 56.0077 -13 524 0 0 1
1.7761 1.80484 340 0.247135 -0.293968 3.32444 63.3751 -13 527 0 0 1
-0.0845317 -0.0185123 340 0.000597027 0.0381336 12.4946 26.2707 -13 528 0 0 1
-0.0890252 -0.0854474 340 -0.0277365 0.0513384 11.2752 34.1113 -13 529 0 0 1
0.260887 0.0355643 340 -0.0497181 -0.0341117 9.07454 36.8288 -13 533 0 0 1
-0.0864068 0.00545593 340 -0.00336831 -0.00906322 9.16984 37.021 -13 534 0 0 1
0.132736 0.157091 340 0.00943282 -0.0167141 9.8459 15.4692 -13 535 0 0 1
0.00109042 -0.196553 340 -0.0304074 0.0890879 13.049 18.9433 -13 536 0 0 1
-0.331047 -0.0790604 340 -0.0351641 0.0253715 4.50164 41.1057 -13 537 0 0 1
0.0424523 -0.000950531 340 -0.00339548 0.000488282 14.4782 27.0865 -13 538 0 0 1
0.0700071 0.00624872 340 0.00762813 -0.0083595 11.3408 16.9129 -13 539 0 0 1
-0.0463277 0.126835 340 0.0318093 -0.0331414 7.36556 38.568 -13 541 0 0 1
0.0131397 0.016184 340 -0.0203302 0.000456106 13.7401 37.1969 -13 544 0 0 1
-0.313916 0.189422 340 0.04911 0.0851089 4.8734 50.5872 -13 545 0 0 1
-0.0072307 0.346435 340 0.0563955 0.0549621 6.62075 38.2589 -13 546 0 0 1
0.000724876 0.0455822 340 -0.00514399 0.00500542 9.86936 31.8103 -13 548 0 0 1
-0.21663 -0.0799326 340 0.00444265 0.0239377 8.61824 31.0185 -13 550 0 0 1
-0.310249 -0.251217 340 -0.0553847 0.0399797 7.91103 27.4073 -13 553 0 0 1
-0.204895 0.00266124 340 -0.033766 0.02745 6.19325 40.6704 -13 556 0 0 1
-0.211728 -0.126319 340 -0.0303089 0.0248642 10.946 39.7132 -13 559 0 0 1
-0.269244 -0.211806 340 -0.0780181 0.0838332 11.0576 15.0128 -13 562 0 0 1
0.0210702 0.130655 340 0.00834859 -0.0179746 12.1196 25.7599 -13 563 0 0 1
-0.105279 0.170874 340 0.01295 0.0151152 10.5748 40.0532 -13 564 0 0 1
0.164652 -0.0599265 340 -0.00612719 -0.00665893 14.2263 14.3433 -13 565 0 0 1
0.0164242 -0.02431 340 0.00662138 0.00139058 10.5992 23.423 -13 567 0 0 1
0.0391599 -0.0741986 340 -0.0140998 -0.0147139 13.548 20.561 -13 569 0 0 1
-0.251728 0.105095 340 0.0459474 0.0785194 11.1028 37.0548 -13 570 0 0 1
-0.151846 0.0741569 340 -0.00574039 0.0261728 9.89962 24.9292 -13 572 0 0 1
-0.361251 -0.0363711 340 0.0225027 0.0356219 6.52864 31.5553 -13 573 0 0 1
0.112696 0.0152903 340 0.0224649 0.000238245 13.741 17.9605 -13 574 0 0 1
0.128536 -0.180168 340 -0.0213533 0.0108733 10.6111 30.8596 -13 576 0 0 1
0.0357957 0.0652149 340 0.0223408 0.00837951 13.4012 12.109 -13 577 0 0 1
-0.177141 0.172827 340 0.0308673 0.0289195 8.41545 26.0034 -13 578 0 0 1
0.165343 -0.0268381 340 -0.00251898 -0.0243455 13.9759 25.1431 -13 579 0 0 1
0.00887341 0.193033 340 0.0426568 0.0194522 12.7404 17.7394 -13 580 0 0 1
0.0251167 0.0423675 340 0.0109929 -0.0120764 11.099 39.2731 -13 581 0 0 1
0.249258 0.504364 340 0.0521279 -0.00698402 8.91292 26.3351 -13 582 0 0 1
-0.338808 -0.084286 340 -0.00164862 0.0874608 7.62906 23.1373 -13 583 0 0 1
-0.0892407 0.107194 340 0.00524874 -0.0126342 9.38552 38.1442 -13 586 0 0 1
0.0675406 0.272067 340 0.0310321 0.0226588 13.7677 28.5764 -13 587 0 0 1
0.356557 -0.112716 340 -0.0343645 -0.0605783 9.5916 22.6568 -13 588 0 0 1
-0.0698137 -0.0470096 340 -0.0220953 0.0147201 13.2746 21.8295 -13 589 0 0 1
-0.916772 0.441443 340 -0.169727 0.0653622 0.922249 322.877 -13 590 0 0 1
0.0104914 -0.0701651 340 -0.0194369 0.0175085 9.16858 25.4314 -13 591 0 0 1
0.0602647 -0.227145 340 -0.0572346 -0.0475391 5.26287 42.1351 -13 15 0 0 1
-0.11933 0.0310944 340 0.0203592 -0.00919392 8.29334 21.9801 -13 58 0 0 1
-0.0213872 -0.0995185 340 -0.0442134 0.0191123 6.70255 26.9462 -13 90 0 0 1
-0.0140114 -0.701638 340 -0.000185086 -5.25917e-05 1.19674 331.021 -13 102 0 0 1
-0.044611 0.0465791 340 0.00454904 0.0107397 13.7744 26.8605 -13 107 0 0 1
-0.374037 0.534188 340 0.00245533 -0.000485593 0.0921184 316.2 -13 353 0 0 1
0.00349161 0.0357139 340 0.0386366 0.0086686 10.8668 38.8246 -13 354 0 0 1
-1.67144 0.42208 340 -0.000274769 0.000448697 0.684229 332.875 -13 385 0 0 1
-0.00760254 -0.0549877 340 -0.0107315 0.0158762 14.463 18.0173 -13 386 0 0 1
0.0264795 0.0961482 340 0.00228471 -0.0231243 12.6555 13.484 -13 399 0 0 1
0.137282 -0.0991868 340 -0.0300523 -0.0347752 11.1725 24.5549 -13 401 0 0 1
0.289755 -0.275226 340 -0.0830995 -0.0281756 5.7307 41.3011 -13 403 0 0 1
-0.0191166 0.0286758 340 0.00543309 0.00481217 12.8569 27.0899 -13 405 0 0 1
-0.271772 0.205158 340 0.0812829 -0.0280818 4.71697 49.3916 -13 407 0 0 1
0.0763065 0.0573434 340 0.00515678 0.0454408 7.19162 27.4134 -13 410 0 0 1
-0.539223 -0.128906 340 0.0187906 0.0974763 5.77867 22.1211 -13 413 0 0 1
-0.00252577 0.0387172 340 0.0133751 -0.00749345 12.6547 23.9092 -13 416 0 0 1
-0.123184 0.130924 340 0.037357 0.0464866 10.0413 38.8843 -13 418 0 0 1
-0.306576 0.105225 340 0.0160784 0.0420959 12.4536 20.139 -13 420 0 0 1
0.726056 -0.619155 340 -0.0394529 -0.00803579 1.3695 79.4976 -13 423 0 0 1
0.159124 0.0669974 340 0.0370632 -0.0149784 5.10253 52.7943 -13 425 0 0 1
0.00431406 0.134213 340 0.0212966 0.0420383 10.2566 18.1424 -13 503 0 0 1
0.00622682 -0.206304 340 -0.0465092 -0.0121188 8.71102 22.387 -13 506 0 0 1
-0.135991 -0.390709 340 -0.0732377 0.0315727 10.4678 15.2051 -13 511 0 0 1
0.109874 -0.0647751 340 -0.0214141 -0.0284461 13.3474 10.3364 -13 513 0 0 1
0.0757442 -0.339611 340 -0.0556458 -0.0566539 8.23068 18.2541 -13 517 0 0 1
0.0461496 -0.526911 340 -0.00546681 0.0419883 11.6457 28.089 -13 520 0 0 1
0.098732 -0.0278578 340 -0.0186527 -0.024838 13.5828 25.4532 -13 523 0 0 1
0.445254 -0.176894 340 0.0475526 -0.0909339 11.7144 30.5699 -13 526 0 0 1
0.169563 0.0682379 340 0.0437326 -0.000716366 12.9538 23.5638 -13 531 0 0 1
-0.107563 -0.16637 340 -0.0230077 0.0412769 11.2738 36.793 -13 540 0 0 1
-0.342307 0.187002 340 -0.0764439 0.125228 12.824 13.6881 -13 542 0 0 1
0.132398 -0.0137333 340 0.0115826 -0.0219919 10.689 31.3536 -13 547 0 0 1
-0.00144965 0.111059 340 -0.00381736 -0.00623687 9.63861 38.6249 -13 549 0 0 1
-0.0649426 0.251858 340 0.0316184 0.0174977 11.3155 21.2402 -13 552 0 0 1
-0.116118 0.196223 340 0.056707 0.0345741 7.98843 42.9411 -13 555 0 0 1
0.738727 0.350782 340 0.016484 -0.0126758 0.789169 322.905 -13 558 0 0 1
-0.0280645 0.03196 340 -0.00168469 0.00972078 13.6105 10.1061 -13 560 0 0 1
-0.241818 0.0305073 340 0.0299358 0.0514372 11.9761 32.7394 -13 329 0 0 1
0.145617 -0.0487219 340 -0.0328986 -0.00326684 4.91627 30.6473 -13 332 0 0 1
0.178784 -0.235501 340 8.10853e-05 -0.0950153 12.4609 37.6965 -13 341 0 0 1
0.00120767 0.0395702 340 0.0183519 -0.0122183 13.4599 24.5496 -13 346 0 0 1
-0.0535813 0.194134 340 0.0904505 0.0235415 13.7931 35.5741 -13 348 0 0 1
-0.269568 0.0324212 340 0.0251258 0.0380254 7.1515 31.4193 -13 349 0 0 1
-0.469185 0.0754681 340 -0.00606606 0.108689 7.81601 39.0745 -13 350 0 0 1
-0.0794144 0.0432623 340 0.0237753 -0.00628104 4.65099 34.0929 -13 351 0 0 1
0.142033 0.586787 340 0.0119119 0.112528 4.35347 39.6429 -13 352 0 0 1
0.161401 -0.494631 340 -0.15469 -0.108399 3.44643 52.5605 -13 355 0 0 1
0.187242 -0.248089 340 -0.0255901 -0.0371017 9.78938 40.6008 -13 356 0 0 1
-0.148675 -0.133025 340 -0.0171564 0.0115247 10.6816 39.065 -13 357 0 0 1
0.0578083 -0.0517227 340 0.0227295 0.00732197 10.9531 28.9413 -13 358 0 0 1
0.0694084 0.0198045 340 0.00620127 -0.0111289 11.7944 16.8928 -13 359 0 0 1
0.0126605 0.109496 340 0.0204656 0.00176774 13.5133 30.9466 -13 360 0 0 1
0.557374 -0.10959 340 -0.0523467 -0.116616 4.01318 35.6959 -13 361 0 0 1
-0.481977 0.3034 340 0.0373463 0.0645088 8.76227 15.1284 -13 362 0 0 1
0.267062 -0.136594 340 0.0298449 -0.0300176 12.177 38.7856 -13 363 0 0 1
-0.0189768 -0.0318328 340 0.00652565 0.0215524 14.4548 13.5856 -13 364 0 0 1
0.0749914 0.132268 340 0.0309651 -0.0335664 11.8475 15.4032 -13 365 0 0 1
-0.136487 0.0612473 340 0.000401872 0.00423954 7.92459 16.6068 -13 366 0 0 1
0.114634 0.0103702 340 -0.00010529 -0.0365735 11.7165 35.3495 -13 367 0 0 1
-0.478082 -0.407661 340 -0.0204095 0.116431 6.09573 39.4568 -13 368 0 0 1
-0.32822 -0.581742 340 -0.0920461 0.122662 1.57087 75.8751 -13 369 0 0 1
0.212186 0.332284 340 0.131154 -0.0456224 6.49004 22.8399 -13 370 0 0 1
-0.00545169 0.144233 340 0.022386 0.0207234 11.6117 37.5868 -13 458 0 0 1
0.476041 0.649492 340 0.14237 -0.0685356 3.94926 57.4306 -13 464 0 0 1
-0.363204 0.429173 340 0.05321 0.0283928 6.49989 21.6783 -13 470 0 0 1
0.0276422 -0.298154 340 -0.0128836 0.0205691 10.6788 28.9796 -13 480 0 0 1
0.0457405 -0.0474742 340 -0.0149286 -0.0099618 11.3769 14.7882 -13 485 0 0 1
-0.236234 0.0917728 340 0.0266464 0.0580941 3.94697 34.3558 -13 490 0 0 1
-0.162631 0.0134927 340 0.00167417 0.0302006 13.938 13.4115 -13 492 0 0 1
0.0884633 -0.0292171 340 -0.0028556 -0.00483482 14.4525 10.2878 -13 495 0 0 1
0.0339082 -0.140698 340 0.000741917 -0.0248089 11.1983 28.2625 -13 504 0 0 1
-0.0130562 0.133588 340 0.0258947 0.010952 11.4402 36.6328 -13 508 0 0 1
0.144698 0.104002 340 0.034647 -0.00133981 8.25577 35.6925 -13 509 0 0 1
-0.0561184 0.0878545 340 0.0329259 0.0190384 10.2455 36.0828 -13 515 0 0 1
0.0481187 0.0610497 340 0.0297178 0.000584521 11.6692 29.6501 -13 519 0 0 1
-nan -nan -nan -nan -nan -nan -nan -13 521 0 0 1
-0.20294 -0.00158023 340 0.0594442 0.0889854 9.72252 20.1241 -13 525 0 0 1
-0.00853515 -0.210268 340 -0.0061557 -0.0108935 10.4314 14.6967 -13 14 0 0 1
-0.0762276 0.131154 340 0.0358647 -0.00950982 8.2886 32.3706 -13 19 0 0 1
0.181351 -0.0630006 340 -0.012494 -0.0215414 8.94836 29.2622 -13 26 0 0 1
0.174031 -0.0379577 340 0.00750138 -0.062587 8.49967 19.9867 -13 32 0 0 1
-0.0889277 -0.259298 340 -0.0580346 -0.0046823 10.4058 39.9831 -13 37 0 0 1
0.0386703 0.106387 340 0.0325269 0.0188943 8.9065 16.9941 -13 41 0 0 1
-0.171419 -0.119655 340 -0.0446222 -0.00846631 7.12481 34.4224 -13 59 0 0 1
-0.444369 0.11277 340 0.0379618 0.0549643 9.38349 25.9349 -13 62 0 0 1
-0.193731 -0.262345 340 -0.060475 0.0588411 7.3924 29.7719 -13 66 0 0 1
-0.11364 0.0351482 340 -0.00177871 0.0425674 10.3573 13.4516 -13 72 0 0 1
0.0485297 0.0347893 340 -0.00265369 -0.0129866 12.6862 34.8174 -13 79 0 0 1
-0.062097 0.0424047 340 -0.0148261 0.0313834 9.9687 35.7361 -13 103 0 0 1
0.0586135 0.0519254 340 0.0182824 -0.00544327 13.5763 9.92996 -13 109 0 0 1
-0.0203337 0.120045 340 0.00205865 -0.0227664 10.3178 41.2535 -13 116 0 0 1
-0.284466 -0.155934 340 -0.0946852 0.0436431 10.9691 31.0481 -13 119 0 0 1
-0.231966 -0.0819378 340 -0.0684546 0.145521 7.93094 43.4619 -13 121 0 0 1
-0.0372128 0.00564698 340 0.00312056 0.0146171 11.4766 37.3845 -13 125 0 0 1
-0.0913602 0.00594137 340 0.00298346 0.0013458 13.244 31.8985 -13 132 0 0 1
-0.0369127 -0.091818 340 -0.00681311 0.0404758 13.3653 13.7199 -13 135 0 0 1
0.0170206 -0.0917839 340 -0.0109645 -0.00255214 13.8269 10.2446 -13 141 0 0 1
0.0292444 -0.00835657 340 -0.0108254 0.0302084 14.1384 33.1719 -13 152 0 0 1
-0.121961 -0.138927 340 -0.0230462 0.00838761 9.96683 37.7135 -13 155 0 0 1
0.00599888 -0.153603 340 -0.0022779 0.0398953 7.54802 25.0728 -13 160 0 0 1
-0.448011 0.170327 340 0.0190596 0.0797516 11.0187 40.0088 -13 166 0 0 1
0.0506568 -0.0620116 340 -0.074445 0.0235014 11.8367 25.2297 -13 172 0 0 1
0.67122 -0.29307 340 -0.00439117 -0.129409 5.64144 33.064 -13 178 0 0 1
0.0411007 0.0867612 340 -0.0113136 -0.0226591 14.0204 14.42 -13 183 0 0 1
0.00988378 0.00679753 340 0.00975823 -0.00277507 12.2528 16.2816 -13 191 0 0 1
0.017859 0.0315344 340 0.00479272 -0.00477777 12.9428 24.0654 -13 199 0 0 1
-0.0954327 -0.113065 340 0.0420647 0.0144321 10.0453 31.3608 -13 226 0 0 1
0.0788403 0.132835 340 0.0109535 0.00925226 11.9785 11.9019 -13 230 0 0 1
0.40101 0.209998 340 0.0564071 -0.0635859 6.31365 42.7393 -13 235 0 0 1
0.101394 -0.10931 340 0.017021 0.0260425 10.5348 19.3823 -13 263 0 0 1
0.075997 -0.0504933 340 0.0324977 -0.0174376 12.8045 33.4746 -13 265 0 0 1
-0.0234482 -0.255621 340 -0.0650108 -0.0113483 6.95631 36.4446 -13 291 0 0 1
-0.00141945 0.0691236 340 -0.0170516 -0.0085034 7.27498 39.9502 -13 295 0 0 1
0.0674247 -0.203383 340 -0.0227449 -0.0198741 6.13221 25.5709 -13 318 0 0 1
-0.0369344 0.179884 340 0.0328989 -0.00460838 13.8108 14.9496 -13 320 0 0 1
-0.279269 -0.0329385 340 -0.0409185 0.0259916 12.7487 15.6542 -13 322 0 0 1
-0.00104181 -0.0109366 340 -0.0394098 -0.0325115 6.17128 27.4206 -13 323 0 0 1
-0.0165292 0.137695 340 0.0218349 -0.0240468 10.7431 32.0492 -13 326 0 0 1
0.381458 0.0400475 340 -0.0240577 -0.0544902 5.64144 22.5892 -13 331 0 0 1
-0.372041 0.0872604 340 0.0235588 -0.00259385 2.55252 72.2028 -13 343 0 0 1
0.0836564 -0.00138658 340 0.000371153 0.00686304 9.73306 13.5386 -13 345 0 0 1
0.223443 0.331496 340 0.0658165 -0.00896488 10.6888 16.9984 -13 380 0 0 1
0.124923 0.212582 340 0.0657444 -0.0240678 7.86137 28.436 -13 381 0 0 1
0.0577386 -0.264296 340 -0.0130372 -0.161733 13.4135 22.0338 -13 382 0 0 1
0.209398 0.0148673 340 0.00218358 -0.0396468 14.1205 23.5149 -13 384 0 0 1
-0.11899 0.324338 340 0.0250599 0.0173574 10.5636 15.0056 -13 460 0 0 1
0.0329481 0.123357 340 0.0308038 -0.027002 9.92849 18.2586 -13 465 0 0 1
0.0385548 0.0191699 340 -0.00700932 -0.0130056 14.0841 12.3417 -13 467 0 0 1
-0.0684413 -0.00961514 340 0.0421198 0.0477077 4.77664 42.3954 -13 469 0 0 1
0.0555774 -0.097998 340 -0.000242935 -0.00969704 8.25957 30.4037 -13 474 0 0 1
-0.027893 -0.0849084 340 0.00418634 0.0069638 11.794 21.0905 -13 475 0 0 1
0.106776 0.0410703 340 -0.00206126 -0.00690153 9.53905 29.4005 -13 477 0 0 1
-0.0306604 -0.0274869 340 0.00187378 -0.00433097 14.0543 38.2522 -13 483 0 0 1
0.0496531 0.00489049 340 0.0388694 -0.0287999 5.35938 43.3069 -13 488 0 0 1
-0.0190813 -0.100689 340 -0.0206681 0.0356263 13.8944 14.039 -13 489 0 0 1
0.085999 0.0182095 340 0.0163814 -0.0309592 7.60733 41.2384 -13 491 0 0 1
-0.00609216 0.00376723 340 0.0131042 -0.0121141 12.4396 35.0743 -13 493 0 0 1
-0.1203 0.0707159 340 -0.0149461 0.00710915 12.969 33.3942 -13 494 0 0 1
0.278869 0.0250991 340 0.0520642 -0.016167 10.7016 18.8795 -13 496 0 0 1
-0.0969306 -0.102095 340 -0.0699923 0.0105873 14.0604 10.202 -13 497 0 0 1
-0.0126561 -0.0838187 340 -0.0144521 -0.00215876 13.7005 25.7562 -13 498 0 0 1
0.549351 0.422928 340 0.0662348 -0.0515986 10.5533 21.9387 -13 510 0 0 1
0.462529 -0.214981 340 -0.0860564 -0.0348786 7.92599 21.3924 -13 514 0 0 1
-0.0764344 0.14667 340 0.00380302 -0.0176067 8.32946 37.6207 -13 530 0 0 1
-0.00227843 0.0430571 340 0.00707551 -0.009123 13.8495 38.3341 -13 532 0 0 1
0.201283 0.0413192 340 0.0477455 -0.0403333 8.56044 27.2826 -13 543 0 0 1
0.00906731 0.0736923 340 0.025006 0.0161084 10.6065 17.62 -13 551 0 0 1
-0.0271154 0.250826 340 0.0743576 0.00279261 5.0774 25.3553 -13 554 0 0 1
0.10715 -0.132299 340 -0.0384061 0.000646785 13.5742 15.8375 -13 557 0 0 1
-0.175862 0.286816 340 0.0031045 -0.00282252 5.25693 49.8248 -13 561 0 0 1
-0.147237 0.134563 340 0.0192692 0.0255382 9.44208 25.0522 -13 566 0 0 1
0.138311 -0.0625207 340 -0.00850183 -0.0258772 11.8616 36.6461 -13 568 0 0 1
0.00854819 -0.0341714 340 0.00662678 -0.0155487 12.6539 23.4427 -13 571 0 0 1
0.245267 -0.25233 340 0.00351758 -0.0241892 7.08548 35.9987 -13 575 0 0 1
0.257201 -0.188372 340 -0.0377076 -0.0299598 13.9667 35.5239 -13 584 0 0 1
-0.207766 0.0423474 340 -0.0136775 0.0116138 11.2463 19.2147 -13 585 0 0 1
-0.0483524 0.0837041 340 0.00877116 0.0247251 8.32677 27.5528 -13 592 0 0 1
0.0918534 -0.0244356 340 0.0169644 -0.0274065 5.79701 47.959 -13 593 0 0 1
0.00578877 0.0426325 340 -0.0359157 0.00196832 10.7662 40.8588 -13 594 0 0 1
0.140046 0.15334 340 0.0290364 -0.0253301 10.0525 27.0696 -13 595 0 0 1
0.209829 0.262986 340 0.032548 -0.0366098 8.1443 31.981 -13 596 0 0 1
0.249098 -0.324747 340 -0.0295119 -0.0150686 10.4303 23.7588 -13 597 0 0 1
-0.0297233 0.0909366 340 0.0140813 0.00341523 5.82354 27.8658 -13 599 0 0 1
0.12081 0.139827 340 0.0130459 -0.0556767 6.88231 39.6312 -13 602 0 0 1
-2.0442 0.192336 340 0.0770469 0.184206 9.26975 35.7061 -13 603 0 0 1
-0.173251 -0.0615119 340 0.0070472 0.0225661 7.57122 29.2091 -13 604 0 0 1
-0.15548 0.150356 340 -0.0124534 0.0463387 4.95478 31.9896 -13 605 0 0 1
-0.0210837 0.0622676 340 -0.00672017 -0.000414851 12.4624 26.5297 -13 606 0 0 1
0.1528 -0.0680579 340 -0.00671121 -0.0268843 11.8901 16.2296 -13 607 0 0 1
-0.293691 -0.197599 340 -0.0482305 0.0694271 12.9417 24.5115 -13 608 0 0 1
-0.133705 -0.0911102 340 0.00633235 0.00513766 11.8824 15.4142 -13 609 0 0 1
-0.222169 0.133082 340 0.0117833 0.00527824 8.8262 21.2804 -13 610 0 0 1
-0.0358369 -0.00352987 340 0.00211851 0.00408695 10.3373 16.9527 -13 611 0 0 1
-0.049208 0.0370809 340 -0.018118 0.0315882 7.87139 27.5046 -13 612 0 0 1
0.090185 -0.100711 340 -0.0435028 -0.00883648 12.4624 24.5118 -13 613 0 0 1
-0.0164195 0.162017 340 0.0142342 0.0164347 12.1249 12.6095 -13 614 0 0 1
1.01823 -0.271057 340 0.114887 -0.188948 3.78703 48.3477 -13 615 0 0 1
0.00103646 -0.222997 340 -0.0576902 0.00127196 3.89342 55.5484 -13 616 0 0 1
0.0652294 0.0262784 340 0.0192026 -0.0257289 10.8243 28.4665 -13 617 0 0 1
0.0807485 -0.00146613 340 0.00902687 0.010579 8.12018 34.9204 -13 618 0 0 1
0.309752 0.107992 340 -0.0448612 -0.0396779 4.80588 46.4679 -13 619 0 0 1
-0.00727891 0.0234027 340 -0.0172896 -0.015101 12.3663 29.7268 -13 620 0 0 1
-0.179858 -0.173517 340 -0.0400671 0.017958 5.20259 25.6657 -13 621 0 0 1
-0.00726815 0.630263 340 0.0861691 0.0801769 11.1645 39.1867 -13 622 0 0 1
-0.0616624 0.120054 340 0.0327319 0.0104686 9.741 26.9202 -13 623 0 0 1
-0.0100465 0.111725 340 0.00698943 0.00954992 14.1756 10.1308 -13 624 0 0 1
0.105034 -0.122998 340 -0.0287113 0.0301341 9.09196 29.4778 -13 625 0 0 1
0.155134 0.3531 340 0.0813525 -0.0912801 6.06097 28.3609 -13 626 0 0 1
-0.171408 -0.0468404 340 -0.0214457 0.0297549 9.43166 30.7922 -13 627 0 0 1
0.91571 -0.463012 340 0.00398917 -0.0608846 3.01707 55.6218 -13 628 0 0 1
-0.0666902 -0.0201844 340 0.0064437 0.0408629 10.4558 18.1002 -13 629 0 0 1
0.160848 -0.176808 340 -0.0234534 -0.0392718 11.7275 38.1435 -13 630 0 0 1
0.23582 -0.0798222 340 -0.0162631 -0.0334403 8.87213 41.568 -13 631 0 0 1
-0.0401485 -0.0798519 340 -0.0341672 -0.00360608 14.0787 21.1898 -13 632 0 0 1
0.0944305 -0.0685203 340 -0.00100543 -0.0207341 8.36844 23.0817 -13 633 0 0 1
-0.130882 0.0577485 340 0.0745048 -0.0573624 4.87185 27.7064 -13 634 0 0 1
0.039523 -0.0809648 340 0.00046786 0.0238365 8.06429 32.5823 -13 635 0 0 1
-0.234687 -0.071877 340 -0.110009 0.0480025 14.1393 16.2151 -13 636 0 0 1
-0.174172 0.173502 340 0.0260912 0.0437972 7.99487 37.2874 -13 637 0 0 1
0.122112 -0.0238048 340 -0.095519 -0.0124328 12.713 25.7339 -13 638 0 0 1
-0.0209951 0.054369 340 0.0178515 0.0227749 14.0045 14.4637 -13 639 0 0 1
-0.132933 0.0286392 340 0.00876646 -0.00760009 10.9013 12.562 -13 640 0 0 1
0.0821733 -0.75043 340 -0.122098 0.0216157 4.44859 36.7831 -13 641 0 0 1
-0.137767 0.182386 340 0.0339816 0.0269626 7.17949 40.1604 -13 642 0 0 1
-0.000558256 0.118061 340 0.0329861 0.0420328 11.0557 11.9365 -13 643 0 0 1
-0.0880516 -0.0113074 340 -0.0535576 -0.0158206 13.7024 27.6359 -13 644 0 0 1
0.181661 0.0353689 340 -0.0217277 -0.032071 9.73673 15.0366 -13 645 0 0 1
-0.0384863 -0.0585579 340 -0.0101324 -0.00331944 13.7671 26.1052 -13 646 0 0 1
0.00805858 0.0339131 340 0.012791 -0.0222524 6.02807 47.2821 -13 647 0 0 1
0.52244 0.203296 340 0.0213543 -0.0356934 4.14744 41.5194 -13 648 0 0 1
0.0919067 -0.0194986 340 0.0237864 0.0158452 6.33233 29.6623 -13 649 0 0 1
0.0937647 0.0345596 340 0.00288606 0.00421742 13.5343 13.4122 -13 650 0 0 1
0.362711 -0.0227171 340 0.0134781 -0.0689871 10.0767 25.3118 -13 651 0 0 1
0.312516 -0.0141456 340 -0.0106738 -0.0186797 10.4882 37.9281 -13 652 0 0 1
0.0711151 0.0319121 340 0.0204215 0.00668945 11.9843 28.0367 -13 653 0 0 1
0.211814 -0.304496 340 -0.00855434 -0.0635639 12.2705 22.5458 -13 654 0 0 1
0.164636 -0.0726859 340 -0.0145441 -0.03314 14.3625 30.9973 -13 655 0 0 1
-0.235927 0.20681 340 0.0111216 0.0124333 9.58659 29.0819 -13 656 0 0 1
0.100653 0.0217467 340 -0.0135346 -0.00275301 8.00881 37.2885 -13 657 0 0 1
0.219694 -0.439068 340 -0.100755 -0.0144403 5.11002 40.1785 -13 658 0 0 1
-0.144803 -0.0518973 340 -0.010486 0.0102126 14.4604 22.5734 -13 659 0 0 1
0.109046 0.107254 340 0.0169125 -0.0249234 11.6967 33.0934 -13 660 0 0 1
-0.0146209 -0.0948389 340 -0.0120169 0.0151293 10.6442 27.703 -13 661 0 0 1
0.00982083 0.0659782 340 -0.0180246 0.0212158 12.1354 21.7079 -13 662 0 0 1
0.156034 0.0706947 340 -0.00400029 -0.0283155 9.54087 42.182 -13 663 0 0 1
-0.101214 0.259054 340 0.0238285 0.0348402 8.20864 44.1459 -13 664 0 0 1
-0.115395 -0.171546 340 -0.0353979 0.00955759 11.3558 12.9757 -13 665 0 0 1
-0.0743136 0.260569 340 -0.00906825 0.00697412 11.7705 25.2354 -13 666 0 0 1
-0.0191476 0.0214633 340 0.00441404 -0.00173945 13.0986 22.3989 -13 667 0 0 1
0.161659 -0.0481232 340 0.00690083 -0.0389341 6.68408 28.7498 -13 668 0 0 1
0.0280846 -0.0096794 340 -0.0412844 -0.0352418 9.58745 30.7273 -13 669 0 0 1
-0.0383846 0.0339322 340 0.0119851 0.0114728 13.5848 26.4665 -13 670 0 0 1
0.221143 0.0187339 340 -0.0315652 0.00792653 13.1435 29.2535 -13 671 0 0 1
-2.30385 0.0318481 340 0.272646 0.192885 0.951272 79.2659 -13 672 0 0 1
0.0877686 0.121683 340 0.029105 0.0149346 3.93494 43.5853 -13 673 0 0 1
-0.0598387 -0.105235 340 -0.00634783 0.00427185 12.5565 39.2674 -13 674 0 0 1
-0.0122204 -0.144275 340 -0.0485256 -0.0214874 7.2002 25.0707 -13 675 0 0 1
0.0222069 -0.0643766 340 -0.0225338 0.00141265 12.9058 35.7762 -13 676 0 0 1
-0.119195 -0.202956 340 -0.0237307 -0.0156721 11.8403 17.3316 -13 677 0 0 1
-0.0639734 -0.0201145 340 -0.0283538 0.010501 9.41105 28.8984 -13 678 0 0 1
-0.0744908 -0.218425 340 -0.00303451 0.0495102 8.13036 27.8976 -13 679 0 0 1
-0.0783906 0.0615177 340 0.0408548 0.0030478 9.27208 31.9339 -13 680 0 0 1
-0.00264526 -0.0784737 340 -0.0157074 0.00127353 14.0705 11.7016 -13 681 0 0 1
0.0729933 0.114948 340 0.0279907 0.0105271 13.2653 10.5778 -13 682 0 0 1
0.136169 0.111372 340 0.051039 0.00513998 12.9995 34.5787 -13 683 0 0 1
0.150831 -0.159941 340 -0.0684443 0.000538139 8.59737 30.8003 -13 684 0 0 1
-0.27408 -0.145699 340 -0.0145654 0.0344162 8.0507 22.7191 -13 685 0 0 1
-0.0466452 0.0529734 340 0.0277675 0.0112207 11.6588 37.8205 -13 686 0 0 1
0.245207 -0.0684361 340 0.00696466 -0.0331834 9.03062 20.2319 -13 687 0 0 1
0.0321661 0.0325307 340 0.0166638 0.00473481 12.845 32.6981 -13 688 0 0 1
0.209326 0.21003 340 0.0372563 -0.0322136 9.89971 35.0674 -13 689 0 0 1
0.0705545 0.0557399 340 0.0350542 0.0552245 5.21623 42.6542 -13 690 0 0 1
0.106491 0.0897687 340 0.0369605 -0.0109868 12.322 27.2023 -13 691 0 0 1
0.249984 -0.116128 340 0.00374949 -0.0989575 7.47069 18.1981 -13 692 0 0 1
0.0888064 0.0323753 340 0.00546288 -0.02733 12.775 30.6398 -13 693 0 0 1
-0.00937871 0.191695 340 0.0503798 0.0154091 3.91729 40.9471 -13 694 0 0 1
-0.0287714 -0.098083 340 0.0112069 -0.00829371 7.36132 27.6326 -13 695 0 0 1
-0.113277 0.321715 340 -0.0997716 0.135513 6.68247 31.9675 -13 696 0 0 1
-0.120199 0.118249 340 0.00450547 0.0163883 10.0288 30.8465 -13 697 0 0 1
0.355406 0.10697 340 0.033092 -0.00447243 8.75634 21.9808 -13 698 0 0 1
-0.184232 0.00724844 340 0.0113697 0.0624335 13.3393 33.1347 -13 699 0 0 1
-0.604424 -0.46292 340 -0.138759 0.0454983 8.8133 24.4919 -13 700 0 0 1
0.190863 -0.0135902 340 -0.0178417 -0.0879101 9.03784 15.8178 -13 701 0 0 1
0.250324 -0.0784596 340 0.000175872 -0.0466372 12.2946 35.5085 -13 702 0 0 1
-0.00445734 0.0334526 340 0.014713 0.00462571 12.0861 32.5743 -13 703 0 0 1
0.119058 0.328146 340 0.0506009 -0.00749664 9.40833 21.8761 -13 704 0 0 1
-0.0800118 -0.111262 340 0.000852851 0.00104527 10.1129 18.8977 -13 705 0 0 1
-0.0873477 0.121095 340 0.0160306 -0.00885989 9.5838 28.427 -13 706 0 0 1
0.020565 0.0936776 340 -0.0251579 -0.0251071 13.8487 10.4944 -13 707 0 0 1
0.385741 0.327992 340 0.106099 -0.0436295 10.5425 29.8515 -13 708 0 0 1
-0.537908 -0.367325 340 -0.046337 0.148708 3.77165 45.054 -13 709 0 0 1
0.0864842 -0.0437629 340 0.0264771 -0.01761 7.95285 35.3024 -13 710 0 0 1
-0.0922012 0.0373985 340 0.0263414 0.0140334 14.1647 10.5548 -13 711 0 0 1
-0.0681961 -0.0492842 340 -0.0134231 0.0215131 11.6129 30.4633 -13 712 0 0 1
-0.0937244 0.284732 340 0.018 0.0514 6.44688 40.912 -13 713 0 0 1
0.0612937 0.0850711 340 0.0173058 0.0265515 14.0533 30.1124 -13 714 0 0 1
-0.0604329 0.0122787 340 -0.00638921 0.00564604 12.3796 39.4539 -13 715 0 0 1
0.241294 -0.0356325 340 0.0332098 -0.0626949 13.1208 30.1754 -13 716 0 0 1
-0.0508905 0.167029 340 0.0128668 0.0183234 10.6096 27.0301 -13 717 0 0 1
-0.178599 0.116064 340 -0.00254529 0.0191534 8.70438 22.1947 -13 718 0 0 1
-0.034646 -0.150099 340 -0.0306833 -0.0516025 10.6664 20.3067 -13 719 0 0 1
0.14835 0.538121 340 0.0929344 0.0181211 11.2807 39.6394 -13 720 0 0 1
0.0979592 0.192785 340 0.0260895 -0.0460893 9.6852 38.535 -13 721 0 0 1
0.0859223 0.000770529 340 0.0526647 -0.00194193 5.06002 34.0857 -13 722 0 0 1
0.0452273 -0.0171569 340 -0.0112019 -0.00152998 8.56577 17.8536 -13 723 0 0 1
0.165337 -0.504993 340 -0.119174 -0.000606944 4.92712 46.545 -13 724 0 0 1
-0.0928999 0.0847462 340 0.0284113 0.0101535 9.61362 24.6706 -13 725 0 0 1
-0.24638 -0.249881 340 -0.0969572 0.0678663 13.6007 24.6727 -13 726 0 0 1
0.00355152 -0.108133 340 -0.0449493 -0.0224641 14.1488 13.8344 -13 727 0 0 1
-0.547419 -0.0436715 340 0.0909081 0.0952196 3.3194 57.8416 -13 728 0 0 1
-0.120168 0.104962 340 0.0207267 0.0123562 5.41849 33.1879 -13 729 0 0 1
-0.165293 -0.00804274 340 -0.0325021 0.0263122 11.1745 18.3906 -13 730 0 0 1
0.0915461 -0.116579 340 -0.0293749 -0.0363004 10.9784 14.36 -13 731 0 0 1
-0.488596 0.188996 340 0.0106961 0.0255643 2.26131 64.4309 -13 732 0 0 1
0.00323891 -0.0990392 340 0.00101141 0.0505401 4.71397 37.3467 -13 733 0 0 1
0.181874 -0.18322 340 -0.0412044 -0.00200888 13.6236 32.3894 -13 9 0 0 1
-0.170081 0.0711382 340 -0.0192197 0.0627336 2.23341 64.7745 -13 20 0 0 1
0.0324431 -0.00958207 340 -0.014169 -0.0290547 14.3707 22.7242 -13 25 0 0 1
-0.0378191 0.106569 340 0.0258877 0.0114223 7.96902 28.4347 -13 86 0 0 1
0.027596 0.135162 340 0.0175497 0.0253767 9.58639 20.992 -13 98 0 0 1
0.0547391 -0.0068693 340 -0.0144461 -0.017304 13.5017 22.0254 -13 129 0 0 1
-0.150365 0.139338 340 0.0226307 0.0214332 7.25776 21.1679 -13 137 0 0 1
0.147359 0.149831 340 -0.0131893 -0.060619 11.2421 26.3832 -13 147 0 0 1
-0.0525213 -0.0392963 340 -0.0363831 0.00486015 9.77655 15.7577 -13 163 0 0 1
-0.147347 0.330088 340 0.0781657 0.0439848 8.94363 32.8224 -13 170 0 0 1
-0.170349 -0.0216063 340 -0.0114548 0.0230541 10.7902 25.9108 -13 176 0 0 1
0.152536 -0.258504 340 -0.0443773 -0.0411561 8.80063 40.5942 -13 181 0 0 1
0.059106 0.0462803 340 0.0090543 -0.00129171 11.5065 26.753 -13 185 0 0 1
-0.014342 -0.0609139 340 -0.0150482 -0.00447959 10.364 19.1006 -13 194 0 0 1
-0.10458 -0.367594 340 -0.0570147 0.0318915 5.47589 31.1704 -13 204 0 0 1
0.137404 -0.0630383 340 0.00824153 0.0422158 3.38936 56.4435 -13 210 0 0 1
0.0254425 -0.160843 340 -0.0377304 -0.000534771 8.67861 17.6863 -13 223 0 0 1
0.135585 -0.133034 340 -0.00370615 -0.0238435 9.07024 39.8703 -13 231 0 0 1
0.048274 0.012471 340 -0.0324712 -0.0347999 12.492 13.0179 -13 234 0 0 1
0.0892402 -0.00897488 340 0.0204268 -0.0138633 12.8338 11.9639 -13 241 0 0 1
0.106071 0.00300613 340 0.0296465 0.000314337 12.9164 22.0728 -13 245 0 0 1
-0.152178 0.137507 340 0.0327835 -0.0554621 8.33006 19.376 -13 254 0 0 1
0.0091053 0.00541655 340 0.00167005 -0.00504892 14.4703 14.1103 -13 259 0 0 1
-0.0025202 -0.0569675 340 0.00404119 0.00517124 14.0668 31.4292 -13 267 0 0 1
-0.00517445 0.0027303 340 0.00297917 -0.00578969 14.4688 18.632 -13 272 0 0 1
-0.00593005 0.0584311 340 0.0191068 0.00233477 9.49223 30.6498 -13 289 0 0 1
0.0908217 0.0573686 340 0.0227803 -0.0240767 7.43577 45.6191 -13 293 0 0 1
1.01399 -1.37737 340 -0.0842882 0.026588 1.59501 82.0087 -13 298 0 0 1
0.0154259 -0.0399622 340 0.0284157 0.000717414 7.58933 32.1936 -13 302 0 0 1
-0.312512 0.130102 340 0.00640961 0.025718 7.90663 19.5765 -13 734 0 0 1
-0.0615786 0.224979 340 0.00937923 0.000586927 13.0421 33.2915 -13 740 0 0 1
-0.0610157 -0.0534324 340 -0.00384556 0.0154639 14.1789 24.4815 -13 759 0 0 1
0.105852 -0.00783419 340 0.00320248 -0.0277326 11.1586 37.4321 -13 763 0 0 1
0.0553822 -0.0372428 340 -0.0292318 -0.0242266 8.61212 19.6485 -13 766 0 0 1
-0.187694 -0.315082 340 -0.00555508 0.0267286 6.98305 22.2232 -13 769 0 0 1
0.0349513 0.0684102 340 -0.00593126 0.0112012 12.9442 10.3789 -13 779 0 0 1
0.02959 -0.0862287 340 -0.0140314 -0.0206315 10.0707 15.904 -13 782 0 0 1
-0.143754 0.102149 340 0.00127385 0.0193707 11.496 19.4798 -13 795 0 0 1
-0.04989 0.0192203 340 0.00878095 0.002915 13.7164 34.3918 -13 798 0 0 1
-0.0720532 0.359632 340 0.0658874 0.0462277 7.0475 37.3076 -13 803 0 0 1
-0.0342296 0.027945 340 -0.0127225 -0.02575 13.6496 19.9135 -13 807 0 0 1
-0.0858032 -0.307377 340 -0.0478539 -0.0217616 10.8281 27.702 -13 810 0 0 1
0.0947288 0.0678951 340 0.0156947 0.0152664 13.2276 20.4819 -13 813 0 0 1
0.647144 -0.279841 340 -0.0687573 -0.0698852 11.4822 39.857 -13 818 0 0 1
0.407564 -0.0625771 340 0.00355701 -0.0457034 8.46962 18.5215 -13 821 0 0 1
-0.0388549 0.201415 340 0.0263543 -0.0269563 7.85927 43.6508 -13 835 0 0 1
-0.0580747 0.108595 340 -0.0108695 0.00734063 11.1339 32.936 -13 839 0 0 1
-0.0114275 0.200989 340 0.0201592 0.0206652 6.27313 46.5563 -13 842 0 0 1
-0.0658525 -0.106826 340 -0.0293696 0.0220255 13.4909 18.4814 -13 845 0 0 1
-0.102101 -0.086933 340 0.0430837 0.0173642 4.73444 35.0174 -13 847 0 0 1
-nan -nan -nan -nan -nan -nan -nan -13 864 0 0 1
0.386398 -0.323342 340 -0.0821231 -0.0570245 5.52094 50.625 -13 866 0 0 1
-0.0364714 0.153328 340 -0.0092986 -0.0437805 5.20606 37.9274 -13 8 0 0 1
-0.088157 0.0347093 340 -0.0299488 -0.00958971 14.5036 15.5467 -13 17 0 0 1
-0.0554943 0.0482737 340 0.012979 0.0157376 11.7811 39.8835 -13 23 0 0 1
-0.148544 0.0112695 340 -0.00739084 0.042482 7.05718 38.8095 -13 29 0 0 1
0.0958638 0.194778 340 -0.0205449 0.0111255 5.13512 50.1283 -13 35 0 0 1
-0.00363414 -0.112876 340 0.013212 -0.00972255 9.51736 23.2284 -13 39 0 0 1
0.287788 0.115764 340 0.0622745 -0.00208283 11.2625 29.8596 -13 44 0 0 1
-0.0734405 0.215173 340 0.0629162 0.0746767 8.20918 16.4525 -13 53 0 0 1
-0.0354458 -0.0380444 340 -0.00413477 -0.0166189 13.9528 24.4225 -13 61 0 0 1
0.0190012 -0.0474957 340 -0.0121175 -0.0170922 8.92259 26.5108 -13 64 0 0 1
0.288977 -0.217378 340 -0.0601379 -0.0505898 11.6906 14.4902 -13 71 0 0 1
-0.0285348 0.10667 340 0.0387124 -0.0117436 13.5554 22.7885 -13 78 0 0 1
-0.433807 -0.152285 340 -0.0148482 0.113663 2.50439 70.8007 -13 87 0 0 1
0.0486704 0.107434 340 0.0187201 -0.00693544 12.8715 24.8014 -13 97 0 0 1
-0.0210404 0.0486813 340 0.0160273 -0.0070161 13.5031 18.9588 -13 128 0 0 1
-0.0364522 -0.000728212 340 -0.0127298 0.0321387 14.5501 27.618 -13 133 0 0 1
0.19092 -0.285198 340 -0.0133237 -0.0678688 4.66255 31.1881 -13 138 0 0 1
-0.153852 -0.183323 340 -0.0516544 0.0299227 11.0102 16.9426 -13 143 0 0 1
0.00263521 -0.150854 340 -0.0328403 0.00842933 9.475 30.321 -13 154 0 0 1
0.199547 -0.234509 340 -0.000664908 -0.03761 8.43377 24.9215 -13 158 0 0 1
-0.0506477 -0.0246888 340 0.00327913 0.0124156 14.2238 29.036 -13 164 0 0 1
0.0870095 0.0191271 340 -0.0236037 5.72152e-05 13.0637 36.034 -13 169 0 0 1
-0.138777 0.100498 340 -0.00908293 0.0258942 9.8049 36.3861 -13 174 0 0 1
0.22415 -0.0267979 340 0.0221621 -0.0611056 7.17161 40.6868 -13 180 0 0 1
-0.032643 0.0447206 340 0.0169314 0.0203331 12.0915 16.1354 -13 192 0 0 1
-4.69982e-05 -0.00570834 340 0.0216623 0.00595025 11.7061 40.09 -13 196 0 0 1
0.107534 -0.129137 340 -0.0117798 -0.0198299 9.2477 41.4032 -13 207 0 0 1
-0.19063 0.00372958 340 0.0177689 0.000444277 6.65936 33.6416 -13 211 0 0 1
-0.0148167 0.0707944 340 -0.0151414 0.0161553 9.90306 24.7847 -13 216 0 0 1
0.247616 -0.188521 340 -0.0901518 -0.0158526 9.72578 23.0596 -13 219 0 0 1
-0.0371625 0.0496164 340 0.00593887 0.0106811 12.353 31.0199 -13 225 0 0 1
0.0369691 -0.146068 340 0.00867073 -0.06911 13.434 20.1415 -13 229 0 0 1
0.321424 0.368312 340 0.00377779 -0.0206062 4.71093 45.9285 -13 236 0 0 1
0.0404721 -0.200016 340 -0.053963 -0.0230983 10.9263 27.733 -13 242 0 0 1
0.0770987 0.280008 340 -0.0202186 -0.0394789 8.11016 24.1419 -13 246 0 0 1
-0.149331 -0.0976063 340 -0.0311424 0.0212743 10.3569 31.4351 -13 250 0 0 1
-0.289379 0.11088 340 -0.0103553 0.0839281 11.2819 22.202 -13 257 0 0 1
-0.0474633 0.120598 340 0.0153366 0.0466036 12.9541 28.9255 -13 262 0 0 1
0.0627612 0.201374 340 0.0316488 0.0128385 12.2761 15.7902 -13 268 0 0 1
-0.20505 -0.207466 340 -0.0494886 0.0189517 8.13025 25.5259 -13 273 0 0 1
0.0604789 -0.04196 340 -0.0130825 -0.00453693 9.6318 37.9427 -13 277 0 0 1
0.0520586 0.119055 340 0.0682043 -0.016433 6.28845 25.7001 -13 280 0 0 1
-0.145862 -0.229722 340 -0.0707751 0.0170516 7.22659 30.5563 -13 284 0 0 1
0.108324 -0.0452959 340 -0.00983609 0.0230336 11.973 35.9319 -13 288 0 0 1
0.460688 -0.0963565 340 0.00160811 -0.13781 6.03798 35.3098 -13 296 0 0 1
-0.072083 -0.00793624 340 -0.00443608 0.00807204 11.9912 15.2249 -13 297 0 0 1
0.113358 0.200572 340 -0.00527868 -0.0300578 11.65 23.7635 -13 303 0 0 1
-0.0215251 0.111202 340 0.0140242 0.0224706 12.3885 16.686 -13 308 0 0 1
0.0882464 0.0146846 340 0.0123554 0.00277416 12.1691 17.3433 -13 312 0 0 1
-0.0614792 -0.0371978 340 -0.040586 0.0295145 11.6335 14.6408 -13 315 0 0 1
-0.0730875 -0.265183 340 -0.0232 -0.0228451 4.33791 48.5234 -13 328 0 0 1
-0.0555118 0.0418736 340 0.00475796 0.0204347 14.2551 30.0573 -13 335 0 0 1
-0.23507 0.561092 340 0.0932035 0.0664321 5.71588 35.1041 -13 336 0 0 1
0.00961511 -0.102186 340 -0.0437743 -0.00836687 13.7317 27.6206 -13 337 0 0 1
0.151574 -0.2331 340 -0.0154487 -0.0257415 9.66012 37.4673 -13 338 0 0 1
0.0262435 -0.109481 340 -0.0321173 -0.0187358 9.35325 42.0654 -13 339 0 0 1
-0.263354 0.240435 340 0.00377888 0.06924 1.33295 85.7948 -13 340 0 0 1
0.123494 0.000200441 340 0.00349266 -0.0185478 13.2555 15.9331 -13 344 0 0 1
0.127919 0.0674996 340 0.0401526 -0.0143673 11.8518 33.3779 -13 747 0 0 1
0.054954 -0.0754015 340 -0.00727414 -0.0313438 10.9084 17.6864 -13 771 0 0 1
-0.344699 -0.0934529 340 0.00229669 0.0550228 8.54001 33.1806 -13 778 0 0 1
-0.160569 -0.00264602 340 -0.0133434 0.0256694 6.91419 20.537 -13 784 0 0 1
-0.283868 0.105945 340 0.0179973 0.0236366 8.93034 30.7158 -13 787 0 0 1
-0.248111 0.292475 340 0.01243 0.0436317 9.95182 39.557 -13 790 0 0 1
0.0726517 0.14764 340 0.00686119 -0.0650491 7.06861 27.1429 -13 808 0 0 1
0.124696 -0.450162 340 -0.0164389 -0.061683 5.6549 24.5818 -13 811 0 0 1
0.0130761 -0.0725266 340 -0.0216551 -0.0178475 11.6669 38.2598 -13 815 0 0 1
0.00323796 -0.123276 340 0.022624 0.0147694 6.26172 46.434 -13 819 0 0 1
-0.00471641 0.0481123 340 0.00300471 0.00319619 11.6958 39.4061 -13 822 0 0 1
0.0549134 -0.0533245 340 -0.0134332 0.010596 14.5619 29.7129 -13 824 0 0 1
-0.063135 -0.280633 340 -0.0207988 -0.0212067 7.60014 29.6168 -13 826 0 0 1
-0.150376 0.221267 340 0.0884185 0.0452775 10.0739 38.905 -13 829 0 0 1
-0.172209 0.041401 340 -0.0371691 0.0209854 11.8507 32.3878 -13 836 0 0 1
-nan -nan -nan -nan -nan -nan -nan -13 841 0 0 1
-0.0753953 -0.137015 340 0.0140262 -0.00323474 4.299 51.2367 -13 844 0 0 1
-0.105008 -0.0364381 340 -0.012465 0.00351902 13.2401 14.1651 -13 10 0 0 1
0.0636978 0.121358 340 0.0396998 -0.0133282 14.4263 31.3133 -13 21 0 0 1
0.121741 0.0936148 340 0.0340223 -0.00409407 8.3383 41.8237 -13 24 0 0 1
0.0188121 -0.380551 340 -0.0604614 -0.0628253 13.6367 11.3928 -13 30 0 0 1
-0.0146368 -0.19142 340 0.0508708 -0.0178419 8.6039 38.5023 -13 36 0 0 1
0.106883 0.133901 340 0.0403075 0.00390659 10.9339 31.9422 -13 40 0 0 1
0.0664182 0.17693 340 -0.0343313 -0.0532665 4.29736 54.8792 -13 50 0 0 1
-0.41241 0.0195845 340 -0.0297224 0.0605275 3.18976 41.1503 -13 54 0 0 1
-0.197195 0.0290024 340 0.0564 0.0354034 5.08437 28.696 -13 65 0 0 1
-0.0522798 0.0347158 340 -0.0299438 0.00161263 7.79204 43.5581 -13 75 0 0 1
-0.0717626 -0.115831 340 0.0136777 -0.0284048 9.86308 31.3956 -13 83 0 0 1
-0.0620813 0.114111 340 0.0225904 0.0162279 7.37314 29.3739 -13 108 0 0 1
0.218884 -0.120728 340 -0.020044 -0.0357251 7.69249 19.9862 -13 112 0 0 1
0.199336 0.00530714 340 0.0227555 -0.0574785 8.07219 21.988 -13 114 0 0 1
0.0738732 0.0910037 340 0.00995723 -0.0202296 14.3936 29.401 -13 144 0 0 1
-0.161418 -0.306305 340 -0.107267 0.0149555 8.59188 31.0348 -13 188 0 0 1
-0.0336423 0.00754403 340 0.0176355 0.00332872 11.6095 32.5339 -13 201 0 0 1
-0.180244 -0.162876 340 0.00298277 0.0281605 13.7092 22.1147 -13 209 0 0 1
0.322776 0.073205 340 -0.0103715 0.0502611 4.11068 42.5409 -13 215 0 0 1
0.336641 1.00148 340 0.109411 0.013784 5.28097 38.1857 -13 218 0 0 1
-0.132964 -0.0645051 340 0.00860544 0.0187699 12.6278 29.6475 -13 227 0 0 1
0.111684 0.0185865 340 0.0404589 0.000465948 12.7823 21.5099 -13 239 0 0 1
-0.58935 0.206163 340 0.112701 0.0372405 8.7051 37.6758 -13 244 0 0 1
0.146834 0.0205008 340 -0.00276588 -0.0352324 12.3564 20.8935 -13 249 0 0 1
0.00280001 -0.0908567 340 0.00660277 -0.00792307 11.9331 31.6875 -13 253 0 0 1
0.122596 0.120116 340 0.0387502 -0.0274128 12.255 10.9612 -13 256 0 0 1
0.161328 -0.0896087 340 -0.0149625 -0.0276119 11.7358 27.3769 -13 258 0 0 1
0.00783162 0.1147 340 0.0469996 0.022015 11.805 22.4181 -13 269 0 0 1
0.0484253 0.0289933 340 -0.00461585 -0.0181179 12.6166 36.9397 -13 274 0 0 1
-0.143339 -0.0717608 340 -0.00502556 0.0172468 13.7554 21.8768 -13 278 0 0 1
-0.0370597 0.0772096 340 0.045295 0.0120108 8.16349 35.112 -13 281 0 0 1
-0.333882 -0.475067 340 -0.124667 0.13027 3.24624 63.3603 -13 285 0 0 1
0.13984 0.0407197 340 -0.00213783 -0.0442508 13.2591 12.7368 -13 292 0 0 1
-0.0917483 0.00992933 340 0.0233803 -0.000785552 8.25488 41.4675 -13 301 0 0 1
-0.0397697 0.228978 340 0.106248 0.0381444 4.41212 38.3297 -13 307 0 0 1
-0.64847 -0.230776 340 -0.0519771 0.0910535 5.757 30.6185 -13 310 0 0 1
0.0673211 0.114185 340 -0.000571228 -0.0212594 9.1111 20.1764 -13 316 0 0 1
0.110822 0.472455 340 0.128329 0.038041 1.46928 80.5299 -13 324 0 0 1
-0.101528 -0.111549 340 -0.0166289 -0.00901252 12.4815 23.2067 -13 327 0 0 1
0.0387227 0.0579974 340 -0.00772563 -0.00230187 10.9829 28.0701 -13 735 0 0 1
5.67899 1.72403 340 0.352859 -0.864069 2.94282 44.6804 -13 744 0 0 1
0.0115297 -0.0842567 340 -0.0309964 0.0246231 8.56788 40.3202 -13 746 0 0 1
-0.0245088 -0.00349515 340 0.0197459 -0.0026848 12.8779 30.733 -13 768 0 0 1
-0.046947 -0.0167915 340 0.0212298 -0.00152546 11.4371 15.8854 -13 773 0 0 1
0.0635415 -0.00331635 340 -0.0112589 -0.0184876 13.4044 13.1427 -13 774 0 0 1
-0.340227 -0.146596 340 0.00907553 0.0861905 11.6496 15.2675 -13 781 0 0 1
0.0647064 0.201065 340 0.0106037 0.00870073 9.58837 31.9652 -13 786 0 0 1
0.101427 0.0425929 340 -0.000648262 -0.00781598 14.1678 24.1822 -13 789 0 0 1
0.492558 0.496088 340 0.144126 -0.0205911 3.13194 44.2952 -13 806 0 0 1
0.0467091 -0.0158537 340 -0.0271672 -0.0502457 10.3608 19.3706 -13 897 0 0 1
-0.00174269 -0.100033 340 0.00823766 -0.00925069 11.4348 12.8259 -13 900 0 0 1
0.0587596 0.0260576 340 0.0166111 -0.0216749 8.64719 16.8225 -13 902 0 0 1
-0.104821 0.00607759 340 -0.00598388 0.0294349 12.5577 17.6851 -13 904 0 0 1
-0.230625 0.0329526 340 -0.00840533 0.0733731 10.472 31.8563 -13 906 0 0 1
-0.109877 0.110044 340 -0.0285379 0.0297801 12.9386 13.2453 -13 908 0 0 1
0.250055 0.0210197 340 -0.00247823 -0.0158693 7.27422 32.0128 -13 909 0 0 1
0.0593591 -0.151589 340 -0.0386455 -0.0127312 11.847 12.6771 -13 912 0 0 1
-0.00137194 0.206315 340 0.040588 0.00604628 10.3078 14.214 -13 914 0 0 1
0.0349496 -0.184315 340 -0.0392608 0.010251 9.12241 20.0615 -13 915 0 0 1
0.0762407 0.0681777 340 0.00600847 -0.0376898 13.8058 28.0414 -13 916 0 0 1
0.0196427 -0.102238 340 -0.0145158 0.0131239 12.496 29.7099 -13 917 0 0 1
-0.435643 0.23091 340 0.00252765 0.0600872 12.852 33.9985 -13 918 0 0 1
0.340033 0.149476 340 0.0225105 -0.0655624 3.93275 35.902 -13 919 0 0 1
-0.0305681 -0.38065 340 -0.0567185 0.0269121 8.65086 17.6476 -13 920 0 0 1
0.0574838 0.0979791 340 0.0186774 0.0130002 12.8798 30.9157 -13 922 0 0 1
-0.0200563 -0.0233492 340 0.00888536 -0.0126754 13.6231 23.233 -13 924 0 0 1
-0.0426107 -0.143181 340 -0.0135835 -0.0139556 12.8184 10.744 -13 926 0 0 1
0.00717861 0.0336236 340 0.0176134 0.00122181 11.7913 34.3758 -13 928 0 0 1
0.017365 0.0207232 340 0.0221602 -0.015225 13.5607 16.0108 -13 929 0 0 1
-0.0855499 -0.124337 340 0.0447762 0.0297102 12.7327 28.1937 -13 930 0 0 1
-0.0406685 0.053819 340 0.0022508 0.00314702 11.4522 40.0598 -13 932 0 0 1
0.033375 0.0979962 340 -0.0166465 -0.029577 8.61414 26.8279 -13 934 0 0 1
0.0127695 -0.00604665 340 -0.0050795 0.0031466 12.4488 23.7208 -13 936 0 0 1
-0.120298 -0.31681 340 -0.0204961 -0.00341498 4.64128 30.0143 -13 938 0 0 1
0.0658613 0.0407849 340 0.0259608 -0.0109152 5.99126 24.6755 -13 940 0 0 1
0.0548989 -0.341033 340 0.0309068 -0.0315144 2.68825 64.5575 -13 942 0 0 1
-0.0876969 0.0673564 340 0.00314903 -0.00933164 5.7852 44.4735 -13 944 0 0 1
-0.0265252 -0.0553631 340 -0.00977007 0.000919637 10.3815 16.1237 -13 31 0 0 1
-0.0899761 0.0544149 340 0.0488048 -0.0304879 3.57268 58.27 -13 33 0 0 1
0.0220026 -0.168628 340 -0.0319766 -0.00302791 11.8547 33.9156 -13 38 0 0 1
-0.00731218 -0.0358402 340 0.0150919 0.0289012 14.4222 20.5277 -13 43 0 0 1
-0.133653 -0.262604 340 -0.094468 -0.0572773 6.77522 28.324 -13 48 0 0 1
-0.125498 -0.0296328 340 0.0100544 0.0354787 8.30614 36.4074 -13 60 0 0 1
-0.0959347 -0.0787145 340 -0.0274674 -0.0167056 10.6591 31.1388 -13 68 0 0 1
-0.0578082 -0.10167 340 -0.00107744 0.036093 10.7385 26.2868 -13 74 0 0 1
-0.0830178 -0.126081 340 -0.024183 0.00715556 13.2079 32.5764 -13 82 0 0 1
-0.113639 0.107868 340 -0.0029069 0.034122 7.13928 44.4807 -13 91 0 0 1
0.00402053 0.115169 340 0.0281394 -0.0042163 10.7841 23.3099 -13 95 0 0 1
0.00605608 0.007401 340 -0.00857054 -0.0247496 11.5801 15.8797 -13 117 0 0 1
-0.18962 -0.0848031 340 -0.0126427 -0.00252555 5.04187 46.1648 -13 123 0 0 1
0.347601 -0.0577947 340 0.000643193 -0.0457189 9.66891 18.7512 -13 127 0 0 1
-0.0481828 0.242621 340 -0.00128981 0.00522392 10.4505 34.1516 -13 130 0 0 1
0.169347 -0.04966 340 -0.00458224 -0.0454079 11.5013 30.5632 -13 139 0 0 1
-0.0389387 0.00140174 340 -0.0256923 0.00694699 13.861 29.6696 -13 150 0 0 1
-0.0467542 -0.121355 340 -0.0383048 0.0221052 11.9863 27.1981 -13 156 0 0 1
-1.04702 -0.35886 340 -0.119938 0.138181 9.80016 27.9947 -13 162 0 0 1
-0.0790581 -0.100907 340 -0.00626399 -0.00149262 9.88849 17.5281 -13 167 0 0 1
-0.0619155 -0.0503559 340 -0.000315975 0.00911098 13.0664 10.8135 -13 173 0 0 1
-0.194083 0.154007 340 0.0546222 -0.00191072 5.56777 38.2121 -13 179 0 0 1
-0.00751214 0.0402879 340 0.0202088 -0.00806041 8.4331 20.3857 -13 190 0 0 1
0.290692 -0.0848284 340 0.0106134 -0.0990306 1.92578 68.9417 -13 200 0 0 1
0.0120686 -0.0956876 340 -0.0206069 -0.0138636 8.91475 20.8784 -13 222 0 0 1
-0.0902972 -0.126996 340 -0.0538961 0.0803733 8.24918 35.2939 -13 737 0 0 1
0.237694 0.131318 340 0.0280939 -0.00515952 8.33433 16.5983 -13 743 0 0 1
-0.157846 -0.0200287 340 -0.00117431 -0.012415 12.1148 11.8431 -13 749 0 0 1
-0.0613554 0.305734 340 -0.0204293 0.158198 6.59688 22.9078 -13 752 0 0 1
0.189832 0.00800193 340 0.0557371 -0.0416777 8.68375 39.734 -13 754 0 0 1
-0.107537 -0.0152718 340 0.0230278 0.0188722 7.95207 22.8813 -13 755 0 0 1
0.142983 0.0205638 340 0.0139521 -0.00663236 7.9646 18.1637 -13 758 0 0 1
-0.111979 -0.102987 340 0.0905472 0.00957958 8.0992 35.6452 -13 760 0 0 1
-0.345892 -0.396179 340 -0.0294974 0.0797748 9.86758 23.6313 -13 764 0 0 1
-0.0312601 0.219228 340 0.0716689 0.0332167 11.7793 38.9492 -13 792 0 0 1
-0.232108 0.22424 340 0.0459913 0.0196669 14.0108 33.9032 -13 797 0 0 1
0.300926 -0.377009 340 -0.0469405 -0.0312055 5.79616 26.0238 -13 801 0 0 1
0.46755 0.258245 340 0.0144261 -0.00252109 3.89933 58.8149 -13 827 0 0 1
0.0595077 -0.000971865 340 0.0142135 -0.0170016 13.7987 22.8736 -13 832 0 0 1
-0.0211584 -0.111734 340 0.0295486 0.0522046 10.8133 20.8339 -13 837 0 0 1
-0.0897859 0.00969954 340 0.0139576 0.00514783 12.3817 32.3706 -13 850 0 0 1
-0.076835 0.0736512 340 0.00182931 0.00175825 11.4855 14.4711 -13 854 0 0 1
0.0750967 -0.0530807 340 0.0214035 -0.0411699 14.334 17.1138 -13 857 0 0 1
-0.101777 0.00161607 340 -0.0275528 0.0280885 13.0448 34.5912 -13 860 0 0 1
-0.125909 -0.228547 340 -0.0425086 0.017733 11.1837 14.3465 -13 861 0 0 1
0.154459 -0.11837 340 -0.0414862 -0.0104285 3.93425 37.0568 -13 863 0 0 1
-0.104402 -0.0766377 340 0.0269841 0.041513 6.93026 31.2924 -13 865 0 0 1
-0.202474 0.00300616 340 0.021895 0.0482511 9.20634 34.3625 -13 869 0 0 1
-0.173178 -0.0579723 340 -0.00922737 0.0348118 12.3761 25.4467 -13 870 0 0 1
-0.0196661 -0.0502151 340 -0.0466148 -8.89026e-05 13.7407 31.5159 -13 871 0 0 1
-0.053408 0.579135 340 0.201811 0.0571546 5.25492 43.5905 -13 872 0 0 1
0.288989 0.25886 340 0.0375828 -0.00902001 4.59321 32.0019 -13 873 0 0 1
-0.0211511 -0.0305357 340 0.00741928 -0.0596087 4.89018 38.0454 -13 874 0 0 1
-0.230609 -0.174175 340 -0.0213632 0.069813 3.37543 36.3655 -13 875 0 0 1
0.0800251 0.0871044 340 0.0196792 -0.0401585 11.7829 22.4299 -13 876 0 0 1
0.00424478 0.140094 340 -0.0297286 -0.00481468 9.18842 36.5097 -13 877 0 0 1
-nan -nan -nan -nan -nan -nan -nan -13 878 0 0 1
-0.0330346 0.0720332 340 -0.0065315 -0.00174178 14.2434 34.9979 -13 879 0 0 1
-0.000534787 -0.032211 340 -0.0297218 -0.00789395 11.4216 19.0098 -13 47 0 0 1
-0.227029 0.281974 340 0.0249382 0.0268157 6.40431 32.6578 -13 84 0 0 1
0.184369 -0.223275 340 -0.00811854 0.0388021 5.79847 29.6957 -13 94 0 0 1
-0.0644435 0.168727 340 0.0406245 0.00747658 10.3181 40.0801 -13 106 0 0 1
0.071021 -0.0327247 340 0.0223674 -0.0245267 9.85498 16.3711 -13 111 0 0 1
-0.0992562 -0.00551316 340 0.0181141 0.0307918 13.2299 29.0805 -13 115 0 0 1
0.105354 0.294145 340 0.0668463 -0.0349066 8.12181 18.6978 -13 151 0 0 1
0.0987864 0.150092 340 0.174598 -0.159216 5.81559 22.1069 -13 189 0 0 1
0.0182946 0.303678 340 0.025796 0.0259761 7.2081 28.2365 -13 205 0 0 1
0.0422655 -0.0324055 340 -0.012625 0.0238099 13.953 10.4124 -13 212 0 0 1
0.178152 0.0288124 340 0.0227589 -0.0287592 9.47297 26.1392 -13 217 0 0 1
0.108096 0.0813149 340 0.000261231 -0.0200911 13.3258 21.2153 -13 220 0 0 1
-0.215181 0.154887 340 0.0896912 0.0431235 3.48064 41.8654 -13 221 0 0 1
-0.0428137 -0.234379 340 -0.0450625 -0.0302462 12.7313 15.2008 -13 240 0 0 1
-0.0339142 -0.0140094 340 -0.0224605 -0.0213388 11.6495 21.1855 -13 247 0 0 1
0.114924 -0.136208 340 -0.028417 -0.0433152 8.35951 40.9738 -13 251 0 0 1
0.191418 -0.0098523 340 -0.0170942 -0.0602377 13.8383 24.1205 -13 261 0 0 1
-0.139657 -0.0181635 340 -0.0217756 0.0240274 11.3313 35.5159 -13 266 0 0 1
0.233199 -0.142674 340 -0.00715447 -0.0390404 7.32914 44.1724 -13 271 0 0 1
-0.0210917 0.0133333 340 0.0607255 -0.0225847 8.81808 33.6784 -13 275 0 0 1
-0.11001 0.0760262 340 0.00340039 0.0200148 13.3538 30.0221 -13 279 0 0 1
0.107664 -0.0440302 340 -0.0240618 0.0264332 10.7221 18.8641 -13 283 0 0 1
-0.0815205 -0.0616788 340 -0.0147708 0.00915283 6.81987 43.9882 -13 286 0 0 1
-0.663503 3.05213 340 0.489206 -0.313318 3.40307 60.8708 -13 300 0 0 1
0.053438 0.0532222 340 -0.032464 -0.0216606 11.0653 21.4464 -13 305 0 0 1
-0.018522 -0.0206998 340 -0.00237741 0.0225254 14.0091 26.2007 -13 311 0 0 1
0.016614 -0.249023 340 -0.0336284 -0.0229468 13.8137 10.7931 -13 314 0 0 1
0.232593 0.0645736 340 0.0265656 -0.0588489 8.9984 22.0231 -13 330 0 0 1
0.172826 0.0347611 340 0.0206063 -0.00452784 9.85408 23.9483 -13 333 0 0 1
0.0220474 0.136699 340 0.00359739 -0.0030778 12.8541 12.4526 -13 334 0 0 1
0.522892 -0.296425 340 0.0175218 -0.0932401 0.670679 311.464 -13 342 0 0 1
-0.00339445 -0.0631047 340 -0.00400504 -0.0254587 12.1141 25.0453 -13 347 0 0 1
0.111729 0.0299768 340 0.026298 0.0182153 11.5035 25.6276 -13 745 0 0 1
-0.228637 -0.0424692 340 0.00222174 0.0382243 10.4536 33.6384 -13 750 0 0 1
-0.414284 0.0905187 340 0.0485951 0.0551491 10.8117 14.352 -13 753 0 0 1
0.0164007 -0.0798394 340 -0.029611 -0.0455035 10.6907 24.2577 -13 777 0 0 1
0.119574 0.097978 340 -0.000374509 -0.0547997 5.052 38.3741 -13 785 0 0 1
-0.0160457 -0.13504 340 -0.0345017 0.00234231 12.3576 28.4824 -13 788 0 0 1
-0.030799 -0.0829061 340 -0.0194673 -0.00532206 11.428 28.024 -13 793 0 0 1
-0.128689 0.335571 340 0.0487831 0.0169012 6.5601 20.9052 -13 812 0 0 1
-0.127391 -0.20822 340 -0.0318995 0.0746692 5.33699 47.1129 -13 817 0 0 1
0.0285939 0.176707 340 0.0362032 -0.00471939 13.3984 16.3029 -13 820 0 0 1
0.158418 0.0589392 340 0.0370312 -0.0568278 12.6066 33.262 -13 823 0 0 1
0.222763 -0.0118954 340 0.00346704 -0.0168928 14.4536 34.8684 -13 825 0 0 1
-0.20669 -0.18687 340 -0.0681307 0.0489303 8.64622 41.1382 -13 828 0 0 1
0.1224 0.0665402 340 -0.0276896 -0.00240049 8.42992 21.741 -13 831 0 0 1
0.139173 -0.0260265 340 -0.0557132 -0.0127276 5.42625 46.8092 -13 834 0 0 1
0.686021 -1.28317 340 -0.168916 -0.123798 8.31148 22.1052 -13 843 0 0 1
0.00926075 -0.107275 340 -0.0372275 0.0275787 12.2966 27.0041 -13 846 0 0 1
-0.165047 0.140718 340 0.0984924 -0.0553341 4.74775 52.8404 -13 848 0 0 1
-0.0627581 0.18521 340 0.0433097 0.0417695 9.58054 15.4129 -13 849 0 0 1
0.0576353 -0.0356542 340 -0.00101518 -0.0161222 8.90204 22.0082 -13 851 0 0 1
0.168877 0.0495243 340 -0.0399383 0.133515 4.87092 28.6618 -13 853 0 0 1
1.09169 -0.490349 340 0.025387 0.0141206 0.749919 317.515 -13 856 0 0 1
0.0123872 0.0140624 340 0.0127256 0.00234617 12.9623 21.4878 -13 859 0 0 1
0.0679132 -0.0109381 340 -0.0347184 -0.00109613 14.0872 15.3128 -13 921 0 0 1
0.31867 -0.0562503 340 -0.00321647 -0.00139376 4.03536 57.8225 -13 923 0 0 1
0.0365015 -0.113746 340 -0.00274881 -0.0280017 13.9682 37.5661 -13 925 0 0 1
0.299635 -0.131779 340 -0.0122415 -0.0170857 4.89837 39.8245 -13 927 0 0 1
-0.130971 -0.181601 340 -0.0148855 0.0166047 13.3087 30.8268 -13 931 0 0 1
-0.012403 0.0272352 340 -0.0151514 0.00660171 13.6144 22.7236 -13 933 0 0 1
-0.197343 0.280283 340 0.00864085 0.112898 10.4355 33.415 -13 935 0 0 1
0.0484779 -0.0137108 340 0.0161322 -0.00559635 12.5368 37.4269 -13 937 0 0 1
0.0749752 -0.101178 340 -0.0198445 0.00220008 13.8495 19.1884 -13 939 0 0 1
0.0647085 0.0683246 340 -0.000317717 -0.0207507 12.2918 26.2063 -13 941 0 0 1
-0.102012 0.00198107 340 -0.0194458 -0.0197032 10.5011 36.9046 -13 943 0 0 1
0.201501 -0.104781 340 0.10105 0.0158071 3.98544 56.4683 -13 945 0 0 1
-0.0126117 -0.0610031 340 -0.0142502 -0.00801438 14.3059 21.7762 -13 946 0 0 1
-0.130315 -0.149929 340 -0.0385381 -0.00445592 10.4902 17.1424 -13 947 0 0 1
-0.047796 -0.227247 340 -0.0255568 0.0411972 7.73241 21.1288 -13 948 0 0 1
0.0127241 0.0124105 340 0.0056261 0.00387933 12.494 31.1379 -13 949 0 0 1
0.286937 -0.0739038 340 0.046814 -0.0289362 3.38206 37.0616 -13 950 0 0 1
0.066902 -0.0438733 340 0.0343286 -0.0539542 5.34549 29.8094 -13 951 0 0 1
-0.4048 -0.72654 340 -0.0452744 0.0300229 4.13436 54.3067 -13 952 0 0 1
-0.0133997 0.0942736 340 0.0261651 0.0122779 9.88162 19.5725 -13 953 0 0 1
0.434344 0.197572 340 -0.0942205 -0.12846 6.76951 38.0858 -13 954 0 0 1
-0.0748142 0.0943018 340 -0.053175 -0.00363414 7.42199 33.81 -13 955 0 0 1
0.448525 0.137663 340 0.0358546 -0.0574304 6.87814 25.1692 -13 956 0 0 1
0.029531 -0.0407997 340 0.0133476 -0.0147262 14.0642 27.9104 -13 957 0 0 1
0.185135 -0.116659 340 -0.0565598 0.0252776 11.8663 24.8963 -13 958 0 0 1
-0.046288 -0.0657172 340 -0.0248553 -0.00166851 10.4118 32.626 -13 959 0 0 1
-0.0345989 -0.021566 340 0.00563232 -0.0115818 14.4432 18.2918 -13 960 0 0 1
0.0561998 0.337494 340 0.0651547 0.0127506 2.08176 60.5529 -13 961 0 0 1
-0.0804432 0.0264603 340 -0.0161115 0.00862021 11.8233 29.6936 -13 962 0 0 1
-0.00668426 -0.346459 340 -0.0678238 -0.0275295 8.93581 26.7184 -13 969 0 0 1
-nan -nan -nan -nan -nan -nan -nan -13 970 0 0 1
0.131195 0.121783 340 0.0161367 -0.0223453 13.2515 23.5407 -13 971 0 0 1
-0.0669476 0.0607141 340 0.0265736 0.00566718 8.42266 26.6937 -13 51 0 0 1
0.0757306 0.291038 340 0.0535667 -0.0112057 8.72531 37.1375 -13 81 0 0 1
0.369155 -0.00976878 340 0.0316896 -0.103765 6.67436 46.0132 -13 92 0 0 1
0.192934 -0.115861 340 -0.00971201 -0.046612 12.3275 11.0962 -13 100 0 0 1
0.051288 0.209891 340 0.0620554 -0.0170254 7.41457 29.8742 -13 148 0 0 1
-0.00460699 -0.020929 340 0.0211473 -0.102103 4.8822 28.8047 -13 187 0 0 1
-0.871644 -0.365176 340 -0.00718202 -0.00901446 0.763231 99.8797 -13 206 0 0 1
0.0319519 0.0940108 340 0.00679749 -0.0339947 8.98603 42.7377 -13 213 0 0 1
-0.010277 -0.095009 340 -0.000784122 -0.013023 11.9049 31.1553 -13 739 0 0 1
0.117873 0.0326554 340 -0.03399 -0.0157529 4.22139 51.6474 -13 742 0 0 1
-0.187082 -0.242207 340 -0.0466037 0.00897773 7.21006 29.6184 -13 757 0 0 1
0.114459 0.0416677 340 0.00950362 -0.024247 6.41714 26.0856 -13 761 0 0 1
-0.209872 -0.217131 340 -0.0316091 0.0299694 5.88664 28.0604 -13 765 0 0 1
0.0171904 -0.0535833 340 -0.0114799 -0.00640745 12.6507 39.1945 -13 767 0 0 1
-0.142106 0.115989 340 0.0152259 0.0447351 13.6422 16.1376 -13 770 0 0 1
0.0782638 0.0735287 340 0.000272565 -0.0178512 11.8532 22.2924 -13 776 0 0 1
0.130469 0.103732 340 0.0346343 -0.0100547 9.56824 17.6107 -13 780 0 0 1
-0.387392 0.193926 340 -0.00516499 0.0560614 7.47916 29.0227 -13 794 0 0 1
-0.872395 0.864405 340 -0.00622359 0.198752 8.8838 36.8803 -13 796 0 0 1
0.250734 0.122925 340 0.0168979 -0.0429285 13.5537 11.8204 -13 800 0 0 1
0.22277 -0.175868 340 -0.0301718 -0.0394684 13.0129 17.3605 -13 804 0 0 1
0.134821 0.0259102 340 0.0252581 -0.0256715 14.0852 38.1342 -13 830 0 0 1
-0.0788696 -0.0375158 340 -0.044623 0.0135409 9.02179 43.1825 -13 833 0 0 1
0.0299613 -0.270068 340 0.00490267 -0.0402035 1.37869 78.1955 -13 852 0 0 1
-0.107785 -0.0501943 340 -0.0199343 0.000640043 11.5638 34.5296 -13 855 0 0 1
-nan -nan -nan -nan -nan -nan -nan -13 193 0 0 1
0.0753364 -0.190363 340 0.000415672 -0.000591323 0.138566 188.565 -13 197 0 0 1
0.327023 -0.162188 340 -0.0186757 -0.0413922 8.42154 37.6782 -13 738 0 0 1
0.0581002 0.0643095 340 0.0274688 -0.00454453 12.9457 15.2628 -13 880 0 0 1
-0.0471972 -0.14428 340 -0.0385121 -0.00247754 14.5359 21.374 -13 881 0 0 1
-0.137545 0.0317238 340 -0.0522419 0.0113619 6.44873 40.2248 -13 882 0 0 1
-0.23147 0.253639 340 0.034426 0.0763769 7.1507 41.3764 -13 883 0 0 1
-0.0770551 -0.0427257 340 -0.032234 0.0469025 5.75316 38.4289 -13 884 0 0 1
0.123229 0.0964858 340 0.0418868 0.00823562 12.5681 11.7285 -13 885 0 0 1
0.0838626 0.250514 340 0.0615742 -0.0182613 8.49792 21.3244 -13 886 0 0 1
-0.0384021 -0.0495255 340 -0.019474 -0.0112007 8.54046 15.221 -13 887 0 0 1
-0.183511 0.105726 340 0.0198282 0.0126656 8.57288 33.8926 -13 888 0 0 1
-0.0252741 0.083885 340 0.0281259 -0.00602375 11.3169 35.844 -13 889 0 0 1
0.0959831 0.0478865 340 -0.0427651 0.037601 10.8529 23.3793 -13 890 0 0 1
-0.073473 -0.120805 340 -0.0548014 0.0220875 7.55543 24.602 -13 891 0 0 1
0.0304638 0.301958 340 0.0910886 -0.0526112 14.0669 17.8667 -13 892 0 0 1
0.0643753 -0.0290681 340 0.0133096 0.00335001 9.404 16.9554 -13 893 0 0 1
-0.21025 -0.00799445 340 -0.0198356 0.0271537 12.6142 28.4791 -13 894 0 0 1
0.200913 0.163603 340 0.0192011 -0.0480199 11.6181 27.7141 -13 895 0 0 1
0.0431366 0.129887 340 -0.00295434 -0.0126322 6.80338 39.8315 -13 896 0 0 1
-0.130987 -0.0192195 340 -0.00475944 -0.0167434 8.4393 31.3222 -13 898 0 0 1
-0.271012 0.0680533 340 0.0266568 0.0522634 6.70681 28.1081 -13 899 0 0 1
0.379281 0.100173 340 0.0460116 -0.101383 5.2657 51.1214 -13 901 0 0 1
0.133279 -0.227968 340 -0.0353913 -0.0268856 6.62941 26.373 -13 903 0 0 1
0.00853926 0.158327 340 -0.0258361 -0.00257296 5.21834 41.3818 -13 905 0 0 1
-0.0945721 -0.0942181 340 -0.0159938 0.00383085 11.6348 37.2713 -13 907 0 0 1
-0.050499 -0.373751 340 -0.0559235 0.088036 9.27107 15.2019 -13 910 0 0 1
-0.670339 0.246028 340 -0.0574759 0.0950923 1.96118 71.5012 -13 911 0 0 1
0.0165524 0.104611 340 0.0775906 0.0802473 10.6428 14.1947 -13 11 0 0 1
0.118563 -0.128375 340 0.0316503 -0.044641 13.0839 38.3261 -13 18 0 0 1
-0.0405463 0.0562111 340 -0.000636184 0.0219618 8.49007 24.7483 -13 27 0 0 1
-0.872254 -0.0849672 340 0.0138962 0.127521 9.90996 34.1232 -13 42 0 0 1
-0.277831 -0.282972 340 0.06147 0.0825458 2.4481 65.5566 -13 52 0 0 1
0.109326 -0.0707143 340 -0.00498556 -0.0152614 10.3898 31.421 -13 55 0 0 1
-0.238446 0.0230094 340 0.0119956 0.0709167 10.9847 21.0188 -13 736 0 0 1
-0.138508 -0.148802 340 -0.0128142 0.022622 8.69719 33.6725 -13 741 0 0 1
-0.017731 -0.00809505 340 0.0436807 -0.00733222 10.5708 28.8437 -13 748 0 0 1
-0.0329301 0.227489 340 0.0557167 0.0531662 11.1256 35.4328 -13 751 0 0 1
-0.10079 -0.203748 340 -0.0331302 0.0107206 5.44203 34.2456 -13 756 0 0 1
-0.0925461 -0.353908 340 -0.0669508 0.037674 13.8721 37.5094 -13 762 0 0 1
-0.0612354 -0.0105276 340 -0.0233754 0.0205871 14.3403 11.2206 -13 772 0 0 1
-0.550809 -0.140109 340 0.00554294 0.090404 3.88272 33.7477 -13 775 0 0 1
0.34962 0.0480172 340 -0.0262965 -0.0599436 6.96929 34.2873 -13 783 0 0 1
-0.534028 0.520128 340 0.0929671 -0.0119352 4.97233 48.8046 -13 791 0 0 1
0.160584 0.0761901 340 0.052701 -0.0329701 9.38851 42.6589 -13 799 0 0 1
0.369568 -0.0753325 340 0.00317865 -0.00486116 12.547 37.053 -13 805 0 0 1
-0.0511271 0.0292262 340 0.000658101 0.00700701 14.3076 22.6473 -13 809 0 0 1
-0.764143 -0.335813 340 -0.0496816 0.115382 9.6308 23.8294 -13 814 0 0 1
0.148517 0.189551 340 0.0620108 0.026678 6.07007 25.03 -13 816 0 0 1
0.0742175 0.104579 340 0.0111269 -0.0151599 12.8366 26.7715 -13 838 0 0 1
0.00317026 0.237844 340 -0.0162867 0.0630668 9.87528 34.3193 -13 840 0 0 1
0.0896751 0.0941064 340 0.049076 -0.0259045 10.2282 38.5531 -13 858 0 0 1
0.186019 -0.222534 340 0.0254106 -0.0249566 5.96288 41.7309 -13 862 0 0 1
-0.175664 -0.0937822 340 -0.023075 0.0225638 8.3647 25.0994 -13 868 0 0 1
0.0318968 -0.0390171 340 -0.0192737 -0.0163285 11.878 33.5159 -13 963 0 0 1
0.0159448 -0.123678 340 -0.0336643 -0.00767958 10.4908 38.6293 -13 964 0 0 1
0.0453471 0.0463688 340 0.0133111 -0.0192264 11.3401 26.7403 -13 965 0 0 1
0.0148403 -0.290634 340 -0.0468711 -0.00372355 9.41487 21.3357 -13 966 0 0 1
-0.413646 0.14492 340 -0.00406118 0.124049 2.79644 48.0312 -13 968 0 0 1
