#BLTrackFile NTuple/Z420
#x y z Px Py Pz t PDGid EventID TrackID ParentID Weight
#mm mm mm MeV/c MeV/c MeV/c ns - - - - -
-0.0878226 0.196395 420 -0.00699771 0.0303384 11.5122 32.0841 -13 1 0 0 1
-0.0649954 0.00758531 420 0.0143772 -0.00693165 12.5742 34.449 -13 2 0 0 1
0.0410734 0.0374394 420 -2.31972e-05 0.00299495 9.94308 17.5515 -13 3 0 0 1
-0.139102 0.423144 420 0.108847 -0.00597765 11.1434 17.6466 -13 4 0 0 1
0.0803355 -0.0830594 420 0.0205412 -0.0353855 6.89546 28.8607 -13 5 0 0 1
0.149029 -0.377249 420 -0.0619798 -0.0610067 7.64287 41.5874 -13 6 0 0 1
0.0737506 0.149254 420 0.0282006 -0.00427495 12.0459 25.9405 -13 7 0 0 1
-0.0160855 -0.271008 420 -0.081847 -0.00711358 3.83468 43.6003 -13 13 0 0 1
0.138429 0.160235 420 0.049904 -0.0371743 10.5305 16.0655 -13 22 0 0 1
0.122785 0.0434188 420 0.00624418 0.000407568 11.5812 40.836 -13 28 0 0 1
-0.165579 0.118431 420 0.0314665 0.0312459 9.78179 42.8727 -13 57 0 0 1
0.0715675 0.0816429 420 0.00125786 -0.00793849 14.0219 39.1298 -13 63 0 0 1
0.114111 0.0790232 420 0.0143217 -0.0278566 11.5337 25.7155 -13 67 0 0 1
-0.163702 0.0976338 420 0.026298 0.0703044 6.08124 46.0823 -13 73 0 0 1
-0.00875164 0.0321301 420 0.0193328 -0.0234903 10.294 42.6184 -13 80 0 0 1
0.295019 -0.16198 420 -0.00444123 0.0149622 8.5239 26.1701 -13 88 0 0 1
-0.0394385 0.0407367 420 -0.0295241 0.0404874 8.82805 23.9402 -13 105 0 0 1
-0.136157 -0.236989 420 -0.0781055 0.0265537 5.84943 30.6866 -13 118 0 0 1
-0.0551199 -0.0976323 420 0.00400933 0.0126492 7.51801 34.0862 -13 120 0 0 1
0.0683828 0.0763197 420 0.0193876 -0.0317986 9.05718 23.2634 -13 122 0 0 1
0.0620395 0.0375957 420 0.00127606 0.00192525 11.7318 38.1164 -13 126 0 0 1
-0.123383 0.065651 420 0.007742 0.0266581 9.18148 24.8195 -13 131 0 0 1
0.0464449 -0.0704795 420 -0.0202487 -0.0451353 12.9807 23.7467 -13 136 0 0 1
-0.291396 -0.0394956 420 -0.00249301 0.0269479 13.7546 22.9134 -13 142 0 0 1
0.0883171 -0.173448 420 -0.00353144 -0.00519017 7.0315 30.0724 -13 149 0 0 1
0.172551 -0.0303689 420 -0.036626 -0.0364572 13.2336 20.8873 -13 157 0 0 1
0.000126873 0.0278081 420 0.0257854 0.013371 14.3376 33.7274 -13 159 0 0 1
0.0150558 -0.104186 420 0.0338969 -0.00512395 12.3427 37.1367 -13 165 0 0 1
-0.193904 0.121039 420 0.00614274 0.0426556 14.5093 32.7064 -13 171 0 0 1
-0.262401 -0.228758 420 -0.0501453 0.0916699 3.47225 46.9889 -13 177 0 0 1
0.0301062 0.100661 420 0.0340128 -0.00430464 9.2574 33.9703 -13 182 0 0 1
-0.196525 -0.388687 420 -0.053856 0.0136819 10.8703 36.0367 -13 195 0 0 1
0.101051 0.0897039 420 0.0128761 -0.0161538 12.3283 17.0243 -13 198 0 0 1
-0.0808383 0.0594888 420 0.00505662 0.00125444 13.509 24.7068 -13 228 0 0 1
-0.00243839 -0.0885291 420 -0.00920905 0.011083 10.9601 41.8736 -13 233 0 0 1
0.0716953 -0.0296281 420 -0.0215184 -0.0164841 9.50907 21.0601 -13 238 0 0 1
-0.0214273 -0.206191 420 -0.0356445 0.0348922 13.8045 39.0121 -13 243 0 0 1
-0.265467 -0.290472 420 -0.0486735 0.0272942 11.8199 40.4067 -13 248 0 0 1
0.0828096 0.115547 420 0.0376882 -0.0331566 12.9822 19.4251 -13 252 0 0 1
0.118126 -0.00877611 420 0.00285682 -0.0443265 14.2115 34.5793 -13 260 0 0 1
0.069052 -0.653562 420 -0.0686178 -0.139523 3.44679 64.9909 -13 264 0 0 1
-0.130959 0.0722857 420 0.0767867 0.0111879 3.3585 71.2463 -13 270 0 0 1
0.1774 0.123293 420 0.0502902 0.00501221 11.5307 19.0166 -13 276 0 0 1
-0.247094 -0.0134478 420 -0.0687366 -0.0319603 9.54189 39.2713 -13 282 0 0 1
0.0224194 0.15977 420 0.0248878 -0.0172849 9.11716 25.3255 -13 290 0 0 1
-0.221907 0.158997 420 0.017137 0.0611133 13.7816 40.7124 -13 294 0 0 1
0.0218434 -0.0579141 420 -0.012943 -0.00101828 12.1929 25.3579 -13 299 0 0 1
0.0429421 0.0459846 420 0.00946054 -0.0300055 7.72533 36.8262 -13 304 0 0 1
0.170602 0.276091 420 0.0511361 -0.0490197 9.57979 36.0737 -13 309 0 0 1
0.0873654 0.239259 420 0.034194 -0.00367813 13.0508 13.7056 -13 313 0 0 1
-3.80102 1.44706 420 0.0366457 -0.0109561 0.861912 376.624 -13 319 0 0 1
0.174646 -0.0255709 420 -0.0205632 -0.00911994 9.86439 20.9919 -13 321 0 0 1
-0.00549724 0.215715 420 0.0323292 -0.0364011 4.98522 35.7199 -13 374 0 0 1
-0.33066 -0.0376145 420 -0.0241946 0.0653 13.3654 33.56 -13 375 0 0 1
-0.145496 0.302987 420 0.016155 0.100302 6.59083 35.7407 -13 376 0 0 1
-0.209548 -0.0368436 420 0.0120128 0.0332362 10.5232 24.7046 -13 377 0 0 1
-nan -nan -nan -nan -nan -nan -nan -13 378 0 0 1
-0.144615 -0.0225356 420 0.0631803 -0.0100132 7.41915 23.4967 -13 379 0 0 1
0.0826385 -0.000285324 420 0.0123439 0.0126815 14.452 26.0013 -13 972 0 0 1
0.165304 -0.0981233 420 -0.00980408 -0.0310048 13.7674 39.8695 -13 973 0 0 1
-0.0241129 -0.136475 420 -0.00812277 0.0122193 14.5597 30.5122 -13 974 0 0 1
-0.0134251 -0.0811014 420 -0.0239786 -0.0154951 10.2856 34.9213 -13 975 0 0 1
0.256085 0.267445 420 0.036372 -0.00551037 6.7256 28.8165 -13 976 0 0 1
-0.12122 0.0863067 420 -0.00633144 -0.00922484 8.98372 34.2876 -13 978 0 0 1
-0.0862404 -0.0856786 420 -0.00689015 0.0188 13.7252 30.0426 -13 979 0 0 1
-0.121788 -0.0550765 420 -0.0122152 0.0338736 12.0849 16.6334 -13 980 0 0 1
-0.108047 -0.0929751 420 0.00408814 0.0405033 9.69043 16.646 -13 981 0 0 1
-0.0627394 0.130018 420 0.0275507 -0.00711907 13.6231 24.2332 -13 982 0 0 1
0.0273966 0.388389 420 -0.130282 -0.112963 5.67556 50.092 -13 983 0 0 1
-0.129563 0.25056 420 0.0535104 -0.00754992 10.0834 17.8557 -13 984 0 0 1
0.0764025 0.0632646 420 -0.000228075 -0.0281935 11.2611 29.0629 -13 985 0 0 1
-0.0506362 0.0763057 420 -0.0263166 0.0162336 8.40673 36.9229 -13 986 0 0 1
0.00376079 -0.0955165 420 -0.0241803 0.00605591 14.2403 35.5739 -13 987 0 0 1
-0.0394257 0.255137 420 0.0251019 0.0485798 6.65918 44.5579 -13 988 0 0 1
0.286113 0.221362 420 -0.037455 0.00527101 2.77727 66.9261 -13 989 0 0 1
-0.0920603 -0.0580996 420 -0.0165608 0.0316937 14.462 18.9994 -13 990 0 0 1
-0.0716076 -0.0765379 420 -0.0327223 0.00296715 10.8684 34.2657 -13 991 0 0 1
0.109203 0.167228 420 -0.00672308 -0.0127209 13.0862 37.331 -13 992 0 0 1
0.165686 -0.135959 420 -0.0110203 -0.0320551 11.275 42.6988 -13 993 0 0 1
-0.0637625 -0.0792106 420 -0.018455 -0.000403651 12.8289 36.7759 -13 994 0 0 1
0.301118 0.407256 420 0.0602479 -0.0353469 13.9107 23.1384 -13 995 0 0 1
-0.022066 0.0866381 420 0.0141385 -0.0180373 13.0411 37.1744 -13 996 0 0 1
0.0393324 0.0239806 420 0.0194345 0.00784399 14.519 19.5383 -13 997 0 0 1
0.0238784 -0.0696997 420 -6.32334e-05 -0.0256083 10.2595 40.1407 -13 998 0 0 1
-0.0810598 0.133592 420 0.0291108 -0.0236506 7.3886 25.5301 -13 999 0 0 1
0.250842 0.313136 420 -0.0995332 -0.10175 8.4402 39.8168 -13 1000 0 0 1
0.0392328 -0.220536 420 0.0676006 -0.0237937 5.08265 33.5138 -13 46 0 0 1
-0.315996 0.242332 420 0.0117039 0.0913936 5.42103 40.949 -13 69 0 0 1
-0.298304 0.0731859 420 0.0509726 0.00560106 12.4059 37.8389 -13 76 0 0 1
-0.00899187 0.19388 420 0.0209535 -0.0362026 13.5758 15.1441 -13 85 0 0 1
0.0833339 0.122447 420 0.0121054 -0.0166326 7.71697 45.4043 -13 93 0 0 1
-0.00256935 0.260302 420 -0.021522 0.0714789 4.80582 46.8243 -13 101 0 0 1
-0.138739 -0.203158 420 -0.117773 -0.0788854 9.59889 28.8133 -13 104 0 0 1
0.532986 -0.0259359 420 0.0399 -0.0622808 5.47026 30.1622 -13 110 0 0 1
0.156887 0.0941665 420 -0.000665978 -0.0341375 11.9605 23.0597 -13 113 0 0 1
-0.166018 0.13126 420 0.0952859 -0.0245541 9.23297 27.14 -13 146 0 0 1
-0.070219 -0.0366843 420 -0.0251454 0.0426603 12.2886 17.2777 -13 184 0 0 1
-0.115947 -0.226155 420 -0.0212788 0.0236494 12.0157 33.7062 -13 202 0 0 1
-0.0602393 0.67003 420 0.117456 0.0529251 1.28891 89.1659 -13 208 0 0 1
0.237122 0.404935 420 0.0675777 -0.0325154 9.80396 33.78 -13 214 0 0 1
0.0980111 0.148619 420 0.0144872 -0.0121636 14.5166 28.4549 -13 371 0 0 1
0.546482 0.155656 420 0.0234668 -0.043455 2.25476 83.47 -13 372 0 0 1
0.0645559 -0.160994 420 -0.00554999 0.00630876 14.2027 20.0952 -13 373 0 0 1
-0.0458545 -0.0137579 420 -0.0148491 0.00087454 14.437 28.6479 -13 387 0 0 1
-0.220003 0.470919 420 0.0374967 0.0247221 9.36203 40.0354 -13 388 0 0 1
-0.0151172 0.105692 420 0.0596307 0.0223516 13.4966 30.1383 -13 389 0 0 1
-0.136876 0.054759 420 0.0257054 0.00588041 10.3095 24.1542 -13 390 0 0 1
0.0940319 0.039143 420 0.0188123 0.0035243 8.68457 45.8039 -13 391 0 0 1
-0.371938 0.0695891 420 -0.0582255 0.0451009 8.16344 45.9814 -13 392 0 0 1
0.668173 -0.712621 420 -0.210116 -0.00724427 3.95914 39.5102 -13 393 0 0 1
-0.0235124 0.0781665 420 0.00883063 -0.024083 3.85563 46.93 -13 394 0 0 1
-0.263435 -0.0824875 420 -0.0290211 0.0515317 14.1052 20.005 -13 395 0 0 1
0.194516 -0.710468 420 -0.0846888 -0.0843512 7.07374 37.5606 -13 396 0 0 1
0.0853071 0.00290298 420 0.0174368 0.00725393 14.5304 18.2003 -13 397 0 0 1
0.149047 0.929999 420 0.139518 0.024857 13.3035 19.0712 -13 398 0 0 1
0.0202283 -0.159275 420 -0.0624843 0.0022481 11.652 24.7235 -13 400 0 0 1
0.177891 0.107973 420 0.048147 0.00979559 7.34672 22.2717 -13 402 0 0 1
-0.0602525 -0.0746592 420 -0.0227552 0.0312103 14.3918 19.3073 -13 404 0 0 1
0.0486348 0.0346651 420 0.0143309 -0.0400621 7.07938 36.6028 -13 406 0 0 1
-0.0215204 0.293254 420 0.0576944 0.00677504 10.9268 35.6506 -13 408 0 0 1
-0.245524 -0.102061 420 -0.007737 0.0192783 12.1796 16.2621 -13 409 0 0 1
-0.337711 -0.135736 420 0.0505323 0.0129403 6.86466 27.1979 -13 411 0 0 1
0.0838094 0.0174906 420 0.0567672 0.0180098 7.29514 25.5655 -13 412 0 0 1
-0.25526 0.191 420 0.0621278 0.024622 8.27134 25.6159 -13 415 0 0 1
0.0260696 -0.0539228 420 -0.0542489 -0.0267815 6.57809 28.9322 -13 417 0 0 1
0.0528548 0.0637811 420 0.0474321 0.00940903 13.2085 16.608 -13 421 0 0 1
-0.000848774 0.0965936 420 0.00631874 -0.00454991 9.32499 26.3907 -13 424 0 0 1
0.0882106 0.14754 420 0.0186594 0.00117542 4.94228 54.0071 -13 426 0 0 1
-0.263024 -0.233865 420 -0.0765217 0.0102908 10.8134 40.0091 -13 427 0 0 1
0.170082 -0.131579 420 -0.0511652 0.00955592 9.93993 25.8004 -13 430 0 0 1
-0.127981 -0.130212 420 -0.031524 0.0241599 10.8514 24.158 -13 431 0 0 1
-0.523882 0.0470748 420 -0.00662937 0.0787721 9.95103 33.5672 -13 432 0 0 1
-0.0679344 -0.00218334 420 -0.00270044 0.0033945 11.0521 39.1716 -13 433 0 0 1
0.0265503 0.00612951 420 0.0390142 0.0119857 13.7069 22.6837 -13 434 0 0 1
-0.0391216 -0.199966 420 -0.0148925 -0.0224978 11.3921 28.4977 -13 435 0 0 1
0.109983 0.0615497 420 0.0126394 -0.0232985 11.1278 30.2547 -13 438 0 0 1
0.552092 -0.0398408 420 0.0149904 -0.128834 8.85027 38.2324 -13 440 0 0 1
-0.176348 -0.031125 420 0.03804 0.0176737 11.3769 27.6906 -13 441 0 0 1
-0.0720106 -0.0430771 420 -0.014254 0.0308104 7.63213 45.5316 -13 443 0 0 1
-0.0211238 0.235462 420 0.0335603 0.0196299 11.3913 24.3499 -13 444 0 0 1
0.143538 -0.268398 420 -0.0112047 0.0179984 8.01163 44.7903 -13 445 0 0 1
0.153829 0.148861 420 -0.017711 -0.0289184 11.5772 25.4286 -13 447 0 0 1
-0.30062 -0.223598 420 -0.0616735 0.0446539 9.83588 19.2117 -13 448 0 0 1
-0.112165 0.0440632 420 -0.00630923 0.02308 12.374 41.7605 -13 450 0 0 1
-0.0175219 0.0850992 420 -0.00612427 0.0455591 7.83638 39.9236 -13 451 0 0 1
0.183218 -0.00168287 420 0.00798224 -0.0328028 9.53047 25.3635 -13 454 0 0 1
-0.0511058 0.268891 420 0.007803 0.0230326 7.70005 32.0107 -13 463 0 0 1
0.392315 0.146109 420 0.0281086 -0.0664496 7.31425 22.4706 -13 466 0 0 1
0.03944 -0.101678 420 -0.0219659 0.0404392 8.84262 27.8348 -13 468 0 0 1
0.0333588 0.144024 420 0.0584946 -0.0153073 10.0572 35.6916 -13 472 0 0 1
0.373726 -0.0998951 420 0.0377781 -0.0259665 5.4067 29.5849 -13 473 0 0 1
-0.243119 -0.361848 420 -0.0834618 0.0631687 7.83672 20.572 -13 476 0 0 1
0.142899 0.0775094 420 -0.0402325 -0.0676066 9.71341 18.7966 -13 478 0 0 1
-0.425399 0.129888 420 0.0269016 0.0668622 5.38934 30.6748 -13 479 0 0 1
0.0815413 -0.543485 420 -0.0387012 -0.0745785 6.54923 52.2446 -13 482 0 0 1
0.101915 -0.136717 420 -0.0283096 -0.0229721 7.49898 34.4833 -13 484 0 0 1
-0.0219238 -0.0176086 420 0.0170442 0.00395863 7.31817 28.5926 -13 486 0 0 1
0.0481035 -0.115332 420 -0.036311 -0.0298739 13.0242 30.1469 -13 487 0 0 1
-0.0741322 -0.141597 420 -0.0261309 0.0280986 11.8894 28.797 -13 499 0 0 1
0.0344572 -0.00635306 420 -0.00677176 0.0139026 12.6677 25.6326 -13 500 0 0 1
0.0491284 0.106039 420 0.0407549 0.00277295 10.8969 24.4629 -13 501 0 0 1
0.0897427 -0.0756119 420 -0.0102932 -0.00442361 14.4363 16.0971 -13 502 0 0 1
-0.172188 -0.279711 420 -0.00667514 0.0456602 3.57408 56.5084 -13 505 0 0 1
0.136145 -0.00738625 420 0.000678486 -0.00188012 12.4636 24.3446 -13 507 0 0 1
0.162503 -0.1378 420 -0.0200932 -0.0369044 12.8852 30.0471 -13 512 0 0 1
-0.169042 -0.0779573 420 -0.0151888 0.00516878 3.85517 45.8709 -13 516 0 0 1
0.0474042 -0.184298 420 -0.0435125 0.0158759 12.3703 17.7002 -13 518 0 0 1
0.11048 -0.46978 420 -0.0416999 -0.00159564 12.9309 23.5497 -13 522 0 0 1
-0.266149 -0.274306 420 -0.0260562 0.00733961 3.90505 63.1785 -13 524 0 0 1
1.9386 0.248887 420 -0.181744 -0.395386 3.20663 72.0153 -13 527 0 0 1
0.113973 0.0937606 420 0.0381008 -0.0209585 12.4939 28.5431 -13 528 0 0 1
0.0484186 0.219935 420 0.0579601 0.0150159 11.2723 36.6263 -13 529 0 0 1
-0.170015 0.322497 420 0.00455739 0.0783896 9.06746 39.9485 -13 533 0 0 1
-0.172964 0.0152127 420 -0.00930447 0.0157904 9.16448 40.108 -13 534 0 0 1
0.0281759 0.0598804 420 -0.03036 0.00818431 9.83909 18.3457 -13 535 0 0 1
0.282471 0.237431 420 0.0933636 0.015261 13.0463 21.1206 -13 536 0 0 1
-0.217019 -0.126141 420 -0.0255859 -0.0170869 4.45107 47.3844 -13 537 0 0 1
0.0271629 0.0409892 420 0.0121636 0.0189102 14.4758 29.0523 -13 538 0 0 1
0.136892 -0.0481725 420 0.0209025 -0.00156262 11.3324 19.4138 -13 539 0 0 1
-0.26285 -0.0422461 420 -0.0297765 0.028525 7.34984 42.4081 -13 541 0 0 1
-0.0721095 0.0907553 420 -0.000103649 0.0224223 13.7381 39.2664 -13 544 0 0 1
-0.300158 -0.359357 420 -0.116798 0.0528294 4.84373 56.3851 -13 545 0 0 1
0.338314 -0.234425 420 -0.0606551 -0.00639759 6.56198 42.5529 -13 546 0 0 1
-0.00998928 0.0606396 420 0.00192219 -0.0110871 9.8635 34.6804 -13 548 0 0 1
-0.0615123 -0.0589273 420 0.00919896 -0.0282395 8.61462 34.3016 -13 550 0 0 1
-0.0499015 0.148667 420 0.0543987 -0.0349119 7.90023 30.9825 -13 553 0 0 1
-0.0196936 -0.0842363 420 -0.0180319 -0.0653668 6.17944 45.2342 -13 556 0 0 1
-0.154098 0.106551 420 0.0366824 0.0162606 10.944 42.303 -13 559 0 0 1
-0.0531802 0.437296 420 0.107703 0.0191401 11.054 17.5769 -13 562 0 0 1
-0.0479011 0.0232811 420 -0.0254774 -0.000687158 12.1165 28.1018 -13 563 0 0 1
0.0415644 0.0862897 420 -0.00378609 -0.0411709 10.5693 42.7332 -13 564 0 0 1
0.12497 -0.0507049 420 -0.00749172 0.0090766 14.2253 16.3432 -13 565 0 0 1
0.053941 -0.0198758 420 0.00681136 -0.00304839 10.596 26.0966 -13 567 0 0 1
-0.0529359 -0.0996602 420 -0.0110604 0.0070492 13.5427 22.6595 -13 569 0 0 1
0.342916 0.103978 420 0.0754287 -0.0899713 11.0824 39.6094 -13 570 0 0 1
-0.0438377 0.171338 420 0.0134399 -0.0114904 9.89014 27.791 -13 572 0 0 1
-0.202571 -0.232 420 -0.0180132 0.00371231 6.51733 35.8859 -13 573 0 0 1
0.214431 -0.0670377 420 0.0013347 -0.0257605 13.7404 20.0297 -13 574 0 0 1
0.0945337 -0.0353211 420 0.016585 0.0216367 10.6081 33.5305 -13 576 0 0 1
0.146745 -0.0298992 420 -0.00981297 -0.0407269 13.3974 14.2299 -13 577 0 0 1
-0.0168913 0.0514711 420 -0.0228914 -0.0157125 8.4113 29.3649 -13 578 0 0 1
0.0842955 -0.105487 420 -0.0179881 0.00362998 13.9735 27.1782 -13 579 0 0 1
0.245834 0.0967798 420 0.0181243 -0.0424253 12.7392 19.9686 -13 580 0 0 1
0.0101558 -0.0335846 420 -0.0107227 0.00345442 11.0947 41.8279 -13 581 0 0 1
0.293138 0.143688 420 -0.0488807 -0.0181132 8.9072 29.5105 -13 582 0 0 1
0.298906 -0.169904 420 0.00265489 -0.100186 7.62604 26.8432 -13 583 0 0 1
-0.236108 0.111411 420 -0.0222265 0.0361419 9.3807 41.1609 -13 586 0 0 1
0.253287 0.201559 420 0.00685705 -0.0372492 13.7661 30.6417 -13 587 0 0 1
-0.206184 0.19428 420 5.30189e-05 0.124515 9.54853 25.6178 -13 588 0 0 1
-0.101306 0.105469 420 0.0200813 0.0203879 13.2741 23.9702 -13 589 0 0 1
-1.52994 1.57302 420 -0.00101001 -0.000943834 0.791473 386.93 -13 590 0 0 1
0.130571 0.0935003 420 0.0197699 -0.0158949 9.14871 28.5206 -13 591 0 0 1
-0.0367149 0.0427933 420 0.0184417 -0.0180373 14.0144 16.2158 -13 99 0 0 1
-0.285846 -0.00305762 420 -0.0227507 0.0442741 12.9949 27.1112 -13 124 0 0 1
-0.446729 -0.377134 420 -0.0859015 0.0806185 7.22954 39.6365 -13 134 0 0 1
-0.47239 -0.294164 420 -0.0567765 0.104744 9.83784 40.7865 -13 145 0 0 1
-0.115721 0.0230565 420 -0.0117005 0.0172682 13.6989 34.9622 -13 153 0 0 1
0.0686446 0.0228646 420 0.00973239 -0.0092763 14.1112 17.9309 -13 161 0 0 1
-0.034051 -0.187965 420 -0.0364277 -0.012479 11.3514 14.4743 -13 168 0 0 1
-0.192833 -0.0284908 420 -0.0164907 0.0361861 10.6765 16.9338 -13 175 0 0 1
0.075014 0.0427766 420 -0.017345 -0.0197319 11.8811 42.105 -13 186 0 0 1
0.0810401 -0.148776 420 0.00172709 -0.0115079 14.4617 31.4545 -13 203 0 0 1
-0.0824762 -0.208608 420 -0.0608174 0.0291985 6.2464 53.0907 -13 224 0 0 1
-0.0932695 -0.365423 420 -0.0464304 -0.020111 6.3101 42.7917 -13 232 0 0 1
-0.150926 0.322767 420 0.0299485 0.0377002 8.39625 33.1056 -13 237 0 0 1
-0.0288643 0.0882575 420 0.0249729 0.0274947 12.0643 20.3528 -13 255 0 0 1
0.0728677 -0.139795 420 -0.0406032 0.00924762 10.8843 42.2318 -13 287 0 0 1
-0.0451906 -0.0784636 420 -0.0185058 0.0172994 9.72293 31.1448 -13 306 0 0 1
-0.211758 -0.113294 420 0.0061395 0.0898975 2.53187 60.0975 -13 317 0 0 1
-0.0920411 0.210087 420 0.00134071 0.0616702 11.4483 40.2552 -13 325 0 0 1
-0.110363 0.000743357 420 0.00329077 0.0250606 9.8511 22.2188 -13 414 0 0 1
-0.25642 -0.638271 420 -0.068822 0.0796068 7.66877 33.6863 -13 419 0 0 1
-0.309192 -0.243796 420 -0.00499949 0.0421721 7.09702 25.4071 -13 422 0 0 1
-0.0527683 0.265992 420 0.0571978 0.0540317 7.0523 29.7708 -13 428 0 0 1
-0.0718957 -0.403356 420 -0.0443353 0.00925007 7.85196 32.4663 -13 429 0 0 1
-0.158686 0.19668 420 0.0345911 0.0583788 11.2558 20.4777 -13 436 0 0 1
0.0837263 0.0062317 420 0.0196116 -0.000994931 10.6974 25.6954 -13 437 0 0 1
0.144535 -0.0844011 420 0.00253101 -0.000996576 11.9447 41.4804 -13 439 0 0 1
0.00680621 -0.59136 420 -0.0108084 0.0606685 4.1184 37.7756 -13 442 0 0 1
-0.0212622 0.00632774 420 -0.0112072 0.00825017 13.4052 38.3305 -13 446 0 0 1
-0.0189701 0.34602 420 0.029251 -0.0139624 8.18654 23.3268 -13 449 0 0 1
-0.0816928 0.359148 420 -0.0935505 -0.00479269 1.14271 75.6741 -13 455 0 0 1
0.280806 0.0616145 420 0.00402074 -0.0407908 13.6852 37.5526 -13 462 0 0 1
0.708649 0.974745 420 0.0261706 -0.112073 0.865283 85.6183 -13 600 0 0 1
-0.503288 0.122967 420 -0.0111593 0.0749592 12.5541 30.2683 -13 601 0 0 1
-0.0497009 0.0315542 420 -0.0111626 0.0101728 11.8171 16.7457 -13 12 0 0 1
0.0289633 -0.0313294 420 -0.0308752 -0.0329206 8.4379 20.5869 -13 16 0 0 1
-0.000983178 0.0501907 420 0.00383034 0.0133686 13.6926 32.6778 -13 34 0 0 1
-0.289981 -0.145551 420 -0.0466785 0.0796089 10.8568 38.6499 -13 45 0 0 1
-0.0446322 0.0634012 420 0.0114766 0.00572309 13.2691 17.9593 -13 49 0 0 1
0.150523 -0.0616252 420 0.0144476 -0.0199845 14.127 19.826 -13 56 0 0 1
-0.0499286 0.0884678 420 0.0248405 -0.00152896 11.171 18.8337 -13 70 0 0 1
-0.0284166 0.25293 420 -0.0663534 -0.0675837 8.20768 44.4575 -13 77 0 0 1
-0.282946 -0.217726 420 0.0113333 0.0288745 9.92481 26.1549 -13 89 0 0 1
-0.291679 0.640466 420 0.0181246 -0.0218915 2.30282 59.567 -13 96 0 0 1
0.136515 -0.0253537 420 0.00720873 -0.0315131 14.148 36.0056 -13 140 0 0 1
-0.172437 -0.0697125 420 -0.0387033 0.0252234 11.8949 39.5047 -13 452 0 0 1
0.319162 0.25743 420 0.0105534 -0.0678941 12.9621 39.8135 -13 453 0 0 1
0.160784 -0.13819 420 -0.0185151 -0.0402018 14.0125 14.9919 -13 456 0 0 1
-0.0181978 0.0430385 420 0.0158421 -0.0242178 9.44423 17.8767 -13 457 0 0 1
0.321218 0.207869 420 0.00426427 -0.00499182 7.99655 27.8381 -13 459 0 0 1
-0.0910983 -0.00617729 420 0.0131327 0.00244088 13.4628 37.5357 -13 461 0 0 1
0.749612 -0.568422 420 0.0356969 -0.11252 0.509869 96.5708 -13 471 0 0 1
0.149371 0.122651 420 0.0550537 -0.0267969 9.00544 31.5198 -13 481 0 0 1
-0.244027 -0.401687 420 -0.0708802 -0.0277091 5.22732 47.5099 -13 15 0 0 1
-0.101688 -0.141315 420 -0.0305414 -0.0146717 8.28967 25.3905 -13 58 0 0 1
0.56102 0.282247 420 0.0614606 -0.115973 6.69107 31.165 -13 90 0 0 1
0.0602093 -0.821822 420 3.66908e-05 -7.24083e-05 0.172682 369.165 -13 102 0 0 1
-0.0605544 0.0678283 420 -0.0158989 0.00589788 13.7663 28.9252 -13 107 0 0 1
0.183617 -0.10941 420 -0.00776882 -0.0375105 10.8632 41.433 -13 354 0 0 1
-1.91871 0.649244 420 -0.115975 -0.00865126 0.665649 363.699 -13 385 0 0 1
0.0318926 0.0233305 420 0.0132975 0.00813434 14.4618 19.9851 -13 386 0 0 1
-0.101428 -0.0214828 420 -0.0231853 -0.0128028 12.6542 15.728 -13 399 0 0 1
-0.113496 0.0148927 420 -0.00252062 0.0615801 11.1708 27.0927 -13 401 0 0 1
0.357753 0.348988 420 0.0898208 -0.0333368 5.72314 46.2321 -13 403 0 0 1
0.0626719 -0.119364 420 -0.0079663 -0.0452082 12.8514 29.2999 -13 405 0 0 1
-0.653744 0.307075 420 0.0867416 0.0793359 4.70718 55.3803 -13 407 0 0 1
0.292471 -0.159334 420 -0.0292008 -0.0589913 7.15928 31.3508 -13 410 0 0 1
-0.047362 -0.610278 420 -0.0992416 -0.0481176 5.76374 27.0136 -13 413 0 0 1
-0.0399678 -0.0405522 420 -0.00704927 -0.000272768 12.6527 26.1533 -13 416 0 0 1
0.247715 0.0207896 420 0.0197004 -0.0646608 10.0374 41.7053 -13 418 0 0 1
-0.0658793 0.142008 420 0.0306128 -0.0397951 12.4515 22.4187 -13 420 0 0 1
0.0938304 -0.800995 420 0.066396 0.108077 0.825891 104.307 -13 423 0 0 1
-0.0262657 -0.113749 420 0.00915747 0.0489251 5.06347 58.3532 -13 425 0 0 1
0.239703 0.143219 420 0.0136354 -0.0304502 10.2498 20.905 -13 503 0 0 1
-0.098877 0.0341995 420 0.0285018 0.0154471 8.70238 25.636 -13 506 0 0 1
-0.0920271 0.122325 420 0.086898 0.0360253 10.4639 17.9122 -13 511 0 0 1
-0.0616474 -0.049292 420 -0.00621058 0.033437 13.3455 12.4657 -13 513 0 0 1
-0.309006 0.0508544 420 0.0905871 0.0893795 8.22225 21.692 -13 517 0 0 1
0.311405 -0.381384 420 0.0394794 -0.0287962 11.6385 30.5254 -13 520 0 0 1
-0.0565435 -0.027824 420 -0.0262906 0.0190884 13.5805 27.5462 -13 523 0 0 1
0.153201 -0.701746 420 -0.107799 -0.0436251 11.7092 32.9919 -13 526 0 0 1
0.288259 -0.133403 420 -0.0130306 -0.0396254 12.9519 25.7568 -13 531 0 0 1
0.101057 -0.00810307 420 0.0479728 -0.0174714 11.2628 39.3099 -13 540 0 0 1
-0.0605962 0.915962 420 0.13558 0.0415362 12.8225 15.9029 -13 542 0 0 1
0.03345 -0.147465 420 -0.031273 0.00238447 10.6865 34.005 -13 547 0 0 1
-0.0499086 0.119112 420 0.0106703 0.00872315 9.63336 41.563 -13 549 0 0 1
0.0492945 0.134743 420 -0.0154064 -0.0199198 11.3124 23.7464 -13 552 0 0 1
0.0817525 -0.221617 420 -0.0785285 -0.0138728 7.97754 46.483 -13 555 0 0 1
0.454886 0.0957763 420 -0.0417776 0.0721233 0.78133 373.955 -13 558 0 0 1
-0.0481289 0.0353298 420 -0.00194739 0.000340648 13.6094 12.1948 -13 560 0 0 1
0.0751032 0.0444609 420 0.0300413 -0.0480855 11.9727 35.1089 -13 329 0 0 1
0.316074 -0.0508059 420 -0.0281687 -0.020697 4.89241 36.4056 -13 332 0 0 1
-0.252719 -0.536128 420 -0.0928712 0.0422358 12.4573 39.9752 -13 341 0 0 1
-0.0996849 -0.0543839 420 -0.0381473 0.00259453 13.455 26.6618 -13 346 0 0 1
0.316175 -0.0854439 420 -0.00544283 -0.0790567 13.7916 37.6356 -13 348 0 0 1
-0.0713741 -0.115726 420 -0.0230913 -0.0266364 7.14655 35.3717 -13 349 0 0 1
0.206339 -0.0328451 420 -0.0230488 -0.120007 7.80781 42.6936 -13 350 0 0 1
-0.200702 0.17702 420 0.0148547 0.0683203 4.5953 40.1972 -13 351 0 0 1
0.259723 0.242163 420 -0.0283356 0.0635084 4.3348 46.1318 -13 352 0 0 1
-0.395349 -0.591829 420 -0.211254 0.0548233 3.3269 60.8716 -13 355 0 0 1
-0.17807 -0.300117 420 -0.0347482 0.0145108 9.76215 43.4972 -13 356 0 0 1
-0.158091 -0.00349024 420 0.0138659 0.00041315 10.6796 41.7182 -13 357 0 0 1
0.181324 -0.185905 420 -0.0134626 -0.0362802 10.9471 31.5298 -13 358 0 0 1
-0.00350586 -0.0417129 420 -0.0281431 -0.000140918 11.7923 19.2984 -13 359 0 0 1
0.0851658 0.0435473 420 -0.00667473 -0.0195244 13.5116 33.0502 -13 360 0 0 1
0.649618 -0.070559 420 -0.0472597 -0.150116 3.90546 42.818 -13 361 0 0 1
0.0287448 0.103132 420 -0.0196541 -0.0939395 8.75733 18.3578 -13 362 0 0 1
0.188793 -0.357505 420 -0.0485225 -0.00631684 12.1747 41.1166 -13 363 0 0 1
0.08207 0.0310184 420 0.0215656 -0.00121884 14.4515 15.5545 -13 364 0 0 1
0.00516035 -0.0836658 420 -0.0402069 -0.00671992 11.8449 17.7982 -13 365 0 0 1
-0.0336814 0.202745 420 0.0247973 -0.00486441 7.89917 20.1805 -13 366 0 0 1
-0.0211681 -0.0961399 420 -0.0206303 0.0110744 11.7162 37.7707 -13 367 0 0 1
0.3257 -0.567125 420 -0.06239 -0.102943 6.09355 44.0907 -13 368 0 0 1
0.324765 -0.703846 420 -0.181551 -0.0494718 0.96547 97.3237 -13 369 0 0 1
-0.569708 -0.619419 420 -0.159267 0.137903 6.47362 27.1966 -13 370 0 0 1
0.188821 0.157782 420 0.0272404 -0.0200155 11.61 40.0298 -13 458 0 0 1
0.439063 0.716612 420 0.157232 -0.0261894 3.90305 64.6065 -13 464 0 0 1
-0.318918 0.0738672 420 -0.0616321 0.00475573 6.42967 26.0334 -13 470 0 0 1
0.119581 -0.152031 420 0.0299114 0.00302844 10.6758 31.6337 -13 480 0 0 1
-0.0584136 0.00914817 420 -0.00762683 0.0251815 11.3738 17.2812 -13 485 0 0 1
-0.228681 0.0645761 420 0.022057 0.0507301 3.91944 41.5277 -13 490 0 0 1
-0.0405583 0.0934226 420 0.0258485 -0.00384306 13.9362 15.4521 -13 492 0 0 1
0.0106742 -0.0762736 420 -0.0255661 -0.0132302 14.4466 12.2572 -13 495 0 0 1
-0.0815194 -0.209373 420 -0.0160605 0.00436726 11.1958 30.7946 -13 504 0 0 1
0.121785 0.0740179 420 0.000456907 -0.0198613 11.4382 39.112 -13 508 0 0 1
0.198366 -0.121177 420 -0.0221016 -0.00973043 8.24073 39.1203 -13 509 0 0 1
0.096992 -0.0289712 420 -0.0155562 -0.0243371 10.2385 38.8482 -13 515 0 0 1
0.122504 -0.108397 420 -0.022357 -0.0314991 11.667 32.0811 -13 519 0 0 1
-nan -nan -nan -nan -nan -nan -nan -13 521 0 0 1
0.3852 -0.0516836 420 0.0389779 -0.0671194 9.70202 23.0381 -13 525 0 0 1
0.0722967 -0.373594 420 -0.0138228 -0.0228358 10.4098 17.4169 -13 14 0 0 1
-0.123261 -0.0634008 420 -0.0317762 0.0102324 8.28157 35.7839 -13 19 0 0 1
0.0695773 -0.0792524 420 0.000552402 0.00928375 8.94296 32.4251 -13 26 0 0 1
-0.26546 -0.0747293 420 -0.0272544 0.0709242 8.48683 23.3171 -13 32 0 0 1
-0.260201 0.045247 420 0.037732 0.0450757 10.4033 42.7059 -13 37 0 0 1
-0.0702968 0.0672898 420 -0.0251296 0.0120785 8.89066 20.1757 -13 41 0 0 1
-0.267731 0.192667 420 0.0452657 0.0187745 7.1023 38.3935 -13 59 0 0 1
0.00309867 -0.0063554 420 0.0082627 -0.0714876 9.38061 28.952 -13 62 0 0 1
0.167212 0.154625 420 0.0430192 -0.0480331 7.37729 33.5988 -13 66 0 0 1
0.0333658 0.0953577 420 0.00633059 -0.0222358 10.3506 16.1874 -13 72 0 0 1
-0.0150929 0.0228471 420 0.00870859 0.0355584 12.6823 37.0561 -13 79 0 0 1
0.190708 0.166739 420 0.0444786 -0.0339887 9.95519 38.579 -13 103 0 0 1
0.104248 -0.0439067 420 -0.0109795 -0.0218743 13.5736 12.024 -13 109 0 0 1
-0.175783 0.075709 420 -0.023612 0.0208427 10.3135 43.9995 -13 116 0 0 1
-0.328739 0.430511 420 0.0841722 0.0724992 10.9655 33.6327 -13 119 0 0 1
0.796853 0.458781 420 0.10557 -0.146601 7.92413 47.0285 -13 121 0 0 1
0.0301488 0.030063 420 0.00968276 -0.00606552 11.4745 39.856 -13 125 0 0 1
-0.0658291 -0.00686192 420 0.00931331 -0.0102172 13.2431 34.0441 -13 132 0 0 1
0.138844 0.0770346 420 0.0449396 -0.00526234 13.3614 15.8466 -13 135 0 0 1
-0.0421524 -0.0440404 420 -0.000938199 0.0231068 13.8254 12.3013 -13 141 0 0 1
0.0611087 0.147076 420 0.0218726 0.0168694 14.1365 35.184 -13 152 0 0 1
-0.218926 -0.00105554 420 -0.00482426 0.014715 9.95788 40.5561 -13 155 0 0 1
0.165723 -0.120319 420 -0.0285641 -0.0315604 7.54002 28.8196 -13 160 0 0 1
0.00965047 0.29081 420 0.0505228 -0.0596026 11.0126 42.5819 -13 166 0 0 1
-0.0511998 0.364977 420 0.0517793 0.0564137 11.8344 27.6269 -13 172 0 0 1
0.044611 0.107665 420 0.111503 0.0628044 5.63602 38.0699 -13 178 0 0 1
-0.0930511 0.0594567 420 -0.0211774 0.0141788 14.0184 16.4488 -13 183 0 0 1
0.0530497 -0.0258755 420 0.00445846 -0.00257411 12.2514 18.5982 -13 191 0 0 1
-0.0091357 0.00270278 420 -0.0110244 0.00363371 12.9416 26.2601 -13 199 0 0 1
0.171052 -0.263163 420 0.00329481 -0.0466635 10.042 34.1808 -13 226 0 0 1
0.163204 0.117548 420 -0.000270778 -0.0193205 11.9771 14.2708 -13 230 0 0 1
-0.241648 0.139179 420 -0.0259967 0.128624 6.24036 47.2211 -13 235 0 0 1
0.238079 -0.20665 420 -0.00462927 -0.0418978 10.5334 22.0722 -13 263 0 0 1
0.0845431 -0.231637 420 -0.019365 -0.0206561 12.802 35.6928 -13 265 0 0 1
-0.0978193 0.180896 420 0.0493008 -0.00428507 6.9457 40.509 -13 291 0 0 1
-0.18365 0.120325 420 -0.0168129 0.0271786 7.25693 43.8385 -13 295 0 0 1
-0.0635059 -0.0941121 420 0.00847041 0.019958 6.11465 30.1836 -13 318 0 0 1
0.0600496 0.0228946 420 -0.00687333 -0.0372443 13.8095 17.0086 -13 320 0 0 1
-0.290059 0.205294 420 0.0436313 0.0353886 12.7476 17.8819 -13 322 0 0 1
-0.255351 0.353696 420 0.0502234 0.0369834 6.1381 32.0053 -13 323 0 0 1
-0.182527 0.157471 420 -0.00426696 0.0283012 10.7195 34.6922 -13 326 0 0 1
0.326356 0.410867 420 0.072673 -0.00527035 5.60405 27.6097 -13 331 0 0 1
-0.384688 0.0110239 420 -0.0182496 0.0118057 2.34472 83.6527 -13 343 0 0 1
0.100055 -0.0210542 420 -0.00145955 -0.0140751 9.73094 16.448 -13 345 0 0 1
0.307294 -0.061031 420 -0.0576241 -0.0338615 10.6863 19.6498 -13 380 0 0 1
-0.132207 -0.399513 420 -0.0993417 0.0296345 7.82587 32.0453 -13 381 0 0 1
-0.602458 -0.814792 420 -0.161428 0.0311835 13.4078 24.1533 -13 382 0 0 1
0.0494939 -0.183724 420 -0.0592522 -0.0138787 14.1136 25.5299 -13 384 0 0 1
0.0428093 0.234437 420 -0.000318786 -0.0270349 10.5601 17.6885 -13 460 0 0 1
-0.0693637 -0.145642 420 -0.0481828 0.00863362 9.92408 21.1114 -13 465 0 0 1
0.0318283 0.0329478 420 0.0100463 0.00877918 14.0794 14.3618 -13 467 0 0 1
-0.0197861 -0.308136 420 -0.0363644 0.0461344 4.75265 48.3174 -13 469 0 0 1
-0.0137614 -0.150655 420 -0.0107678 0.00428754 8.25401 33.8286 -13 474 0 0 1
-0.0201539 -0.068641 420 0.0012073 -0.000732343 11.7918 23.4961 -13 475 0 0 1
-0.0182751 0.102252 420 -0.00150613 0.0167592 9.52845 32.3698 -13 477 0 0 1
-0.0114197 -0.070676 420 -0.00211619 -0.00790253 14.0527 40.2761 -13 483 0 0 1
-0.288509 -0.0688594 420 0.0168612 0.0501196 5.34093 48.5831 -13 488 0 0 1
0.0715287 0.0659836 420 0.0476244 0.00293188 13.8909 16.0859 -13 489 0 0 1
-0.117964 -0.0935597 420 -0.0037019 0.026856 7.59659 44.9572 -13 491 0 0 1
-0.0517191 -0.0961679 420 -0.0206988 -0.00936194 12.4386 37.3566 -13 493 0 0 1
-0.15154 0.171229 420 0.00424318 0.0202185 12.968 35.5846 -13 494 0 0 1
0.296623 -0.374991 420 -0.061822 -0.0316833 10.6994 21.5279 -13 496 0 0 1
-0.273091 0.217113 420 0.0302307 0.0719007 14.0571 12.2252 -13 497 0 0 1
-0.0731976 -0.0930744 420 0.00541842 -0.0137723 13.6982 27.8315 -13 498 0 0 1
0.408168 -0.020393 420 -0.0811306 -0.0104936 10.5497 24.6242 -13 510 0 0 1
0.173497 0.354041 420 0.0890736 0.0459631 7.9077 24.963 -13 514 0 0 1
-0.0896393 0.143868 420 0.00352934 -0.00238894 8.32365 41.0172 -13 530 0 0 1
-0.0109887 -0.0117703 420 -0.0241733 0.00319088 13.8486 40.3874 -13 532 0 0 1
-0.0161551 -0.234643 420 -0.0586891 0.0384698 8.55333 30.5886 -13 543 0 0 1
0.183385 -0.0224415 420 -0.00546982 -0.0353961 10.6022 20.2918 -13 551 0 0 1
-0.104449 0.0870026 420 0.00591165 0.051283 5.07541 30.9152 -13 554 0 0 1
-0.014776 0.0385612 420 0.0167715 0.0453035 13.5737 17.9317 -13 557 0 0 1
-0.0976402 0.448224 420 0.0362656 -0.00290827 5.20931 55.211 -13 561 0 0 1
0.282779 0.236942 420 0.0466932 -0.0400547 9.34744 28.0713 -13 566 0 0 1
-0.242033 -0.0957464 420 -0.0626792 0.0634878 11.842 39.0416 -13 568 0 0 1
-0.0287095 -0.134919 420 -0.0187737 -0.00854193 12.6517 25.687 -13 571 0 0 1
0.124439 -0.217534 420 0.0147617 0.0294398 7.06376 39.9921 -13 575 0 0 1
0.041629 -0.174218 420 -0.0250432 0.0392063 13.9656 37.5603 -13 584 0 0 1
-0.116146 0.149731 420 0.061345 -0.00573595 11.2371 21.7365 -13 585 0 0 1
0.135811 0.0668398 420 -0.00158425 -0.0262413 8.32225 30.9504 -13 592 0 0 1
-0.20849 -0.102652 420 0.0179479 0.0557556 5.74834 52.8455 -13 593 0 0 1
-0.067612 0.251185 420 0.0367663 0.0381179 10.7617 43.4916 -13 594 0 0 1
0.113048 0.0351913 420 -0.0176316 0.00078133 10.0435 29.8885 -13 595 0 0 1
0.000372264 0.0952058 420 -0.0340831 0.045715 8.13935 35.4541 -13 596 0 0 1
0.0922594 -0.151211 420 0.0177547 0.0413119 10.426 26.4756 -13 597 0 0 1
0.0578684 0.0746086 420 0.00485855 -0.0107297 5.77416 32.7389 -13 599 0 0 1
-0.11251 0.0908469 420 -0.000155405 0.0798794 6.8654 43.7413 -13 602 0 0 1
-0.821898 0.0250248 420 0.0229844 -0.190039 9.26633 38.7599 -13 603 0 0 1
-0.213037 -0.228508 420 -0.0340264 0.00176349 7.56444 32.944 -13 604 0 0 1
0.0514274 0.150688 420 -0.020492 -0.00952533 4.94204 37.6918 -13 605 0 0 1
0.0644222 0.0615054 420 0.016588 -0.0249689 12.4498 28.8089 -13 606 0 0 1
-0.0519718 -0.120692 420 -0.035056 0.0204483 11.8872 18.6162 -13 607 0 0 1
-0.165045 0.226277 420 0.0740852 0.028351 12.9383 26.7067 -13 608 0 0 1
-0.107474 -0.114806 420 -0.00634477 -0.00195558 11.8795 17.8023 -13 609 0 0 1
-0.0238146 0.096609 420 0.0126311 -0.0317164 8.81317 24.4882 -13 610 0 0 1
-0.0408315 0.0414936 420 0.00591119 0.0176831 10.3325 19.694 -13 611 0 0 1
0.132572 0.151803 420 0.00569004 -0.030005 7.86705 31.0975 -13 612 0 0 1
-0.225863 0.0867077 420 -0.0206216 0.0700505 12.4423 26.7921 -13 613 0 0 1
0.081001 0.131452 420 0.0101788 -0.0173181 12.1218 14.9504 -13 614 0 0 1
1.53673 -0.809018 420 0.0269857 -0.236215 3.75064 55.8205 -13 615 0 0 1
-0.0422656 -0.226599 420 -0.0525418 0.000671328 3.85488 62.8329 -13 616 0 0 1
-0.00425653 -0.143343 420 -0.0290644 -0.00413667 10.8169 31.0857 -13 617 0 0 1
0.148822 -0.0481264 420 -0.00627485 -0.00501818 8.11111 38.4039 -13 618 0 0 1
0.396977 0.423195 420 0.063222 -0.0529413 4.79396 52.3479 -13 619 0 0 1
-0.262692 0.135495 420 -0.0380513 0.0632652 12.3653 32.0224 -13 620 0 0 1
0.110664 -0.0774114 420 -0.00624053 -0.0564398 5.17802 31.1009 -13 621 0 0 1
0.6288 0.404219 420 0.012498 -0.115668 11.1621 41.7265 -13 622 0 0 1
0.0939344 0.0279401 420 0.00795824 0.00799627 9.736 29.8274 -13 623 0 0 1
0.053407 0.126873 420 0.0125806 -0.000875741 14.1726 12.138 -13 624 0 0 1
0.194595 0.0925109 420 0.0403221 -0.00886227 9.08571 32.5911 -13 625 0 0 1
-0.728005 0.0743888 420 -0.023708 0.158426 6.03873 33.0256 -13 626 0 0 1
-0.0354739 0.144313 420 0.0418177 -0.0122707 9.42808 33.7942 -13 627 0 0 1
0.99773 -0.730445 420 -0.110343 0.00431496 2.90283 65.0712 -13 628 0 0 1
0.147045 0.0507951 420 0.0312626 -0.0230582 10.4538 20.8101 -13 629 0 0 1
-0.162987 -0.237013 420 -0.0524072 0.0242779 11.7186 40.5633 -13 630 0 0 1
-0.0293981 -0.0950673 420 -0.0202294 0.0254178 8.86516 44.7582 -13 631 0 0 1
-0.185992 0.0180286 420 -0.0123717 0.0340915 14.0781 23.2102 -13 632 0 0 1
-0.112309 -0.072226 420 -0.014997 0.0363298 8.3606 26.4625 -13 633 0 0 1
-0.569345 -0.0844807 420 0.0718399 0.056644 4.81747 33.5227 -13 634 0 0 1
0.228409 -0.0464212 420 0.0136146 -0.0223208 8.05752 36.0902 -13 635 0 0 1
-0.441567 0.478386 420 0.040251 0.0836443 14.136 18.2273 -13 636 0 0 1
0.106218 0.0237716 420 -0.0187039 -0.0370751 7.98427 40.8263 -13 637 0 0 1
-0.223959 0.36826 420 0.0291506 0.0994006 12.711 27.9679 -13 638 0 0 1
0.114716 0.0696504 420 0.0166342 -0.0163588 14.0027 16.4947 -13 639 0 0 1
-0.14642 -0.0221044 420 -0.0043409 0.00587037 10.8967 15.1625 -13 640 0 0 1
0.329362 -0.829789 420 -0.130305 -0.0620654 4.37966 43.163 -13 641 0 0 1
-0.0298467 -0.0243564 420 -0.047719 -0.0272306 7.1579 44.1006 -13 642 0 0 1
0.206719 0.0224985 420 -0.012182 -0.029087 11.0475 14.5015 -13 643 0 0 1
-0.319574 0.134113 420 -0.00661238 0.0478125 13.7004 29.7109 -13 644 0 0 1
-0.0312135 -0.0389801 420 -0.015807 0.0102447 9.73272 17.9452 -13 645 0 0 1
-0.0861267 -0.0508156 420 -0.00204166 0.00183513 13.7655 28.1706 -13 646 0 0 1
-0.290396 -0.0823223 420 -0.00729509 0.039815 5.99143 51.9844 -13 647 0 0 1
0.31784 0.101082 420 0.0256699 -0.0264992 4.0903 48.354 -13 648 0 0 1
0.204833 -0.125622 420 -0.178336 0.323387 6.31785 34.1248 -13 649 0 0 1
0.118747 0.0904636 420 0.0146218 0.00780913 13.5319 15.5126 -13 650 0 0 1
0.0191264 -0.230307 420 -0.0444821 0.0399761 10.0694 28.1235 -13 651 0 0 1
0.127363 -0.0212867 420 -0.0298849 0.00953594 10.4762 40.6305 -13 652 0 0 1
0.158308 -0.0365548 420 -0.00804675 -0.019819 11.9823 30.4046 -13 653 0 0 1
-0.0674931 -0.48207 420 -0.0443183 0.00664139 12.268 24.8592 -13 654 0 0 1
-0.0175857 -0.0990745 420 -0.0334924 0.0369799 14.3566 32.9787 -13 655 0 0 1
-0.126317 0.192882 420 0.00445991 -0.0196561 9.58186 32.0357 -13 656 0 0 1
0.191209 -0.0265216 420 0.0133658 -0.0304556 7.95166 40.833 -13 657 0 0 1
0.525656 -0.120315 420 0.0176335 -0.110809 5.00058 45.7391 -13 658 0 0 1
-0.128753 -0.0198032 420 0.00864238 -0.00141472 14.4592 24.5414 -13 659 0 0 1
0.0384377 -0.104797 420 -0.0352937 -0.014024 11.6935 35.5189 -13 660 0 0 1
0.0652666 0.0406632 420 0.0310596 -0.00013448 10.6384 30.3661 -13 661 0 0 1
0.0627497 0.238791 420 0.0373048 0.0040035 12.1336 24.0467 -13 662 0 0 1
-0.0402384 0.0415295 420 -0.012167 0.0387491 9.53834 45.1496 -13 663 0 0 1
0.146098 0.0445678 420 -0.0231864 -0.056402 8.1903 47.5953 -13 664 0 0 1
-0.225789 0.0352389 420 0.0128921 0.0296223 11.3445 15.4741 -13 665 0 0 1
-0.0402883 0.331653 420 0.0092213 0.00417166 11.7679 27.6458 -13 666 0 0 1
0.0601587 0.0656668 420 0.0217328 -0.000164533 13.0934 24.5684 -13 667 0 0 1
-0.114966 -0.0152665 420 -0.000536878 0.0387806 6.66198 32.9821 -13 668 0 0 1
-0.267999 0.209022 420 0.0136082 0.0629214 9.58528 33.6805 -13 669 0 0 1
-0.0186998 0.0234894 420 -0.0121275 -0.00258155 13.5836 28.5591 -13 670 0 0 1
0.157824 0.186976 420 0.019893 0.0295812 13.1422 31.4153 -13 671 0 0 1
-1.41891 0.225844 420 0.0983087 0.0456025 0.500202 123.623 -13 672 0 0 1
0.119797 0.0610088 420 0.0449685 -0.0229598 3.88575 50.7949 -13 673 0 0 1
-0.074364 -0.0899216 420 0.0018828 0.00245894 12.5538 41.5288 -13 674 0 0 1
-0.181977 0.184252 420 0.0379104 0.0048668 7.18531 28.9989 -13 675 0 0 1
-0.0774614 0.0654338 420 -0.00149128 0.0344799 12.9013 37.9773 -13 676 0 0 1
-0.280037 -0.154703 420 -0.011255 0.0190831 11.834 19.7282 -13 677 0 0 1
-0.0614054 0.131777 420 0.0333507 -0.00390155 9.40471 31.9071 -13 678 0 0 1
0.225391 -0.145924 420 0.0140027 -0.0328123 8.11662 31.3786 -13 679 0 0 1
-0.0689523 -0.170337 420 -0.051102 -0.00362453 9.26883 34.9868 -13 680 0 0 1
-0.0562915 0.0104149 420 0.00325585 0.0239087 14.0692 13.7232 -13 681 0 0 1
0.225034 0.0241791 420 0.00589283 -0.0330349 13.2627 12.7201 -13 682 0 0 1
0.304786 -0.0859539 420 -0.0139177 -0.0527492 12.9975 36.7641 -13 683 0 0 1
0.150221 0.218695 420 0.0662221 -0.00293383 8.59232 34.0914 -13 684 0 0 1
0.0205304 -0.0449522 420 0.024978 -0.0443118 8.04343 26.2327 -13 685 0 0 1
0.0944125 -0.0708752 420 0.00216381 -0.0320448 11.6576 40.2536 -13 686 0 0 1
0.185577 -0.280002 420 0.00913596 -0.0317916 9.00366 23.3691 -13 687 0 0 1
0.1175 -0.0259812 420 0.00278196 -0.0119051 12.8441 34.9093 -13 688 0 0 1
0.128469 -0.224426 420 -0.0650614 -0.0257132 9.89577 37.9284 -13 689 0 0 1
0.0357245 -0.219386 420 -0.0688925 0.037378 5.17894 48.0777 -13 690 0 0 1
0.157288 -0.108412 420 -0.0284965 -0.0252117 12.3203 29.5061 -13 691 0 0 1
-0.426563 -0.156587 420 0.00507654 0.101823 7.46434 21.9831 -13 692 0 0 1
0.0895379 -0.00268293 420 0.0521309 0.0329123 12.7736 32.863 -13 693 0 0 1
0.306852 0.0466428 420 -0.00399411 0.0261942 3.84405 48.2027 -13 694 0 0 1
-0.0531725 -0.22104 420 -0.0140693 -0.0182048 7.3363 31.4771 -13 695 0 0 1
0.877696 0.818076 420 0.0426115 -0.158696 6.67271 36.1985 -13 696 0 0 1
0.0498999 0.108062 420 0.0248878 -0.0476182 10.0159 33.6712 -13 697 0 0 1
0.338049 -0.0956395 420 -0.0326112 -0.00893811 8.7515 25.2124 -13 698 0 0 1
0.129754 0.134742 420 0.0583072 -0.037954 13.3374 35.2653 -13 699 0 0 1
-0.487721 0.433747 420 0.134401 0.0072462 8.8059 27.7027 -13 700 0 0 1
-0.384769 -0.0652949 420 -0.0294174 0.0922709 9.03077 18.9499 -13 701 0 0 1
0.039319 -0.215731 420 -0.0438147 0.0247542 12.291 37.8177 -13 702 0 0 1
0.0426473 -0.037734 420 -0.0066666 -0.0109187 12.0839 34.9226 -13 703 0 0 1
0.0389225 -0.0136744 420 -0.0647555 -0.00639904 9.39288 24.8875 -13 704 0 0 1
-0.0546934 -0.0762813 420 0.00673048 0.00301279 10.1092 21.6987 -13 705 0 0 1
-0.135897 -0.0116142 420 -0.0264195 -0.00411462 9.57461 31.3825 -13 706 0 0 1
0.0783622 0.203411 420 0.0400457 0.0154911 13.8478 12.5478 -13 707 0 0 1
0.410562 -0.388084 420 -0.104046 -0.0537662 10.5382 32.5395 -13 708 0 0 1
-0.514493 -0.149491 420 0.0152305 0.166587 3.69783 52.6109 -13 709 0 0 1
-0.0996907 -0.140901 420 -0.0284134 0.0383377 7.94858 38.8586 -13 710 0 0 1
0.0353963 -0.0222283 420 0.00749883 -0.0302684 14.1624 12.5634 -13 711 0 0 1
-0.048075 -0.0201259 420 0.00482334 -0.010738 11.6089 32.9063 -13 712 0 0 1
0.257382 0.12552 420 -0.0350538 -0.00771186 6.40968 45.3068 -13 713 0 0 1
0.252569 0.146263 420 0.0373799 0.0116325 14.0463 32.1365 -13 714 0 0 1
-0.0318936 0.0348074 420 0.00942222 -0.0025087 12.3779 41.7471 -13 715 0 0 1
0.123115 -0.383603 420 -0.0574842 -0.0169982 13.1189 32.341 -13 716 0 0 1
0.111191 0.172586 420 0.0179857 -0.0362663 10.6031 29.7014 -13 717 0 0 1
0.0569183 0.124232 420 0.0203104 -0.0639256 8.68787 25.446 -13 718 0 0 1
-0.380488 -0.123918 420 -0.0279337 0.0440975 10.6624 22.9639 -13 719 0 0 1
0.526034 0.154501 420 -0.0215883 -0.0888206 11.2785 42.1533 -13 720 0 0 1
-0.0987046 -0.0333199 420 -0.0459505 0.0161004 9.67708 41.4594 -13 721 0 0 1
-0.135654 -0.228745 420 -0.00408857 0.0767943 5.05072 39.6711 -13 722 0 0 1
0.0810806 0.127335 420 0.0426952 0.000958542 8.54778 21.1584 -13 723 0 0 1
0.522687 -0.121435 420 0.00751208 -0.119458 4.91115 52.2797 -13 724 0 0 1
0.0566707 -0.127632 420 -0.0156665 -0.0361093 9.61049 27.616 -13 725 0 0 1
-0.267507 0.34051 420 0.0857401 0.0715859 13.5992 26.763 -13 726 0 0 1
-0.214977 -0.00559235 420 -0.0197208 0.0527173 14.1481 15.845 -13 727 0 0 1
-0.176293 0.125353 420 0.116979 -0.0530818 3.25298 66.4308 -13 728 0 0 1
0.263203 0.321273 420 0.0497483 -0.0410211 5.39939 38.4024 -13 729 0 0 1
-0.12142 0.198437 420 0.0308618 0.00339861 11.1722 20.9281 -13 730 0 0 1
-0.14659 -0.0442392 420 -0.00563021 0.046332 10.9737 16.9424 -13 731 0 0 1
-0.759279 0.123123 420 0.00822665 0.0630092 2.04716 77.5014 -13 732 0 0 1
0.0357503 -0.147939 420 -0.031911 0.0209698 4.64666 43.3855 -13 733 0 0 1
0.0304522 -0.026115 420 0.00630416 0.0475272 13.6224 34.4762 -13 9 0 0 1
0.162847 0.039546 420 -0.0807477 0.0102096 2.08562 77.6925 -13 20 0 0 1
-0.120784 -0.0335202 420 -0.0312229 0.0236505 14.3701 24.7043 -13 25 0 0 1
-0.00216477 -0.0566081 420 -0.0411582 0.0191072 7.96314 31.9841 -13 86 0 0 1
0.238727 0.0431927 420 -0.0144915 -0.0422461 9.58424 23.9455 -13 98 0 0 1
-0.0580182 0.0118344 420 -0.0112883 0.0247454 13.5006 24.1307 -13 129 0 0 1
-0.0591032 -0.00833721 420 -0.0201751 -0.0258324 7.23563 25.066 -13 137 0 0 1
-0.227535 0.00185289 420 -0.0500193 0.0430488 11.2408 28.9055 -13 147 0 0 1
-0.0762394 0.175636 420 0.0339622 0.00741872 9.77273 18.6544 -13 163 0 0 1
0.22909 -0.133299 420 -0.0562345 -0.0855552 8.93885 35.9868 -13 170 0 0 1
-0.0674517 0.0943164 420 0.0250833 -0.00726583 10.7847 28.5382 -13 176 0 0 1
-0.213394 -0.0822964 420 0.0119826 0.0565751 8.79705 43.8097 -13 181 0 0 1
0.0695654 0.0302058 420 -0.0034273 0.00311327 11.504 29.2181 -13 185 0 0 1
-0.0887311 0.0496114 420 0.0161641 0.0270973 10.3603 21.8345 -13 194 0 0 1
0.276509 -0.134119 420 -0.00222243 -0.0629529 5.43497 36.3286 -13 204 0 0 1
0.236105 -0.137205 420 0.000494854 -0.000849185 3.22377 64.964 -13 210 0 0 1
-0.0271426 0.136849 420 0.033159 0.0225178 8.67521 20.9466 -13 223 0 0 1
-0.00108261 -0.184609 420 -0.0106528 -0.00500753 9.06517 42.9906 -13 231 0 0 1
-0.200825 0.0391326 420 -0.0168029 0.0405133 12.4907 15.2907 -13 234 0 0 1
0.0889859 -0.124339 420 -0.0140438 -0.0130974 12.8311 14.1771 -13 241 0 0 1
0.193506 -0.142198 420 0.0812747 -0.0760703 12.9132 24.2721 -13 245 0 0 1
-0.606771 -0.185069 420 -0.0667582 0.0395549 8.32111 22.7725 -13 254 0 0 1
0.0125692 -0.0170845 420 0.0244642 0.00300642 14.4666 16.0771 -13 259 0 0 1
0.0125067 -0.0598951 420 -0.00144764 -0.00493113 14.0653 33.4514 -13 267 0 0 1
0.00242065 -0.0143954 420 -0.00478177 0.00180605 14.468 20.5989 -13 272 0 0 1
0.039671 -0.0173981 420 -0.00939704 -0.00628884 9.48989 33.6325 -13 289 0 0 1
-0.0323845 -0.0571534 420 -0.0168705 0.0145431 7.42633 49.4228 -13 293 0 0 1
1.0916 -1.10681 420 0.0366529 -0.121707 0.867212 104.982 -13 298 0 0 1
-0.0657927 -0.261081 420 -0.0386104 0.0107563 7.57423 35.9204 -13 302 0 0 1
-0.10323 0.116138 420 0.000296679 -0.032381 7.89899 23.1536 -13 734 0 0 1
-0.0348308 0.198807 420 -0.00221699 -0.00797247 13.0404 35.4699 -13 740 0 0 1
-0.0146221 0.0117502 420 0.0147874 0.00652576 14.1781 26.4879 -13 759 0 0 1
-0.00843988 -0.10914 420 -0.0283384 0.0118864 11.1554 39.9732 -13 763 0 0 1
-0.248152 -0.0655237 420 -0.0213468 0.0352524 8.60351 22.9351 -13 766 0 0 1
-0.112475 -0.499162 420 -0.0244461 -0.0230519 6.97327 26.2722 -13 769 0 0 1
0.0941815 0.120297 420 0.0245969 -0.0107773 12.9405 12.5736 -13 779 0 0 1
-0.135868 -0.0401002 420 -0.00332245 0.0254146 10.0677 18.7166 -13 782 0 0 1
-0.0550443 0.0935463 420 -0.00215965 -0.021549 11.4871 21.9475 -13 795 0 0 1
0.00504628 0.0045205 420 0.00946078 -0.00492124 13.7143 36.4647 -13 798 0 0 1
0.127615 -0.181098 420 -0.0897803 -0.0314488 7.03488 41.3193 -13 803 0 0 1
-0.164194 -0.000223993 420 -0.0225231 0.0147983 13.6469 21.9965 -13 807 0 0 1
-0.345812 -0.0796544 420 0.0128884 0.0532743 10.8249 30.3198 -13 810 0 0 1
0.274186 0.039252 420 0.0240544 -0.0313138 13.2266 22.6302 -13 813 0 0 1
0.0889186 -0.126567 420 -0.0366377 0.096411 11.4788 42.3272 -13 818 0 0 1
0.130274 -0.151321 420 -0.0183015 0.0370285 8.45593 21.8638 -13 821 0 0 1
-0.313209 0.109023 420 -0.0260926 0.0477592 7.84635 47.2514 -13 835 0 0 1
-0.102887 0.227258 420 0.0185249 0.0214615 11.1314 35.4826 -13 839 0 0 1
0.188182 -0.0584027 420 -0.0198053 -0.00228142 6.21009 51.079 -13 842 0 0 1
-0.0895003 0.0820916 420 0.0219221 0.0266572 13.4887 20.5885 -13 845 0 0 1
-0.468753 0.302374 420 0.0981166 0.0672872 4.6842 40.9885 -13 847 0 0 1
-nan -nan -nan -nan -nan -nan -nan -13 864 0 0 1
0.345825 0.161022 420 0.079172 -0.0578614 5.50135 55.743 -13 866 0 0 1
-0.130747 0.331081 420 0.0861098 -0.0319106 5.14377 43.3724 -13 8 0 0 1
-0.227229 0.106027 420 -0.00539788 0.0288539 14.502 17.509 -13 17 0 0 1
0.0298971 0.0251376 420 0.00857957 -0.0150485 11.778 42.2919 -13 23 0 0 1
0.169361 0.0148171 420 0.00694027 -0.0408092 7.04794 42.8157 -13 29 0 0 1
-0.0706738 0.299828 420 -0.00558398 0.0224317 5.07872 55.6653 -13 35 0 0 1
-0.0328337 -0.271986 420 -0.0184738 -0.0169872 9.51146 26.2042 -13 39 0 0 1
0.435872 -0.202171 420 -0.0398326 -0.0455032 11.2612 32.3774 -13 44 0 0 1
0.547553 -0.128488 420 -0.0333439 -0.0907828 8.20099 19.8996 -13 53 0 0 1
-0.105173 -0.0864096 420 -0.0143898 0.00283205 13.951 26.4609 -13 61 0 0 1
-0.107924 0.199952 420 0.0524254 0.0331797 8.91879 29.6822 -13 64 0 0 1
-0.114843 -0.0935584 420 -0.0208301 0.0688921 11.6879 16.9169 -13 71 0 0 1
0.0454217 -0.0912387 420 -0.0220383 -0.0358586 13.5522 24.8858 -13 78 0 0 1
0.436811 -0.356798 420 -0.0645898 -0.113765 2.18558 82.6859 -13 87 0 0 1
0.089501 -0.0140811 420 -0.0166978 -0.0271036 12.869 27.0083 -13 97 0 0 1
-0.0347123 -0.0196983 420 -0.0111676 -0.00923444 13.5001 21.0641 -13 128 0 0 1
0.0453728 0.155015 420 0.0348348 0.0135843 14.5482 29.5741 -13 133 0 0 1
0.539071 -0.26024 420 0.0298395 -0.125447 4.64603 37.2473 -13 138 0 0 1
-0.154998 0.280411 420 0.060655 0.0459175 11.0078 19.5176 -13 143 0 0 1
0.00247634 0.177319 420 0.0463089 0.0331879 9.47159 33.3092 -13 154 0 0 1
-0.107116 -0.246091 420 -0.0161232 0.0433476 8.42721 28.2767 -13 158 0 0 1
0.0242877 0.00464883 420 0.0226766 -0.00574722 14.2231 31.0361 -13 164 0 0 1
-0.00908849 0.107506 420 0.000639479 0.0213445 13.062 38.2088 -13 169 0 0 1
0.014729 0.197169 420 0.0325477 -0.0167688 9.79888 39.2751 -13 174 0 0 1
-0.0864134 -0.0536516 420 0.0212563 0.0516999 7.15954 44.6297 -13 180 0 0 1
0.122471 0.0503435 420 0.0196647 -0.0182843 12.0901 18.4826 -13 192 0 0 1
0.122768 -0.0768649 420 -0.00148702 -0.0239281 11.7022 42.5136 -13 196 0 0 1
-0.0926013 -0.0725707 420 -0.00781319 0.0323406 9.24568 44.464 -13 207 0 0 1
-0.175349 -0.0907538 420 0.00044519 0.0028209 6.65089 37.8865 -13 211 0 0 1
0.0188624 0.22849 420 0.0226401 0.00833218 9.90125 27.6445 -13 216 0 0 1
0.261012 0.502136 420 0.150227 0.0540773 9.72205 25.9715 -13 219 0 0 1
0.0269083 0.0121965 420 -0.00224135 -0.00509412 12.3499 33.3182 -13 225 0 0 1
-0.188599 -0.425246 420 -0.0633215 -0.00721449 13.4306 22.2574 -13 229 0 0 1
0.622237 -0.0459842 420 -0.0582439 -0.0570598 4.67597 51.949 -13 236 0 0 1
-0.216972 0.0393326 420 0.0180439 0.0588126 10.9246 30.3274 -13 242 0 0 1
-0.178436 0.35665 420 0.0104732 0.029098 8.10537 27.6293 -13 246 0 0 1
-0.17612 0.20034 420 0.0394126 0.0244322 10.3549 34.1707 -13 250 0 0 1
0.151322 0.386054 420 0.0921646 -0.0468649 11.2752 24.7161 -13 257 0 0 1
0.212917 0.211393 420 0.0432771 -0.0268265 12.9519 31.1185 -13 262 0 0 1
0.233173 0.0712434 420 0.000234665 -0.0350174 12.2752 18.1025 -13 268 0 0 1
-0.154846 0.157413 420 0.0248907 0.0147144 8.12267 29.0049 -13 273 0 0 1
-0.0468367 -0.0976838 420 -0.0168088 -0.00850428 9.62224 40.8836 -13 277 0 0 1
-0.276421 -0.169752 420 -0.043145 0.0637559 6.28169 30.1951 -13 280 0 0 1
0.0373518 0.236583 420 0.0773781 -0.0294589 7.19816 34.4754 -13 284 0 0 1
0.199135 0.0768444 420 0.0336297 -0.00685514 11.9689 38.3022 -13 288 0 0 1
-0.214491 0.425237 420 0.126316 0.0885801 6.01187 39.994 -13 296 0 0 1
-0.0671769 0.0685365 420 0.00292253 0.00343868 11.9895 17.5915 -13 297 0 0 1
0.0150278 0.0402126 420 -0.0196104 0.00437872 11.6427 26.1995 -13 303 0 0 1
0.127489 0.133477 420 0.0132876 -0.0141372 12.3867 18.9776 -13 308 0 0 1
0.132415 -0.0335324 420 -0.00463264 -0.0123185 12.1658 19.6758 -13 312 0 0 1
-0.0048568 0.243384 420 0.0506741 0.0146102 11.6316 17.0792 -13 315 0 0 1
-0.0448264 -0.0337442 420 0.000257766 -0.0304782 4.30747 55.0528 -13 328 0 0 1
0.0147012 0.105039 420 0.0105526 -0.00206478 14.2523 32.0532 -13 335 0 0 1
-0.470959 0.178659 420 -0.0995496 0.115429 5.70012 40.048 -13 336 0 0 1
-0.172705 0.0241819 420 -0.00524406 0.0356646 13.7306 29.6911 -13 337 0 0 1
-0.141395 -0.225633 420 -0.0228656 0.0367132 9.65269 40.399 -13 338 0 0 1
-0.172026 0.060523 420 0.0249559 0.0108704 9.28845 45.0945 -13 339 0 0 1
0.563807 0.143026 420 -0.00264775 -0.0590544 0.880137 111.094 -13 340 0 0 1
0.0777671 -0.0783465 420 -0.019958 -0.0087161 13.2546 18.0769 -13 344 0 0 1
0.167406 -0.158841 420 -0.0297662 -0.0269785 11.8506 35.7719 -13 747 0 0 1
-0.165505 -0.140162 420 -0.0283249 0.0251395 10.906 20.285 -13 771 0 0 1
0.0997749 -0.103997 420 -0.050071 -0.0810265 8.53165 36.4943 -13 778 0 0 1
0.013345 0.0651701 420 0.0109417 -0.0263534 6.90328 24.6262 -13 784 0 0 1
-0.10262 0.00510785 420 -0.015139 -0.0536171 8.92379 33.8854 -13 787 0 0 1
0.00680781 0.468541 420 0.0441913 0.0131576 9.94807 42.403 -13 790 0 0 1
-0.548761 -0.00410991 420 -0.0154862 0.0897152 7.04155 31.146 -13 808 0 0 1
-0.066398 -0.17241 420 0.0524098 0.00682598 5.63459 29.5882 -13 811 0 0 1
-0.147233 -0.0135873 420 -0.00549833 0.0330159 11.6652 40.6913 -13 815 0 0 1
0.0425706 -0.396627 420 -0.0470722 -0.00211963 6.26048 50.9453 -13 819 0 0 1
0.0418324 0.0361989 420 0.00635027 -0.00952487 11.6958 41.8316 -13 822 0 0 1
0.047634 0.0414527 420 0.0139633 0.0121923 14.5605 31.6676 -13 824 0 0 1
-0.228473 -0.0977416 420 0.032837 0.0306613 7.59004 33.3382 -13 826 0 0 1
0.301439 -0.176178 420 -0.0374473 -0.0877068 10.0672 41.717 -13 829 0 0 1
-0.216849 0.280773 420 0.0300934 0.0295371 11.848 34.7821 -13 836 0 0 1
-nan -nan -nan -nan -nan -nan -nan -13 841 0 0 1
-0.0209831 -0.212975 420 -0.000501072 -0.0256569 4.26118 57.8194 -13 844 0 0 1
-0.149672 0.050532 420 0.00432537 0.0169586 13.2394 16.3113 -13 10 0 0 1
0.140753 -0.077643 420 -0.0198001 -0.036139 14.4247 33.2859 -13 21 0 0 1
0.0828176 -0.14809 420 -0.0477605 0.00173562 8.33591 45.2162 -13 24 0 0 1
-0.431742 -0.337382 420 -0.0508876 0.0767613 13.6345 13.4778 -13 30 0 0 1
-0.0228921 -0.571562 420 -0.0467028 -0.0201869 8.59386 41.7919 -13 36 0 0 1
0.192319 -0.0532776 420 -0.0217804 -0.0208602 10.9267 34.5353 -13 40 0 0 1
0.044535 0.329179 420 0.0117746 -0.0291518 4.29451 61.4472 -13 50 0 0 1
-0.0532601 0.419831 420 0.0885407 -0.0231029 3.05632 50.1494 -13 54 0 0 1
-0.234473 -0.399651 420 -0.0685254 0.0642321 5.07295 34.254 -13 65 0 0 1
0.471036 1.16081 420 0.206567 -0.00976929 7.77674 47.1896 -13 75 0 0 1
-0.310917 -0.286868 420 -0.0439515 0.0242941 9.86183 34.2668 -13 83 0 0 1
0.00376097 -0.0869614 420 -0.0568155 -0.0180604 7.35567 33.21 -13 108 0 0 1
0.0913405 0.233503 420 0.0562865 0.0411243 7.6868 23.6627 -13 112 0 0 1
-0.24381 -0.101312 420 -0.0266722 0.0777734 8.0641 25.4926 -13 114 0 0 1
0.00879767 -0.00128559 420 -0.028578 0.000894452 14.3929 31.378 -13 144 0 0 1
-0.224287 0.429524 420 0.108982 0.0274145 8.58735 34.3283 -13 188 0 0 1
0.0471687 -0.0399217 420 0.000622098 -0.00951616 11.6035 34.9777 -13 201 0 0 1
-0.061942 -0.0659169 420 0.0275371 -0.00877148 13.7082 24.1886 -13 209 0 0 1
0.655953 -0.151779 420 -0.0856328 -0.013538 4.0305 49.4735 -13 215 0 0 1
0.295019 0.749866 420 0.0318729 0.0610271 5.19957 43.5655 -13 218 0 0 1
-0.0594396 -0.0250312 420 0.00565361 -0.000805415 12.6241 31.8965 -13 227 0 0 1
0.224942 -0.196051 420 -0.0231319 -0.0478461 12.7791 23.732 -13 239 0 0 1
-0.225461 -0.429536 420 -0.068943 -0.0598975 8.6946 40.9266 -13 244 0 0 1
0.0173525 -0.0923737 420 -0.0223929 0.0105551 12.3534 23.191 -13 249 0 0 1
0.0112934 -0.088355 420 0.013951 0.00241694 11.931 34.0654 -13 253 0 0 1
0.13437 -0.16165 420 -0.0335844 -0.0351607 12.2527 13.2775 -13 256 0 0 1
-0.0141291 -0.0846398 420 -0.018419 0.0352935 11.731 29.7944 -13 258 0 0 1
0.29178 -0.0459062 420 0.00706723 -0.049505 11.8023 24.8216 -13 269 0 0 1
-0.0404221 0.00684706 420 -0.00871684 0.0110265 12.6141 39.1904 -13 274 0 0 1
-0.0562281 0.0345892 420 0.0373208 0.000766924 13.7539 23.944 -13 278 0 0 1
-0.0565794 -0.302304 420 -0.0895346 -0.0231571 8.14776 38.5788 -13 281 0 0 1
-0.464751 0.503874 420 0.10041 0.157908 3.04352 72.3026 -13 285 0 0 1
-0.056517 -0.102632 420 -0.046827 0.0153758 13.2581 14.8801 -13 292 0 0 1
-0.101685 -0.154399 420 -0.0289379 -0.00449271 8.2485 44.8946 -13 301 0 0 1
-0.127277 0.144105 420 0.0789779 0.117603 4.32959 44.7534 -13 307 0 0 1
-0.0301439 -0.259516 420 -0.0501113 -0.0857823 5.70657 35.5342 -13 310 0 0 1
0.0552849 0.327471 420 0.046895 0.0406037 9.07197 23.2903 -13 316 0 0 1
-0.251389 0.11947 420 -0.0607784 0.0492989 0.885038 102.933 -13 324 0 0 1
-0.184564 -0.096 420 -0.0562198 0.0127699 12.4599 25.4815 -13 327 0 0 1
0.0201417 0.141807 420 0.0158488 0.01771 10.9789 30.6515 -13 735 0 0 1
2.77379 -2.63247 420 -0.943118 0.0242937 2.83768 54.4367 -13 744 0 0 1
0.0838846 0.173505 420 0.0325073 0.00761302 8.5635 43.6227 -13 746 0 0 1
0.00654697 -0.0526708 420 -0.00570645 -0.0102433 12.8753 32.9387 -13 768 0 0 1
-0.0247703 -0.140169 420 -0.00822835 -0.00864241 11.4316 18.3656 -13 773 0 0 1
-0.058411 -0.0295639 420 -0.0219909 0.0154452 13.4025 15.263 -13 774 0 0 1
0.0745039 0.081146 420 0.0761052 -0.0504994 11.6471 17.7027 -13 781 0 0 1
0.0907894 0.162364 420 -0.0152599 0.00028679 9.58425 34.9186 -13 786 0 0 1
0.075713 -0.00173525 420 -0.0075907 -0.000754913 14.1664 26.1902 -13 789 0 0 1
0.926801 -0.238442 420 -0.0399003 -0.193601 3.02189 53.4059 -13 806 0 0 1
-0.381137 -0.0338192 420 -0.0523158 0.0869731 10.3561 22.1053 -13 897 0 0 1
-0.0559512 -0.11468 420 -0.0181756 0.0161137 11.4336 15.3062 -13 900 0 0 1
-0.15679 -0.094991 420 -0.0336177 0.0266181 8.64343 20.0947 -13 902 0 0 1
0.00865821 0.144184 420 0.0336937 -0.00405762 12.5558 19.9463 -13 904 0 0 1
0.100104 0.247831 420 0.0594125 -0.0292738 10.4679 34.5625 -13 906 0 0 1
-0.0802289 0.311918 420 0.0318897 0.0187697 12.9369 15.4408 -13 908 0 0 1
0.166627 0.137186 420 0.019144 0.0254671 7.26184 35.9002 -13 909 0 0 1
-0.14062 -0.00910716 420 -0.0162916 0.0401307 11.8383 15.0728 -13 912 0 0 1
0.138937 -0.0389265 420 -0.033536 -0.044859 10.2972 16.9635 -13 914 0 0 1
0.0379919 0.0273877 420 0.0442215 -0.00274122 9.11907 23.1645 -13 915 0 0 1
-0.0566433 -0.0655248 420 -0.0323608 0.00801829 13.8034 30.1012 -13 916 0 0 1
0.0401815 -0.0346194 420 0.0152078 0.00958135 12.4936 31.9821 -13 917 0 0 1
-0.137089 0.385334 420 0.0669126 -0.0418089 12.8461 36.209 -13 918 0 0 1
0.447166 0.358673 420 0.0893714 -0.0572313 3.88276 43.1285 -13 919 0 0 1
0.0617141 -0.0164963 420 0.0461195 -0.00897447 8.64515 20.9186 -13 920 0 0 1
0.167883 0.0637212 420 0.00722286 -0.0261527 12.877 33.1212 -13 922 0 0 1
-0.048319 -0.0666177 420 -0.00549971 0.00649588 13.6206 25.32 -13 924 0 0 1
-0.15578 -0.256274 420 -0.028755 -0.00807402 12.8086 12.9608 -13 926 0 0 1
0.0711747 -0.0695905 420 -0.013589 -0.0242296 11.7875 36.7821 -13 928 0 0 1
0.0431463 -0.113642 420 -0.00201836 0.0102862 13.5494 18.1072 -13 929 0 0 1
0.198559 -0.195893 420 0.0160394 -0.0414368 12.7312 30.4242 -13 930 0 0 1
-0.017104 0.0665735 420 0.0118591 -0.00358356 11.4494 42.5364 -13 932 0 0 1
-0.163349 0.183915 420 -9.54283e-05 0.0417039 8.60376 30.1131 -13 934 0 0 1
0.0818012 0.0372403 420 0.0267897 -0.00595768 12.4472 26.0014 -13 936 0 0 1
0.16388 -0.0870625 420 0.0105094 -0.0787587 4.62765 36.1004 -13 938 0 0 1
-0.0752994 -0.00447316 420 0.0107621 0.0364354 5.96893 29.4002 -13 940 0 0 1
0.142372 -0.447474 420 0.0185351 -0.00129671 2.36671 75.6106 -13 942 0 0 1
0.0485324 0.136105 420 0.0575559 -0.016495 5.73067 49.3688 -13 944 0 0 1
0.0587193 -0.00961441 420 0.0101227 0.00106197 8.41881 30.0528 -13 51 0 0 1
0.0791009 -0.0783295 420 -0.0518575 -0.0120004 8.7222 40.3805 -13 81 0 0 1
-0.383864 -0.370383 420 -0.0302613 0.0767993 6.66087 50.2489 -13 92 0 0 1
-0.0615201 -0.185102 420 -0.0373062 0.0323697 12.326 13.399 -13 100 0 0 1
-0.134238 -0.159392 420 -0.0587356 0.044004 7.39924 33.6881 -13 148 0 0 1
-0.355084 0.26564 420 0.108997 0.0161011 4.83759 34.6233 -13 187 0 0 1
-0.611203 -0.186778 420 0.0355391 -0.0122975 0.818872 375.581 -13 206 0 0 1
-0.197053 0.00283443 420 -0.0398001 0.0261096 8.98282 45.887 -13 213 0 0 1
-0.118734 -0.183369 420 -0.0315092 0.00720485 11.9023 33.5388 -13 739 0 0 1
0.281642 0.211962 420 0.0232231 -0.0605019 4.17658 58.3618 -13 742 0 0 1
-0.15341 0.0529433 420 0.0351368 -0.00775296 7.20395 33.5395 -13 757 0 0 1
-0.15352 -0.0488781 420 -0.0175549 0.0344658 6.36911 30.4989 -13 761 0 0 1
0.0620979 -0.135654 420 -0.00726817 -0.0519795 5.86657 32.863 -13 765 0 0 1
-0.0362461 -0.00501974 420 0.0133747 0.0177602 12.6436 41.4396 -13 767 0 0 1
0.0746165 0.164285 420 0.0315033 -0.0370833 13.6394 18.2217 -13 770 0 0 1
0.0559327 -0.0296467 420 -0.00917453 -0.00153925 11.8514 24.6861 -13 776 0 0 1
0.179052 -0.0971094 420 -0.0231086 -0.00936377 9.56362 20.57 -13 780 0 0 1
-0.0384649 0.227167 420 0.00193903 -0.0421152 7.46672 32.8045 -13 794 0 0 1
0.328363 1.21584 420 0.0902741 -0.16256 8.8772 40.0663 -13 796 0 0 1
0.108496 -0.0682475 420 -0.051669 0.000476143 13.5517 13.9177 -13 800 0 0 1
-0.0622245 -0.156621 420 -0.0353513 0.0509738 13.0082 19.5437 -13 804 0 0 1
0.0753321 -0.213531 420 -0.0641724 -0.043872 14.0838 40.1537 -13 830 0 0 1
-0.0884821 0.299682 420 0.0524285 0.0231969 9.01853 46.3195 -13 833 0 0 1
-0.174575 -0.679979 420 -0.134327 0.0960357 0.912385 102.449 -13 852 0 0 1
-0.140418 0.0610596 420 0.0217654 0.0128721 11.5628 36.9825 -13 855 0 0 1
-0.114057 0.0787201 420 0.00515185 0.0471278 11.414 21.493 -13 47 0 0 1
-0.258381 -0.226134 420 -0.111157 -0.0195962 6.40342 37.0687 -13 84 0 0 1
0.401265 -0.379586 420 -0.0464754 -0.0314271 5.77135 34.573 -13 94 0 0 1
0.0340151 -0.0264994 420 -0.0242525 -0.0183804 10.3173 42.8258 -13 106 0 0 1
-0.0128053 -0.202179 420 -0.0279398 -0.00457703 9.85201 19.245 -13 111 0 0 1
0.0866557 0.0232383 420 0.029081 -0.0233242 13.2294 31.2283 -13 115 0 0 1
-0.169932 -0.263589 420 -0.0944499 0.023288 8.11121 22.1809 -13 151 0 0 1
-1.33755 -0.334174 420 0.0321593 0.261351 5.76091 27.0009 -13 189 0 0 1
0.203714 0.0820994 420 -0.0225494 -0.0279495 7.19659 32.1597 -13 205 0 0 1
0.133008 0.0752331 420 0.0373051 -0.00111441 13.9499 12.4508 -13 212 0 0 1
0.0479729 -0.191998 420 -0.0349137 0.00415863 9.46569 29.128 -13 217 0 0 1
0.0528656 0.0176292 420 -0.00806711 0.0031762 13.3239 23.3481 -13 220 0 0 1
-0.0445628 0.140591 420 0.0654339 -0.0353323 3.40249 50.0374 -13 221 0 0 1
-0.331873 -0.142287 420 -0.0255762 0.0579385 12.7297 17.4316 -13 240 0 0 1
-0.230887 0.024925 420 -0.0221891 0.0358318 11.6462 23.6207 -13 247 0 0 1
-0.242588 0.0459326 420 -0.018385 0.0709021 8.32844 44.3587 -13 251 0 0 1
-0.0817038 -0.145267 420 -0.0542631 0.0304487 13.8375 26.1754 -13 261 0 0 1
-0.0807171 0.17055 420 0.0387311 0.0093675 11.328 38.0188 -13 266 0 0 1
-0.0372767 -0.0608307 420 0.0158166 0.0510295 7.31622 48.0322 -13 271 0 0 1
-0.0511278 -0.452109 420 -0.066417 -0.0132504 8.80945 36.8875 -13 275 0 0 1
-0.0447879 0.13632 420 0.01061 -0.00352292 13.3532 32.1503 -13 279 0 0 1
0.326959 -0.0428612 420 0.0602801 -0.0928566 10.7171 21.5076 -13 283 0 0 1
-0.0633629 0.0758817 420 0.01523 -0.00363529 6.80532 48.1347 -13 286 0 0 1
-0.0173999 1.59803 420 0.0775676 -0.532946 3.28322 69.3355 -13 300 0 0 1
-0.170027 0.164038 420 -0.000339583 0.0457672 11.0616 24.0085 -13 305 0 0 1
0.0964265 0.0797264 420 0.031343 0.0108802 14.0077 28.2311 -13 311 0 0 1
-0.127241 -0.150404 420 0.0152757 0.0443324 13.8086 12.8517 -13 314 0 0 1
-0.0632252 -0.170793 420 -0.0321163 0.0386763 8.99389 25.1681 -13 330 0 0 1
0.262144 -0.141276 420 -0.00352146 -0.0313987 9.85099 26.8223 -13 333 0 0 1
0.0152476 0.118126 420 -0.000780136 -0.000546494 12.851 14.6625 -13 334 0 0 1
-nan -nan -nan -nan -nan -nan -nan -13 342 0 0 1
-0.136305 -0.113372 420 -0.0245717 0.0142983 12.1111 27.3882 -13 347 0 0 1
0.259775 -0.02551 420 0.00370606 -0.024674 11.5018 28.0932 -13 745 0 0 1
-0.0405112 0.0160696 420 0.0145688 -0.0231547 10.4482 36.3493 -13 750 0 0 1
0.0200379 -0.0240374 420 0.0128804 -0.073258 10.8069 16.9739 -13 753 0 0 1
-0.307127 -0.0306568 420 -0.0155112 0.0557694 10.6883 26.9087 -13 777 0 0 1
-0.237041 0.252375 420 0.050354 0.0403265 4.999 43.9957 -13 785 0 0 1
-0.123692 0.0216534 420 0.00955111 0.031875 12.3562 30.7796 -13 788 0 0 1
-0.127537 0.00371437 420 -0.00966674 0.00558843 11.4214 30.506 -13 793 0 0 1
-0.226974 -0.0502769 420 -0.0717496 0.0274176 6.53343 25.2168 -13 812 0 0 1
0.195415 -0.250107 420 -0.0613012 -0.0232468 5.32362 52.4073 -13 817 0 0 1
0.108651 0.00154231 420 -0.0217868 -0.0358079 13.3949 18.4244 -13 820 0 0 1
0.0224719 -0.30071 420 -0.0702777 -0.0184681 12.6049 35.5145 -13 823 0 0 1
0.179585 -0.0589771 420 -0.0223959 -0.00275128 14.4503 36.8376 -13 825 0 0 1
0.0218624 0.317909 420 0.0755051 -0.0199111 8.64328 44.4106 -13 828 0 0 1
0.0367456 0.242109 420 0.0121276 0.0201675 8.4262 25.0969 -13 831 0 0 1
0.0695533 0.143656 420 -0.00131608 -0.00747705 5.394 52.0298 -13 834 0 0 1
-0.327671 -0.4179 420 0.0985126 0.153383 8.2999 25.5103 -13 843 0 0 1
0.032308 0.148146 420 0.0405172 0.0222129 12.2941 29.3127 -13 846 0 0 1
-0.793134 0.0590249 420 0.0976048 0.12744 4.70004 58.7897 -13 848 0 0 1
0.306365 -0.00467076 420 -0.0140378 -0.0584609 9.57464 18.3684 -13 849 0 0 1
-0.0476633 -0.0484893 420 -0.00367034 0.0242768 8.89229 25.1879 -13 851 0 0 1
0.570686 -0.35678 420 -0.150249 -0.0169987 4.8425 34.4717 -13 853 0 0 1
0.106062 -0.032642 420 0.0124835 -0.0174017 12.9584 23.6796 -13 859 0 0 1
-0.0812705 0.10008 420 -0.00351683 0.0331554 14.0838 17.332 -13 921 0 0 1
0.532592 0.0556459 420 0.0269576 -0.0706528 3.93191 64.8874 -13 923 0 0 1
-0.0578241 -0.19503 420 -0.0339662 -0.0212909 13.9661 39.6023 -13 925 0 0 1
0.1987 -0.14914 420 -0.00554265 0.00394873 4.88967 45.5908 -13 927 0 0 1
-0.121129 -0.0667723 420 0.0174952 0.0110589 13.307 32.9621 -13 931 0 0 1
-0.059149 0.10288 420 0.00251983 0.0115484 13.6129 24.8118 -13 933 0 0 1
0.366782 0.555133 420 0.0494875 -0.0618417 10.4256 36.1309 -13 935 0 0 1
0.0157644 -0.15956 420 -0.0304779 -0.016759 12.5362 39.6917 -13 937 0 0 1
0.0329702 -0.0340575 420 0.00501729 0.0155534 13.8465 21.2419 -13 939 0 0 1
-0.044392 -0.0141837 420 -0.0193111 0.00751209 12.2889 28.5159 -13 941 0 0 1
-0.39467 0.0465833 420 -0.0213008 0.042384 10.4982 39.6031 -13 943 0 0 1
0.10154 -0.116295 420 0.115075 0.059122 3.88213 63.6368 -13 945 0 0 1
-0.0903334 -0.045597 420 -0.00884031 0.0139783 14.3055 23.7651 -13 946 0 0 1
-0.246802 0.0504639 420 0.020393 0.0379104 10.4883 19.8434 -13 947 0 0 1
0.314265 -0.0555078 420 0.0417145 -0.0611723 7.72387 24.7878 -13 948 0 0 1
-0.0293954 -0.0632108 420 -0.0183964 -0.0105501 12.4847 33.4118 -13 949 0 0 1
0.383316 -0.211528 420 -0.00740192 -0.0551254 3.24755 45.4944 -13 950 0 0 1
-0.209741 0.0092176 420 0.0424737 0.0274045 5.34397 35.0915 -13 951 0 0 1
-0.360523 -1.09944 420 -0.111484 0.0102963 4.0743 61.165 -13 952 0 0 1
0.0265087 -0.0529196 420 -0.0282699 -0.0195952 9.87118 22.4398 -13 953 0 0 1
-0.218674 0.866934 420 0.12819 0.0731719 6.76145 42.2611 -13 954 0 0 1
-0.0441261 0.456157 420 0.0599776 0.0220994 7.37747 37.6233 -13 955 0 0 1
-0.0588948 -0.139307 420 -0.0486852 0.081502 6.85593 29.2845 -13 956 0 0 1
0.0160882 -0.133847 420 -0.0177061 -0.00372396 14.0629 29.9329 -13 957 0 0 1
0.25461 0.280049 420 0.0631902 0.00904809 11.8496 27.2887 -13 958 0 0 1
-0.106669 0.116113 420 0.0245191 0.02274 10.4088 35.3472 -13 959 0 0 1
-0.0621274 -0.0441754 420 -0.00746168 0.0210243 14.4416 20.2622 -13 960 0 0 1
-0.140991 0.348219 420 0.0414935 0.111254 1.76918 75.1134 -13 961 0 0 1
-0.116977 0.0970978 420 0.00397429 0.0109685 11.8177 32.0937 -13 962 0 0 1
-0.235338 -0.114179 420 0.0317879 0.0225706 8.92781 29.8862 -13 969 0 0 1
-nan -nan -nan -nan -nan -nan -nan -13 970 0 0 1
0.0649718 -0.00809305 420 -0.0333658 -0.00263332 13.2489 25.6853 -13 971 0 0 1
-0.0012783 -0.0637181 420 -0.00210775 -0.012324 10.375 18.8534 -13 31 0 0 1
-0.180809 -0.134078 420 -0.00346488 -0.00460791 3.45261 66.2876 -13 33 0 0 1
-0.0867216 0.00535491 420 0.0188474 0.0279983 11.8505 36.3092 -13 38 0 0 1
0.159223 0.0335381 420 0.0239168 -0.0172079 14.4216 22.5008 -13 43 0 0 1
-0.57476 0.139562 420 0.0493715 0.0192753 6.75061 32.5007 -13 48 0 0 1
0.129567 -0.00538983 420 -0.00213825 -0.029265 8.29899 39.8129 -13 60 0 0 1
-0.260773 0.0318938 420 0.000699056 0.0342824 10.6571 33.7977 -13 68 0 0 1
0.11988 0.00780818 420 0.0239466 -0.0222076 10.7356 28.9263 -13 74 0 0 1
-0.126713 0.0531915 420 0.0213117 0.0433171 13.2053 34.7279 -13 82 0 0 1
0.179032 0.289633 420 0.0421954 0.00212503 7.1261 48.4411 -13 91 0 0 1
0.125924 -0.163111 420 -0.0318996 -0.0545142 10.7734 25.9392 -13 95 0 0 1
-0.126178 -0.0176131 420 -0.0189799 0.031282 11.578 18.3293 -13 117 0 0 1
-0.220799 0.0828828 420 0.0193493 -0.00615668 4.9457 51.8387 -13 123 0 0 1
0.258713 -0.113565 420 -0.0100962 0.0151588 9.64565 21.6847 -13 127 0 0 1
-0.0966578 0.243464 420 -0.0212911 -0.00154149 10.4415 36.8634 -13 130 0 0 1
-0.106578 -0.152888 420 -0.0431666 0.0323743 11.4974 33.0296 -13 139 0 0 1
-0.127006 0.15562 420 0.0189489 0.0670726 13.8487 31.7214 -13 150 0 0 1
-0.109511 0.130577 420 0.00680508 0.021387 11.9796 29.5657 -13 156 0 0 1
-0.43582 0.467413 420 0.162022 -0.071509 9.79505 30.8845 -13 162 0 0 1
-0.0854419 -0.0486879 420 0.00292593 0.00304901 9.88273 20.3926 -13 167 0 0 1
0.00416427 -0.0434473 420 0.00797435 -0.00327212 13.0627 12.9882 -13 173 0 0 1
-0.377712 -0.118563 420 -0.0152173 0.0493413 5.5542 43.2862 -13 179 0 0 1
-0.0142365 -0.162314 420 -0.0209111 -0.00774227 8.43001 23.7402 -13 190 0 0 1
0.250064 -0.202848 420 -0.124707 -0.0430868 1.50911 85.3028 -13 200 0 0 1
-0.0938671 0.0945447 420 0.0223323 0.0350398 8.90996 24.053 -13 222 0 0 1
0.372506 0.196178 420 0.0542452 -0.0885781 8.24238 38.7235 -13 737 0 0 1
0.302021 -0.0910171 420 -0.0283543 -0.0142241 8.32539 19.9934 -13 743 0 0 1
-0.249615 -0.0669493 420 0.000673098 0.00540385 12.1079 14.186 -13 749 0 0 1
0.47729 0.536376 420 -0.00856535 -0.0765679 6.55187 27.2141 -13 752 0 0 1
-0.0154052 -0.423013 420 -0.0784744 0.022152 8.67247 42.9931 -13 754 0 0 1
0.00608521 -0.189941 420 -0.0296182 -0.0510929 7.93996 26.4381 -13 755 0 0 1
-0.098292 -0.144249 420 -0.0291985 0.0302355 7.94519 21.7202 -13 758 0 0 1
-0.117069 -0.792144 420 -0.12361 -0.0214986 8.08914 39.1386 -13 760 0 0 1
0.0193129 -0.0258909 420 0.0676378 -0.0263651 9.86559 26.5014 -13 764 0 0 1
0.338036 -0.0265583 420 -0.00571819 -0.0802708 11.7775 41.3578 -13 792 0 0 1
0.00956449 0.100456 420 0.0137727 -0.0565322 14.0082 35.9334 -13 797 0 0 1
0.225915 0.0179024 420 0.0597516 0.0170256 5.77529 30.9008 -13 801 0 0 1
0.2422 0.158037 420 -0.0164588 0.0162527 3.88014 66.0677 -13 827 0 0 1
-0.0799072 -0.159969 420 -0.057569 -0.0050351 13.7843 24.9353 -13 832 0 0 1
0.32096 -0.106809 420 0.0209957 -0.0569169 10.81 23.4554 -13 837 0 0 1
-0.0188665 -0.0321607 420 0.00475327 -0.0213052 12.378 34.6637 -13 850 0 0 1
-0.0745511 0.0225139 420 -0.017086 -0.000696217 11.4796 16.9409 -13 854 0 0 1
-0.01717 -0.237557 420 -0.0389699 -0.00526781 14.3335 19.0988 -13 857 0 0 1
-0.0539634 0.231645 420 0.0438915 0.0238114 13.0423 36.7692 -13 860 0 0 1
-0.157672 0.0536523 420 0.0414661 0.0247417 11.1824 16.8818 -13 861 0 0 1
0.129335 -0.0509644 420 -0.00994198 -0.00926425 3.84759 44.2784 -13 863 0 0 1
0.161419 -0.302562 420 -0.0414954 -0.0369268 6.91964 35.373 -13 865 0 0 1
0.122977 -0.0386213 420 0.00136035 -0.0478516 9.1995 37.4372 -13 869 0 0 1
-0.0492875 0.102408 420 0.0432425 -0.000891571 12.3746 27.7406 -13 870 0 0 1
-0.134644 0.148672 420 0.0171804 0.0432885 13.7392 33.5853 -13 871 0 0 1
-0.464267 -0.328139 420 -0.0720804 0.184326 5.20571 48.979 -13 872 0 0 1
0.233125 0.241996 420 0.0367655 0.0134989 4.57935 38.1499 -13 873 0 0 1
-0.371201 -0.371735 420 0.0266909 0.0485757 4.88905 43.8177 -13 874 0 0 1
-0.0503047 0.193252 420 0.102766 0.0333124 3.30155 44.8154 -13 875 0 0 1
-0.134537 -0.125881 420 -0.0604282 0.0130358 11.7784 24.8381 -13 876 0 0 1
-0.180256 0.371972 420 0.0191606 0.0463868 9.17947 39.591 -13 877 0 0 1
-nan -nan -nan -nan -nan -nan -nan -13 878 0 0 1
-0.0770923 0.114317 420 -9.13372e-05 0.0206439 14.2411 36.9954 -13 879 0 0 1
-nan -nan -nan -nan -nan -nan -nan -13 193 0 0 1
0.11023 -0.20877 420 0.498275 -0.111816 0.495733 365.254 -13 197 0 0 1
0.189046 -0.0366011 420 0.0323866 0.01557 8.41788 41.0375 -13 738 0 0 1
0.088916 -0.0513638 420 -0.0205308 -0.013455 12.9416 17.4571 -13 880 0 0 1
-0.188512 -0.010866 420 -0.00264435 0.0467839 14.5351 23.332 -13 881 0 0 1
0.196723 0.628719 420 0.0915774 -0.0601686 6.44429 44.6065 -13 882 0 0 1
0.0997768 -0.00651848 420 -0.0595515 -0.0356166 7.14166 45.3312 -13 883 0 0 1
0.370164 -0.133742 420 -0.0304979 -0.0613843 5.73617 43.3405 -13 884 0 0 1
0.268939 -0.0675944 420 -0.0124891 -0.0418293 12.5656 13.9879 -13 885 0 0 1
0.0584929 -0.0614097 420 -0.0461199 0.0121973 8.49144 24.654 -13 886 0 0 1
-0.0894943 0.052032 420 0.0191483 0.00722004 8.53624 18.5336 -13 887 0 0 1
-0.0976083 -0.0599223 420 -0.0287413 -0.0266635 8.56942 37.1928 -13 888 0 0 1
-0.0128163 -0.128631 420 -0.0430209 -0.0227386 11.313 38.3498 -13 889 0 0 1
-0.147328 1.41179 420 0.181699 0.156371 10.8465 25.9919 -13 890 0 0 1
0.0446617 0.308248 420 0.0536434 -0.0154596 7.54609 28.3453 -13 891 0 0 1
0.131205 -0.202966 420 -0.0618499 -0.0786911 14.0653 19.8888 -13 892 0 0 1
0.118965 -0.0524018 420 0.0221115 -0.0191883 9.39652 19.9667 -13 893 0 0 1
-0.111316 0.243722 420 0.0549381 0.0186097 12.605 30.731 -13 894 0 0 1
0.00462878 -0.0736456 420 -0.0463886 0.00651252 11.6156 30.1558 -13 895 0 0 1
-0.0649963 0.393697 420 0.0620156 0.0272063 6.79114 43.9872 -13 896 0 0 1
0.0244661 -0.0652276 420 0.0199919 -0.0341923 8.41049 34.6794 -13 898 0 0 1
0.0813995 -0.140716 420 -0.0255355 -0.0378343 6.69713 32.3235 -13 899 0 0 1
-0.0709034 0.090951 420 0.0868269 0.0460161 5.248 56.4886 -13 901 0 0 1
0.110213 0.165661 420 0.137263 -0.0349245 6.61277 30.6367 -13 903 0 0 1
0.117127 0.210411 420 -0.000429129 -0.0299499 5.19114 46.8121 -13 905 0 0 1
-0.129771 0.0272137 420 0.00816124 0.0235992 11.6322 39.7096 -13 907 0 0 1
0.336965 0.165643 420 0.092413 -0.0313905 9.27098 18.2547 -13 910 0 0 1
-0.694302 0.477733 420 0.00083938 0.107093 1.57753 86.9433 -13 911 0 0 1
0.648897 -0.158469 420 0.0137013 -0.116405 10.6372 16.8581 -13 11 0 0 1
0.00689667 -0.37207 420 -0.0583164 0.000606495 13.0821 40.4976 -13 18 0 0 1
0.0682108 0.178141 420 0.0177196 0.00275611 8.48027 28.0813 -13 27 0 0 1
-0.0990727 0.0579194 420 0.0345919 -0.111745 9.90722 36.9813 -13 42 0 0 1
-0.254241 -1.12832 420 -0.117821 0.0333906 2.16402 77.7115 -13 52 0 0 1
0.11872 0.0545437 420 0.0427242 0.00660993 10.3639 34.1516 -13 55 0 0 1
0.138789 0.185542 420 0.0499013 -0.0480986 10.9829 23.5995 -13 736 0 0 1
-0.154017 -0.1393 420 -0.005152 -0.000737948 8.68953 36.9269 -13 741 0 0 1
0.0284216 -0.26211 420 -0.0331781 -0.0244138 10.5653 31.525 -13 748 0 0 1
0.411153 0.0627925 420 0.00710094 -0.0807178 11.1222 37.9813 -13 751 0 0 1
0.33861 0.147424 420 0.158998 0.0308425 5.42156 39.4357 -13 756 0 0 1
-0.149762 0.0832276 420 0.0607687 0.0760022 13.87 39.5595 -13 762 0 0 1
-0.0559882 0.153966 420 0.0263043 0.0186958 14.337 13.2048 -13 772 0 0 1
-0.654811 -0.196121 420 -0.000322241 0.0763825 3.81902 41.042 -13 775 0 0 1
-0.0629039 0.2542 420 0.0279876 0.0436694 6.96169 38.3435 -13 783 0 0 1
-0.77322 0.268948 420 0.0124481 0.0635156 4.91714 54.5096 -13 791 0 0 1
0.0440513 -0.201736 420 -0.042777 0.0143563 9.38098 45.6752 -13 799 0 0 1
0.367599 -0.097177 420 -0.00370865 -0.0047634 12.544 39.3162 -13 805 0 0 1
-0.030404 0.0490897 420 0.00363682 -0.00178037 14.3055 24.636 -13 809 0 0 1
-0.132645 0.169999 420 0.113965 -0.0666952 9.62467 26.7698 -13 814 0 0 1
0.17037 -0.260112 420 -0.0623188 0.02 6.02503 29.6916 -13 816 0 0 1
0.0186033 0.026604 420 -0.0182694 -0.000557448 12.8346 28.9843 -13 838 0 0 1
0.519291 0.607144 420 0.0940255 -0.0536324 9.86615 37.1878 -13 840 0 0 1
0.0827045 -0.291972 420 -0.0543188 -0.0281215 10.2216 41.3232 -13 858 0 0 1
-0.0723047 -0.230178 420 -0.00583353 0.0426327 5.94328 46.4711 -13 862 0 0 1
0.0041961 0.0833814 420 0.0298765 -0.0184561 8.35993 28.4816 -13 868 0 0 1
-0.0596089 -0.129408 420 -0.019475 0.00353701 11.8711 35.9055 -13 963 0 0 1
-0.0763094 -0.166494 420 -0.0204609 0.00294787 10.456 41.3371 -13 964 0 0 1
0.00898423 -0.0471533 420 -0.0139615 0.000776926 11.3363 29.2411 -13 965 0 0 1
-0.0718944 -0.0348279 420 0.0363314 0.0117563 9.40944 24.3431 -13 966 0 0 1
0.257986 0.432639 420 0.0870918 -0.120779 2.58167 58.4219 -13 968 0 0 1
