#BLTrackFile NTuple/Z440
#x y z Px Py Pz t PDGid EventID TrackID ParentID Weight
#mm mm mm MeV/c MeV/c MeV/c ns - - - - -
-0.0885635 0.23864 440 0.00202141 0.0211568 11.5121 32.7 -13 1 0 0 1
-0.0449011 -0.00548926 440 0.0134348 -0.00999776 12.5738 35.0135 -13 2 0 0 1
0.0444409 0.0412189 440 0.00352544 0.00343976 9.94242 18.2636 -13 3 0 0 1
0.0441723 0.361637 440 0.083338 -0.0645623 11.1432 18.2826 -13 4 0 0 1
0.0904752 -0.192876 440 -0.0149503 -0.0326198 6.89453 29.8851 -13 5 0 0 1
-0.0569392 -0.466172 440 -0.097223 -0.00030309 7.64088 42.5121 -13 6 0 0 1
0.117883 0.130916 440 0.0204435 -0.0188186 12.0457 26.5295 -13 7 0 0 1
-0.389208 -0.00731307 440 -0.0120885 0.0914373 3.80559 45.4464 -13 13 0 0 1
0.206887 0.0681134 440 0.0159349 -0.0554548 10.5301 16.7382 -13 22 0 0 1
0.134658 0.0419225 440 0.00942883 -0.00359274 11.5803 41.4483 -13 28 0 0 1
-0.0881011 0.159364 440 0.0520896 0.00218069 9.77716 43.5964 -13 57 0 0 1
0.0693362 0.0759057 440 -0.00227044 -0.00280957 14.0209 39.6369 -13 63 0 0 1
0.122476 0.0267506 440 -0.00676646 -0.0275695 11.5313 26.3303 -13 67 0 0 1
0.0116176 0.254759 440 0.0721235 0.00776666 6.08123 47.2433 -13 73 0 0 1
0.0133037 -0.0208757 440 0.000622797 -0.0302637 10.2924 43.3064 -13 80 0 0 1
0.299708 -0.128616 440 0.00134944 0.0171324 8.52197 26.9998 -13 88 0 0 1
-0.0536978 0.169148 440 0.0204407 0.0678461 8.81111 24.7422 -13 105 0 0 1
-0.314259 -0.0388409 440 -0.0158979 0.0840771 5.84938 31.8935 -13 118 0 0 1
-0.0338172 -0.0733091 440 0.019201 0.00773015 7.51629 35.0262 -13 120 0 0 1
0.0865631 0.000632454 440 0.00233419 -0.0359305 9.0545 24.0446 -13 122 0 0 1
0.0662546 0.0391087 440 0.000893284 0.00470914 11.7312 38.7209 -13 126 0 0 1
-0.0912985 0.114267 440 0.0160536 0.0207627 9.18016 25.5902 -13 131 0 0 1
0.0019487 -0.128632 440 -0.0397863 -0.0334974 12.9807 24.2938 -13 136 0 0 1
-0.287264 -0.00139779 440 0.0107992 0.0285315 13.7545 23.4302 -13 142 0 0 1
0.0730794 -0.187969 440 0.000925802 -0.000384772 7.02972 31.0771 -13 149 0 0 1
0.101186 -0.0531567 440 -0.0493463 -0.0024134 13.2333 21.4241 -13 157 0 0 1
0.0390912 0.0377641 440 0.0370803 0.00396883 14.3372 34.2235 -13 159 0 0 1
0.0522015 -0.123747 440 0.0158219 -0.0225312 12.3417 37.7117 -13 165 0 0 1
-0.173579 0.17616 440 0.0250223 0.0390886 14.5092 33.1968 -13 171 0 0 1
-0.0896966 0.267902 440 0.0821317 0.0602277 3.44139 49.02 -13 177 0 0 1
0.0959146 0.0724927 440 0.0244476 -0.0205242 9.25643 34.7346 -13 182 0 0 1
-0.283938 -0.340413 440 -0.0421348 0.0147059 10.8703 36.6885 -13 195 0 0 1
0.104136 0.0637089 440 -0.0101158 -0.0130076 12.3274 17.6 -13 198 0 0 1
-0.0720938 0.060434 440 0.0100268 0.000336864 13.5087 25.2328 -13 228 0 0 1
-0.0138516 -0.0626668 440 -0.0239985 -0.00101957 10.9596 42.5202 -13 233 0 0 1
0.0181628 -0.0458239 440 -0.0260623 0.00656382 9.50368 21.8043 -13 238 0 0 1
-0.0598319 -0.147197 440 -0.0155904 0.0488346 13.8042 39.5271 -13 243 0 0 1
-0.331413 -0.226542 440 -0.0243189 0.0473003 11.8199 41.0067 -13 248 0 0 1
0.128736 0.053067 440 0.017739 -0.0429746 12.9819 19.9722 -13 252 0 0 1
0.108286 -0.0700273 440 -0.0174951 -0.0406403 14.2115 35.0798 -13 260 0 0 1
-0.730804 -0.835817 440 -0.122031 0.1036 3.40495 67.0529 -13 264 0 0 1
0.253674 -0.195507 440 0.0177044 -0.0886596 3.32619 73.3575 -13 270 0 0 1
0.268759 0.105856 440 0.0489745 -0.0212101 11.5299 19.6316 -13 276 0 0 1
-0.387273 -0.0470317 440 -0.0729885 0.00745333 9.5419 40.013 -13 282 0 0 1
0.0645131 0.105363 440 0.0223953 -0.0257438 9.11595 26.1015 -13 290 0 0 1
-0.179852 0.238432 440 0.033337 0.0558825 13.7812 41.2282 -13 294 0 0 1
0.000889572 -0.0538294 440 -0.0174287 0.00566909 12.1915 25.9398 -13 299 0 0 1
0.0389536 -0.029929 440 -0.0142639 -0.0274379 7.72297 37.7411 -13 304 0 0 1
0.241512 0.141634 440 0.0197399 -0.077988 9.57852 36.8126 -13 309 0 0 1
0.138929 0.223 440 0.0288474 -0.0206722 13.0503 14.2498 -13 313 0 0 1
-3.70717 1.34022 440 -0.0423455 -0.0516964 0.655101 385.294 -13 319 0 0 1
0.131941 -0.0301016 440 -0.0232933 0.00956249 9.86303 21.7096 -13 321 0 0 1
0.0311175 0.0392978 440 -0.0230187 -0.0401411 4.9849 37.1355 -13 374 0 0 1
-0.344518 0.0664314 440 0.00655583 0.0656924 13.3654 34.0915 -13 375 0 0 1
0.0287755 0.548201 440 0.092112 0.0499067 6.58505 36.8128 -13 376 0 0 1
-0.167478 0.0166884 440 0.0292719 0.0221411 10.5227 25.3777 -13 377 0 0 1
-nan -nan -nan -nan -nan -nan -nan -13 378 0 0 1
-0.00486344 -0.116733 440 0.0315797 -0.0530992 7.4173 24.4492 -13 379 0 0 1
0.101886 0.0134527 440 0.0163763 0.00780467 14.4515 26.4935 -13 972 0 0 1
0.141842 -0.142943 440 -0.0227223 -0.0293222 13.7668 40.3858 -13 973 0 0 1
-0.0309449 -0.118503 440 -0.000262345 0.0137862 14.5588 31.0009 -13 974 0 0 1
-0.0622436 -0.0980602 440 -0.0275358 -0.00475999 10.2851 35.6099 -13 975 0 0 1
0.348051 0.205655 440 0.0297063 -0.0242176 6.72079 29.8668 -13 976 0 0 1
-0.134659 0.0685696 440 -0.010085 -0.00450422 8.98349 35.0751 -13 978 0 0 1
-0.0893208 -0.0570163 440 0.00244446 0.0202668 13.7248 30.5605 -13 979 0 0 1
-0.128607 0.00407324 440 0.0103552 0.0340676 12.0845 17.2205 -13 980 0 0 1
-0.0758963 -0.0163608 440 0.031726 0.0331112 9.69037 17.3764 -13 981 0 0 1
-0.0257657 0.110688 440 0.0221305 -0.0193237 13.622 24.7549 -13 982 0 0 1
-0.5548 0.219555 440 -0.179079 0.0495383 5.67458 51.3358 -13 983 0 0 1
-0.0336965 0.20259 440 0.0391645 -0.0373261 10.083 18.558 -13 984 0 0 1
0.0633302 0.0150053 440 -0.0164691 -0.0241283 11.2608 29.6924 -13 985 0 0 1
-0.0992017 0.121977 440 -0.0177078 0.0266811 8.4043 37.764 -13 986 0 0 1
-0.0278811 -0.0810296 440 -0.0192543 0.0102319 14.2398 36.0734 -13 987 0 0 1
0.107989 0.36769 440 0.0645095 0.00843609 6.65589 45.6185 -13 988 0 0 1
0.16562 0.438652 440 0.00701464 0.00492674 2.75131 69.4669 -13 989 0 0 1
-0.105381 -0.011015 440 0.00221716 0.0408425 14.4615 19.4914 -13 990 0 0 1
-0.123703 -0.0510632 440 -0.0461902 0.0223521 10.8664 34.9177 -13 991 0 0 1
0.0946995 0.15127 440 -0.0134427 -0.00451493 13.0848 37.8738 -13 992 0 0 1
0.131598 -0.186736 440 -0.0276753 -0.0253282 11.2743 43.3275 -13 993 0 0 1
-0.0953368 -0.069401 440 -0.0187721 0.0146535 12.8285 37.3294 -13 994 0 0 1
0.373498 0.340189 440 0.0388599 -0.0594759 13.9106 23.6494 -13 995 0 0 1
-0.00758618 0.0547566 440 0.00166414 -0.0230961 13.0402 37.7191 -13 996 0 0 1
0.0670704 0.0281245 440 0.0240214 0.00214364 14.5185 20.0284 -13 997 0 0 1
0.00730449 -0.116818 440 -0.0126383 -0.0233812 10.2592 40.8309 -13 998 0 0 1
-0.044158 0.0521122 440 -0.00254173 -0.0289873 7.38739 26.4865 -13 999 0 0 1
-0.0476935 0.173285 440 -0.139271 -0.0124061 8.43884 40.6547 -13 1000 0 0 1
0.198931 -0.436302 440 0.00549529 -0.070703 5.08168 34.9022 -13 46 0 0 1
-0.107973 0.49143 440 0.0895352 0.0299611 5.41935 42.2509 -13 69 0 0 1
-0.217733 0.0625859 440 0.0513041 -0.0185709 12.4057 38.411 -13 76 0 0 1
0.0110135 0.138051 440 -0.000541703 -0.0634643 13.5756 15.6675 -13 85 0 0 1
0.0991193 0.0757444 440 -0.00114456 -0.0218637 7.71579 46.3202 -13 93 0 0 1
0.0864304 0.529785 440 0.0461207 0.0405782 4.8055 48.2925 -13 101 0 0 1
-0.431698 -0.285712 440 -0.167513 -0.0060732 9.59264 29.5508 -13 104 0 0 1
0.538169 -0.281521 440 -0.0426272 -0.0664191 5.47014 31.4525 -13 110 0 0 1
0.171688 0.0585002 440 0.00182943 -0.0277657 11.9544 23.653 -13 113 0 0 1
0.00966869 0.0171292 440 0.0556267 -0.0794498 9.23254 27.9063 -13 146 0 0 1
-0.0915038 0.0387755 440 -0.00462151 0.0479019 12.2886 17.8552 -13 184 0 0 1
-0.14096 -0.179763 440 -0.00140739 0.0257666 12.0154 34.2966 -13 202 0 0 1
-0.320086 0.133608 440 -0.146672 0.0560011 1.16623 94.6851 -13 208 0 0 1
0.345359 0.302329 440 0.037542 -0.0657964 9.80178 34.5021 -13 214 0 0 1
0.113609 0.128932 440 0.00977023 -0.0182957 14.516 28.945 -13 371 0 0 1
0.244552 -0.0674415 440 -0.0563683 0.0615542 2.17026 86.633 -13 372 0 0 1
0.0585453 -0.149699 440 -0.00552161 0.0115823 14.202 20.596 -13 373 0 0 1
-0.0655426 -0.00770473 440 -0.0128255 0.00807464 14.4368 29.1407 -13 387 0 0 1
-0.126412 0.496442 440 0.0465763 -0.00117139 9.36109 40.7913 -13 388 0 0 1
0.0784422 0.118894 440 0.065761 -0.00339944 13.4966 30.6648 -13 389 0 0 1
-0.0878878 0.0502425 440 0.0258346 -0.00889359 10.3091 24.8412 -13 390 0 0 1
0.134661 0.0332379 440 0.0145841 -0.00682899 8.68008 46.6186 -13 391 0 0 1
-0.459948 0.221404 440 -0.0144603 0.078903 8.16117 46.8475 -13 392 0 0 1
-0.0617311 -0.083822 440 -0.0182305 0.214229 3.94789 41.2919 -13 393 0 0 1
-0.0682342 -0.0364873 440 -0.0237969 -0.00984192 3.84811 48.7594 -13 394 0 0 1
-0.288949 -0.00182489 440 -0.00740181 0.0585856 14.105 20.5092 -13 395 0 0 1
-0.115924 -0.824244 440 -0.122707 0.0113224 7.06968 38.5594 -13 396 0 0 1
0.110611 0.00477624 440 0.0169633 0.00785518 14.5305 18.69 -13 397 0 0 1
0.359608 0.920797 440 0.134051 -0.0391593 13.3035 19.6052 -13 398 0 0 1
-0.0815326 -0.12856 440 -0.0480404 0.0331079 11.6505 25.3321 -13 400 0 0 1
0.30814 0.0829873 440 0.0393247 -0.0223749 7.34545 23.2335 -13 402 0 0 1
-0.0825433 -0.0259324 440 -0.0117507 0.0372315 14.3912 19.8016 -13 404 0 0 1
0.0377835 -0.0851676 440 -0.00896874 -0.0336687 7.07851 37.6008 -13 406 0 0 1
0.0835861 0.274681 440 0.0531837 -0.0233501 10.9251 36.2991 -13 408 0 0 1
-0.251801 -0.0688635 440 0.00176049 0.0225551 12.1796 16.8447 -13 409 0 0 1
-0.193986 -0.163557 440 0.0339516 -0.0312779 6.86363 28.2269 -13 411 0 0 1
0.298394 0.0563818 440 0.0922832 -0.000696206 7.28917 26.5344 -13 412 0 0 1
-0.0930183 0.18949 440 0.0585786 -0.0247662 8.27012 26.4708 -13 415 0 0 1
-0.178002 -0.00369995 440 -0.0553817 0.0546484 6.56578 30.0076 -13 417 0 0 1
0.12543 0.0628344 440 0.0489669 -0.0133208 13.2081 17.1458 -13 421 0 0 1
0.00699177 0.084526 440 0.000193748 -0.00920545 9.3244 27.1496 -13 424 0 0 1
0.15218 0.10074 440 0.0258745 -0.0533877 4.86325 55.441 -13 426 0 0 1
-0.389763 -0.176986 440 -0.0587169 0.0487007 10.812 40.6644 -13 427 0 0 1
0.0823305 -0.0704808 440 -0.0328204 0.0487189 9.93888 26.5127 -13 430 0 0 1
-0.171339 -0.0724456 440 -0.0078591 0.0408946 10.8506 24.811 -13 431 0 0 1
-0.492149 0.198077 440 0.0392753 0.062022 9.95108 34.2787 -13 432 0 0 1
-0.0712654 0.00512811 440 0.00202145 0.00444074 11.0512 39.8129 -13 433 0 0 1
0.0867357 0.00900928 440 0.0364099 -0.00870439 13.7068 23.2023 -13 434 0 0 1
-0.0757867 -0.22893 440 -0.0201497 -0.0113396 11.391 29.1201 -13 435 0 0 1
0.121849 0.0140072 440 0.00408354 -0.0326005 11.1263 30.8917 -13 438 0 0 1
0.490403 -0.321299 440 -0.063539 -0.110709 8.8503 39.0317 -13 440 0 0 1
-0.0998102 -0.024794 440 0.0382968 -0.00898574 11.3765 28.3138 -13 441 0 0 1
-0.0735163 0.0462187 440 0.037243 0.02432 7.6306 46.4576 -13 443 0 0 1
0.00456616 0.287497 440 0.020049 0.0245435 11.3731 24.9731 -13 444 0 0 1
0.137762 -0.217995 440 0.0150301 0.0313455 8.01093 45.6727 -13 445 0 0 1
0.111702 0.107531 440 -0.0291414 -0.013229 11.5771 26.0411 -13 447 0 0 1
-0.391869 -0.101909 440 -0.0293453 0.0711425 9.8341 19.9315 -13 448 0 0 1
-0.112434 0.0829592 440 -0.00145601 0.0254393 12.374 42.334 -13 450 0 0 1
0.00981412 0.198283 440 0.0270403 0.0359906 7.83432 40.8256 -13 451 0 0 1
0.178926 -0.0685337 440 -0.00989293 -0.0297248 9.52817 26.1061 -13 454 0 0 1
-0.0111242 0.313669 440 0.0278759 0.0205753 7.6967 32.9286 -13 463 0 0 1
0.417373 -0.00175537 440 -0.00809977 -0.0511906 7.30303 23.4377 -13 466 0 0 1
0.0289258 -0.00382922 440 0.00765571 0.0427088 8.84098 28.6347 -13 468 0 0 1
0.191715 0.0216549 440 0.0695369 -0.0903886 10.055 36.3957 -13 472 0 0 1
0.441939 -0.297101 440 -0.00423569 -0.0623273 5.39553 30.8914 -13 473 0 0 1
-0.373902 -0.138223 440 -0.0138999 0.0965113 7.83618 21.4739 -13 476 0 0 1
0.0358695 -0.0438949 440 -0.0696671 -0.0350129 9.71207 19.5253 -13 478 0 0 1
-0.208841 0.293103 440 0.0646124 0.000573447 5.38879 31.9844 -13 479 0 0 1
-0.121936 -0.686473 440 -0.0841607 -0.0205365 6.5454 53.3229 -13 482 0 0 1
0.00715142 -0.164979 440 -0.0414795 0.0103813 7.49696 35.4258 -13 484 0 0 1
0.0159667 -0.0608065 440 0.0185791 -0.0212353 7.31121 29.5587 -13 486 0 0 1
-0.0179746 -0.146254 440 -0.0593478 -0.0137345 13.0223 30.6922 -13 487 0 0 1
-0.105116 -0.0858206 440 -0.0114204 0.0330305 11.8889 29.3936 -13 499 0 0 1
0.0255777 0.0170376 440 -0.00176043 0.00998539 12.6677 26.193 -13 500 0 0 1
0.123364 0.0881989 440 0.0399076 -0.0232081 10.8946 25.1132 -13 501 0 0 1
0.0744781 -0.0784253 440 -0.0100306 -0.0024771 14.4362 16.5899 -13 502 0 0 1
-0.0223531 -0.0960968 440 0.0596003 0.00326104 3.57049 58.4818 -13 505 0 0 1
0.138543 -0.00849888 440 0.0015705 0.00305036 12.4627 24.9141 -13 507 0 0 1
0.112587 -0.187195 440 -0.0448271 -0.0289514 12.8822 30.5982 -13 512 0 0 1
-0.198537 -0.00278421 440 0.0147465 0.010545 3.84967 47.7008 -13 516 0 0 1
-0.015116 -0.144806 440 -0.0303915 0.0331478 12.3701 18.2739 -13 518 0 0 1
0.0465234 -0.460667 440 -0.0432084 0.0183846 12.9304 24.0989 -13 522 0 0 1
-0.366208 -0.169934 440 -0.00554632 0.0205527 3.88813 64.985 -13 524 0 0 1
-0.314448 -0.262681 440 -0.321708 0.267375 3.16303 74.2217 -13 527 0 0 1
0.16489 0.0477986 440 0.0272938 -0.0349894 12.4933 29.1112 -13 528 0 0 1
0.153632 0.217887 440 0.0583461 -0.0167804 11.2704 37.2551 -13 529 0 0 1
-0.106703 0.47897 440 0.0450975 0.0596732 9.06702 40.7287 -13 533 0 0 1
-0.182509 0.0536326 440 -0.00223787 0.0184812 9.16359 40.88 -13 534 0 0 1
-0.0263386 0.0946306 440 -0.0194831 0.0250995 9.83887 19.0652 -13 535 0 0 1
0.425988 0.226725 440 0.0888849 -0.0269445 13.046 21.665 -13 536 0 0 1
-0.385737 -0.111036 440 -0.0303176 0.0331279 4.40295 48.9729 -13 537 0 0 1
0.0486494 0.0640564 440 0.0161586 0.0139403 14.4751 29.5438 -13 538 0 0 1
0.157885 -0.0618954 440 -0.0015416 -0.0082981 11.3283 20.0395 -13 539 0 0 1
-0.308174 0.0557982 440 -0.00302149 0.0362444 7.3456 43.3697 -13 541 0 0 1
-0.0662005 0.122988 440 0.00690079 0.0209422 13.7377 39.7838 -13 544 0 0 1
-0.556304 0.0477269 440 0.00777193 0.114377 4.83502 57.8418 -13 545 0 0 1
0.162246 -0.104215 440 -0.0381325 0.072357 6.54545 43.6311 -13 546 0 0 1
-0.0127688 0.0385088 440 -0.000830469 -0.00829189 9.86351 35.3982 -13 548 0 0 1
-0.061939 -0.122972 440 -0.0112767 -0.0235077 8.61332 35.1225 -13 550 0 0 1
0.0367955 0.0207007 440 0.0101451 -0.0697774 7.89763 31.8773 -13 553 0 0 1
-0.162108 -0.23653 440 -0.0620035 -0.0258079 6.17748 46.3769 -13 556 0 0 1
-0.0790036 0.112709 440 0.0390634 -0.0115278 10.9435 42.9505 -13 559 0 0 1
0.139524 0.417774 440 0.0994819 -0.0427664 11.0536 18.2181 -13 562 0 0 1
-0.0876919 0.032795 440 -0.0153401 0.0152721 12.1159 28.6874 -13 563 0 0 1
0.0144548 0.0120604 440 -0.0197335 -0.0388759 10.5681 43.4034 -13 564 0 0 1
0.117572 -0.0370344 440 -0.000601872 0.0112511 14.2251 16.8431 -13 565 0 0 1
0.0652558 -0.0313117 440 0.00652915 -0.0138026 10.5943 26.7652 -13 567 0 0 1
-0.0800301 -0.0689984 440 -0.0140489 0.028326 13.5402 23.1843 -13 569 0 0 1
0.429844 -0.0881488 440 0.013855 -0.107843 11.0812 40.2489 -13 570 0 0 1
-0.0236316 0.14685 440 0.00576627 -0.0244462 9.88832 28.5068 -13 572 0 0 1
-0.238512 -0.197758 440 -0.0107139 0.011752 6.5158 36.9696 -13 573 0 0 1
0.20739 -0.102714 440 -0.0094784 -0.0221817 13.74 20.547 -13 574 0 0 1
0.134228 -0.00555825 440 0.0297395 0.00552589 10.6075 34.1984 -13 576 0 0 1
0.118259 -0.0855911 440 -0.0239079 -0.032018 13.3972 14.7602 -13 577 0 0 1
-0.0824463 0.0402682 440 -0.0244912 0.00632672 8.4097 30.2057 -13 578 0 0 1
0.0593719 -0.0946236 440 -0.0171841 0.012919 13.9729 27.687 -13 579 0 0 1
0.257686 0.0253603 440 0.000150597 -0.0436536 12.7388 20.5259 -13 580 0 0 1
-0.0079251 -0.020595 440 -0.00773997 0.00323115 11.094 42.4668 -13 581 0 0 1
0.176666 0.14235 440 -0.0510089 0.0150683 8.90385 30.3047 -13 582 0 0 1
0.16621 -0.41285 440 -0.0997006 -0.0717804 7.60422 27.7713 -13 583 0 0 1
-0.258115 0.199403 440 0.00224811 0.0452758 9.38009 41.9152 -13 586 0 0 1
0.2509 0.146578 440 -0.0127115 -0.0386962 13.7655 31.1581 -13 587 0 0 1
-0.12227 0.436962 440 0.0769261 0.0999788 9.54545 26.3591 -13 588 0 0 1
-0.0674597 0.128774 440 0.0273547 0.00859849 13.2735 24.5054 -13 589 0 0 1
-1.42844 1.5802 440 -0.116031 -0.155792 1.09562 393.992 -13 590 0 0 1
0.161111 0.0487293 440 0.0121133 -0.0241531 9.14777 29.294 -13 591 0 0 1
-0.0167718 0.0121605 440 0.0104659 -0.0229214 14.014 16.7231 -13 99 0 0 1
-0.305476 0.0727649 440 -0.00785181 0.0662196 12.9944 27.6577 -13 124 0 0 1
-0.571531 -0.0890133 440 0.00569548 0.119138 7.2265 40.6138 -13 134 0 0 1
-0.51995 -0.0602952 440 0.0145179 0.118715 9.83697 41.5061 -13 145 0 0 1
-0.125982 0.0516433 440 -0.00273908 0.0192797 13.6985 35.481 -13 153 0 0 1
0.0746022 0.00450007 440 0.000617128 -0.0162578 14.1112 18.4348 -13 161 0 0 1
-0.101738 -0.191583 440 -0.037677 0.0095369 11.3514 15.0989 -13 168 0 0 1
-0.201692 0.042592 440 0.00110565 0.0386154 10.6743 17.5974 -13 175 0 0 1
0.0413488 0.0207028 440 -0.0230963 -0.00863056 11.8807 42.702 -13 186 0 0 1
0.0808389 -0.165475 440 -0.00326746 -0.0105183 14.4613 31.9464 -13 203 0 0 1
-0.183167 -0.0357617 440 0.0497484 -0.014552 6.24654 54.2211 -13 224 0 0 1
-0.246546 -0.355848 440 -0.0403031 0.0211002 6.30772 43.9111 -13 232 0 0 1
-0.0566433 0.373437 440 0.0502023 0.00543065 8.39444 33.9478 -13 237 0 0 1
0.0218999 0.121584 440 0.0392753 0.0139405 12.0643 20.9408 -13 255 0 0 1
0.00758532 -0.103153 440 -0.0327216 0.0354349 10.8817 42.8828 -13 287 0 0 1
-0.0705026 -0.0360001 440 -0.00691443 0.0184025 9.72178 31.8729 -13 306 0 0 1
0.321345 0.0343659 440 0.0219964 -0.0975395 2.47722 62.8962 -13 317 0 0 1
-0.0625043 0.313769 440 0.0114608 0.0852477 11.4471 40.8745 -13 325 0 0 1
-0.0918705 0.0475082 440 0.00796466 0.0146429 9.85013 22.9375 -13 414 0 0 1
-0.346319 -0.384106 440 0.0131729 0.105064 7.66126 34.6079 -13 419 0 0 1
-0.276554 -0.13391 440 0.0248172 0.0278617 7.09505 26.4026 -13 422 0 0 1
0.134143 0.344151 440 0.0669918 -0.00668203 7.05062 30.7726 -13 428 0 0 1
-0.167135 -0.344201 440 -0.0277657 0.0310292 7.85146 33.3664 -13 429 0 0 1
-0.0755808 0.281821 440 0.0571127 0.0382202 11.2553 21.1075 -13 436 0 0 1
0.119026 -0.00611324 440 0.0236131 -0.0110871 10.6956 26.3577 -13 437 0 0 1
0.148306 -0.0879696 440 0.00182851 -0.00426682 11.9429 42.0743 -13 439 0 0 1
0.163192 -0.381611 440 0.0638564 0.0169985 4.11541 39.4884 -13 442 0 0 1
-0.0328917 0.0236671 440 -0.00384484 0.0115629 13.4052 38.8606 -13 446 0 0 1
0.0366093 0.290455 440 0.0106366 -0.0313199 8.18591 24.1905 -13 449 0 0 1
0.14216 0.505652 440 -0.0379846 -0.108663 0.875484 82.0683 -13 455 0 0 1
0.272016 0.00284349 440 -0.0127066 -0.03845 13.6848 38.0719 -13 462 0 0 1
0.632064 0.680956 440 -0.0431061 -0.0690332 0.70246 94.0956 -13 600 0 0 1
-0.493199 0.243244 440 0.0258256 0.0714517 12.5529 30.8337 -13 601 0 0 1
-0.0642633 0.0515964 440 -0.00397745 0.0126547 11.8169 17.3459 -13 12 0 0 1
-0.0258028 -0.0663301 440 -0.0221559 -0.00807292 8.43291 21.4253 -13 16 0 0 1
0.00850126 0.0658097 440 0.0094758 0.0110848 13.6924 33.1969 -13 34 0 0 1
-0.332056 0.0174591 440 0.00425926 0.0898577 10.8568 39.3026 -13 45 0 0 1
-0.0361403 0.0711629 440 -0.00324851 0.00368294 13.2666 18.4947 -13 49 0 0 1
0.175085 -0.0910179 440 0.0150139 -0.0244943 14.1265 20.3294 -13 56 0 0 1
-0.00902275 0.0746349 440 0.0213084 -0.0175112 11.171 19.4682 -13 70 0 0 1
-0.230051 0.15793 440 -0.0822462 -0.00851467 8.20759 45.3189 -13 77 0 0 1
-0.247085 -0.171932 440 0.0142322 0.0226806 9.92404 26.8683 -13 89 0 0 1
-0.464369 0.526659 440 -0.0328627 -0.00449696 2.25415 62.6392 -13 96 0 0 1
0.136195 -0.0694851 440 -0.00820846 -0.0310112 14.148 36.5083 -13 140 0 0 1
-0.218969 -0.0104869 440 -0.0186238 0.0436515 11.8949 40.101 -13 452 0 0 1
0.310473 0.153451 440 -0.0193129 -0.0627399 12.961 40.3614 -13 453 0 0 1
0.124221 -0.188113 440 -0.031236 -0.0312867 14.0121 15.4993 -13 456 0 0 1
-0.00263986 -0.0138599 440 -0.00441975 -0.0270361 9.44293 18.6261 -13 457 0 0 1
0.329815 0.18781 440 -0.00107855 -0.0118852 7.99528 28.7221 -13 459 0 0 1
-0.0875575 -0.0170621 440 -0.00645768 -0.0160938 13.4584 38.0636 -13 461 0 0 1
-2.40092 -5.82325 440 -nan -nan -nan 105.794 -13 471 0 0 1
0.244535 0.0300558 440 0.0228908 -0.0537353 9.0037 32.3054 -13 481 0 0 1
-0.517972 -0.340776 440 -0.0454474 0.0524045 5.22326 48.8606 -13 15 0 0 1
-0.181031 -0.149551 440 -0.0292412 0.00987794 8.28868 26.2435 -13 58 0 0 1
0.573742 -0.0949423 440 -0.059307 -0.11576 6.68725 32.2206 -13 90 0 0 1
0.0599462 -0.821372 440 0.000129276 3.39897e-05 0.960846 395.704 -13 102 0 0 1
-0.0802613 0.0813736 440 -0.0137729 0.0155208 13.7645 29.4416 -13 107 0 0 1
0.152412 -0.174229 440 -0.0279949 -0.0290917 10.8624 42.0853 -13 354 0 0 1
-2.38981 1.2462 440 -nan -nan -nan 375.176 -13 385 0 0 1
0.0515032 0.0304117 440 0.0124111 0.00193107 14.4618 20.477 -13 386 0 0 1
-0.142218 -0.0314962 440 -0.0278557 0.00270416 12.6542 16.289 -13 399 0 0 1
-0.088342 0.12087 440 0.0292538 0.0526709 11.1682 27.7272 -13 401 0 0 1
0.564821 0.0981103 440 0.0154931 -0.0946105 5.72044 47.4656 -13 403 0 0 1
0.0354827 -0.18476 440 -0.0221973 -0.0346409 12.8507 29.8524 -13 405 0 0 1
-0.187192 0.356322 440 0.103342 -0.0639775 4.70689 56.8792 -13 407 0 0 1
0.158381 -0.277798 440 -0.0622277 -0.0268259 7.15235 32.3377 -13 410 0 0 1
-0.403737 -0.584834 440 -0.091002 0.0829231 5.76324 28.2384 -13 413 0 0 1
-0.0513211 -0.0392897 440 -0.00646815 0.000615306 12.6499 26.7144 -13 416 0 0 1
0.241702 -0.108577 440 -0.0252174 -0.0571186 10.0369 42.4107 -13 418 0 0 1
-0.0337156 0.0708985 440 0.00905072 -0.0439465 12.4505 22.9888 -13 420 0 0 1
0.641745 -1.18948 440 -0.0398416 -0.080614 0.521983 114.385 -13 423 0 0 1
0.10617 0.0270187 440 0.0488707 0.0128149 5.04581 59.7507 -13 425 0 0 1
0.251404 0.0779689 440 -0.00523925 -0.0400256 10.2494 21.596 -13 503 0 0 1
-0.0314175 0.0449606 440 0.026311 -0.00710904 8.70018 26.4488 -13 506 0 0 1
0.0865455 0.137528 440 0.073218 -0.0191507 10.4636 18.5891 -13 511 0 0 1
-0.0585092 0.000481667 440 0.00995863 0.025875 13.3456 12.998 -13 513 0 0 1
-0.0320615 0.169412 440 0.12364 0.00248277 8.21902 22.5519 -13 517 0 0 1
0.364004 -0.445342 440 0.0193053 -0.0384877 11.6379 31.1348 -13 520 0 0 1
-0.112133 0.0146925 440 -0.062455 0.039182 13.5602 28.0698 -13 523 0 0 1
-0.0424659 -0.724814 440 -0.0747507 -0.0198967 11.7093 33.5976 -13 526 0 0 1
0.255172 -0.188789 440 -0.0283924 -0.0360598 12.9518 26.3051 -13 531 0 0 1
0.174617 -0.0597659 440 0.0209109 -0.0417926 11.2623 39.9393 -13 540 0 0 1
0.160488 0.931094 440 0.144927 -0.0224934 12.8219 16.4567 -13 542 0 0 1
-0.0214225 -0.124995 440 -0.027722 0.0180003 10.6863 34.668 -13 547 0 0 1
-0.0260808 0.130791 440 0.00400823 -0.004389 9.63167 42.2978 -13 549 0 0 1
0.0126145 0.110856 440 -0.0218226 -0.00907105 11.3095 24.373 -13 552 0 0 1
-0.110739 -0.183287 440 -0.070024 0.0452541 7.9747 47.3691 -13 555 0 0 1
0.746038 0.300569 440 0.075356 0.0241324 0.548838 383.486 -13 558 0 0 1
-0.0509577 0.0355056 440 -0.00428444 0.0232772 13.6092 12.7171 -13 560 0 0 1
0.103461 -0.0453929 440 -0.000331539 -0.0569612 11.9721 35.7014 -13 329 0 0 1
0.159856 -0.0586832 440 -0.0375873 0.0152817 4.89234 37.8479 -13 332 0 0 1
-0.380237 -0.435848 440 -0.180356 0.132544 12.4554 40.545 -13 341 0 0 1
-0.150061 -0.033114 440 -0.0276347 0.023398 13.4545 27.1899 -13 346 0 0 1
0.284295 -0.195508 440 -0.0368351 -0.0671446 13.7908 38.1511 -13 348 0 0 1
-0.155614 -0.155556 440 -0.0406114 -0.00742801 7.14397 36.3605 -13 349 0 0 1
0.0476051 -0.283426 440 -0.0940343 -0.0664017 7.80607 43.5989 -13 350 0 0 1
0.0149625 0.364821 440 0.0887179 -0.0133187 4.52266 41.7409 -13 351 0 0 1
0.326908 0.470003 440 0.0482413 0.0248771 4.31685 47.7594 -13 352 0 0 1
-0.858112 0.458345 440 0.10893 0.178282 3.28904 63.0013 -13 355 0 0 1
-0.234296 -0.250605 440 -0.0184168 0.0343443 9.76116 44.2224 -13 356 0 0 1
-0.132936 -0.010733 440 0.00904064 -0.00592964 10.6789 42.3817 -13 357 0 0 1
0.140536 -0.241548 440 -0.0273622 -0.0184925 10.9468 32.1772 -13 358 0 0 1
-0.0486232 -0.0302057 440 -0.0300544 0.0137183 11.791 19.8999 -13 359 0 0 1
0.0685361 0.017916 440 -0.0153683 -0.0121625 13.5103 33.5761 -13 360 0 0 1
0.045291 -0.431941 440 -0.141362 0.0232057 3.87613 44.6258 -13 361 0 0 1
-0.0832974 -0.0805416 440 -0.0811028 -0.0622169 8.75528 19.1654 -13 362 0 0 1
0.109576 -0.349422 440 -0.0490318 0.0192327 12.1743 41.6994 -13 363 0 0 1
0.109706 0.0240692 440 0.0167872 -0.00879768 14.4512 16.0468 -13 364 0 0 1
-0.0638728 -0.078192 440 -0.0409366 0.0158446 11.8446 18.397 -13 365 0 0 1
0.015447 0.160861 440 0.00991529 -0.0253064 7.8977 21.0754 -13 366 0 0 1
-0.0489402 -0.0694512 440 -0.012394 0.0194765 11.7162 38.376 -13 367 0 0 1
-0.0145126 -0.756322 440 -0.130713 -0.00434494 6.08799 45.2498 -13 368 0 0 1
0.403153 -0.809089 440 -0.104372 -0.0145352 0.645553 104.953 -13 369 0 0 1
-0.805946 -0.0427234 440 0.0128329 0.208162 6.47024 28.2874 -13 370 0 0 1
0.229601 0.11061 440 0.0186096 -0.0326642 11.6089 40.6406 -13 458 0 0 1
0.894005 0.100795 440 -0.0342062 -0.169168 3.89546 66.4139 -13 464 0 0 1
-0.491213 0.170764 440 -0.0365889 0.0472238 6.42007 27.1322 -13 470 0 0 1
0.17276 -0.159111 440 0.0253833 -0.00935861 10.6758 32.2974 -13 480 0 0 1
-0.0561151 0.0554562 440 0.0128292 0.0210996 11.3709 17.9046 -13 485 0 0 1
0.0130836 0.145175 440 0.0485776 -0.0236727 3.91417 43.3274 -13 490 0 0 1
-0.00534677 0.0815509 440 0.0245686 -0.0146602 13.9344 15.9623 -13 492 0 0 1
-0.0276969 -0.08622 440 -0.0248972 0.00369257 14.4457 12.7497 -13 495 0 0 1
-0.106378 -0.192563 440 -0.00929473 0.0104314 11.195 31.4277 -13 504 0 0 1
0.11621 0.0368065 440 -0.00992543 -0.017913 11.4373 39.7318 -13 508 0 0 1
0.103724 -0.0306328 440 -0.0274241 0.0675368 8.185 39.9824 -13 509 0 0 1
0.0541677 -0.0668978 440 -0.0291592 -0.0151447 10.2376 39.5398 -13 515 0 0 1
0.0702126 -0.138919 440 -0.0358131 -0.00888544 11.6664 32.689 -13 519 0 0 1
-nan -nan -nan -nan -nan -nan -nan -13 521 0 0 1
0.420578 -0.209365 440 0.00367572 -0.0875647 9.70024 23.7678 -13 525 0 0 1
0.0340913 -0.400191 440 -0.0223816 0.00737919 10.4063 18.0974 -13 14 0 0 1
-0.187043 -0.0168287 440 -0.0146033 0.0264099 8.27989 36.6377 -13 19 0 0 1
0.0678752 -0.0638296 440 0.00310281 0.00618387 8.94183 33.2162 -13 26 0 0 1
-0.269465 0.102113 440 0.0241515 0.0957075 8.48389 24.1503 -13 32 0 0 1
-0.16965 0.105709 440 0.0599132 0.0148173 10.4014 43.3868 -13 37 0 0 1
-0.111975 0.12458 440 -0.00571443 0.0419548 8.88392 20.9715 -13 41 0 0 1
-0.13834 0.190936 440 0.0427472 -0.0153869 7.10052 39.3882 -13 59 0 0 1
-0.0150084 -0.147687 440 -0.0281994 -0.0576404 9.38046 29.7063 -13 62 0 0 1
0.217562 -0.00756633 440 -0.0110918 -0.0635591 7.37316 34.5568 -13 66 0 0 1
0.0305839 0.049991 440 -0.0110939 -0.017322 10.3506 16.8717 -13 72 0 0 1
0.0116268 0.0723031 440 0.0213966 0.023957 12.6819 37.6159 -13 79 0 0 1
0.255114 0.0748796 440 0.00986474 -0.0606503 9.95413 39.2902 -13 103 0 0 1
0.0834785 -0.0715755 440 -0.0162421 -0.0150246 13.5731 12.5476 -13 109 0 0 1
-0.203833 0.121106 440 -0.00636455 0.0247284 10.3136 44.6862 -13 116 0 0 1
-0.146117 0.516534 440 0.10927 0.0188677 10.9645 34.279 -13 119 0 0 1
0.905204 0.0265965 440 -0.022941 -0.181816 7.91889 47.9207 -13 121 0 0 1
0.044197 0.0152599 440 0.00957347 -0.0169196 11.4745 40.4739 -13 125 0 0 1
-0.0568745 -0.0246142 440 -0.00213647 -0.00154765 13.243 34.5805 -13 132 0 0 1
0.201835 0.0489307 440 0.0393336 -0.0277092 13.3603 16.3784 -13 135 0 0 1
-0.0355635 -0.0130374 440 0.00489466 0.018318 13.825 12.8154 -13 141 0 0 1
0.0855254 0.173238 440 0.0149839 0.0131791 14.136 35.687 -13 152 0 0 1
-0.221828 0.0294503 440 0.00429437 0.0110862 9.9578 41.2671 -13 155 0 0 1
0.0647536 -0.169553 440 -0.0414797 0.00132682 7.53437 29.7568 -13 160 0 0 1
0.0673642 0.161774 440 0.0195666 -0.067526 11.012 43.2254 -13 166 0 0 1
0.0577917 0.434921 440 0.0728613 0.0196902 11.8339 28.2263 -13 172 0 0 1
0.493954 0.099959 440 0.123501 -0.0688795 5.63485 39.3224 -13 178 0 0 1
-0.116928 0.0860628 440 -0.00945745 0.0187899 14.0181 16.956 -13 183 0 0 1
0.0616291 -0.029141 440 -0.000769903 -0.00671419 12.2506 19.1774 -13 191 0 0 1
-0.0314674 0.00914593 440 -0.0230966 -0.00560873 12.9393 26.8089 -13 199 0 0 1
0.160122 -0.353903 440 -0.0178642 -0.0441666 10.0396 34.8859 -13 226 0 0 1
0.15423 0.0868239 440 -0.0125916 -0.0145152 11.9753 14.8631 -13 230 0 0 1
-0.133243 0.531518 440 0.0824675 0.094018 6.24032 48.3526 -13 235 0 0 1
0.213213 -0.283656 440 -0.0225131 -0.0340412 10.5319 22.7447 -13 263 0 0 1
0.0447807 -0.248587 440 -0.0281063 -0.0111025 12.8018 36.2474 -13 265 0 0 1
0.018963 0.115806 440 0.0276055 -0.0354064 6.94356 41.5261 -13 291 0 0 1
-0.196112 0.203943 440 0.00625081 0.0227785 7.25571 44.8123 -13 295 0 0 1
-0.0139854 -0.051821 440 0.0045247 0.0468062 6.11384 31.3383 -13 318 0 0 1
0.0365405 -0.0281991 440 -0.0277994 -0.0333007 13.808 17.5234 -13 320 0 0 1
-0.21039 0.242591 440 0.0583785 0.0087495 12.7476 18.4388 -13 322 0 0 1
-0.067249 0.37731 440 0.0583633 -0.0170935 6.13727 33.1556 -13 323 0 0 1
-0.177465 0.209878 440 0.0271785 0.0331053 10.7195 35.3532 -13 326 0 0 1
0.535322 0.267927 440 0.0320719 -0.0709347 5.60118 28.8693 -13 331 0 0 1
-0.420596 0.173857 440 0.0357761 0.0311332 2.28166 86.6725 -13 343 0 0 1
0.0846934 -0.0488426 440 -0.0114155 -0.0145374 9.7303 17.1754 -13 345 0 0 1
0.205906 -0.105122 440 -0.0541746 -0.016061 10.6823 20.313 -13 380 0 0 1
-0.333684 -0.233392 440 -0.0481326 0.0924804 7.82336 32.9485 -13 381 0 0 1
-0.82602 -0.717312 440 -0.134767 0.0960725 13.4065 24.6832 -13 382 0 0 1
-0.0375625 -0.18562 440 -0.061251 0.0139009 14.1136 26.0337 -13 384 0 0 1
0.0262639 0.186534 440 -0.013413 -0.0245184 10.5601 18.3593 -13 460 0 0 1
-0.156376 -0.0994524 440 -0.0418749 0.0394871 9.92358 21.8248 -13 465 0 0 1
0.048958 0.0406024 440 0.0143977 -0.00476783 14.0773 14.8668 -13 467 0 0 1
0.00407565 -0.102296 440 0.0474993 0.029796 4.75162 49.802 -13 469 0 0 1
-0.0316831 -0.130888 440 -0.00309484 0.0150438 8.25347 34.6852 -13 474 0 0 1
-0.0176967 -0.0675281 440 0.00814425 0.00310588 11.7905 24.0976 -13 475 0 0 1
-0.0108862 0.140229 440 0.0115921 0.0180489 9.52753 33.1125 -13 477 0 0 1
-0.0220517 -0.0790632 440 -0.0083454 0.000734066 14.0527 40.7821 -13 483 0 0 1
-0.144624 0.0476647 440 0.0489777 0.0102473 5.34051 49.9045 -13 488 0 0 1
0.137914 0.0554589 440 0.0441916 -0.017729 13.8906 16.5977 -13 489 0 0 1
-0.0997302 -0.0266194 440 0.0157781 0.0194438 7.59197 45.8876 -13 491 0 0 1
-0.0872429 -0.102593 440 -0.0248784 -1.13188e-05 12.4372 37.9272 -13 493 0 0 1
-0.137635 0.200075 440 0.0153024 0.0102726 12.9671 36.1322 -13 494 0 0 1
0.170852 -0.397946 440 -0.0750977 0.00716407 10.6971 22.19 -13 496 0 0 1
-0.211069 0.30628 440 0.0581754 0.0511259 14.0567 12.731 -13 497 0 0 1
-0.0700929 -0.114663 440 -0.00437502 -0.00976901 13.6964 28.3504 -13 498 0 0 1
0.256718 0.00267005 440 -0.0653542 0.0411494 10.549 25.2956 -13 510 0 0 1
0.419959 0.374107 440 0.09588 -0.0340177 7.90588 25.8569 -13 514 0 0 1
-0.0857184 0.135205 440 0.00212134 -0.0020552 8.32331 41.8666 -13 530 0 0 1
-0.0443241 -0.00103732 440 -0.0216621 0.0154763 13.8486 40.9007 -13 532 0 0 1
-0.111579 -0.0982248 440 -0.0166626 0.0696902 8.55027 31.4155 -13 543 0 0 1
0.153804 -0.083322 440 -0.0258862 -0.0273081 10.6017 20.96 -13 551 0 0 1
0.032992 0.240553 440 0.0558018 0.030295 5.07516 32.3056 -13 554 0 0 1
0.0228236 0.0992358 440 0.0335332 0.0314135 13.5731 18.4553 -13 557 0 0 1
0.027534 0.330231 440 0.0146062 -0.0584957 5.176 56.5681 -13 561 0 0 1
0.349825 0.125651 440 0.0170557 -0.0608582 9.34714 28.8283 -13 566 0 0 1
-0.318448 0.0332944 440 -0.0304534 0.0871471 11.8419 39.6406 -13 568 0 0 1
-0.0607678 -0.141263 440 -0.0200933 -0.00170209 12.6513 26.2481 -13 571 0 0 1
0.198813 -0.163529 440 0.0356075 -0.00806331 7.0593 40.9922 -13 575 0 0 1
0.0199728 -0.110117 440 -0.0106247 0.0484709 13.9654 38.0694 -13 584 0 0 1
-0.0152874 0.111747 440 0.0544394 -0.041849 11.2365 22.3673 -13 585 0 0 1
0.108945 0.00885573 440 -0.0281631 -0.0116462 8.31893 31.8 -13 592 0 0 1
-0.0658772 0.0247617 440 0.0651939 -0.00256005 5.74781 54.0735 -13 593 0 0 1
0.0188872 0.301395 440 0.040733 -0.00523691 10.7588 44.15 -13 594 0 0 1
0.0833464 0.0483487 440 -0.00984014 0.0103726 10.043 30.5935 -13 595 0 0 1
-0.0402745 0.22535 440 0.00493436 0.0603387 8.13779 36.3227 -13 596 0 0 1
0.144994 -0.0882093 440 0.0392687 0.0263329 10.4251 27.155 -13 597 0 0 1
0.0562416 0.0323459 440 -0.00726459 -0.0125926 5.77407 33.9614 -13 599 0 0 1
-0.0155113 0.292746 440 0.0654818 0.0520737 6.86361 44.7702 -13 602 0 0 1
-0.905802 -0.372039 440 -0.0891972 -0.162373 9.26572 39.5235 -13 603 0 0 1
-0.297579 -0.194009 440 -0.034957 0.016504 7.55908 33.8783 -13 604 0 0 1
-0.0339317 0.163027 440 -0.0145105 0.0238217 4.93573 39.1209 -13 605 0 0 1
0.0796438 0.0184885 440 0.0035647 -0.022215 12.4495 29.379 -13 606 0 0 1
-0.0956438 -0.0675026 440 -0.0159426 0.039052 11.8869 19.2129 -13 607 0 0 1
-0.0439088 0.241138 440 0.0888673 -0.00198628 12.9377 27.2555 -13 608 0 0 1
-0.119339 -0.113868 440 -0.0213236 -0.00319208 11.8763 18.3994 -13 609 0 0 1
-0.020311 0.0194072 440 -0.00905525 -0.0297563 8.81095 25.2908 -13 610 0 0 1
-0.0212177 0.0710698 440 0.0118213 0.022041 10.3317 20.3794 -13 611 0 0 1
0.120641 0.0768893 440 -0.00702542 -0.030296 7.86566 31.996 -13 612 0 0 1
-0.231276 0.202773 440 0.0156957 0.0737247 12.4401 27.3625 -13 613 0 0 1
0.0958536 0.101071 440 0.00823368 -0.0205691 12.1218 15.5358 -13 614 0 0 1
0.827379 -1.69865 440 -0.217063 -0.0138069 3.75071 57.7011 -13 615 0 0 1
-0.193276 -0.0342645 440 0.00699496 0.0579952 3.83447 64.6648 -13 616 0 0 1
-0.0125214 -0.14393 440 0.000668016 0.00496545 10.8085 31.7411 -13 617 0 0 1
0.128782 -0.0576389 440 -0.00840908 -0.0038844 8.1104 39.2755 -13 618 0 0 1
0.484311 0.108812 440 -0.0190069 -0.0634172 4.79081 53.8204 -13 619 0 0 1
-0.297137 0.249013 440 -0.00626855 0.0746789 12.3653 32.5963 -13 620 0 0 1
-0.0122691 -0.227224 440 -0.0490254 -0.0139143 5.17786 32.4638 -13 621 0 0 1
0.594908 0.199968 440 -0.0496688 -0.106224 11.1621 42.3615 -13 622 0 0 1
0.112172 0.0376859 440 0.0091913 0.000125527 9.7354 30.5545 -13 623 0 0 1
0.0703461 0.122468 440 0.0104111 -0.00442177 14.1724 12.6398 -13 624 0 0 1
0.267794 0.0470967 440 0.0216976 -0.0274038 9.08455 33.3698 -13 625 0 0 1
-0.554064 0.553802 440 0.116046 0.11723 6.0386 34.1948 -13 626 0 0 1
0.0345432 0.103464 440 0.0241681 -0.0326655 9.42485 34.5448 -13 627 0 0 1
0.708418 -0.184932 440 0.00637663 0.095807 2.84608 67.5049 -13 628 0 0 1
0.191508 -0.00696453 440 0.0104675 -0.0333843 10.4528 21.4877 -13 629 0 0 1
-0.23956 -0.174653 440 -0.0395054 0.0456103 11.717 41.1685 -13 630 0 0 1
-0.0534098 -0.0267697 440 0.00681563 0.0347343 8.86494 45.5561 -13 631 0 0 1
-0.194133 0.0686367 440 0.000999536 0.0378422 14.0781 23.7153 -13 632 0 0 1
-0.118395 0.0164736 440 0.00939236 0.033938 8.35992 27.3082 -13 633 0 0 1
-0.202147 -0.064675 440 0.0139556 -0.0582726 4.81253 34.9874 -13 634 0 0 1
0.239038 -0.11338 440 -0.00338728 -0.024172 8.05671 36.9675 -13 635 0 0 1
-0.364115 0.582248 440 0.0728433 0.0588701 14.1359 18.7303 -13 636 0 0 1
0.0269429 -0.0442866 440 -0.0392404 -0.0160807 7.97887 41.7116 -13 637 0 0 1
-0.144644 0.508837 440 0.0645711 0.0739017 12.7097 28.5264 -13 638 0 0 1
0.133112 0.0420266 440 0.0107491 -0.0232242 14.0016 17.0025 -13 639 0 0 1
-0.153309 -0.0109224 440 -0.00419965 0.0085256 10.8956 15.8128 -13 640 0 0 1
-0.215943 -0.6827 440 -0.0841036 0.0940499 4.35759 44.7762 -13 641 0 0 1
-0.177416 -0.0389861 440 -0.0465921 0.0184301 7.15642 45.0876 -13 642 0 0 1
0.171402 -0.0203883 440 -0.0263528 -0.0158944 11.0475 15.143 -13 643 0 0 1
-0.312483 0.203719 440 0.0144915 0.0422804 13.7001 30.2297 -13 644 0 0 1
-0.0544389 -0.00781297 440 -0.00280112 0.0182124 9.73227 18.6725 -13 645 0 0 1
-0.0846724 -0.0494531 440 -0.00111107 0.00473077 13.7649 28.687 -13 646 0 0 1
-0.249086 0.0380492 440 0.023008 0.0308206 5.9914 53.1627 -13 647 0 0 1
0.324683 -0.0624041 440 -0.0230035 -0.0236984 4.09004 50.0786 -13 648 0 0 1
0.170099 0.990782 440 0.15297 0.331894 6.30917 35.2437 -13 649 0 0 1
0.142431 0.0980765 440 0.0161853 3.55722e-05 13.5306 16.0377 -13 650 0 0 1
-0.0319132 -0.121993 440 -0.00413059 0.0615206 10.0679 28.8267 -13 651 0 0 1
0.0799848 0.00887223 440 -0.0187214 0.0175414 10.4747 41.3066 -13 652 0 0 1
0.136 -0.065377 440 -0.0205922 -0.0156852 11.9816 30.9966 -13 653 0 0 1
-0.134113 -0.455252 440 -0.036936 0.0248446 12.268 25.4376 -13 654 0 0 1
-0.0532309 -0.0385356 440 -0.0157091 0.0470678 14.3557 33.4742 -13 655 0 0 1
-0.131131 0.153396 440 -0.00571722 -0.0200825 9.58137 32.7744 -13 656 0 0 1
0.195071 -0.107132 440 -0.00357397 -0.00854763 7.94942 41.7221 -13 657 0 0 1
0.338636 -0.499163 440 -0.0963024 -0.0606587 4.99421 47.1502 -13 658 0 0 1
-0.118155 -0.0240655 440 0.0123219 -0.00294064 14.4583 25.0335 -13 659 0 0 1
-0.0265654 -0.109872 440 -0.0355426 0.0101637 11.6922 36.1254 -13 660 0 0 1
0.119432 0.0252445 440 0.0198413 -0.0196888 10.6383 31.0321 -13 661 0 0 1
0.129006 0.218285 440 0.0374012 -0.0188738 12.1333 24.6315 -13 662 0 0 1
-0.0400388 0.124241 440 0.0109963 0.0385597 9.53712 45.8917 -13 663 0 0 1
0.0450019 -0.0651646 440 -0.047623 -0.0247584 8.19011 48.4585 -13 664 0 0 1
-0.190931 0.0798379 440 0.0296237 0.0144551 11.3429 16.099 -13 665 0 0 1
-0.023981 0.337884 440 0.0147935 0.00174171 11.7674 28.2485 -13 666 0 0 1
0.0922417 0.057479 440 0.0193814 -0.00607004 13.0932 25.1109 -13 667 0 0 1
-0.062858 0.0800684 440 0.0295878 0.0204892 6.65749 34.0423 -13 668 0 0 1
-0.232316 0.257646 440 0.0204359 -0.000267147 9.56356 34.42 -13 669 0 0 1
-0.0369386 0.0231864 440 -0.0116111 -3.24986e-06 13.5835 29.0823 -13 670 0 0 1
0.197759 0.222906 440 0.0289855 0.0181244 13.1423 31.9558 -13 671 0 0 1
-0.929637 0.106717 440 -0.00119963 -0.000574996 0.620525 399.111 -13 672 0 0 1
0.245977 -0.121874 440 -0.0134968 -0.049396 3.87934 52.6102 -13 673 0 0 1
-0.0719823 -0.088936 440 0.00505216 -0.000326256 12.5532 42.0943 -13 674 0 0 1
-0.0956215 0.163897 440 0.0280829 -0.0197385 7.18121 29.9823 -13 675 0 0 1
-0.0663295 0.117915 440 0.0152533 0.0309998 12.9013 38.5278 -13 676 0 0 1
-0.290774 -0.117766 440 -0.000470473 0.0283022 11.8337 20.3275 -13 677 0 0 1
0.00250178 0.102415 440 0.0213619 -0.018938 9.40279 32.6595 -13 678 0 0 1
0.226273 -0.232147 440 -0.0153153 -0.0334973 8.11452 32.2496 -13 679 0 0 1
-0.176995 -0.143154 440 -0.0385729 0.0258431 9.26798 35.7502 -13 680 0 0 1
-0.0432325 0.0429875 440 0.0196657 0.0242894 14.0673 14.2286 -13 681 0 0 1
0.223163 -0.022295 440 -0.00970881 -0.0261334 13.2623 13.2557 -13 682 0 0 1
0.263932 -0.159509 440 -0.0398768 -0.043009 12.9964 37.3106 -13 683 0 0 1
0.405701 0.191162 440 0.102868 -0.0475195 8.59083 34.9145 -13 684 0 0 1
0.0392952 -0.171093 440 -0.0159498 -0.064692 8.04242 27.1117 -13 685 0 0 1
0.0839772 -0.123061 440 -0.0116596 -0.0296472 11.6572 40.8619 -13 686 0 0 1
0.181284 -0.355208 440 -0.0161182 -0.0343381 9.00218 24.1549 -13 687 0 0 1
0.117653 -0.0469007 440 0.0039889 -0.0220286 12.8437 35.4621 -13 688 0 0 1
-0.00869434 -0.235278 440 -0.0842338 0.0136317 9.89308 38.6439 -13 689 0 0 1
-0.124378 0.0109664 440 -0.0125703 0.0750211 5.17594 49.441 -13 690 0 0 1
0.101666 -0.137114 440 -0.0390958 -0.00951899 12.3203 30.0821 -13 691 0 0 1
-0.312145 0.08515 440 0.0725066 0.0674294 7.46197 22.9298 -13 692 0 0 1
0.180846 0.0302812 440 0.0675462 0.00790168 12.7731 33.4189 -13 693 0 0 1
0.341324 0.102781 440 -0.0146094 -0.0128546 3.82808 50.0406 -13 694 0 0 1
-0.108112 -0.246873 440 -0.0259159 0.00113799 7.33416 32.4403 -13 695 0 0 1
0.789001 0.34556 440 -0.112381 -0.144048 6.67081 37.2569 -13 696 0 0 1
0.0689818 0.0101353 440 -0.000215318 -0.0510671 10.0133 34.3782 -13 697 0 0 1
0.262663 -0.0878606 440 -0.0301953 0.0174211 8.75106 26.0206 -13 698 0 0 1
0.205269 0.0639101 440 0.038292 -0.054057 13.3368 35.798 -13 699 0 0 1
-0.200041 0.348108 440 0.108789 -0.0821069 8.80485 28.506 -13 700 0 0 1
-0.378443 0.145461 440 0.0363481 0.0893856 9.02936 19.7333 -13 701 0 0 1
-0.0212018 -0.158723 440 -0.028084 0.0453386 12.2896 38.395 -13 702 0 0 1
0.0271655 -0.0545994 440 -0.00657289 -0.00790105 12.081 35.5097 -13 703 0 0 1
-0.0935021 0.0144031 440 -0.201101 0.109048 9.38582 25.6408 -13 704 0 0 1
-0.0401331 -0.0735713 440 0.00583972 0.00712577 10.1086 22.3992 -13 705 0 0 1
-0.191098 0.000540157 440 -0.0267933 0.0170823 9.57253 32.1218 -13 706 0 0 1
0.140171 0.213102 440 0.0445107 -0.00207822 13.8475 13.0612 -13 707 0 0 1
0.19787 -0.425806 440 -0.113363 0.00789115 10.537 33.2117 -13 708 0 0 1
0.120126 0.353543 440 0.154873 -0.0206952 3.67778 54.5183 -13 709 0 0 1
-0.125222 -0.0297471 440 0.0112909 0.0473077 7.94784 39.7479 -13 710 0 0 1
0.0366937 -0.0652241 440 -0.00646525 -0.0278422 14.1615 13.0656 -13 711 0 0 1
-0.0444111 -0.0412999 440 -0.000903094 -0.0119418 11.6089 33.5171 -13 712 0 0 1
0.144816 0.14819 440 -0.0290977 0.0299448 6.36927 46.4085 -13 713 0 0 1
0.30748 0.151324 440 0.0389744 -0.0029619 14.0461 32.6427 -13 714 0 0 1
-0.0188305 0.0268182 440 0.00657461 -0.00630722 12.3773 42.3205 -13 715 0 0 1
0.0308119 -0.389572 440 -0.0597593 0.0109018 13.1188 32.8824 -13 716 0 0 1
0.124676 0.0966053 440 -0.00370333 -0.0406428 10.6018 30.3695 -13 717 0 0 1
0.0501802 -0.0312421 440 -0.026254 -0.0611721 8.68323 26.2602 -13 718 0 0 1
-0.408713 -0.0301371 440 0.00282574 0.0503101 10.661 23.6284 -13 719 0 0 1
0.447145 0.0165872 440 -0.0640196 -0.065479 11.2772 42.7818 -13 720 0 0 1
-0.179381 0.0283688 440 -0.0276264 0.0448964 9.67564 42.1909 -13 721 0 0 1
0.0146712 0.0237487 440 0.0632099 0.0188365 5.04927 41.0684 -13 722 0 0 1
0.168428 0.0973767 440 0.0296814 -0.0256469 8.54709 21.9857 -13 723 0 0 1
0.282763 -0.525088 440 -0.104451 -0.0436569 4.90738 53.7166 -13 724 0 0 1
0.00142969 -0.190527 440 -0.0378165 -0.0201586 9.60725 28.3525 -13 725 0 0 1
-0.12239 0.415345 440 0.100278 0.0264425 13.5973 27.2856 -13 726 0 0 1
-0.226294 0.0713177 440 0.00694502 0.0534966 14.1477 16.3476 -13 727 0 0 1
-0.0375639 -0.568418 440 -0.0476765 -0.110862 3.23835 68.5995 -13 728 0 0 1
0.349736 0.0981512 440 0.00131001 -0.0748288 5.39565 39.7096 -13 729 0 0 1
-0.0656971 0.192929 440 0.023997 -0.00495462 11.1719 21.5626 -13 730 0 0 1
-0.134472 0.0408468 440 0.0197786 0.0463028 10.9732 17.5882 -13 731 0 0 1
-0.374129 0.0678096 440 0.0187142 -0.0697493 1.97039 80.9931 -13 732 0 0 1
-0.018337 -0.0331564 440 0.000282261 0.026598 4.64598 44.9039 -13 733 0 0 1
0.0543363 0.041429 440 0.0241052 0.0410266 13.6222 34.9979 -13 9 0 0 1
0.245992 0.567924 440 0.0645726 -0.0358497 2.03729 81.0827 -13 20 0 0 1
-0.156274 0.00860558 440 -0.0204109 0.0382238 14.3695 25.1994 -13 25 0 0 1
-0.0818579 0.0264557 440 -0.0158177 0.0432704 7.95974 32.8718 -13 86 0 0 1
0.182704 -0.0269742 440 -0.0353662 -0.0310784 9.58341 24.684 -13 98 0 0 1
-0.06569 0.0531436 440 0.0019432 0.0334077 13.5004 24.6571 -13 129 0 0 1
-0.13606 -0.0496794 440 -0.0300059 -0.00982029 7.23392 26.0425 -13 137 0 0 1
-0.290795 0.0977961 440 -0.0200656 0.0663571 11.2396 29.5361 -13 147 0 0 1
-0.00798404 0.176172 440 0.0334475 -0.011052 9.77236 19.3788 -13 163 0 0 1
0.0536813 -0.269552 440 -0.0849605 -0.0283321 8.93817 36.7781 -13 170 0 0 1
-0.0268008 0.0695365 440 0.0226837 -0.0187842 10.7846 29.1952 -13 176 0 0 1
-0.150048 0.0308797 440 0.0462506 0.036008 8.79567 44.6138 -13 181 0 0 1
0.0622253 0.0341889 440 -0.0188408 -0.00225821 11.5003 29.8345 -13 185 0 0 1
-0.0462317 0.0888503 440 0.0277369 0.00914627 10.3601 22.5181 -13 194 0 0 1
0.167073 -0.319672 440 -0.0545027 -0.0315657 5.40888 37.6275 -13 204 0 0 1
0.237791 -0.132017 440 0.00875252 0.0173903 3.19278 67.1628 -13 210 0 0 1
0.0628675 0.159262 440 0.0452439 -0.00168405 8.67419 21.7619 -13 223 0 0 1
-0.0264151 -0.18533 440 -0.026885 0.0134247 9.06389 43.7711 -13 231 0 0 1
-0.211649 0.105902 440 0.00180212 0.047055 12.4904 15.859 -13 234 0 0 1
0.0649343 -0.139858 440 -0.0153108 -0.00802606 12.8311 14.7305 -13 241 0 0 1
0.287422 -0.283835 440 0.0329599 -0.107442 12.9113 24.8221 -13 245 0 0 1
-0.717618 -0.0442228 440 -0.0262733 0.0599074 8.32003 23.6223 -13 254 0 0 1
0.0472712 -0.0192447 440 0.024288 -0.0103528 14.4662 16.5689 -13 259 0 0 1
0.0101792 -0.0666527 440 -0.00306202 -0.00427764 14.0641 33.957 -13 267 0 0 1
-0.00353902 -0.0109111 440 -0.0045436 0.00198408 14.4668 21.0906 -13 272 0 0 1
0.0160549 -0.0258357 440 -0.0247713 0.0072564 9.4897 34.3782 -13 289 0 0 1
-0.0876145 -0.0604625 440 -0.032418 -0.00261594 7.38557 50.3777 -13 293 0 0 1
1.01082 -1.4931 440 -0.0294803 -0.149957 0.661113 113.394 -13 298 0 0 1
-0.146261 -0.190997 440 -0.0157741 0.0258264 7.5703 36.8534 -13 302 0 0 1
-0.126772 0.0457419 440 -0.00608201 -0.0242249 7.89748 24.0485 -13 734 0 0 1
-0.0421135 0.192122 440 -0.00911316 -0.00294183 13.0402 36.0145 -13 740 0 0 1
0.00831364 0.0152452 440 0.0177611 -0.000679601 14.1779 26.9895 -13 759 0 0 1
-0.0504697 -0.0743067 440 -0.0184324 0.0235391 11.1538 40.6087 -13 763 0 0 1
-0.266037 0.0273919 440 0.0093006 0.0434842 8.60236 23.7571 -13 766 0 0 1
-0.200883 -0.53158 440 -0.0174672 -0.000727917 6.97119 27.2853 -13 769 0 0 1
0.127638 0.0958282 440 0.0162816 -0.0257219 12.9404 13.1224 -13 779 0 0 1
-0.126984 0.011171 440 0.0109279 0.0236005 10.0677 19.4199 -13 782 0 0 1
-0.0666166 0.0568043 440 -0.0130303 -0.0186003 11.4871 22.5648 -13 795 0 0 1
0.0163253 -0.0041042 440 -0.00345445 -0.00793747 13.7121 36.983 -13 798 0 0 1
-0.138244 -0.157961 440 -0.0834711 0.0480489 7.03092 42.3237 -13 803 0 0 1
-0.191522 0.0280185 440 -0.01735 0.0240842 13.6464 22.5173 -13 807 0 0 1
-0.296549 -0.000379095 440 0.0334677 0.0394343 10.824 30.9744 -13 810 0 0 1
0.298987 -0.015069 440 0.0053108 -0.0413583 13.2241 23.1673 -13 813 0 0 1
0.0657493 0.0530851 440 0.0127032 0.0962929 11.478 42.9449 -13 818 0 0 1
0.122258 -0.053778 440 0.00469738 0.0442628 8.45567 22.7001 -13 821 0 0 1
-0.325554 0.242438 440 0.0211562 0.053191 7.8452 48.1523 -13 835 0 0 1
-0.0615667 0.256015 440 0.0284353 0.0134417 11.1314 36.1193 -13 839 0 0 1
0.139258 -0.025038 440 0.00294025 0.00733626 6.20863 52.216 -13 842 0 0 1
-0.0510378 0.113798 440 0.0314118 0.0179971 13.4885 21.1153 -13 845 0 0 1
0.0129457 0.303416 440 0.0955931 -0.0749394 4.67613 42.4948 -13 847 0 0 1
-nan -nan -nan -nan -nan -nan -nan -13 864 0 0 1
0.477049 -0.168783 440 -0.0153099 -0.105701 5.5011 57.0261 -13 866 0 0 1
0.0728155 0.0607796 440 0.00492491 -0.0863044 5.14326 44.7444 -13 8 0 0 1
-0.225309 0.147828 440 0.00560284 0.0282765 14.5009 17.9996 -13 17 0 0 1
0.0394419 -0.00574664 440 0.000927621 -0.0203356 11.776 42.8941 -13 23 0 0 1
0.131635 -0.0986748 440 -0.0346634 -0.0381194 7.04249 43.8182 -13 29 0 0 1
-0.0473191 0.377918 440 0.021991 0.0119918 5.0603 57.0549 -13 35 0 0 1
-0.0750075 -0.300655 440 -0.0332685 -0.00782144 9.51143 26.9483 -13 39 0 0 1
0.345247 -0.258729 440 -0.0613043 -0.0163055 11.2612 33.0069 -13 44 0 0 1
0.399348 -0.303844 440 -0.0880653 -0.0435298 8.20015 20.7617 -13 53 0 0 1
-0.125212 -0.0798766 440 -0.016057 0.00800792 13.951 26.9705 -13 61 0 0 1
0.0207628 0.228441 440 0.0612084 -0.00261823 8.91777 30.4754 -13 64 0 0 1
-0.12023 0.0290025 440 0.016882 0.0729007 11.6861 17.5236 -13 71 0 0 1
0.00287544 -0.134333 440 -0.0394189 -0.0227451 13.552 25.4102 -13 78 0 0 1
-0.369035 -0.127952 440 0.0327758 0.141617 2.10789 85.9183 -13 87 0 0 1
0.053612 -0.0493893 440 -0.0270964 -0.0134926 12.8682 27.5601 -13 97 0 0 1
-0.0536933 -0.0316068 440 -0.011925 -0.0110617 13.5001 21.5904 -13 128 0 0 1
0.0938706 0.160265 440 0.0395154 -0.00558269 14.5479 30.0632 -13 133 0 0 1
0.397099 -0.694348 440 -0.0787731 -0.0645186 4.61359 38.7738 -13 138 0 0 1
-0.0286733 0.328785 440 0.0787306 0.00597945 11.0077 20.1614 -13 143 0 0 1
0.110914 0.218253 440 0.0543525 -0.00036784 9.47161 34.0564 -13 154 0 0 1
-0.105086 -0.137409 440 0.0106802 0.0420001 8.4246 29.1158 -13 158 0 0 1
0.0527883 -0.0100355 440 0.00537598 -0.0329729 14.22 31.5363 -13 164 0 0 1
-0.000734605 0.138619 440 0.0189504 0.0186765 13.0611 38.7526 -13 169 0 0 1
0.0680166 0.14557 440 0.0186116 -0.0770121 9.7982 39.9976 -13 174 0 0 1
0.0234119 0.0481985 440 0.0527801 0.0138012 7.14776 45.6171 -13 180 0 0 1
0.147574 0.0154483 440 0.0102109 -0.0253899 12.0897 19.0694 -13 192 0 0 1
0.110961 -0.116374 440 -0.0164636 -0.0213145 11.7012 43.1196 -13 196 0 0 1
-0.0887153 -0.00229049 440 0.00877061 0.0313514 9.24448 45.2293 -13 207 0 0 1
-0.163589 -0.0861311 440 0.00972322 -0.00570518 6.64722 38.9486 -13 211 0 0 1
0.0700063 0.23199 440 0.026405 -0.00354804 9.89956 28.3595 -13 216 0 0 1
0.584194 0.512314 440 0.152358 -0.0361921 9.72128 26.6996 -13 219 0 0 1
0.0218408 0.00282245 440 -0.000587087 -0.0121578 12.3499 33.8928 -13 225 0 0 1
-0.282238 -0.415744 440 -0.0602053 0.0200666 13.4306 22.7865 -13 229 0 0 1
0.320809 -0.0780309 440 -0.0699345 0.0339887 4.67018 53.4582 -13 236 0 0 1
-0.170635 0.123371 440 0.0287888 0.0315801 10.9208 30.9762 -13 242 0 0 1
-0.131969 0.412382 440 0.0245392 0.0132852 8.10255 28.5016 -13 246 0 0 1
-0.0891257 0.22923 440 0.0461617 -0.000312351 10.353 34.8547 -13 250 0 0 1
0.28512 0.262134 440 0.0543938 -0.0910672 11.2752 25.3448 -13 257 0 0 1
0.267423 0.155361 440 0.0256672 -0.0460818 12.9499 31.6668 -13 262 0 0 1
0.217995 0.0172645 440 -0.0195288 -0.0265081 12.2749 18.6806 -13 268 0 0 1
-0.082956 0.175181 440 0.0376414 0.00054784 8.12263 29.8753 -13 273 0 0 1
-0.0828305 -0.105557 440 -0.0131174 0.00314881 9.62167 41.6192 -13 277 0 0 1
-0.298651 0.0646019 440 0.0348481 0.0707589 6.28082 31.3193 -13 280 0 0 1
0.182992 0.071571 440 0.0192477 -0.0788748 7.19567 35.4569 -13 284 0 0 1
0.250666 0.0515863 440 0.0262182 -0.0174598 11.968 38.8949 -13 288 0 0 1
0.278985 0.485938 440 0.148539 -0.0589919 6.0117 41.1684 -13 296 0 0 1
-0.0606028 0.0745622 440 0.00361069 -0.0027642 11.9891 18.1832 -13 297 0 0 1
-0.0165195 0.0541508 440 -0.0149637 0.0135789 11.6423 26.8086 -13 303 0 0 1
0.142883 0.106848 440 0.0199027 -0.0136373 12.3854 19.5506 -13 308 0 0 1
0.116421 -0.0488536 440 -0.0134415 -0.00881003 12.1637 20.259 -13 312 0 0 1
0.0862506 0.242995 440 0.0498738 -0.016448 11.6312 17.6889 -13 315 0 0 1
-0.142262 -0.147701 440 -0.0328406 -0.0173138 4.27962 56.6906 -13 328 0 0 1
0.0267007 0.0990946 440 0.0112293 -0.00725225 14.2519 32.5523 -13 335 0 0 1
-0.623311 0.712529 440 0.0489736 0.168991 5.68717 41.2888 -13 336 0 0 1
-0.16896 0.0758528 440 0.00740049 0.0313381 13.7306 30.2088 -13 337 0 0 1
-0.161473 -0.146734 440 -0.0117027 0.0222177 9.65065 41.1323 -13 338 0 0 1
-0.115555 0.0665403 440 0.0263103 -0.0080284 9.28408 45.8565 -13 339 0 0 1
0.468278 0.00506804 440 -0.0476257 -0.0960202 0.654731 119.26 -13 340 0 0 1
0.0469782 -0.0817077 440 -0.0209799 0.000413564 13.2543 18.6128 -13 344 0 0 1
0.107181 -0.189427 440 -0.0401688 -0.0115046 11.8501 36.3704 -13 747 0 0 1
-0.20117 -0.0836274 440 -0.0175268 0.0380272 10.9053 20.9348 -13 771 0 0 1
-0.071109 -0.23767 440 -0.0799142 -0.0213122 8.52978 37.3232 -13 778 0 0 1
0.00821983 -0.0131127 440 0.0212404 -0.038412 6.90044 25.6496 -13 784 0 0 1
-0.177807 -0.0961566 440 -0.0386943 -0.0314999 8.92318 34.6781 -13 787 0 0 1
0.0961587 0.469068 440 0.0486476 -0.0163076 9.94675 43.1148 -13 790 0 0 1
-0.488246 0.24113 440 0.0504393 0.0758259 7.03913 32.1494 -13 808 0 0 1
0.091133 -0.238032 440 0.0297001 -0.0473848 5.63391 30.8409 -13 811 0 0 1
-0.145292 0.0386192 440 0.00479414 0.0280924 11.6646 41.2993 -13 815 0 0 1
-0.0822143 -0.333531 440 -0.0184944 0.0523951 6.26033 52.0732 -13 819 0 0 1
0.0461309 0.0181916 440 -0.00236139 -0.0151072 11.6942 42.438 -13 822 0 0 1
0.069738 0.0544157 440 0.0180621 0.00681924 14.56 32.1562 -13 824 0 0 1
-0.117252 -0.0573615 440 0.0381346 0.00505623 7.58802 34.2692 -13 826 0 0 1
0.179357 -0.319903 440 -0.0889502 -0.0452484 10.0667 42.4203 -13 829 0 0 1
-0.156725 0.316117 440 0.0385625 0.00727294 11.8479 35.3807 -13 836 0 0 1
-nan -nan -nan -nan -nan -nan -nan -13 841 0 0 1
-0.111114 -0.293153 440 -0.0169236 0.0112499 4.24433 59.4796 -13 844 0 0 1
-0.137536 0.0733346 440 -0.0110733 0.00341156 13.2383 16.8479 -13 10 0 0 1
0.104343 -0.122661 440 -0.0303108 -0.0282904 14.4244 33.7791 -13 21 0 0 1
-0.0229429 -0.104607 440 -0.0319395 0.0295823 8.33514 46.0644 -13 24 0 0 1
-0.479181 -0.211399 440 -0.00825321 0.0930646 13.6342 13.999 -13 30 0 0 1
-0.142832 -0.578497 440 -0.0532479 0.0171302 8.5938 42.6148 -13 36 0 0 1
0.147182 -0.0764595 440 -0.0261892 -0.00192776 10.9259 35.1838 -13 40 0 0 1
0.0460182 0.136135 440 -0.0357532 -0.00181692 4.27651 63.0942 -13 50 0 0 1
0.111986 -0.0142423 440 -0.0483455 -0.0555343 3.05141 52.4581 -13 54 0 0 1
-0.36292 -0.0922878 440 -0.00763145 0.0715019 5.05748 35.6466 -13 65 0 0 1
0.938613 0.957482 440 0.127796 -0.15498 7.77629 48.0984 -13 75 0 0 1
-0.38184 -0.215527 440 -0.0168893 0.0487643 9.86006 34.9846 -13 83 0 0 1
-0.154357 -0.0678293 440 -0.0474464 0.036656 7.35236 34.1706 -13 108 0 0 1
0.258791 0.271445 440 0.0574475 -0.00515408 7.68486 24.5821 -13 112 0 0 1
-0.236367 0.0980516 440 0.0355769 0.0761434 8.06207 26.3694 -13 114 0 0 1
-0.0301995 0.00905365 440 -0.0268511 0.0162741 14.3925 31.8723 -13 144 0 0 1
0.0313498 0.406539 440 0.103551 -0.0485597 8.58625 35.1519 -13 188 0 0 1
0.0440314 -0.0550399 440 -0.00239478 -0.00706003 11.6034 35.5888 -13 201 0 0 1
-0.0246283 -0.0854108 440 0.0225599 -0.0211885 13.7082 24.7071 -13 209 0 0 1
0.326658 0.0586498 440 -0.0302561 0.0979499 4.02994 51.2236 -13 215 0 0 1
0.502254 0.855587 440 0.0717153 -0.018413 5.19928 44.9228 -13 218 0 0 1
-0.0533691 -0.0276973 440 0.000683008 -0.00280004 12.6234 32.4588 -13 227 0 0 1
0.173503 -0.262189 440 -0.0461545 -0.0281141 12.779 24.2876 -13 239 0 0 1
-0.416317 -0.500673 440 -0.0941144 0.00260954 8.69362 41.74 -13 244 0 0 1
-0.0120287 -0.0679955 440 -0.0162366 0.0145717 12.3528 23.7655 -13 249 0 0 1
0.0343248 -0.0913175 440 0.0166612 -0.0113478 11.931 34.66 -13 253 0 0 1
0.0664361 -0.202204 440 -0.045673 -0.0187692 12.2522 13.8567 -13 256 0 0 1
-0.0302822 -0.0211385 440 0.00223045 0.0370121 11.7303 30.399 -13 258 0 0 1
0.284687 -0.128013 440 -0.0137816 -0.0515633 11.802 25.4226 -13 269 0 0 1
-0.0482643 0.0291226 440 -0.00434765 0.0203114 12.6138 39.7532 -13 274 0 0 1
-0.00351945 0.0235007 440 0.0310251 -0.0206784 13.7539 24.4608 -13 278 0 0 1
-0.275782 -0.28152 440 -0.082015 0.0407687 8.14638 39.4466 -13 281 0 0 1
0.56533 0.647598 440 0.105385 -0.124952 3.02044 74.6202 -13 285 0 0 1
-0.114583 -0.0711059 440 -0.0325513 0.0212791 13.2577 15.4159 -13 292 0 0 1
-0.164892 -0.124321 440 -0.0213369 0.0138294 8.24851 45.7518 -13 301 0 0 1
0.432028 0.323432 440 0.135207 -0.043286 4.32928 46.3828 -13 307 0 0 1
-0.313453 -0.42077 440 -0.096847 0.00203222 5.70661 36.7712 -13 310 0 0 1
0.184179 0.381025 440 0.0616416 0.00119129 9.07197 24.0702 -13 316 0 0 1
-0.354078 0.371111 440 0.00845746 0.127569 0.736263 111.455 -13 324 0 0 1
-0.268044 -0.0544102 440 -0.0473411 0.037554 12.4594 26.0511 -13 327 0 0 1
0.0573809 0.164258 440 0.0276772 0.0040931 10.9789 31.297 -13 735 0 0 1
0.2643 2.24495 440 0.539211 0.777104 2.79278 56.9413 -13 744 0 0 1
0.159653 0.156598 440 0.0391779 -0.0201723 8.56319 44.4485 -13 746 0 0 1
0.00430116 -0.0416101 440 0.00280886 0.0117728 12.8746 33.4903 -13 768 0 0 1
-0.0434665 -0.151865 440 -0.0100573 -0.00302412 11.4311 18.9858 -13 773 0 0 1
-0.0857617 -0.00124454 440 -0.013371 0.0258737 13.4014 15.7932 -13 774 0 0 1
0.177934 -0.0336414 440 0.0398625 -0.0821901 11.6462 18.3115 -13 781 0 0 1
0.0635514 0.173326 440 -0.0120617 0.00862494 9.58406 35.6571 -13 786 0 0 1
0.0647099 0.000176849 440 -0.00600771 0.00500898 14.1664 26.6922 -13 789 0 0 1
-0.0655536 -0.596139 440 -0.157146 0.113961 3.01016 55.7398 -13 806 0 0 1
-0.426866 0.148837 440 0.0115708 0.102592 10.3561 22.7892 -13 897 0 0 1
-0.0764191 -0.0774092 440 0.00085973 0.0323047 11.4326 15.9263 -13 900 0 0 1
-0.206399 -0.0131913 440 -0.0158818 0.0451579 8.64164 20.9129 -13 902 0 0 1
0.058358 0.127843 440 0.0311438 -0.0149382 12.5558 20.5116 -13 904 0 0 1
0.191244 0.162939 440 0.0265882 -0.075046 10.4675 35.2392 -13 906 0 0 1
-0.0297387 0.330432 440 0.0345339 -0.00127724 12.9366 15.9897 -13 908 0 0 1
0.243179 0.182072 440 0.0294375 0.000184734 7.26005 36.8733 -13 909 0 0 1
-0.150069 0.0621289 440 0.00745475 0.0435566 11.8367 15.6719 -13 912 0 0 1
0.0532921 -0.101966 440 -0.0527508 -0.0175484 10.2972 17.6513 -13 914 0 0 1
0.125478 -0.00699096 440 0.0376486 -0.02675 9.11692 23.9404 -13 915 0 0 1
-0.0983291 -0.0441334 440 -0.0267142 0.0205789 13.8034 30.6162 -13 916 0 0 1
0.0661355 -0.0272059 440 0.0145282 0.00359361 12.4925 32.5502 -13 917 0 0 1
-0.051091 0.298333 440 0.0392902 -0.0609362 12.8451 36.7618 -13 918 0 0 1
0.569133 -0.154952 440 -0.0434126 -0.0977522 3.87828 44.9455 -13 919 0 0 1
0.158938 -0.0722924 440 0.0202923 -0.0333859 8.64329 21.7367 -13 920 0 0 1
0.16887 0.023263 440 -0.0038432 -0.0283427 12.8766 33.6726 -13 922 0 0 1
-0.0533702 -0.0548291 440 0.00205315 0.0116956 13.6201 25.8418 -13 924 0 0 1
-0.20301 -0.258248 440 -0.03322 0.00316367 12.8082 13.5151 -13 926 0 0 1
0.0395928 -0.102563 440 -0.0186214 -0.00753958 11.7873 37.3838 -13 928 0 0 1
0.0430974 -0.0982125 440 0.0027273 0.0108442 13.5491 18.6317 -13 929 0 0 1
0.203934 -0.262049 440 -0.00799692 -0.0337912 12.7302 30.9818 -13 930 0 0 1
0.000427007 0.0568181 440 0.00743274 -0.00648881 11.4483 43.1557 -13 932 0 0 1
-0.129055 0.27315 440 0.0301952 0.0304902 8.60078 30.9351 -13 934 0 0 1
0.121629 0.0186134 440 0.0195608 -0.0261682 12.447 26.5716 -13 936 0 0 1
0.00315141 -0.365082 440 -0.0856177 -0.0202076 4.62748 37.625 -13 938 0 0 1
0.0155402 0.0952536 440 0.0259706 0.0177172 5.95847 30.583 -13 940 0 0 1
0.117032 -0.595679 440 -0.0373576 -0.00642624 2.32856 78.5902 -13 942 0 0 1
0.190473 -0.00610042 440 0.0171459 -0.0644395 5.7267 50.6006 -13 944 0 0 1
0.0855847 -0.0123832 440 0.00595371 -0.00603028 8.41713 30.8927 -13 51 0 0 1
-0.0281142 -0.0830507 440 -0.0437834 0.0130453 8.72128 41.1914 -13 81 0 0 1
-0.368097 -0.135277 440 0.0361914 0.0710101 6.65716 51.3094 -13 92 0 0 1
-0.109211 -0.114974 440 -0.0174836 0.0492034 12.3254 13.9748 -13 100 0 0 1
-0.233072 0.00528045 440 -0.00928497 0.0893226 7.39707 34.643 -13 148 0 0 1
0.0322929 0.0669111 440 0.0450519 -0.0946473 4.83648 36.082 -13 187 0 0 1
-0.697378 -0.162751 440 -0.0382783 0.00602375 0.552116 384.674 -13 206 0 0 1
-0.258399 0.0859543 440 -0.00862206 0.0444554 8.98249 46.6745 -13 213 0 0 1
-0.164473 -0.159011 440 -0.0217686 0.0244165 11.9023 34.1348 -13 739 0 0 1
0.258926 -0.0430945 440 -0.0458607 -0.0540951 4.16641 60.0507 -13 742 0 0 1
-0.0782878 0.000904162 440 0.02278 -0.0272453 7.1999 34.5203 -13 757 0 0 1
-0.148716 0.0663741 440 -0.0596849 -0.077659 6.36847 31.6076 -13 761 0 0 1
-0.0427803 -0.280525 440 -0.0362254 -0.0182963 5.86642 34.0664 -13 765 0 0 1
-0.00787537 0.0172958 440 0.0149703 0.00975597 12.6431 42.0011 -13 767 0 0 1
0.104204 0.102991 440 0.00871725 -0.0441812 13.6393 18.7428 -13 770 0 0 1
0.0420399 -0.0233745 440 -0.00573049 0.00893286 11.851 25.2846 -13 776 0 0 1
0.127342 -0.0973941 440 -0.0228521 0.0100934 9.56182 21.3101 -13 780 0 0 1
-0.101662 0.147155 440 -0.0399855 -0.0196603 7.46616 33.7509 -13 794 0 0 1
0.394243 0.80675 440 -0.0371128 -0.184753 8.87471 40.8631 -13 796 0 0 1
0.0359277 -0.0496142 440 -0.0457931 0.0243789 13.551 14.4422 -13 800 0 0 1
-0.0979058 -0.0666819 440 -0.00479878 0.066218 13.0081 20.0897 -13 804 0 0 1
-0.0273206 -0.255405 440 -0.07932 -0.013802 14.0827 40.6586 -13 830 0 0 1
0.0367184 0.310463 440 0.0558803 -0.0176876 9.01778 47.1039 -13 833 0 0 1
0.0926993 -0.549398 440 -0.163756 0.0198541 0.853402 110.386 -13 852 0 0 1
-0.0979298 0.0710991 440 0.026164 0.00245484 11.5618 37.5957 -13 855 0 0 1
-0.0842328 0.155544 440 0.0252121 0.0382772 11.4139 22.1141 -13 47 0 0 1
-0.5851 -0.104549 440 -0.0720545 0.081059 6.40348 38.1715 -13 84 0 0 1
0.220739 -0.387966 440 -0.0445797 0.0228404 5.76391 35.7962 -13 94 0 0 1
-0.022826 -0.0465267 440 -0.0353236 -0.0108898 10.3173 43.5123 -13 106 0 0 1
-0.0673144 -0.193636 440 -0.0234171 0.0148588 9.8486 19.9636 -13 111 0 0 1
0.121371 -0.0212238 440 0.0181078 -0.0319216 13.2287 31.7653 -13 115 0 0 1
-0.365695 -0.13242 440 -0.0554881 0.0855669 8.11115 23.0524 -13 151 0 0 1
-0.83369 0.355433 440 0.238603 0.108673 5.75896 28.2262 -13 189 0 0 1
0.118847 0.0367567 440 -0.0396318 -0.00194542 7.19347 33.1415 -13 205 0 0 1
0.183059 0.0628769 440 0.0291241 -0.0193418 13.9495 12.9605 -13 212 0 0 1
-0.0138497 -0.164263 440 -0.0246143 0.0213784 9.46378 29.8756 -13 217 0 0 1
0.041321 0.0225034 440 -0.00906307 0.00490689 13.3238 23.8813 -13 220 0 0 1
0.0245608 -0.234091 440 -0.0451553 -0.0637962 3.39769 52.1101 -13 221 0 0 1
-0.349712 -0.0449885 440 0.00991161 0.0650488 12.7284 17.9893 -13 240 0 0 1
-0.252032 0.0935861 440 -0.00172676 0.0435468 11.6449 24.2297 -13 247 0 0 1
-0.222158 0.213234 440 0.0304736 0.0696406 8.32633 45.2077 -13 251 0 0 1
-0.149311 -0.0851887 440 -0.0358624 0.0507205 13.8375 26.6891 -13 261 0 0 1
-0.0130581 0.169369 440 0.0388343 -0.00985726 11.3279 38.6446 -13 266 0 0 1
0.05354 0.0404674 440 0.0459641 0.0182007 7.31495 48.9979 -13 271 0 0 1
-0.197702 -0.429615 440 -0.0379431 0.0215369 8.80936 37.6904 -13 275 0 0 1
-0.0300163 0.126963 440 0.0114542 -0.00893079 13.3529 32.6824 -13 279 0 0 1
0.385285 -0.235063 440 0.00494294 -0.106212 10.715 22.1688 -13 283 0 0 1
-0.026588 0.0444596 440 0.0187339 -0.0201439 6.8034 49.1728 -13 286 0 0 1
-1.96138 -0.473068 440 -0.539727 0.0586841 3.25994 71.4904 -13 300 0 0 1
-0.147734 0.243956 440 0.0241511 0.0425246 11.0583 24.6492 -13 305 0 0 1
0.14292 0.0857903 440 0.0343017 -0.00163383 14.0072 28.7387 -13 311 0 0 1
-0.0908739 -0.090001 440 0.0320329 0.0393127 13.8086 13.3665 -13 314 0 0 1
-0.144552 -0.0829245 440 -0.0357894 0.047008 8.97836 25.9555 -13 330 0 0 1
0.235298 -0.194198 440 -0.0129381 -0.0207215 9.84924 27.5409 -13 333 0 0 1
0.0138419 0.116237 440 -0.0081716 0.000453895 12.8506 15.215 -13 334 0 0 1
-nan -nan -nan -nan -nan -nan -nan -13 342 0 0 1
-0.163802 -0.108381 440 -0.0215138 0.0035954 12.1078 27.9741 -13 347 0 0 1
0.254014 -0.0732746 440 -0.0100458 -0.0300061 11.5017 28.7097 -13 745 0 0 1
-0.0306138 -0.0340051 440 -0.0136205 -0.0303335 10.4471 37.0272 -13 750 0 0 1
0.00756251 -0.160744 440 -0.0321016 -0.0670552 10.806 17.6296 -13 753 0 0 1
-0.308615 0.0754923 440 0.0134287 0.0502063 10.6878 27.5716 -13 777 0 0 1
-0.01171 0.278438 440 0.0390282 -0.0348416 4.98485 45.41 -13 785 0 0 1
-0.0936768 0.0661252 440 0.0240498 0.0174976 12.3553 31.354 -13 788 0 0 1
-0.141275 0.0172754 440 -0.00870693 0.00529616 11.4198 31.1268 -13 793 0 0 1
-0.3697 0.110061 440 -0.0158656 0.0640497 6.52527 26.2978 -13 812 0 0 1
-0.0446541 -0.21997 440 -0.0526782 0.0270614 5.32051 53.7331 -13 817 0 0 1
0.0685555 -0.042284 440 -0.0338647 -0.0225165 13.3949 18.9548 -13 820 0 0 1
-0.0940013 -0.306254 440 -0.0716152 0.00734823 12.6045 36.0777 -13 823 0 0 1
0.146104 -0.0558481 440 -0.0243552 0.00759427 14.4502 37.33 -13 825 0 0 1
0.168662 0.216621 440 0.0524273 -0.0641327 8.64145 45.2288 -13 828 0 0 1
0.08286 0.280968 440 0.0230256 0.00814465 8.42305 25.9362 -13 831 0 0 1
0.0602225 0.127933 440 -0.0088507 0.00159219 5.39259 53.3385 -13 834 0 0 1
0.0137839 -0.161681 440 0.174941 0.0489553 8.29892 26.3622 -13 843 0 0 1
0.104557 0.166227 440 0.0453174 -0.00179543 12.2937 29.8899 -13 846 0 0 1
-0.172347 0.215014 440 0.149106 -0.064601 4.69636 60.2911 -13 848 0 0 1
0.243588 -0.110544 440 -0.0389967 -0.0378108 9.57434 19.1076 -13 849 0 0 1
-0.0403099 0.0051241 440 0.0153512 0.026547 8.89006 25.9834 -13 851 0 0 1
0.0631933 -0.0542381 440 -0.0483015 0.16882 4.82816 35.9294 -13 853 0 0 1
0.119908 -0.0635251 440 0.00661909 -0.0246577 12.9582 24.2276 -13 859 0 0 1
-0.0760148 0.146747 440 0.0117916 0.032031 14.0834 17.837 -13 921 0 0 1
0.35614 -0.324156 440 -0.0795262 -0.0265166 3.90082 66.6855 -13 923 0 0 1
-0.115516 -0.218419 440 -0.0411893 -0.0168768 13.9654 40.1114 -13 925 0 0 1
0.175066 -0.12528 440 -0.00601117 0.0184076 4.8465 47.0366 -13 927 0 0 1
-0.091381 -0.0570927 440 0.0198021 0.00467126 13.307 33.496 -13 931 0 0 1
-0.0510302 0.117551 440 0.00753405 0.00788511 13.6124 25.3338 -13 933 0 0 1
0.425026 0.418177 440 0.00876811 -0.0761051 10.4255 36.8103 -13 935 0 0 1
-0.0385681 -0.17371 440 -0.0362623 0.00125373 12.5353 40.2579 -13 937 0 0 1
0.0445376 -0.014135 440 0.012738 0.0152221 13.8458 21.7553 -13 939 0 0 1
-0.0763541 0.00631741 440 -0.0295723 0.0210848 12.2851 29.0934 -13 941 0 0 1
-0.41275 0.135274 440 0.00709213 0.0509346 10.4963 40.2778 -13 943 0 0 1
0.694828 -0.295001 440 0.0659842 -0.128527 3.87048 65.4548 -13 945 0 0 1
-0.0984678 -0.0249424 440 -0.00503 0.0167231 14.3047 24.2623 -13 946 0 0 1
-0.190387 0.107638 440 0.0384939 0.0190786 10.4883 20.5188 -13 947 0 0 1
0.355599 -0.2382 440 -0.00268225 -0.0762763 7.72091 25.7029 -13 948 0 0 1
-0.0628644 -0.0736726 440 -0.0205341 -0.00125295 12.484 33.9803 -13 949 0 0 1
0.13854 -0.330543 440 -0.0482835 0.0212016 3.22927 47.6662 -13 950 0 0 1
-0.0248508 0.00923759 440 0.054926 -0.0234495 5.33139 36.4123 -13 951 0 0 1
-0.75009 -0.772893 440 -0.0136978 0.106664 4.02353 62.9073 -13 952 0 0 1
-0.0332812 -0.0775919 440 -0.0362647 -0.00459067 9.87109 23.157 -13 953 0 0 1
0.214419 0.891676 440 0.13442 -0.0532887 6.76003 43.3058 -13 954 0 0 1
0.127737 0.445661 440 0.057922 -0.0245753 7.37655 38.5811 -13 955 0 0 1
-0.0816532 0.125351 440 0.0440914 0.0833396 6.85569 30.3148 -13 956 0 0 1
-0.00866731 -0.134283 440 -0.0355373 0.000845515 14.0623 30.4386 -13 957 0 0 1
0.361852 0.268022 440 0.0574721 -0.0271018 11.8493 27.8873 -13 958 0 0 1
-0.0472876 0.144581 440 0.0369365 -0.000726894 10.4081 36.0277 -13 959 0 0 1
-0.0664587 -0.017621 440 0.00154205 0.0171578 14.4411 20.7548 -13 960 0 0 1
0.536088 0.0372645 440 -0.0651114 -0.0850408 1.7429 79.1128 -13 961 0 0 1
-0.108586 0.11308 440 0.000518964 0.00921913 11.8172 32.6939 -13 962 0 0 1
-0.154778 -0.090061 440 0.0357253 -0.000871161 8.9265 30.6786 -13 969 0 0 1
-nan -nan -nan -nan -nan -nan -nan -13 970 0 0 1
0.0146692 -0.000143666 440 -0.0326628 0.015265 13.2487 26.2215 -13 971 0 0 1
-0.011119 -0.0895219 440 -0.00547947 -0.00931972 10.3742 19.536 -13 31 0 0 1
-0.20125 -0.144182 440 -0.00170701 -0.00434576 3.45025 68.3304 -13 33 0 0 1
-0.046548 0.0400682 440 0.0291477 0.0111233 11.8505 36.9077 -13 38 0 0 1
0.187736 0.00305939 440 0.0226899 -0.028763 14.4213 22.9941 -13 43 0 0 1
-0.421817 0.132716 440 0.0567942 -0.0219463 6.74252 33.5472 -13 48 0 0 1
0.102739 -0.066141 440 -0.0137481 -0.0171381 8.29672 40.6648 -13 60 0 0 1
-0.240685 0.0933794 440 0.0191872 0.0252787 10.6568 34.4625 -13 68 0 0 1
0.151446 -0.0425439 440 0.00947971 -0.0270625 10.7339 29.5864 -13 74 0 0 1
-0.0814961 0.105418 440 0.036815 0.01489 13.2024 35.2659 -13 82 0 0 1
0.284159 0.25026 440 0.0434125 -0.0361392 7.1173 49.4327 -13 91 0 0 1
0.0469976 -0.248073 440 -0.052731 -0.0372424 10.7727 26.5969 -13 95 0 0 1
-0.141163 0.0411746 440 -0.00080748 0.0308735 11.5757 18.9417 -13 117 0 0 1
-0.169475 0.0195208 440 0.00700952 -0.0110501 4.938 53.2666 -13 123 0 0 1
0.248505 -0.0802966 440 0.0021157 0.021706 9.64496 22.4185 -13 127 0 0 1
-0.140438 0.250273 440 -0.0248576 -0.00288725 10.4407 37.5418 -13 130 0 0 1
-0.138073 -0.0740906 440 0.000955295 0.0496758 11.4943 33.6464 -13 139 0 0 1
-0.079673 0.244027 440 0.0445848 0.0516293 13.8487 32.2347 -13 150 0 0 1
-0.0909635 0.161683 440 0.0160541 0.0166592 11.9787 30.1579 -13 156 0 0 1
-0.167203 0.231976 440 0.0949088 -0.134948 9.79428 31.6072 -13 162 0 0 1
-0.079101 -0.0438033 440 -0.0007257 0.00699066 9.88256 21.109 -13 167 0 0 1
0.0134418 -0.0549348 440 0.00423214 -0.00854152 13.062 13.5319 -13 173 0 0 1
-0.343489 0.0542259 440 0.0328715 0.0345414 5.55281 44.5571 -13 179 0 0 1
-0.0694711 -0.163301 440 -0.0216128 0.0111554 8.42761 24.579 -13 190 0 0 1
0.275989 0.656686 440 0.110663 -0.023434 1.47681 90.006 -13 200 0 0 1
-0.0226912 0.152614 440 0.0396145 0.00752192 8.9064 24.8469 -13 222 0 0 1
0.419757 -0.0496848 440 -0.018355 -0.105528 8.24087 39.5813 -13 737 0 0 1
0.22542 -0.0984613 440 -0.0349842 0.0130236 8.32511 20.8427 -13 743 0 0 1
-0.24559 -0.0623998 440 0.00416006 0.0018051 12.1073 14.772 -13 749 0 0 1
0.361746 0.349928 440 -0.0562649 -0.0502074 6.54909 28.292 -13 752 0 0 1
-0.16399 -0.317824 440 -0.0473946 0.0645635 8.66776 43.8089 -13 754 0 0 1
-0.10413 -0.27954 440 -0.0541734 -0.0195418 7.9387 27.3284 -13 755 0 0 1
-0.133395 -0.0451712 440 0.00104569 0.0356985 7.94478 22.6099 -13 758 0 0 1
-0.419834 -0.73297 440 -0.104435 0.0708428 8.08913 40.0125 -13 760 0 0 1
0.13433 -0.114428 440 0.0478208 -0.0506507 9.86215 27.2191 -13 764 0 0 1
0.294388 -0.155509 440 -0.031206 -0.0495056 11.7774 41.96 -13 792 0 0 1
0.0105518 0.0180879 440 -0.0129692 -0.0570318 14.0082 36.441 -13 797 0 0 1
0.425747 -0.0291982 440 0.0387887 -0.0571482 5.75141 32.1231 -13 801 0 0 1
0.235783 0.26966 440 0.0362675 0.0262077 3.87565 67.8855 -13 827 0 0 1
-0.162763 -0.148841 440 -0.0659088 0.0832133 13.7834 25.451 -13 832 0 0 1
0.329229 -0.216629 440 -0.0170094 -0.0599371 10.8094 24.1109 -13 837 0 0 1
-0.019257 -0.0668271 440 -0.00439103 -0.0243469 12.3763 35.2371 -13 850 0 0 1
-0.103971 0.0303567 440 -0.0158432 0.00606248 11.4788 17.5585 -13 854 0 0 1
-0.0688319 -0.232953 440 -0.0381057 0.0107882 14.3335 19.5951 -13 857 0 0 1
0.0209071 0.244835 440 0.051081 -0.004899 13.0419 37.3138 -13 860 0 0 1
-0.0786016 0.0760944 440 0.0470848 0.00262788 11.1816 17.5157 -13 861 0 0 1
0.101129 -0.0389381 440 -0.00258324 0.00158056 3.82677 46.1165 -13 863 0 0 1
0.0185515 -0.344457 440 -0.0512514 0.0061861 6.91647 36.3939 -13 865 0 0 1
0.0913313 -0.137468 440 -0.0218067 -0.0417621 9.19896 38.2063 -13 869 0 0 1
0.0198008 0.084214 440 0.0445292 -0.0178654 12.3717 28.3141 -13 870 0 0 1
-0.0972568 0.205227 440 0.0366323 0.0347841 13.7388 34.1026 -13 871 0 0 1
-0.316993 0.374151 440 0.139527 0.132277 5.1946 50.337 -13 872 0 0 1
0.386671 0.21454 440 0.0150948 -0.0130753 4.56461 39.6906 -13 873 0 0 1
-0.175028 -0.279758 440 0.0593665 -0.0076305 4.85331 45.261 -13 874 0 0 1
0.41406 -0.134586 440 0.00280812 -0.104861 3.27319 46.9549 -13 875 0 0 1
-0.22683 -0.0799442 440 -0.0440265 0.0403038 11.7781 25.4402 -13 876 0 0 1
-0.109142 0.448303 440 0.0485673 0.0321639 9.17713 40.3619 -13 877 0 0 1
-nan -nan -nan -nan -nan -nan -nan -13 878 0 0 1
-0.0700632 0.141634 440 0.00995169 0.0199339 14.2411 37.4949 -13 879 0 0 1
-nan -nan -nan -nan -nan -nan -nan -13 193 0 0 1
2.19568 -0.817173 440 -0.212663 0.307106 0.122665 383.035 -13 197 0 0 1
0.271148 -0.0258895 440 0.0375163 -0.00214494 8.41675 41.8776 -13 738 0 0 1
0.052347 -0.0659003 440 -0.0327849 0.00189547 12.9413 18.0058 -13 880 0 0 1
-0.178264 0.0531198 440 0.0155925 0.0454596 14.5349 23.8215 -13 881 0 0 1
0.361823 0.342267 440 0.00316188 -0.115112 6.44402 45.7024 -13 882 0 0 1
-0.0864768 -0.032101 440 -0.0659739 0.0167485 7.13581 46.3208 -13 883 0 0 1
0.193532 -0.253629 440 -0.0580178 -0.00607422 5.73536 44.5713 -13 884 0 0 1
0.237549 -0.132625 440 -0.027072 -0.0369525 12.5655 14.5528 -13 885 0 0 1
-0.0333938 0.000733102 440 -0.0306306 0.034756 8.48709 25.4868 -13 886 0 0 1
-0.0401201 0.0466719 440 0.0145032 -0.0043742 8.53506 19.3621 -13 887 0 0 1
-0.182563 -0.0908684 440 -0.038559 -0.00362519 8.56855 38.018 -13 888 0 0 1
-0.0961424 -0.14732 440 -0.0462598 0.00504998 11.3128 38.9764 -13 889 0 0 1
0.246995 1.59606 440 0.242894 0.035151 10.8464 26.6452 -13 890 0 0 1
0.149604 0.223323 440 0.0207726 -0.0464961 7.54451 29.2818 -13 891 0 0 1
0.0265675 -0.291692 440 -0.0784052 -0.0458207 14.0652 20.3943 -13 892 0 0 1
0.150017 -0.102331 440 -0.00476573 -0.0291411 9.39557 20.7198 -13 893 0 0 1
-0.021699 0.2519 440 0.064148 -0.021586 12.6048 31.2942 -13 894 0 0 1
-0.0784257 -0.0462281 440 -0.0421065 0.0265866 11.6152 30.7663 -13 895 0 0 1
0.130392 0.391601 440 0.0657019 -0.0372456 6.78795 45.0273 -13 896 0 0 1
0.0415068 -0.156632 440 -0.0107183 -0.0452404 8.40719 35.5203 -13 898 0 0 1
-0.0335783 -0.203307 440 -0.0418676 0.00862856 6.69555 33.3783 -13 899 0 0 1
0.290267 0.0729007 440 0.0634655 -0.0590133 5.24812 57.8334 -13 901 0 0 1
0.439916 -0.103809 440 0.0614221 -0.120364 6.60687 31.7052 -13 903 0 0 1
0.0533445 0.117116 440 -0.0236306 -0.00959706 5.18948 48.1717 -13 905 0 0 1
-0.105759 0.0606817 440 0.0156646 0.0172541 11.6302 40.3192 -13 907 0 0 1
0.499049 0.0411624 440 0.0538589 -0.0806545 9.27026 19.018 -13 910 0 0 1
-0.156448 0.307721 440 -0.0762417 -0.0658858 1.48965 91.4319 -13 911 0 0 1
0.612151 -0.3739 440 -0.0510894 -0.106226 10.6358 17.5241 -13 11 0 0 1
-0.0785603 -0.351444 440 -0.0456136 0.0286746 13.0818 41.0405 -13 18 0 0 1
0.10843 0.168337 440 0.018649 0.000828028 8.47974 28.9152 -13 27 0 0 1
-0.0987137 -0.172628 440 -0.0358731 -0.111772 9.90674 37.6959 -13 42 0 0 1
-0.221054 -0.327088 440 0.110616 0.0396508 2.10109 80.9827 -13 52 0 0 1
0.201515 0.0425881 440 0.0407967 -0.0190467 10.363 34.835 -13 55 0 0 1
0.201503 0.0772126 440 0.0107876 -0.0760392 10.9817 24.2448 -13 736 0 0 1
-0.171502 -0.143307 440 -0.0112796 -0.00226089 8.68952 37.7408 -13 741 0 0 1
-0.0493344 -0.282914 440 -0.0415093 0.00795143 10.5639 32.1955 -13 748 0 0 1
0.382491 -0.07677 440 -0.0376264 -0.0681293 11.1206 38.6186 -13 751 0 0 1
0.858379 -0.0591149 440 0.0924144 -0.126448 5.42097 40.7377 -13 756 0 0 1
-0.0417366 0.171409 440 0.0888954 0.0467018 13.87 40.0721 -13 762 0 0 1
-0.010733 0.172042 440 0.0336953 0.00617379 14.3369 13.701 -13 772 0 0 1
-0.410339 0.121533 440 0.0824202 0.040775 3.80807 42.8922 -13 775 0 0 1
0.0554559 0.33182 440 0.0561626 0.010768 6.95496 39.3588 -13 783 0 0 1
-0.588933 0.49112 440 0.0781021 0.0338677 4.88887 55.9489 -13 791 0 0 1
-0.0327056 -0.140764 440 -0.026238 0.0406061 9.37966 46.4295 -13 799 0 0 1
0.360528 -0.103051 440 -0.00245384 -0.00144358 12.5437 39.882 -13 805 0 0 1
-0.0262065 0.0432373 440 -0.00388581 0.0131185 14.3052 25.1332 -13 809 0 0 1
0.0587208 -0.0331681 440 0.0636698 -0.126068 9.62366 27.5052 -13 814 0 0 1
0.0288459 -0.104462 440 -0.0115029 0.0618476 6.02496 30.8635 -13 816 0 0 1
-0.0087685 0.0320354 440 0.0167634 -0.0274812 12.8344 29.5375 -13 838 0 0 1
0.664569 0.449639 440 0.0446357 -0.102941 9.86594 37.9053 -13 840 0 0 1
-0.0307673 -0.313221 440 -0.0587085 0.00398823 10.2198 42.016 -13 858 0 0 1
0.00754476 -0.0828563 440 0.0574602 0.03737 5.91197 47.661 -13 862 0 0 1
0.0575348 0.0174601 440 0.0162205 -0.0348376 8.35952 29.3274 -13 868 0 0 1
-0.0901723 -0.114397 440 -0.0172488 0.0115272 11.8706 36.503 -13 963 0 0 1
-0.183955 -0.141806 440 -0.0514506 0.0313727 10.3765 42.0191 -13 964 0 0 1
-0.0126285 -0.041123 440 -0.0149085 0.00652604 11.3363 29.8665 -13 965 0 0 1
0.00964275 -0.0356084 440 0.0442792 -0.0216095 9.40812 25.0952 -13 966 0 0 1
-0.254114 -0.357278 440 -0.153197 0.0189822 2.55532 61.1609 -13 968 0 0 1
