#BLTrackFile NTuple/Z500
#x y z Px Py Pz t PDGid EventID TrackID ParentID Weight
#mm mm mm MeV/c MeV/c MeV/c ns - - - - -
-0.0130762 0.301609 500 0.0266899 -0.00405423 11.5089 34.5479 -13 1 0 0 1
-0.0345762 -0.103378 500 -0.0110246 -0.0162167 12.5718 36.7073 -13 2 0 0 1
0.0745061 0.0217324 500 0.00556749 -0.00792915 9.93699 20.4003 -13 3 0 0 1
0.293426 -0.242201 500 -0.0468611 -0.119106 11.1133 20.1951 -13 4 0 0 1
-0.123904 -0.129016 500 0.00912557 0.0377425 6.88678 32.9596 -13 5 0 0 1
-0.275005 0.0868521 500 0.0643011 0.0720975 7.63687 45.2872 -13 6 0 0 1
0.135716 -0.00660209 500 -0.0151135 -0.0255751 12.0433 28.2965 -13 7 0 0 1
-0.155826 -0.256898 500 -0.0962098 0.00311046 3.70671 51.03 -13 13 0 0 1
0.0350721 -0.183294 500 -0.0623921 0.000822321 10.5264 18.7566 -13 22 0 0 1
0.116943 -0.0243 500 -0.0171574 -0.0104154 11.5784 43.2854 -13 28 0 0 1
0.0174372 -0.0493713 500 -0.0292207 -0.0494596 9.76548 45.7696 -13 57 0 0 1
-0.0323383 0.0335687 500 -0.0200068 0.00625893 14.0146 41.1589 -13 63 0 0 1
0.00645564 -0.0530546 500 -0.0338655 0.00550239 11.5281 28.1752 -13 67 0 0 1
0.101558 -0.368402 500 -0.0888895 -0.0573769 6.03754 50.7344 -13 73 0 0 1
-0.128288 -0.104554 500 -0.0323446 0.0104984 10.2906 45.3708 -13 80 0 0 1
0.391437 -0.0756232 500 0.0230276 -0.0123015 8.51324 29.4903 -13 88 0 0 1
0.230082 0.327149 500 0.0512117 -0.0354681 8.79818 27.1518 -13 105 0 0 1
0.218146 0.149275 500 0.0159176 -0.0784131 5.84876 35.5144 -13 118 0 0 1
0.0476944 -0.167651 500 -0.00800449 -0.0173549 7.50995 37.8473 -13 120 0 0 1
-0.065649 -0.1605 500 -0.0264452 -0.0134997 9.04897 26.3891 -13 122 0 0 1
0.0926137 0.0707959 500 0.00806176 0.00387419 11.7299 40.5346 -13 126 0 0 1
0.0406572 0.128345 500 0.0167481 -0.00932498 9.17207 27.9034 -13 131 0 0 1
-0.220995 -0.141591 500 -0.0484088 0.0280109 12.9791 25.9352 -13 136 0 0 1
-0.160108 0.0614045 500 0.0433715 -0.0105457 13.7533 24.9807 -13 142 0 0 1
0.0807886 -0.205719 500 -0.0170594 0.00691582 7.0222 34.0934 -13 149 0 0 1
-0.0657857 0.0654026 500 -0.0118431 0.0437187 13.2324 23.0346 -13 157 0 0 1
0.158343 -0.0343876 500 0.00935094 -0.0347211 14.336 35.712 -13 159 0 0 1
0.0134837 -0.254478 500 -0.0266933 -0.0165343 12.3397 39.4369 -13 165 0 0 1
-0.0158741 0.233295 500 0.0397942 -0.0141369 14.5065 34.668 -13 171 0 0 1
-0.339101 -0.0532258 500 -0.0215065 0.0973781 3.38417 55.2394 -13 177 0 0 1
0.0733502 -0.0278334 500 -0.0159016 -0.0143646 9.24454 37.0291 -13 182 0 0 1
-0.375519 -0.149582 500 0.0180964 0.0422476 10.8692 38.6442 -13 195 0 0 1
0.0369407 0.0542605 500 -0.0223802 0.014126 12.3267 19.327 -13 198 0 0 1
-0.0397475 -0.00830105 500 -0.00490492 -0.0196462 13.5047 26.8112 -13 228 0 0 1
-0.0762388 0.00342545 500 0.002954 0.0157331 10.9582 44.4601 -13 233 0 0 1
-0.114946 0.0946935 500 0.00558667 0.0274785 9.49487 24.0399 -13 238 0 0 1
0.0102623 0.043414 500 0.0462149 0.0250953 13.8035 41.072 -13 243 0 0 1
-0.287807 0.0114555 500 0.0395561 0.0318243 11.8195 42.8069 -13 248 0 0 1
0.0947715 -0.126857 500 -0.0292917 -0.032153 12.9805 21.6134 -13 252 0 0 1
-0.0361063 -0.198106 500 -0.043031 -0.0160236 14.208 36.5813 -13 260 0 0 1
-0.212713 -0.853186 500 -0.152846 -0.0375659 3.3409 73.3133 -13 264 0 0 1
0.202261 -0.0898464 500 0.0599172 -0.0686085 3.25677 79.7757 -13 270 0 0 1
0.358656 -0.136169 500 -0.021863 -0.0496438 11.5284 21.4766 -13 276 0 0 1
-0.606894 0.347332 500 0.0345497 0.0842416 9.53886 42.2386 -13 282 0 0 1
0.0149465 -0.0801103 500 -0.031203 -0.00652839 9.11054 28.4303 -13 290 0 0 1
0.0640511 0.348497 500 0.0482809 -0.0195087 13.78 42.7757 -13 294 0 0 1
-0.0218829 0.0176738 500 0.00881556 0.0179657 12.1912 27.6858 -13 299 0 0 1
-0.134901 0.128279 500 0.0218174 0.028675 7.71058 40.4898 -13 304 0 0 1
0.00714709 -0.225469 500 -0.0831418 -0.00233826 9.57305 39.0299 -13 309 0 0 1
0.183971 0.0831298 500 -0.0159581 -0.0285447 13.0497 15.8825 -13 313 0 0 1
-4.07973 1.60692 500 -0.0196682 -0.000100885 0.921215 433.223 -13 319 0 0 1
0.106604 0.0652947 500 0.00887217 0.00852381 9.85314 23.8636 -13 321 0 0 1
-0.165886 0.189299 500 0.0306121 0.0177437 4.97506 41.3883 -13 374 0 0 1
-0.155418 0.245375 500 0.063406 -0.00128849 13.3652 35.6863 -13 375 0 0 1
0.514543 0.0169043 500 -0.0458971 -0.101092 6.56513 40.0345 -13 376 0 0 1
-0.0133451 0.0046832 500 0.0188392 -0.0204198 10.5197 27.3975 -13 377 0 0 1
-nan -nan -nan -nan -nan -nan -nan -13 378 0 0 1
-0.237834 -0.411947 500 -0.0575831 0.0154893 7.41178 27.3082 -13 379 0 0 1
0.192591 0.00145074 500 0.0198842 -0.014415 14.4505 27.9705 -13 972 0 0 1
0.00393956 -0.188896 500 -0.0259615 0.0105594 13.7638 41.935 -13 973 0 0 1
0.00541454 -0.0922044 500 0.0165408 -0.0064616 14.5582 32.4671 -13 974 0 0 1
-0.167393 0.00264756 500 0.00906303 0.0251344 10.2811 37.6761 -13 975 0 0 1
0.359261 -0.0639559 500 -0.0324737 -0.00984718 6.69463 33.0259 -13 976 0 0 1
-0.170675 0.121932 500 -0.00178825 0.00959316 8.98145 37.4379 -13 978 0 0 1
-0.0380238 0.0132588 500 0.0107678 0.00691052 13.7224 32.1143 -13 979 0 0 1
-0.00328587 0.0694606 500 0.0288542 -0.0131258 12.0822 18.982 -13 980 0 0 1
0.207008 -0.0141713 500 0.0300296 -0.039891 9.68625 19.5681 -13 981 0 0 1
0.0144153 -0.000756309 500 -0.00824694 -0.0268307 13.621 26.3202 -13 982 0 0 1
-0.22179 1.44486 500 0.184317 -0.0629389 5.65496 55.0746 -13 983 0 0 1
-0.114127 -0.279881 500 -0.0954241 -0.0507268 10.0639 20.6681 -13 984 0 0 1
-0.104888 0.00347546 500 -0.0339273 0.024794 11.2577 31.581 -13 985 0 0 1
-0.0137274 0.274922 500 0.035947 -0.00711973 8.40076 40.2885 -13 986 0 0 1
-0.0808021 -0.00906854 500 -0.0188695 0.00365602 14.2316 37.5719 -13 987 0 0 1
0.166239 -0.0844885 500 -0.0924157 -0.0199025 6.64284 48.8037 -13 988 0 0 1
0.0406656 0.631567 500 0.0666407 -0.00123226 2.56765 77.384 -13 989 0 0 1
-0.0079727 0.098863 500 0.0313225 0.00605986 14.4609 20.9673 -13 990 0 0 1
-0.177303 0.312124 500 0.0489525 0.081097 10.8353 36.8769 -13 991 0 0 1
0.0485476 0.185983 500 -0.00323407 0.0179961 13.0838 39.5022 -13 992 0 0 1
-0.0755937 -0.16428 500 -0.0294779 0.0316745 11.2712 45.2139 -13 993 0 0 1
-0.115602 0.00788707 500 0.00547606 0.0153059 12.8269 38.99 -13 994 0 0 1
0.355339 0.0651576 500 -0.03931 -0.0445853 13.9074 25.1828 -13 995 0 0 1
-0.0607109 -0.0116039 500 -0.0202233 -0.00097546 13.0381 39.3531 -13 996 0 0 1
0.150575 -0.0437126 500 0.00603113 -0.0269917 14.5165 21.4986 -13 997 0 0 1
-0.138977 -0.146593 500 -0.0251254 0.01405 10.257 42.9021 -13 998 0 0 1
-0.209284 -0.00334276 500 0.00373626 0.0187243 7.38125 29.3567 -13 999 0 0 1
-0.449685 0.854577 500 0.0859029 0.115717 8.43125 43.1695 -13 1000 0 0 1
-0.404342 -0.281955 500 0.0153545 0.0863513 5.06017 39.076 -13 46 0 0 1
-0.0956355 -0.161578 500 -0.114617 -0.0106384 5.41061 46.1616 -13 69 0 0 1
-0.0898616 -0.162277 500 -0.00833819 -0.0589967 12.401 40.1276 -13 76 0 0 1
-0.158675 -0.0729217 500 -0.0608347 -0.0176455 13.5724 17.2382 -13 85 0 0 1
-0.0297274 0.0229131 500 -0.0323531 0.00932258 7.70467 49.0693 -13 93 0 0 1
0.147065 0.314886 500 -0.07931 0.0327262 4.78966 52.7029 -13 101 0 0 1
-1.00186 0.412912 500 0.0387777 0.163829 9.59052 31.7645 -13 104 0 0 1
0.0873071 0.0363627 500 0.0513003 0.0656574 5.46586 35.3238 -13 110 0 0 1
0.099468 -0.0209611 500 -0.0217234 0.00236573 11.9508 25.4335 -13 113 0 0 1
-0.160507 -0.468104 500 -0.0783863 -0.0257544 9.23068 30.2057 -13 146 0 0 1
0.0502712 0.210929 500 0.0454516 0.00636273 12.2874 19.5877 -13 184 0 0 1
-0.029252 -0.127573 500 0.0464736 -0.123713 12.0112 36.0683 -13 202 0 0 1
-0.216219 0.338021 500 -0.0772629 0.023785 0.714704 116.929 -13 208 0 0 1
0.180065 -0.0946742 500 -0.0801108 -0.029821 9.79893 36.669 -13 214 0 0 1
0.0765948 0.0319155 500 -0.0363071 -0.0223577 14.5127 30.4156 -13 371 0 0 1
0.406808 0.518739 500 0.0838499 0.0226494 1.95165 96.7007 -13 372 0 0 1
0.0747987 -0.0984277 500 0.007496 0.00430984 14.2018 22.0984 -13 373 0 0 1
-0.0743951 0.0514621 500 0.0108348 0.0200515 14.4353 30.6191 -13 387 0 0 1
0.0270169 0.269319 500 -0.01832 -0.0483091 9.35872 43.0592 -13 388 0 0 1
0.285984 -0.0619765 500 0.0128331 -0.0634674 13.4958 32.2443 -13 389 0 0 1
-0.0346114 -0.0733045 500 -0.00459334 -0.0222701 10.3069 26.9024 -13 390 0 0 1
0.251649 0.0174527 500 0.0332346 -0.0140822 8.67719 49.0633 -13 391 0 0 1
-0.104267 0.505231 500 0.0172363 -0.193662 8.15426 49.447 -13 392 0 0 1
0.799045 -0.72191 500 -0.21203 -0.029091 3.92312 46.674 -13 393 0 0 1
-0.197836 0.124407 500 0.00961876 0.00709948 3.69741 54.3585 -13 394 0 0 1
-0.190893 0.206349 500 0.0509305 0.0298158 14.1044 22.0217 -13 395 0 0 1
-0.376806 -0.171783 500 0.0681593 0.0505989 7.04175 41.5623 -13 396 0 0 1
0.179441 0.0237707 500 0.0146989 0.000547439 14.5289 20.1591 -13 397 0 0 1
0.692454 0.442816 500 -0.0138158 -0.129633 13.3034 21.2073 -13 398 0 0 1
-0.142141 0.112139 500 0.0311465 0.039163 11.6477 27.1584 -13 400 0 0 1
0.168235 -0.212228 500 -0.0726076 -0.00400511 7.3226 26.1229 -13 402 0 0 1
-0.041053 0.110145 500 0.0247846 0.0210807 14.3907 21.2846 -13 404 0 0 1
-0.136516 -0.020872 500 -0.00106711 0.0290142 7.06889 40.5979 -13 406 0 0 1
0.188543 -0.00323438 500 -0.0372999 -0.0620284 10.9222 38.2452 -13 408 0 0 1
-0.180838 -0.0113001 500 0.019325 -0.00232098 12.1782 18.5924 -13 409 0 0 1
-0.364125 -0.425367 500 -0.0364624 0.0219461 6.85586 31.3154 -13 411 0 0 1
0.422198 -0.565364 500 -0.0830869 -0.0602068 7.27204 29.4458 -13 412 0 0 1
-0.0717266 -0.220005 500 -0.0619508 -0.0406981 8.26405 29.0363 -13 415 0 0 1
0.217294 0.488091 500 0.0975939 -0.0385818 6.54981 33.2384 -13 417 0 0 1
0.246364 -0.10777 500 -0.00127904 -0.0501239 13.2073 18.7593 -13 421 0 0 1
-0.0331829 0.0641269 500 -0.0086332 0.0075376 9.31976 29.4266 -13 424 0 0 1
-0.316751 -0.205609 500 -0.0255703 0.0759748 4.84349 59.8068 -13 426 0 0 1
-0.395653 0.205391 500 0.055807 0.0495467 10.8103 42.6305 -13 427 0 0 1
0.149582 0.229436 500 0.0520377 0.0245074 9.93392 28.6502 -13 430 0 0 1
-0.036314 0.0964486 500 0.0474599 0.00465606 10.8461 26.7703 -13 431 0 0 1
-0.101697 0.229553 500 0.0404404 -0.066007 9.94911 36.4133 -13 432 0 0 1
-0.0529235 0.00190084 500 0.00571441 -0.010144 11.0503 41.7368 -13 433 0 0 1
0.167332 -0.120803 500 -0.00873325 -0.0399649 13.7057 24.758 -13 434 0 0 1
-0.163771 -0.170773 500 -0.00239242 0.0241143 11.3893 30.9873 -13 435 0 0 1
0.0386742 -0.149016 500 -0.0387872 -0.0152488 11.1223 32.8032 -13 438 0 0 1
-0.20951 -0.324941 500 -0.0555813 0.103412 8.84671 41.4297 -13 440 0 0 1
-0.0123971 -0.188754 500 -0.0152366 -0.0302475 11.3737 30.1836 -13 441 0 0 1
0.27971 0.00326055 500 0.00944515 -0.0389351 7.60427 49.2407 -13 443 0 0 1
0.178251 0.320527 500 0.038964 -0.0164324 11.3699 26.8434 -13 444 0 0 1
0.368157 -0.231074 500 0.0168973 -0.0409145 8.00645 48.3206 -13 445 0 0 1
0.0200685 0.16496 500 0.0126672 0.0265712 11.5752 27.8787 -13 447 0 0 1
-0.346905 0.150603 500 -0.0969443 0.050727 9.82946 22.0914 -13 448 0 0 1
-0.0168576 0.0774931 500 0.01672 -0.0318144 12.3673 44.0552 -13 450 0 0 1
0.308831 0.0884217 500 1.37268e-05 -0.0511704 7.83009 43.5326 -13 451 0 0 1
0.0105681 -0.120527 500 -0.0264245 0.0281958 9.52572 28.3346 -13 454 0 0 1
0.173486 0.228935 500 -0.000970806 -0.0302348 7.69268 35.6839 -13 463 0 0 1
0.0204265 -0.143779 500 -0.0586986 0.0371442 7.28993 26.3421 -13 466 0 0 1
0.234499 0.0359863 500 0.0297479 -0.0333118 8.83884 31.0352 -13 468 0 0 1
0.0553515 -0.532302 500 -0.0939356 -0.0349422 10.0531 38.5084 -13 472 0 0 1
-0.0666247 -0.0782166 500 0.0316335 0.0921131 5.38227 34.8211 -13 473 0 0 1
0.125197 0.178888 500 0.0868741 -0.0492736 7.83165 24.1807 -13 476 0 0 1
-0.31295 0.094965 500 -0.0182578 0.0691698 9.71057 21.712 -13 478 0 0 1
-0.302158 -0.138433 500 -0.0739023 0.0162014 5.36218 35.9181 -13 479 0 0 1
-0.324382 -0.213296 500 0.0703954 0.0413998 6.53285 56.5621 -13 482 0 0 1
-0.0776502 0.116989 500 0.032349 0.0309373 7.49092 38.2542 -13 484 0 0 1
-0.0671578 -0.193413 500 -0.0265909 0.00355857 7.3068 32.4586 -13 486 0 0 1
-0.25363 -0.0336083 500 -0.0227371 0.0544243 13.0204 32.3284 -13 487 0 0 1
-0.157787 -0.0416637 500 -0.0519024 -0.0279475 11.8875 31.1836 -13 499 0 0 1
0.0549691 0.061509 500 0.0112157 0.0032856 12.6662 27.8744 -13 500 0 0 1
0.185424 -0.135401 500 -0.0112436 -0.0473795 10.8923 27.0647 -13 501 0 0 1
0.0402003 -0.067596 500 -0.00664588 0.0117224 14.4357 18.0683 -13 502 0 0 1
-0.259785 -0.27035 500 0.014258 0.0474951 3.5202 64.4318 -13 505 0 0 1
0.173541 -0.0224678 500 0.00678163 -0.00894595 12.4591 26.6228 -13 507 0 0 1
-0.118928 -0.166114 500 -0.0446514 0.0387086 12.8778 32.2521 -13 512 0 0 1
-0.208979 -0.140004 500 -0.0110743 0.00546355 3.82411 53.21 -13 516 0 0 1
-0.00552694 0.0585256 500 0.038066 0.0349892 12.3695 19.995 -13 518 0 0 1
-0.0389056 -0.202684 500 0.0270466 0.0932291 12.9152 25.7469 -13 522 0 0 1
-0.52528 -0.199683 500 -0.058787 0.0271595 3.782 70.4561 -13 524 0 0 1
0.410704 -0.544525 500 -0.54642 -0.0597455 3.09326 80.928 -13 527 0 0 1
0.166084 -0.164617 500 -0.0334181 -0.0428038 12.492 30.8157 -13 528 0 0 1
0.23775 -0.0243771 500 -0.0364683 -0.0397312 11.2672 39.1423 -13 529 0 0 1
0.354249 0.417244 500 0.0356162 -0.0879977 9.05454 43.0709 -13 533 0 0 1
-0.112254 0.13731 500 -0.0016198 -0.0135272 9.14331 43.1977 -13 534 0 0 1
0.0194093 0.274878 500 0.0353428 0.0175271 9.83861 21.2238 -13 535 0 0 1
0.657711 -0.0956004 500 -0.00367531 -0.0882006 13.0443 23.2983 -13 536 0 0 1
-0.092164 0.0135408 500 0.00757626 -0.0563576 4.34673 53.7886 -13 537 0 0 1
0.128739 0.0663658 500 0.0151701 -0.00897712 14.4744 31.0183 -13 538 0 0 1
0.0603682 -0.0862867 500 -0.0260071 0.00824157 11.3268 21.917 -13 539 0 0 1
-0.0973682 0.1426 500 0.0213091 -0.0204664 7.33287 46.2575 -13 541 0 0 1
0.00467411 0.175451 500 0.0176012 -0.004818 13.7358 41.3361 -13 544 0 0 1
0.135696 -0.219667 500 -0.0861423 -0.148719 4.80558 62.2307 -13 545 0 0 1
0.598611 0.270641 500 0.0748067 -0.0476618 6.53206 46.8711 -13 546 0 0 1
-0.0432679 0.0167368 500 -0.00825236 0.00778421 9.86232 37.5514 -13 548 0 0 1
-0.23194 -0.156754 500 -0.037985 0.0261348 8.60187 37.5868 -13 550 0 0 1
-0.325292 -0.193213 500 -0.0543273 0.042801 7.89359 34.5629 -13 553 0 0 1
-0.313512 0.11379 500 0.037072 0.00707523 6.17564 49.806 -13 556 0 0 1
-0.0338461 -0.0946119 500 -0.028954 -0.0345756 10.9418 44.8933 -13 559 0 0 1
0.333747 -0.0602283 500 -0.0463044 -0.0931097 11.0504 20.1419 -13 562 0 0 1
-0.0913508 0.137838 500 0.0193172 0.0231239 12.1119 30.4443 -13 563 0 0 1
-0.172839 -0.0253352 500 -0.0191313 0.0231382 10.5632 45.4147 -13 564 0 0 1
0.148678 0.0163264 500 0.0159518 0.00882099 14.2235 18.3431 -13 565 0 0 1
0.0355177 -0.112683 500 -0.0150014 -0.00737926 10.5932 28.7713 -13 567 0 0 1
-0.0692268 0.0373763 500 0.0103687 0.0113985 13.5384 24.7589 -13 569 0 0 1
0.103971 -0.482598 500 -0.104385 -0.00926588 11.0767 42.1679 -13 570 0 0 1
-0.125998 0.0550585 500 -0.039063 -0.00375734 9.88629 30.6548 -13 572 0 0 1
-0.260847 0.000354471 500 0.0304163 0.0193179 6.49886 40.2265 -13 573 0 0 1
0.128349 -0.141548 500 -0.0195889 0.00439353 13.7386 22.0991 -13 574 0 0 1
0.137185 -0.143415 500 -0.0271981 -0.022605 10.5997 36.2026 -13 576 0 0 1
0.0279141 -0.0393034 500 -0.0084333 0.0300721 13.3857 16.3522 -13 577 0 0 1
0.0514598 0.295008 500 0.039791 0.00963412 8.40311 32.7289 -13 578 0 0 1
0.0470122 -0.0146641 500 0.0188275 0.0185844 13.9727 29.2136 -13 579 0 0 1
0.131426 -0.118436 500 -0.0468248 -0.00649653 12.7381 22.198 -13 580 0 0 1
-0.00324076 0.0195435 500 0.0168596 0.00279741 11.0912 44.3836 -13 581 0 0 1
0.0708408 0.460756 500 0.0361117 0.046916 8.89926 32.6888 -13 582 0 0 1
-0.492814 -0.0350516 500 0.022073 0.118151 7.59604 30.5608 -13 583 0 0 1
0.0847064 0.249506 500 0.043304 -0.0517276 9.36642 44.1807 -13 586 0 0 1
0.122056 0.0515849 500 -0.0382225 -0.004496 13.7653 32.7073 -13 587 0 0 1
0.567616 0.365529 500 0.0635401 -0.122416 9.54126 28.5836 -13 588 0 0 1
0.0667203 0.0917382 500 0.0238873 -0.0284891 13.2713 26.1112 -13 589 0 0 1
-1.16949 0.829592 500 -0.139887 -0.036736 0.620874 418.563 -13 590 0 0 1
0.0491822 -0.0463605 500 -0.0264788 0.0121754 9.13442 31.6158 -13 591 0 0 1
-0.0440337 -0.0790896 500 -0.0206013 -0.00964126 14.0137 18.2453 -13 99 0 0 1
-0.159116 0.309894 500 0.0598421 0.0227077 12.9929 29.2974 -13 124 0 0 1
0.227206 -0.00309941 500 0.0550784 -0.141964 7.21394 43.5498 -13 134 0 0 1
0.0781865 0.27326 500 0.121206 -0.0523899 9.83413 43.6653 -13 145 0 0 1
-0.0873886 0.123715 500 0.0214432 0.00428514 13.6981 37.0377 -13 153 0 0 1
0.0240615 -0.0478944 500 -0.0205684 0.00540561 14.1083 19.9468 -13 161 0 0 1
-0.193426 -0.020217 500 0.0119572 0.0409512 11.3501 16.9725 -13 168 0 0 1
-0.0180841 0.201598 500 0.0432917 -0.0093347 10.6646 19.5892 -13 175 0 0 1
-0.0635802 0.0727721 500 -0.00761615 0.0220979 11.8784 44.4932 -13 186 0 0 1
0.0440574 -0.199926 500 -0.0115061 -0.00280152 14.4607 33.4223 -13 203 0 0 1
-0.379234 -0.431276 500 -0.0795182 0.0187492 6.22676 57.6155 -13 224 0 0 1
-0.255563 -0.120667 500 0.0481907 0.00284954 6.28254 47.2726 -13 232 0 0 1
0.0996822 0.143432 500 -0.0289419 -0.0354372 8.39097 36.4755 -13 237 0 0 1
0.0870229 0.0864783 500 -0.0275325 0.00281277 12.0338 22.7066 -13 255 0 0 1
0.0642083 0.121485 500 0.0653724 0.0133837 10.8751 44.8367 -13 287 0 0 1
-0.0229108 0.0483926 500 0.00216976 0.00523466 9.71501 34.0576 -13 306 0 0 1
0.21923 -0.285412 500 -0.0803782 -0.0608982 2.27951 71.7949 -13 317 0 0 1
0.314214 0.605084 500 0.105904 -0.00587501 11.4447 42.7327 -13 325 0 0 1
0.00583527 0.0331205 500 0.0130828 -0.0142226 9.8456 25.0939 -13 414 0 0 1
0.390235 -0.153856 500 0.0967559 -0.100392 7.65027 37.3762 -13 419 0 0 1
0.000703504 -0.312086 500 -0.0199841 -0.0472232 7.07822 29.3952 -13 422 0 0 1
0.282941 -0.0513844 500 -0.0514523 -0.0365191 7.04268 33.7795 -13 428 0 0 1
-0.0489599 -0.0970566 500 0.0500064 0.000291553 7.842 36.0681 -13 429 0 0 1
0.217188 0.16973 500 0.0241633 -0.0651682 11.253 22.9971 -13 436 0 0 1
0.152926 -0.133592 500 -0.0122451 -0.0198542 10.693 28.345 -13 437 0 0 1
0.137617 -0.114648 500 -0.00830572 -0.00319109 11.9422 43.8562 -13 439 0 0 1
0.0266685 -0.900545 500 -0.0660563 0.0449982 4.10852 44.6312 -13 442 0 0 1
0.0831799 0.111378 500 0.0449808 0.00328264 13.3931 40.4516 -13 446 0 0 1
-0.128257 0.0955003 500 -0.0514778 0.0349821 8.17819 26.7829 -13 449 0 0 1
-0.780742 0.841332 500 -0.0704519 0.151873 0.980842 434.623 -13 455 0 0 1
0.150875 -0.0880827 500 -0.0363013 0.00283502 13.6841 39.6301 -13 462 0 0 1
-nan -nan -nan -nan -nan -nan -nan -13 600 0 0 1
-0.218484 0.392359 500 0.0650541 -0.0202063 12.551 32.5303 -13 601 0 0 1
-0.0765246 0.115383 500 0.00186441 0.015075 11.8153 19.1466 -13 12 0 0 1
-0.172346 0.0690472 500 0.000371228 0.0426191 8.43029 23.9414 -13 16 0 0 1
0.064195 0.0798718 500 0.00965768 -0.0130073 13.6908 34.7542 -13 34 0 0 1
0.0114804 0.300214 500 0.0934582 -0.0147946 10.8547 41.2608 -13 45 0 0 1
-0.0338989 0.107776 500 0.00287564 0.00770567 13.2658 20.1012 -13 49 0 0 1
0.241122 -0.170593 500 0.0286119 -0.0010978 14.1028 21.8405 -13 56 0 0 1
0.0204746 -0.0878232 500 -0.0155079 -0.0403677 11.1692 21.3718 -13 70 0 0 1
-0.551027 0.623695 500 0.0121571 0.0910419 8.17156 47.9058 -13 77 0 0 1
-0.115129 -0.144071 500 0.0151949 -0.01428 9.92265 29.0085 -13 89 0 0 1
-0.861728 0.986943 500 0.0496934 0.0746969 1.98975 72.4338 -13 96 0 0 1
0.0299432 -0.155861 500 -0.038476 0.000630665 14.1472 38.0163 -13 140 0 0 1
-0.145173 0.217133 500 0.0470253 0.028137 11.8937 41.8901 -13 452 0 0 1
0.103761 0.0114752 500 -0.0549048 0.00755233 12.9593 42.0053 -13 453 0 0 1
-0.0657128 -0.229533 500 -0.0453517 0.016091 14.0093 17.0218 -13 456 0 0 1
-0.080922 -0.07291 500 -0.014571 0.00911302 9.43735 20.8748 -13 457 0 0 1
0.228838 0.173696 500 -0.0176213 0.014246 7.99043 31.3751 -13 459 0 0 1
-0.148454 -0.0599328 500 -0.0114536 -0.0191166 13.4563 39.6476 -13 461 0 0 1
-nan -nan -nan -nan -nan -nan -nan -13 471 0 0 1
0.0533659 -0.211866 500 -0.0568717 0.0122474 9.00145 34.6629 -13 481 0 0 1
-0.174318 -0.0141146 500 0.0302457 -0.0622006 5.22024 52.9141 -13 15 0 0 1
-0.169258 0.157391 500 0.0343981 0.027233 8.28536 28.8028 -13 58 0 0 1
-0.265871 0.0914688 500 -0.000250431 0.140125 6.67459 35.3913 -13 90 0 0 1
-0.362635 -0.50259 500 -0.0532007 0.00827825 0.487914 424.851 -13 102 0 0 1
-0.0737226 0.166872 500 0.0166392 0.00984636 13.7626 30.991 -13 107 0 0 1
-0.0561812 -0.185315 500 -0.0337737 0.0256702 10.859 44.0426 -13 354 0 0 1
0.0875902 0.00496811 500 0.00499161 -0.0194539 14.4596 21.953 -13 386 0 0 1
-0.214277 0.00961711 500 0.000166559 -0.000970288 12.6525 17.9721 -13 399 0 0 1
0.203619 0.173227 500 0.0335146 -0.0483493 11.1605 29.6314 -13 401 0 0 1
-0.0620597 0.000177421 500 -0.0107753 0.0990149 5.69804 51.1686 -13 403 0 0 1
-0.136735 -0.241341 500 -0.0435875 0.0105309 12.849 31.5101 -13 405 0 0 1
-0.867525 -0.125116 500 -0.0623524 0.135656 4.69476 61.3834 -13 407 0 0 1
-0.110279 0.0250039 500 0.045293 0.0557743 7.14648 35.3019 -13 410 0 0 1
0.175252 -0.0321893 500 0.0765469 -0.066488 5.7531 31.916 -13 413 0 0 1
-0.0786784 -0.0161176 500 -0.00151835 0.00856184 12.6483 28.3981 -13 416 0 0 1
-0.0205424 -0.157581 500 -0.0310431 0.0360896 10.0333 44.5273 -13 418 0 0 1
-0.124551 -0.0924081 500 -0.0419741 -0.00837724 12.4498 24.699 -13 420 0 0 1
0.897266 -1.1566 500 -0.011259 0.028807 0.780727 427.907 -13 423 0 0 1
0.128689 -0.319547 500 -0.0544739 0.00465146 5.00539 63.9602 -13 425 0 0 1
0.0681561 -0.0316606 500 -0.0368838 0.0106068 10.2486 23.6689 -13 503 0 0 1
-0.017401 -0.103729 500 -0.0216567 -0.0191624 8.69546 28.888 -13 506 0 0 1
0.275149 -0.207527 500 -0.0223552 -0.0740913 10.4608 20.6201 -13 511 0 0 1
0.0397249 0.073639 500 0.0292488 0.00328114 13.3438 14.5952 -13 513 0 0 1
0.340475 -0.556851 500 -0.057391 -0.126629 8.21333 25.1333 -13 517 0 0 1
0.303498 -0.626869 500 -0.0341557 -0.0152889 11.6367 32.9629 -13 520 0 0 1
-0.322052 0.351963 500 0.000497456 0.106613 13.5474 29.6429 -13 523 0 0 1
-0.341799 -0.561989 500 -0.0173774 0.0713853 11.7067 35.4147 -13 526 0 0 1
0.0701844 -0.229779 500 -0.0377454 0.0246058 12.9518 27.95 -13 531 0 0 1
0.092481 -0.258715 500 -0.0414114 -0.0135192 11.2589 41.8278 -13 540 0 0 1
0.60155 0.519897 500 0.0186141 -0.129166 12.8194 18.1181 -13 542 0 0 1
-0.0101527 0.0499439 500 0.0328543 0.028868 10.6847 36.657 -13 547 0 0 1
-0.020044 0.0837965 500 -0.00737568 -0.00604418 9.62685 44.5028 -13 549 0 0 1
-0.0881555 0.165353 500 -0.00985817 0.0279034 11.3081 26.2536 -13 552 0 0 1
-0.0601124 0.354409 500 0.074549 0.049039 7.96587 50.0293 -13 555 0 0 1
-nan -nan -nan -nan -nan -nan -nan -13 558 0 0 1
-0.00328348 0.134152 500 0.0209529 0.0103404 13.6069 14.2838 -13 560 0 0 1
-0.0853939 -0.257572 500 -0.0600246 -0.0139907 11.97 37.479 -13 329 0 0 1
0.100388 0.257481 500 0.038903 -0.00146599 4.84631 42.2044 -13 332 0 0 1
-0.591779 0.533922 500 0.115085 0.196325 12.4534 42.2546 -13 341 0 0 1
-0.185612 0.105403 500 0.0126941 0.0246824 13.452 28.7743 -13 346 0 0 1
-0.00370409 -0.319289 500 -0.0760336 0.0195603 13.7895 39.6975 -13 348 0 0 1
-0.225407 0.000385269 500 0.0537233 0.0297756 7.13595 39.3284 -13 349 0 0 1
-0.467543 0.0766183 500 0.0283541 0.101123 7.79632 46.3164 -13 350 0 0 1
-0.390694 -0.09783 500 -0.0571406 0.0960607 4.48806 46.4267 -13 351 0 0 1
0.234789 0.365905 500 -0.0321598 0.0711869 4.30971 52.6662 -13 352 0 0 1
-0.86635 -0.000392266 500 -0.0302723 0.20613 3.22338 69.4978 -13 355 0 0 1
-0.141578 -0.0825632 500 0.0379433 0.016591 9.75886 46.3982 -13 356 0 0 1
-0.146831 -0.0958854 500 -0.0156159 -0.0051067 10.675 44.3724 -13 357 0 0 1
-0.0142621 -0.221213 500 -0.0293975 0.0160297 10.9459 34.1193 -13 358 0 0 1
-0.0963848 0.113905 500 0.0134203 0.0279966 11.7881 21.7045 -13 359 0 0 1
-0.0196947 0.0165342 500 -0.0173849 0.0118604 13.5091 35.1541 -13 360 0 0 1
0.763889 -0.0154594 500 0.00727224 -0.159796 3.83044 50.107 -13 361 0 0 1
-0.662655 0.14922 500 -0.0159336 0.109837 8.74715 21.5898 -13 362 0 0 1
-0.00489439 -0.128998 500 -0.012388 0.0475522 12.172 43.4479 -13 363 0 0 1
0.151466 -0.0335625 500 0.00208897 -0.0234617 14.4478 17.5239 -13 364 0 0 1
-0.152518 0.110988 500 0.0132583 0.0473349 11.8416 20.1937 -13 365 0 0 1
-0.195397 0.120072 500 -0.0716085 0.0599587 7.88874 23.7615 -13 366 0 0 1
-0.0567959 0.106506 500 0.0249103 0.0359477 11.7152 40.1921 -13 367 0 0 1
-0.108916 0.13954 500 0.129962 0.0236306 6.07273 48.7324 -13 368 0 0 1
0.343801 -0.970211 500 -0.0505489 -0.00810138 0.652073 429.508 -13 369 0 0 1
0.504561 0.131478 500 0.0666954 -0.190352 6.4388 31.5715 -13 370 0 0 1
0.16603 -0.0864685 500 -0.040959 -0.0316547 11.6058 42.4732 -13 458 0 0 1
0.331578 0.754871 500 0.159726 -0.018787 3.86095 71.8673 -13 464 0 0 1
-0.257993 0.465392 500 0.0550943 -0.0265029 6.41002 30.4348 -13 470 0 0 1
0.254692 -0.268183 500 0.00406862 -0.0321491 10.6735 34.2885 -13 480 0 0 1
0.0764718 0.0801469 500 0.0221853 -0.0213697 11.3672 19.7752 -13 485 0 0 1
-0.126973 -0.0385232 500 0.0334737 0.0165381 3.82867 48.7603 -13 490 0 0 1
0.0410924 -0.0310874 500 -0.00765143 -0.033655 13.9331 17.493 -13 492 0 0 1
-0.0957886 -0.0312433 500 -0.00415238 0.0165811 14.4433 14.2272 -13 495 0 0 1
-0.117618 -0.150456 500 9.88155e-07 0.00553374 11.1907 33.3277 -13 504 0 0 1
0.0187186 0.0093545 500 -0.0179863 0.0177379 11.4324 41.5918 -13 508 0 0 1
0.382458 0.278283 500 0.0600866 -0.0196422 8.18069 42.5741 -13 509 0 0 1
-0.00610873 0.105517 500 0.0379625 0.0514855 10.2243 41.6163 -13 515 0 0 1
-0.0652108 -0.0241941 500 -0.00337483 0.0398503 11.6644 34.5126 -13 519 0 0 1
-nan -nan -nan -nan -nan -nan -nan -13 521 0 0 1
0.0716674 -0.508418 500 -0.0800005 0.0219398 9.69402 25.9577 -13 525 0 0 1
-0.0176562 -0.27945 500 0.0047466 0.0135364 10.4041 20.1395 -13 14 0 0 1
-0.12378 0.133352 500 0.00194194 0.0381954 8.26989 39.2011 -13 19 0 0 1
0.0995973 0.146599 500 0.0352488 0.0192125 8.90888 35.5966 -13 26 0 0 1
0.296845 0.242383 500 0.478488 0.499076 8.45248 26.6513 -13 32 0 0 1
0.0956069 -0.0927556 500 0.0179511 -0.0774826 10.3928 45.4305 -13 37 0 0 1
0.137822 0.168708 500 0.0403167 -0.0489556 8.8741 23.3618 -13 41 0 0 1
-0.179425 -0.123025 500 -0.05584 -0.00864115 7.0922 42.3741 -13 59 0 0 1
-0.376601 -0.172796 500 -0.0414044 0.0545984 9.37671 31.9699 -13 62 0 0 1
-0.163248 -0.0947507 500 -0.0245138 0.0449377 7.36705 37.4326 -13 66 0 0 1
-0.0479451 0.06256 500 -0.00526827 0.0171828 10.349 18.9246 -13 72 0 0 1
0.131794 0.0808007 500 0.0236027 -0.0141931 12.681 39.2954 -13 79 0 0 1
-0.0183849 -0.136949 500 -0.0756454 0.0219886 9.94894 41.4245 -13 103 0 0 1
-0.0413704 -0.0484797 500 -0.029965 0.0249927 13.5683 14.1186 -13 109 0 0 1
-0.108185 0.225894 500 0.0192805 0.00673499 10.3062 46.747 -13 116 0 0 1
0.27282 0.211122 500 0.0124671 -0.108287 10.9624 36.2181 -13 119 0 0 1
-0.0762486 -0.306621 500 -0.11158 0.125908 7.90174 50.6018 -13 121 0 0 1
0.016333 -0.068294 500 -0.0165956 -0.0119176 11.47 42.3279 -13 125 0 0 1
-0.0585558 -0.00568836 500 -0.00219618 0.005738 13.2423 36.1899 -13 132 0 0 1
0.258423 -0.141399 500 -0.0200849 -0.0395378 13.358 17.9739 -13 135 0 0 1
0.0315902 0.0355612 500 0.0246355 0.000102962 13.8237 14.3581 -13 141 0 0 1
0.172655 0.18858 500 0.0360805 -0.00369719 14.1354 37.1963 -13 152 0 0 1
-0.175316 0.0644325 500 0.00184302 -0.00193882 9.95446 43.4003 -13 155 0 0 1
-0.029382 0.122094 500 0.233121 0.0317404 7.52341 32.5718 -13 160 0 0 1
-0.109047 -0.137018 500 -0.0598722 -0.0209604 11.0089 45.1563 -13 166 0 0 1
0.387479 0.243547 500 0.0536687 -0.0815617 11.8229 30.0246 -13 172 0 0 1
0.0706838 -0.663032 500 -0.105291 0.0659259 5.60461 43.0909 -13 178 0 0 1
-0.0952779 0.159977 500 0.0203139 0.0062228 14.0166 18.4778 -13 183 0 0 1
0.0297367 -0.0605309 500 -0.0109256 0.00367898 12.2478 20.9152 -13 191 0 0 1
-0.135309 0.0651082 500 -0.00783749 0.0317458 12.938 28.4554 -13 199 0 0 1
-0.0480301 -0.44361 500 -0.0344283 0.0103658 10.0349 37.0023 -13 226 0 0 1
0.0750771 0.0780731 500 -0.0166446 0.00960752 11.9726 16.6404 -13 230 0 0 1
0.397624 0.0284955 500 -0.0818944 -0.0908108 6.23286 51.7497 -13 235 0 0 1
0.220347 -0.273405 500 0.0118979 -0.00154785 10.4888 24.7689 -13 263 0 0 1
-0.0801175 -0.214243 500 -0.0174177 0.0238758 12.7991 37.9114 -13 265 0 0 1
-0.152517 -0.0930438 500 -0.0409953 0.0192931 6.93823 44.5794 -13 291 0 0 1
-0.0361547 0.242701 500 0.0121111 -0.0106627 7.25207 47.7341 -13 295 0 0 1
0.312449 -0.028806 500 0.0154125 -0.0420523 6.11373 34.8028 -13 318 0 0 1
-0.108908 -0.0874013 500 -0.0334685 0.00479329 13.8074 19.0679 -13 320 0 0 1
0.0163446 0.11454 500 0.0214798 -0.0542587 12.747 20.1097 -13 322 0 0 1
-0.118188 -0.0956236 500 -0.053852 0.000574454 6.10327 36.6092 -13 323 0 0 1
0.0475668 0.219362 500 0.0532585 -0.0439398 10.7097 37.3361 -13 326 0 0 1
0.0193981 0.038331 500 -0.0326061 0.0806555 5.59386 32.6521 -13 331 0 0 1
-0.22197 0.083021 500 0.0497236 -0.0504225 2.04861 96.3123 -13 343 0 0 1
-0.0113264 -0.0515322 500 -0.0169077 0.0143311 9.72586 19.3583 -13 345 0 0 1
-0.0917243 0.0313613 500 -0.0184016 0.0741422 10.6796 22.303 -13 380 0 0 1
0.0692655 0.289911 500 0.0918085 -0.0318649 7.81697 35.6595 -13 381 0 0 1
-1.02572 -0.0579841 500 0.0600913 0.155067 13.4059 26.2732 -13 382 0 0 1
-0.224056 0.00286134 500 -0.0111451 0.0709837 14.1106 27.5455 -13 384 0 0 1
-0.105978 0.144952 500 -0.0249243 0.0147893 10.5582 20.3719 -13 460 0 0 1
-0.0458985 0.214049 500 0.0680794 0.0162744 9.91441 23.9659 -13 465 0 0 1
0.0840424 0.0146665 500 0.00615969 -0.0059038 14.0762 16.3823 -13 467 0 0 1
0.212344 -0.383996 500 -0.022714 -0.00699574 4.74009 54.2586 -13 469 0 0 1
0.142117 -0.121887 500 0.0200108 -0.0302981 8.23935 37.2574 -13 474 0 0 1
-0.0228034 -0.0998679 500 -0.00834996 -0.00643578 11.7893 25.9023 -13 475 0 0 1
0.0526715 0.191881 500 0.00337413 0.00113201 9.52592 35.3411 -13 477 0 0 1
-0.0578757 -0.0910599 500 -0.00800387 -0.0079231 14.0498 42.3003 -13 483 0 0 1
-0.211962 -0.390826 500 -0.0819882 0.00400174 5.31864 53.8771 -13 488 0 0 1
0.228299 -0.11263 500 -0.00425895 -0.0469076 13.8882 18.1332 -13 489 0 0 1
0.0344845 -0.100817 500 -0.00649019 -0.0212758 7.57793 48.6817 -13 491 0 0 1
-0.235089 -0.0369584 500 -0.0250935 0.026284 12.437 39.6392 -13 493 0 0 1
-0.00868205 0.144444 500 0.020182 -0.036133 12.9667 37.7753 -13 494 0 0 1
-0.0628229 -0.115279 500 0.00808371 0.0729065 10.6943 24.1771 -13 496 0 0 1
0.104895 0.322466 500 0.0695823 -0.0442593 14.0552 14.2487 -13 497 0 0 1
-0.0920725 -0.131291 500 -0.00876443 0.00135137 13.6951 29.9073 -13 498 0 0 1
0.201904 0.386129 500 0.0533744 0.0588464 10.5469 27.3104 -13 510 0 0 1
0.445773 -0.246895 500 -0.0876883 -0.0440928 7.90232 28.5396 -13 514 0 0 1
-0.0588676 0.0873771 500 -0.000103331 -0.0106348 8.31756 44.4156 -13 530 0 0 1
-0.059005 0.101825 500 0.00826955 0.0216477 13.8486 42.4408 -13 532 0 0 1
0.16664 0.275782 500 0.0773383 0.00425407 8.53604 33.8996 -13 543 0 0 1
-0.0452279 -0.112957 500 -0.0367984 0.0206818 10.5979 22.9648 -13 551 0 0 1
0.13981 0.13309 500 -0.0253313 -0.00720703 5.04819 36.483 -13 554 0 0 1
0.213949 0.119307 500 0.0366424 -0.0248539 13.5728 20.026 -13 557 0 0 1
-0.449174 0.336502 500 -0.0054919 0.0613324 5.16607 60.6613 -13 561 0 0 1
0.115205 -0.134139 500 -0.0942636 0.0328382 9.34107 31.1002 -13 566 0 0 1
-0.16098 0.425357 500 0.0809357 0.0461262 11.8381 41.4379 -13 568 0 0 1
-0.166398 -0.0611749 500 -0.0174873 0.0421281 12.6509 27.9316 -13 571 0 0 1
0.248507 -0.438358 500 -0.052105 -0.0274823 7.04638 43.9963 -13 575 0 0 1
0.100627 0.0641568 500 0.0558889 0.0291555 13.9637 39.5968 -13 584 0 0 1
0.0240626 -0.214417 500 -0.0430491 -0.0532548 11.2323 24.2602 -13 585 0 0 1
-0.0303934 0.13207 500 0.0101583 0.0409329 8.31451 34.3504 -13 592 0 0 1
-0.128641 -0.505021 500 -0.108024 -0.00868942 5.74178 57.7597 -13 593 0 0 1
0.136533 0.175313 500 -0.000165664 -0.0334732 10.7562 46.1259 -13 594 0 0 1
0.0260597 0.162052 500 -0.00391527 0.0241881 10.0352 32.7094 -13 595 0 0 1
0.266181 0.385851 500 0.0372929 -0.0401236 8.13289 38.9297 -13 596 0 0 1
0.369182 -0.173849 500 0.0101609 -0.0925728 10.4236 29.1933 -13 597 0 0 1
-0.21531 0.115813 500 0.00783307 0.0434979 5.74953 37.6379 -13 599 0 0 1
0.419712 -0.0195307 500 -0.0289472 -0.0788808 6.85363 47.8602 -13 602 0 0 1
-1.94657 -0.496413 500 -0.137053 0.128552 9.25619 41.8151 -13 603 0 0 1
-0.274479 0.010787 500 0.0448694 -0.00562394 7.55379 36.6836 -13 604 0 0 1
0.0590831 0.159384 500 -0.0370661 -0.0193508 4.9147 43.422 -13 605 0 0 1
0.0359942 -0.0721434 500 -0.0260727 -0.00884158 12.4494 31.0893 -13 606 0 0 1
-0.00866803 0.0998467 500 0.0428288 0.00753367 11.8857 21.0031 -13 607 0 0 1
0.287723 -0.0165375 500 0.0258479 -0.0966797 12.9362 28.9023 -13 608 0 0 1
-0.223886 -0.062423 500 -0.00415857 0.0249022 11.874 20.1914 -13 609 0 0 1
-0.201601 -0.0525113 500 -0.0697724 0.0214939 8.7547 27.7005 -13 610 0 0 1
0.116814 0.0655049 500 0.0128251 -0.022315 10.3294 22.4362 -13 611 0 0 1
-0.155523 -0.00714663 500 -0.0451102 0.0308029 7.85581 34.6934 -13 612 0 0 1
0.0757206 0.415791 500 0.0924195 -0.00309787 12.4382 29.0741 -13 613 0 0 1
0.0545146 0.0212194 500 -0.021929 -0.00735547 12.1205 17.2918 -13 614 0 0 1
1.40385 -0.899141 500 0.0152297 -0.179146 3.7032 63.356 -13 615 0 0 1
-0.0108401 0.0310193 500 -0.03127 0.0132125 3.7698 70.213 -13 616 0 0 1
0.0113662 -0.0786815 500 0.0156885 0.010615 10.8065 33.708 -13 617 0 0 1
0.128603 -0.0203376 500 0.0165655 0.00971963 8.10329 41.8913 -13 618 0 0 1
0.0646801 0.2877 500 0.044638 0.0561425 4.71634 58.255 -13 619 0 0 1
-0.124464 0.521373 500 0.0662568 0.0281435 12.3626 34.3183 -13 620 0 0 1
0.00957293 0.169537 500 0.0596107 -0.0183887 5.15179 36.5639 -13 621 0 0 1
0.0554959 -0.0276788 500 -0.110662 0.0396424 11.1588 44.2667 -13 622 0 0 1
0.148863 0.00500888 500 -0.000434002 -0.00871507 9.73293 32.736 -13 623 0 0 1
0.108344 0.0935305 500 0.0296209 -0.00881378 14.1659 14.1453 -13 624 0 0 1
0.254262 -0.19055 500 -0.030304 -0.0164459 9.08126 35.7065 -13 625 0 0 1
0.323304 -0.133337 500 -0.094042 -0.131092 6.03809 37.7026 -13 626 0 0 1
-0.0238565 -0.122396 500 -0.0422205 -0.0203762 9.42058 36.7976 -13 627 0 0 1
0.72684 -0.145801 500 0.0213353 0.0983586 2.77006 74.9937 -13 628 0 0 1
0.0885853 -0.14384 500 -0.0380018 0.00452204 10.4497 23.5209 -13 629 0 0 1
-0.150023 0.0584824 500 0.0559798 0.01947 11.7113 42.985 -13 630 0 0 1
0.145012 -0.0621396 500 0.0151419 -0.0351206 8.8539 47.9517 -13 631 0 0 1
-0.131176 0.159014 500 0.0189871 0.00170687 14.0772 25.2307 -13 632 0 0 1
0.107846 -0.0996078 500 0.00456845 -0.0391309 8.35593 29.846 -13 633 0 0 1
-0.703437 -0.037801 500 0.001405 0.0693352 4.80927 39.3873 -13 634 0 0 1
-0.0794164 -0.354455 500 -0.0838119 0.029658 8.03811 39.6044 -13 635 0 0 1
0.00737836 0.592775 500 0.0777172 -0.0550287 14.1355 20.2396 -13 636 0 0 1
-0.171886 0.0915307 500 0.0206137 0.0253329 7.96492 44.3709 -13 637 0 0 1
0.274593 0.564394 500 0.0792776 -0.0477663 12.7083 30.2023 -13 638 0 0 1
0.114424 -0.0607754 500 -0.0218079 -0.0162147 14.0013 18.5259 -13 639 0 0 1
-0.146236 0.0332114 500 0.0069471 0.00247484 10.8952 17.7639 -13 640 0 0 1
0.455477 -0.59183 500 -0.0569493 -0.122882 4.32271 49.648 -13 641 0 0 1
-0.337111 0.332587 500 0.0241596 0.0387546 7.10594 48.0617 -13 642 0 0 1
0.0234128 0.00486685 500 -0.0145814 0.0317541 11.0447 17.0677 -13 643 0 0 1
-0.160026 0.325164 500 0.0467673 0.0124611 13.6981 31.7861 -13 644 0 0 1
-0.0103513 0.0511199 500 0.00967984 0.01229 9.72613 20.8548 -13 645 0 0 1
-0.129661 -0.0230943 500 -0.0102498 0.0104706 13.7602 30.2364 -13 646 0 0 1
-0.0135283 -0.0681422 500 -0.00879911 -0.0375747 5.98186 56.6993 -13 647 0 0 1
0.816327 0.0491782 500 -0.02273 -0.0468129 4.06755 55.269 -13 648 0 0 1
2.44505 0.29721 500 -0.0559609 -0.35492 6.30824 38.6015 -13 649 0 0 1
0.278683 0.0696047 500 0.026297 -0.0239842 13.526 17.6137 -13 650 0 0 1
0.234229 0.0573242 500 0.0622773 -0.0219058 10.0646 30.9368 -13 651 0 0 1
0.0634323 0.140391 500 0.0179468 0.0170453 10.4705 43.3356 -13 652 0 0 1
0.0206406 -0.0506589 500 -0.0177531 0.0233984 11.9788 32.7731 -13 653 0 0 1
-0.184527 -0.246511 500 0.0231717 0.0481679 12.2614 27.1732 -13 654 0 0 1
0.00596712 0.135543 500 0.0410182 0.0236388 14.3553 34.9608 -13 655 0 0 1
-0.235991 0.111797 500 -0.016279 0.0125537 9.57434 34.9911 -13 656 0 0 1
0.128833 -0.0993424 500 -0.00551097 0.0146653 7.94524 44.39 -13 657 0 0 1
-0.0213213 0.22549 500 0.127572 0.0359743 4.92246 51.4039 -13 658 0 0 1
-0.0896474 -0.0628205 500 -0.00284935 -0.0141248 14.457 26.5097 -13 659 0 0 1
-0.0577109 0.0422109 500 0.0237312 0.0307617 11.6883 37.9453 -13 660 0 0 1
0.128284 -0.123399 500 -0.0149427 -0.0214016 10.6377 33.0299 -13 661 0 0 1
0.197839 0.0359195 500 -0.0148078 -0.0471857 12.1322 26.3858 -13 662 0 0 1
0.137115 0.166641 500 0.0387744 -0.0305282 9.53365 48.1183 -13 663 0 0 1
-0.157001 0.0779267 500 0.00465012 0.0454655 8.18222 51.0497 -13 664 0 0 1
-0.0380897 -0.000729854 500 0.0116853 -0.0437801 11.3417 17.9741 -13 665 0 0 1
0.0475502 0.297814 500 0.00804989 -0.0164084 11.765 30.0568 -13 666 0 0 1
0.152593 0.00584611 500 0.000987612 -0.0161675 13.0914 26.7384 -13 667 0 0 1
0.142278 -0.0934193 500 -0.00967369 -0.0484523 6.63808 37.2279 -13 668 0 0 1
-0.173212 0.176681 500 -0.00575993 -0.0152321 9.56107 36.6403 -13 669 0 0 1
-0.0703915 0.0323093 500 0.00294037 -0.00155396 13.5822 30.6519 -13 670 0 0 1
0.330068 0.209629 500 0.0266016 -0.0350713 13.1399 33.5772 -13 671 0 0 1
-0.943395 -0.193429 500 -0.00256533 0.0382271 0.701357 436.305 -13 672 0 0 1
0.17659 -0.0123789 500 0.032623 -0.0250773 3.84649 58.0716 -13 673 0 0 1
-0.0613815 -0.113395 500 -0.00995116 -0.00628639 12.5514 43.7907 -13 674 0 0 1
-0.174076 -0.11223 500 -0.0311803 -0.0136566 7.17385 32.9346 -13 675 0 0 1
0.0538943 0.170327 500 0.0250781 -0.0124607 12.8996 40.1791 -13 676 0 0 1
-0.191689 -0.0399225 500 0.0320055 -0.0126456 11.8331 22.1257 -13 677 0 0 1
-0.0457163 -0.0902186 500 -0.0381339 -0.0101753 9.39824 34.9179 -13 678 0 0 1
0.0189391 -0.249881 500 -0.0164956 0.0325015 8.10938 34.8639 -13 679 0 0 1
-0.156345 0.140431 500 0.0496463 0.0320619 9.26568 38.0408 -13 680 0 0 1
0.0987186 0.0670108 500 0.0350936 -0.0187661 14.0666 15.7451 -13 681 0 0 1
0.126583 -0.0765 500 -0.0282525 0.0033464 13.261 14.8628 -13 682 0 0 1
0.0139439 -0.201507 500 -0.0483481 0.0298396 12.9934 38.95 -13 683 0 0 1
0.499758 -0.481165 500 -0.0897398 -0.0681106 8.58539 37.3847 -13 684 0 0 1
-0.370429 -0.290278 500 -0.0436629 0.0389784 8.03039 29.7501 -13 685 0 0 1
0.0153669 -0.10748 500 -0.00695392 0.0150607 11.6523 42.6873 -13 686 0 0 1
-0.0136796 -0.384483 500 -0.0210114 0.0249324 9.0001 26.5128 -13 687 0 0 1
0.0450144 -0.112493 500 -0.0262049 0.00813371 12.8397 37.1208 -13 688 0 0 1
-0.216461 0.26506 500 0.0411907 0.108064 9.88398 40.7918 -13 689 0 0 1
0.375872 0.00197136 500 -0.0198845 -0.077622 5.16107 53.5399 -13 690 0 0 1
-0.0790618 -0.0546492 500 -0.0204975 0.0422819 12.3202 31.8101 -13 691 0 0 1
0.175753 -0.168684 500 -0.0170421 -0.0974308 7.43996 25.7729 -13 692 0 0 1
0.413572 -0.141263 500 0.00974352 -0.0690682 12.772 35.0865 -13 693 0 0 1
0.463109 0.105407 500 0.00882403 -0.0302729 3.74977 55.6201 -13 694 0 0 1
-0.159738 -0.0136802 500 0.0417784 0.0314645 7.32647 35.3318 -13 695 0 0 1
-0.312264 0.875585 500 0.0448198 0.182997 6.66486 40.4344 -13 696 0 0 1
-0.142792 -0.153935 500 -0.0505883 0.0153772 10.0105 36.4997 -13 697 0 0 1
0.232292 0.110719 500 0.0182477 0.0232269 8.74736 28.4456 -13 698 0 0 1
0.195076 -0.191358 500 -0.0376236 -0.0357031 13.3351 37.3962 -13 699 0 0 1
-0.283656 -0.393844 500 -0.120979 -0.059721 8.7946 30.9172 -13 700 0 0 1
0.133978 0.269497 500 0.0285813 -0.0818756 9.02129 22.0841 -13 701 0 0 1
0.0457134 0.0787643 500 0.0467746 0.0265976 12.2885 40.1273 -13 702 0 0 1
0.0108566 -0.0544221 500 0.00554497 0.00469865 12.0795 37.2716 -13 703 0 0 1
-0.0930696 1.22469 500 0.182126 0.13673 9.38202 27.903 -13 704 0 0 1
0.0783322 0.0115848 500 0.0385791 0.00206473 10.1065 24.5008 -13 705 0 0 1
-0.224605 0.1158 500 0.0138139 0.0138136 9.57038 34.34 -13 706 0 0 1
0.273282 0.112887 500 0.00529414 -0.0416892 13.8463 14.6014 -13 707 0 0 1
-0.186988 -0.00568629 500 0.015055 0.110178 10.5318 35.229 -13 708 0 0 1
-0.347222 0.0174482 500 0.0780252 0.13339 3.59828 60.3535 -13 709 0 0 1
0.154566 0.0270081 500 0.0261398 -0.0332727 7.94063 42.4171 -13 710 0 0 1
-0.0507159 -0.164712 500 -0.0488185 -0.0197241 14.1567 14.5722 -13 711 0 0 1
-0.100346 -0.0750581 500 -0.0135127 0.00526467 11.6081 35.3497 -13 712 0 0 1
0.287317 0.435111 500 0.0328952 0.0062227 6.36327 49.7362 -13 713 0 0 1
0.410415 0.077792 500 0.00474398 -0.0315828 14.0453 34.1615 -13 714 0 0 1
-0.024669 -0.0192958 500 -0.0128634 -0.0059202 12.3765 44.0407 -13 715 0 0 1
-0.135874 -0.19618 500 -0.00150883 0.0619922 13.1177 34.5067 -13 716 0 0 1
-0.0529932 -0.0246864 500 -0.0438818 0.0121187 10.598 32.3742 -13 717 0 0 1
-0.382515 -0.0847442 500 -0.0635824 0.0715902 8.67843 28.7042 -13 718 0 0 1
-0.211387 0.147484 500 0.0507964 -0.00783958 10.657 25.6224 -13 719 0 0 1
0.0107378 0.0276943 500 -0.0549058 0.0745683 11.2746 44.6678 -13 720 0 0 1
-0.0441011 0.293211 500 0.0609286 0.012132 9.67392 44.3856 -13 721 0 0 1
0.0812908 -0.273731 500 -0.0433276 -0.00657359 5.00293 45.2861 -13 722 0 0 1
0.119278 -0.101181 500 -0.0383741 -0.0163189 8.54224 24.4686 -13 723 0 0 1
0.169266 0.14587 500 0.114368 0.00359909 4.86361 58.0509 -13 724 0 0 1
-0.225353 -0.0896231 500 -0.013977 0.0491159 9.60381 30.5631 -13 725 0 0 1
0.286623 0.259426 500 0.070628 -0.091 13.5969 28.8536 -13 726 0 0 1
-0.0934198 0.231049 500 0.0396639 0.0178614 14.1449 17.8558 -13 727 0 0 1
-0.623099 -0.310976 500 0.00513563 -0.066961 3.20538 75.1643 -13 728 0 0 1
-0.263838 0.108143 500 -0.0141076 0.0871497 5.38142 43.6389 -13 729 0 0 1
-0.0348971 0.0762338 500 -0.023345 -0.0267609 11.1694 23.4661 -13 730 0 0 1
0.122137 0.148495 500 0.0507133 -0.0209166 10.9711 19.5258 -13 731 0 0 1
-0.947437 -0.00342202 500 0.0119431 0.0735524 1.64113 92.4479 -13 732 0 0 1
0.158869 -0.131248 500 -0.0296975 -0.0457388 4.61623 49.4687 -13 733 0 0 1
0.245784 0.128119 500 0.052214 -0.0087673 13.6215 36.5632 -13 9 0 0 1
0.175082 0.0538218 500 -0.0973281 -0.028062 1.76211 91.9415 -13 20 0 0 1
-0.124845 0.17999 500 0.034939 0.0295179 14.3687 26.6845 -13 25 0 0 1
0.116173 0.227444 500 0.0467297 -0.014168 7.95605 35.5364 -13 86 0 0 1
-0.0551854 -0.00307902 500 -0.0155388 0.0241288 9.57773 26.8998 -13 98 0 0 1
0.0274047 0.158683 500 0.0394528 0.00632407 13.4993 26.2362 -13 129 0 0 1
-0.231929 0.169926 500 0.0274725 0.0456243 7.22904 28.9735 -13 137 0 0 1
-0.107758 0.400557 500 0.0779749 0.0211667 11.2373 31.4284 -13 147 0 0 1
0.11769 -0.0273036 500 -0.0209557 -0.0394152 9.76778 21.5523 -13 163 0 0 1
-0.339375 0.0606613 500 0.0115189 0.0932764 8.93375 39.1527 -13 170 0 0 1
0.0141293 -0.098502 500 -0.0171828 -0.0307988 10.7792 31.1665 -13 176 0 0 1
0.178395 -0.0942007 500 0.0124015 -0.0635979 8.78978 47.0271 -13 181 0 0 1
-0.0214381 0.0921918 500 -0.00220943 0.0220307 11.4989 31.6843 -13 185 0 0 1
0.0842116 0.00923634 500 0.00895853 -0.0372866 10.3571 24.5693 -13 194 0 0 1
-0.154001 0.176023 500 0.0557216 0.0359872 5.38514 41.5496 -13 204 0 0 1
0.301177 -0.160781 500 0.00385446 0.0239075 3.07604 73.8964 -13 210 0 0 1
0.217502 -0.117243 500 -0.0130123 -0.0547799 8.66222 24.2088 -13 223 0 0 1
0.524653 -0.0826646 500 0.120012 -0.0792716 9.05959 46.1133 -13 231 0 0 1
-0.0834101 0.223051 500 0.0319411 -0.00996979 12.4863 17.564 -13 234 0 0 1
0.01356 -0.11929 500 -0.00497244 0.00604133 12.8304 16.3907 -13 241 0 0 1
0.0934911 -0.716242 500 -0.0977341 -0.0444974 12.91 26.4722 -13 245 0 0 1
-0.491835 0.261614 500 0.0723474 -0.00988361 8.31361 26.1727 -13 254 0 0 1
0.0979391 -0.109186 500 -0.00254879 -0.0328936 14.4646 18.0444 -13 259 0 0 1
0.000189929 -0.0864912 500 -0.00921619 -0.0104555 14.0633 35.4738 -13 267 0 0 1
-0.0633531 -0.00511596 500 -0.0141095 0.00633682 14.4653 22.5661 -13 272 0 0 1
-0.0105535 0.156989 500 0.0339371 0.0354574 9.48613 36.6159 -13 289 0 0 1
-0.152608 0.138663 500 0.0211283 0.0235575 7.3821 53.2484 -13 293 0 0 1
0.377339 -1.9309 500 0.251637 0.160579 0.645557 430.765 -13 298 0 0 1
-0.0185176 -0.00848473 500 0.0447851 -0.00334612 7.56093 39.6549 -13 302 0 0 1
-0.231373 -0.00492603 500 -0.00664575 0.0146685 7.89416 26.7337 -13 734 0 0 1
-0.0898542 0.196057 500 -0.00947608 0.00228703 13.0397 37.6485 -13 740 0 0 1
0.0659574 -0.0267541 500 0.00529379 -0.0157752 14.1756 28.4944 -13 759 0 0 1
-0.0567931 0.0678203 500 0.0175134 0.0230852 11.1503 42.5153 -13 763 0 0 1
-0.0373935 0.159961 500 0.0378143 -0.0245044 8.60027 26.2237 -13 766 0 0 1
-0.198665 -0.412221 500 -0.00939495 -0.007747 6.96577 30.326 -13 769 0 0 1
0.134686 -0.0475072 500 -0.0134484 -0.0289489 12.9388 14.7688 -13 779 0 0 1
0.025199 0.0126041 500 0.0147947 -0.0285573 10.0654 21.5299 -13 782 0 0 1
-0.172429 0.00460114 500 -0.0272411 0.00626655 11.4857 24.4165 -13 795 0 0 1
-0.0255279 -0.0279264 500 -0.0154028 -0.00462875 13.7113 38.5381 -13 798 0 0 1
0.0621852 0.533742 500 0.123236 0.00994198 7.01609 45.34 -13 803 0 0 1
-0.206383 0.176724 500 0.0211329 0.0389918 13.6453 24.0798 -13 807 0 0 1
-0.0523621 0.0275772 500 0.0414122 -0.026834 10.8221 32.9384 -13 810 0 0 1
0.203369 -0.169191 500 -0.0385787 -0.00712382 13.2236 24.7788 -13 813 0 0 1
0.412069 0.326762 500 0.0758808 -0.0388689 11.4743 44.7982 -13 818 0 0 1
0.388733 0.0590395 500 0.0389006 -0.025355 8.4496 25.2094 -13 821 0 0 1
0.110715 0.00845247 500 0.0265925 -0.149133 7.8256 50.8574 -13 835 0 0 1
0.0778078 0.222426 500 0.0164765 -0.0287114 11.1299 38.0296 -13 839 0 0 1
0.186284 -0.0863809 500 -0.00917202 -0.0283842 6.18846 55.6316 -13 842 0 0 1
0.077415 0.0997141 500 0.0186426 -0.0222129 13.4882 22.6958 -13 845 0 0 1
-0.78183 0.0286458 500 -0.0073268 0.152562 4.64609 47.0373 -13 847 0 0 1
-nan -nan -nan -nan -nan -nan -nan -13 864 0 0 1
0.0423556 0.12898 500 0.0698436 0.0837377 5.46459 60.8897 -13 866 0 0 1
-0.473118 0.375719 500 0.0668784 0.112746 5.11765 48.8677 -13 8 0 0 1
-0.152474 0.234424 500 0.0251739 0.00735731 14.5005 19.4716 -13 17 0 0 1
-0.0455184 -0.0925619 500 -0.0187021 0.00337742 11.7753 44.7009 -13 23 0 0 1
-0.18335 -0.0868407 500 -0.00849733 0.0463084 7.02777 46.8305 -13 29 0 0 1
0.128839 0.350878 500 0.0150281 -0.0153951 5.04852 61.2398 -13 35 0 0 1
-0.230432 -0.199234 500 -0.0126652 0.0279762 9.50513 29.1813 -13 39 0 0 1
0.0621862 -0.0840619 500 -0.0193358 0.0709741 11.2543 34.896 -13 44 0 0 1
0.0163759 0.0288246 500 0.0156279 0.0826506 8.19125 23.3498 -13 53 0 0 1
-0.187966 -0.0112101 500 -0.0154417 0.0213585 13.9502 28.4995 -13 61 0 0 1
0.170207 -0.0224055 500 -0.0332089 -0.0203116 8.90905 32.8555 -13 64 0 0 1
0.159081 0.223276 500 0.0766154 -0.00866365 11.6852 19.3443 -13 71 0 0 1
-0.192921 -0.107912 500 -0.0370867 0.0333711 13.5512 26.9834 -13 78 0 0 1
0.49634 -0.35199 500 0.00485054 -0.118085 1.86522 96.4355 -13 87 0 0 1
-0.0836908 -0.013983 500 -0.0184461 0.0284278 12.8665 29.2156 -13 97 0 0 1
-0.126742 -0.0437393 500 -0.0169392 0.00817016 13.4994 23.1696 -13 128 0 0 1
0.201923 0.0812328 500 0.0125704 -0.0308843 14.5469 31.5305 -13 133 0 0 1
0.295995 0.0941888 500 0.11816 0.00112615 4.56624 43.3843 -13 138 0 0 1
0.33974 -0.0262354 500 0.00879064 -0.12018 10.9935 22.0942 -13 143 0 0 1
0.253274 -0.0229593 500 -0.0278076 -0.0491773 9.46751 36.2982 -13 154 0 0 1
0.188727 -0.152165 500 0.0228259 -0.0482267 8.41633 31.6353 -13 158 0 0 1
-0.0328447 -0.120617 500 -0.0419127 -0.0042922 14.2188 33.0368 -13 164 0 0 1
0.111209 0.131156 500 0.00749478 -0.0143145 13.0583 40.3841 -13 169 0 0 1
-0.223646 -0.174727 500 -0.0797908 0.0147006 9.793 42.1653 -13 174 0 0 1
0.228959 -0.230898 500 -0.0216897 -0.0443354 7.14486 48.5828 -13 180 0 0 1
0.0927012 -0.10365 500 -0.0298163 -0.0087913 12.0888 20.8299 -13 192 0 0 1
-0.0139702 -0.14544 500 -0.01605 0.00685436 11.6995 44.938 -13 196 0 0 1
0.0629448 0.0406295 500 0.0164071 -0.0134724 9.24109 47.5259 -13 207 0 0 1
-0.188925 -0.132933 500 -0.0931153 -0.0387373 6.63859 42.1376 -13 211 0 0 1
0.107816 0.112088 500 -0.0128445 -0.0251045 9.89825 30.5051 -13 216 0 0 1
0.876519 -0.216774 500 -0.0756922 -0.12303 9.71869 28.8841 -13 219 0 0 1
-0.0382233 -0.0182458 500 -0.0171398 -0.0024844 12.3439 35.6171 -13 225 0 0 1
-0.447064 -0.193808 500 0.000381736 0.0660988 13.4292 24.3737 -13 229 0 0 1
0.655693 0.238084 500 0.0259547 -0.0713008 4.61842 58.0012 -13 236 0 0 1
0.0502315 0.126413 500 0.0350597 -0.0340353 10.9185 32.9231 -13 242 0 0 1
0.143513 0.371251 500 0.00938519 -0.0329099 8.08869 31.1226 -13 246 0 0 1
0.0899917 0.0669995 500 0.00621058 -0.0440583 10.3496 36.9072 -13 250 0 0 1
0.160667 -0.203601 500 -0.0835413 -0.0406064 11.272 27.2311 -13 257 0 0 1
0.228294 -0.0635086 500 -0.0166193 -0.0595498 12.949 33.312 -13 262 0 0 1
0.0800623 0.000972773 500 -0.0263211 0.0199953 12.2739 20.415 -13 268 0 0 1
-0.00967421 -0.0292395 500 -0.0324935 -0.023122 8.11891 32.4865 -13 273 0 0 1
-0.0566037 -0.0902076 500 0.00421818 -0.000599498 9.61602 43.8267 -13 277 0 0 1
0.165496 -0.0118496 500 -0.0187283 -0.0675913 6.26887 34.6979 -13 280 0 0 1
-0.222224 -0.296407 500 -0.0656816 0.0272901 7.18062 38.4038 -13 284 0 0 1
0.265568 -0.0698552 500 -0.0146611 -0.0188486 11.9668 40.6732 -13 288 0 0 1
0.0398165 -0.698788 500 -0.194663 0.020411 5.95646 44.713 -13 296 0 0 1
-0.0540318 0.0631683 500 -0.00569596 0.00239787 11.9859 19.9583 -13 297 0 0 1
-0.00597393 0.11606 500 0.0154231 0.00564035 11.6341 28.6366 -13 303 0 0 1
0.174165 -0.000149568 500 -0.0140103 -0.0269061 12.3835 21.2697 -13 308 0 0 1
0.070893 -0.0284165 500 0.00819872 0.0120716 12.1614 22.0091 -13 312 0 0 1
0.210707 0.0126918 500 -0.023757 -0.0685892 11.6293 19.518 -13 315 0 0 1
-0.0555212 0.0497145 500 0.015697 -0.0203001 4.16543 61.7077 -13 328 0 0 1
0.045163 0.0348167 500 -0.00520461 -0.0141021 14.2509 34.0495 -13 335 0 0 1
0.443313 0.295366 500 -0.0791071 -0.162327 5.67321 45.0143 -13 336 0 0 1
-0.0817984 0.168405 500 0.0233222 0.0111356 13.7284 31.7619 -13 337 0 0 1
-0.10213 -0.0566897 500 0.0193101 -0.0154079 9.63784 43.3335 -13 338 0 0 1
-0.0841831 -0.122214 500 -0.0421135 -0.0320412 9.28042 48.1432 -13 339 0 0 1
0.077907 0.00269392 500 -0.000479762 -0.000454194 1.17227 437.603 -13 340 0 0 1
-0.0163612 -0.00465396 500 0.0017298 0.0262751 13.2524 20.2208 -13 344 0 0 1
-0.0678231 -0.139556 500 -0.0177152 0.0277902 11.8472 38.1663 -13 747 0 0 1
-0.119219 0.120849 500 0.0434922 0.027375 10.8979 22.8843 -13 771 0 0 1
-0.221367 -0.0733106 500 0.0405033 0.00918637 8.47879 39.8158 -13 778 0 0 1
-0.221347 -0.326106 500 -0.0592552 0.0180079 6.88218 28.7246 -13 784 0 0 1
-0.561983 0.0213127 500 -0.0193772 0.070542 8.91969 37.0571 -13 787 0 0 1
0.153154 0.188686 500 -0.0381648 -0.0451075 9.94494 45.2503 -13 790 0 0 1
-0.0999359 0.237226 500 0.000553214 -0.0414386 7.03491 35.1606 -13 808 0 0 1
-0.258175 -0.443324 500 -0.0405563 0.0535444 5.59712 34.6075 -13 811 0 0 1
-0.0425991 0.14099 500 0.0380748 0.00876053 11.663 43.1232 -13 815 0 0 1
0.227925 -0.211299 500 0.019581 -0.0574213 6.25721 55.4577 -13 819 0 0 1
0.00213161 -0.00897399 500 -0.0085327 0.00114726 11.6923 44.2574 -13 822 0 0 1
0.111015 0.0451656 500 0.005425 -0.00771412 14.5583 33.6224 -13 824 0 0 1
-0.161564 -0.599903 500 -0.100157 -0.0604251 7.57889 37.0641 -13 826 0 0 1
-0.245145 -0.128418 500 -0.00249108 0.0439311 10.0628 44.5311 -13 829 0 0 1
0.023702 0.239545 500 0.0287192 -0.0302367 11.8459 37.1768 -13 836 0 0 1
-nan -nan -nan -nan -nan -nan -nan -13 841 0 0 1
-0.148491 -0.0650186 500 0.0221808 0.00452132 4.17295 64.5111 -13 844 0 0 1
-0.16451 0.12101 500 0.0059236 0.0167779 13.237 18.4578 -13 10 0 0 1
-0.0737417 -0.149028 500 -0.0483678 0.0205759 14.422 35.2589 -13 21 0 0 1
0.0137698 0.137403 500 0.0405191 0.00805298 8.32977 48.6099 -13 24 0 0 1
-0.287873 0.123522 500 0.0832991 0.0389966 13.631 15.563 -13 30 0 0 1
-0.192409 -0.258066 500 0.0519185 0.0444063 8.58934 45.0841 -13 36 0 0 1
0.0375192 0.0131626 500 0.00313235 0.026798 10.9227 37.1298 -13 40 0 0 1
0.0746712 0.449027 500 0.0500476 -0.0261857 4.27195 68.0449 -13 50 0 0 1
-0.00568053 0.0938808 500 -0.0207098 -0.0574989 2.95166 59.4726 -13 54 0 0 1
0.104259 -0.148563 500 -0.0334075 -0.0666193 4.96649 39.8644 -13 65 0 0 1
0.388625 -0.103657 500 -0.197072 0.0231746 7.76724 50.8264 -13 75 0 0 1
-0.266275 -0.0081563 500 0.0427195 0.00832502 9.8564 37.139 -13 83 0 0 1
-0.0709777 0.301194 500 0.0569068 0.0161025 7.34382 37.055 -13 108 0 0 1
0.256022 0.0119794 500 -0.055883 -0.00969595 7.6738 27.3425 -13 112 0 0 1
0.314587 0.0640606 500 0.0350466 -0.0908485 8.0511 29.0015 -13 114 0 0 1
-0.0559523 0.1445 500 0.0160153 0.0350367 14.3916 33.3551 -13 144 0 0 1
0.130121 -0.21999 500 -0.0849377 -0.0549135 8.58227 37.6233 -13 188 0 0 1
0.0249066 -0.05393 500 0.0185457 0.016858 11.6012 37.4223 -13 201 0 0 1
-0.0684435 -0.144392 500 -0.0260869 0.0083461 13.7076 26.2627 -13 209 0 0 1
0.218867 0.65031 500 -0.0615505 0.12862 3.99008 56.4965 -13 215 0 0 1
0.28977 0.560586 500 -0.0464828 0.0584737 5.17649 49.0012 -13 218 0 0 1
-0.0514614 -0.0463677 500 -0.00139204 -0.00419111 12.623 34.1459 -13 227 0 0 1
-0.0710956 -0.246789 500 -0.0422353 0.0380657 12.7788 25.9544 -13 239 0 0 1
-0.654596 -0.0163336 500 0.0550213 0.0940971 8.68723 44.1812 -13 244 0 0 1
-0.0318156 0.0576904 500 0.0153439 0.0270032 12.3528 25.489 -13 249 0 0 1
0.0339119 -0.188362 500 -0.0274055 -0.015269 11.9293 36.4437 -13 253 0 0 1
-0.135645 -0.134905 500 -0.0226582 0.0383668 12.2493 15.5944 -13 256 0 0 1
0.0826014 0.0968664 500 0.0295341 -0.00162738 11.7271 32.2129 -13 258 0 0 1
0.0695111 -0.250204 500 -0.0549391 0.0154789 11.8006 27.2256 -13 269 0 0 1
0.00850876 0.104353 500 0.0201883 0.00533727 12.6134 41.4416 -13 274 0 0 1
0.0538065 -0.116352 500 -0.0111172 -0.037266 13.7529 26.0113 -13 278 0 0 1
-0.240213 0.263951 500 0.0908701 0.0339381 8.14039 42.0513 -13 281 0 0 1
0.485934 0.732952 500 0.150668 -0.0998044 2.9273 81.7293 -13 285 0 0 1
-0.173289 0.074231 500 0.00947464 0.0336497 13.2554 17.0236 -13 292 0 0 1
-0.070339 0.0720716 500 0.040503 0.0147375 8.23889 48.3242 -13 301 0 0 1
-0.148064 -0.336087 500 -0.0446979 0.133922 4.2644 51.3102 -13 307 0 0 1
-0.361467 0.0393824 500 0.0721321 -0.0115356 5.69297 40.4824 -13 310 0 0 1
0.355278 0.0954898 500 -0.0412811 -0.0540462 9.06793 26.4102 -13 316 0 0 1
0.289254 0.398375 500 -0.00377381 -0.014342 0.960075 434.302 -13 324 0 0 1
-0.322568 0.20475 500 0.0222562 0.0499597 12.4585 27.7602 -13 327 0 0 1
0.177077 0.0758515 500 0.00899785 -0.0325036 10.9768 33.2336 -13 735 0 0 1
-4.02371 -0.717554 500 -0.117262 1.08153 2.66319 64.6311 -13 744 0 0 1
0.180064 -0.133174 500 -0.037971 -0.0436454 8.55712 46.9266 -13 746 0 0 1
0.0455624 -0.0323261 500 0.00251945 -0.02602 12.8698 35.1451 -13 768 0 0 1
-0.061899 -0.123619 500 0.0080967 0.0117728 11.4278 20.8467 -13 773 0 0 1
-0.0584354 0.106951 500 0.0231843 0.0156879 13.4009 17.3838 -13 774 0 0 1
0.0533127 -0.425551 500 -0.0776691 -0.0354404 11.6439 20.1384 -13 781 0 0 1
0.0303276 0.278667 500 0.00938791 0.021381 9.57684 37.8733 -13 786 0 0 1
0.0509106 0.0435649 500 0.00490197 0.0108539 14.1654 28.1983 -13 789 0 0 1
0.327126 -0.745356 500 -0.13299 0.024502 2.93665 62.8477 -13 806 0 0 1
0.117191 0.411631 500 0.114386 -0.0573905 10.3401 24.8426 -13 897 0 0 1
0.0267812 0.044195 500 0.0330437 0.0054455 11.43 17.787 -13 900 0 0 1
-0.0602817 0.158328 500 0.037834 -0.0191656 8.63537 23.3691 -13 902 0 0 1
0.119225 0.0031497 500 -0.011608 -0.0200032 12.5539 22.2078 -13 904 0 0 1
-0.00636623 -0.196371 500 -0.0817028 -0.0154108 10.4639 37.2696 -13 906 0 0 1
0.0794269 0.238031 500 0.00614123 -0.0300331 12.9359 17.6366 -13 908 0 0 1
0.316316 -0.0228155 500 -0.0240417 -0.0256825 7.25625 39.7932 -13 909 0 0 1
0.0592406 0.183561 500 0.0635253 -0.00238259 11.8346 17.4697 -13 912 0 0 1
-0.202851 0.036864 500 -0.0104756 0.0486272 10.2914 19.715 -13 914 0 0 1
0.0732341 -0.266458 500 -0.0680683 -0.018838 9.11445 26.2686 -13 915 0 0 1
-0.13271 0.0896364 500 0.0179976 0.0290298 13.8021 32.1612 -13 916 0 0 1
0.159756 -0.0537482 500 0.0169552 -0.0190368 12.4905 34.2548 -13 917 0 0 1
-0.051629 0.039803 500 -0.0257875 -0.0322686 12.8415 38.4204 -13 918 0 0 1
0.374256 0.244253 500 0.0641605 -0.0426652 3.79058 50.4608 -13 919 0 0 1
0.0403199 -0.219435 500 -0.0355247 0.0126477 8.63972 24.1917 -13 920 0 0 1
0.0958443 -0.0585297 500 -0.02098 -0.000993419 12.8761 35.3271 -13 922 0 0 1
-0.0167384 -0.0167384 500 0.0113766 -0.00247592 13.6183 27.4073 -13 924 0 0 1
-0.297096 -0.170398 500 -0.00488677 0.0317376 12.8077 15.1782 -13 926 0 0 1
-0.0667298 -0.0569021 500 -0.0181762 0.0227609 11.7859 39.189 -13 928 0 0 1
0.101262 -0.0821646 500 0.00737511 -0.00994585 13.5483 20.2052 -13 929 0 0 1
0.100808 -0.336306 500 -0.0370983 0.0171879 12.7293 32.655 -13 930 0 0 1
0.0152267 -0.0134203 500 -0.0108496 -0.0118825 11.4447 45.0137 -13 932 0 0 1
0.280418 -0.0297235 500 -0.0132787 -0.0936201 8.59006 33.4035 -13 934 0 0 1
0.127208 -0.104131 500 -0.020023 -0.0270951 12.4461 28.2823 -13 936 0 0 1
0.100576 0.227418 500 0.0964695 -0.0536218 4.6209 42.2016 -13 938 0 0 1
0.172328 -0.0390164 500 -0.0113398 -0.0265555 5.9568 34.1385 -13 940 0 0 1
0.0204739 -0.468192 500 0.00945857 0.000175228 2.02778 88.2518 -13 942 0 0 1
-0.205468 -0.215912 500 -0.0174767 0.0516616 5.71521 54.3011 -13 944 0 0 1
0.0139047 -0.166683 500 -0.042285 -0.0100425 8.40687 33.4146 -13 51 0 0 1
-0.0664527 0.147043 500 0.0335391 0.013023 8.71837 43.6247 -13 81 0 0 1
0.0986843 -0.274278 500 -0.0162293 -0.0711544 6.64323 54.4933 -13 92 0 0 1
-0.0197046 0.0988222 500 0.0451136 0.0247153 12.3224 15.7022 -13 100 0 0 1
0.342328 0.201987 500 0.0702002 -0.0879961 7.3887 37.5103 -13 148 0 0 1
-0.48374 -0.0579818 500 -0.0183062 0.111106 4.80818 40.4675 -13 187 0 0 1
-0.715887 -0.0295401 500 0.0401402 -0.056225 1.02659 429.823 -13 206 0 0 1
-0.0400001 0.296871 500 0.0634875 -0.00601278 8.97534 49.0381 -13 213 0 0 1
-0.16047 -0.0086161 500 0.0172312 0.0229365 11.9006 35.9228 -13 739 0 0 1
0.249099 0.33428 500 0.0728361 -0.0320157 4.12554 65.1458 -13 742 0 0 1
-0.140582 -0.266515 500 -0.0381859 -0.00766998 7.19106 37.4651 -13 757 0 0 1
-0.753304 0.366971 500 0.0385595 0.102974 6.36123 34.9367 -13 761 0 0 1
-0.0622659 -0.199272 500 0.0315441 -0.0127953 5.86238 37.6775 -13 765 0 0 1
0.0722244 0.0634281 500 0.0240686 0.010206 12.6386 43.6858 -13 767 0 0 1
0.0140713 -0.069029 500 -0.0429885 -0.0192384 13.6363 20.3062 -13 770 0 0 1
0.0585407 0.0198367 500 0.00549824 -0.0112255 11.8503 27.0802 -13 776 0 0 1
0.0767137 0.0430449 500 0.00875427 0.0250007 9.56036 23.5308 -13 780 0 0 1
-0.337102 0.288363 500 -0.000910602 0.0386014 7.46198 36.5906 -13 794 0 0 1
-0.589833 0.481347 500 -0.139543 0.149527 8.85977 43.2552 -13 796 0 0 1
-0.0596004 0.144507 500 0.00781292 0.0413858 13.5506 16.0155 -13 800 0 0 1
0.0652031 0.180967 500 0.0668445 0.0246712 13.0075 21.7276 -13 804 0 0 1
-0.298725 -0.125912 500 -0.0335283 0.0656768 14.082 42.1735 -13 830 0 0 1
0.0869324 0.0496384 500 -0.026835 -0.0351477 9.01217 49.4583 -13 833 0 0 1
0.286122 0.172264 500 -0.00396963 0.00336518 0.969143 430.675 -13 852 0 0 1
-0.00474766 0.0227861 500 0.00505562 -0.0136465 11.5606 39.4357 -13 855 0 0 1
0.114142 0.210484 500 0.0299727 -0.0218311 11.4122 23.9777 -13 47 0 0 1
-0.110543 0.466658 500 0.105417 -0.0662003 6.39973 41.4805 -13 84 0 0 1
0.385204 -0.129073 500 0.0410594 -0.0228624 5.74914 39.4734 -13 94 0 0 1
-0.193308 0.105581 500 -0.000231763 0.0581961 10.3145 45.5718 -13 106 0 0 1
-0.0702084 -0.0435105 500 0.0265469 0.0116871 9.84647 22.1202 -13 111 0 0 1
0.0757736 -0.165763 500 -0.0312386 -0.0193902 13.2271 33.3764 -13 115 0 0 1
0.00466679 0.317947 500 0.106598 -0.0250014 8.10178 25.6692 -13 151 0 0 1
-0.131684 -1.17215 500 -0.240333 -0.0876594 5.75735 31.9039 -13 189 0 0 1
0.116225 0.390314 500 0.0474547 0.021973 7.16151 36.0982 -13 205 0 0 1
0.22087 -0.034523 500 -0.00705345 -0.0227425 13.9486 14.4896 -13 212 0 0 1
0.0220009 0.0298656 500 0.0274721 0.0146207 9.46051 32.1193 -13 217 0 0 1
0.0202468 0.0714273 500 0.00272252 0.0135986 13.3227 25.481 -13 220 0 0 1
0.086344 0.0799657 500 0.0298323 -0.0438688 3.30729 58.3981 -13 221 0 0 1
-0.13718 0.151377 500 0.0676588 0.0089065 12.7276 19.6627 -13 240 0 0 1
-0.150234 0.229164 500 0.0271939 0.00165663 11.6441 26.0567 -13 247 0 0 1
0.246643 0.227024 500 0.0435466 -0.0683461 8.32056 47.7562 -13 251 0 0 1
-0.13488 0.167124 500 0.0447772 0.0472603 13.8351 28.2305 -13 261 0 0 1
0.170102 0.118329 500 0.0148377 -0.037607 11.3147 40.5239 -13 266 0 0 1
0.229632 -0.197286 500 -0.0212458 -0.0504439 7.2996 51.8974 -13 271 0 0 1
-0.140303 -0.133347 500 0.0694173 0.0351245 8.79009 40.1014 -13 275 0 0 1
-0.0170331 0.064893 500 -0.00749266 -0.0173463 13.3503 34.2787 -13 279 0 0 1
0.0124985 -0.601203 500 -0.0994151 0.00256577 10.712 24.1526 -13 283 0 0 1
-0.109998 -0.144228 500 -0.0322562 0.00157454 6.79867 52.2884 -13 286 0 0 1
-0.985274 -0.230766 500 -0.461855 -0.259782 3.0921 78.181 -13 300 0 0 1
0.0670336 0.173576 500 0.0206474 -0.0459219 11.0439 26.5738 -13 305 0 0 1
0.240281 0.00751191 500 0.00753333 -0.0313665 14.0061 30.2616 -13 311 0 0 1
0.100016 -0.0597668 500 0.0401444 -0.0300929 13.8079 14.911 -13 314 0 0 1
0.0039388 0.190289 500 0.0634514 -0.00798666 8.97245 28.3197 -13 330 0 0 1
0.138894 -0.216238 500 -0.00522258 0.0102005 9.84791 29.6973 -13 333 0 0 1
-0.0472095 0.148468 500 -0.0141864 0.0205345 12.8473 16.8729 -13 334 0 0 1
-nan -nan -nan -nan -nan -nan -nan -13 342 0 0 1
-0.212901 -0.0361811 500 0.00261534 0.0119078 12.1048 29.7322 -13 347 0 0 1
0.100828 -0.135932 500 -0.0356873 0.0115268 11.4984 30.5593 -13 745 0 0 1
-0.232072 -0.120001 500 -0.0397907 0.0122366 10.4407 39.0613 -13 750 0 0 1
-0.338467 -0.264893 500 -0.0658769 0.0384212 10.8036 19.5968 -13 753 0 0 1
-0.0638347 0.192835 500 0.0409991 0.00077848 10.6824 29.5604 -13 777 0 0 1
-0.209307 0.0445707 500 0.00142605 0.0311307 4.92609 49.6676 -13 785 0 0 1
0.0339719 0.0575055 500 0.018326 -0.0200828 12.3544 33.0772 -13 788 0 0 1
-0.137955 0.0529307 500 0.00492577 0.00410471 11.4168 32.9895 -13 793 0 0 1
0.0183409 0.329392 500 0.0651466 -0.0491065 6.49464 29.5482 -13 812 0 0 1
0.290295 0.159321 500 0.0658974 -0.050712 5.31078 57.7172 -13 817 0 0 1
-0.0942225 -0.0342256 500 -0.0306881 0.0228627 13.394 20.5462 -13 820 0 0 1
-0.299436 -0.0769219 500 -0.00204632 0.0702683 12.6034 37.7673 -13 823 0 0 1
0.083646 0.0346192 500 -0.00394861 0.0322252 14.4492 38.807 -13 825 0 0 1
-0.0480181 -0.147063 500 -0.0810358 0.0123319 8.63477 47.685 -13 828 0 0 1
0.0792527 0.199321 500 -0.031817 -0.00675065 8.37307 28.4621 -13 831 0 0 1
0.108225 0.181227 500 0.0234687 -0.00760595 5.38333 57.2675 -13 834 0 0 1
0.763916 -0.909211 500 -0.0491331 -0.168263 8.29483 28.9186 -13 843 0 0 1
0.252002 0.0163873 500 0.000537757 -0.0475097 12.2879 31.6219 -13 846 0 0 1
-0.825588 -0.544998 500 -0.05286 0.12067 4.6923 64.8013 -13 848 0 0 1
0.0074232 -0.0586378 500 -0.0105336 0.0400527 9.5693 21.3256 -13 849 0 0 1
0.167756 0.0854497 500 0.0346259 -0.0160289 8.88091 28.3716 -13 851 0 0 1
1.22205 -0.0792598 500 -0.0622499 -0.162553 4.82096 40.3173 -13 853 0 0 1
0.0945289 -0.186036 500 -0.0113259 -0.0268326 12.9564 25.8719 -13 859 0 0 1
0.0396008 0.228361 500 0.0349183 -0.00356372 14.0808 19.3518 -13 921 0 0 1
0.594717 0.209284 500 0.0668405 -0.0987421 3.84447 72.1364 -13 923 0 0 1
-0.249204 -0.130645 500 0.00740018 0.0546199 13.9646 41.6388 -13 925 0 0 1
0.507589 -0.168131 500 -0.00402934 -0.0453946 4.8025 51.4195 -13 927 0 0 1
-0.0176341 -0.0856644 500 0.00695049 -0.0172273 13.3056 35.0977 -13 931 0 0 1
-0.00388792 0.129046 500 0.0104917 -0.00120915 13.6119 26.9002 -13 933 0 0 1
0.142542 0.120365 500 -0.0851991 0.000236751 10.4218 38.8486 -13 935 0 0 1
-0.161883 -0.0574846 500 -0.00852744 0.0448135 12.5326 41.9569 -13 937 0 0 1
0.21699 -0.0118973 500 0.0768622 -0.0499438 13.8157 23.2962 -13 939 0 0 1
-0.0889167 0.153264 500 0.0202102 0.0221193 12.2833 30.8264 -13 941 0 0 1
-0.210125 0.309431 500 0.0403243 0.0081815 10.4766 42.3037 -13 943 0 0 1
0.005462 0.0925094 500 0.162203 0.0622901 3.79616 70.9658 -13 945 0 0 1
-0.0702962 0.00911895 500 0.00883617 -0.0017833 14.302 25.7542 -13 946 0 0 1
0.00161551 0.0160796 500 0.0165413 -0.0380365 10.4849 22.5451 -13 947 0 0 1
-0.0357068 -0.370802 500 -0.0469125 0.0597296 7.71671 28.4495 -13 948 0 0 1
-0.160278 -0.031514 500 -0.00555463 0.0253817 12.4834 35.686 -13 949 0 0 1
0.342353 -0.413904 500 -0.0762709 -0.0170348 3.08918 54.3647 -13 950 0 0 1
-0.275648 -0.400039 500 -0.0771563 0.0370462 5.30587 40.3949 -13 951 0 0 1
-0.425155 -1.2595 500 -0.135622 -0.00180491 3.9762 68.207 -13 952 0 0 1
-0.18867 0.05651 500 0.00732669 0.0254241 9.86797 25.3089 -13 953 0 0 1
0.0881322 -0.0649126 500 -0.155422 -0.0159379 6.74952 46.4418 -13 954 0 0 1
0.0906956 0.0378772 500 -0.0665423 -0.0243364 7.36767 41.4564 -13 955 0 0 1
0.476873 -0.071021 500 -0.00601714 -0.0913242 6.8394 33.4094 -13 956 0 0 1
-0.134305 -0.0450499 500 -0.00961904 0.0349122 14.062 31.9556 -13 957 0 0 1
0.490638 -0.0128153 500 -0.0163212 -0.0736091 11.8484 29.6831 -13 958 0 0 1
0.0515697 0.0152984 500 -0.0174924 -0.0213563 10.406 38.0695 -13 959 0 0 1
-0.021781 0.0457347 500 0.0152956 0.0111208 14.4405 22.2327 -13 960 0 0 1
0.0607102 0.644114 500 0.00605023 -0.00336011 1.40028 92.0856 -13 961 0 0 1
-0.0764137 0.144124 500 0.0137811 0.00242028 11.8144 34.4945 -13 962 0 0 1
-0.0813252 -0.283541 500 -0.0255165 -0.0297482 8.9255 33.0562 -13 969 0 0 1
-nan -nan -nan -nan -nan -nan -nan -13 970 0 0 1
-0.0705252 0.150874 500 0.0002239 0.042643 13.2478 27.8301 -13 971 0 0 1
-0.0679987 -0.0760133 500 -0.00675351 0.00707297 10.3714 21.5845 -13 31 0 0 1
-0.445344 -0.182402 500 -0.0248826 0.0250104 3.34515 74.5443 -13 33 0 0 1
0.10162 0.0397946 500 0.0260652 -0.00105123 11.8494 38.7034 -13 38 0 0 1
0.189225 -0.14057 500 -0.0240666 -0.0313797 14.419 24.4741 -13 43 0 0 1
-0.462877 -0.243884 500 -0.0608916 -0.00674271 6.73678 36.6907 -13 48 0 0 1
-0.0584074 -0.0557015 500 -0.0170842 0.0278076 8.28539 43.2225 -13 60 0 0 1
-0.0981823 0.0918164 500 0.00743259 -0.02704 10.645 36.4575 -13 68 0 0 1
0.0762604 -0.180905 500 -0.0361906 -0.0110777 10.7315 31.5666 -13 74 0 0 1
0.0839449 0.0607904 500 0.0226568 -0.0330146 13.202 36.8801 -13 82 0 0 1
0.117014 -0.118787 500 -0.0593521 0.0065256 7.11311 52.4115 -13 91 0 0 1
-0.257178 -0.160249 500 -0.0153087 0.069044 10.7717 28.5701 -13 95 0 0 1
-0.0505929 0.119171 500 0.0206315 -0.00287935 11.5729 20.7796 -13 117 0 0 1
-0.225519 -0.0566104 500 0.00540358 -0.00531091 4.89176 57.5588 -13 123 0 0 1
0.367496 0.0146235 500 0.0284606 0.00240518 9.63557 24.6216 -13 127 0 0 1
-0.17161 0.369511 500 0.0230456 0.0244847 10.4393 39.5772 -13 130 0 0 1
0.0343228 0.0768505 500 0.0525997 -0.00916994 11.4922 35.4972 -13 139 0 0 1
0.176829 0.32354 500 0.0589098 -0.0022419 13.8472 33.7748 -13 150 0 0 1
0.0112296 0.165001 500 0.00882015 -0.0118669 11.972 31.9348 -13 156 0 0 1
-0.338452 -0.464346 500 -0.103518 -0.0205687 9.7857 33.7761 -13 162 0 0 1
-0.0477979 -0.0383397 500 0.00564734 -0.00603659 9.87807 23.2585 -13 167 0 0 1
0.00604548 -0.0865902 500 -0.00588512 -0.00405536 13.0605 15.1632 -13 173 0 0 1
-0.200473 0.00120309 500 -0.0229313 -0.00926027 5.50815 48.3854 -13 179 0 0 1
-0.0680948 -0.0214202 500 0.04828 0.0576037 8.42116 27.0965 -13 190 0 0 1
0.415949 0.0636575 500 -0.0224451 -0.0538403 0.881855 106.548 -13 200 0 0 1
0.128296 -0.0402608 500 -0.0136429 -0.0427719 8.90071 27.2301 -13 222 0 0 1
-0.161269 -0.252386 500 -0.0644801 0.0618084 8.23649 42.1557 -13 737 0 0 1
0.236301 0.120895 500 0.0487566 0.0182131 8.31923 23.3915 -13 743 0 0 1
-0.230371 -0.0888704 500 -0.00179698 -0.0153292 12.1047 16.5301 -13 749 0 0 1
-0.0702699 0.611489 500 0.0162321 0.0584395 6.53857 31.5285 -13 752 0 0 1
0.0342538 0.0965834 500 0.0752032 0.0149071 8.66198 46.2573 -13 754 0 0 1
-0.346346 0.00418 500 0.00910564 0.0697445 7.93041 30.0013 -13 755 0 0 1
0.0583354 0.0524973 500 0.0344615 -0.0292786 7.93681 25.2804 -13 758 0 0 1
-0.483663 -0.0485309 500 0.0793175 0.0334722 8.0723 42.6354 -13 760 0 0 1
0.10258 -0.511399 500 -0.0622157 -0.0451451 9.85888 29.3728 -13 764 0 0 1
0.0224366 -0.227264 500 -0.0568188 0.0264331 11.7753 43.7667 -13 792 0 0 1
-0.165438 -0.130094 500 -0.0585531 -0.00339171 14.0052 37.9638 -13 797 0 0 1
0.157823 -0.20085 500 -0.0138659 0.056253 5.73806 35.809 -13 801 0 0 1
0.200711 0.0167208 500 -0.0509077 0.0487505 3.82433 73.3923 -13 827 0 0 1
-0.185232 0.285512 500 0.0586995 0.094105 13.7812 26.9983 -13 832 0 0 1
0.0463802 -0.359728 500 -0.0572234 0.0200774 10.8071 26.0774 -13 837 0 0 1
-0.0883029 -0.135003 500 -0.0208978 -0.00248005 12.3735 36.9575 -13 850 0 0 1
-0.135869 0.0904989 500 0.00607432 0.0151958 11.4778 19.4117 -13 854 0 0 1
-0.173271 -0.0945012 500 -0.00453667 0.0434546 14.3321 21.084 -13 857 0 0 1
0.165427 0.0857368 500 0.00505743 -0.0615232 13.0401 38.9476 -13 860 0 0 1
-0.00947617 -0.120654 500 -0.0135274 -0.044355 11.1759 19.4182 -13 861 0 0 1
-0.334611 -0.434525 500 -0.0649594 0.0947021 3.71558 51.7277 -13 863 0 0 1
0.128092 0.0106116 500 0.152366 0.0114096 6.89355 39.462 -13 865 0 0 1
-0.15524 -0.195038 500 -0.0392065 0.0167481 9.19632 40.5141 -13 869 0 0 1
0.091804 -0.102669 500 -0.0164693 -0.0433062 12.371 30.035 -13 870 0 0 1
0.146443 0.237451 500 0.0629071 -0.0281494 13.7382 35.6548 -13 871 0 0 1
0.465221 -0.708909 500 -0.188633 -0.093023 5.17071 54.4216 -13 872 0 0 1
0.296788 0.217521 500 0.0123079 0.0347528 4.56124 44.3286 -13 873 0 0 1
-0.376899 -0.637728 500 -0.0589368 0.0508191 4.84061 49.6229 -13 874 0 0 1
0.331637 0.115556 500 0.0800655 -0.0821633 3.21291 53.4719 -13 875 0 0 1
-0.23717 0.182287 500 0.039474 0.0481378 11.7745 27.2469 -13 876 0 0 1
0.246572 0.233575 500 -0.0155277 -0.101328 9.16603 42.6762 -13 877 0 0 1
-nan -nan -nan -nan -nan -nan -nan -13 878 0 0 1
0.0106524 0.183152 500 0.0276509 -2.91199e-05 14.2404 38.9932 -13 879 0 0 1
-nan -nan -nan -nan -nan -nan -nan -13 193 0 0 1
2.93525 0.465134 500 -0.025463 0.0289382 0.993529 422.829 -13 197 0 0 1
0.411936 -0.22759 500 -0.00789639 -0.0144055 8.41144 44.3987 -13 738 0 0 1
-0.0473093 0.0279498 500 -0.00338552 0.0297372 12.9393 19.6522 -13 880 0 0 1
-0.0162442 0.169529 500 0.0517109 -0.00384749 14.5319 25.2901 -13 881 0 0 1
-0.477867 0.205807 500 -0.0481511 0.119975 6.44349 48.9902 -13 882 0 0 1
-0.109899 0.408474 500 -0.0332254 0.0201251 7.13182 49.2916 -13 883 0 0 1
0.139094 0.0263184 500 0.038185 -0.00391988 5.73496 48.2637 -13 884 0 0 1
0.109806 -0.324735 500 -0.0473063 -0.0151568 12.5511 16.2493 -13 885 0 0 1
0.0649743 0.260045 500 0.040707 0.00723168 8.48393 27.9868 -13 886 0 0 1
-0.0454589 -0.000650764 500 -0.00833787 -0.00489126 8.53067 21.848 -13 887 0 0 1
-0.222586 0.0425512 500 0.0319075 0.0138449 8.56442 40.4945 -13 888 0 0 1
-0.222936 0.0424797 500 0.0109522 0.0466704 11.3126 40.8564 -13 889 0 0 1
1.19985 0.861846 500 0.0304282 -0.234337 10.8442 28.6052 -13 890 0 0 1
-0.0171339 0.0364508 500 -0.0349852 0.0373764 7.537 32.093 -13 891 0 0 1
-0.342221 -0.248186 500 -0.0629161 0.0664826 14.0652 21.911 -13 892 0 0 1
0.0569655 -0.131844 500 0.00460852 0.0158001 9.37544 22.9812 -13 893 0 0 1
0.103431 -0.00621212 500 -0.0233948 -0.0634087 12.6033 32.9838 -13 894 0 0 1
-0.139477 0.15832 500 0.0230539 0.0439143 11.614 32.5978 -13 895 0 0 1
-0.0299559 -0.105296 500 -0.0869292 -0.00286118 6.78208 48.1499 -13 896 0 0 1
-0.255317 -0.234933 500 -0.0422731 0.0435985 8.39996 38.0447 -13 898 0 0 1
-0.0662336 0.0525919 500 0.0418011 0.00975331 6.68821 36.544 -13 899 0 0 1
-0.421635 -0.253818 500 -0.0727421 0.111598 5.22128 61.8796 -13 901 0 0 1
-0.299541 -0.663744 500 -0.132661 0.0943262 6.59033 34.9153 -13 903 0 0 1
0.0695644 0.186942 500 0.0202727 0.0015658 5.17954 52.2515 -13 905 0 0 1
-0.00277521 0.0523762 500 0.01431 -0.0230483 11.6286 42.1485 -13 907 0 0 1
0.298984 -0.469988 500 -0.0920044 -0.026631 9.26896 21.3081 -13 910 0 0 1
-0.738475 -0.133998 500 -0.0918637 0.163364 1.11638 107.491 -13 911 0 0 1
0.0750107 -0.520175 500 -0.0794059 0.0689213 10.635 19.5224 -13 11 0 0 1
-0.14762 -0.157821 500 0.0118861 0.0321635 13.0813 42.6694 -13 18 0 0 1
0.185318 0.0829692 500 -0.0101378 -0.0163649 8.46722 31.4185 -13 27 0 0 1
-0.68439 -0.39222 500 -0.102132 0.0626684 9.90414 39.8401 -13 42 0 0 1
0.18801 -0.913257 500 -0.0296632 -0.0843105 1.84684 91.4651 -13 52 0 0 1
0.271234 -0.145171 500 -0.0175173 -0.0226874 10.362 36.8854 -13 55 0 0 1
-0.0739393 -0.205263 500 -0.0915862 0.00156728 10.9796 26.1809 -13 736 0 0 1
-0.206886 -0.131898 500 0.0037198 0.0035014 8.6821 40.1831 -13 741 0 0 1
-0.133123 -0.120671 500 0.0126807 0.0327943 10.5619 34.2074 -13 748 0 0 1
0.0326005 -0.149802 500 -0.057003 0.0358593 11.1172 40.531 -13 751 0 0 1
-0.0576599 -0.470768 500 -0.0614134 0.130246 5.39951 44.6515 -13 756 0 0 1
0.368075 0.121987 500 0.078046 -0.068231 13.8683 41.6098 -13 762 0 0 1
0.110116 0.106663 500 0.00838401 -0.0564302 14.329 15.1896 -13 772 0 0 1
-0.491331 -0.243854 500 -0.0197868 0.0777647 3.75529 48.4849 -13 775 0 0 1
0.189247 0.0356965 500 -0.0477675 -0.0253106 6.951 42.4068 -13 783 0 0 1
-0.590713 0.139571 500 -0.061655 0.042593 4.88728 60.2796 -13 791 0 0 1
0.0568972 0.12807 500 0.0456867 0.0198761 9.37351 48.6936 -13 799 0 0 1
0.348627 -0.111901 500 -0.00472342 -0.00453537 12.5417 41.5798 -13 805 0 0 1
-0.0158611 0.0816175 500 0.00815831 0.000709874 14.3039 26.625 -13 809 0 0 1
-0.305751 -0.711758 500 -0.145717 -0.0225497 9.61655 29.7121 -13 814 0 0 1
0.467064 0.0151724 500 0.0179213 -0.0683326 6.02459 34.3791 -13 816 0 0 1
-0.0312715 -0.087736 500 -0.0221489 -0.0174396 12.8301 31.1975 -13 838 0 0 1
0.403325 -0.0873187 500 -0.104737 -0.0287598 9.86225 40.0583 -13 840 0 0 1
-0.213072 -0.0548085 500 0.0135924 0.0536082 10.2164 44.095 -13 858 0 0 1
0.282221 -0.383842 500 -0.102601 -0.0205065 5.87502 51.2518 -13 862 0 0 1
-0.0573007 -0.209159 500 -0.0359213 -0.0100417 8.35481 31.8655 -13 868 0 0 1
-0.0943211 -0.0462732 500 0.0167636 -0.00222397 11.8693 38.2958 -13 963 0 0 1
-0.243691 0.16822 500 0.0383178 0.050732 10.3719 44.0673 -13 964 0 0 1
-0.0424299 0.000107 500 -0.00500948 0.00773531 11.3344 31.7427 -13 965 0 0 1
-0.0539096 -0.314713 500 -0.0576732 -0.0189033 9.40161 27.3529 -13 966 0 0 1
0.115749 0.238376 500 -0.14315 0.00990491 2.41738 69.6113 -13 968 0 0 1
