#BLTrackFile NTuple/Z720
#x y z Px Py Pz t PDGid EventID TrackID ParentID Weight
#mm mm mm MeV/c MeV/c MeV/c ns - - - - -
-0.113597 0.223516 720 -0.00258623 0.0265361 11.497 41.3278 -13 1 0 0 1
0.0256551 -0.125288 720 -0.00363836 -0.0474369 12.5643 42.9202 -13 2 0 0 1
0.33553 0.0771703 720 0.069722 -0.0598638 9.90182 28.2435 -13 3 0 0 1
0.379744 -0.0766471 720 0.00553649 -0.134688 11.1004 27.2134 -13 4 0 0 1
0.0975305 -0.350184 720 -0.0627015 -0.0192323 6.84714 44.2701 -13 5 0 0 1
0.00200275 -0.164496 720 -0.00222149 -0.0652402 7.61737 55.4767 -13 6 0 0 1
0.195897 0.121576 720 -0.00330435 -0.0401453 12.03 34.7808 -13 7 0 0 1
-0.259088 0.13023 720 -0.0579892 0.0364728 3.46316 72.6081 -13 13 0 0 1
0.134642 -0.175633 720 -0.0525645 -0.00970237 10.5144 26.163 -13 22 0 0 1
0.111232 0.0728463 720 -0.00780652 -0.037261 11.5674 50.0239 -13 28 0 0 1
0.0238148 -0.0744357 720 -0.0390465 -0.0414078 9.75774 53.7459 -13 57 0 0 1
-0.01951 0.183444 720 0.00523156 -0.00175524 14.0103 46.7407 -13 63 0 0 1
0.105499 -0.0344427 720 -0.036517 -0.0218944 11.5204 34.9433 -13 67 0 0 1
0.17403 0.12273 720 0.0360913 -0.0763687 5.99447 63.6592 -13 73 0 0 1
-0.0136413 -0.13263 720 -0.0389434 0.0363287 10.2767 52.9451 -13 80 0 0 1
0.285281 -0.0956142 720 0.0155137 -0.00125218 8.48097 38.6391 -13 88 0 0 1
0.327521 0.174874 720 0.0230664 -0.0705383 8.78132 36.0061 -13 105 0 0 1
-0.141409 0.688916 720 0.173138 0.0481883 5.78219 48.8981 -13 118 0 0 1
-0.567125 0.610754 720 0.116553 0.192379 7.48415 48.2158 -13 120 0 0 1
-0.416907 0.0207875 720 -0.0156153 0.0468102 9.02648 34.9997 -13 122 0 0 1
0.442051 -0.301084 720 0.0126556 -0.0716601 11.712 47.1907 -13 126 0 0 1
0.142785 0.251499 720 0.0102192 -0.023166 9.16049 36.3942 -13 131 0 0 1
-0.0380487 -0.0561399 720 -0.0397097 -0.0274939 12.9721 31.9556 -13 136 0 0 1
-0.424599 0.119892 720 0.0487188 0.0500082 13.7428 30.6686 -13 142 0 0 1
0.203585 0.0498407 720 0.0860864 -0.0202944 6.96541 45.2076 -13 149 0 0 1
0.0375604 -0.128219 720 -0.0484611 0.00395475 13.2264 28.941 -13 157 0 0 1
0.0890498 2.25179e-05 720 0.0351553 -0.00524804 14.3321 41.1707 -13 159 0 0 1
0.14109 -0.239872 720 -0.0161907 -0.0409863 12.3357 45.7639 -13 165 0 0 1
-0.207454 0.0953963 720 -0.000707318 0.0373153 14.5029 40.0636 -13 171 0 0 1
0.109793 0.483832 720 0.162427 -0.0388749 3.08234 79.3438 -13 177 0 0 1
-0.105838 -0.21271 720 -0.033196 0.00314934 9.23186 45.4542 -13 182 0 0 1
-0.476707 -0.255725 720 0.00944552 0.0681244 10.8633 45.8173 -13 195 0 0 1
0.0418541 -0.022749 720 -0.0737233 -0.0180501 12.3156 25.663 -13 198 0 0 1
-0.0127878 0.107651 720 0.024483 -0.0215097 13.4981 32.6007 -13 228 0 0 1
-0.153907 0.0692527 720 0.0069076 0.0154291 10.9471 51.5767 -13 233 0 0 1
0.0324706 -0.00751149 720 0.0394697 0.0409981 9.46309 32.2495 -13 238 0 0 1
-0.217815 -0.193015 720 -0.0276277 0.0722625 13.7921 46.7386 -13 243 0 0 1
-0.398419 -0.127625 720 -0.00556828 0.0500549 11.8132 49.4097 -13 248 0 0 1
0.108905 0.1581 720 0.0320518 -0.0334246 12.9704 27.634 -13 252 0 0 1
0.192163 0.0954352 720 0.0360337 -0.0591967 14.2044 42.0884 -13 260 0 0 1
-0.939055 -0.367132 720 0.012766 0.184046 3.02976 97.7102 -13 264 0 0 1
-0.214637 -0.473622 720 -0.0657738 0.0745744 2.86973 105.098 -13 270 0 0 1
0.35705 0.0781312 720 0.0310819 -0.0379058 11.5196 28.2441 -13 276 0 0 1
-0.51646 0.419029 720 0.0411152 0.0307547 9.52872 50.4041 -13 282 0 0 1
-0.0590742 -0.0577577 720 -0.0143053 0.0119004 9.08434 36.9832 -13 290 0 0 1
-0.130837 0.311991 720 0.0510248 0.0496149 13.7765 48.451 -13 294 0 0 1
-0.0272153 -0.0743547 720 -0.00489874 0.0182504 12.1863 34.0897 -13 299 0 0 1
0.0980044 0.136215 720 0.0179725 -0.00651422 7.67956 50.5896 -13 304 0 0 1
-0.211899 -0.285886 720 -0.0554931 0.0326329 9.54641 47.1732 -13 309 0 0 1
-0.255266 0.0557596 720 -0.0220434 0.0392559 13.0456 21.8704 -13 313 0 0 1
0.194186 0.0277549 720 0.0221766 0.00848004 9.84049 31.7708 -13 321 0 0 1
0.0232481 0.276872 720 0.00832607 -0.0397963 4.87154 57.0577 -13 374 0 0 1
-0.531182 0.138204 720 0.0200124 0.0850889 13.3619 41.5346 -13 375 0 0 1
-0.164842 0.59561 720 0.123633 0.0807609 6.51378 51.9073 -13 376 0 0 1
0.166791 0.288447 720 0.0344042 -0.093883 10.5127 34.8067 -13 377 0 0 1
-nan -nan -nan -nan -nan -nan -nan -13 378 0 0 1
-0.151007 0.16758 720 0.0945972 -0.0122673 7.3782 37.815 -13 379 0 0 1
0.0664557 0.139367 720 0.0561091 0.0354955 14.4438 33.3875 -13 972 0 0 1
0.296173 -0.212571 720 -0.0304392 -0.0560149 13.7572 47.6174 -13 973 0 0 1
-0.0800393 -0.237586 720 -0.0028165 -0.0103205 14.5519 37.8442 -13 974 0 0 1
-0.0889428 0.0776412 720 0.0183818 -0.00241042 10.2662 45.2582 -13 975 0 0 1
0.313509 0.199927 720 0.0374818 0.0366793 6.64688 44.6729 -13 976 0 0 1
-0.121967 0.266673 720 0.016011 0.0198243 8.96611 46.1065 -13 978 0 0 1
-0.0169887 -0.0845385 720 -0.0379364 0.0107451 13.7163 37.8131 -13 979 0 0 1
0.00174239 0.223107 720 0.0548592 -0.00729746 12.0733 25.4441 -13 980 0 0 1
0.09949 -0.128189 720 -0.00407331 -0.0107324 9.6626 27.6157 -13 981 0 0 1
-0.00260984 0.00299841 720 0.0187284 -0.0260223 13.6113 32.0616 -13 982 0 0 1
-1.15276 1.46072 720 0.131603 0.110166 5.51064 68.9575 -13 983 0 0 1
-0.207087 -0.128917 720 -0.106234 -0.0199098 10.0534 28.4114 -13 984 0 0 1
-0.0879081 0.0220787 720 -0.0236709 0.0172258 11.2504 38.5098 -13 985 0 0 1
0.379564 0.127396 720 -0.00793225 -0.0957134 8.3773 49.5571 -13 986 0 0 1
0.0111641 0.113357 720 -0.00287856 -0.0159031 14.2267 43.0704 -13 987 0 0 1
0.141745 0.42986 720 0.0810969 -0.00805146 6.58806 60.552 -13 988 0 0 1
0.0678208 0.309777 720 -0.0434867 0.0293043 1.9517 111.035 -13 989 0 0 1
-0.269897 -0.133206 720 -0.0528667 0.0508917 14.4574 26.3795 -13 990 0 0 1
-0.222117 0.23986 720 0.0342177 0.0947073 10.8245 44.0725 -13 991 0 0 1
0.0526779 0.245529 720 0.000575704 0.017299 13.0819 45.4741 -13 992 0 0 1
0.02054 -0.261269 720 -0.0533272 0.00632915 11.2628 52.1342 -13 993 0 0 1
-0.0918234 -0.469549 720 -0.0413552 -0.00395148 12.7941 45.0888 -13 994 0 0 1
0.490926 0.518325 720 0.0497559 -0.0608755 13.9037 30.8067 -13 995 0 0 1
-0.015954 -0.00298341 720 -0.0113796 -0.0227982 13.0331 45.3462 -13 996 0 0 1
0.0854786 0.30282 720 0.0756243 -0.00661248 14.5061 26.8922 -13 997 0 0 1
-0.0626589 -0.100335 720 -0.0115219 0.0194391 10.2496 50.4998 -13 998 0 0 1
0.0856639 -0.103238 720 -0.0596044 -0.048989 7.31785 39.9086 -13 999 0 0 1
0.191787 0.992832 720 0.0984653 -0.074281 8.41011 52.4062 -13 1000 0 0 1
-0.171903 0.0875841 720 -0.0011422 0.0294154 11.8094 25.7514 -13 12 0 0 1
0.0916264 0.119499 720 -0.0112324 0.0308845 8.41265 33.1782 -13 16 0 0 1
0.0318891 0.0994393 720 0.0227378 -0.000260588 13.6883 40.4655 -13 34 0 0 1
0.183304 0.356375 720 0.113083 -0.0633803 10.783 48.4622 -13 45 0 0 1
0.071135 0.245666 720 0.00712884 -0.0152965 13.2589 25.9939 -13 49 0 0 1
0.286771 -0.809474 720 -0.0620201 -0.0359464 14.0906 27.3897 -13 56 0 0 1
0.156743 -0.0300985 720 0.00141494 -0.0774716 11.1587 28.3558 -13 70 0 0 1
0.0954271 1.25945 720 0.148898 -0.0485825 8.15099 57.4334 -13 77 0 0 1
0.0738051 -0.426458 720 -0.0371687 -0.0533113 9.90045 36.8669 -13 89 0 0 1
-1.38048 0.636708 720 0.0368226 -0.0450262 0.668981 130.154 -13 96 0 0 1
0.118965 -0.068543 720 0.000467411 -0.033117 14.1419 43.5468 -13 140 0 0 1
-0.272667 0.197792 720 0.0306909 0.0586022 11.8859 48.4523 -13 452 0 0 1
0.237389 0.0821616 720 -0.0270806 -0.0450371 12.9566 48.0336 -13 453 0 0 1
0.14681 -0.0933469 720 -0.0271082 -0.0520534 14.0055 22.6057 -13 456 0 0 1
-0.113263 0.0300357 720 0.00783617 0.033435 9.42253 29.1297 -13 457 0 0 1
0.148397 0.288254 720 0.00918931 0.0530285 7.97091 41.1185 -13 459 0 0 1
-0.267337 0.0526987 720 0.0295127 -0.00813159 13.4532 45.4568 -13 461 0 0 1
-nan -nan -nan -nan -nan -nan -nan -13 471 0 0 1
-0.172181 -0.141875 720 -0.0329613 0.0511333 8.98143 43.3168 -13 481 0 0 1
-0.0226068 -0.185918 720 -0.00158777 -0.0337812 11.9621 44.0007 -13 329 0 0 1
0.304143 0.280784 720 0.014497 -0.0728576 4.66336 58.5133 -13 332 0 0 1
-0.470096 -0.2521 720 -0.103943 0.181332 12.4476 48.5249 -13 341 0 0 1
-0.21442 0.0723991 720 -0.0098868 0.0219027 13.4473 34.5859 -13 346 0 0 1
0.306771 -0.0730756 720 -0.0192277 -0.0670112 13.7877 45.3685 -13 348 0 0 1
-0.0213266 -0.307382 720 -0.106919 -0.0597619 7.07449 50.246 -13 349 0 0 1
0.283777 0.178697 720 0.0703154 -0.0952519 7.7609 56.3141 -13 350 0 0 1
-0.291277 0.17993 720 0.0396388 -0.0430158 4.37445 63.9423 -13 351 0 0 1
0.712527 0.716168 720 0.0281902 -0.0841909 4.10571 70.9339 -13 352 0 0 1
0.434887 0.955944 720 0.0734792 -0.534599 2.79878 94.893 -13 355 0 0 1
-0.11045 -0.0774889 720 0.0227938 -0.00727775 9.74391 54.3829 -13 356 0 0 1
-0.10881 -0.151718 720 -0.0195365 -0.0258187 10.6634 51.6766 -13 357 0 0 1
0.0185113 -0.273146 720 -0.0261921 -0.0238827 10.9306 41.2443 -13 358 0 0 1
-0.0429589 -0.20385 720 -0.0607831 0.0729 11.7788 28.3253 -13 359 0 0 1
0.319713 0.22412 720 0.0476419 -0.0215082 13.4865 40.9432 -13 360 0 0 1
0.404174 0.790759 720 0.141708 -0.0286546 3.62615 70.8956 -13 361 0 0 1
-0.570897 0.494893 720 0.080392 0.0967084 8.72671 30.4951 -13 362 0 0 1
0.067757 -0.297764 720 -0.0551847 0.0260513 12.1621 49.8626 -13 363 0 0 1
0.128539 0.121609 720 0.0289845 -0.00242658 14.4433 22.9414 -13 364 0 0 1
0.123371 -0.180114 720 -0.084433 0.0395578 11.8028 26.8002 -13 365 0 0 1
-0.108343 0.813963 720 0.117465 0.0430011 7.86632 33.6313 -13 366 0 0 1
-0.237953 -0.0122929 720 -0.00119772 0.0717707 11.6963 46.8562 -13 367 0 0 1
-0.2043 -0.450229 720 -0.0198132 0.0677472 6.02983 61.5656 -13 368 0 0 1
-0.670513 0.123802 720 0.0920549 0.157458 6.4138 43.6606 -13 370 0 0 1
1.08935 -0.0492554 720 0.0313932 -0.173592 11.5904 49.1978 -13 458 0 0 1
-0.416084 0.466479 720 0.100078 0.263939 3.60979 92.4687 -13 464 0 0 1
-0.710801 0.153805 720 -0.0486535 0.0882535 6.33723 42.6372 -13 470 0 0 1
0.211021 -0.20607 720 0.0426466 -0.0212765 10.6606 41.594 -13 480 0 0 1
0.0751457 0.113757 720 0.0389632 -0.00638652 11.3573 26.638 -13 485 0 0 1
-0.0149882 -0.282726 720 -0.0213375 0.00468585 3.5427 69.794 -13 490 0 0 1
-0.0386672 0.174421 720 0.0437687 0.00126899 13.9291 23.1071 -13 492 0 0 1
-0.0264842 -0.0411123 720 -0.00764045 -0.00284507 14.4409 19.646 -13 495 0 0 1
-0.123454 -0.111304 720 0.0094479 0.0086163 11.1802 40.298 -13 504 0 0 1
-0.00204401 0.0685617 720 0.00835354 0.0211573 11.4145 48.42 -13 508 0 0 1
0.992595 0.0566511 720 -0.0105762 -0.135318 8.14948 52.0975 -13 509 0 0 1
0.0429576 0.252682 720 0.0682297 0.0317908 10.2145 49.2389 -13 515 0 0 1
-0.15623 -0.115281 720 -0.046399 0.0635986 11.6572 41.2021 -13 519 0 0 1
-nan -nan -nan -nan -nan -nan -nan -13 521 0 0 1
-0.0147125 -0.53029 720 -0.0798831 0.0435275 9.67747 33.9955 -13 525 0 0 1
-0.046463 -0.260894 720 -0.0559015 -0.0484962 5.04185 68.094 -13 15 0 0 1
-0.230458 0.221342 720 0.0112748 -0.00491964 8.27246 38.1958 -13 58 0 0 1
0.759122 -0.00225461 720 -0.0521084 -0.178383 6.62787 47.0736 -13 90 0 0 1
-0.124184 0.0343443 720 -0.0109322 0.0184616 13.7574 36.6737 -13 107 0 0 1
0.21881 -0.103139 720 0.00365975 -0.0173993 10.829 51.2283 -13 354 0 0 1
-0.00507152 -0.0405938 720 0.00278008 -0.00129254 14.4547 27.3658 -13 386 0 0 1
-0.145474 -0.0597882 720 -0.0115992 -0.0245885 12.6471 24.1455 -13 399 0 0 1
0.194291 0.22178 720 0.0504226 -0.0295869 11.1494 36.6202 -13 401 0 0 1
0.0389225 -0.21948 720 -0.0620522 0.0314385 5.6355 64.8488 -13 403 0 0 1
0.050982 -0.131206 720 -0.0126016 -0.0497403 12.8425 37.5904 -13 405 0 0 1
-0.372019 0.437834 720 0.116731 -0.00462083 4.58496 78.0417 -13 407 0 0 1
0.194811 -0.128775 720 -0.0500159 -0.0728518 7.10197 46.2097 -13 410 0 0 1
-0.0467073 0.140079 720 0.0961876 0.00890597 5.72433 45.4439 -13 413 0 0 1
-0.0734206 -0.258873 720 -0.0443363 0.0295117 12.6421 34.5734 -13 416 0 0 1
-0.187661 -0.252157 720 -0.0486643 0.0483734 10.0165 52.295 -13 418 0 0 1
0.133342 -0.0853198 720 -0.0196959 -0.0479299 12.4387 30.9731 -13 420 0 0 1
0.144211 -0.436865 720 -0.0424393 0.0435192 4.89114 79.6387 -13 425 0 0 1
0.232657 -0.069617 720 -0.0182026 -0.0110282 10.2278 31.2773 -13 503 0 0 1
-0.284529 0.00561384 720 0.0137052 0.0373091 8.66374 37.853 -13 506 0 0 1
0.00433193 -0.122279 720 -0.0140635 -0.0344479 10.4461 28.0734 -13 511 0 0 1
0.0122586 -0.070508 720 -0.00506663 0.0115891 13.3368 20.4534 -13 513 0 0 1
-0.206358 -0.520314 720 -0.0709418 0.0721973 8.16954 34.6207 -13 517 0 0 1
0.493918 -0.499255 720 -0.0086008 -0.0743092 11.6183 39.6714 -13 520 0 0 1
0.00895336 -0.0609731 720 -0.124897 0.00247405 13.5397 35.4143 -13 523 0 0 1
-0.238884 -0.705487 720 -0.0551748 0.0455106 11.6958 42.0818 -13 526 0 0 1
0.298896 -0.244339 720 -0.0526342 -0.0379435 12.9441 33.9832 -13 531 0 0 1
-0.0171616 -0.223901 720 -0.023514 0.00346444 11.2452 48.7586 -13 540 0 0 1
0.336021 0.846333 720 0.114292 -0.0350663 12.8111 24.2133 -13 542 0 0 1
-2.27537 -2.89375 720 -0.249704 0.551841 10.6507 43.9619 -13 547 0 0 1
0.0798391 0.132319 720 0.0222315 -0.0132005 9.61171 52.5982 -13 549 0 0 1
-0.204615 0.0541069 720 -0.0367849 0.0342159 11.3008 33.1519 -13 552 0 0 1
0.41952 0.252827 720 0.0523867 -0.075556 7.8818 59.8613 -13 555 0 0 1
-nan -nan -nan -nan -nan -nan -nan -13 558 0 0 1
-0.0475918 -0.0451854 720 -0.0235671 0.0224635 13.5989 20.0308 -13 560 0 0 1
-0.339313 -0.0882017 720 0.107511 0.131491 4.94888 54.5468 -13 46 0 0 1
0.165411 0.136495 720 -0.0810917 -0.0682435 5.34948 60.6177 -13 69 0 0 1
-0.184742 -0.120161 720 0.0299618 -0.0314788 12.3963 46.424 -13 76 0 0 1
0.0288984 0.126649 720 0.00850894 -0.0714667 13.5672 22.9989 -13 85 0 0 1
0.00271535 0.196847 720 0.0408403 0.0202442 7.67869 59.18 -13 93 0 0 1
0.136602 0.545303 720 -0.0546422 0.00765234 4.70982 69.0525 -13 101 0 0 1
-0.517118 -0.144356 720 -0.00946192 0.0817465 9.56972 39.8927 -13 104 0 0 1
0.0348969 -0.0604513 720 0.0327782 0.106636 5.36979 49.634 -13 110 0 0 1
0.183498 0.0555029 720 -0.00291894 -0.0547188 11.9242 31.9666 -13 113 0 0 1
-0.372116 -0.427623 720 -0.0513188 0.0559161 9.21966 38.6433 -13 146 0 0 1
0.0190794 0.0466971 720 0.019713 -0.00166509 12.274 25.9434 -13 184 0 0 1
-0.216382 0.160876 720 0.127971 -0.0707804 12.0067 42.5666 -13 202 0 0 1
0.185054 -0.177462 720 -0.124858 -0.0172872 9.78709 44.6213 -13 214 0 0 1
0.0528609 0.317151 720 0.0319635 -0.00890201 14.4906 35.8125 -13 371 0 0 1
-0.0245309 0.0981851 720 0.130318 -0.0585277 0.934003 580.914 -13 372 0 0 1
-0.0267578 -0.152434 720 -0.00248536 0.0429649 14.1954 27.6082 -13 373 0 0 1
-0.0368065 -0.0315386 720 -0.0229271 0.00845996 14.4264 36.042 -13 387 0 0 1
0.227254 -0.0232446 720 -0.0823769 -0.057732 9.30869 51.3964 -13 388 0 0 1
0.130492 0.122762 720 0.06327 -0.0114069 13.4903 38.0373 -13 389 0 0 1
-0.284951 0.168975 720 0.0344122 0.02828 10.2999 34.4633 -13 390 0 0 1
0.454408 -0.350374 720 -0.0152532 -0.0470087 8.64742 58.0441 -13 391 0 0 1
-0.76986 -0.315494 720 -0.226973 0.0162393 8.13483 58.9964 -13 392 0 0 1
1.34612 -0.0149632 720 -0.015363 -0.235838 3.59322 67.0695 -13 393 0 0 1
-0.0934999 -0.0841586 720 -0.024155 -0.000299914 3.51991 75.8898 -13 394 0 0 1
-0.193403 -0.19122 720 -0.057016 0.0491144 14.0954 27.5693 -13 395 0 0 1
-0.182585 -0.562708 720 -0.0733143 -0.0330662 6.99061 52.6361 -13 396 0 0 1
0.131638 0.107658 720 0.00688847 0.023096 14.5183 25.5479 -13 397 0 0 1
0.397951 0.823782 720 0.100955 -0.0397023 13.2985 27.0828 -13 398 0 0 1
0.0446224 0.179213 720 0.0558308 0.027927 11.642 33.8569 -13 400 0 0 1
0.116741 0.219228 720 0.0651115 0.0438357 7.26826 36.7668 -13 402 0 0 1
-0.0595783 -0.0438907 720 -0.022935 0.0312348 14.3878 26.7227 -13 404 0 0 1
0.227659 -0.154773 720 -0.0140345 -0.0369691 7.04482 51.6103 -13 406 0 0 1
0.45725 0.0873783 720 0.00143048 -0.101343 10.9105 45.3852 -13 408 0 0 1
-0.28816 -0.0709779 720 0.0210102 0.0288559 12.1733 25.0024 -13 409 0 0 1
0.046091 0.0957099 720 0.0949663 -0.079296 6.78425 42.6862 -13 411 0 0 1
-0.0871454 -0.00509437 720 0.0764211 0.11056 7.19621 40.2021 -13 412 0 0 1
-0.467108 -0.0205931 720 -0.0123744 0.0887805 8.23377 38.462 -13 415 0 0 1
-0.16113 0.508655 720 -0.00104778 0.0110853 6.45971 45.1697 -13 417 0 0 1
0.275207 0.000665578 720 0.0412596 -0.0324037 13.203 24.6767 -13 421 0 0 1
-0.159542 0.0841295 720 -0.00304888 0.0187243 9.30705 37.7838 -13 424 0 0 1
-0.141874 0.0134925 720 0.0622273 0.030203 4.76437 75.9668 -13 426 0 0 1
-0.382432 0.0612981 720 0.0217405 0.0393001 10.8006 49.8436 -13 427 0 0 1
0.343838 0.261884 720 0.0757658 0.00646682 9.91827 36.4947 -13 430 0 0 1
-0.107245 0.0852753 720 0.0243653 0.0456116 10.8396 33.9584 -13 431 0 0 1
-0.107095 0.0659002 720 -0.0191042 -0.077593 9.93807 44.2456 -13 432 0 0 1
-0.126392 -0.00994085 720 -0.00150767 0.0420629 11.0233 48.8028 -13 433 0 0 1
0.101963 0.0183596 720 0.0508705 -0.0520019 13.6986 30.4637 -13 434 0 0 1
-0.124326 -0.311781 720 -0.0438244 0.0113392 11.3805 37.8365 -13 435 0 0 1
0.143514 -0.151529 720 -0.0348444 -0.0389962 11.1166 39.8148 -13 438 0 0 1
-0.385618 0.147689 720 0.0604787 0.113001 8.82394 50.2395 -13 440 0 0 1
0.0896384 -0.0385268 720 0.0224875 -0.0757139 11.3565 37.0475 -13 441 0 0 1
-0.00266839 -0.360775 720 -0.0930158 0.0493802 7.56944 59.4855 -13 443 0 0 1
0.413023 0.285824 720 0.0655 -0.0475539 11.3545 33.7066 -13 444 0 0 1
0.0431538 -0.404231 720 -0.0634496 0.0386793 7.98168 58.0528 -13 445 0 0 1
-0.172308 0.190117 720 -0.0221336 0.0647541 11.5447 34.6244 -13 447 0 0 1
-0.286554 0.303095 720 -0.0611505 0.0940968 9.81518 30.0181 -13 448 0 0 1
-0.198308 0.116036 720 0.0210475 -0.00765756 12.3629 50.3688 -13 450 0 0 1
-0.0433222 0.463884 720 0.0238296 0.0922816 7.80304 53.476 -13 451 0 0 1
0.0343965 0.0360453 720 0.0201194 0.0416049 9.5106 36.5147 -13 454 0 0 1
0.0342016 0.210433 720 -0.0050214 0.0238075 7.67439 45.8015 -13 463 0 0 1
-0.148419 0.204784 720 0.0447036 0.0377512 7.25152 37.0429 -13 466 0 0 1
0.202051 -0.126384 720 -0.0478812 -0.0298086 8.79951 39.8517 -13 468 0 0 1
-0.124463 -0.433375 720 -0.0921493 0.0124071 10.0338 46.262 -13 472 0 0 1
-0.258331 0.156789 720 0.0465591 0.120181 5.33726 49.3021 -13 473 0 0 1
0.0262982 -0.308891 720 -0.114478 -0.11649 7.80833 34.1214 -13 476 0 0 1
-0.234037 0.130089 720 0.0153564 0.0416157 9.69261 29.7353 -13 478 0 0 1
-0.542385 0.116528 720 -0.0258967 0.0261248 5.29041 50.4586 -13 479 0 0 1
-0.283984 -0.921188 720 -0.153041 0.0218177 6.45856 68.5203 -13 482 0 0 1
0.0620466 -0.173712 720 -0.0428981 -0.0301969 7.45785 48.6525 -13 484 0 0 1
-0.138061 0.00863806 720 0.0189454 0.0325122 7.27525 43.1214 -13 486 0 0 1
-0.0403094 -0.194887 720 -0.0942068 -0.000679556 13.0069 38.3329 -13 487 0 0 1
-0.291092 0.0837251 720 -0.00823118 -0.0205482 11.8821 37.7485 -13 499 0 0 1
0.450954 -0.00137723 720 0.024264 -0.0730385 12.6142 34.052 -13 500 0 0 1
0.185326 -0.051966 720 0.00221767 -0.0704697 10.8798 34.2235 -13 501 0 0 1
0.223675 -0.169307 720 -0.0284488 -0.0314298 14.4294 23.4906 -13 502 0 0 1
0.293537 -0.114514 720 0.0324419 0.0314545 3.23578 87.4724 -13 505 0 0 1
0.207714 -0.0555006 720 -0.0174327 0.0333656 12.4235 32.9056 -13 507 0 0 1
0.0955103 -0.197193 720 -0.0528314 -0.02653 12.872 38.3189 -13 512 0 0 1
0.153229 -0.248593 720 -0.0262103 -0.0740706 3.59982 74.1285 -13 516 0 0 1
-0.28389 0.0247137 720 0.0168279 0.0845993 12.3624 26.3078 -13 518 0 0 1
0.0436249 -0.611862 720 -0.0777387 0.0704495 12.9058 31.7971 -13 522 0 0 1
-0.393348 0.0417425 720 -0.00826961 -0.070296 3.54272 91.5125 -13 524 0 0 1
-0.135464 2.6472 720 0.510996 0.0267968 2.82317 106.955 -13 527 0 0 1
0.364903 -0.157059 720 0.00252886 -0.0804265 12.4824 37.0682 -13 528 0 0 1
0.255318 0.16401 720 -0.0110673 -0.0416775 11.2598 46.0652 -13 529 0 0 1
0.274126 -0.0234788 720 -0.0713092 -0.067371 9.04377 51.6703 -13 533 0 0 1
-0.226822 0.229848 720 0.0438942 -0.00630191 9.1213 51.7159 -13 534 0 0 1
0.162713 0.329551 720 0.0748898 -0.0272609 9.81878 29.1433 -13 535 0 0 1
0.463251 0.142973 720 0.0793687 -0.0252614 13.0394 29.2885 -13 536 0 0 1
-0.504518 -0.166215 720 0.00268261 0.117301 4.22453 71.883 -13 537 0 0 1
0.0444767 0.0211751 720 -0.00604706 0.00750631 14.4695 36.4258 -13 538 0 0 1
-0.400945 1.59608 720 0.202207 0.11746 11.2805 28.8152 -13 539 0 0 1
-0.256936 0.0151833 720 0.00503879 -0.00129643 7.28347 56.8962 -13 541 0 0 1
-0.079488 0.183582 720 0.00696882 0.0225647 13.7293 47.0294 -13 544 0 0 1
-0.564204 -0.366376 720 -0.142726 0.0450288 4.6542 78.6633 -13 545 0 0 1
0.146094 -0.105015 720 -0.0452348 0.0938872 6.50263 58.7909 -13 546 0 0 1
0.215228 0.301529 720 0.0932585 0.00537355 9.84801 45.4534 -13 548 0 0 1
-0.327026 0.03363 720 0.00857215 0.0511801 8.58038 46.6433 -13 550 0 0 1
-0.434961 0.115912 720 -0.00388316 0.0612521 7.8746 44.4253 -13 553 0 0 1
-0.39216 -0.205834 720 -0.0264291 0.0128028 6.14409 62.4294 -13 556 0 0 1
0.117939 0.115696 720 0.0117977 -0.0710412 10.9236 52.0232 -13 559 0 0 1
0.388764 0.141383 720 -0.00547241 -0.118563 11.0384 27.2009 -13 562 0 0 1
0.00674048 0.0180423 720 0.00970925 0.018767 12.1045 36.8897 -13 563 0 0 1
-0.245725 0.103872 720 0.0176161 -0.00603523 10.5546 52.7942 -13 564 0 0 1
0.0574619 -0.112499 720 -0.00502314 0.0197405 14.2213 23.8439 -13 565 0 0 1
0.119424 -0.221516 720 -0.0164234 -0.0235251 10.5788 36.1315 -13 567 0 0 1
-0.0275265 -0.0770252 720 -0.00882272 0.0103804 13.5327 30.5342 -13 569 0 0 1
0.140574 -0.5643 720 -0.110572 -0.0182579 11.068 49.2089 -13 570 0 0 1
-0.215482 0.0423376 720 -0.0205025 0.00310216 9.87602 38.5354 -13 572 0 0 1
-0.222955 -0.250627 720 0.0102506 0.0256791 6.44702 52.2272 -13 573 0 0 1
0.131268 -0.105045 720 -0.0267325 -0.00181811 13.7309 27.7921 -13 574 0 0 1
0.00700094 -0.0603826 720 -0.0582237 0.0805675 10.5859 43.5587 -13 576 0 0 1
0.167583 -0.145135 720 -0.015172 -0.0179101 13.3694 22.1948 -13 577 0 0 1
0.163369 0.209301 720 0.00755928 -0.040639 8.3685 42.0057 -13 578 0 0 1
0.00303401 -0.12249 720 -0.00316241 0.00870076 13.9656 34.8123 -13 579 0 0 1
0.233347 0.0141319 720 -0.0169958 -0.0562067 12.7336 28.3297 -13 580 0 0 1
0.00260667 0.0863716 720 0.0185148 0.0184346 11.0815 51.4157 -13 581 0 0 1
0.43002 0.437506 720 0.0244963 -0.0612415 8.83869 41.4698 -13 582 0 0 1
0.108455 0.347233 720 0.0924847 -0.0646735 7.55429 40.8199 -13 583 0 0 1
0.112703 0.0665587 720 -0.037825 -0.0207982 9.33379 52.503 -13 586 0 0 1
0.219628 0.14907 720 -0.000607293 -0.0414558 13.7634 38.388 -13 587 0 0 1
0.477164 0.152085 720 -0.0225748 -0.115023 9.5217 36.7535 -13 588 0 0 1
-0.0767437 0.066306 720 0.0257744 0.00962005 13.2672 32.0003 -13 589 0 0 1
-nan -nan -nan -nan -nan -nan -nan -13 590 0 0 1
-0.0564171 0.138021 720 0.0520234 -0.00856815 9.05901 40.1883 -13 591 0 0 1
-0.0465256 -0.0512046 720 -0.00385997 -0.0272917 14.0108 23.8272 -13 99 0 0 1
-0.277458 0.18821 720 0.00315177 0.0660325 12.9838 35.3123 -13 124 0 0 1
-0.794668 -0.625139 720 -0.0804107 0.170588 7.1684 54.3594 -13 134 0 0 1
0.314552 0.293843 720 0.105914 -0.104032 9.82367 51.5885 -13 145 0 0 1
-0.1891 0.0680826 720 -0.00404605 0.0290349 13.6938 42.7465 -13 153 0 0 1
0.0599354 0.0661994 720 0.00224235 -0.0230761 14.104 25.4921 -13 161 0 0 1
-0.18857 -0.0816181 720 -0.0140012 0.0602895 11.3451 23.8444 -13 168 0 0 1
-0.0349418 0.26345 720 0.0341463 -0.00142797 10.6565 26.8994 -13 175 0 0 1
0.00156941 0.0396624 720 -0.0359157 0.0170343 11.8699 51.0636 -13 186 0 0 1
0.244199 -0.242879 720 -0.012914 -0.0481718 14.4547 38.8352 -13 203 0 0 1
3.25374 -7.30051 720 -1.19356 -0.409136 6.04956 70.3672 -13 224 0 0 1
-0.620881 -0.0149753 720 -0.00426186 0.091875 6.25037 59.6729 -13 232 0 0 1
-0.0852479 0.132875 720 -0.0313458 0.0202807 8.37259 45.7558 -13 237 0 0 1
0.13355 0.0507183 720 -0.0265639 -0.0128095 12.0257 29.1942 -13 255 0 0 1
0.0063561 0.010303 720 0.0666981 0.0217241 10.8652 52.0065 -13 287 0 0 1
-0.259536 0.155469 720 0.0527816 0.048433 9.63589 42.1119 -13 306 0 0 1
-0.249388 0.282968 720 0.0257135 -0.0267957 1.46068 111.612 -13 317 0 0 1
0.0744962 0.623311 720 0.124543 0.0624384 11.4363 49.5495 -13 325 0 0 1
0.0595302 -1.04591 720 -0.152528 -0.00385082 9.82756 33.0092 -13 414 0 0 1
0.616696 -0.988172 720 -0.151799 -0.107924 7.61432 47.5581 -13 419 0 0 1
-0.313354 -0.535959 720 -0.0363018 0.0259168 7.03565 40.4112 -13 422 0 0 1
0.0419763 0.3253 720 0.0781771 0.0100837 6.99705 44.8501 -13 428 0 0 1
0.00494781 -0.186001 720 -0.00548535 -0.0214235 7.78632 46.0067 -13 429 0 0 1
0.0976636 0.290967 720 0.052979 -0.0283032 11.2444 29.9288 -13 436 0 0 1
0.0581732 -0.0941205 720 -0.0168026 -0.00380104 10.6818 35.6364 -13 437 0 0 1
0.105489 0.0136171 720 0.00947114 0.0151049 11.9315 50.3925 -13 439 0 0 1
0.379589 -0.129719 720 0.0574909 -0.0938205 3.95599 63.7821 -13 442 0 0 1
-0.0475437 0.0812029 720 0.0239691 0.0384505 13.3889 46.2879 -13 446 0 0 1
-0.0504045 0.39473 720 0.052293 0.0156215 8.15077 36.3065 -13 449 0 0 1
0.277505 -0.0391547 720 -0.0178157 -0.0263012 13.6796 45.3445 -13 462 0 0 1
-nan -nan -nan -nan -nan -nan -nan -13 600 0 0 1
-0.510302 0.088853 720 -0.0109197 0.0610305 12.5312 38.7569 -13 601 0 0 1
-0.0636885 -0.292743 720 0.0224858 0.0264182 10.396 27.6309 -13 14 0 0 1
0.023642 0.26986 720 0.0435385 -0.00452166 8.25838 48.6126 -13 19 0 0 1
0.472859 0.042637 720 0.00255144 -0.0346613 8.88128 44.3465 -13 26 0 0 1
3.41746 0.656929 720 0.562568 -0.462632 8.42858 35.8674 -13 32 0 0 1
0.0701815 -0.0474055 720 0.016245 -0.0860792 10.3825 52.9305 -13 37 0 0 1
0.375081 0.062635 720 0.0160711 -0.075395 8.85232 32.1385 -13 41 0 0 1
-0.277479 0.427269 720 0.0898865 0.0315322 7.03756 53.3795 -13 59 0 0 1
-0.305285 -0.246517 720 -0.0467349 0.0963781 9.34957 40.2833 -13 62 0 0 1
0.126395 0.085906 720 0.0234726 -0.0422067 7.33977 48.002 -13 66 0 0 1
-0.196422 0.055372 720 -0.0141848 0.0452413 10.3377 26.4561 -13 72 0 0 1
0.0266262 0.200653 720 0.0650566 0.0165885 12.6724 45.4558 -13 79 0 0 1
-0.104425 -0.15337 720 -0.0695555 0.0648493 9.93391 49.2568 -13 103 0 0 1
0.0314722 -0.0560464 720 -0.0298965 -0.0176823 13.5625 19.8812 -13 109 0 0 1
-0.0935561 0.0832817 720 -0.00306353 -0.0287606 10.2966 54.309 -13 116 0 0 1
0.19247 0.274959 720 0.0243784 -0.0778885 10.9558 43.3306 -13 119 0 0 1
0.277523 0.811807 720 0.190811 0.0538862 7.79894 60.5421 -13 121 0 0 1
0.346365 0.0188077 720 -0.0143565 -0.0825394 11.4456 49.1358 -13 125 0 0 1
0.0114151 0.0111181 720 -0.0145238 -0.0255421 13.237 42.0921 -13 132 0 0 1
0.217556 0.0243095 720 0.0371098 -0.0282704 13.3535 23.8255 -13 135 0 0 1
1.12765 0.342864 720 -0.0714202 -0.198559 13.8185 20.0161 -13 141 0 0 1
-0.100767 0.0887506 720 -0.02831 0.0593936 14.1157 42.7332 -13 152 0 0 1
-0.187098 0.195111 720 0.00477032 -0.00899597 9.93758 51.2301 -13 155 0 0 1
0.590045 -1.16343 720 0.0131222 0.0719143 7.4766 42.9251 -13 160 0 0 1
0.0286154 -0.253865 720 -0.0531602 -0.0498323 10.9966 52.2415 -13 166 0 0 1
0.233312 0.313728 720 0.0884878 -0.0452021 11.8163 36.6257 -13 172 0 0 1
0.396308 -0.564004 720 -0.0739886 -0.0394039 5.57401 56.9751 -13 178 0 0 1
-0.117427 0.0268988 720 -0.00481997 0.0295727 14.0108 24.0591 -13 183 0 0 1
0.118428 0.0628754 720 0.010351 -0.0114261 12.2443 27.2892 -13 191 0 0 1
-0.21473 -0.0118251 720 -0.0518199 0.0424074 12.9235 34.4952 -13 199 0 0 1
-0.149281 -0.399147 720 -0.0206624 0.0511047 10.0196 44.77 -13 226 0 0 1
0.462816 0.261713 720 -0.00750916 -0.091299 11.9635 23.1602 -13 230 0 0 1
0.359294 0.847874 720 0.142945 -0.0594091 6.14239 64.2621 -13 235 0 0 1
0.143833 -0.0534931 720 0.0567965 0.0483088 10.4713 32.2019 -13 263 0 0 1
0.060793 -0.316315 720 -0.0583659 -0.0145047 12.7924 44.0154 -13 265 0 0 1
-0.0964431 0.063566 720 0.00617629 -0.01465 6.89259 55.8084 -13 291 0 0 1
0.0140687 0.217708 720 -0.0140594 -0.0321044 7.21074 58.4786 -13 295 0 0 1
0.0464711 0.164988 720 0.0311328 0.00227495 6.10282 47.5198 -13 318 0 0 1
0.0815669 -0.0770136 720 -0.0127394 -0.0436427 13.804 24.7317 -13 320 0 0 1
-0.180227 0.280671 720 0.0616898 -0.00317425 12.7427 26.2377 -13 322 0 0 1
0.00480458 -0.07916 720 0.0443704 -0.0564463 6.01183 49.4538 -13 323 0 0 1
-0.180796 0.128589 720 0.0394439 -0.00697001 10.6267 44.6415 -13 326 0 0 1
-0.0411617 -0.34431 720 -0.0897904 0.0606239 5.53851 46.6046 -13 331 0 0 1
-0.852987 -0.169506 720 0.000126046 -7.31118e-05 1.06282 583.949 -13 343 0 0 1
0.049705 -0.250851 720 -0.0871285 -0.000882885 9.71278 27.3691 -13 345 0 0 1
-0.202679 0.00255305 720 -0.0191243 0.108744 10.6686 29.6043 -13 380 0 0 1
0.104954 -0.311637 720 -0.0814362 -0.0531592 7.78743 45.6215 -13 381 0 0 1
-0.930345 -0.974502 720 -0.192239 0.105386 13.3834 32.108 -13 382 0 0 1
0.13341 -0.102545 720 -0.053672 -0.0128413 14.1064 33.0901 -13 384 0 0 1
-0.13374 0.13551 720 -0.0528242 0.00458414 10.5408 27.7577 -13 460 0 0 1
0.23117 0.303819 720 0.101001 -0.0749275 9.89674 31.8281 -13 465 0 0 1
-0.0561085 -0.0322006 720 -0.0125974 0.0215257 14.071 21.9401 -13 467 0 0 1
0.193935 -0.207166 720 0.077989 0.00427583 4.60369 70.8255 -13 469 0 0 1
0.174165 -0.558406 720 -0.0648064 -0.0453198 8.2229 46.7041 -13 474 0 0 1
0.099392 -0.152017 720 -0.00363226 -0.015153 11.7834 32.5215 -13 475 0 0 1
0.089135 0.208278 720 -0.0351922 -0.0257788 9.50179 43.5214 -13 477 0 0 1
-0.00370094 0.0289659 720 0.0222553 -0.00589496 14.0479 47.8678 -13 483 0 0 1
-0.485193 0.300928 720 -0.00103082 0.0553646 5.21362 68.6264 -13 488 0 0 1
0.182728 -0.297589 720 -0.0197192 -0.00234328 13.8839 23.7649 -13 489 0 0 1
0.0633465 -0.0371537 720 -0.0108892 -0.00938248 7.54349 58.9591 -13 491 0 0 1
-0.198651 0.00883765 720 -0.035606 0.0204308 12.431 45.9178 -13 493 0 0 1
-0.068558 0.114944 720 0.0258079 0.000451905 12.9601 43.8011 -13 494 0 0 1
-0.195035 -0.334382 720 -0.0738961 0.10498 10.6557 31.4726 -13 496 0 0 1
-0.363414 0.286283 720 0.0624674 0.124413 14.0343 19.8162 -13 497 0 0 1
-0.116264 -0.166533 720 -0.00185313 0.0135072 13.6907 35.6172 -13 498 0 0 1
0.270138 0.514525 720 0.0269061 0.0707297 10.5259 34.7083 -13 510 0 0 1
0.0264122 -0.0188956 720 -0.0158211 0.107301 7.87113 38.3957 -13 514 0 0 1
-0.0745579 0.197686 720 0.0401125 0.00600429 8.28568 53.7889 -13 530 0 0 1
-0.105295 0.0410026 720 -0.0248225 0.0332572 13.8445 48.0882 -13 532 0 0 1
0.40507 0.173723 720 0.0114614 -0.0470163 8.50968 43.0213 -13 543 0 0 1
-0.0635865 -0.195336 720 -0.0518338 0.034973 10.5835 30.3225 -13 551 0 0 1
0.073213 0.252659 720 -0.0235832 0.00144466 4.95473 51.9974 -13 554 0 0 1
0.0990355 0.189604 720 0.0455411 0.0271397 13.569 25.7863 -13 557 0 0 1
-0.701882 0.478731 720 -0.0298357 0.0596938 5.03254 75.9225 -13 561 0 0 1
-0.000847217 -0.0810116 720 -0.0621187 0.0934368 9.33107 39.4384 -13 566 0 0 1
-0.25623 0.209734 720 0.0203567 0.0755678 11.8277 48.0316 -13 568 0 0 1
-0.152253 -0.279546 720 -0.0582721 0.0190874 12.6393 34.1074 -13 571 0 0 1
0.146788 -0.0456595 720 0.0444171 0.032501 7.01623 55.0435 -13 575 0 0 1
-0.0453788 -0.276051 720 -0.062543 0.0807241 13.9455 45.2016 -13 584 0 0 1
0.106824 -0.0293563 720 -0.00328769 -0.0504063 11.2208 31.2047 -13 585 0 0 1
0.336399 0.499536 720 0.0756621 -0.0446299 8.28666 43.7222 -13 592 0 0 1
-0.00662708 -0.432059 720 -0.0839465 -0.0629148 5.70244 71.3379 -13 593 0 0 1
-0.000848949 0.36553 720 0.0202066 -0.0261171 10.7505 53.3732 -13 594 0 0 1
0.0155161 0.210092 720 -0.0111243 0.00210875 10.0229 40.4733 -13 595 0 0 1
0.603498 0.00597933 720 -0.00527171 -0.124682 8.07296 48.5121 -13 596 0 0 1
0.48668 -0.196223 720 -0.000676748 -0.0914955 10.4012 36.6746 -13 597 0 0 1
-0.0209564 -0.0360591 720 -0.084541 0.0205022 5.66866 51.1898 -13 599 0 0 1
-0.161093 0.493948 720 0.0493013 0.0978911 6.80867 59.242 -13 602 0 0 1
-2.1908 0.0451845 720 0.0329732 0.188212 9.23034 50.2319 -13 603 0 0 1
0.0618961 -0.180642 720 -0.076082 -0.0747963 7.51012 46.9982 -13 604 0 0 1
-0.214758 0.128169 720 -0.0320657 0.0289287 4.76673 59.4858 -13 605 0 0 1
-0.0182562 -0.0338851 720 -0.027194 -0.00777325 12.442 37.3626 -13 606 0 0 1
-0.277252 0.251913 720 0.0783739 0.0666566 11.8801 27.5691 -13 607 0 0 1
-0.0427192 0.339615 720 0.117096 0.0385597 12.9288 34.9427 -13 608 0 0 1
-0.240512 -0.135943 720 -0.0244272 0.0121557 11.8634 26.7649 -13 609 0 0 1
-0.36572 0.0649728 720 -0.0260453 0.0921116 8.73454 36.5953 -13 610 0 0 1
0.171494 0.030867 720 -0.00375237 -0.0227967 10.3188 29.9825 -13 611 0 0 1
-0.193838 0.176367 720 -0.00133283 0.0565036 7.81394 44.6156 -13 612 0 0 1
-0.192947 0.240365 720 0.0498329 0.0807052 12.4337 35.3523 -13 613 0 0 1
0.106628 0.206905 720 0.00307782 -0.0202807 12.113 23.7328 -13 614 0 0 1
1.05974 -0.209195 720 0.12734 -0.1257 3.58286 84.6089 -13 615 0 0 1
0.52912 0.129197 720 0.00855471 -0.0983652 3.49223 91.5113 -13 616 0 0 1
-0.00688728 -0.0298123 720 0.0346805 0.0084648 10.7893 40.9273 -13 617 0 0 1
-0.111356 -0.166585 720 0.0261522 0.0343908 8.07309 51.5026 -13 618 0 0 1
0.355956 0.423499 720 0.0503298 -0.0140563 4.63962 74.9 -13 619 0 0 1
-0.317344 0.487627 720 0.0290981 0.0815739 12.3566 40.6344 -13 620 0 0 1
0.0980622 0.31927 720 0.123211 -0.0257486 5.10016 51.6973 -13 621 0 0 1
0.226264 0.109867 720 -0.0830587 -0.0183194 11.1511 51.2564 -13 622 0 0 1
0.135773 -0.102532 720 -0.0182526 -0.00381295 9.72426 40.7397 -13 623 0 0 1
0.0916916 0.0492026 720 0.0185971 0.0169492 14.1605 19.6689 -13 624 0 0 1
-0.0319011 -0.0718466 720 -0.021993 0.0198299 9.04874 44.2871 -13 625 0 0 1
0.200939 0.574175 720 0.114448 -0.0879052 6.03348 50.5672 -13 626 0 0 1
-0.134418 -0.211821 720 -0.0689956 -0.0056089 9.38747 45.0695 -13 627 0 0 1
1.56478 0.0915563 720 0.0355923 -0.108668 2.13362 106.402 -13 628 0 0 1
0.093501 -0.164567 720 -0.0286535 0.0126911 10.4368 30.9815 -13 629 0 0 1
-0.203335 0.0657201 720 0.0290083 0.0691878 11.7011 49.649 -13 630 0 0 1
0.0785525 -0.194483 720 -0.0154207 -0.028155 8.83709 56.7481 -13 631 0 0 1
-0.0813876 0.158589 720 0.025165 0.00537919 14.0744 30.7877 -13 632 0 0 1
-0.0991078 -0.349276 720 -0.0092538 0.00750212 8.3326 39.1615 -13 633 0 0 1
-0.755515 0.285448 720 0.0956335 0.0263616 4.73794 55.6797 -13 634 0 0 1
-0.198889 0.0756086 720 0.0444099 0.059247 8.01657 49.2919 -13 635 0 0 1
-0.421201 0.638871 720 0.0773929 0.0817468 14.1316 25.7745 -13 636 0 0 1
-0.0739506 0.00255431 720 -0.0932671 -0.055989 7.93099 54.1523 -13 637 0 0 1
-0.0276822 0.591068 720 0.0807849 0.0468186 12.7031 36.3488 -13 638 0 0 1
0.0901805 0.191399 720 0.00706231 -0.0102692 13.9953 24.1133 -13 639 0 0 1
-0.113045 0.10789 720 0.0137968 0.0279258 10.8838 24.9221 -13 640 0 0 1
-0.465755 -0.337141 720 0.0323197 0.151525 4.25407 67.768 -13 641 0 0 1
-0.0119003 0.198325 720 -0.0140643 -0.0445676 7.07754 59.0195 -13 642 0 0 1
0.383448 -0.0431712 720 -0.0667111 -0.0334986 11.0379 24.1289 -13 643 0 0 1
-0.622559 0.21488 720 0.006731 0.113388 13.6949 37.4945 -13 644 0 0 1
0.0754915 -0.0100697 720 0.0137115 -0.0130613 9.71234 28.864 -13 645 0 0 1
-0.0648474 0.050685 720 -0.0090185 0.00247164 13.754 35.9204 -13 646 0 0 1
0.0174551 0.16204 720 0.078631 -0.0454612 5.9441 69.7133 -13 647 0 0 1
0.640083 0.122215 720 0.0451376 0.0213698 3.87265 74.8677 -13 648 0 0 1
0.875682 1.69972 720 0.371205 0.139634 6.22537 51.0055 -13 649 0 0 1
0.126455 0.207942 720 0.0443217 0.0232118 13.5198 23.3941 -13 650 0 0 1
0.345573 -0.0100202 720 0.033727 -0.0655023 10.0525 38.68 -13 651 0 0 1
0.0899962 0.215562 720 0.0403043 0.00972497 10.4569 50.7821 -13 652 0 0 1
0.0599693 -0.133183 720 -0.0180442 0.00983561 11.9744 39.2883 -13 653 0 0 1
-0.184523 -0.372726 720 -0.0180623 0.0473598 12.2576 33.5401 -13 654 0 0 1
-0.0388841 -0.029305 720 -0.0163818 0.0249727 14.3487 40.413 -13 655 0 0 1
-0.282092 0.140524 720 -0.0222876 0.0337763 9.55748 43.1305 -13 656 0 0 1
0.131026 0.0817819 720 0.00674431 0.0207521 7.92198 54.1914 -13 657 0 0 1
0.336182 0.245329 720 0.113966 -0.0749016 4.79195 67.3368 -13 658 0 0 1
-0.440782 -0.223456 720 -0.0352672 0.029143 14.4135 31.9317 -13 659 0 0 1
-0.0944037 0.100178 720 0.00173746 0.0882402 11.6712 44.6217 -13 660 0 0 1
0.238692 -0.145406 720 -0.0249967 -0.0475739 10.6249 40.3589 -13 661 0 0 1
0.51216 0.0215191 720 -0.00444254 -0.0803175 12.1238 32.8214 -13 662 0 0 1
0.169939 0.108414 720 0.0300914 -0.0454872 9.52043 56.2897 -13 663 0 0 1
0.0134902 0.285738 720 0.0428928 -0.0181065 8.16663 60.5626 -13 664 0 0 1
-0.174834 0.252691 720 0.0753675 0.000186922 11.3306 24.8533 -13 665 0 0 1
0.0207714 0.152284 720 -0.0166585 -0.0236051 11.7572 36.6899 -13 666 0 0 1
0.176704 -0.0765593 720 -0.006212 -0.0158743 13.0859 32.7074 -13 667 0 0 1
-0.150652 -0.115673 720 0.00909851 0.0170672 6.58997 48.9637 -13 668 0 0 1
-0.251925 0.264057 720 0.0431145 -0.0376928 9.53979 44.7908 -13 669 0 0 1
0.0278094 0.0945706 720 0.0329819 -0.0165944 13.5652 36.4119 -13 670 0 0 1
0.307867 0.128622 720 0.018037 -0.00747561 13.136 39.5244 -13 671 0 0 1
-2.21005 0.129177 720 0.0458001 0.0395798 0.547725 577.511 -13 672 0 0 1
0.607134 -0.204024 720 0.0490091 -0.127359 3.66644 78.5857 -13 673 0 0 1
-0.00556717 -0.0782887 720 -0.00162957 -0.00981206 12.547 50.0128 -13 674 0 0 1
-0.485393 0.198729 720 0.0382535 0.0250401 7.14105 43.7918 -13 675 0 0 1
-0.157503 0.178528 720 0.0312068 0.014664 12.8899 46.2374 -13 676 0 0 1
0.00334079 -0.891382 720 -0.112377 0.0749891 11.8229 28.7213 -13 677 0 0 1
-0.13566 0.014296 720 -0.0140223 -0.0227925 9.38161 43.2101 -13 678 0 0 1
0.159976 0.044742 720 0.058026 0.0244611 8.09833 44.4602 -13 679 0 0 1
-0.0106006 0.192144 720 0.0638433 0.0105434 9.25247 46.447 -13 680 0 0 1
-0.0866022 -0.0821046 720 0.0158221 0.0293473 14.0625 21.3068 -13 681 0 0 1
0.16351 0.106403 720 0.0022713 0.00953223 13.256 20.7565 -13 682 0 0 1
0.207105 0.213126 720 0.00833165 -0.00664505 12.9198 44.981 -13 683 0 0 1
0.159865 -0.477376 720 -0.0612742 0.0639262 8.56009 46.4533 -13 684 0 0 1
-0.518203 0.253924 720 0.0524225 0.0619146 7.98576 39.4513 -13 685 0 0 1
0.0331973 -0.146518 720 -0.0324258 0.00586815 11.6423 49.3837 -13 686 0 0 1
-0.012137 -0.294626 720 0.00074616 0.0338559 8.98829 35.1639 -13 687 0 0 1
0.179282 -0.00961155 720 -0.00258644 -0.0275447 12.8362 43.2049 -13 688 0 0 1
-0.23028 0.405649 720 0.051454 0.0874035 9.85344 48.678 -13 689 0 0 1
0.303095 -0.0274589 720 0.0423179 -0.133064 5.12933 68.6071 -13 690 0 0 1
0.0931546 -0.234319 720 -0.0579277 -0.00956045 12.3154 38.1475 -13 691 0 0 1
-0.623431 -0.373687 720 -0.0932063 0.107279 7.40972 36.2375 -13 692 0 0 1
0.213354 0.0974671 720 0.0428927 -0.00625859 12.7658 41.2028 -13 693 0 0 1
0.373971 0.319966 720 0.0105718 -0.0228745 3.49162 77.1347 -13 694 0 0 1
0.203335 -0.271888 720 -0.0514291 -0.0882495 7.30753 45.9529 -13 695 0 0 1
0.791465 0.266209 720 -0.125214 -0.0835685 6.59794 52.1483 -13 696 0 0 1
-0.349042 -0.0729365 720 -0.0471206 0.0656639 10.0004 44.2832 -13 697 0 0 1
0.206073 -0.175281 720 -0.0704395 -0.0816482 8.72653 37.3473 -13 698 0 0 1
0.372065 0.140561 720 0.045099 -0.0847322 13.3267 43.2585 -13 699 0 0 1
-0.51575 -0.282001 720 -0.0890575 0.0366795 8.71884 39.8019 -13 700 0 0 1
0.0660281 0.185239 720 -0.0292853 -0.0845278 8.92519 30.7751 -13 701 0 0 1
0.00345838 -0.124011 720 0.000602731 0.039567 12.2818 46.4808 -13 702 0 0 1
-0.0499408 -0.0874625 720 0.000383004 -0.00363189 12.0689 43.7344 -13 703 0 0 1
0.179643 1.46316 720 0.248416 0.0140222 9.36697 36.2062 -13 704 0 0 1
0.0085459 0.0429999 720 0.040579 0.00648077 10.0944 32.2113 -13 705 0 0 1
-0.22432 0.0571129 720 0.0136602 0.0459658 9.54657 42.4883 -13 706 0 0 1
0.208014 0.279921 720 0.0501312 -0.00464866 13.8423 20.25 -13 707 0 0 1
-0.0337028 -0.0431375 720 -0.00337015 0.0704813 10.5208 42.6308 -13 708 0 0 1
-0.115725 0.25274 720 0.136638 0.109693 3.36138 82.5397 -13 709 0 0 1
0.134578 -0.229096 720 -0.0475214 -0.00279895 7.92659 52.2153 -13 710 0 0 1
0.0927945 0.165101 720 0.0719493 -0.0386243 14.1527 20.0991 -13 711 0 0 1
-0.109866 -0.0693526 720 -0.0111129 0.000453166 11.6034 42.0707 -13 712 0 0 1
0.249112 0.162796 720 -0.0772396 -0.00282142 6.33388 61.9734 -13 713 0 0 1
0.300088 0.177331 720 0.0350015 0.0179931 14.0401 39.7311 -13 714 0 0 1
-0.0249418 0.0954495 720 0.0091433 -0.0290952 12.3723 50.3492 -13 715 0 0 1
0.046254 -0.386098 720 -0.0594345 0.0260277 13.1081 40.4639 -13 716 0 0 1
0.00581198 -0.0244543 720 -0.0514417 -0.00460843 10.5888 39.7301 -13 717 0 0 1
-0.426781 0.169722 720 0.0617461 0.0682241 8.65494 37.6804 -13 718 0 0 1
-0.194637 0.166554 720 0.0709072 -0.00823943 10.6416 32.9382 -13 719 0 0 1
0.13972 -0.0785185 720 -0.0817832 0.0201718 11.2558 51.5878 -13 720 0 0 1
0.0787266 0.265898 720 0.0579213 -0.041068 9.66004 52.4397 -13 721 0 0 1
-0.0498866 -0.251417 720 -0.0646263 0.0301337 4.9233 60.9305 -13 722 0 0 1
-0.0745551 -0.135576 720 -0.0339359 0.0276199 8.51567 33.586 -13 723 0 0 1
0.661906 -0.358209 720 0.120195 -0.203804 4.73984 74.144 -13 724 0 0 1
-0.319811 0.0519342 720 0.032313 0.0756487 9.58064 38.6783 -13 725 0 0 1
-0.17391 0.352575 720 0.11021 0.04055 13.59 34.6041 -13 726 0 0 1
-0.161634 0.0679137 720 -0.01362 0.0395624 14.1364 23.3874 -13 727 0 0 1
-1.45035 -0.267686 720 0.0847991 0.135832 2.96068 100.251 -13 728 0 0 1
-0.345339 0.0626989 720 -0.0411932 0.118323 5.31378 58.1615 -13 729 0 0 1
0.0334056 0.0953137 720 -0.0141518 -0.0221529 11.1629 30.4479 -13 730 0 0 1
0.106575 0.0431919 720 0.0286728 -0.0150891 10.9633 26.6335 -13 731 0 0 1
-1.88781 0.192831 720 -0.0306591 0.0637749 0.588555 567.517 -13 732 0 0 1
0.041401 -0.0982937 720 0.0270909 0.0179529 4.50939 66.4532 -13 733 0 0 1
-0.152846 0.0727673 720 -0.0103203 0.0174059 13.2302 24.3627 -13 10 0 0 1
0.202263 0.0599976 720 -0.00298157 -0.0551117 14.4205 40.6854 -13 21 0 0 1
0.0300065 -0.0398674 720 -0.0257379 -0.0191982 8.30413 57.9615 -13 24 0 0 1
-0.41885 -0.18129 720 -0.0111426 0.0789928 13.6224 21.2997 -13 30 0 0 1
0.0611765 -0.311924 720 0.0445375 -0.0511976 8.57099 54.1505 -13 36 0 0 1
0.193492 -0.0533587 720 0.0200734 -0.0258268 10.9063 44.2701 -13 40 0 0 1
-0.177062 0.194478 720 -0.0477782 0.0301246 4.15422 86.485 -13 50 0 0 1
-0.265487 0.207376 720 0.0499921 0.0681938 2.53187 87.3268 -13 54 0 0 1
0.166318 -0.137433 720 -0.0690333 -0.0975965 4.88605 55.6366 -13 65 0 0 1
0.1884 1.00842 720 0.131782 0.048512 7.698 60.8502 -13 75 0 0 1
-0.230494 -0.131688 720 0.0186411 -0.0162721 9.8427 45.0423 -13 83 0 0 1
0.0526933 0.0360402 720 -0.0463604 -0.0499626 7.24683 47.6909 -13 108 0 0 1
-0.0810161 0.281716 720 -0.050422 0.115208 7.64416 37.4886 -13 112 0 0 1
-0.169946 -0.265268 720 -0.0835578 -0.0110828 8.00891 38.6893 -13 114 0 0 1
0.07787 -0.00426374 720 -0.0283917 0.00203413 14.3904 38.7927 -13 144 0 0 1
-0.242598 -0.245293 720 -0.118528 0.0573102 8.55822 46.7019 -13 188 0 0 1
-0.0610308 0.0169217 720 0.0336698 0.0341962 11.585 44.1518 -13 201 0 0 1
-0.0886375 -0.137155 720 -0.00147142 -0.00939873 13.7054 31.967 -13 209 0 0 1
1.03116 0.698552 720 -0.0239264 -0.0783737 3.77181 76.3391 -13 215 0 0 1
-0.0294103 0.492846 720 -0.0313991 0.137715 5.12142 64.0581 -13 218 0 0 1
-0.182551 -0.0948307 720 -0.00143601 0.00745875 12.6038 40.3365 -13 227 0 0 1
0.0506618 -0.20993 720 -0.0544256 -0.0227706 12.7715 32.0677 -13 239 0 0 1
-0.240453 0.317462 720 0.124578 -0.0294223 8.67115 53.1456 -13 244 0 0 1
-0.095285 0.0151685 720 0.000193059 0.0581628 12.3441 31.8106 -13 249 0 0 1
0.111111 -0.203319 720 -0.0234895 -0.0204739 11.9143 42.9879 -13 253 0 0 1
0.0497791 -0.286136 720 -0.0355235 -0.0120193 12.2459 21.9672 -13 256 0 0 1
-0.00972603 0.0571314 720 0.0240625 0.0150212 11.7227 38.8662 -13 258 0 0 1
0.432943 -0.169282 720 -0.0421855 -0.0503902 11.7879 33.8406 -13 269 0 0 1
0.00606225 0.149299 720 0.0135375 0.0204652 12.6064 47.6338 -13 274 0 0 1
-0.0610083 0.0441274 720 0.0273514 -0.0103463 13.7492 31.6972 -13 278 0 0 1
0.386356 -0.24827 720 -0.0159526 -0.107719 8.11559 51.6126 -13 281 0 0 1
-0.423291 0.501786 720 0.0400582 0.10822 2.54971 109.526 -13 285 0 0 1
-0.194142 0.105586 720 -0.00901812 0.0299197 13.2505 22.9199 -13 292 0 0 1
0.225662 0.251816 720 0.0383856 -0.0506904 8.19362 57.793 -13 301 0 0 1
0.818995 -0.197983 720 0.0114959 -0.120688 4.10033 69.898 -13 307 0 0 1
-0.4537 0.17116 720 0.112359 0.0175859 5.61205 54.1776 -13 310 0 0 1
0.165052 0.0743828 720 -0.0251718 0.00949567 9.04872 35.0034 -13 316 0 0 1
-nan -nan -nan -nan -nan -nan -nan -13 324 0 0 1
-0.480215 0.00137586 720 -0.046506 0.0692887 12.4491 34.0291 -13 327 0 0 1
0.0624544 0.257784 720 0.0325951 -0.0122649 10.9686 40.3378 -13 735 0 0 1
-1.18411 2.11532 720 0.952411 0.11667 2.19149 96.1672 -13 744 0 0 1
-0.109898 -0.238113 720 -0.0738295 0.0401219 8.53832 56.0272 -13 746 0 0 1
0.209432 -0.0435919 720 0.0138794 -0.0365901 12.8648 41.2152 -13 768 0 0 1
-0.0664543 -0.204039 720 0.00272163 0.0178322 11.4201 27.6734 -13 773 0 0 1
-0.152937 -0.0832864 720 -0.050831 0.0380365 13.3958 23.2173 -13 774 0 0 1
0.350937 -0.470878 720 -0.0811045 -0.0771505 11.6368 26.8392 -13 781 0 0 1
0.00612122 0.240139 720 0.000593516 0.0162521 9.5592 46.0103 -13 786 0 0 1
-0.891174 -0.692331 720 -0.102433 0.16254 14.1562 33.7227 -13 789 0 0 1
0.910294 0.118651 720 0.0603043 -0.124038 2.5646 90.5805 -13 806 0 0 1
0.0566022 0.539689 720 0.116572 -0.0156935 10.3251 32.3807 -13 897 0 0 1
-0.0992338 0.0669928 720 0.0307238 0.0402338 11.4259 24.6116 -13 900 0 0 1
0.0182545 0.0526048 720 0.00783968 -0.0220842 8.61582 32.3877 -13 902 0 0 1
0.285715 0.0432778 720 0.0203246 -0.0478487 12.5355 28.4314 -13 904 0 0 1
-0.209593 -0.119045 720 -0.0445865 0.0150539 10.4498 44.7214 -13 906 0 0 1
0.0606993 0.253766 720 0.0273264 -0.0145026 12.9307 23.6761 -13 908 0 0 1
0.163483 0.275572 720 0.0537489 0.0695553 7.21285 50.5361 -13 909 0 0 1
-0.0970765 0.109626 720 0.0463327 0.0447579 11.8255 24.0643 -13 912 0 0 1
-0.261191 0.219636 720 0.0226078 0.0313382 10.2728 27.2911 -13 914 0 0 1
-0.242984 -0.742947 720 -0.125665 0.060869 9.0686 34.8337 -13 915 0 0 1
-0.0673433 0.103839 720 -0.00585055 0.0437098 13.7864 37.8286 -13 916 0 0 1
0.20157 -0.0933074 720 0.0223116 -0.0199662 12.4736 40.5091 -13 917 0 0 1
0.00571153 0.140478 720 0.00178781 -0.0669927 12.8288 44.5046 -13 918 0 0 1
0.624238 0.17369 720 0.0849704 -0.0321858 3.63147 71.1949 -13 919 0 0 1
0.152999 -0.101906 720 0.012303 0.0236337 8.62577 33.2019 -13 920 0 0 1
0.093379 -0.207944 720 -0.0421518 -0.0148001 12.8691 41.3947 -13 922 0 0 1
-0.217658 -0.0466734 720 0.00371725 0.0298453 13.6137 33.149 -13 924 0 0 1
-0.274984 -0.323908 720 -0.0344236 0.0162463 12.8013 21.2781 -13 926 0 0 1
-0.0446389 -0.251089 720 -0.058101 0.0102455 11.7733 45.8122 -13 928 0 0 1
0.0258712 0.059142 720 0.0183327 0.0173245 13.5415 25.9765 -13 929 0 0 1
0.19126 -0.340012 720 -0.0359127 -0.0233315 12.7113 38.7966 -13 930 0 0 1
-0.0686193 -0.0227471 720 0.00333537 0.0342285 11.4242 51.8367 -13 932 0 0 1
-0.00759876 -0.197311 720 -0.05886 0.0079635 8.57763 42.4663 -13 934 0 0 1
0.15441 0.0218559 720 0.00880517 -0.0379271 12.4402 34.5563 -13 936 0 0 1
0.136782 -0.746247 720 -0.161728 -0.00632358 4.53217 59.1638 -13 938 0 0 1
-0.0350911 0.188022 720 0.0357052 0.000522874 5.90899 47.2132 -13 940 0 0 1
0.112918 0.0867075 720 0.135161 -0.0142055 0.557904 148.581 -13 942 0 0 1
-0.0941493 -0.448362 720 -0.0455406 0.0249751 5.64475 67.9612 -13 944 0 0 1
0.031627 0.147317 720 0.0349265 0.0859181 13.6075 42.3039 -13 9 0 0 1
0.8921 0.0239664 720 -0.0206729 -0.130465 0.975741 569.32 -13 20 0 0 1
-0.0769194 0.0709337 720 -0.0202962 0.0233594 14.3621 32.1315 -13 25 0 0 1
0.135954 -0.108917 720 -0.0632898 -0.0244889 7.92979 45.3214 -13 86 0 0 1
-0.240157 0.00476448 720 -0.000840906 0.0542445 9.56194 35.034 -13 98 0 0 1
-0.0771128 0.0527302 720 0.0066453 0.0475349 13.4933 32.0275 -13 129 0 0 1
0.365679 -0.39829 720 0.00279865 -0.233728 7.19459 39.7444 -13 137 0 0 1
-0.0395659 0.333631 720 0.0491065 0.0124689 11.2253 38.3709 -13 147 0 0 1
0.0340786 0.0669961 720 -0.0196266 -0.00636165 9.74697 29.531 -13 163 0 0 1
-0.02853 0.416782 720 0.102755 0.0176076 8.91536 47.8697 -13 170 0 0 1
-0.0210943 -0.100546 720 -0.0171841 -0.0248051 10.7709 38.4004 -13 176 0 0 1
-0.00851235 -0.272074 720 -0.0683973 -0.0237802 8.76704 55.8882 -13 181 0 0 1
0.0363734 -0.00199677 720 -0.0132217 0.00522679 11.4886 38.47 -13 185 0 0 1
-0.0391662 -0.0712538 720 -0.015879 -0.0143309 10.342 32.0977 -13 194 0 0 1
-0.016174 -0.0392332 720 0.0274867 -0.0110524 5.30757 56.0579 -13 204 0 0 1
0.481593 0.43537 720 0.08065 0.0356318 2.73139 100.463 -13 210 0 0 1
-0.0307857 -0.217716 720 -0.048731 0.00307483 8.64234 33.2005 -13 223 0 0 1
0.736263 -0.507856 720 -0.0125031 -0.127622 9.04703 54.7075 -13 231 0 0 1
-0.230723 0.169953 720 0.0322556 0.0293952 12.4805 23.8186 -13 234 0 0 1
0.210227 0.0107894 720 0.0241601 -0.0133034 12.8247 22.4796 -13 241 0 0 1
0.344495 -0.418318 720 -0.00399505 -0.122475 12.9028 32.5237 -13 245 0 0 1
-0.574747 0.103251 720 -0.0508387 -0.0180192 8.2612 35.5602 -13 254 0 0 1
0.0793797 -0.323301 720 -0.012176 -0.00628648 14.4523 23.4574 -13 259 0 0 1
-0.0414361 -0.0321301 720 -0.000630893 -0.0122759 14.0579 41.0368 -13 267 0 0 1
0.0575847 0.0375759 720 0.00362484 -0.0228169 14.4605 27.9771 -13 272 0 0 1
0.177601 0.235873 720 0.0717023 -0.00729018 9.46834 44.8274 -13 289 0 0 1
-0.0297574 0.0908404 720 -0.0306508 -0.00379127 7.34177 63.8023 -13 293 0 0 1
-nan -nan -nan -nan -nan -nan -nan -13 298 0 0 1
0.0516706 -0.447411 720 -0.0827757 -0.0107568 7.53897 49.9485 -13 302 0 0 1
-0.131352 0.346593 720 0.047117 -0.0298553 7.87828 36.5939 -13 734 0 0 1
-0.074384 0.418524 720 0.0176337 0.009576 13.0338 43.6406 -13 740 0 0 1
-0.162625 0.0184731 720 -0.00342389 0.0401169 14.1671 34.0142 -13 759 0 0 1
-0.285715 -0.115575 720 -0.0144563 0.0656977 11.143 49.5109 -13 763 0 0 1
-0.118908 -0.161039 720 -0.055687 0.00037447 8.581 35.2783 -13 766 0 0 1
-0.532878 -0.524333 720 -0.0808555 0.0488135 6.92614 41.5092 -13 769 0 0 1
0.151578 0.14487 720 0.0152551 0.0136587 12.9238 20.8085 -13 779 0 0 1
0.0475809 0.0132125 720 0.0148943 -0.0217869 10.0437 29.2752 -13 782 0 0 1
-0.0572121 -0.152999 720 -0.0270002 -0.0475458 11.4718 31.2114 -13 795 0 0 1
0.116319 0.218235 720 0.0303194 -0.0431223 13.7059 44.2416 -13 798 0 0 1
-0.045452 -0.205265 720 -0.0974899 -0.0171269 6.90386 56.5019 -13 803 0 0 1
-0.18065 -0.13298 720 -0.0563973 0.0275734 13.6396 29.8103 -13 807 0 0 1
-0.232215 -0.0285 720 0.0558204 0.00845657 10.8064 40.1447 -13 810 0 0 1
0.385073 -0.476352 720 -0.0548822 -0.0950092 13.2154 30.6895 -13 813 0 0 1
0.184172 0.429288 720 0.0898269 0.00129051 11.4657 51.5978 -13 818 0 0 1
0.381169 -0.18415 720 -0.0944398 -0.0106218 8.36966 34.4744 -13 821 0 0 1
-0.258222 -0.688468 720 -0.191845 -0.00891416 7.79009 60.8034 -13 835 0 0 1
0.0250711 0.244739 720 0.0209068 -0.00455139 11.1256 45.0359 -13 839 0 0 1
0.0161823 -0.0465337 720 0.0123911 0.000750428 6.10214 68.2511 -13 842 0 0 1
0.0641458 0.146705 720 0.0258272 -0.00930921 13.4833 28.492 -13 845 0 0 1
-0.310512 0.565685 720 0.126009 0.0349396 4.58396 63.8723 -13 847 0 0 1
-nan -nan -nan -nan -nan -nan -nan -13 864 0 0 1
-0.0515724 -0.137923 720 0.00825942 0.112893 5.43064 75.1509 -13 866 0 0 1
0.0834616 0.268741 720 0.0385415 -0.0328264 11.4051 30.8134 -13 47 0 0 1
-0.623553 0.0476453 720 -0.00229311 0.103436 6.26304 53.7341 -13 84 0 0 1
0.0953171 0.168656 720 0.0909018 0.0229275 5.68199 53.0723 -13 94 0 0 1
-0.0951501 0.0210788 720 -0.0140535 0.0611616 10.307 53.1274 -13 106 0 0 1
-0.0221994 0.0121758 720 0.0323828 0.00605265 9.8317 30.0351 -13 111 0 0 1
0.0900486 -0.129126 720 0.000358789 -0.0288694 13.2112 39.2881 -13 115 0 0 1
0.207543 -0.254111 720 -0.042298 -0.0982491 8.07832 35.2797 -13 151 0 0 1
0.195276 -0.712952 720 -0.112036 -0.267933 5.6601 45.4446 -13 189 0 0 1
0.445097 0.107172 720 -0.0316773 -0.0815147 7.12451 46.9783 -13 205 0 0 1
0.214786 0.0724262 720 0.027162 -0.0149562 13.943 20.0975 -13 212 0 0 1
0.241563 -0.0362816 720 0.0351291 -0.0736913 9.43669 40.3546 -13 217 0 0 1
0.0566954 -0.0202568 720 -0.0243034 0.00394683 13.3181 31.3478 -13 220 0 0 1
-0.573958 -0.124028 720 0.0331035 0.0381837 2.88272 83.2295 -13 221 0 0 1
-0.72131 -0.844432 720 -0.164964 -0.0134891 12.6986 25.8034 -13 240 0 0 1
-0.224509 0.297883 720 0.0374389 0.0191798 11.6304 32.7602 -13 247 0 0 1
0.220605 0.0162853 720 -0.0224199 -0.0592478 8.2696 57.1333 -13 251 0 0 1
-0.108901 -0.130139 720 -0.0444634 0.0399669 13.8314 33.8833 -13 261 0 0 1
0.152372 0.125094 720 0.00155508 -0.0214435 11.3106 47.4172 -13 266 0 0 1
-0.165222 -0.0351149 720 0.0200377 0.0484377 7.27337 62.5637 -13 271 0 0 1
-0.118031 0.168286 720 0.0956924 0.0084613 8.76635 48.9623 -13 275 0 0 1
-0.0401729 0.129381 720 0.00943699 0.00417454 13.3433 40.1339 -13 279 0 0 1
-0.0385868 -0.546963 720 -0.0992751 0.00939494 10.6992 31.4327 -13 283 0 0 1
0.0960287 0.304356 720 0.118682 -0.00329018 6.74288 63.7535 -13 286 0 0 1
-1.51994 1.84415 720 0.58548 -0.523521 2.72361 104.755 -13 300 0 0 1
0.275257 0.0544697 720 0.00498319 -0.0639289 10.9788 33.6546 -13 305 0 0 1
0.295998 0.00928916 720 0.00911917 -0.0339195 14.0018 35.8468 -13 311 0 0 1
-0.0709691 -0.181865 720 0.0310002 0.0325468 13.798 20.5758 -13 314 0 0 1
0.114859 -0.0467467 720 0.0187977 -0.0744823 8.94945 37.0043 -13 330 0 0 1
0.0554651 -0.29395 720 0.00466442 0.00582784 9.83368 37.6086 -13 333 0 0 1
0.0678429 0.10241 720 -0.03593 -0.0163473 12.8425 22.9538 -13 334 0 0 1
-nan -nan -nan -nan -nan -nan -nan -13 342 0 0 1
-0.107238 -0.147443 720 0.000499532 -0.0021253 12.0875 36.1833 -13 347 0 0 1
0.196354 -0.294937 720 -0.0691969 -0.01651 11.4887 37.345 -13 745 0 0 1
-0.27548 -0.00320682 720 -0.0121614 0.0436611 10.4326 46.5259 -13 750 0 0 1
0.489945 2.23688 720 0.291681 -0.1372 10.7879 26.8165 -13 753 0 0 1
-0.181465 0.105585 720 0.0376878 0.0284793 10.6723 36.8588 -13 777 0 0 1
-0.170564 -0.444577 720 -0.0622834 -0.127447 4.675 65.8567 -13 785 0 0 1
-0.169944 -0.0532623 720 0.00868192 0.0252422 12.3406 39.3988 -13 788 0 0 1
-0.13114 0.0953401 720 0.00129485 0.00952677 11.4096 39.8226 -13 793 0 0 1
-0.561496 0.0506583 720 -0.00746791 0.103691 6.44529 41.5279 -13 812 0 0 1
0.232228 0.11722 720 0.0994742 -0.0196151 5.2087 72.527 -13 817 0 0 1
0.0562641 -0.0344583 720 -0.0419558 -0.0235429 13.3828 26.3836 -13 820 0 0 1
-0.311154 -0.250446 720 -0.0569177 0.0336598 12.5952 43.965 -13 823 0 0 1
0.142048 0.0254954 720 -0.0137239 0.00391889 14.4465 44.2236 -13 825 0 0 1
-0.296468 0.163404 720 0.00258869 0.0703599 8.62383 56.6988 -13 828 0 0 1
0.111862 0.299179 720 0.0237619 -0.0461507 8.34545 37.7682 -13 831 0 0 1
-0.316822 0.265076 720 0.0342511 0.0775433 5.24701 71.8977 -13 834 0 0 1
-0.0673474 -1.15817 720 -0.141482 0.0512006 8.27656 38.301 -13 843 0 0 1
0.152241 0.267743 720 0.0645756 -0.0186715 12.276 37.977 -13 846 0 0 1
-0.739718 -0.0368536 720 0.0988421 0.0253119 4.61428 81.4862 -13 848 0 0 1
0.22914 0.066488 720 0.0424087 -0.0373217 9.54346 29.4685 -13 849 0 0 1
0.26059 0.0338262 720 0.0597253 -0.0439972 8.8582 37.1434 -13 851 0 0 1
0.896344 -0.674194 720 -0.225423 -0.00905522 4.72266 56.6048 -13 853 0 0 1
0.0371847 0.0474201 720 0.0320083 -0.00805126 12.9498 31.9027 -13 859 0 0 1
-0.0117029 0.0904383 720 0.00553461 0.0405072 14.0757 24.9082 -13 921 0 0 1
0.158341 0.154678 720 0.106446 0.0125867 3.58944 93.0047 -13 923 0 0 1
-0.0274084 -0.303485 720 -0.0629427 0.0107419 13.9615 47.2401 -13 925 0 0 1
0.338291 -0.0477697 720 -0.00335599 0.0568478 4.71685 67.6899 -13 927 0 0 1
-0.0991804 0.0122872 720 0.0233639 0.00499592 13.3012 40.972 -13 931 0 0 1
-0.0753259 0.1728 720 0.00787157 0.0110921 13.6064 32.6445 -13 933 0 0 1
0.214768 -0.0732262 720 -0.12925 -0.0274294 10.404 46.3309 -13 935 0 0 1
-0.114034 -0.222505 720 -0.0611619 0.0221967 12.5221 48.1903 -13 937 0 0 1
-0.251351 -0.0173355 720 0.065954 0.0847631 13.8083 28.9581 -13 939 0 0 1
-0.287992 -0.00874532 720 -0.0271936 0.0505503 12.2635 37.1851 -13 941 0 0 1
-0.099857 0.311335 720 0.0489605 -0.00703606 10.4556 49.7461 -13 943 0 0 1
-0.129301 -0.62761 720 0.0647933 0.0607727 3.51095 92.2598 -13 945 0 0 1
-0.145932 -0.0950236 720 -0.019859 0.00366913 14.2994 31.2255 -13 946 0 0 1
-0.0173098 0.0388111 720 0.0328378 -0.020922 10.4762 29.9793 -13 947 0 0 1
0.216008 0.198833 720 0.115904 0.00517638 7.68828 38.5411 -13 948 0 0 1
-0.0164397 -0.166043 720 -0.0300829 -0.0110315 12.4759 41.9416 -13 949 0 0 1
1.19845 0.210252 720 0.125518 -0.130598 2.5115 81.3158 -13 950 0 0 1
-0.216075 -0.653602 720 -0.114401 0.0284313 5.1734 55.212 -13 951 0 0 1
-0.181194 -0.527088 720 0.0925342 -0.0859661 3.82689 88.1437 -13 952 0 0 1
-0.0185476 -0.0818353 720 -0.00997662 -0.0044972 9.84888 33.2087 -13 953 0 0 1
0.0222307 0.987318 720 0.182064 -0.0342408 6.68089 57.9932 -13 954 0 0 1
-0.200943 0.499422 720 0.0384341 0.0475511 7.34546 52.0221 -13 955 0 0 1
0.175136 0.393339 720 0.0826129 -0.012342 6.80218 44.7966 -13 956 0 0 1
0.0365659 -0.136625 720 -0.026703 -0.00808266 14.0548 37.5196 -13 957 0 0 1
0.470654 0.259471 720 0.0532159 -0.0798519 11.84 36.2707 -13 958 0 0 1
-0.0187858 0.0710274 720 -0.0238503 -0.0233748 10.3869 45.5612 -13 959 0 0 1
-0.0216661 -0.0143299 720 0.0461129 -0.00710258 14.4365 27.6528 -13 960 0 0 1
-0.223954 0.108376 720 -0.000758882 0.0464637 11.802 41.1014 -13 962 0 0 1
-0.110807 -0.244943 720 0.0115817 0.011681 8.86113 41.8259 -13 969 0 0 1
-nan -nan -nan -nan -nan -nan -nan -13 970 0 0 1
-0.0323286 0.0159253 720 -0.0352179 0.0150787 13.2437 33.7296 -13 971 0 0 1
-0.378218 0.437306 720 0.0667048 0.0701057 4.97266 64.2524 -13 8 0 0 1
-0.212521 0.159054 720 -0.0280845 0.0173004 14.494 24.8698 -13 17 0 0 1
-0.0144418 -0.143628 720 -0.0241819 -0.00848081 11.7655 51.3299 -13 23 0 0 1
0.307537 0.0692463 720 0.0608882 -0.0636272 6.94125 57.9441 -13 29 0 0 1
0.257982 0.256751 720 -0.00742653 -0.0337582 5.00175 76.6723 -13 35 0 0 1
-0.304719 -0.117274 720 0.0240702 0.0254105 9.48352 37.3822 -13 39 0 0 1
0.302353 0.0178576 720 -0.0258228 0.0236182 11.2469 41.8267 -13 44 0 0 1
0.334704 0.262257 720 0.0827213 -0.0243404 8.17418 32.8518 -13 53 0 0 1
-0.13658 0.0366796 720 -0.00534347 0.00844656 13.947 34.1067 -13 61 0 0 1
0.646092 -0.429763 720 -0.0152149 -0.095573 8.8827 41.6009 -13 64 0 0 1
0.0409637 0.140064 720 0.0747441 0.0246256 11.6728 26.0222 -13 71 0 0 1
0.244193 -0.0247063 720 -0.00475738 -0.0615857 13.5206 32.7587 -13 78 0 0 1
0.0305889 -0.934339 720 0.000425787 1.52274e-05 0.988888 582.727 -13 87 0 0 1
0.120354 -0.0708611 720 -0.0396302 -0.0151313 12.8583 35.2883 -13 97 0 0 1
-0.0338381 -0.0906084 720 -0.0442167 -0.022098 13.4901 28.962 -13 128 0 0 1
-0.020356 0.17233 720 0.0256097 0.0343643 14.5407 36.9117 -13 133 0 0 1
0.453242 -0.4123 720 -0.0348137 -0.0925416 4.46266 60.6272 -13 138 0 0 1
0.242083 0.0897223 720 0.0298222 -0.0843851 10.9869 29.1871 -13 143 0 0 1
0.279459 -0.0723187 720 -0.0290622 -0.0341026 9.45224 44.5283 -13 154 0 0 1
0.282604 -0.409533 720 -0.0411389 -0.066925 8.37762 40.8971 -13 158 0 0 1
0.067498 0.0516481 720 -0.000610252 -0.0532634 14.2138 38.5401 -13 164 0 0 1
0.0705632 0.182267 720 -0.000328534 -0.000665821 13.0467 46.3694 -13 169 0 0 1
-0.389798 -0.048381 720 -0.0693022 0.0851127 9.76255 50.1226 -13 174 0 0 1
-0.0499591 -0.315184 720 0.000712072 0.0446517 7.10575 59.4919 -13 180 0 0 1
0.0731805 -0.0767084 720 -0.00804384 -0.0134209 12.0823 27.2871 -13 192 0 0 1
-0.488666 -0.847759 720 -0.131526 0.0595142 11.6896 51.6088 -13 196 0 0 1
-0.073309 0.298458 720 0.0506348 -2.73083e-05 9.17461 55.9845 -13 207 0 0 1
-0.187695 0.872819 720 0.113442 0.0100388 6.60576 53.8768 -13 211 0 0 1
0.0844716 -0.0246043 720 -0.0363572 -0.0425768 9.88378 38.379 -13 216 0 0 1
0.535979 -0.127269 720 -0.119009 -0.029209 9.70185 36.9008 -13 219 0 0 1
0.111045 0.0830254 720 -0.00391237 -0.0199363 12.3228 41.9454 -13 225 0 0 1
-0.241855 -0.32041 720 -0.0534331 0.010009 13.4273 30.1942 -13 229 0 0 1
-0.0855832 -0.0863755 720 -0.125533 0.0878392 4.42539 75.0625 -13 236 0 0 1
0.0684712 0.105166 720 0.0372618 -0.0415783 10.9121 40.0638 -13 242 0 0 1
0.0852984 0.205337 720 -0.0310201 -0.00980485 8.06099 40.7514 -13 246 0 0 1
0.161506 0.0390426 720 0.0170943 -0.049402 10.333 44.4419 -13 250 0 0 1
0.307527 -0.172165 720 -0.0873846 -0.0688634 11.2559 34.1548 -13 257 0 0 1
0.125039 0.0735686 720 0.0418637 -0.0394201 12.9414 39.3458 -13 262 0 0 1
0.14459 0.0931528 720 -0.0234039 -6.57792e-05 12.2655 26.7768 -13 268 0 0 1
-0.227788 -0.0121375 720 -0.00465084 0.0414588 8.10647 42.0721 -13 273 0 0 1
-0.0438097 -0.0375493 720 0.00803385 -0.0204978 9.60088 51.9277 -13 277 0 0 1
0.391694 0.201604 720 0.0526617 -0.0815937 6.20169 47.1586 -13 280 0 0 1
-0.319905 -0.00852614 720 0.018694 -0.000583142 7.13272 49.2683 -13 284 0 0 1
0.435224 -0.357576 720 -0.0363628 -0.0511554 11.9609 47.195 -13 288 0 0 1
0.506561 -0.0945882 720 -0.0813606 -0.13193 5.86332 57.8197 -13 296 0 0 1
0.0840514 0.0161691 720 -0.0143382 -0.0202145 11.9757 26.4719 -13 297 0 0 1
-0.0392384 -0.0532872 720 -0.00802156 0.0118925 11.6272 35.3435 -13 303 0 0 1
0.195213 0.0993011 720 0.003156 -0.0540721 12.3788 27.5748 -13 308 0 0 1
0.0813272 -0.0465667 720 -0.00522835 0.0155262 12.1511 28.4284 -13 312 0 0 1
0.569448 0.240963 720 0.0491436 -0.122055 11.5957 26.2345 -13 315 0 0 1
-0.171372 0.0901101 720 -0.0321857 -0.0179344 3.96237 80.902 -13 328 0 0 1
-0.0257395 0.479428 720 0.101459 0.0162101 14.2416 39.5409 -13 335 0 0 1
0.243618 0.834654 720 0.0655579 -0.152272 5.51788 58.9723 -13 336 0 0 1
0.427413 -0.0520237 720 -0.0589672 -0.0561112 13.7221 37.4585 -13 337 0 0 1
-0.135813 -0.118376 720 0.00674979 -0.0286413 9.62714 51.4163 -13 338 0 0 1
-0.125122 -0.121407 720 -0.0440477 0.0227939 9.26627 56.5361 -13 339 0 0 1
-nan -nan -nan -nan -nan -nan -nan -13 340 0 0 1
0.17127 -0.063254 720 -0.000438889 -0.0060016 13.2411 26.1195 -13 344 0 0 1
-0.0510303 -0.148359 720 -0.0261988 0.0133708 11.8442 44.753 -13 747 0 0 1
-0.176046 0.220609 720 0.0650221 0.0270079 10.8855 30.0413 -13 771 0 0 1
-0.314359 -0.189979 720 0.00985546 -0.0156761 8.44981 48.9997 -13 778 0 0 1
-0.0453224 0.154596 720 0.0248542 -0.031383 6.85104 40.0376 -13 784 0 0 1
-0.576681 0.370091 720 0.0825339 0.007545 8.89196 45.7997 -13 787 0 0 1
0.0416621 0.0317814 720 -0.0468519 -0.0201518 9.92367 53.0895 -13 790 0 0 1
-0.39055 0.238863 720 0.0089514 0.0297668 6.98319 46.2509 -13 808 0 0 1
-0.315074 -0.336776 720 -0.0466077 0.0167233 5.44005 48.6332 -13 811 0 0 1
0.00595781 0.0116808 720 0.0302901 0.0146026 11.6546 49.8135 -13 815 0 0 1
0.0632502 -0.120332 720 0.0474728 0.0417308 6.22785 67.8873 -13 819 0 0 1
0.00888579 -0.0588665 720 -0.0169447 -0.00541771 11.6857 50.9306 -13 822 0 0 1
0.048229 0.00799648 720 -0.00513232 0.00532828 14.5556 38.9991 -13 824 0 0 1
-0.58704 -0.117343 720 -0.00268943 0.101051 7.54792 47.3407 -13 826 0 0 1
-0.246314 -0.121308 720 0.0141342 0.0568711 10.0489 52.277 -13 829 0 0 1
-0.147011 0.309375 720 0.0404104 -1.74248e-05 11.8391 43.7659 -13 836 0 0 1
-nan -nan -nan -nan -nan -nan -nan -13 841 0 0 1
0.460049 0.176224 720 0.283548 0.0378039 3.99879 83.5852 -13 844 0 0 1
-0.0215553 -0.0317743 720 -0.0235631 -0.00270392 10.3663 29.0979 -13 31 0 0 1
-0.405019 -0.0150775 720 -0.0196739 0.0837774 3.00474 98.795 -13 33 0 0 1
0.202093 0.0545903 720 0.039216 -0.0098083 11.8416 45.2895 -13 38 0 0 1
-0.0387092 0.0314533 720 0.0325631 0.0101513 14.4062 29.904 -13 43 0 0 1
-0.462062 0.0384625 720 0.053678 -0.0478831 6.67165 48.2904 -13 48 0 0 1
0.0317258 0.139451 720 0.0163277 -0.00895125 8.26791 52.6186 -13 60 0 0 1
-0.0452901 -0.0186676 720 -0.00112707 -0.0404594 10.6324 43.7823 -13 68 0 0 1
0.0623123 -0.220327 720 -0.0525441 -0.0348788 10.7162 38.8353 -13 74 0 0 1
0.0524776 -0.102983 720 -0.00169209 -0.00904903 13.1879 42.8015 -13 82 0 0 1
0.223109 0.0159916 720 0.0423273 -0.0441204 7.06598 63.3718 -13 91 0 0 1
-0.39875 -0.269905 720 -0.0243764 0.0999014 10.7531 35.8127 -13 95 0 0 1
0.0311052 0.139898 720 0.0290645 0.00781712 11.5647 27.5219 -13 117 0 0 1
-0.23802 -0.0486137 720 0.099442 -0.0545541 4.80433 73.5664 -13 123 0 0 1
0.415185 0.116167 720 0.0460368 -0.0202414 9.61712 32.7079 -13 127 0 0 1
-0.207483 0.600219 720 0.0583688 0.0152342 10.423 47.0467 -13 130 0 0 1
-0.110278 0.0501662 720 0.0435525 0.0211132 11.4859 42.2852 -13 139 0 0 1
0.130245 -0.00335198 720 -0.0185451 0.0257177 13.8417 39.423 -13 150 0 0 1
-0.146604 0.155062 720 0.0235312 0.0215562 11.9656 38.4547 -13 156 0 0 1
-0.37045 -0.335277 720 -0.0578533 0.0347079 9.74021 41.743 -13 162 0 0 1
0.0664355 -0.105546 720 0.0177263 -0.0197571 9.86351 31.1473 -13 167 0 0 1
-0.0807132 -0.0298882 720 -0.00462046 0.0144975 13.0565 21.146 -13 173 0 0 1
-0.0585943 0.152697 720 0.092922 -0.0439754 5.48461 62.5023 -13 179 0 0 1
0.393353 0.0533586 720 0.0382684 -0.0929332 8.39933 36.3455 -13 190 0 0 1
-nan -nan -nan -nan -nan -nan -nan -13 200 0 0 1
-0.208236 -0.089501 720 -0.0505987 0.0513525 8.8866 35.9808 -13 222 0 0 1
-0.303056 0.101279 720 0.0232019 0.0885122 8.19996 51.616 -13 737 0 0 1
0.413549 0.0512256 720 0.0237122 -0.0437985 8.29777 32.7515 -13 743 0 0 1
-0.421117 0.160742 720 0.0473859 -0.0177092 12.0841 22.9839 -13 749 0 0 1
0.774375 0.692569 720 0.0571577 -0.0636351 6.38605 43.5562 -13 752 0 0 1
0.480698 -0.163842 720 0.0135416 -0.0893727 8.60915 55.2748 -13 754 0 0 1
0.0798101 0.383839 720 0.0844399 -0.0430036 7.89028 39.8262 -13 755 0 0 1
0.571253 -0.848709 720 -0.0935764 -0.10468 7.90931 35.0923 -13 758 0 0 1
-0.208046 -0.286918 720 -0.00274777 -0.0599693 8.05575 52.2789 -13 760 0 0 1
-0.090052 -0.39693 720 -0.0919121 0.000121289 9.84507 37.2755 -13 764 0 0 1
0.0589936 -0.386443 720 -0.0856969 -0.00585637 11.7539 50.3974 -13 792 0 0 1
-0.00978999 0.0812263 720 0.00484763 -0.0586435 14.0003 43.5493 -13 797 0 0 1
0.39696 -0.40024 720 -0.0424431 -0.0143033 5.59878 49.5154 -13 801 0 0 1
0.347988 -0.555202 720 -0.179818 -0.0621013 3.56462 94.4237 -13 827 0 0 1
0.033338 -0.265651 720 -0.0901649 0.0463759 13.762 32.6762 -13 832 0 0 1
0.113103 -0.387532 720 -0.0802207 -0.00215107 10.7992 33.2914 -13 837 0 0 1
0.0077811 0.00561233 720 0.033809 -0.0165276 12.3674 43.2679 -13 850 0 0 1
-0.100721 0.0830665 720 -0.00808001 0.00397711 11.471 26.2084 -13 854 0 0 1
-0.0491721 -0.0156366 720 -0.00331298 0.00776187 14.3289 26.544 -13 857 0 0 1
0.0149633 0.205428 720 0.0606779 -0.0133995 13.0358 44.9396 -13 860 0 0 1
-0.0768979 -0.127941 720 -0.00827957 -0.0407818 11.1695 26.3967 -13 861 0 0 1
-0.290341 -1.26122 720 -0.154441 0.0687764 3.51465 73.1398 -13 863 0 0 1
-0.0548585 -0.891353 720 -0.147458 0.0128503 6.83762 50.7819 -13 865 0 0 1
-0.464787 -0.0650612 720 -0.057961 0.080962 9.16401 48.9854 -13 869 0 0 1
0.114614 -0.023329 720 0.0281394 -0.0519043 12.3604 36.3488 -13 870 0 0 1
-0.0955879 0.100853 720 0.0309307 0.0545424 13.7348 41.3468 -13 871 0 0 1
0.227429 -0.525694 720 -0.139053 -0.0507809 5.13915 69.4781 -13 872 0 0 1
0.211882 0.490085 720 -0.0389912 0.0794959 4.50798 61.4173 -13 873 0 0 1
-0.457636 -0.286596 720 0.0538988 0.076718 4.78191 65.739 -13 874 0 0 1
-0.001581 -0.583816 720 -0.0656386 0.0536802 2.86533 78.8897 -13 875 0 0 1
-0.292087 -0.00134612 720 -0.0227113 0.0627187 11.7636 33.8758 -13 876 0 0 1
-0.16765 0.0926757 720 -0.0590658 -0.0201075 9.14511 51.1762 -13 877 0 0 1
-nan -nan -nan -nan -nan -nan -nan -13 878 0 0 1
-0.042599 0.138511 720 0.0112449 0.0198001 14.2354 44.4882 -13 879 0 0 1
0.00739787 -0.122712 720 -0.0552786 0.0258994 8.38915 42.6753 -13 51 0 0 1
0.236485 0.367008 720 0.0509925 -0.0397523 8.70161 52.5557 -13 81 0 0 1
-0.651436 -0.200877 720 -0.0449887 0.108924 6.6051 66.219 -13 92 0 0 1
-0.108371 -0.122291 720 0.0299976 0.0296901 12.3177 22.0378 -13 100 0 0 1
-0.105096 -0.266993 720 -0.047183 0.0329261 7.35973 48.0473 -13 148 0 0 1
-0.328531 0.309889 720 0.0689671 0.0410768 4.68623 56.769 -13 187 0 0 1
-nan -nan -nan -nan -nan -nan -nan -13 206 0 0 1
0.138369 0.176779 720 0.00959596 -0.0626387 8.95952 57.7142 -13 213 0 0 1
-0.239984 -0.120281 720 -0.0122817 0.0253872 11.8946 42.4811 -13 739 0 0 1
0.724312 0.812007 720 -0.112457 -0.073392 3.89243 84.5352 -13 742 0 0 1
-0.156666 0.0318607 720 0.056181 0.0134524 7.1585 48.3034 -13 757 0 0 1
-0.185499 -0.197901 720 -0.0706048 -0.0766304 6.29262 47.1824 -13 761 0 0 1
-0.155312 -0.379782 720 0.00207811 0.00887033 5.81512 50.9631 -13 765 0 0 1
0.039963 -0.0689743 720 -0.0224926 0.0200953 12.6328 49.8659 -13 767 0 0 1
0.135446 0.228178 720 0.0254729 -0.0561494 13.6274 26.0411 -13 770 0 0 1
0.0973618 -0.0113144 720 -0.00721393 -0.00505598 11.8463 33.6654 -13 776 0 0 1
0.0469909 0.192394 720 0.0438094 0.0167147 9.5447 31.6804 -13 780 0 0 1
0.15728 0.361595 720 0.0278871 -0.0652641 7.40892 47.0372 -13 794 0 0 1
-0.725978 1.36394 720 0.041789 0.176351 8.82884 52.0571 -13 796 0 0 1
0.0690226 0.0311282 720 -0.0282675 0.0165807 13.5436 21.7854 -13 800 0 0 1
-0.0393732 -0.00290064 720 0.0187894 0.0750827 13.0002 27.735 -13 804 0 0 1
0.0994318 -0.27788 720 -0.0595045 -0.0537461 14.0736 47.7304 -13 830 0 0 1
-0.124554 0.0479912 720 -0.0392216 -0.0109345 8.99297 58.1061 -13 833 0 0 1
0.187392 -0.938161 720 -0.0672969 -0.146807 0.480168 557.009 -13 852 0 0 1
-0.280774 0.0836436 720 0.0431989 0.0120449 11.553 46.1848 -13 855 0 0 1
-nan -nan -nan -nan -nan -nan -nan -13 193 0 0 1
0.42204 -0.165438 720 0.000524175 -0.0257401 8.39019 53.6556 -13 738 0 0 1
-0.0178275 -0.00906093 720 -0.0311765 0.00928133 12.934 25.6902 -13 880 0 0 1
-0.299569 0.141048 720 -0.00802445 0.102517 14.5281 30.6765 -13 881 0 0 1
0.0515166 0.375983 720 -0.0478298 -0.0836611 6.37696 61.0833 -13 882 0 0 1
-0.205034 0.791077 720 0.058022 0.00572623 7.06651 60.2268 -13 883 0 0 1
-0.00114344 -0.171548 720 0.0153451 -0.0288017 5.61813 61.8851 -13 884 0 0 1
0.126658 -0.200525 720 -0.0226125 -0.0312383 12.5395 22.4729 -13 885 0 0 1
0.444871 -0.132836 720 -0.0310524 -0.0716248 8.46075 37.1683 -13 886 0 0 1
0.672407 1.52474 720 0.289795 0.00577448 8.50151 30.9781 -13 887 0 0 1
-0.0251758 -0.00929196 720 -0.00312421 -0.0686839 8.53277 49.5904 -13 888 0 0 1
-0.19504 -0.0659292 720 -0.0350322 0.0344059 11.3007 47.7521 -13 889 0 0 1
0.978517 0.867398 720 0.0604678 -0.176207 10.8156 35.802 -13 890 0 0 1
0.134756 0.471175 720 0.0853892 -0.0128851 7.48935 42.4287 -13 891 0 0 1
0.0966747 -0.278472 720 -0.0654535 -0.0612726 14.0607 27.4732 -13 892 0 0 1
-0.00714766 -0.105777 720 0.00815649 0.0341205 9.35947 31.2932 -13 893 0 0 1
-0.0452306 0.112418 720 0.0870824 -0.0135203 12.5637 39.1973 -13 894 0 0 1
-0.156283 0.0981953 720 0.00395175 0.0379239 11.6078 39.3156 -13 895 0 0 1
0.0139857 0.698164 720 0.116026 0.00885107 6.76226 59.6185 -13 896 0 0 1
-0.26325 0.141779 720 0.0702005 0.0582289 8.3543 47.3204 -13 898 0 0 1
-0.18608 -0.0894334 720 -0.039302 0.032373 6.65653 48.1836 -13 899 0 0 1
-0.346604 -0.147432 720 -0.0234631 0.101411 5.09334 76.9485 -13 901 0 0 1
0.582134 0.00544904 720 0.0301314 -0.142168 6.52388 46.7529 -13 903 0 0 1
0.203899 0.361548 720 0.0524276 -0.0249125 5.1523 67.2571 -13 905 0 0 1
0.0443018 0.135936 720 0.0321288 0.0142268 11.6178 48.8588 -13 907 0 0 1
0.0178008 -0.593774 720 -0.0852981 0.0576543 9.2495 29.7157 -13 910 0 0 1
-0.0305125 -0.625702 720 0.00595708 -0.0195147 0.529692 567.677 -13 911 0 0 1
0.211586 -0.43415 720 -0.068715 0.0678272 10.5975 26.8642 -13 11 0 0 1
-0.156568 -0.226393 720 -0.0277557 0.0226651 13.0746 48.6432 -13 18 0 0 1
0.0473318 0.154489 720 0.0184859 0.0100167 8.44602 40.6125 -13 27 0 0 1
-0.880997 -0.382925 720 -0.0475067 0.11066 9.88614 47.7122 -13 42 0 0 1
0.323215 -0.122756 720 -nan -nan -nan 160.183 -13 52 0 0 1
0.557248 -0.324009 720 -0.0773337 -0.0847828 10.3368 44.4123 -13 55 0 0 1
-0.149963 -0.12428 720 -0.0622819 0.00965374 10.9737 33.283 -13 736 0 0 1
-0.00295036 -0.275156 720 -0.0524766 -0.0339393 8.65643 49.1576 -13 741 0 0 1
-0.202686 -0.0850357 720 0.0116516 0.027761 10.5564 41.5866 -13 748 0 0 1
0.147935 -0.281444 720 -0.0851177 -0.000445657 11.104 47.5488 -13 751 0 0 1
0.141341 -0.428684 720 -0.0767746 0.0722401 5.32683 59.1189 -13 756 0 0 1
0.00149413 -0.0185393 720 0.052491 0.0623754 13.8622 47.2503 -13 762 0 0 1
-0.0420042 0.175972 720 0.0401924 -0.00529672 14.3236 20.6514 -13 772 0 0 1
-0.397113 -0.52903 720 -0.0705708 0.0273009 3.57294 69.6071 -13 775 0 0 1
-0.00278013 0.21863 720 0.0398314 -0.00855094 6.91216 53.6165 -13 783 0 0 1
-0.630121 0.622387 720 -1.91679e-05 0.0685572 4.77717 76.335 -13 791 0 0 1
0.0967358 0.208062 720 0.0831775 0.00718137 9.35787 57.0052 -13 799 0 0 1
0.377639 -0.108952 720 -0.00361185 -1.88878e-05 12.5354 47.8068 -13 805 0 0 1
-0.0757564 0.0409615 720 -0.0163809 0.0137122 14.3003 32.0958 -13 809 0 0 1
-0.707092 -0.790584 720 -0.170149 0.0677114 9.59027 37.8149 -13 814 0 0 1
-0.0523485 0.374462 720 0.0757566 0.0561489 5.91411 47.3953 -13 816 0 0 1
0.0645393 -0.00726674 720 0.0150961 -0.0810386 12.8229 37.2869 -13 838 0 0 1
0.330152 0.121725 720 -0.0670178 0.00254875 9.84622 47.9592 -13 840 0 0 1
-0.240769 -0.0014764 720 0.0372351 0.0709663 10.2043 51.7243 -13 858 0 0 1
0.539117 -0.0402047 720 -0.00887723 -0.0733852 5.76724 64.5989 -13 862 0 0 1
-0.162518 -0.0171115 720 -0.00343973 0.0589772 8.32051 41.1943 -13 868 0 0 1
-0.292425 0.0808121 720 0.0160171 0.0489475 11.8576 44.8721 -13 963 0 0 1
0.454547 -0.039907 720 0.00733339 -0.0601251 10.3617 51.5825 -13 964 0 0 1
-0.0818033 0.0905307 720 -0.0153479 -0.00461388 11.3192 38.6284 -13 965 0 0 1
-0.17944 -0.125003 720 -0.0635533 -0.0397905 9.38044 35.6438 -13 966 0 0 1
-0.470171 1.0086 720 0.114189 0.0896901 1.45755 109.614 -13 968 0 0 1
