#BLTrackFile NTuple/Z840
#x y z Px Py Pz t PDGid EventID TrackID ParentID Weight
#mm mm mm MeV/c MeV/c MeV/c ns - - - - -
-0.0510908 0.347935 840 0.0207222 -0.0255101 11.4811 45.0312 -13 1 0 0 1
-0.290214 -0.193982 840 -0.0159702 0.0432366 12.5614 46.3105 -13 2 0 0 1
-0.103821 -0.277748 840 -0.0298685 0.08067 9.89311 32.5355 -13 3 0 0 1
-0.421234 0.0116962 840 0.0377339 0.134921 11.0969 31.0449 -13 4 0 0 1
0.196542 -0.317075 840 -0.0190119 -0.0564011 6.82124 50.4708 -13 5 0 0 1
-0.168419 0.020709 840 0.0401492 0.00106445 7.59182 61.052 -13 6 0 0 1
-0.0251616 0.0933989 840 -0.0363463 0.0102092 12.0224 38.3206 -13 7 0 0 1
0.0125279 0.0773691 840 -0.0431469 -0.0618319 3.32473 85.0812 -13 13 0 0 1
0.12738 0.175231 840 0.0545873 -0.0138716 10.5073 30.2067 -13 22 0 0 1
-0.274566 0.0725635 840 -0.0181726 0.0450749 11.5637 53.7024 -13 28 0 0 1
-0.201565 0.104579 840 0.0117072 0.0224832 9.74938 58.1004 -13 57 0 0 1
-0.00535542 0.105556 840 -0.00810342 -0.0147123 14.0084 49.786 -13 63 0 0 1
-0.112619 0.0699137 840 0.000627573 0.0196889 11.5148 38.6368 -13 67 0 0 1
0.0237811 0.238872 840 0.0567331 -0.04129 5.97078 70.7455 -13 73 0 0 1
0.332978 -0.000664744 840 0.0123393 -0.0375893 10.2705 57.0807 -13 80 0 0 1
0.165598 -0.142456 840 -0.0141054 0.025928 8.46729 43.6458 -13 88 0 0 1
-0.0196913 0.314647 840 0.0431715 0.062173 8.77254 40.8402 -13 105 0 0 1
-0.192113 0.675198 840 0.137606 0.0485211 5.72573 56.2532 -13 118 0 0 1
-0.262322 -0.391639 840 -0.181303 0.117234 7.46889 53.8858 -13 120 0 0 1
0.0316979 -0.0795297 840 -0.0272777 -0.0703739 9.01561 39.7045 -13 122 0 0 1
-0.134599 -0.444647 840 -0.0303441 0.0838687 11.7065 50.8245 -13 126 0 0 1
0.103067 0.31261 840 0.0383729 0.0178128 9.14811 41.0308 -13 131 0 0 1
-0.303859 0.123463 840 0.0203036 0.0423499 12.9689 35.2405 -13 136 0 0 1
0.00683688 -0.16445 840 -0.0158306 -0.0876573 13.7394 33.7721 -13 142 0 0 1
0.128295 0.240439 840 0.118371 0.0514467 6.93482 51.304 -13 149 0 0 1
-0.0585512 0.288342 840 0.0496798 0.0309774 13.2216 32.164 -13 157 0 0 1
0.0884981 -0.262821 840 -0.0419367 -0.0161631 14.3306 44.1488 -13 159 0 0 1
-0.244778 -0.148533 840 -0.00930379 0.0624446 12.3305 49.2162 -13 165 0 0 1
0.00684478 0.172935 840 0.0157592 -0.0233075 14.5013 43.0073 -13 171 0 0 1
-0.476764 0.830961 840 0.20956 0.058847 2.88896 93.4194 -13 177 0 0 1
-0.00080363 -0.152783 840 0.0114134 -0.0548943 9.22189 50.0547 -13 182 0 0 1
0.0389219 -0.314395 840 -0.00943493 -0.0718785 10.8607 49.7314 -13 195 0 0 1
-0.16444 0.442225 840 0.0607935 0.0412594 12.3107 29.1211 -13 198 0 0 1
-0.0747365 -0.0752381 840 -0.0286789 0.00178461 13.4942 35.7598 -13 228 0 0 1
-0.139148 -0.14708 840 -0.0293605 -0.0131225 10.9443 55.4611 -13 233 0 0 1
0.123877 -0.401852 840 -0.0666934 -0.00310938 9.45932 36.7371 -13 238 0 0 1
0.170181 0.0590274 840 0.047357 -0.0534692 13.788 49.8314 -13 243 0 0 1
0.00892993 -0.0393546 840 0.0189401 -0.0533647 11.8096 53.0124 -13 248 0 0 1
-0.0947292 -0.00321598 840 -0.0282695 0.0346913 12.9678 30.9194 -13 252 0 0 1
-0.0357453 -0.286819 840 -0.0503035 0.00717366 14.2032 45.0928 -13 260 0 0 1
-0.307626 -0.46615 840 -0.0325709 0.059273 2.79353 112.216 -13 264 0 0 1
0.176651 -0.140689 840 -0.0359544 5.68691e-05 2.64075 120.406 -13 270 0 0 1
0.116938 -0.158763 840 -0.0354001 0.0390809 11.5089 31.939 -13 276 0 0 1
-0.374271 0.0438889 840 -0.104947 -0.0199649 9.5205 54.8618 -13 282 0 0 1
0.0221245 0.00299406 840 0.0146847 -0.00770114 9.07967 41.657 -13 290 0 0 1
0.20394 0.112015 840 -0.0199801 -0.0589394 13.7734 51.5473 -13 294 0 0 1
0.155347 -0.0121728 840 0.0271492 -0.00582787 12.1782 37.584 -13 299 0 0 1
-0.00678272 0.0492082 840 -0.0108719 0.0127964 7.6673 56.1155 -13 304 0 0 1
0.0639268 0.00255019 840 0.0304901 -0.0479924 9.54078 51.6223 -13 309 0 0 1
0.00772053 0.365458 840 0.0511785 -0.00673962 13.0424 25.1371 -13 313 0 0 1
0.285759 -0.111622 840 -0.018732 -0.0076962 9.83002 36.09 -13 321 0 0 1
-0.148307 0.187774 840 0.00364049 -0.0808304 4.81564 65.7683 -13 374 0 0 1
0.162162 0.14802 840 0.0534887 -0.0922231 13.356 44.7254 -13 375 0 0 1
-0.244533 -0.281527 840 -0.0125851 -0.114418 6.5006 58.4161 -13 376 0 0 1
-0.527753 0.101032 840 -0.0225951 0.0974785 10.5097 38.8501 -13 377 0 0 1
-nan -nan -nan -nan -nan -nan -nan -13 378 0 0 1
-0.352791 -0.180809 840 9.84614e-05 0.0621457 7.36518 43.5671 -13 379 0 0 1
0.392858 -0.0866643 840 -0.0262435 -0.0575386 14.4398 36.3433 -13 972 0 0 1
-0.102287 -0.180129 840 -0.00636291 0.0370745 13.7564 50.7176 -13 973 0 0 1
-0.0980028 -0.274547 840 -0.00114725 -0.0101352 14.5513 40.7779 -13 974 0 0 1
0.0231412 0.214006 840 0.0392343 0.0053811 10.2526 49.3991 -13 975 0 0 1
0.327732 0.122414 840 0.00415776 0.0300267 6.62413 51.0568 -13 976 0 0 1
0.082303 -0.191257 840 -0.0619954 -0.0361018 8.95933 50.842 -13 978 0 0 1
0.0131707 0.196414 840 0.050831 0.0159518 13.7137 40.9226 -13 979 0 0 1
-0.0737156 -0.179212 840 -0.0760889 0.0149256 12.0685 28.9706 -13 980 0 0 1
-0.00163104 0.0714017 840 0.0325483 0.0246978 9.65225 32.013 -13 981 0 0 1
-0.163539 -0.149647 840 -0.0480342 0.00549585 13.6048 35.1947 -13 982 0 0 1
-1.03641 1.53298 840 0.158481 0.047146 5.44319 76.6622 -13 983 0 0 1
-0.297711 0.469597 840 0.123006 -0.0478963 10.0401 32.6401 -13 984 0 0 1
0.047026 -0.177783 840 -0.0371098 -0.070632 11.2002 42.299 -13 985 0 0 1
0.0746304 0.582295 840 0.117867 0.0238341 8.37252 54.6229 -13 986 0 0 1
-0.0911444 0.151249 840 0.00199468 0.020578 14.2248 46.0701 -13 987 0 0 1
-0.157573 0.223574 840 0.0690665 0.0735605 6.56555 66.997 -13 988 0 0 1
0.492524 0.550547 840 -0.0249152 -0.0276301 1.21667 137.272 -13 989 0 0 1
0.0425232 0.286487 840 0.0755341 -0.0294157 14.455 29.3323 -13 990 0 0 1
0.288767 0.110142 840 -0.0413929 -0.0705414 10.8146 48.0022 -13 991 0 0 1
0.00422973 0.168406 840 -0.0443354 -0.00327575 13.071 48.7331 -13 992 0 0 1
0.0375034 0.163848 840 0.0636126 -5.10907e-05 11.2576 55.9113 -13 993 0 0 1
-0.126597 -0.207495 840 0.0442727 0.00620195 12.7918 48.4188 -13 994 0 0 1
0.198661 0.10467 840 -0.0833199 0.0177204 13.8994 33.8751 -13 995 0 0 1
-0.185067 0.024929 840 -0.00326776 0.0257226 13.0258 48.6165 -13 996 0 0 1
0.179367 -0.109357 840 -0.0557802 -0.0308282 14.5041 29.8352 -13 997 0 0 1
0.0859897 -0.0246974 840 0.0155288 -0.0210163 10.2419 54.6461 -13 998 0 0 1
-0.010149 0.0648746 840 -0.00204223 -0.0452262 7.29695 45.7094 -13 999 0 0 1
-0.483999 0.818369 840 0.0283556 0.12861 8.39646 57.4553 -13 1000 0 0 1
0.0383371 0.0750684 840 -0.00168443 -0.0317758 11.8023 29.3557 -13 12 0 0 1
0.288882 0.117274 840 -0.00933625 -0.0145409 8.40474 38.2238 -13 16 0 0 1
0.0136519 -0.0167682 840 -0.0277482 -0.00271302 13.6835 43.5813 -13 34 0 0 1
-0.367279 -0.37964 840 -0.111194 0.0950191 10.7746 52.4062 -13 45 0 0 1
-0.0116326 0.173905 840 -0.0111473 0.00901227 13.2522 29.2095 -13 49 0 0 1
-0.0270633 -0.536706 840 0.0340872 0.0583449 14.0891 30.4178 -13 56 0 0 1
-0.267816 0.015457 840 0.0215007 0.058692 11.155 32.1676 -13 70 0 0 1
-0.541917 0.739066 840 -0.00605269 0.178567 8.13888 62.6433 -13 77 0 0 1
-0.364402 -0.115215 840 0.0659258 0.0622823 9.8847 41.1612 -13 89 0 0 1
-0.0722248 -0.0975882 840 -0.0117589 0.0330527 14.1402 46.5642 -13 140 0 0 1
0.201032 -0.0234682 840 -0.0194966 -0.0817584 11.8843 52.0332 -13 452 0 0 1
-0.323871 -0.0983267 840 -0.0501104 0.0746809 12.9167 51.3313 -13 453 0 0 1
-0.21269 -0.00161404 840 -0.00815764 0.0513463 14.0015 25.6522 -13 456 0 0 1
0.124078 -0.00610432 840 -0.0101442 -0.0345457 9.41288 33.6378 -13 457 0 0 1
0.397467 0.129939 840 -0.0467415 -0.00590428 7.9593 46.4426 -13 459 0 0 1
-0.147657 -0.089005 840 -0.00522281 -0.0172538 13.4474 48.6267 -13 461 0 0 1
-nan -nan -nan -nan -nan -nan -nan -13 471 0 0 1
0.155039 -0.104157 840 -0.0253757 -0.0482761 8.97028 48.0446 -13 481 0 0 1
-0.247925 -0.258242 840 -0.0132373 0.0258725 11.9576 47.5594 -13 329 0 0 1
0.111606 -0.0646118 840 -0.0706541 -0.0371365 4.63365 67.6199 -13 332 0 0 1
0.619871 0.535577 840 0.131279 -0.158678 12.4438 51.9466 -13 341 0 0 1
-0.115844 0.235725 840 0.0326734 -0.00726974 13.4425 37.7571 -13 346 0 0 1
-0.137519 -0.0168766 840 -0.0178535 0.0742288 13.7872 48.4619 -13 348 0 0 1
0.452106 0.543167 840 0.0759272 -0.150802 7.03676 56.2477 -13 349 0 0 1
-0.222826 0.271698 840 0.0984516 0.0710742 7.74223 61.7832 -13 350 0 0 1
-0.299827 -0.274353 840 -0.0246332 -0.0179446 4.27625 73.6877 -13 351 0 0 1
0.0699668 0.245991 840 -0.135968 0.084114 4.06551 81.3046 -13 352 0 0 1
0.21416 -0.063248 840 -0.293743 -0.464664 2.56378 110.539 -13 355 0 0 1
-0.170082 -0.200435 840 -0.00463408 0.0147919 9.7384 58.7433 -13 356 0 0 1
-0.189768 0.0447348 840 0.0337021 0.0175898 10.6558 55.6641 -13 357 0 0 1
-0.118799 -0.130633 840 0.0218693 0.0300125 10.9268 45.1349 -13 358 0 0 1
0.508878 0.143117 840 0.0504257 -0.0741604 11.7734 31.9393 -13 359 0 0 1
0.243109 -0.116277 840 -0.0803208 -0.0053181 13.4837 44.1048 -13 360 0 0 1
0.024179 -0.119699 840 -0.118283 0.0527992 3.58638 82.6458 -13 361 0 0 1
-0.334111 -0.285989 840 -0.149114 0.0237206 8.71192 35.3612 -13 362 0 0 1
0.331649 -0.0893534 840 0.0372029 -0.0420583 12.1579 53.3636 -13 363 0 0 1
0.237949 0.0376123 840 0.00337588 -0.00680609 14.4377 25.8973 -13 364 0 0 1
0.400753 0.356563 840 0.090499 -0.019842 11.799 30.4061 -13 365 0 0 1
-0.409166 0.207729 840 -0.0669315 0.138162 7.85421 39.0273 -13 366 0 0 1
0.25163 -0.0375817 840 0.00281375 -0.0775452 11.691 50.4949 -13 367 0 0 1
-0.249268 -0.822335 840 -0.0897672 0.0505487 6.00279 68.6035 -13 368 0 0 1
-0.863386 -0.0765948 840 0.00348034 0.200971 6.40206 50.2716 -13 370 0 0 1
-0.168272 -0.244047 840 -0.0367425 0.186962 11.5861 52.8693 -13 458 0 0 1
0.900375 -0.538407 840 -0.19034 -0.159665 3.4448 104.394 -13 464 0 0 1
-0.65626 -0.0124799 840 -0.0846651 0.0604875 6.33371 49.3257 -13 470 0 0 1
0.000226487 -0.411992 840 -0.0376306 0.0351069 10.6546 45.5823 -13 480 0 0 1
0.03598 -0.19339 840 -0.0426932 0.00464017 11.3509 30.3843 -13 485 0 0 1
-0.635034 -0.868541 840 -0.105864 0.0268716 3.39578 81.9654 -13 490 0 0 1
-0.169546 -0.0369192 840 -0.0791883 0.0180321 13.9261 26.17 -13 492 0 0 1
-0.0893473 -0.00735371 840 -0.000381361 0.0079522 14.4367 22.6022 -13 495 0 0 1
-0.0633364 -0.0961093 840 -0.000763747 -0.00377841 11.1736 44.1029 -13 504 0 0 1
0.226287 0.141578 840 0.0326889 0.0132767 11.4027 52.1482 -13 508 0 0 1
0.43443 0.40064 840 0.107948 0.0202126 8.11766 57.314 -13 509 0 0 1
0.120899 -0.177771 840 -0.0728393 0.000334187 10.2078 53.4006 -13 515 0 0 1
0.290544 0.196045 840 0.0459097 -0.0638099 11.653 44.8527 -13 519 0 0 1
-nan -nan -nan -nan -nan -nan -nan -13 521 0 0 1
0.186764 -0.0631474 840 0.0543368 -0.054449 9.65578 38.3886 -13 525 0 0 1
-0.318785 -0.394072 840 -0.0892141 0.0220263 4.95652 76.5937 -13 15 0 0 1
-0.11913 0.184289 840 -0.00338483 -0.0244431 8.2491 43.3297 -13 58 0 0 1
0.647102 0.576902 840 0.111809 -0.15335 6.60225 53.4783 -13 90 0 0 1
-0.0774353 0.131652 840 -0.00682233 -0.0135981 13.7559 39.7739 -13 107 0 0 1
-0.00141042 -0.228198 840 -0.00998874 0.0230045 10.8251 55.155 -13 354 0 0 1
0.00952577 -0.0987049 840 -0.0160134 -0.0169395 14.453 30.3191 -13 386 0 0 1
-0.340956 -0.0552557 840 -0.00778525 0.017806 12.6454 27.5137 -13 399 0 0 1
-0.0657252 -0.0200882 840 -0.038167 0.0491377 11.1423 40.4359 -13 401 0 0 1
0.390922 -0.0548162 840 -0.0415061 -0.00428721 5.55541 72.4247 -13 403 0 0 1
-0.257455 -0.155846 840 -0.0025388 0.034186 12.8407 40.9081 -13 405 0 0 1
0.161941 -0.280336 840 0.00567913 -0.199774 4.44553 87.3867 -13 407 0 0 1
0.254217 -7.16356e-05 840 0.0244716 -0.0810658 7.08937 52.1832 -13 410 0 0 1
-0.146453 0.134702 840 0.110895 0.0217798 5.71322 52.8506 -13 413 0 0 1
0.050532 0.0525174 840 0.0478121 -0.0100181 12.6397 37.9429 -13 416 0 0 1
0.175082 -0.127658 840 -0.0159105 -0.0607945 10.0111 56.5372 -13 418 0 0 1
-0.0982803 -0.00466187 840 0.0506986 0.0258918 12.4373 34.3968 -13 420 0 0 1
0.20765 -0.175408 840 0.0102684 0.019113 4.87341 88.3096 -13 425 0 0 1
0.152499 0.0373051 840 0.0112693 0.00674623 10.2239 35.4324 -13 503 0 0 1
-0.225005 -0.192401 840 -0.0517052 0.00642322 8.65424 42.7531 -13 506 0 0 1
-0.207521 0.119762 840 0.0380302 0.0177449 10.439 32.1428 -13 511 0 0 1
0.101085 0.0239642 840 0.018658 -0.00684329 13.3348 23.6499 -13 513 0 0 1
0.159836 -0.309882 840 -0.0230555 -0.0724504 8.15377 39.817 -13 517 0 0 1
-0.0513357 -0.508688 840 -0.0141642 0.0633642 11.6164 43.3337 -13 520 0 0 1
-0.174631 0.752534 840 0.108531 0.0601143 13.5378 38.5637 -13 523 0 0 1
0.0102958 -0.405308 840 0.0481066 -0.0492251 11.6907 45.7206 -13 526 0 0 1
-0.0380799 0.0567713 840 0.0198544 0.0674987 12.9415 37.2753 -13 531 0 0 1
-0.0955798 -0.103673 840 -0.0219031 -0.00316578 11.2392 52.5414 -13 540 0 0 1
0.10303 0.138602 840 -0.13092 0.0303976 12.8065 27.5392 -13 542 0 0 1
1.47279 -1.52941 840 0.121929 -0.538456 10.6352 47.9541 -13 547 0 0 1
-0.0741736 0.00719237 840 -0.0334355 0.0283734 9.60301 57.0185 -13 549 0 0 1
0.0573267 0.277127 840 0.0408402 -0.041798 11.2967 36.9162 -13 552 0 0 1
0.227841 0.0566497 840 0.0356796 0.00505472 7.87225 65.2448 -13 555 0 0 1
-nan -nan -nan -nan -nan -nan -nan -13 558 0 0 1
0.0360828 0.090452 840 0.0161073 -0.010659 13.5976 23.1665 -13 560 0 0 1
-0.104078 0.180722 840 0.0600212 0.060875 14.0091 26.8724 -13 99 0 0 1
0.112843 0.190923 840 0.0071796 -0.0625358 12.9802 38.5945 -13 124 0 0 1
-0.0148319 -1.03818 840 -0.214888 -0.0125161 7.14105 60.2885 -13 134 0 0 1
-0.574164 -0.0726167 840 -0.0381008 0.148987 9.8115 55.9149 -13 145 0 0 1
0.0430484 -0.0238152 840 -0.00591832 -0.0480056 13.6864 45.8619 -13 153 0 0 1
-0.103442 -0.00531736 840 -0.019605 0.0169661 14.101 28.5176 -13 161 0 0 1
0.281653 -0.00889054 840 0.0166097 -0.0718577 11.3415 27.5944 -13 168 0 0 1
-0.06793 0.0278963 840 -0.0356154 -0.00040673 10.6532 30.889 -13 175 0 0 1
0.0738745 0.352503 840 0.0637727 -0.00122228 11.8609 54.6502 -13 186 0 0 1
-0.0985383 -0.286924 840 -0.0253557 0.0439533 14.4523 41.7885 -13 203 0 0 1
4.51995 -6.67123 840 -1.01802 -0.73185 5.99086 77.4057 -13 224 0 0 1
-0.612947 -0.24943 840 -0.0577444 0.081745 6.22155 66.4733 -13 232 0 0 1
0.252669 0.287422 840 0.0105521 -0.0705507 8.36374 50.825 -13 237 0 0 1
0.0493145 0.120741 840 0.0263385 -0.0031156 12.0184 32.7344 -13 255 0 0 1
0.0638941 -0.398516 840 -0.0745811 0.0152062 10.8606 55.9202 -13 287 0 0 1
-0.342263 -0.315977 840 -0.0810096 0.0238384 9.60349 46.5293 -13 306 0 0 1
-0.392184 0.0396022 840 0.0239694 0.132076 0.523087 160.159 -13 317 0 0 1
0.386335 -0.23943 840 -0.141038 -0.0489056 11.4315 53.2699 -13 325 0 0 1
0.274024 -0.0460048 840 0.145003 -0.0647368 9.81775 37.3331 -13 414 0 0 1
0.747069 -0.132293 840 0.106357 -0.15162 7.59836 53.1328 -13 419 0 0 1
-0.182302 -0.285189 840 0.00176833 -0.00656579 7.00959 46.4441 -13 422 0 0 1
-0.181156 0.177672 840 0.0172101 0.0882534 6.97664 50.9137 -13 428 0 0 1
-0.118539 -0.0831193 840 0.0232701 0.0161711 7.7746 51.4575 -13 429 0 0 1
-0.0583718 -0.104085 840 -0.0454599 0.0184273 11.2383 33.7123 -13 436 0 0 1
0.0604579 0.00637826 840 0.0145201 0.00261775 10.6769 39.6166 -13 437 0 0 1
0.286458 -0.0355263 840 -0.00267017 -0.0241854 11.9281 53.96 -13 439 0 0 1
-0.287475 -0.612606 840 -0.170736 -0.0986041 3.87378 74.5882 -13 442 0 0 1
0.257236 -0.042769 840 -0.00300155 -0.0609556 13.3826 49.4724 -13 446 0 0 1
-0.257692 0.122094 840 -0.0472357 0.0530116 8.12897 41.5155 -13 449 0 0 1
0.0924858 0.0524347 840 0.00442897 0.0404368 13.6772 48.4621 -13 462 0 0 1
-nan -nan -nan -nan -nan -nan -nan -13 600 0 0 1
-0.185162 0.235027 840 0.0133252 -0.0460281 12.5251 42.1561 -13 601 0 0 1
0.24162 -0.0129381 840 0.157863 -0.0207495 4.89309 63.1361 -13 46 0 0 1
-0.112456 -0.113254 840 -0.0684544 -0.0298102 5.28903 68.5818 -13 69 0 0 1
-0.379594 -0.395492 840 -0.0452128 0.0171607 12.3922 49.8595 -13 76 0 0 1
-0.288996 -0.21013 840 -0.0449968 0.0080372 13.5554 26.1434 -13 85 0 0 1
-0.105043 -0.026234 840 -0.00627497 0.0482851 7.66596 64.7072 -13 93 0 0 1
-0.0117967 0.781037 840 -0.000662344 0.0406708 4.67802 78.0757 -13 101 0 0 1
-0.125497 0.016145 840 -0.00564183 -0.0464799 9.53042 44.3442 -13 104 0 0 1
0.261068 0.161614 840 0.0414742 0.0858541 5.33396 57.5308 -13 110 0 0 1
-0.192924 0.0431724 840 -0.0138261 0.0558675 11.9202 35.5365 -13 113 0 0 1
-0.119678 -0.533362 840 -0.0579038 -0.0758997 9.17255 43.2595 -13 146 0 0 1
-0.0136104 -0.118176 840 -0.0334992 -0.00488314 12.2695 29.4128 -13 184 0 0 1
-0.492444 -0.769394 840 -0.129937 0.0291418 12.0037 46.1122 -13 202 0 0 1
0.50846 0.542537 840 0.137939 -0.101054 9.77276 48.9652 -13 214 0 0 1
0.000595603 0.0975477 840 -0.0461944 -0.00146024 14.4899 38.7585 -13 371 0 0 1
0.262559 -0.0632315 840 0.0299567 -0.0398235 14.1928 30.6145 -13 373 0 0 1
-0.0301515 0.128142 840 0.0222696 0.012882 14.4233 39.0009 -13 387 0 0 1
0.145488 0.566782 840 0.0965518 0.00125644 9.30082 55.9586 -13 388 0 0 1
0.203173 -0.32957 840 -0.0437747 -0.0396498 13.4841 41.1982 -13 389 0 0 1
-0.155461 -0.0501225 840 -0.0328066 -0.0103731 10.2956 38.5899 -13 390 0 0 1
0.298353 -0.141252 840 0.0375915 0.00349671 8.63887 62.9524 -13 391 0 0 1
-0.102971 0.591163 840 0.0554324 -0.182605 8.11267 64.2184 -13 392 0 0 1
0.377648 0.646746 840 0.128922 0.0549452 3.4323 79.0885 -13 393 0 0 1
-0.285254 -0.0782071 840 -0.000705858 0.00565122 3.43512 88.0502 -13 394 0 0 1
-0.0965853 0.253518 840 0.0619655 0.00324385 14.0944 30.5965 -13 395 0 0 1
-0.4036 -0.253879 840 -0.0106746 -0.0222894 6.94121 58.7192 -13 396 0 0 1
0.29014 0.176445 840 0.0231757 -0.00812211 14.5159 28.4885 -13 397 0 0 1
0.268974 0.139142 840 -0.110924 0.00470893 13.297 30.2883 -13 398 0 0 1
0.245141 -0.224817 840 -0.051243 -0.0539279 11.6382 37.5122 -13 400 0 0 1
-0.019886 -0.166028 840 -0.044422 0.0735575 7.25378 42.6055 -13 402 0 0 1
0.0902309 0.132864 840 0.0380976 -0.0127105 14.3863 29.6895 -13 404 0 0 1
0.250232 0.0861059 840 0.0407529 -0.0123818 7.01941 57.6376 -13 406 0 0 1
-0.190464 0.205142 840 0.0257017 0.0945732 10.9068 49.2829 -13 408 0 0 1
-0.0855697 -0.177781 840 -0.0163574 -0.0253277 12.1713 28.5 -13 409 0 0 1
-0.544459 0.307142 840 0.100672 0.072108 6.75487 48.9458 -13 411 0 0 1
-0.00849734 -0.538021 840 -0.0823912 0.112159 7.17148 46.1021 -13 412 0 0 1
-0.165314 -0.245714 840 -0.0669248 -0.0448649 8.22438 43.6164 -13 415 0 0 1
-0.15445 0.436913 840 -0.0305362 0.0136824 6.44393 51.7401 -13 417 0 0 1
0.122401 -0.318395 840 -0.0528089 0.0107087 13.2001 27.9052 -13 421 0 0 1
-0.0756832 -0.0720232 840 -0.0374901 -0.0168213 9.29553 42.3482 -13 424 0 0 1
0.214413 -0.0759346 840 -0.00847342 -0.0604071 4.69628 84.9092 -13 426 0 0 1
-0.138214 0.0433356 840 -0.00762239 -0.0211005 10.7876 53.7822 -13 427 0 0 1
0.164907 -0.342083 840 -0.102523 0.0247693 9.91189 40.7786 -13 430 0 0 1
0.124013 -0.0872125 840 -0.038527 -0.0248425 10.8308 37.8822 -13 431 0 0 1
-0.539011 0.224197 840 0.0621135 0.0480578 9.9321 48.521 -13 432 0 0 1
0.12671 -0.122341 840 -0.0186994 -0.0617658 11.0202 52.6607 -13 433 0 0 1
-0.146576 -0.266591 840 -0.0549295 0.0272407 13.6966 33.5771 -13 434 0 0 1
-0.0551567 -0.0285011 840 0.0310898 -0.00813039 11.3741 41.5755 -13 435 0 0 1
-0.103226 0.25559 840 0.0695185 0.062158 11.1108 43.6409 -13 438 0 0 1
-0.0228914 -0.39941 840 -0.12984 -0.018847 8.80382 55.0566 -13 440 0 0 1
-0.454282 -0.221575 840 -0.0343744 0.0864606 11.353 40.7936 -13 441 0 0 1
0.608198 -0.296074 840 -0.0466042 -0.107164 7.55494 65.0938 -13 443 0 0 1
0.0731628 -0.178625 840 -0.0745839 0.0493491 11.3522 37.4531 -13 444 0 0 1
0.243702 -0.154511 840 -0.0100037 -0.0316436 7.95651 63.375 -13 445 0 0 1
0.246095 0.29701 840 0.0138627 -0.0609127 11.5376 38.3105 -13 447 0 0 1
0.436485 0.596083 840 0.0114772 -0.13207 9.80408 34.3496 -13 448 0 0 1
-0.312807 0.0204042 840 -0.0277161 0.0290936 12.3586 53.8134 -13 450 0 0 1
0.0973548 -0.0238028 840 -0.115611 0.0338867 7.79244 58.9135 -13 451 0 0 1
0.216677 -0.0946626 840 -0.0297753 -0.0052974 9.49878 40.9824 -13 454 0 0 1
0.183376 0.0744257 840 -0.0488714 -0.0302712 7.65624 51.3308 -13 463 0 0 1
-0.368078 -0.199039 840 -0.046508 0.0676024 7.21609 42.9019 -13 466 0 0 1
0.207359 0.39345 840 0.0803463 0.00717104 8.79166 44.6772 -13 468 0 0 1
0.15925 0.130348 840 0.0748228 -0.0631574 10.0263 50.4976 -13 472 0 0 1
-0.13272 0.547691 840 0.151389 0.100763 5.29617 57.2817 -13 473 0 0 1
0.0313539 0.592434 840 0.141164 -0.104223 7.79387 39.5575 -13 476 0 0 1
0.0199626 -0.048312 840 -0.0343758 -0.0434384 9.68519 34.1181 -13 478 0 0 1
-0.734544 0.0404207 840 -0.0334493 0.0885848 5.26777 58.4754 -13 479 0 0 1
0.26844 -1.0269 840 -0.178695 -0.103773 6.41977 75.1054 -13 482 0 0 1
0.0894993 0.00744692 840 -0.0122782 -0.0407272 7.43527 54.3414 -13 484 0 0 1
-0.13865 -0.125248 840 -0.0197894 0.0280223 7.26837 48.9515 -13 486 0 0 1
-0.0759945 0.624782 840 0.126773 0.0470852 12.9949 41.6105 -13 487 0 0 1
-0.388666 0.102763 840 0.00828033 0.0090674 11.8764 41.3311 -13 499 0 0 1
-0.013542 -0.250486 840 -0.0499649 0.0712036 12.6094 37.4288 -13 500 0 0 1
-0.234106 0.128265 840 0.030483 0.0853332 10.8709 38.1326 -13 501 0 0 1
-0.0317418 -0.075692 840 0.00266103 0.0491834 14.4275 26.4489 -13 502 0 0 1
0.634181 -0.200947 840 0.00222999 0.00094916 3.03825 100.874 -13 505 0 0 1
0.431842 0.125855 840 0.0337068 -0.0239753 12.4202 36.3336 -13 507 0 0 1
-0.123388 0.190722 840 0.0557609 0.0526082 12.8679 41.6292 -13 512 0 0 1
-0.423811 0.394781 840 0.046484 0.0601967 3.4949 85.9948 -13 516 0 0 1
0.205494 0.143918 840 0.0170945 -0.0595081 12.3528 29.7538 -13 518 0 0 1
0.438859 -0.0129295 840 0.094915 -0.0399201 12.9018 35.0988 -13 522 0 0 1
-0.799857 0.204735 840 0.0165927 0.0779666 3.44986 103.657 -13 524 0 0 1
1.16932 1.85997 840 0.280303 -0.366461 2.5219 122.886 -13 527 0 0 1
-0.194912 -0.225038 840 -0.0150602 0.0813865 12.4795 40.4803 -13 528 0 0 1
-0.0606798 0.243362 840 0.015775 0.0438549 11.2579 49.8427 -13 529 0 0 1
0.219744 0.620895 840 0.14049 -0.0169602 8.97886 56.376 -13 533 0 0 1
-0.266383 0.0642615 840 -0.0102652 0.0157118 9.11384 56.3715 -13 534 0 0 1
-0.0263594 0.0877891 840 -0.0321429 0.0793693 9.79885 33.4739 -13 535 0 0 1
0.417425 -0.361536 840 -0.0771737 -0.00929312 13.0348 32.557 -13 536 0 0 1
0.152343 0.288839 840 0.0866039 -0.100062 4.09773 82.0297 -13 537 0 0 1
0.0774285 0.0576825 840 0.00742361 -0.00787905 14.4674 39.3761 -13 538 0 0 1
0.293769 0.301854 840 -0.193769 -0.0977876 11.2771 32.5862 -13 539 0 0 1
-0.404191 -0.074627 840 -0.0106047 0.0371579 7.25543 62.7268 -13 541 0 0 1
0.0569451 0.199022 840 0.0104225 -0.0179679 13.7281 50.1359 -13 544 0 0 1
-0.452736 0.205525 840 -0.0194329 0.0775376 4.63533 87.7708 -13 545 0 0 1
0.239088 -0.215512 840 -0.0866644 0.0341467 6.44289 65.3325 -13 546 0 0 1
0.0882771 -0.276234 840 -0.0871875 0.0404152 9.84197 49.7677 -13 548 0 0 1
-0.142871 -0.206682 840 -0.053381 -0.0212711 8.57076 51.5912 -13 550 0 0 1
-0.156729 0.136763 840 -0.0168005 -0.0130131 7.85831 49.8187 -13 553 0 0 1
-0.405543 -0.314905 840 -0.0255301 -0.000513054 6.1293 69.3382 -13 556 0 0 1
-0.431461 0.10565 840 -0.00505024 0.0867411 10.9149 55.9168 -13 559 0 0 1
-0.420769 0.197145 840 0.021089 0.13377 11.0321 31.0543 -13 562 0 0 1
0.077322 -0.0389546 840 -0.0180711 -0.0238692 12.1003 40.407 -13 563 0 0 1
-0.273573 -0.0213016 840 0.00593978 -0.024615 10.5506 56.8219 -13 564 0 0 1
0.189938 -0.0363903 840 0.0223282 -0.00448768 14.2163 26.8452 -13 565 0 0 1
-0.109455 -0.164486 840 0.000771125 0.0194483 10.5759 40.1499 -13 567 0 0 1
0.0157626 -0.00332737 840 0.0203547 -0.00787834 13.5264 33.6855 -13 569 0 0 1
0.011251 0.135934 840 0.0971748 0.0105788 11.0618 53.052 -13 570 0 0 1
-0.141289 0.108981 840 0.0173091 -0.0181805 9.87204 42.8372 -13 572 0 0 1
-0.208563 -0.41207 840 -0.0239405 0.0265735 6.44505 58.8005 -13 573 0 0 1
0.110737 0.133502 840 0.0438892 0.0206351 13.7264 30.8983 -13 574 0 0 1
0.620275 0.31994 840 0.0430095 -0.0834265 10.5807 47.5748 -13 576 0 0 1
-0.000335724 -0.0728516 840 0.00345134 0.0302774 13.3645 25.3837 -13 577 0 0 1
-0.0659488 0.326306 840 0.0368547 0.0201552 8.35253 47.079 -13 578 0 0 1
0.0637617 -0.107711 840 0.0179175 -0.0214305 13.9634 37.8671 -13 579 0 0 1
-0.141787 0.0964863 840 -0.00615683 0.0609404 12.7315 31.6753 -13 580 0 0 1
0.10183 -0.0571971 840 -0.020114 -0.019198 11.0765 55.2541 -13 581 0 0 1
0.598643 1.32113 840 0.145967 -0.0359687 8.83385 46.2726 -13 582 0 0 1
-0.341091 0.0540166 840 0.0437589 0.0664894 7.54027 46.438 -13 583 0 0 1
0.254382 0.23942 840 0.0294942 -0.0451247 9.31733 57.0586 -13 586 0 0 1
-0.0819435 0.0454901 840 -0.0234798 0.0359054 13.7614 41.487 -13 587 0 0 1
-0.071047 0.431603 840 0.0894941 0.0729486 9.51277 41.2158 -13 588 0 0 1
0.00616061 -0.0965885 840 -0.0187284 -0.0259285 13.2643 35.2133 -13 589 0 0 1
-nan -nan -nan -nan -nan -nan -nan -13 590 0 0 1
-0.227305 -0.18377 840 -0.0257466 0.0306352 9.03543 44.8773 -13 591 0 0 1
0.104241 -0.498168 840 -0.033957 -0.0194639 10.3935 31.7192 -13 14 0 0 1
-0.223891 -0.100382 840 -0.0365103 0.033261 8.22577 53.7592 -13 19 0 0 1
0.179072 -0.0531417 840 -0.000176079 0.00868583 8.87007 49.1281 -13 26 0 0 1
-0.48636 -0.650339 840 0.175562 0.696508 8.42043 40.9037 -13 32 0 0 1
-0.34303 -0.247556 840 -0.00196454 0.0480823 10.3701 57.0265 -13 37 0 0 1
-0.591831 -0.00697749 840 0.0214824 0.148448 8.84121 36.9346 -13 41 0 0 1
-0.448801 0.0503272 840 -0.00803021 0.0865863 7.01825 59.4096 -13 59 0 0 1
0.341103 -0.141122 840 -0.0137618 -0.101612 9.34244 44.8265 -13 62 0 0 1
-0.00750871 0.135085 840 0.0464862 0.00561451 7.32952 53.7823 -13 66 0 0 1
0.061075 0.0786886 840 -0.0242354 -0.0464732 10.3323 30.5676 -13 72 0 0 1
0.177875 -0.233296 840 -0.0583438 -0.0370608 12.6697 48.8174 -13 79 0 0 1
0.421507 0.129769 840 0.0274042 -0.0999349 9.92791 53.5341 -13 103 0 0 1
-0.00678851 0.139607 840 0.0266187 0.00479606 13.5612 23.0253 -13 109 0 0 1
-0.230522 0.10633 840 0.0101192 0.0153515 10.2902 58.4371 -13 116 0 0 1
-0.316757 0.184133 840 -0.0387721 0.0868715 10.9508 47.2126 -13 119 0 0 1
0.0820531 0.111316 840 -0.0120619 0.14449 7.77156 65.9857 -13 121 0 0 1
-0.405081 0.0140553 840 -0.0227022 0.0864834 11.4374 52.8539 -13 125 0 0 1
-0.191049 -0.0503553 840 -0.0248845 0.0299128 13.2351 45.3123 -13 132 0 0 1
0.0973893 -0.251175 840 -0.0478444 0.00583502 13.3469 27.0185 -13 135 0 0 1
-0.295972 0.417999 840 -0.0530217 0.203843 13.812 23.1031 -13 141 0 0 1
0.1767 0.379312 840 0.0498069 -0.0233426 14.1146 45.7562 -13 152 0 0 1
-0.256026 0.194511 840 -0.00195408 0.0153678 9.93043 55.506 -13 155 0 0 1
0.711014 -1.42173 840 -0.062165 0.00855836 7.40157 48.6 -13 160 0 0 1
-0.315299 0.155489 840 0.0588779 0.0558161 10.9924 56.1088 -13 166 0 0 1
-0.0315782 -0.235203 840 -0.0793213 0.0383603 11.8142 40.2275 -13 172 0 0 1
0.0900531 -0.425083 840 -0.037209 0.0250791 5.50694 64.613 -13 178 0 0 1
0.0634206 0.103511 840 0.0120296 -0.0256873 14.0098 27.1042 -13 183 0 0 1
0.0528412 -0.0424587 840 -0.0178673 -0.00342158 12.2395 30.7671 -13 191 0 0 1
0.0196063 0.467767 840 0.0729655 -0.00431674 12.9115 37.7938 -13 199 0 0 1
-0.0813289 -0.333117 840 -0.0413463 -0.00787328 9.99658 49.0147 -13 226 0 0 1
-0.19633 0.306784 840 -0.0127127 0.113039 11.9583 26.7185 -13 230 0 0 1
-0.00904757 0.803796 840 0.146156 0.0227947 6.12 71.1691 -13 235 0 0 1
0.42483 -0.404579 840 -0.0491631 -0.0234362 10.4669 36.2613 -13 263 0 0 1
0.0120933 0.242217 840 0.0787743 0.023117 12.7791 47.3485 -13 265 0 0 1
-0.0850051 0.0725213 840 0.0151081 -0.0187812 6.86855 61.9681 -13 291 0 0 1
-0.0114803 0.280393 840 0.0197781 -0.0208735 7.18687 64.3681 -13 295 0 0 1
-0.157062 0.102887 840 -0.0189712 0.0625771 6.01733 54.5187 -13 318 0 0 1
-0.232424 -0.0501504 840 -0.0130947 0.0475759 13.802 27.8217 -13 320 0 0 1
-0.1572 -0.134789 840 -0.0497401 -0.0176277 12.7397 29.581 -13 322 0 0 1
0.265643 0.11574 840 0.0785148 -0.0945625 5.98948 56.5161 -13 323 0 0 1
-0.157045 -0.318475 840 -0.0675818 -0.0228764 10.6135 48.6438 -13 326 0 0 1
-0.035377 -0.436941 840 -0.101082 0.062815 5.46405 54.2865 -13 331 0 0 1
0.221118 0.328894 840 0.0790163 -0.0423806 9.70636 31.7431 -13 345 0 0 1
0.560999 0.158331 840 0.00426069 -0.10049 10.6639 33.5894 -13 380 0 0 1
0.21535 0.118158 840 0.0479336 -0.0486468 7.76858 51.0727 -13 381 0 0 1
-0.48939 0.420762 840 0.229378 -0.0156674 13.3799 35.2937 -13 382 0 0 1
0.0115864 0.240513 840 0.0593717 0.0410686 14.1031 36.1152 -13 384 0 0 1
-0.220158 0.330403 840 0.0135709 -0.0079812 10.5066 31.7988 -13 460 0 0 1
-0.491472 -0.236423 840 -0.0617032 0.120914 9.88432 36.1224 -13 465 0 0 1
0.0701719 0.131292 840 0.0328126 -0.00297848 14.068 24.9725 -13 467 0 0 1
0.487334 -0.427758 840 0.00373263 -0.233764 4.48106 80.1175 -13 469 0 0 1
0.187856 -0.188952 840 0.0676278 -0.0491483 8.21111 51.8655 -13 474 0 0 1
-0.0375498 -0.109059 840 4.83798e-05 0.0206245 11.7756 36.1337 -13 475 0 0 1
0.175462 0.356109 840 0.0559054 -0.0400768 9.48113 47.9943 -13 477 0 0 1
-0.0239859 -0.107461 840 -0.029744 -0.00401073 14.0448 50.9052 -13 483 0 0 1
-0.35494 0.440903 840 0.0591167 0.0752323 5.11148 76.8552 -13 488 0 0 1
0.135591 -0.158255 840 0.024769 0.017533 13.8819 26.8374 -13 489 0 0 1
0.0319545 -0.0276365 840 -0.00873562 -0.00871067 7.52857 64.584 -13 491 0 0 1
-0.0425438 0.272571 840 0.0461284 -0.00878399 12.425 49.3441 -13 493 0 0 1
-0.00209692 -0.0428268 840 -0.0197242 -0.0128795 12.9558 47.0892 -13 494 0 0 1
0.586133 0.171878 840 0.0653754 -0.115788 10.653 35.4622 -13 496 0 0 1
0.527303 0.161314 840 0.0154786 -0.129539 14.031 22.8563 -13 497 0 0 1
0.0113631 -0.0688734 840 0.0188265 -0.0121671 13.6829 38.7329 -13 498 0 0 1
0.656289 0.242262 840 -0.0571871 -0.0614435 10.5217 38.7469 -13 510 0 0 1
0.440049 -0.317244 840 -0.0991276 -0.0299224 7.85437 43.7887 -13 514 0 0 1
-0.147205 0.0874085 840 0.000335153 0.0344729 8.25835 58.9144 -13 530 0 0 1
0.0234068 0.288415 840 0.0391839 0.00130321 13.8424 51.1694 -13 532 0 0 1
-0.0673435 0.37816 840 0.0173572 0.0748644 8.48074 48.0131 -13 543 0 0 1
0.235017 -0.127875 840 0.0158219 -0.0753149 10.5453 34.3461 -13 551 0 0 1
-0.0440329 0.380202 840 -0.00089285 0.00454765 4.90338 60.5571 -13 554 0 0 1
0.344591 -0.06326 840 -0.0111082 -0.0506156 13.5646 28.9294 -13 557 0 0 1
-0.645997 0.845012 840 0.0336793 -0.0388591 5.0008 84.3672 -13 561 0 0 1
0.620826 0.124553 840 -0.0186308 -0.0967479 9.32757 43.9892 -13 566 0 0 1
0.250115 0.0938035 840 -0.0127128 -0.0819806 11.8252 51.63 -13 568 0 0 1
-0.113634 0.188649 840 0.0674819 0.00670107 12.6343 37.478 -13 571 0 0 1
0.140364 -0.0292366 840 0.033859 0.0439013 6.98281 61.1009 -13 575 0 0 1
0.283639 0.349499 840 0.10054 -0.0123618 13.944 48.2607 -13 584 0 0 1
-0.15101 -0.0511572 840 -0.00592341 0.0369066 11.2194 34.9951 -13 585 0 0 1
0.139761 0.244861 840 0.047483 0.0712564 8.25125 48.8488 -13 592 0 0 1
-0.119847 -0.614042 840 -0.123945 -0.0420162 5.65643 78.7875 -13 593 0 0 1
-0.172849 0.0965798 840 -0.0433528 0.0187419 10.7462 57.328 -13 594 0 0 1
0.0424548 0.264936 840 0.0139273 -0.00681105 10.0161 44.713 -13 595 0 0 1
0.206885 0.33321 840 0.11407 0.012743 8.04739 53.7768 -13 596 0 0 1
-0.159641 -0.0515168 840 0.0220602 0.0959153 10.3972 40.7612 -13 597 0 0 1
-0.0697829 0.169178 840 -0.0421627 -0.0169631 5.61427 58.7013 -13 599 0 0 1
-0.082467 0.0499344 840 -0.115206 0.114523 6.76824 65.4834 -13 602 0 0 1
-1.10563 -0.681215 840 -0.171117 -0.131613 9.2098 54.8363 -13 603 0 0 1
-0.207987 0.448498 840 0.108904 -0.0556733 7.49055 52.6498 -13 604 0 0 1
-0.391492 0.180212 840 0.00771578 0.0803374 4.69548 68.4305 -13 605 0 0 1
-0.20938 0.174986 840 0.026258 0.0383268 12.4381 40.7857 -13 606 0 0 1
0.0988974 -0.354139 840 -0.103946 -0.0777292 11.8769 31.1517 -13 607 0 0 1
0.327074 -0.340539 840 -0.0928426 -0.0741826 12.9269 38.2384 -13 608 0 0 1
-0.138348 0.0163918 840 0.00243273 -0.0263916 11.8568 30.3534 -13 609 0 0 1
0.144909 -0.00456458 840 -0.0552287 -0.0684948 8.71806 41.4568 -13 610 0 0 1
0.0236253 0.0330153 840 0.0194431 0.0209719 10.3075 34.1022 -13 611 0 0 1
0.218493 0.125439 840 -0.0246083 -0.037072 7.80204 50.0478 -13 612 0 0 1
0.426728 0.00891527 840 -0.0240819 -0.0967765 12.4296 38.7779 -13 613 0 0 1
0.086468 0.107896 840 0.00341927 -0.0179168 12.1107 27.2473 -13 614 0 0 1
0.0344244 -0.832095 840 -0.0564816 0.121166 3.47375 96.5533 -13 615 0 0 1
0.0330379 0.652066 840 0.101397 0.000287706 3.26207 103.949 -13 616 0 0 1
-0.0370221 0.0328266 840 0.00714852 0.0158185 10.7616 44.8741 -13 617 0 0 1
-0.111038 -0.379213 840 -0.0570133 0.0270254 8.06825 56.7577 -13 618 0 0 1
0.53216 0.148625 840 -0.022118 -0.0666459 4.55472 84.0827 -13 619 0 0 1
0.23427 0.361054 840 0.00257646 -0.0906997 12.3545 44.0806 -13 620 0 0 1
0.397707 -0.0245826 840 0.0366056 -0.124152 5.06699 60.013 -13 621 0 0 1
-0.13598 0.836708 840 0.0662014 0.081515 11.1424 55.0715 -13 622 0 0 1
0.0698055 0.0122594 840 0.0208241 0.00161194 9.71857 45.1085 -13 623 0 0 1
0.266956 -0.00619432 840 0.0141834 -0.018392 14.158 22.6827 -13 624 0 0 1
0.0795532 0.0523418 840 0.0127852 -0.0425089 9.03486 48.9819 -13 625 0 0 1
0.240367 0.7319 840 0.153632 -0.0783235 5.97965 57.5908 -13 626 0 0 1
-0.0875856 0.193329 840 0.0693404 -0.0266374 9.3821 49.5934 -13 627 0 0 1
1.39991 -0.787219 840 0.0234662 -0.18324 1.59002 128.456 -13 628 0 0 1
0.14641 0.0682397 840 -0.00546059 0.0215212 10.432 35.0542 -13 629 0 0 1
0.280226 -0.0390607 840 -0.00323427 -0.0696289 11.7 53.2856 -13 630 0 0 1
-0.0689503 -0.160546 840 0.0311123 0.0100832 8.82544 61.5549 -13 631 0 0 1
-0.0359861 -0.0336648 840 -0.028937 -0.0256816 14.0734 33.8193 -13 632 0 0 1
-0.0693165 -0.183956 840 0.0141676 -0.0027704 8.30686 44.2565 -13 633 0 0 1
-0.461193 0.128776 840 -0.0242887 -0.0782973 4.67715 64.6811 -13 634 0 0 1
-0.155332 -0.270809 840 -0.0584784 0.0374492 8.00575 54.5855 -13 635 0 0 1
0.249314 0.388678 840 -0.0131973 -0.0975699 14.1298 28.794 -13 636 0 0 1
0.0128605 0.513968 840 0.0643842 -0.100241 7.92433 59.5019 -13 637 0 0 1
0.213153 0.269281 840 -0.0587718 -0.0217302 12.6886 39.7039 -13 638 0 0 1
0.0303061 0.141213 840 -0.010182 0.00784538 13.9931 27.1619 -13 639 0 0 1
0.116004 0.0251003 840 -0.0131451 -0.0346275 10.8798 28.8291 -13 640 0 0 1
0.366543 -0.112348 840 0.0729494 -0.0936404 4.17446 77.8118 -13 641 0 0 1
-0.192936 0.421461 840 0.0287811 -0.0199825 7.03931 65.021 -13 642 0 0 1
0.109143 0.413954 840 0.0617698 0.0341951 11.0318 27.9824 -13 643 0 0 1
0.0720518 0.347757 840 0.0499194 -0.101082 13.6918 40.6089 -13 644 0 0 1
-0.00839675 0.0197086 840 0.0178014 0.0338616 9.70434 33.2383 -13 645 0 0 1
0.0565687 -0.0660414 840 -0.0596126 -0.00669446 13.7482 39.0221 -13 646 0 0 1
0.13539 0.147375 840 0.0692367 -0.0812358 5.89624 76.8734 -13 647 0 0 1
0.695368 -0.289956 840 -0.0698274 0.000882593 3.68005 86.0119 -13 648 0 0 1
0.38 1.46952 840 0.269065 0.301222 6.18209 57.8292 -13 649 0 0 1
0.263408 -0.0354015 840 -0.0394153 -0.0319215 13.5125 26.5487 -13 650 0 0 1
0.0389666 -0.216926 840 -0.00998436 0.0595966 10.0388 42.9101 -13 651 0 0 1
0.149187 0.0672298 840 -0.0146965 0.0055276 10.4509 54.8471 -13 652 0 0 1
0.110639 -0.00280101 840 0.0172354 -0.00928065 11.9703 42.8431 -13 653 0 0 1
0.121308 -0.127541 840 0.03695 -0.0320558 12.2551 37.014 -13 654 0 0 1
0.0643488 0.0285549 840 0.01366 -0.0369769 14.3444 43.388 -13 655 0 0 1
0.00464138 0.193442 840 0.005496 -0.0439499 9.5498 47.5757 -13 656 0 0 1
0.208811 -0.0493735 840 -0.0217651 -0.00765783 7.91042 59.548 -13 657 0 0 1
0.58985 -0.0486697 840 0.00937485 -0.165835 4.67037 76.2413 -13 658 0 0 1
-0.309066 0.0449632 840 0.0542739 0.000111178 14.4113 34.8934 -13 659 0 0 1
0.475304 0.0152401 840 -0.0115372 -0.110631 11.6592 48.2688 -13 660 0 0 1
-0.0631193 0.0270992 840 0.0391621 0.0440068 10.6198 44.3603 -13 661 0 0 1
0.0844914 0.0088192 840 -0.00102797 0.0613649 12.1193 36.3332 -13 662 0 0 1
-0.137994 0.0473965 840 -0.00468036 0.0063379 9.49183 60.7511 -13 663 0 0 1
-0.0761766 0.178579 840 0.0186094 0.0455847 8.15669 65.7596 -13 664 0 0 1
-0.26653 -0.275177 840 -0.088802 0.0167906 11.3213 28.609 -13 665 0 0 1
-0.104798 0.257095 840 0.0116476 0.0216297 11.7542 40.3096 -13 666 0 0 1
0.115542 -0.182224 840 -0.0129425 -0.00301905 13.0823 35.9646 -13 667 0 0 1
-0.129851 -0.0592249 840 0.0194171 0.0165312 6.57657 55.3994 -13 668 0 0 1
-0.552697 -0.00443763 840 -0.0217081 0.0321677 9.52728 49.2449 -13 669 0 0 1
-0.0278615 -0.149692 840 -0.0414793 -0.00401118 13.5628 39.5554 -13 670 0 0 1
0.293164 0.0123148 840 -0.012857 0.00386258 13.1328 42.7691 -13 671 0 0 1
-13.3931 13.792 840 -0.00416666 0.00535022 0.0382575 1513.09 -13 672 0 0 1
0.0784966 -0.469741 840 -0.000261824 0.0418943 3.56975 90.234 -13 673 0 0 1
-0.097152 -0.0549036 840 -0.00209108 0.0163558 12.5426 53.4078 -13 674 0 0 1
-0.651847 0.0561554 840 -0.00982594 0.0629742 7.06314 49.7633 -13 675 0 0 1
0.027098 0.02277 840 -0.0108383 -0.029706 12.8848 49.5433 -13 676 0 0 1
0.384746 -0.1949 840 0.0900713 -0.0673422 11.814 32.322 -13 677 0 0 1
-0.268997 0.0686223 840 0.0192103 0.00446883 9.37393 47.7374 -13 678 0 0 1
0.0799442 -0.179682 840 -0.022919 0.0569188 8.088 49.7016 -13 679 0 0 1
-0.129571 -0.235483 840 -0.0592319 0.0385187 9.24185 51.0368 -13 680 0 0 1
0.147537 -0.113274 840 0.0158188 -0.0328596 14.0596 24.3409 -13 681 0 0 1
0.196746 0.0896793 840 -0.00111453 -0.000809367 13.251 23.9723 -13 682 0 0 1
0.279907 0.122196 840 0.000602793 -0.0155697 12.9156 48.2793 -13 683 0 0 1
0.816004 -0.241887 840 0.00175475 -0.101345 8.54504 51.4149 -13 684 0 0 1
-0.412632 -0.360219 840 -0.113724 0.0208747 7.96065 44.7715 -13 685 0 0 1
-0.0309937 0.0898377 840 0.0175913 0.00660997 11.6383 53.0387 -13 686 0 0 1
0.295323 -0.376095 840 -0.0127898 -0.0466075 8.98139 39.8875 -13 687 0 0 1
-0.0346158 -0.0125008 840 -0.0127772 0.0248584 12.8321 46.5241 -13 688 0 0 1
0.086575 -0.119009 840 -0.107589 -0.0330219 9.84825 52.9895 -13 689 0 0 1
0.219259 -0.533632 840 -0.101053 -0.153885 5.03919 76.9218 -13 690 0 0 1
-0.0388331 0.173853 840 0.0564726 0.0308455 12.3131 41.6052 -13 691 0 0 1
0.0453695 -0.559926 840 -0.138365 -0.090451 7.39718 41.9651 -13 692 0 0 1
0.199768 -0.192383 840 -0.0500463 -0.00928132 12.7608 44.5401 -13 693 0 0 1
0.516944 0.874172 840 0.095005 -0.0254599 3.29166 89.5753 -13 694 0 0 1
-0.272588 -0.0400984 840 0.0508012 -0.0272474 7.2844 51.7643 -13 695 0 0 1
1.30771 0.715492 840 -0.00649234 -0.195363 6.56908 58.5844 -13 696 0 0 1
0.201177 0.0695718 840 0.00207937 -0.0794044 9.89812 48.5688 -13 697 0 0 1
-0.101849 0.437096 840 0.0862646 0.00670897 8.72053 42.2118 -13 698 0 0 1
0.0442207 -0.26067 840 -0.0215171 0.0258991 13.2918 46.4592 -13 699 0 0 1
-0.046088 -0.26906 840 -0.031081 -0.116472 8.70842 44.6707 -13 700 0 0 1
-0.300623 0.574063 840 0.0915996 0.0277617 8.91296 35.5333 -13 701 0 0 1
0.284793 -0.0527168 840 0.00775564 -0.0324889 12.2787 49.9479 -13 702 0 0 1
-0.0338141 -0.0938007 840 -0.017744 0.0303758 12.0467 47.2624 -13 703 0 0 1
-0.239526 -0.012155 840 -0.214271 0.105351 9.36275 40.7397 -13 704 0 0 1
-0.214394 -0.232991 840 -0.0652096 0.0413641 10.0812 36.4226 -13 705 0 0 1
-0.0850117 -0.000180319 840 -0.0187671 0.00845817 9.54044 46.9377 -13 706 0 0 1
0.25023 0.0378348 840 -0.037248 -0.00582252 13.8383 23.3318 -13 707 0 0 1
0.477684 -0.0495567 840 -0.00916071 -0.0740382 10.514 46.6715 -13 708 0 0 1
0.351587 -0.873906 840 -0.200451 0.0564436 3.26862 95.2955 -13 709 0 0 1
-0.105785 0.0874147 840 0.045101 0.043939 7.89752 57.5739 -13 710 0 0 1
0.000470889 -0.33702 840 -0.0751735 -0.00595526 14.1488 23.1144 -13 711 0 0 1
-0.0541781 -0.0342375 840 0.00380701 -0.0126491 11.6007 45.7378 -13 712 0 0 1
0.286897 0.292887 840 -0.0523993 -0.0637958 6.30973 68.6695 -13 713 0 0 1
0.470892 -0.0160032 840 -0.0128921 -0.0348181 14.0385 42.77 -13 714 0 0 1
-0.19405 -0.135084 840 -0.0404269 -0.0242126 12.3494 53.7926 -13 715 0 0 1
0.0908482 0.0816993 840 0.0702457 0.0221825 13.1041 43.7158 -13 716 0 0 1
-0.255026 0.336147 840 0.00853197 0.0310043 10.5128 43.7541 -13 717 0 0 1
-0.124329 -0.244685 840 -0.0637794 -0.000985215 8.64558 42.5852 -13 718 0 0 1
-0.336997 -0.285892 840 -0.0585115 6.69079e-05 10.6385 36.9329 -13 719 0 0 1
0.273075 0.572701 840 0.0934213 -0.0135487 11.2537 55.3669 -13 720 0 0 1
-0.24135 0.0283874 840 -0.00859388 0.0678323 9.65273 56.837 -13 721 0 0 1
-0.233696 0.00936483 840 -0.0014295 0.0624116 4.87364 69.5591 -13 722 0 0 1
0.210154 -0.0944952 840 -0.0150705 -0.0535161 8.50426 38.5725 -13 723 0 0 1
0.555268 -1.56512 840 -0.220547 -0.149018 4.68971 83.1165 -13 724 0 0 1
0.0603378 -0.209519 840 -0.0568297 -0.0519555 9.56794 43.1122 -13 725 0 0 1
0.263497 -0.357813 840 -0.0816607 -0.0966633 13.5886 37.7419 -13 726 0 0 1
0.0774456 0.245552 840 0.0426625 -0.00833295 14.1338 26.406 -13 727 0 0 1
-1.23788 -0.331732 840 0.119296 0.0840092 2.64941 115.237 -13 728 0 0 1
-0.00324199 0.294972 840 0.0187605 0.11893 5.26477 66.1758 -13 729 0 0 1
-0.214714 0.146032 840 -0.00963704 0.0244562 11.1566 34.2589 -13 730 0 0 1
0.00885899 -0.122859 840 -0.0172646 0.0139748 10.9584 30.5127 -13 731 0 0 1
-2.32228 0.158105 840 -0.0309152 0.00448751 0.516068 645.45 -13 732 0 0 1
0.146413 -0.246873 840 0.00501297 -0.0219883 4.4206 75.956 -13 733 0 0 1
-0.0131175 0.144794 840 0.0150778 -0.0168251 13.2283 27.5845 -13 10 0 0 1
-0.0961584 0.0748238 840 -0.00302971 0.070061 14.4115 43.6461 -13 21 0 0 1
-0.0405459 0.0604817 840 0.013007 -0.0173235 8.29146 63.0734 -13 24 0 0 1
0.0683538 0.0334343 840 0.0481863 -0.0648397 13.6196 24.4303 -13 30 0 0 1
-0.30464 -0.12348 840 0.042864 0.0803367 8.54509 59.1077 -13 36 0 0 1
-0.0544352 -0.153413 840 -0.01967 0.0374003 10.9003 48.1697 -13 40 0 0 1
-0.102467 0.5012 840 0.0584009 0.0361013 4.09337 96.77 -13 50 0 0 1
0.466915 0.240498 840 0.0728572 -0.0981457 2.28181 104.665 -13 54 0 0 1
-0.346533 -0.273578 840 -0.106396 0.0245965 4.84979 64.3395 -13 65 0 0 1
-0.0218676 0.497896 840 -0.0296849 0.120898 7.67301 66.369 -13 75 0 0 1
-0.429476 -0.242108 840 -0.0172549 0.0286733 9.83216 49.3596 -13 83 0 0 1
-0.0535209 0.300239 840 0.0515078 -0.0312748 7.22405 53.5495 -13 108 0 0 1
0.450583 0.155539 840 -0.107352 -0.0450175 7.62833 43.042 -13 112 0 0 1
0.206221 0.137395 840 0.0266362 -0.102982 7.98985 43.9892 -13 114 0 0 1
0.0562643 0.164764 840 0.0314137 0.0113477 14.3893 41.7589 -13 144 0 0 1
0.429948 0.288869 840 0.0378302 -0.124885 8.55018 51.6616 -13 188 0 0 1
0.189946 -0.162647 840 -0.0215873 -0.034738 11.5825 47.8247 -13 201 0 0 1
-0.16675 -0.171343 840 -0.0117932 0.00668621 13.704 35.0788 -13 209 0 0 1
0.685566 0.98164 840 0.0522346 0.0582788 3.69662 87.645 -13 215 0 0 1
-0.0132946 0.668267 840 0.0468046 0.160555 5.05812 72.3824 -13 218 0 0 1
-0.16852 -0.164867 840 0.0147366 -0.0203736 12.5995 43.7164 -13 227 0 0 1
-0.11489 0.148722 840 0.0506083 0.0376985 12.7685 35.4036 -13 239 0 0 1
-0.323349 -0.191906 840 -0.0100369 0.0550451 8.64803 58.048 -13 244 0 0 1
0.28448 0.170046 840 0.0255497 -0.0411226 12.3396 35.2606 -13 249 0 0 1
0.192307 0.0225357 840 0.0381543 0.00382794 11.8979 46.5631 -13 253 0 0 1
0.0604867 0.029801 840 0.0693445 0.022067 12.2284 25.4459 -13 256 0 0 1
0.0702017 -0.0543183 840 -0.0257344 0.000201427 11.7195 42.4965 -13 258 0 0 1
0.0480214 0.176306 840 0.0329556 0.0788693 11.7778 37.4521 -13 269 0 0 1
-0.270758 -0.134766 840 -0.106676 0.0404002 12.5993 51.0129 -13 274 0 0 1
0.0786078 -0.248612 840 -0.0256443 -0.0405676 13.7362 34.8009 -13 278 0 0 1
-0.124537 0.118591 840 0.07135 -0.00520795 8.09194 56.8423 -13 281 0 0 1
0.12316 0.685853 840 0.100262 -0.0734955 2.21311 127.175 -13 285 0 0 1
-0.0129294 0.205628 840 0.0189414 -0.0272335 13.2471 26.137 -13 292 0 0 1
-0.336275 0.115144 840 -0.00788529 0.0902413 8.18337 62.9732 -13 301 0 0 1
0.0472793 -0.207712 840 -0.0361802 0.0935922 3.96852 80.3846 -13 307 0 0 1
-0.424289 0.218178 840 0.111262 -0.020826 5.54309 61.7718 -13 310 0 0 1
0.378881 0.289077 840 0.0395809 -0.0208943 9.03927 39.6968 -13 316 0 0 1
-nan -nan -nan -nan -nan -nan -nan -13 324 0 0 1
-0.0233949 0.37364 840 0.0694481 -0.0658016 12.4464 37.4502 -13 327 0 0 1
0.0549966 0.0856523 840 -0.0117762 -0.023951 10.9494 44.2161 -13 735 0 0 1
-2.73521 -0.0419902 840 0.393108 0.585555 1.79177 117.184 -13 744 0 0 1
0.245924 0.0325939 840 -0.00735411 -0.0812636 8.53018 60.9989 -13 746 0 0 1
-0.0174981 -0.198431 840 -0.0256529 0.0291749 12.8621 44.5273 -13 768 0 0 1
0.0151845 -0.176306 840 0.00539988 -0.00384149 11.4149 31.399 -13 773 0 0 1
0.00928995 0.290961 840 0.0681854 -0.00815208 13.3927 26.4001 -13 774 0 0 1
-0.179431 -0.00428621 840 0.0736786 0.0674428 11.6312 30.4962 -13 781 0 0 1
0.156266 0.0771825 840 -0.0114091 -0.031664 9.55355 50.4539 -13 786 0 0 1
-0.226346 0.197876 840 0.152789 -0.0636877 14.1481 36.738 -13 789 0 0 1
0.135263 -0.150568 840 -0.0754568 0.073791 2.28875 107.921 -13 806 0 0 1
-0.211317 -0.228445 840 -0.114111 0.0476818 10.3188 36.4979 -13 897 0 0 1
0.171238 -0.0586961 840 -0.0150028 -0.0306365 11.4212 28.3351 -13 900 0 0 1
-0.0703288 0.107602 840 0.000264075 0.0358554 8.60908 37.3149 -13 902 0 0 1
0.0185683 -0.111796 840 -0.013911 0.0408164 12.5325 31.8292 -13 904 0 0 1
-0.272667 0.142234 840 0.0328497 -0.000213807 10.437 48.7922 -13 906 0 0 1
0.0246359 -0.010493 840 -0.0347193 -0.0104588 12.9257 26.9715 -13 908 0 0 1
0.131549 -0.0289611 840 -0.041381 0.0471055 7.15115 56.4178 -13 909 0 0 1
0.20512 -0.220876 840 -0.0491211 -0.0666264 11.8202 27.664 -13 912 0 0 1
0.0307568 -0.0989499 840 -0.046083 -0.0583041 10.2671 31.4284 -13 914 0 0 1
0.318423 -0.19373 840 0.0243303 -0.114974 9.05805 39.5165 -13 915 0 0 1
0.277573 0.23215 840 0.04546 -0.046083 13.7845 40.9225 -13 916 0 0 1
0.0439594 -0.275714 840 -0.0374628 0.0198863 12.4704 43.9235 -13 917 0 0 1
-0.303593 0.1762 840 0.0122494 0.0509492 12.8229 47.8267 -13 918 0 0 1
0.0827538 -0.272644 840 -0.0360927 0.115562 3.57289 82.9345 -13 919 0 0 1
0.418476 -0.392189 840 -0.0410752 -0.0286642 8.59736 38.1294 -13 920 0 0 1
0.0373327 0.124629 840 0.0670827 0.0352201 12.8476 44.7087 -13 922 0 0 1
-0.0434681 -0.0306663 840 -0.00159043 -0.0203186 13.6114 36.2815 -13 924 0 0 1
-0.21013 -0.206727 840 0.0163531 -0.00334662 12.7945 24.6074 -13 926 0 0 1
-0.0680391 0.152279 840 0.0568697 0.00654405 11.7691 49.4272 -13 928 0 0 1
-0.0386807 -0.187695 840 -0.0539316 -0.0186418 13.5108 29.1297 -13 929 0 0 1
-0.0100184 -0.156051 840 0.0260305 0.0425532 12.7087 42.1479 -13 930 0 0 1
0.244309 0.0583803 840 0.0158858 -0.0468423 11.4167 55.5614 -13 932 0 0 1
0.195392 0.036989 840 0.0146129 -0.0512922 8.56599 47.4169 -13 934 0 0 1
-0.116294 -0.0499441 840 -0.0141758 0.0477977 12.4379 37.9797 -13 936 0 0 1
-0.322939 0.00559333 840 0.0359941 0.157428 4.39773 68.6023 -13 938 0 0 1
0.0133269 0.139644 840 0.0142495 -0.000357707 5.83927 54.416 -13 940 0 0 1
-nan -nan -nan -nan -nan -nan -nan -13 942 0 0 1
-0.184543 -0.399482 840 -0.0278084 0.0465634 5.63502 75.4675 -13 944 0 0 1
0.211266 -0.0259743 840 -0.0372062 -0.00139274 11.4005 34.5437 -13 47 0 0 1
-0.609388 -0.128832 840 -0.0712862 0.083454 6.19244 60.5598 -13 84 0 0 1
0.107965 0.0982611 840 0.089868 0.0472522 5.6401 60.5648 -13 94 0 0 1
0.375819 0.209567 840 0.0156825 -0.0421004 10.2984 57.2523 -13 106 0 0 1
0.00815854 -0.233321 840 -0.0345287 0.0122488 9.82423 34.3569 -13 111 0 0 1
-0.00596123 -0.250388 840 -0.0179446 0.00678366 13.204 42.5152 -13 115 0 0 1
-0.112064 0.285726 840 0.110362 -0.010224 8.02055 40.5601 -13 151 0 0 1
0.191369 -0.770402 840 -0.132857 -0.250563 5.63856 52.9368 -13 189 0 0 1
0.284518 0.44927 840 0.066474 -0.0427253 7.11093 52.9336 -13 205 0 0 1
0.146029 -0.0890947 840 -0.0379368 0.00815573 13.9351 23.1578 -13 212 0 0 1
-0.259266 -0.0638356 840 0.022412 0.0860402 9.43214 44.8551 -13 217 0 0 1
0.0319571 0.147255 840 0.0219822 0.014363 13.3144 34.5489 -13 220 0 0 1
-0.749422 -0.137042 840 0.0473367 0.0341458 2.61688 98.4052 -13 221 0 0 1
-0.980811 0.194107 840 0.150548 0.052583 12.6931 29.1584 -13 240 0 0 1
0.233115 -0.0472695 840 -0.0397952 -0.0715041 11.5586 36.4375 -13 247 0 0 1
0.0424488 0.303657 840 0.0714535 -0.00453334 8.26275 62.2649 -13 251 0 0 1
0.0148349 0.167186 840 0.0409935 -0.0112846 13.8299 36.9672 -13 261 0 0 1
0.0164171 0.47153 840 0.0648859 0.0271851 11.2541 51.1945 -13 266 0 0 1
-0.188679 -0.205229 840 -0.0602844 0.0422253 7.25388 68.3975 -13 271 0 0 1
-0.23972 -0.331542 840 -0.0446517 0.0500436 8.76104 53.8046 -13 275 0 0 1
0.0374626 0.115993 840 0.00550384 -0.00954588 13.3411 43.3289 -13 279 0 0 1
0.0740899 0.108271 840 0.0890326 -0.0244792 10.6888 35.4072 -13 283 0 0 1
-0.197769 0.0703078 840 0.0825293 0.0487987 6.72978 70.044 -13 286 0 0 1
-0.796489 -0.881075 840 -0.221518 -0.750234 2.5916 120.705 -13 300 0 0 1
-0.176733 0.043194 840 0.00622798 0.0891068 10.9749 37.5284 -13 305 0 0 1
0.0920682 -0.110806 840 -0.0290789 0.0297166 13.9992 38.8941 -13 311 0 0 1
0.18588 -0.319174 840 -0.0152282 -0.043503 13.7967 23.6672 -13 314 0 0 1
-0.41844 0.154335 840 0.0513962 0.0966827 8.929 41.7527 -13 330 0 0 1
0.0726798 -0.316246 840 -0.0158251 0.00278538 9.82924 41.9285 -13 333 0 0 1
-0.0671734 0.328402 840 0.0386568 0.0280065 12.8392 26.2717 -13 334 0 0 1
-nan -nan -nan -nan -nan -nan -nan -13 342 0 0 1
-0.112401 -0.169969 840 -0.0203901 -0.00538712 12.0831 39.7056 -13 347 0 0 1
0.016136 0.156688 840 0.0515913 0.022066 11.4828 41.0489 -13 745 0 0 1
0.113584 -0.0353654 840 0.000903492 -0.0551266 10.4266 50.6004 -13 750 0 0 1
-0.671355 0.416158 840 -0.266388 0.204717 10.7786 30.7585 -13 753 0 0 1
-0.0031582 -0.187738 840 -0.0308309 -0.0210507 10.6561 40.8432 -13 777 0 0 1
-0.942736 -0.463621 840 -0.0459664 0.074179 4.58411 75.0194 -13 785 0 0 1
-0.00340097 -0.0345334 840 0.0110699 -0.0239229 12.3378 42.8496 -13 788 0 0 1
-0.170638 0.065519 840 -0.0134641 0.00469079 11.4048 43.5515 -13 793 0 0 1
-0.396249 -0.00646853 840 -0.0360684 0.0774836 6.38377 48.1245 -13 812 0 0 1
0.321438 -0.172229 840 0.0336736 -0.0983762 5.16148 80.6951 -13 817 0 0 1
-0.181998 0.217726 840 0.0277297 0.0440269 13.379 29.5693 -13 820 0 0 1
-0.19195 -0.0457838 840 0.0321358 -0.036245 12.592 47.347 -13 823 0 0 1
0.114118 0.132023 840 0.00584675 0.0122636 14.4448 47.1786 -13 825 0 0 1
-0.108417 -0.128913 840 -0.0826849 -0.0160576 8.61106 61.6233 -13 828 0 0 1
-0.469212 0.430952 840 0.0269298 0.0784609 8.31708 42.8637 -13 831 0 0 1
-0.122429 0.622823 840 0.0840216 0.0532212 5.21214 79.9971 -13 834 0 0 1
0.586192 -0.713993 840 -0.00349833 -0.153696 8.26664 43.4305 -13 843 0 0 1
0.08767 -0.165328 840 -0.0576528 0.00579192 12.272 41.4461 -13 846 0 0 1
-0.315117 -0.188197 840 0.0428131 -0.0729871 4.55795 90.7064 -13 848 0 0 1
0.0104236 -0.0406907 840 0.0229525 0.0346631 9.5292 33.9224 -13 849 0 0 1
-0.130189 -0.225667 840 -0.014336 0.0756396 8.84511 41.9375 -13 851 0 0 1
0.166622 -0.0667878 840 -0.0438511 0.268531 4.66713 65.6241 -13 853 0 0 1
-0.0320944 -0.096312 840 -0.0743996 -0.0101914 12.9361 35.1937 -13 859 0 0 1
0.207913 0.0380925 840 -0.00291931 -0.0501046 14.0649 27.9406 -13 921 0 0 1
-0.237304 -0.35665 840 -0.0955442 0.173864 3.42165 105.069 -13 923 0 0 1
-0.108515 0.0988153 840 0.0595224 0.0351881 13.9569 50.2963 -13 925 0 0 1
0.154215 0.0693818 840 0.00857766 0.0364723 4.68992 76.6909 -13 927 0 0 1
-0.0659499 -0.136013 840 -0.0247369 -0.0105284 13.2979 44.1771 -13 931 0 0 1
-0.00351218 0.1275 840 -0.00307797 -0.0173992 13.6041 35.7786 -13 933 0 0 1
0.39973 1.01484 840 0.198677 -0.0180671 10.3772 50.4205 -13 935 0 0 1
-0.0577855 0.219775 840 0.0631238 0.00439133 12.5188 51.5919 -13 937 0 0 1
0.37313 -0.292004 840 -0.013372 -0.107326 13.8023 32.0475 -13 939 0 0 1
0.0318172 0.265841 840 0.0485264 -0.0350476 12.2591 40.6576 -13 941 0 0 1
-0.221791 -0.0441598 840 -0.0506415 0.0170323 10.4419 53.814 -13 943 0 0 1
0.0187123 -1.08988 840 -0.0782175 -0.0135677 3.35964 104.532 -13 945 0 0 1
-0.115191 0.00787046 840 0.0213859 -0.00101616 14.2955 34.2104 -13 946 0 0 1
-0.177605 -0.0678901 840 -0.00859137 0.0304858 10.4698 34.0373 -13 947 0 0 1
-0.212492 -0.251628 840 -0.0586885 0.115309 7.67324 44.0612 -13 948 0 0 1
-0.083682 -0.00234345 840 0.0287183 0.0137213 12.4723 45.3556 -13 949 0 0 1
0.705244 -0.702482 840 -0.140584 0.0350324 2.18302 99.1794 -13 950 0 0 1
-0.425928 -0.568013 840 -0.0922933 0.0600931 5.08141 63.4716 -13 951 0 0 1
-0.897542 -0.966629 840 -0.0695047 0.155313 3.64772 99.4146 -13 952 0 0 1
-0.0516446 -0.0171395 840 0.0102052 0.01458 9.83501 37.525 -13 953 0 0 1
-1.00303 -0.170695 840 -0.0112374 0.2028 6.66614 64.3421 -13 954 0 0 1
-0.298907 0.196297 840 -0.0452342 0.0683879 7.3171 57.8039 -13 955 0 0 1
-0.0263442 0.522892 840 0.091761 0.0634151 6.78731 51.0333 -13 956 0 0 1
-0.0541515 -0.0249047 840 0.0154525 0.0140061 14.0527 40.5554 -13 957 0 0 1
-0.0324977 -0.171114 840 -0.0689652 0.0571447 11.8378 39.8653 -13 958 0 0 1
-0.106611 0.230213 840 0.0386762 0.012164 10.3781 49.6537 -13 959 0 0 1
0.0104607 -0.322459 840 -0.0419076 -0.0256327 14.4342 30.6097 -13 960 0 0 1
0.0602605 0.0697872 840 -0.00898775 -0.0570122 11.7989 44.7077 -13 962 0 0 1
-0.0128802 -0.405898 840 -0.017363 -0.0273335 8.8432 46.619 -13 969 0 0 1
-nan -nan -nan -nan -nan -nan -nan -13 970 0 0 1
0.0121318 0.287341 840 0.0459234 0.0053241 13.2387 36.9484 -13 971 0 0 1
0.600879 0.0925645 840 0.00857488 -0.0831036 13.604 45.4378 -13 9 0 0 1
0.189055 0.526172 840 0.0425611 -0.00224124 0.726679 657.063 -13 20 0 0 1
-0.043322 0.213323 840 0.0116872 0.000966198 14.3582 35.1036 -13 25 0 0 1
0.415743 0.647345 840 0.0757953 -0.099202 7.81482 50.7057 -13 86 0 0 1
0.0856036 -0.11587 840 -0.0291944 -0.0579658 9.55706 39.4759 -13 98 0 0 1
0.264248 0.00506346 840 0.00436933 -0.0678631 13.4899 35.1877 -13 129 0 0 1
-0.20798 0.270306 840 0.223996 -0.0593714 7.17004 45.6478 -13 137 0 0 1
-0.00590726 0.0103533 840 -0.0502246 -0.00231582 11.2204 42.1605 -13 147 0 0 1
-0.0427886 0.170813 840 -0.00769881 -0.00708107 9.73304 33.891 -13 163 0 0 1
-0.0854723 -0.223346 840 -0.0958271 0.0376249 8.9069 52.6321 -13 170 0 0 1
-0.181156 -0.0550313 840 -0.000163509 0.0171832 10.764 42.3485 -13 176 0 0 1
0.0817101 0.105817 840 0.0594943 -0.0524927 8.75924 60.7307 -13 181 0 0 1
0.0272544 0.0820602 840 0.0145121 0.00470467 11.4865 42.1732 -13 185 0 0 1
-0.140941 0.0461665 840 0.0198441 0.0025247 10.3332 36.2082 -13 194 0 0 1
0.159814 -0.191397 840 -0.033001 -0.00729429 5.26047 64.0725 -13 204 0 0 1
0.478907 0.326464 840 0.104696 -0.000976398 2.48874 116.485 -13 210 0 0 1
-0.00372558 -0.211785 840 -0.0080181 -0.0249032 8.63341 38.1125 -13 223 0 0 1
2.90974e-05 -0.0589719 840 0.105501 0.0834513 9.03728 59.401 -13 231 0 0 1
-0.0492411 -0.0703499 840 -0.0371673 -0.0445147 12.479 27.2311 -13 234 0 0 1
0.162316 -0.220168 840 -0.0350337 -0.0122878 12.82 25.8022 -13 241 0 0 1
-0.438728 -0.502817 840 -0.031265 0.126722 12.8998 35.8262 -13 245 0 0 1
-0.433448 0.326738 840 0.0167826 -0.0487906 8.24811 40.7002 -13 254 0 0 1
-0.00930517 -0.278258 840 0.00210031 0.0122899 14.4503 26.4112 -13 259 0 0 1
-0.136097 -0.00405975 840 -0.0051081 0.01882 14.0559 44.072 -13 267 0 0 1
-0.0412402 -0.0306793 840 -0.0111239 0.0115075 14.4588 30.9292 -13 272 0 0 1
0.00212977 -0.22542 840 -0.0538493 0.041662 9.45285 49.3165 -13 289 0 0 1
0.0765785 0.0904338 840 -0.00283818 -0.0495607 7.32752 69.5828 -13 293 0 0 1
-nan -nan -nan -nan -nan -nan -nan -13 298 0 0 1
0.304146 -0.192736 840 -0.00786954 -0.0942308 7.49669 55.5878 -13 302 0 0 1
-0.315925 -0.0683883 840 -0.026987 0.0135805 7.80594 41.9955 -13 734 0 0 1
-0.00828948 0.227331 840 -0.033349 -0.0270242 13.03 46.9103 -13 740 0 0 1
0.129395 0.111617 840 0.0412693 -0.0351275 14.1655 37.0263 -13 759 0 0 1
0.0453925 -0.110283 840 -0.00918911 -0.0429014 11.1302 53.33 -13 763 0 0 1
0.0849734 0.1054 840 -0.00357022 -0.0428327 8.57246 40.2252 -13 766 0 0 1
-0.232589 -0.620151 840 -0.0921581 -0.0471794 6.9046 47.6385 -13 769 0 0 1
0.270283 0.0941769 840 0.000381539 -0.0195394 12.9214 24.1055 -13 779 0 0 1
0.0434106 -0.0271482 840 0.0207427 0.0226926 10.032 33.5065 -13 782 0 0 1
-0.401548 0.0844469 840 0.0317755 0.0506261 11.4666 34.9206 -13 795 0 0 1
-0.10533 -0.0235469 840 -0.047434 0.0205112 13.7019 47.3536 -13 798 0 0 1
0.127782 0.0620156 840 -0.0490717 -0.0814808 6.82567 62.6692 -13 803 0 0 1
-0.120241 0.259912 840 0.0611723 0.0055622 13.6373 32.9369 -13 807 0 0 1
-0.160996 -0.402719 840 -0.0405293 -0.0109258 10.8011 44.0797 -13 810 0 0 1
-0.341507 -0.240012 840 0.0051576 0.120033 13.2143 33.9148 -13 813 0 0 1
0.192746 -0.173459 840 -0.0839788 -0.00784804 11.4598 55.3088 -13 818 0 0 1
0.656383 0.234474 840 0.036553 -0.0866641 8.35796 39.5462 -13 821 0 0 1
0.450305 0.0389625 840 -0.00916276 -0.198042 7.77767 66.2519 -13 835 0 0 1
-0.0816486 0.0520053 840 -0.0367157 0.0120365 11.1165 48.8594 -13 839 0 0 1
-0.286655 0.34675 840 0.086362 -0.0201971 6.03091 75.2411 -13 842 0 0 1
-0.0441564 -0.00169789 840 -0.0384112 0.00944236 13.4798 31.6545 -13 845 0 0 1
0.2927 0.131552 840 0.0134706 -0.134191 4.56822 73.1197 -13 847 0 0 1
-nan -nan -nan -nan -nan -nan -nan -13 864 0 0 1
-0.0518964 0.0618728 840 0.0570437 0.118875 5.39072 82.985 -13 866 0 0 1
0.0853688 0.143279 840 0.0450561 -0.0199802 10.3625 33.198 -13 31 0 0 1
0.0986189 0.174855 840 0.0399454 0.0350134 2.89307 113.165 -13 33 0 0 1
0.105232 -0.20165 840 -0.0356934 0.00836085 11.8371 48.8841 -13 38 0 0 1
0.0655209 -0.150612 840 -0.0268964 -0.0339751 14.4047 32.8669 -13 43 0 0 1
-0.893961 0.247284 840 0.0946562 0.068779 6.63711 54.6611 -13 48 0 0 1
-0.00678489 -0.0180313 840 0.00169627 -0.012726 8.25166 57.7538 -13 60 0 0 1
-0.0633601 0.00864469 840 0.0299195 -0.0116013 10.6237 47.7813 -13 68 0 0 1
-0.219275 0.116231 840 0.0384106 0.0376113 10.7119 42.8026 -13 74 0 0 1
0.000745048 -0.0723674 840 0.0124766 0.0209529 13.1833 46.0337 -13 82 0 0 1
-0.0385252 -0.148545 840 0.0138098 0.0385031 7.01788 69.3821 -13 91 0 0 1
0.241547 -0.126805 840 0.0110951 -0.0902709 10.7502 39.7666 -13 95 0 0 1
0.0759169 -0.0435151 840 -0.0203563 -0.0120095 11.5603 31.2014 -13 117 0 0 1
0.225771 -0.482793 840 0.00788902 -0.155563 4.73183 82.4171 -13 123 0 0 1
0.219104 -0.175133 840 -0.0243273 0.0251626 9.60999 37.1248 -13 127 0 0 1
-0.21213 0.181649 840 -0.0712761 0.00779389 10.4185 51.1245 -13 130 0 0 1
0.00849816 -0.201855 840 -0.0477347 -0.0163774 11.484 45.9893 -13 139 0 0 1
0.256318 0.10622 840 0.0245447 -0.0279902 13.8402 42.5047 -13 150 0 0 1
-0.0574668 -0.0300207 840 -0.0384524 -0.0182379 11.9627 42.012 -13 156 0 0 1
-0.0642917 -0.0519313 840 0.0445291 -0.0807864 9.73123 46.1049 -13 162 0 0 1
-0.00602561 -0.196089 840 -0.00279362 0.00772136 9.85335 35.4561 -13 167 0 0 1
0.115485 -0.0492401 840 0.00323839 -0.0367754 13.0544 24.4101 -13 173 0 0 1
0.210314 -0.102549 840 0.0640495 -0.101914 5.41696 70.2576 -13 179 0 0 1
-0.0381192 0.0991601 840 0.0642434 0.0588525 8.38705 41.4004 -13 190 0 0 1
-nan -nan -nan -nan -nan -nan -nan -13 200 0 0 1
0.24883 0.056251 840 -0.00657922 -0.0726607 8.87718 40.7594 -13 222 0 0 1
0.20837 -0.186433 840 -0.066311 0.00561428 8.19012 56.791 -13 737 0 0 1
0.601209 0.220659 840 0.0716765 -0.0285423 8.28731 37.8672 -13 743 0 0 1
-0.799082 -0.277445 840 -0.093382 0.0469779 12.0785 26.5074 -13 749 0 0 1
0.487086 0.901658 840 0.0985547 -0.014431 6.34109 50.2139 -13 752 0 0 1
0.102263 0.0876532 840 0.0864709 0.0490915 8.59992 60.2055 -13 754 0 0 1
-0.414115 0.205216 840 0.031957 0.0968558 7.87845 45.205 -13 755 0 0 1
0.581766 -0.128888 840 0.121171 -0.0930272 7.89458 40.4593 -13 758 0 0 1
-0.412443 0.0194273 840 0.0881956 -0.00376155 8.03951 57.549 -13 760 0 0 1
0.0474017 0.0753273 840 0.062727 -0.066158 9.8379 41.5915 -13 764 0 0 1
0.0345103 0.177477 840 0.0934827 0.0130646 11.7456 54.0187 -13 792 0 0 1
-0.307376 -0.0732208 840 -0.0316496 0.02814 13.9984 46.5967 -13 797 0 0 1
0.247567 -0.403239 840 -0.0357511 0.0244404 5.58703 57.0914 -13 801 0 0 1
0.586646 0.614296 840 0.167373 -0.0941119 3.44049 106.486 -13 827 0 0 1
0.147331 0.372358 840 0.0952916 0.00430458 13.7603 35.7754 -13 832 0 0 1
0.140039 0.13717 840 0.074585 -0.0136847 10.7963 37.2285 -13 837 0 0 1
-0.199358 -0.220847 840 -0.0543579 0.0333522 12.3604 46.7118 -13 850 0 0 1
-0.104628 0.216359 840 0.0189764 0.0090791 11.4684 29.9175 -13 854 0 0 1
-0.113595 0.0108976 840 0.000410012 0.0100662 14.3264 29.5228 -13 857 0 0 1
-0.0115413 -0.141778 840 -0.0506092 -0.00777231 13.0339 48.2088 -13 860 0 0 1
-0.367156 -0.145051 840 -0.00916853 0.0370688 11.1634 30.2054 -13 861 0 0 1
0.402201 -0.690367 840 0.0457181 -0.193895 3.39957 85.3019 -13 863 0 0 1
0.260775 -0.758373 840 -0.108124 -0.108237 6.82134 56.9863 -13 865 0 0 1
0.21002 0.00452848 840 -0.0155564 -0.120464 9.15605 53.6196 -13 869 0 0 1
-0.261307 -0.336916 840 -0.0530673 0.0468558 12.3523 39.7952 -13 870 0 0 1
0.310746 0.0644633 840 0.0222907 -0.0554906 13.7313 44.4522 -13 871 0 0 1
-0.271097 -0.587933 840 -0.158965 0.0893973 5.06262 77.7681 -13 872 0 0 1
0.61596 0.867152 840 0.0615142 -0.0223996 4.42757 70.9139 -13 873 0 0 1
-0.0834583 -0.205571 840 0.104542 -0.041187 4.67455 74.7019 -13 874 0 0 1
-0.193835 -0.293186 840 0.00611797 0.0868423 2.6551 94.1673 -13 875 0 0 1
0.086686 0.246916 840 0.03447 -0.0385405 11.7551 37.4941 -13 876 0 0 1
-0.111468 0.532212 840 0.0730991 -0.039046 9.13846 55.8197 -13 877 0 0 1
-nan -nan -nan -nan -nan -nan -nan -13 878 0 0 1
0.125632 0.137023 840 0.00663097 -0.0202879 14.2323 47.4861 -13 879 0 0 1
0.34682 0.09252 840 0.0179707 -0.0572777 8.37803 47.7357 -13 51 0 0 1
-0.155282 0.27514 840 0.0218532 0.0623099 8.69229 57.4344 -13 81 0 0 1
-0.497687 -0.314184 840 -0.111979 0.048783 6.59208 72.6409 -13 92 0 0 1
0.0980398 -0.276239 840 -0.026024 -0.0244514 12.3148 25.4949 -13 100 0 0 1
0.0705847 -0.424615 840 -0.0519632 -0.000813196 7.29285 53.8507 -13 148 0 0 1
-0.202538 -0.0194055 840 0.00782156 -0.0216199 4.63183 65.8314 -13 187 0 0 1
-nan -nan -nan -nan -nan -nan -nan -13 206 0 0 1
-0.240873 0.284899 840 0.0488346 0.0448459 8.94527 62.4539 -13 213 0 0 1
-0.0945356 -0.0226246 840 0.0116324 -0.0232833 11.8886 46.0596 -13 739 0 0 1
-0.00141017 1.68832 840 0.130692 0.10641 3.78792 95.5663 -13 742 0 0 1
-0.0790519 -0.0606384 840 0.0243299 0.0382417 7.11891 54.2405 -13 757 0 0 1
-0.230225 0.0195576 840 0.00179948 -0.108013 6.27753 53.9226 -13 761 0 0 1
-0.272029 -0.481306 840 -0.0273413 0.0244964 5.81077 58.2494 -13 765 0 0 1
0.12729 0.122501 840 0.0264002 -0.0147842 12.6298 53.2382 -13 767 0 0 1
-0.170434 -0.0678752 840 -0.0470941 0.026578 13.6247 29.1706 -13 770 0 0 1
0.0405428 0.0441401 840 0.000678014 0.0130497 11.8426 37.2584 -13 776 0 0 1
0.0284122 -0.141317 840 -0.0513719 0.028622 9.53677 36.1311 -13 780 0 0 1
-0.137396 0.39933 840 0.0454372 -0.00457334 7.30063 52.7752 -13 794 0 0 1
0.140148 0.625431 840 -0.174524 -0.073321 8.81807 56.8657 -13 796 0 0 1
0.151225 0.148727 840 0.0274948 -0.0106637 13.5424 24.9338 -13 800 0 0 1
0.46831 -0.0264781 840 0.0173826 -0.0769347 12.9971 31.0131 -13 804 0 0 1
-0.533736 0.0728869 840 0.00127477 0.115161 14.0633 50.7634 -13 830 0 0 1
-0.0896569 0.290513 840 0.0337062 -0.0286893 8.98133 62.8278 -13 833 0 0 1
-1.00171 -1.32255 840 0.0278233 0.00672137 1.07614 660.555 -13 852 0 0 1
-0.164333 -0.195555 840 -0.0356113 -0.0202563 11.5502 49.8678 -13 855 0 0 1
0.00100148 0.575186 840 0.111779 -0.0351364 4.8936 72.8435 -13 8 0 0 1
-0.198208 0.397661 840 0.0105331 0.0115376 14.4867 27.8155 -13 17 0 0 1
-0.141671 -0.0109647 840 0.00755953 0.0150612 11.7616 54.9471 -13 23 0 0 1
-0.0356362 0.0510139 840 0.0474152 0.0290654 6.92227 64.0586 -13 29 0 0 1
-0.2781 0.61554 840 -0.0553047 0.19845 4.9011 85.2152 -13 35 0 0 1
-0.24777 -0.393731 840 -0.0438515 0.00359124 9.47811 41.8611 -13 39 0 0 1
0.535183 0.205196 840 0.0383882 -0.0194576 11.2432 45.6088 -13 44 0 0 1
0.429204 -0.0317763 840 0.00564668 0.00314464 8.16146 38.0429 -13 53 0 0 1
-0.0685775 0.0812135 840 0.00874931 -0.00343365 13.9447 37.1655 -13 61 0 0 1
0.0940695 -0.0877771 840 0.0993785 0.0586366 8.87666 46.3802 -13 64 0 0 1
0.213941 -0.422546 840 -0.0836179 -0.0362734 11.6671 29.6683 -13 71 0 0 1
-0.098682 -0.10023 840 -0.0153171 0.0398671 13.5159 35.9127 -13 78 0 0 1
0.157308 -0.689037 840 -0.253316 0.0534181 0.861015 654.873 -13 87 0 0 1
0.00392722 0.189798 840 0.0378665 0.0214693 12.8535 38.6019 -13 97 0 0 1
-0.206207 0.172126 840 0.0339057 0.03891 13.486 32.1227 -13 128 0 0 1
0.239455 0.124473 840 0.00400876 -0.0395352 14.5365 39.8481 -13 133 0 0 1
-0.127898 -0.355428 840 -0.0745748 0.0691064 4.34593 70.2405 -13 138 0 0 1
-0.294749 -0.0276747 840 0.00460561 0.0693046 10.9814 33.0579 -13 143 0 0 1
-0.10874 0.438829 840 0.0749446 0.0591313 9.43961 49.0233 -13 154 0 0 1
0.105696 0.100079 840 0.0861198 0.014067 8.34599 45.9737 -13 158 0 0 1
-0.204038 -0.0188366 840 -0.0160255 0.0390602 14.2125 41.5425 -13 164 0 0 1
0.0341397 0.184281 840 -0.00327656 -0.00218575 13.0414 49.6358 -13 169 0 0 1
0.212859 0.347218 840 0.0370337 -0.0953609 9.7549 54.4749 -13 174 0 0 1
0.132912 -0.470225 840 -0.0152014 0.0130834 7.08644 65.4625 -13 180 0 0 1
0.0573736 0.111837 840 0.034091 0.0205906 12.0773 30.8112 -13 192 0 0 1
-0.0992708 0.00695283 840 0.14408 -0.0531462 11.6804 55.25 -13 196 0 0 1
-0.107274 -0.0458402 840 -0.0397555 0.0200188 9.16396 60.6146 -13 207 0 0 1
-0.579303 0.642533 840 0.0629508 0.118493 6.56471 60.3114 -13 211 0 0 1
-0.15151 0.297349 840 0.0665136 0.0158398 9.87948 42.6778 -13 216 0 0 1
0.622331 0.39223 840 0.0711734 -0.0297142 9.67686 41.2864 -13 219 0 0 1
0.0173723 0.14982 840 0.0146933 0.0134241 12.32 45.401 -13 225 0 0 1
-0.220039 -0.0213185 840 0.0473835 0.00622865 13.4234 33.3697 -13 229 0 0 1
0.0321799 0.892902 840 0.159309 0.0474068 4.32943 84.7659 -13 236 0 0 1
-0.208392 -0.139387 840 -0.03127 0.0328974 10.9074 43.9609 -13 242 0 0 1
0.165373 0.202749 840 -0.004026 -0.0455919 8.03773 46.0214 -13 246 0 0 1
-0.282161 -0.0242189 840 -0.00770472 0.0714338 10.3245 48.5558 -13 250 0 0 1
-0.117555 0.419937 840 0.0913957 0.0664639 11.2515 37.9338 -13 257 0 0 1
-0.0583033 -0.214129 840 -0.0378514 0.0158892 12.9394 42.6385 -13 262 0 0 1
0.0969686 0.287224 840 0.0236633 0.0122052 12.263 30.2484 -13 268 0 0 1
-0.0237755 0.0124435 840 -0.0202437 -0.020357 8.08992 47.3087 -13 273 0 0 1
-0.19595 -0.161071 840 -0.00195346 0.000999958 9.58883 56.3528 -13 277 0 0 1
0.353426 0.409932 840 0.0872149 -0.0529292 6.196 53.9915 -13 280 0 0 1
-0.30624 -0.291647 840 -0.0221109 -0.0334549 7.10599 55.2212 -13 284 0 0 1
0.0967337 -0.0796125 840 0.0425959 0.0606041 11.955 50.7541 -13 288 0 0 1
0.533783 -0.171442 840 -0.0881097 -0.142662 5.80802 65.073 -13 296 0 0 1
-0.0511317 0.0446549 840 0.000198728 0.0168388 11.9705 30.0267 -13 297 0 0 1
0.123531 0.115946 840 0.0275821 0.0422171 11.6086 39.0045 -13 303 0 0 1
-0.16212 0.0634008 840 -0.0144743 0.0508311 12.3755 31.015 -13 308 0 0 1
0.17474 0.120119 840 0.0386205 0.0091074 12.1475 31.9324 -13 312 0 0 1
-0.124093 -0.114236 840 -0.0404798 0.103671 11.5928 29.904 -13 315 0 0 1
-0.250237 0.319754 840 0.0165995 -0.0129458 3.90785 91.6435 -13 328 0 0 1
0.244862 -0.169028 840 -0.0835175 -0.0797397 14.2397 42.5376 -13 335 0 0 1
0.224691 0.874999 840 0.0621783 -0.140484 5.47245 66.6851 -13 336 0 0 1
-0.0321367 0.254107 840 0.0299494 0.0821316 13.7204 40.5666 -13 337 0 0 1
-0.231784 -0.112829 840 0.0204883 0.0013892 9.61891 55.8294 -13 338 0 0 1
0.120193 0.138494 840 0.0304461 -0.0445398 9.2592 61.1193 -13 339 0 0 1
-nan -nan -nan -nan -nan -nan -nan -13 340 0 0 1
0.225097 -0.0631008 840 0.0150613 -0.0043343 13.2394 29.3387 -13 344 0 0 1
0.0160437 0.00626662 840 0.0281311 -0.00843756 11.8394 48.3469 -13 747 0 0 1
-0.0346848 -0.277607 840 -0.0672945 -0.0257125 10.8838 33.9473 -13 771 0 0 1
-0.460358 -0.104095 840 0.00437967 0.0154931 8.43328 54.0245 -13 778 0 0 1
-0.2433 0.0171653 840 0.00444345 -0.00720953 6.83715 46.2302 -13 784 0 0 1
-0.674105 -0.02407 840 -0.039216 0.0539625 8.88276 50.5741 -13 787 0 0 1
-0.00620299 0.252478 840 0.0364304 -0.00495346 9.91517 57.3716 -13 790 0 0 1
-0.362929 0.0630662 840 -0.0210672 0.0107713 6.94258 52.3389 -13 808 0 0 1
-0.441103 -0.575549 840 -0.0549961 0.0659611 5.40738 56.442 -13 811 0 0 1
0.135799 -0.289005 840 -0.0327087 -0.0232184 11.644 53.4661 -13 815 0 0 1
0.157105 -0.22836 840 0.0409422 0.0254736 6.20246 74.6991 -13 819 0 0 1
-0.0136848 0.0253348 840 0.0140368 0.00285635 11.6813 54.5726 -13 822 0 0 1
0.0581551 0.0997932 840 0.0113106 0.00594849 14.5528 41.9322 -13 824 0 0 1
-0.490366 -0.587654 840 -0.0870728 0.0138715 7.49735 52.9712 -13 826 0 0 1
0.158781 -0.263668 840 -0.0236151 -0.0532996 10.0454 56.5053 -13 829 0 0 1
-0.202083 0.00209842 840 -0.0523111 0.00662781 11.8361 47.3611 -13 836 0 0 1
-nan -nan -nan -nan -nan -nan -nan -13 841 0 0 1
1.3105 -1.60054 840 -0.25805 -0.138492 3.95026 94.2333 -13 844 0 0 1
-nan -nan -nan -nan -nan -nan -nan -13 193 0 0 1
0.364982 -0.174861 840 0.0301731 -0.0152685 8.38258 58.7145 -13 738 0 0 1
0.0348451 0.181485 840 0.0312156 -0.00676272 12.9327 28.9847 -13 880 0 0 1
0.312356 0.40934 840 0.0847752 -0.0591385 14.5245 33.6151 -13 881 0 0 1
0.105057 0.74084 840 0.0620386 -0.147562 6.37479 67.7283 -13 882 0 0 1
-0.323784 0.7887 840 0.0619444 0.0875121 7.03589 66.2334 -13 883 0 0 1
0.0992804 -0.052774 840 0.0639599 -0.0159358 5.59512 69.4316 -13 884 0 0 1
-0.121351 -0.132048 840 0.0115891 0.0350474 12.5352 25.8699 -13 885 0 0 1
0.156942 0.250543 840 0.0728225 0.000978269 8.45464 42.1842 -13 886 0 0 1
-0.14744 0.194 840 -0.111533 0.258467 8.49381 35.9713 -13 887 0 0 1
-0.40295 0.312006 840 0.0979707 0.0345239 8.51334 54.5659 -13 888 0 0 1
0.0017363 0.0930924 840 0.0263141 -0.0507375 11.2935 51.5171 -13 889 0 0 1
-0.205589 0.5907 840 -0.0179821 0.185045 10.81 39.7337 -13 890 0 0 1
-0.156893 0.237775 840 0.013424 0.06238 7.44033 48.1192 -13 891 0 0 1
-0.419405 -0.00329487 840 0.0159791 0.0915105 14.0598 30.5076 -13 892 0 0 1
0.392041 -0.336598 840 -0.00130531 -0.0791109 9.3505 35.8318 -13 893 0 0 1
-0.0754102 -0.505143 840 -0.0917111 -0.00404956 12.5583 42.588 -13 894 0 0 1
0.0853401 0.0688743 840 0.027077 -0.0645661 11.6046 42.9815 -13 895 0 0 1
-0.180273 0.418719 840 0.0305192 0.0820088 6.73608 65.8937 -13 896 0 0 1
-0.15125 -0.454501 840 -0.0749043 0.023808 8.34128 52.401 -13 898 0 0 1
0.0320308 -0.488118 840 -0.101242 -0.0342395 6.61827 54.5699 -13 899 0 0 1
-0.343614 0.203855 840 0.0747253 0.119405 5.04129 85.296 -13 901 0 0 1
0.27684 0.193172 840 0.12528 -0.060935 6.5026 53.2643 -13 903 0 0 1
0.237592 0.314443 840 0.019167 -0.0619773 5.06432 75.55 -13 905 0 0 1
0.0344878 -0.104084 840 -0.036615 0.00653198 11.6135 52.5216 -13 907 0 0 1
0.425844 -0.362212 840 -0.029186 -0.0983781 9.23305 34.3088 -13 910 0 0 1
0.154688 -1.01803 840 0.207693 -0.0596573 1.07448 660.562 -13 911 0 0 1
0.846318 0.0655307 840 0.124655 -0.0867004 10.5896 30.8765 -13 11 0 0 1
-0.0172205 -0.065813 840 0.0290303 -0.0165397 13.0719 51.9028 -13 18 0 0 1
0.0854671 -0.012541 840 -0.0328429 0.0160008 8.36094 45.6788 -13 27 0 0 1
-0.0928931 -0.349987 840 -0.027096 -0.123811 9.87861 52.0102 -13 42 0 0 1
-nan -nan -nan -nan -nan -nan -nan -13 52 0 0 1
0.113379 0.221261 840 0.100224 0.0563941 10.3299 48.5245 -13 55 0 0 1
-0.184043 0.444412 840 0.0863581 0.0191558 10.9623 37.16 -13 736 0 0 1
-0.0417728 0.106654 840 0.0645521 -0.0366197 8.63921 54.0639 -13 741 0 0 1
-0.0416886 -0.0768619 840 -0.000237727 -0.0230824 10.5487 45.6146 -13 748 0 0 1
0.127207 0.37286 840 0.0992822 0.00138858 11.0979 51.3798 -13 751 0 0 1
0.31297 -0.189493 840 -0.00340136 0.0700252 5.30027 67.0865 -13 756 0 0 1
0.490159 -0.218608 840 -0.00954219 -0.0758737 13.858 50.3278 -13 762 0 0 1
-0.0443305 -0.114228 840 -0.0527722 -0.012505 14.3216 23.6312 -13 772 0 0 1
-0.100174 0.0801662 840 0.0635419 -0.0751944 3.41894 81.6161 -13 775 0 0 1
-0.282765 0.0126806 840 -0.00110349 0.0536937 6.89126 59.755 -13 783 0 0 1
-0.198446 0.867042 840 0.0596792 0.0102125 4.70726 85.2475 -13 791 0 0 1
-0.0363673 -0.210351 840 -0.038558 0.0818433 9.35191 61.5434 -13 799 0 0 1
0.381918 -0.0682766 840 -0.00170171 0.0128703 12.5311 51.2051 -13 805 0 0 1
0.175484 0.109356 840 0.0333984 -0.0489074 14.2904 35.0818 -13 809 0 0 1
0.0344114 0.134248 840 0.101384 -0.155016 9.58429 42.2446 -13 814 0 0 1
0.00432193 0.37458 840 0.0499884 0.0971322 5.88676 54.5726 -13 816 0 0 1
-0.47746 -0.202399 840 -0.0495672 0.0759747 12.8163 40.6101 -13 838 0 0 1
0.402741 0.541906 840 0.0649733 -0.021214 9.84129 52.2742 -13 840 0 0 1
0.19762 -0.308813 840 -0.0579249 -0.0590398 10.1991 55.8895 -13 858 0 0 1
0.469395 0.0474564 840 -0.0094682 -0.0787603 5.70778 71.9706 -13 862 0 0 1
0.219717 -0.133463 840 -0.045764 -0.0288063 8.30877 46.2949 -13 868 0 0 1
-0.00548893 0.0751047 840 0.000395847 -0.0158338 11.8523 48.4618 -13 963 0 0 1
0.0960971 -0.0269887 840 0.0129702 0.0689435 10.3543 55.6852 -13 964 0 0 1
-0.0948668 0.171561 840 0.041785 -0.00559769 11.3101 42.3873 -13 965 0 0 1
-0.322901 0.296381 840 0.0598078 0.00114363 9.36565 40.1741 -13 966 0 0 1
0.259905 0.438698 840 0.123106 -0.0256429 0.560027 156.369 -13 968 0 0 1
